REGION	POS	REF	ALT	REF_DP	REF_RV	REF_QUAL	ALT_DP	ALT_RV	ALT_QUAL	ALT_FREQ	TOTAL_DP	PVAL	PASS	GFF_FEATURE	REF_CODON	REF_AA	ALT_CODON	ALT_AA	POS_AA
NC_045512.2	241	C	T	0	0	0	8	2	51	1	8	0.0001554	TRUE	NA	NA	NA	NA	NA	NA
NC_045512.2	349	A	G	18409	84	33	1	0	34	5.43183e-05	18410	0.999998	FALSE	NA	NA	NA	NA	NA	NA
NC_045512.2	350	C	T	18526	97	33	3	0	34	0.0001619	18530	0.99989	FALSE	NA	NA	NA	NA	NA	NA
NC_045512.2	350	C	G	18526	97	33	1	0	34	5.39665e-05	18530	0.999998	FALSE	NA	NA	NA	NA	NA	NA
NC_045512.2	351	G	C	18523	97	33	1	0	34	5.39578e-05	18533	0.999998	FALSE	NA	NA	NA	NA	NA	NA
NC_045512.2	351	G	A	18523	97	33	9	0	34	0.00048562	18533	0.973923	FALSE	NA	NA	NA	NA	NA	NA
NC_045512.2	352	T	C	18740	110	33	5	0	34	0.00026651	18761	0.998696	FALSE	NA	NA	NA	NA	NA	NA
NC_045512.2	352	T	A	18740	110	33	16	0	34	0.000852833	18761	0.696067	FALSE	NA	NA	NA	NA	NA	NA
NC_045512.2	353	G	T	19013	113	34	1	0	34	5.25901e-05	19015	0.999999	FALSE	NA	NA	NA	NA	NA	NA
NC_045512.2	353	G	A	19013	113	34	1	0	26	5.25901e-05	19015	1	FALSE	NA	NA	NA	NA	NA	NA
NC_045512.2	354	G	A	27815	133	34	8	0	34	0.000287532	27823	0.999747	FALSE	NA	NA	NA	NA	NA	NA
NC_045512.2	355	C	G	27691	136	33	2	0	30	7.22152e-05	27695	1	FALSE	NA	NA	NA	NA	NA	NA
NC_045512.2	355	C	A	27691	136	33	2	0	34	7.22152e-05	27695	1	FALSE	NA	NA	NA	NA	NA	NA
NC_045512.2	356	T	C	28718	167	33	2	0	34	6.96355e-05	28721	1	FALSE	NA	NA	NA	NA	NA	NA
NC_045512.2	356	T	A	28718	167	33	1	0	34	3.48177e-05	28721	1	FALSE	NA	NA	NA	NA	NA	NA
NC_045512.2	357	T	G	29022	168	34	3	0	34	0.000103331	29033	1	FALSE	NA	NA	NA	NA	NA	NA
NC_045512.2	357	T	C	29022	168	34	6	0	34	0.000206661	29033	0.999989	FALSE	NA	NA	NA	NA	NA	NA
NC_045512.2	357	T	A	29022	168	34	2	0	34	6.88871e-05	29033	1	FALSE	NA	NA	NA	NA	NA	NA
NC_045512.2	358	T	C	29225	172	34	17	0	34	0.000581336	29243	0.973009	FALSE	NA	NA	NA	NA	NA	NA
NC_045512.2	358	T	A	29225	172	34	1	0	34	3.41962e-05	29243	1	FALSE	NA	NA	NA	NA	NA	NA
NC_045512.2	359	G	T	29414	173	34	2	0	34	6.79879e-05	29417	1	FALSE	NA	NA	NA	NA	NA	NA
NC_045512.2	359	G	A	29414	173	34	1	0	34	3.39939e-05	29417	1	FALSE	NA	NA	NA	NA	NA	NA
NC_045512.2	360	G	T	29439	173	34	3	0	34	0.000101881	29446	1	FALSE	NA	NA	NA	NA	NA	NA
NC_045512.2	360	G	A	29439	173	34	4	0	34	0.000135842	29446	0.999999	FALSE	NA	NA	NA	NA	NA	NA
NC_045512.2	361	A	G	29556	219	34	6	1	39	0.000202963	29562	0.999989	FALSE	NA	NA	NA	NA	NA	NA
NC_045512.2	362	G	A	29587	223	34	1	0	34	3.37975e-05	29588	1	FALSE	NA	NA	NA	NA	NA	NA
NC_045512.2	363	A	T	29381	419	33	1	0	24	3.40321e-05	29384	1	FALSE	NA	NA	NA	NA	NA	NA
NC_045512.2	363	A	G	29381	419	33	2	0	30	6.80643e-05	29384	1	FALSE	NA	NA	NA	NA	NA	NA
NC_045512.2	364	C	G	31168	428	34	1	0	34	3.20832e-05	31169	1	FALSE	NA	NA	NA	NA	NA	NA
NC_045512.2	365	T	C	31264	440	34	2	0	34	6.39652e-05	31267	1	FALSE	NA	NA	NA	NA	NA	NA
NC_045512.2	365	T	A	31264	440	34	1	0	34	3.19826e-05	31267	1	FALSE	NA	NA	NA	NA	NA	NA
NC_045512.2	366	C	G	35237	606	34	1	0	27	2.83785e-05	35238	1	FALSE	NA	NA	NA	NA	NA	NA
NC_045512.2	367	C	T	35346	611	34	12	0	34	0.000339376	35359	0.999828	FALSE	NA	NA	NA	NA	NA	NA
NC_045512.2	367	C	G	35346	611	34	1	0	26	2.82813e-05	35359	1	FALSE	NA	NA	NA	NA	NA	NA
NC_045512.2	368	G	A	36222	614	34	2	0	34	5.5212e-05	36224	1	FALSE	NA	NA	NA	NA	NA	NA
NC_045512.2	369	T	C	36059	632	34	7	0	34	0.000194083	36067	0.999999	FALSE	NA	NA	NA	NA	NA	NA
NC_045512.2	369	T	A	36059	632	34	1	0	26	2.77262e-05	36067	1	FALSE	NA	NA	NA	NA	NA	NA
NC_045512.2	370	G	T	36314	633	34	1	0	26	2.7533e-05	36320	1	FALSE	NA	NA	NA	NA	NA	NA
NC_045512.2	370	G	A	36314	633	34	5	0	34	0.000137665	36320	1	FALSE	NA	NA	NA	NA	NA	NA
NC_045512.2	371	G	A	37982	820	34	1	0	34	2.63276e-05	37983	1	FALSE	NA	NA	NA	NA	NA	NA
NC_045512.2	372	A	G	38028	1387	35	4	0	32	0.000105175	38032	1	FALSE	NA	NA	NA	NA	NA	NA
NC_045512.2	373	G	T	38214	1389	35	1	0	34	2.61677e-05	38215	1	FALSE	NA	NA	NA	NA	NA	NA
NC_045512.2	374	G	T	38278	1625	36	2	0	34	5.22466e-05	38280	1	FALSE	NA	NA	NA	NA	NA	NA
NC_045512.2	375	A	T	38111	1633	35	1	0	34	2.6235e-05	38117	1	FALSE	NA	NA	NA	NA	NA	NA
NC_045512.2	375	A	G	38111	1633	35	4	1	49	0.00010494	38117	0.499986	FALSE	NA	NA	NA	NA	NA	NA
NC_045512.2	375	A	C	38111	1633	35	1	0	34	2.6235e-05	38117	1	FALSE	NA	NA	NA	NA	NA	NA
NC_045512.2	376	G	T	43699	1777	35	3	0	34	6.86467e-05	43702	1	FALSE	NA	NA	NA	NA	NA	NA
NC_045512.2	377	G	C	44584	1829	36	1	1	27	2.24281e-05	44587	1	FALSE	NA	NA	NA	NA	NA	NA
NC_045512.2	377	G	A	44584	1829	36	2	0	34	4.48561e-05	44587	1	FALSE	NA	NA	NA	NA	NA	NA
NC_045512.2	378	T	C	44539	1909	36	6	0	34	0.000134692	44546	1	FALSE	NA	NA	NA	NA	NA	NA
NC_045512.2	378	T	A	44539	1909	36	1	0	26	2.24487e-05	44546	1	FALSE	NA	NA	NA	NA	NA	NA
NC_045512.2	379	C	G	45062	1950	36	2	0	30	4.43764e-05	45069	1	FALSE	NA	NA	NA	NA	NA	NA
NC_045512.2	379	C	A	45062	1950	36	5	0	32	0.000110941	45069	1	FALSE	NA	NA	NA	NA	NA	NA
NC_045512.2	380	T	G	44976	1956	36	1	0	34	2.22321e-05	44980	1	FALSE	NA	NA	NA	NA	NA	NA
NC_045512.2	380	T	A	44976	1956	36	3	1	42	6.66963e-05	44980	0.773447	FALSE	NA	NA	NA	NA	NA	NA
NC_045512.2	381	T	G	46829	1994	36	1	0	20	2.13424e-05	46855	1	FALSE	NA	NA	NA	NA	NA	NA
NC_045512.2	381	T	C	46829	1994	36	25	0	33	0.000533561	46855	0.995735	FALSE	NA	NA	NA	NA	NA	NA
NC_045512.2	382	A	T	46945	2032	36	1	0	26	2.13006e-05	46947	1	FALSE	NA	NA	NA	NA	NA	NA
NC_045512.2	382	A	G	46945	2032	36	1	0	34	2.13006e-05	46947	1	FALSE	NA	NA	NA	NA	NA	NA
NC_045512.2	383	T	G	47124	2139	36	1	0	34	2.12193e-05	47127	1	FALSE	NA	NA	NA	NA	NA	NA
NC_045512.2	383	T	C	47124	2139	36	2	0	34	4.24385e-05	47127	1	FALSE	NA	NA	NA	NA	NA	NA
NC_045512.2	384	C	T	47081	2138	36	2	0	34	4.24764e-05	47085	1	FALSE	NA	NA	NA	NA	NA	NA
NC_045512.2	384	C	G	47081	2138	36	1	0	26	2.12382e-05	47085	1	FALSE	NA	NA	NA	NA	NA	NA
NC_045512.2	384	C	A	47081	2138	36	1	0	34	2.12382e-05	47085	1	FALSE	NA	NA	NA	NA	NA	NA
NC_045512.2	385	A	G	47069	2140	36	11	0	34	0.00023364	47081	1	FALSE	NA	NA	NA	NA	NA	NA
NC_045512.2	385	A	C	47069	2140	36	1	0	26	2.124e-05	47081	1	FALSE	NA	NA	NA	NA	NA	NA
NC_045512.2	386	G	T	47324	2144	36	3	0	34	6.33874e-05	47328	1	FALSE	NA	NA	NA	NA	NA	NA
NC_045512.2	386	G	A	47324	2144	36	1	0	34	2.11291e-05	47328	1	FALSE	NA	NA	NA	NA	NA	NA
NC_045512.2	387	A	T	47373	2152	36	3	0	30	6.33165e-05	47381	1	FALSE	NA	NA	NA	NA	NA	NA
NC_045512.2	387	A	G	47373	2152	36	5	1	34	0.000105528	47381	1	FALSE	NA	NA	NA	NA	NA	NA
NC_045512.2	388	G	A	47477	2152	36	1	0	34	2.10624e-05	47478	1	FALSE	NA	NA	NA	NA	NA	NA
NC_045512.2	389	G	T	47474	2162	36	7	2	43	0.000147396	47491	0.274295	FALSE	NA	NA	NA	NA	NA	NA
NC_045512.2	389	G	C	47474	2162	36	6	0	34	0.00012634	47491	1	FALSE	NA	NA	NA	NA	NA	NA
NC_045512.2	389	G	A	47474	2162	36	4	0	34	8.42265e-05	47491	1	FALSE	NA	NA	NA	NA	NA	NA
NC_045512.2	390	C	T	47927	2265	36	4	1	51	8.34498e-05	47933	0.0624935	FALSE	NA	NA	NA	NA	NA	NA
NC_045512.2	390	C	A	47927	2265	36	2	0	34	4.17249e-05	47933	1	FALSE	NA	NA	NA	NA	NA	NA
NC_045512.2	391	A	G	48269	2286	36	7	0	32	0.000144994	48278	1	FALSE	NA	NA	NA	NA	NA	NA
NC_045512.2	391	A	C	48269	2286	36	2	0	34	4.14267e-05	48278	1	FALSE	NA	NA	NA	NA	NA	NA
NC_045512.2	392	C	T	55188	2364	36	9	0	34	0.000163041	55201	1	FALSE	NA	NA	NA	NA	NA	NA
NC_045512.2	392	C	A	55188	2364	36	4	0	32	7.24625e-05	55201	1	FALSE	NA	NA	NA	NA	NA	NA
NC_045512.2	393	G	C	55569	2367	36	1	0	34	1.79901e-05	55586	1	FALSE	NA	NA	NA	NA	NA	NA
NC_045512.2	393	G	A	55569	2367	36	16	0	33	0.000287842	55586	0.999999	FALSE	NA	NA	NA	NA	NA	NA
NC_045512.2	394	T	C	55664	2375	36	6	0	34	0.000107778	55670	1	FALSE	NA	NA	NA	NA	NA	NA
NC_045512.2	395	C	T	55781	2375	36	3	1	45	5.37779e-05	55785	0.855478	FALSE	NA	NA	NA	NA	NA	NA
NC_045512.2	395	C	A	55781	2375	36	1	0	34	1.7926e-05	55785	1	FALSE	NA	NA	NA	NA	NA	NA
NC_045512.2	395	C	+GCG	55781	2375	36	1	0	20	1.7926e-05	55785	1	FALSE	NA	NA	NA	NA	NA	NA
NC_045512.2	396	A	G	55785	2374	36	2	0	30	3.585e-05	55788	1	FALSE	NA	NA	NA	NA	NA	NA
NC_045512.2	396	A	C	55785	2374	36	1	0	26	1.7925e-05	55788	1	FALSE	NA	NA	NA	NA	NA	NA
NC_045512.2	397	A	T	53577	2393	35	1	0	34	1.86619e-05	53585	1	FALSE	NA	NA	NA	NA	NA	NA
NC_045512.2	397	A	G	53577	2393	35	6	1	39	0.000111972	53585	1	FALSE	NA	NA	NA	NA	NA	NA
NC_045512.2	397	A	C	53577	2393	35	1	0	34	1.86619e-05	53585	1	FALSE	NA	NA	NA	NA	NA	NA
NC_045512.2	398	C	G	56330	2519	36	3	0	34	5.32548e-05	56333	1	FALSE	NA	NA	NA	NA	NA	NA
NC_045512.2	398	C	-ATCT	56330	2519	36	1	0	20	1.77516e-05	56333	1	FALSE	NA	NA	NA	NA	NA	NA
NC_045512.2	399	A	G	56659	2558	36	4	0	32	7.05928e-05	56663	1	FALSE	NA	NA	NA	NA	NA	NA
NC_045512.2	400	T	G	51886	2318	36	1	0	34	1.69964e-05	58836	1	FALSE	NA	NA	NA	NA	NA	NA
NC_045512.2	400	T	C	51886	2318	36	6949	289	36	0.118108	58836	0	TRUE	NA	NA	NA	NA	NA	NA
NC_045512.2	401	C	T	59141	2650	36	3	0	34	5.07134e-05	59156	1	FALSE	NA	NA	NA	NA	NA	NA
NC_045512.2	401	C	G	59141	2650	36	2	0	30	3.38089e-05	59156	1	FALSE	NA	NA	NA	NA	NA	NA
NC_045512.2	401	C	A	59141	2650	36	10	0	34	0.000169045	59156	1	FALSE	NA	NA	NA	NA	NA	NA
NC_045512.2	401	C	-T	59141	2650	36	1	0	20	1.69042e-05	59157	1	FALSE	NA	NA	NA	NA	NA	NA
NC_045512.2	402	T	G	59256	2658	36	1	0	26	1.68734e-05	59265	1	FALSE	NA	NA	NA	NA	NA	NA
NC_045512.2	402	T	C	59256	2658	36	7	0	34	0.000118114	59265	1	FALSE	NA	NA	NA	NA	NA	NA
NC_045512.2	402	T	A	59256	2658	36	1	0	34	1.68734e-05	59265	1	FALSE	NA	NA	NA	NA	NA	NA
NC_045512.2	403	T	G	59240	2783	36	1	0	34	1.68785e-05	59247	1	FALSE	NA	NA	NA	NA	NA	NA
NC_045512.2	403	T	C	59240	2783	36	2	0	34	3.3757e-05	59247	1	FALSE	NA	NA	NA	NA	NA	NA
NC_045512.2	403	T	A	59240	2783	36	4	0	34	6.7514e-05	59247	1	FALSE	NA	NA	NA	NA	NA	NA
NC_045512.2	403	T	-A	59240	2783	36	1	0	20	1.68785e-05	59247	1	FALSE	NA	NA	NA	NA	NA	NA
NC_045512.2	404	A	G	59356	2877	36	5	0	30	8.4229e-05	59362	1	FALSE	NA	NA	NA	NA	NA	NA
NC_045512.2	404	A	C	59356	2877	36	1	0	34	1.68458e-05	59362	1	FALSE	NA	NA	NA	NA	NA	NA
NC_045512.2	405	A	G	59349	2895	36	3	1	28	5.0545e-05	59353	1	FALSE	NA	NA	NA	NA	NA	NA
NC_045512.2	405	A	C	59349	2895	36	1	1	34	1.68483e-05	59353	1	FALSE	NA	NA	NA	NA	NA	NA
NC_045512.2	406	A	G	58210	2902	35	8	0	34	0.00013741	58220	1	FALSE	NA	NA	NA	NA	NA	NA
NC_045512.2	406	A	C	58210	2902	35	2	0	34	3.43525e-05	58220	1	FALSE	NA	NA	NA	NA	NA	NA
NC_045512.2	407	G	A	59785	2905	36	2	0	30	3.34521e-05	59787	1	FALSE	NA	NA	NA	NA	NA	NA
NC_045512.2	408	A	T	59073	3033	36	3	0	31	5.07812e-05	59077	1	FALSE	NA	NA	NA	NA	NA	NA
NC_045512.2	408	A	G	59073	3033	36	1	0	34	1.69271e-05	59077	1	FALSE	NA	NA	NA	NA	NA	NA
NC_045512.2	409	T	G	59952	3039	36	1	0	34	1.66789e-05	59956	1	FALSE	NA	NA	NA	NA	NA	NA
NC_045512.2	409	T	C	59952	3039	36	3	1	35	5.00367e-05	59956	1	FALSE	NA	NA	NA	NA	NA	NA
NC_045512.2	410	G	C	59904	3045	36	2	0	34	3.33823e-05	59912	1	FALSE	NA	NA	NA	NA	NA	NA
NC_045512.2	410	G	A	59904	3045	36	6	0	30	0.000100147	59912	1	FALSE	NA	NA	NA	NA	NA	NA
NC_045512.2	411	G	T	59988	3111	36	2	0	34	3.33333e-05	60000	1	FALSE	NA	NA	NA	NA	NA	NA
NC_045512.2	411	G	A	59988	3111	36	10	0	33	0.000166667	60000	1	FALSE	NA	NA	NA	NA	NA	NA
NC_045512.2	412	C	T	60015	3507	37	6	0	34	9.99617e-05	60023	1	FALSE	NA	NA	NA	NA	NA	NA
NC_045512.2	412	C	G	60015	3507	37	1	0	34	1.66603e-05	60023	1	FALSE	NA	NA	NA	NA	NA	NA
NC_045512.2	412	C	A	60015	3507	37	1	0	34	1.66603e-05	60023	1	FALSE	NA	NA	NA	NA	NA	NA
NC_045512.2	413	A	G	60176	3548	37	6	0	34	9.96976e-05	60182	1	FALSE	NA	NA	NA	NA	NA	NA
NC_045512.2	414	C	T	60971	3556	37	1	0	34	1.64007e-05	60973	1	FALSE	NA	NA	NA	NA	NA	NA
NC_045512.2	414	C	A	60971	3556	37	1	0	68	1.64007e-05	60973	0.5	FALSE	NA	NA	NA	NA	NA	NA
NC_045512.2	414	C	-T	60971	3556	37	1	0	20	1.64007e-05	60973	1	FALSE	NA	NA	NA	NA	NA	NA
NC_045512.2	415	T	G	61035	3578	37	2	0	30	3.27622e-05	61046	1	FALSE	NA	NA	NA	NA	NA	NA
NC_045512.2	415	T	C	61035	3578	37	8	1	32	0.000131049	61046	1	FALSE	NA	NA	NA	NA	NA	NA
NC_045512.2	415	T	A	61035	3578	37	1	0	26	1.63811e-05	61046	1	FALSE	NA	NA	NA	NA	NA	NA
NC_045512.2	416	T	G	60946	3622	37	1	0	34	1.64055e-05	60955	1	FALSE	NA	NA	NA	NA	NA	NA
NC_045512.2	416	T	C	60946	3622	37	7	0	34	0.000114839	60955	1	FALSE	NA	NA	NA	NA	NA	NA
NC_045512.2	416	T	A	60946	3622	37	1	0	34	1.64055e-05	60955	1	FALSE	NA	NA	NA	NA	NA	NA
NC_045512.2	417	G	A	61045	3625	37	3	0	34	4.91417e-05	61048	1	FALSE	NA	NA	NA	NA	NA	NA
NC_045512.2	418	T	C	60983	3922	37	6	1	32	9.83752e-05	60991	1	FALSE	NA	NA	NA	NA	NA	NA
NC_045512.2	418	T	A	60983	3922	37	2	0	30	3.27917e-05	60991	1	FALSE	NA	NA	NA	NA	NA	NA
NC_045512.2	419	G	C	61164	3921	37	1	0	34	1.6349e-05	61166	1	FALSE	NA	NA	NA	NA	NA	NA
NC_045512.2	419	G	A	61164	3921	37	1	0	34	1.6349e-05	61166	1	FALSE	NA	NA	NA	NA	NA	NA
NC_045512.2	420	G	A	62100	3927	37	3	0	34	4.83068e-05	62103	1	FALSE	NA	NA	NA	NA	NA	NA
NC_045512.2	421	C	T	61747	4142	37	5	3	68	8.09677e-05	61753	0.0312475	FALSE	NA	NA	NA	NA	NA	NA
NC_045512.2	421	C	G	61747	4142	37	1	0	26	1.61935e-05	61753	1	FALSE	NA	NA	NA	NA	NA	NA
NC_045512.2	422	T	G	61966	4807	38	4	0	34	6.4538e-05	61979	1	FALSE	NA	NA	NA	NA	NA	NA
NC_045512.2	422	T	C	61966	4807	38	9	1	34	0.00014521	61979	1	FALSE	NA	NA	NA	NA	NA	NA
NC_045512.2	423	T	G	62483	4846	38	3	0	31	4.80092e-05	62488	1	FALSE	NA	NA	NA	NA	NA	NA
NC_045512.2	423	T	C	62483	4846	38	2	0	34	3.20061e-05	62488	1	FALSE	NA	NA	NA	NA	NA	NA
NC_045512.2	424	A	T	62504	4848	38	16	1	33	0.000255894	62526	1	FALSE	NA	NA	NA	NA	NA	NA
NC_045512.2	424	A	G	62504	4848	38	6	0	39	9.59601e-05	62526	1	FALSE	NA	NA	NA	NA	NA	NA
NC_045512.2	425	G	T	62880	4851	38	1	0	68	1.59028e-05	62882	0.5	FALSE	NA	NA	NA	NA	NA	NA
NC_045512.2	425	G	A	62880	4851	38	1	0	34	1.59028e-05	62882	1	FALSE	NA	NA	NA	NA	NA	NA
NC_045512.2	426	T	G	62763	4918	38	2	0	34	3.18624e-05	62770	1	FALSE	NA	NA	NA	NA	NA	NA
NC_045512.2	426	T	C	62763	4918	38	4	0	34	6.37247e-05	62770	1	FALSE	NA	NA	NA	NA	NA	NA
NC_045512.2	426	T	A	62763	4918	38	1	0	34	1.59312e-05	62770	1	FALSE	NA	NA	NA	NA	NA	NA
NC_045512.2	427	A	G	62831	4918	38	2	1	47	3.18304e-05	62833	0.96485	FALSE	NA	NA	NA	NA	NA	NA
NC_045512.2	429	A	T	62795	5142	38	1	0	24	1.59236e-05	62800	1	FALSE	NA	NA	NA	NA	NA	NA
NC_045512.2	429	A	G	62795	5142	38	4	1	31	6.36943e-05	62800	1	FALSE	NA	NA	NA	NA	NA	NA
NC_045512.2	430	A	T	63168	5156	38	1	0	34	1.58278e-05	63180	1	FALSE	NA	NA	NA	NA	NA	NA
NC_045512.2	430	A	G	63168	5156	38	10	0	34	0.000158278	63180	1	FALSE	NA	NA	NA	NA	NA	NA
NC_045512.2	430	A	C	63168	5156	38	1	1	27	1.58278e-05	63180	1	FALSE	NA	NA	NA	NA	NA	NA
NC_045512.2	431	G	A	63596	5163	38	1	1	34	1.5724e-05	63597	1	FALSE	NA	NA	NA	NA	NA	NA
NC_045512.2	432	T	G	61892	5314	38	1	0	34	1.61561e-05	61896	1	FALSE	NA	NA	NA	NA	NA	NA
NC_045512.2	432	T	C	61892	5314	38	3	0	34	4.84684e-05	61896	1	FALSE	NA	NA	NA	NA	NA	NA
NC_045512.2	433	T	G	61021	5436	38	3	0	28	4.91521e-05	61035	1	FALSE	NA	NA	NA	NA	NA	NA
NC_045512.2	433	T	C	61021	5436	38	8	0	34	0.000131072	61035	1	FALSE	NA	NA	NA	NA	NA	NA
NC_045512.2	433	T	A	61021	5436	38	3	0	31	4.91521e-05	61035	1	FALSE	NA	NA	NA	NA	NA	NA
NC_045512.2	434	G	A	60410	5501	38	1	0	34	1.65533e-05	60411	1	FALSE	NA	NA	NA	NA	NA	NA
NC_045512.2	434	G	-A	60410	5501	38	86	0	20	0.00142358	60411	1	FALSE	NA	NA	NA	NA	NA	NA
NC_045512.2	435	A	G	60376	5570	38	8	1	42	0.000132483	60385	0.394202	FALSE	NA	NA	NA	NA	NA	NA
NC_045512.2	435	A	C	60376	5570	38	1	0	26	1.65604e-05	60385	1	FALSE	NA	NA	NA	NA	NA	NA
NC_045512.2	436	A	G	60244	5647	38	9	2	44	0.00014937	60253	0.303619	FALSE	NA	NA	NA	NA	NA	NA
NC_045512.2	437	A	T	60266	5702	38	1	1	34	1.65906e-05	60275	1	FALSE	NA	NA	NA	NA	NA	NA
NC_045512.2	437	A	G	60266	5702	38	7	2	45	0.000116134	60275	0.499988	FALSE	NA	NA	NA	NA	NA	NA
NC_045512.2	437	A	C	60266	5702	38	1	0	34	1.65906e-05	60275	1	FALSE	NA	NA	NA	NA	NA	NA
NC_045512.2	438	A	T	59765	5796	38	1	0	34	1.67305e-05	59771	1	FALSE	NA	NA	NA	NA	NA	NA
NC_045512.2	438	A	G	59765	5796	38	5	3	50	8.36526e-05	59771	0.0312474	FALSE	NA	NA	NA	NA	NA	NA
NC_045512.2	439	A	G	59580	5791	38	44	7	40	0.000737945	59625	3.7749e-09	TRUE	NA	NA	NA	NA	NA	NA
NC_045512.2	439	A	C	59580	5791	38	1	0	68	1.67715e-05	59625	0.49982	FALSE	NA	NA	NA	NA	NA	NA
NC_045512.2	440	G	A	59446	5827	38	4	1	31	6.72834e-05	59450	1	FALSE	NA	NA	NA	NA	NA	NA
NC_045512.2	441	G	C	59571	6018	38	2	2	27	3.35723e-05	59573	1	FALSE	NA	NA	NA	NA	NA	NA
NC_045512.2	442	C	T	54855	6734	38	6	0	51	0.000109365	54862	0.0156229	FALSE	NA	NA	NA	NA	NA	NA
NC_045512.2	442	C	G	54855	6734	38	1	0	34	1.82276e-05	54862	1	FALSE	NA	NA	NA	NA	NA	NA
NC_045512.2	443	G	C	55226	6721	38	1	1	27	1.81064e-05	55229	1	FALSE	NA	NA	NA	NA	NA	NA
NC_045512.2	443	G	A	55226	6721	38	2	1	51	3.62129e-05	55229	0.249998	FALSE	NA	NA	NA	NA	NA	NA
NC_045512.2	443	G	-T	55226	6721	38	6135	0	20	0.111083	55229	0	TRUE	NA	NA	NA	NA	NA	NA
NC_045512.2	444	T	G	46495	6167	38	11	0	34	0.000236503	46511	1	FALSE	NA	NA	NA	NA	NA	NA
NC_045512.2	444	T	C	46495	6167	38	5	0	34	0.000107501	46511	1	FALSE	NA	NA	NA	NA	NA	NA
NC_045512.2	445	T	G	50965	6954	38	3	0	26	5.88524e-05	50975	1	FALSE	NA	NA	NA	NA	NA	NA
NC_045512.2	445	T	C	50965	6954	38	4	0	34	7.84698e-05	50975	1	FALSE	NA	NA	NA	NA	NA	NA
NC_045512.2	445	T	A	50965	6954	38	3	0	29	5.88524e-05	50975	1	FALSE	NA	NA	NA	NA	NA	NA
NC_045512.2	446	T	C	51331	7411	38	9	5	33	0.000175302	51340	1	FALSE	NA	NA	NA	NA	NA	NA
NC_045512.2	447	T	G	50563	7533	38	180	0	33	0.00354708	50746	9.29819e-19	TRUE	NA	NA	NA	NA	NA	NA
NC_045512.2	447	T	C	50563	7533	38	3	0	34	5.9118e-05	50746	1	FALSE	NA	NA	NA	NA	NA	NA
NC_045512.2	448	G	A	50226	7636	38	13	4	41	0.000258763	50239	0.0481156	FALSE	NA	NA	NA	NA	NA	NA
NC_045512.2	449	C	T	49563	7749	38	14	0	38	0.000282372	49580	0.999999	FALSE	NA	NA	NA	NA	NA	NA
NC_045512.2	449	C	A	49563	7749	38	3	0	34	6.05083e-05	49580	1	FALSE	NA	NA	NA	NA	NA	NA
NC_045512.2	450	C	T	49721	7751	38	3	0	34	6.03294e-05	49727	1	FALSE	NA	NA	NA	NA	NA	NA
NC_045512.2	450	C	G	49721	7751	38	1	0	34	2.01098e-05	49727	1	FALSE	NA	NA	NA	NA	NA	NA
NC_045512.2	450	C	A	49721	7751	38	2	0	34	4.02196e-05	49727	1	FALSE	NA	NA	NA	NA	NA	NA
NC_045512.2	451	T	G	49881	7824	38	1	0	26	2.00441e-05	49890	1	FALSE	NA	NA	NA	NA	NA	NA
NC_045512.2	451	T	C	49881	7824	38	8	0	32	0.000160353	49890	1	FALSE	NA	NA	NA	NA	NA	NA
NC_045512.2	452	C	T	49730	7861	38	3	0	34	6.03221e-05	49733	1	FALSE	NA	NA	NA	NA	NA	NA
NC_045512.2	453	A	G	51760	7949	38	7	1	38	0.000135221	51767	1	FALSE	NA	NA	NA	NA	NA	NA
NC_045512.2	454	A	T	49777	8353	37	1	0	34	2.0088e-05	49781	1	FALSE	NA	NA	NA	NA	NA	NA
NC_045512.2	454	A	G	49777	8353	37	2	0	30	4.0176e-05	49781	1	FALSE	NA	NA	NA	NA	NA	NA
NC_045512.2	454	A	C	49777	8353	37	1	1	34	2.0088e-05	49781	1	FALSE	NA	NA	NA	NA	NA	NA
NC_045512.2	455	C	G	44283	9276	37	2	0	26	4.5162e-05	44285	1	FALSE	NA	NA	NA	NA	NA	NA
NC_045512.2	455	C	-T	44283	9276	37	1	0	20	2.2581e-05	44285	1	FALSE	NA	NA	NA	NA	NA	NA
NC_045512.2	456	T	C	44758	9906	38	4	3	42	8.93615e-05	44762	0.636725	FALSE	NA	NA	NA	NA	NA	NA
NC_045512.2	457	T	C	44412	9851	37	14	1	36	0.000315124	44427	0.999985	FALSE	NA	NA	NA	NA	NA	NA
NC_045512.2	457	T	A	44412	9851	37	1	1	34	2.25088e-05	44427	1	FALSE	NA	NA	NA	NA	NA	NA
NC_045512.2	458	G	T	45358	9871	37	2	0	34	4.40898e-05	45362	1	FALSE	NA	NA	NA	NA	NA	NA
NC_045512.2	458	G	A	45358	9871	37	2	0	34	4.40898e-05	45362	1	FALSE	NA	NA	NA	NA	NA	NA
NC_045512.2	459	A	G	45643	10374	38	2	0	34	4.38154e-05	45646	1	FALSE	NA	NA	NA	NA	NA	NA
NC_045512.2	459	A	C	45643	10374	38	1	1	34	2.19077e-05	45646	1	FALSE	NA	NA	NA	NA	NA	NA
NC_045512.2	460	A	T	44284	10407	37	1	0	34	2.25774e-05	44292	1	FALSE	NA	NA	NA	NA	NA	NA
NC_045512.2	460	A	G	44284	10407	37	5	0	30	0.000112887	44292	1	FALSE	NA	NA	NA	NA	NA	NA
NC_045512.2	460	A	C	44284	10407	37	2	1	34	4.51549e-05	44292	1	FALSE	NA	NA	NA	NA	NA	NA
NC_045512.2	461	C	T	45406	10414	38	4	0	34	8.80844e-05	45411	1	FALSE	NA	NA	NA	NA	NA	NA
NC_045512.2	461	C	G	45406	10414	38	1	0	34	2.20211e-05	45411	1	FALSE	NA	NA	NA	NA	NA	NA
NC_045512.2	462	A	T	44601	9940	38	1	0	34	2.241e-05	44623	1	FALSE	NA	NA	NA	NA	NA	NA
NC_045512.2	462	A	G	44601	9940	38	17	5	37	0.000380969	44623	0.999868	FALSE	NA	NA	NA	NA	NA	NA
NC_045512.2	462	A	C	44601	9940	38	4	1	34	8.96399e-05	44623	1	FALSE	NA	NA	NA	NA	NA	NA
NC_045512.2	463	G	T	49960	10032	37	3	0	34	6.00432e-05	49964	1	FALSE	NA	NA	NA	NA	NA	NA
NC_045512.2	463	G	A	49960	10032	37	1	0	34	2.00144e-05	49964	1	FALSE	NA	NA	NA	NA	NA	NA
NC_045512.2	464	C	T	49498	10910	37	6	1	34	0.000121202	49504	1	FALSE	NA	NA	NA	NA	NA	NA
NC_045512.2	465	C	T	50184	11081	37	2	0	34	3.9851e-05	50187	1	FALSE	NA	NA	NA	NA	NA	NA
NC_045512.2	465	C	A	50184	11081	37	1	0	34	1.99255e-05	50187	1	FALSE	NA	NA	NA	NA	NA	NA
NC_045512.2	466	C	T	46861	11896	37	1	0	34	2.13374e-05	46866	1	FALSE	NA	NA	NA	NA	NA	NA
NC_045512.2	466	C	G	46861	11896	37	1	0	34	2.13374e-05	46866	1	FALSE	NA	NA	NA	NA	NA	NA
NC_045512.2	466	C	A	46861	11896	37	3	0	34	6.40123e-05	46866	1	FALSE	NA	NA	NA	NA	NA	NA
NC_045512.2	467	T	G	47654	12282	37	2	0	34	4.19622e-05	47662	1	FALSE	NA	NA	NA	NA	NA	NA
NC_045512.2	467	T	C	47654	12282	37	6	3	39	0.000125886	47662	1	FALSE	NA	NA	NA	NA	NA	NA
NC_045512.2	468	A	G	47191	12336	37	8	0	34	0.000169495	47199	1	FALSE	NA	NA	NA	NA	NA	NA
NC_045512.2	469	T	G	47339	12605	38	2	0	30	4.22458e-05	47342	1	FALSE	NA	NA	NA	NA	NA	NA
NC_045512.2	469	T	C	47339	12605	38	1	1	34	2.11229e-05	47342	1	FALSE	NA	NA	NA	NA	NA	NA
NC_045512.2	470	G	A	47546	12616	37	1	0	34	2.10318e-05	47547	1	FALSE	NA	NA	NA	NA	NA	NA
NC_045512.2	471	T	G	47277	12460	37	5	0	32	0.00010574	47286	1	FALSE	NA	NA	NA	NA	NA	NA
NC_045512.2	471	T	C	47277	12460	37	3	2	34	6.34437e-05	47286	1	FALSE	NA	NA	NA	NA	NA	NA
NC_045512.2	471	T	A	47277	12460	37	1	0	34	2.11479e-05	47286	1	FALSE	NA	NA	NA	NA	NA	NA
NC_045512.2	472	G	T	45079	11443	37	2	0	34	4.43607e-05	45085	1	FALSE	NA	NA	NA	NA	NA	NA
NC_045512.2	472	G	A	45079	11443	37	4	2	34	8.87213e-05	45085	1	FALSE	NA	NA	NA	NA	NA	NA
NC_045512.2	473	T	G	44906	11585	37	1	0	34	2.22653e-05	44913	1	FALSE	NA	NA	NA	NA	NA	NA
NC_045512.2	473	T	C	44906	11585	37	4	2	34	8.90611e-05	44913	1	FALSE	NA	NA	NA	NA	NA	NA
NC_045512.2	473	T	A	44906	11585	37	2	1	34	4.45305e-05	44913	1	FALSE	NA	NA	NA	NA	NA	NA
NC_045512.2	474	T	C	44753	11523	37	8	1	34	0.000178723	44762	1	FALSE	NA	NA	NA	NA	NA	NA
NC_045512.2	474	T	A	44753	11523	37	1	0	34	2.23404e-05	44762	1	FALSE	NA	NA	NA	NA	NA	NA
NC_045512.2	475	C	T	45418	12021	37	5	3	47	0.000110076	45423	0.500014	FALSE	NA	NA	NA	NA	NA	NA
NC_045512.2	476	A	G	45183	12000	37	8	6	38	0.000177026	45191	1	FALSE	NA	NA	NA	NA	NA	NA
NC_045512.2	477	T	C	41971	12522	37	5	3	34	0.000119116	41976	1	FALSE	NA	NA	NA	NA	NA	NA
NC_045512.2	478	C	T	40746	12686	37	1	1	34	2.45417e-05	40747	1	FALSE	NA	NA	NA	NA	NA	NA
NC_045512.2	479	A	G	40662	12680	37	4	0	32	9.83623e-05	40666	1	FALSE	NA	NA	NA	NA	NA	NA
NC_045512.2	480	A	G	40123	12791	37	4	1	32	9.96835e-05	40127	1	FALSE	NA	NA	NA	NA	NA	NA
NC_045512.2	481	A	G	39253	13291	36	2	2	34	5.09489e-05	39255	1	FALSE	NA	NA	NA	NA	NA	NA
NC_045512.2	482	C	T	39502	13471	37	4	3	42	0.000101245	39508	0.499986	FALSE	NA	NA	NA	NA	NA	NA
NC_045512.2	482	C	G	39502	13471	37	1	0	26	2.53113e-05	39508	1	FALSE	NA	NA	NA	NA	NA	NA
NC_045512.2	482	C	A	39502	13471	37	1	0	34	2.53113e-05	39508	1	FALSE	NA	NA	NA	NA	NA	NA
NC_045512.2	483	G	A	39630	13477	37	2	1	34	5.04643e-05	39632	1	FALSE	NA	NA	NA	NA	NA	NA
NC_045512.2	484	T	C	39578	13609	37	3	3	31	7.57939e-05	39581	1	FALSE	NA	NA	NA	NA	NA	NA
NC_045512.2	485	T	C	39964	14011	37	3	1	34	7.50619e-05	39967	1	FALSE	NA	NA	NA	NA	NA	NA
NC_045512.2	486	C	T	39916	14119	37	1	1	34	2.50495e-05	39921	1	FALSE	NA	NA	NA	NA	NA	NA
NC_045512.2	486	C	G	39916	14119	37	3	0	31	7.51484e-05	39921	1	FALSE	NA	NA	NA	NA	NA	NA
NC_045512.2	486	C	A	39916	14119	37	1	1	26	2.50495e-05	39921	1	FALSE	NA	NA	NA	NA	NA	NA
NC_045512.2	487	G	T	39961	14116	37	2	0	64	5.00413e-05	39967	0.249978	FALSE	NA	NA	NA	NA	NA	NA
NC_045512.2	487	G	A	39961	14116	37	4	0	34	0.000100083	39967	1	FALSE	NA	NA	NA	NA	NA	NA
NC_045512.2	489	A	G	40389	14692	37	2	2	68	4.9516e-05	40391	0.250003	FALSE	NA	NA	NA	NA	NA	NA
NC_045512.2	490	T	G	41005	15103	37	1	1	34	2.43849e-05	41009	1	FALSE	NA	NA	NA	NA	NA	NA
NC_045512.2	490	T	C	41005	15103	37	3	2	34	7.31547e-05	41009	1	FALSE	NA	NA	NA	NA	NA	NA
NC_045512.2	491	G	T	40548	15055	37	3	3	68	7.39773e-05	40553	0.124991	FALSE	NA	NA	NA	NA	NA	NA
NC_045512.2	491	G	C	40548	15055	37	1	0	34	2.46591e-05	40553	1	FALSE	NA	NA	NA	NA	NA	NA
NC_045512.2	491	G	A	40548	15055	37	1	1	34	2.46591e-05	40553	1	FALSE	NA	NA	NA	NA	NA	NA
NC_045512.2	492	C	T	35026	16225	37	8	1	38	0.000228337	35036	0.999996	FALSE	NA	NA	NA	NA	NA	NA
NC_045512.2	492	C	A	35026	16225	37	2	2	34	5.70841e-05	35036	1	FALSE	NA	NA	NA	NA	NA	NA
NC_045512.2	493	T	G	35099	16228	37	2	0	30	5.69606e-05	35112	1	FALSE	NA	NA	NA	NA	NA	NA
NC_045512.2	493	T	C	35099	16228	37	11	1	34	0.000313283	35112	0.999922	FALSE	NA	NA	NA	NA	NA	NA
NC_045512.2	494	C	T	35019	16256	37	4	4	34	0.000114198	35027	1	FALSE	NA	NA	NA	NA	NA	NA
NC_045512.2	494	C	G	35019	16256	37	3	2	34	8.56482e-05	35027	1	FALSE	NA	NA	NA	NA	NA	NA
NC_045512.2	494	C	A	35019	16256	37	1	0	34	2.85494e-05	35027	1	FALSE	NA	NA	NA	NA	NA	NA
NC_045512.2	495	G	A	35345	16240	37	1	0	26	2.82917e-05	35346	1	FALSE	NA	NA	NA	NA	NA	NA
NC_045512.2	496	A	G	37457	18307	37	5	0	34	0.000133469	37462	1	FALSE	NA	NA	NA	NA	NA	NA
NC_045512.2	497	A	G	35606	18489	36	4	0	30	0.000112328	35610	1	FALSE	NA	NA	NA	NA	NA	NA
NC_045512.2	498	C	T	35814	18963	36	1	0	34	2.79205e-05	35816	1	FALSE	NA	NA	NA	NA	NA	NA
NC_045512.2	498	C	G	35814	18963	36	1	0	34	2.79205e-05	35816	1	FALSE	NA	NA	NA	NA	NA	NA
NC_045512.2	499	T	G	35586	18723	36	1	0	34	2.80994e-05	35588	1	FALSE	NA	NA	NA	NA	NA	NA
NC_045512.2	499	T	C	35586	18723	36	1	1	34	2.80994e-05	35588	1	FALSE	NA	NA	NA	NA	NA	NA
NC_045512.2	500	G	A	35671	18603	36	12	4	39	0.000336295	35683	0.999828	FALSE	NA	NA	NA	NA	NA	NA
NC_045512.2	501	C	A	35563	18890	36	2	0	34	5.62351e-05	35565	1	FALSE	NA	NA	NA	NA	NA	NA
NC_045512.2	502	A	G	35586	18848	36	6	4	34	0.000168577	35592	1	FALSE	NA	NA	NA	NA	NA	NA
NC_045512.2	503	C	T	36545	18928	36	9	3	44	0.000246198	36556	0.0729749	FALSE	NA	NA	NA	NA	NA	NA
NC_045512.2	503	C	A	36545	18928	36	2	0	34	5.47106e-05	36556	1	FALSE	NA	NA	NA	NA	NA	NA
NC_045512.2	504	C	T	36064	18678	36	3	2	34	8.31739e-05	36069	1	FALSE	NA	NA	NA	NA	NA	NA
NC_045512.2	504	C	A	36064	18678	36	2	0	34	5.54493e-05	36069	1	FALSE	NA	NA	NA	NA	NA	NA
NC_045512.2	505	T	C	36143	18451	36	12	3	34	0.000331877	36158	0.999889	FALSE	NA	NA	NA	NA	NA	NA
NC_045512.2	505	T	A	36143	18451	36	3	1	31	8.29692e-05	36158	1	FALSE	NA	NA	NA	NA	NA	NA
NC_045512.2	507	A	T	35416	18303	36	1	1	26	2.82326e-05	35420	1	FALSE	NA	NA	NA	NA	NA	NA
NC_045512.2	507	A	G	35416	18303	36	3	0	56	8.46979e-05	35420	0.124995	FALSE	NA	NA	NA	NA	NA	NA
NC_045512.2	509	G	T	35951	18576	36	1	0	34	2.78141e-05	35953	1	FALSE	NA	NA	NA	NA	NA	NA
NC_045512.2	509	G	A	35951	18576	36	1	0	34	2.78141e-05	35953	1	FALSE	NA	NA	NA	NA	NA	NA
NC_045512.2	510	G	C	36698	18820	36	1	0	34	2.72487e-05	36699	1	FALSE	NA	NA	NA	NA	NA	NA
NC_045512.2	511	T	G	37544	19879	36	2	0	30	5.32637e-05	37549	1	FALSE	NA	NA	NA	NA	NA	NA
NC_045512.2	511	T	C	37544	19879	36	3	3	34	7.98956e-05	37549	1	FALSE	NA	NA	NA	NA	NA	NA
NC_045512.2	512	C	T	36554	19025	36	7	4	34	0.000191456	36562	0.999999	FALSE	NA	NA	NA	NA	NA	NA
NC_045512.2	512	C	A	36554	19025	36	1	0	26	2.73508e-05	36562	1	FALSE	NA	NA	NA	NA	NA	NA
NC_045512.2	513	A	G	36429	19124	36	1	0	34	2.74492e-05	36431	1	FALSE	NA	NA	NA	NA	NA	NA
NC_045512.2	513	A	C	36429	19124	36	1	1	34	2.74492e-05	36431	1	FALSE	NA	NA	NA	NA	NA	NA
NC_045512.2	514	T	C	38077	19461	36	5	1	40	0.000131296	38082	0.363288	FALSE	NA	NA	NA	NA	NA	NA
NC_045512.2	515	G	A	37944	19465	36	1	1	34	2.63539e-05	37945	1	FALSE	NA	NA	NA	NA	NA	NA
NC_045512.2	516	T	C	38362	19991	36	7	6	34	0.000182434	38370	1	FALSE	NA	NA	NA	NA	NA	NA
NC_045512.2	516	T	A	38362	19991	36	1	0	34	2.6062e-05	38370	1	FALSE	NA	NA	NA	NA	NA	NA
NC_045512.2	517	T	C	38239	19851	36	11	6	38	0.000287582	38250	0.999981	FALSE	NA	NA	NA	NA	NA	NA
NC_045512.2	518	A	G	37958	19828	36	5	2	34	0.000131707	37963	1	FALSE	NA	NA	NA	NA	NA	NA
NC_045512.2	519	T	C	37989	19455	37	1	0	24	2.63227e-05	37990	1	FALSE	NA	NA	NA	NA	NA	NA
NC_045512.2	519	T	-G	37989	19455	37	1	0	20	2.63227e-05	37990	1	FALSE	NA	NA	NA	NA	NA	NA
NC_045512.2	520	G	T	37976	19425	36	3	0	34	7.8991e-05	37979	1	FALSE	NA	NA	NA	NA	NA	NA
NC_045512.2	521	G	T	37615	19582	36	1	1	34	2.65844e-05	37616	1	FALSE	NA	NA	NA	NA	NA	NA
NC_045512.2	522	T	C	37602	19778	36	6	6	38	0.000159528	37611	1	FALSE	NA	NA	NA	NA	NA	NA
NC_045512.2	522	T	A	37602	19778	36	3	0	34	7.97639e-05	37611	1	FALSE	NA	NA	NA	NA	NA	NA
NC_045512.2	523	T	A	36239	18411	36	1	0	34	2.75938e-05	36240	1	FALSE	NA	NA	NA	NA	NA	NA
NC_045512.2	524	G	C	35988	18431	36	1	1	24	2.77863e-05	35989	1	FALSE	NA	NA	NA	NA	NA	NA
NC_045512.2	525	A	G	35879	18408	36	11	6	34	0.000306492	35890	0.999922	FALSE	NA	NA	NA	NA	NA	NA
NC_045512.2	526	G	T	35852	18408	36	1	1	34	2.78886e-05	35857	1	FALSE	NA	NA	NA	NA	NA	NA
NC_045512.2	526	G	A	35852	18408	36	4	2	51	0.000111554	35857	0.0624948	FALSE	NA	NA	NA	NA	NA	NA
NC_045512.2	527	C	T	39040	22319	37	6	5	34	0.000153665	39046	1	FALSE	NA	NA	NA	NA	NA	NA
NC_045512.2	528	T	G	38987	22143	37	1	1	68	2.56476e-05	38990	0.499994	FALSE	NA	NA	NA	NA	NA	NA
NC_045512.2	528	T	C	38987	22143	37	2	1	34	5.12952e-05	38990	1	FALSE	NA	NA	NA	NA	NA	NA
NC_045512.2	529	G	C	39013	22010	37	1	1	26	2.56299e-05	39017	1	FALSE	NA	NA	NA	NA	NA	NA
NC_045512.2	529	G	A	39013	22010	37	3	3	31	7.68896e-05	39017	1	FALSE	NA	NA	NA	NA	NA	NA
NC_045512.2	530	G	A	38991	21988	37	5	4	40	0.000128218	38996	0.363288	FALSE	NA	NA	NA	NA	NA	NA
NC_045512.2	531	T	C	39116	22014	37	2	1	34	5.11274e-05	39118	1	FALSE	NA	NA	NA	NA	NA	NA
NC_045512.2	532	A	G	39043	22098	37	9	5	34	0.000230462	39052	0.999998	FALSE	NA	NA	NA	NA	NA	NA
NC_045512.2	533	G	A	39035	22055	37	6	4	56	0.000153685	39041	0.0156232	FALSE	NA	NA	NA	NA	NA	NA
NC_045512.2	534	C	T	39347	22580	37	4	3	34	0.000101647	39352	1	FALSE	NA	NA	NA	NA	NA	NA
NC_045512.2	534	C	G	39347	22580	37	1	0	34	2.54117e-05	39352	1	FALSE	NA	NA	NA	NA	NA	NA
NC_045512.2	534	C	-A	39347	22580	37	1	0	20	2.54117e-05	39352	1	FALSE	NA	NA	NA	NA	NA	NA
NC_045512.2	535	A	G	39228	22396	37	2	1	26	5.09801e-05	39231	1	FALSE	NA	NA	NA	NA	NA	NA
NC_045512.2	535	A	C	39228	22396	37	1	1	26	2.549e-05	39231	1	FALSE	NA	NA	NA	NA	NA	NA
NC_045512.2	535	A	-G	39228	22396	37	4998	0	20	0.127396	39232	0	TRUE	NA	NA	NA	NA	NA	NA
NC_045512.2	536	G	A	34296	19609	37	10	10	33	0.000291494	34306	0.999965	FALSE	NA	NA	NA	NA	NA	NA
NC_045512.2	537	A	G	40244	23648	37	1	1	34	2.48472e-05	40246	1	FALSE	NA	NA	NA	NA	NA	NA
NC_045512.2	537	A	C	40244	23648	37	1	1	34	2.48472e-05	40246	1	FALSE	NA	NA	NA	NA	NA	NA
NC_045512.2	538	A	G	39941	23567	37	4	3	34	0.000100135	39946	1	FALSE	NA	NA	NA	NA	NA	NA
NC_045512.2	538	A	C	39941	23567	37	1	1	34	2.50338e-05	39946	1	FALSE	NA	NA	NA	NA	NA	NA
NC_045512.2	539	C	T	40486	23607	37	3	1	31	7.40942e-05	40489	1	FALSE	NA	NA	NA	NA	NA	NA
NC_045512.2	540	T	C	40448	23574	37	4	1	42	9.88826e-05	40452	0.636739	FALSE	NA	NA	NA	NA	NA	NA
NC_045512.2	541	C	T	40186	23449	37	2	1	44	4.97661e-05	40188	0.89064	FALSE	NA	NA	NA	NA	NA	NA
NC_045512.2	542	G	T	39908	23175	37	1	1	34	2.50514e-05	39918	1	FALSE	NA	NA	NA	NA	NA	NA
NC_045512.2	542	G	C	39908	23175	37	2	0	68	5.01027e-05	39918	0.249953	FALSE	NA	NA	NA	NA	NA	NA
NC_045512.2	542	G	A	39908	23175	37	7	2	32	0.000175359	39918	1	FALSE	NA	NA	NA	NA	NA	NA
NC_045512.2	542	G	-A	39908	23175	37	1	0	20	2.50514e-05	39918	1	FALSE	NA	NA	NA	NA	NA	NA
NC_045512.2	543	A	T	40007	23372	37	1	1	34	2.49919e-05	40013	1	FALSE	NA	NA	NA	NA	NA	NA
NC_045512.2	543	A	G	40007	23372	37	4	4	51	9.99675e-05	40013	0.0624891	FALSE	NA	NA	NA	NA	NA	NA
NC_045512.2	543	A	C	40007	23372	37	1	1	26	2.49919e-05	40013	1	FALSE	NA	NA	NA	NA	NA	NA
NC_045512.2	544	A	T	39853	23398	37	4	2	34	0.000100329	39869	1	FALSE	NA	NA	NA	NA	NA	NA
NC_045512.2	544	A	G	39853	23398	37	7	6	32	0.000175575	39869	1	FALSE	NA	NA	NA	NA	NA	NA
NC_045512.2	544	A	C	39853	23398	37	5	0	40	0.000125411	39869	0.363137	FALSE	NA	NA	NA	NA	NA	NA
NC_045512.2	545	G	T	39921	23300	37	3	3	34	7.51409e-05	39925	1	FALSE	NA	NA	NA	NA	NA	NA
NC_045512.2	545	G	A	39921	23300	37	1	1	34	2.5047e-05	39925	1	FALSE	NA	NA	NA	NA	NA	NA
NC_045512.2	546	G	T	40027	23327	37	2	2	34	4.99575e-05	40034	1	FALSE	NA	NA	NA	NA	NA	NA
NC_045512.2	546	G	C	40027	23327	37	1	1	34	2.49788e-05	40034	1	FALSE	NA	NA	NA	NA	NA	NA
NC_045512.2	546	G	A	40027	23327	37	4	4	34	9.99151e-05	40034	1	FALSE	NA	NA	NA	NA	NA	NA
NC_045512.2	547	C	T	39861	23150	37	2	2	51	5.01693e-05	39865	0.249991	FALSE	NA	NA	NA	NA	NA	NA
NC_045512.2	547	C	G	39861	23150	37	2	0	34	5.01693e-05	39865	1	FALSE	NA	NA	NA	NA	NA	NA
NC_045512.2	548	A	T	40560	23241	37	1	0	34	2.4653e-05	40563	1	FALSE	NA	NA	NA	NA	NA	NA
NC_045512.2	548	A	G	40560	23241	37	2	0	34	4.9306e-05	40563	1	FALSE	NA	NA	NA	NA	NA	NA
NC_045512.2	549	T	C	40440	23314	37	9	4	34	0.000222502	40449	0.999999	FALSE	NA	NA	NA	NA	NA	NA
NC_045512.2	550	T	C	40460	23392	37	7	5	38	0.000172968	40470	1	FALSE	NA	NA	NA	NA	NA	NA
NC_045512.2	550	T	A	40460	23392	37	3	2	34	7.4129e-05	40470	1	FALSE	NA	NA	NA	NA	NA	NA
NC_045512.2	551	C	T	40791	23359	37	14	10	41	0.00034307	40808	0.0154289	FALSE	NA	NA	NA	NA	NA	NA
NC_045512.2	551	C	G	40791	23359	37	2	1	34	4.901e-05	40808	1	FALSE	NA	NA	NA	NA	NA	NA
NC_045512.2	551	C	A	40791	23359	37	1	1	34	2.4505e-05	40808	1	FALSE	NA	NA	NA	NA	NA	NA
NC_045512.2	552	A	G	40540	23104	37	9	4	34	0.000221943	40551	0.999999	FALSE	NA	NA	NA	NA	NA	NA
NC_045512.2	552	A	C	40540	23104	37	2	2	34	4.93206e-05	40551	1	FALSE	NA	NA	NA	NA	NA	NA
NC_045512.2	553	G	C	41032	23230	37	2	2	30	4.87329e-05	41040	1	FALSE	NA	NA	NA	NA	NA	NA
NC_045512.2	553	G	A	41032	23230	37	6	1	34	0.000146199	41040	1	FALSE	NA	NA	NA	NA	NA	NA
NC_045512.2	554	T	C	42912	27303	37	6	2	32	0.000139801	42918	1	FALSE	NA	NA	NA	NA	NA	NA
NC_045512.2	555	A	T	42526	27086	37	1	1	34	2.35106e-05	42534	1	FALSE	NA	NA	NA	NA	NA	NA
NC_045512.2	555	A	G	42526	27086	37	5	3	40	0.000117553	42534	0.499971	FALSE	NA	NA	NA	NA	NA	NA
NC_045512.2	555	A	C	42526	27086	37	2	2	34	4.70212e-05	42534	1	FALSE	NA	NA	NA	NA	NA	NA
NC_045512.2	556	C	T	42471	27181	37	9	6	34	0.000211859	42481	1	FALSE	NA	NA	NA	NA	NA	NA
NC_045512.2	556	C	G	42471	27181	37	1	1	34	2.35399e-05	42481	1	FALSE	NA	NA	NA	NA	NA	NA
NC_045512.2	557	G	T	41578	26169	37	1	0	34	2.405e-05	41580	1	FALSE	NA	NA	NA	NA	NA	NA
NC_045512.2	557	G	C	41578	26169	37	1	1	34	2.405e-05	41580	1	FALSE	NA	NA	NA	NA	NA	NA
NC_045512.2	559	T	G	42100	26761	37	1	1	34	2.37507e-05	42104	1	FALSE	NA	NA	NA	NA	NA	NA
NC_045512.2	559	T	C	42100	26761	37	3	3	31	7.12521e-05	42104	1	FALSE	NA	NA	NA	NA	NA	NA
NC_045512.2	560	C	T	41230	25951	37	5	5	47	0.00012125	41237	0.499985	FALSE	NA	NA	NA	NA	NA	NA
NC_045512.2	560	C	G	41230	25951	37	1	0	34	2.42501e-05	41237	1	FALSE	NA	NA	NA	NA	NA	NA
NC_045512.2	560	C	A	41230	25951	37	1	1	34	2.42501e-05	41237	1	FALSE	NA	NA	NA	NA	NA	NA
NC_045512.2	561	G	A	41334	25962	37	6	4	34	0.000145138	41340	1	FALSE	NA	NA	NA	NA	NA	NA
NC_045512.2	562	T	A	40721	25486	37	2	1	30	4.91123e-05	40723	1	FALSE	NA	NA	NA	NA	NA	NA
NC_045512.2	563	A	T	40673	25600	37	1	1	24	2.45839e-05	40677	1	FALSE	NA	NA	NA	NA	NA	NA
NC_045512.2	563	A	G	40673	25600	37	3	2	34	7.37518e-05	40677	1	FALSE	NA	NA	NA	NA	NA	NA
NC_045512.2	565	T	C	37656	26632	36	3	3	30	7.96622e-05	37659	1	FALSE	NA	NA	NA	NA	NA	NA
NC_045512.2	568	T	G	36211	25423	36	2	0	34	5.52242e-05	36216	1	FALSE	NA	NA	NA	NA	NA	NA
NC_045512.2	568	T	C	36211	25423	36	3	3	45	8.28363e-05	36216	0.656244	FALSE	NA	NA	NA	NA	NA	NA
NC_045512.2	569	G	T	36196	25438	36	1	1	26	2.76258e-05	36198	1	FALSE	NA	NA	NA	NA	NA	NA
NC_045512.2	569	G	A	36196	25438	36	1	1	34	2.76258e-05	36198	1	FALSE	NA	NA	NA	NA	NA	NA
NC_045512.2	570	A	T	35909	25204	36	2	2	30	5.5687e-05	35915	1	FALSE	NA	NA	NA	NA	NA	NA
NC_045512.2	570	A	G	35909	25204	36	4	3	34	0.000111374	35915	1	FALSE	NA	NA	NA	NA	NA	NA
NC_045512.2	571	G	T	35859	25226	36	1	1	26	2.78862e-05	35860	1	FALSE	NA	NA	NA	NA	NA	NA
NC_045512.2	572	A	T	37101	27718	35	3	3	31	8.08429e-05	37109	1	FALSE	NA	NA	NA	NA	NA	NA
NC_045512.2	572	A	G	37101	27718	35	4	4	34	0.000107791	37109	1	FALSE	NA	NA	NA	NA	NA	NA
NC_045512.2	572	A	C	37101	27718	35	1	1	26	2.69476e-05	37109	1	FALSE	NA	NA	NA	NA	NA	NA
NC_045512.2	573	C	T	38466	28022	36	4	4	42	0.000103977	38470	0.500014	FALSE	NA	NA	NA	NA	NA	NA
NC_045512.2	574	A	T	38054	27703	36	1	1	26	2.62771e-05	38056	1	FALSE	NA	NA	NA	NA	NA	NA
NC_045512.2	574	A	G	38054	27703	36	1	1	34	2.62771e-05	38056	1	FALSE	NA	NA	NA	NA	NA	NA
NC_045512.2	575	C	T	38813	28400	36	1	1	34	2.57639e-05	38814	1	FALSE	NA	NA	NA	NA	NA	NA
NC_045512.2	575	C	-T	38813	28400	36	2	0	20	5.15278e-05	38814	1	FALSE	NA	NA	NA	NA	NA	NA
NC_045512.2	576	T	G	37794	27433	36	2	1	26	5.29101e-05	37800	1	FALSE	NA	NA	NA	NA	NA	NA
NC_045512.2	576	T	C	37794	27433	36	4	4	34	0.00010582	37800	1	FALSE	NA	NA	NA	NA	NA	NA
NC_045512.2	577	T	G	38542	28198	36	3	3	34	7.7817e-05	38552	1	FALSE	NA	NA	NA	NA	NA	NA
NC_045512.2	577	T	C	38542	28198	36	7	3	38	0.000181573	38552	1	FALSE	NA	NA	NA	NA	NA	NA
NC_045512.2	578	G	T	38454	28103	36	1	0	34	2.60037e-05	38456	1	FALSE	NA	NA	NA	NA	NA	NA
NC_045512.2	578	G	A	38454	28103	36	1	1	34	2.60037e-05	38456	1	FALSE	NA	NA	NA	NA	NA	NA
NC_045512.2	579	G	T	40844	30582	36	2	2	34	4.8962e-05	40848	1	FALSE	NA	NA	NA	NA	NA	NA
NC_045512.2	579	G	A	40844	30582	36	2	2	34	4.8962e-05	40848	1	FALSE	NA	NA	NA	NA	NA	NA
NC_045512.2	580	T	C	40365	30111	36	9	9	44	0.000222916	40374	0.133413	FALSE	NA	NA	NA	NA	NA	NA
NC_045512.2	581	G	T	40574	30206	37	4	4	34	9.85683e-05	40581	1	FALSE	NA	NA	NA	NA	NA	NA
NC_045512.2	581	G	C	40574	30206	37	3	3	31	7.39262e-05	40581	1	FALSE	NA	NA	NA	NA	NA	NA
NC_045512.2	582	T	G	40017	29629	37	3	1	31	7.49569e-05	40023	1	FALSE	NA	NA	NA	NA	NA	NA
NC_045512.2	582	T	C	40017	29629	37	3	3	31	7.49569e-05	40023	1	FALSE	NA	NA	NA	NA	NA	NA
NC_045512.2	583	C	T	40411	30130	37	1	1	26	2.47445e-05	40413	1	FALSE	NA	NA	NA	NA	NA	NA
NC_045512.2	583	C	G	40411	30130	37	1	1	34	2.47445e-05	40413	1	FALSE	NA	NA	NA	NA	NA	NA
NC_045512.2	584	C	T	39902	29653	37	8	8	34	0.000200356	39929	0.999999	FALSE	NA	NA	NA	NA	NA	NA
NC_045512.2	584	C	G	39902	29653	37	1	0	34	2.50445e-05	39929	1	FALSE	NA	NA	NA	NA	NA	NA
NC_045512.2	584	C	A	39902	29653	37	18	15	34	0.0004508	39929	0.998401	FALSE	NA	NA	NA	NA	NA	NA
NC_045512.2	585	T	G	39526	29257	37	3	3	34	7.58514e-05	39551	1	FALSE	NA	NA	NA	NA	NA	NA
NC_045512.2	585	T	C	39526	29257	37	19	15	35	0.000480392	39551	0.997327	FALSE	NA	NA	NA	NA	NA	NA
NC_045512.2	585	T	A	39526	29257	37	3	3	34	7.58514e-05	39551	1	FALSE	NA	NA	NA	NA	NA	NA
NC_045512.2	586	T	G	39388	29133	37	2	1	34	5.07627e-05	39399	1	FALSE	NA	NA	NA	NA	NA	NA
NC_045512.2	586	T	C	39388	29133	37	6	5	34	0.000152288	39399	1	FALSE	NA	NA	NA	NA	NA	NA
NC_045512.2	586	T	A	39388	29133	37	3	2	34	7.61441e-05	39399	1	FALSE	NA	NA	NA	NA	NA	NA
NC_045512.2	588	T	C	42044	31515	37	3	0	45	7.13453e-05	42049	0.773438	FALSE	NA	NA	NA	NA	NA	NA
NC_045512.2	588	T	A	42044	31515	37	2	2	34	4.75636e-05	42049	1	FALSE	NA	NA	NA	NA	NA	NA
NC_045512.2	590	C	G	42503	32516	37	1	0	34	2.35266e-05	42505	1	FALSE	NA	NA	NA	NA	NA	NA
NC_045512.2	590	C	A	42503	32516	37	1	0	34	2.35266e-05	42505	1	FALSE	NA	NA	NA	NA	NA	NA
NC_045512.2	591	C	T	41804	31948	37	1	1	26	2.3912e-05	41820	1	FALSE	NA	NA	NA	NA	NA	NA
NC_045512.2	591	C	G	41804	31948	37	1	1	68	2.3912e-05	41820	0.499916	FALSE	NA	NA	NA	NA	NA	NA
NC_045512.2	591	C	A	41804	31948	37	14	12	34	0.000334768	41820	0.999943	FALSE	NA	NA	NA	NA	NA	NA
NC_045512.2	592	T	G	41632	31601	37	3	2	31	7.2034e-05	41647	1	FALSE	NA	NA	NA	NA	NA	NA
NC_045512.2	592	T	C	41632	31601	37	12	12	34	0.000288136	41647	0.999989	FALSE	NA	NA	NA	NA	NA	NA
NC_045512.2	594	A	G	41603	31575	37	1	1	34	2.40356e-05	41605	1	FALSE	NA	NA	NA	NA	NA	NA
NC_045512.2	594	A	C	41603	31575	37	1	1	34	2.40356e-05	41605	1	FALSE	NA	NA	NA	NA	NA	NA
NC_045512.2	595	T	G	41596	31514	37	2	0	34	4.80781e-05	41599	1	FALSE	NA	NA	NA	NA	NA	NA
NC_045512.2	595	T	C	41596	31514	37	1	0	34	2.4039e-05	41599	1	FALSE	NA	NA	NA	NA	NA	NA
NC_045512.2	596	G	C	41526	31665	37	1	1	34	2.40778e-05	41532	1	FALSE	NA	NA	NA	NA	NA	NA
NC_045512.2	596	G	A	41526	31665	37	5	2	61	0.000120389	41532	0.0312462	FALSE	NA	NA	NA	NA	NA	NA
NC_045512.2	597	T	G	39481	29990	37	1	1	34	2.53261e-05	39485	1	FALSE	NA	NA	NA	NA	NA	NA
NC_045512.2	597	T	C	39481	29990	37	2	2	34	5.06521e-05	39485	1	FALSE	NA	NA	NA	NA	NA	NA
NC_045512.2	597	T	A	39481	29990	37	1	0	34	2.53261e-05	39485	1	FALSE	NA	NA	NA	NA	NA	NA
NC_045512.2	598	G	T	39574	30079	37	2	2	34	5.05344e-05	39577	1	FALSE	NA	NA	NA	NA	NA	NA
NC_045512.2	598	G	A	39574	30079	37	1	1	34	2.52672e-05	39577	1	FALSE	NA	NA	NA	NA	NA	NA
NC_045512.2	599	G	C	40293	31050	37	2	2	34	4.9629e-05	40299	1	FALSE	NA	NA	NA	NA	NA	NA
NC_045512.2	599	G	A	40293	31050	37	4	4	34	9.9258e-05	40299	1	FALSE	NA	NA	NA	NA	NA	NA
NC_045512.2	600	G	C	40236	31041	37	1	1	34	2.48484e-05	40244	1	FALSE	NA	NA	NA	NA	NA	NA
NC_045512.2	600	G	A	40236	31041	37	7	7	34	0.000173939	40244	1	FALSE	NA	NA	NA	NA	NA	NA
NC_045512.2	601	C	T	40213	31185	37	7	5	34	0.000174043	40220	1	FALSE	NA	NA	NA	NA	NA	NA
NC_045512.2	602	G	A	39852	30827	37	11	9	34	0.000275945	39863	0.999988	FALSE	NA	NA	NA	NA	NA	NA
NC_045512.2	603	A	T	41804	32804	37	1	1	34	2.392e-05	41806	1	FALSE	NA	NA	NA	NA	NA	NA
NC_045512.2	603	A	G	41804	32804	37	1	1	34	2.392e-05	41806	1	FALSE	NA	NA	NA	NA	NA	NA
NC_045512.2	604	A	G	41390	33081	37	4	1	42	9.663e-05	41395	0.636725	FALSE	NA	NA	NA	NA	NA	NA
NC_045512.2	604	A	C	41390	33081	37	1	1	26	2.41575e-05	41395	1	FALSE	NA	NA	NA	NA	NA	NA
NC_045512.2	605	A	G	41560	33313	37	4	1	40	9.62371e-05	41564	0.636738	FALSE	NA	NA	NA	NA	NA	NA
NC_045512.2	606	T	C	41431	33219	37	3	3	31	7.24043e-05	41434	1	FALSE	NA	NA	NA	NA	NA	NA
NC_045512.2	607	A	G	41513	33284	37	4	4	34	9.63461e-05	41517	1	FALSE	NA	NA	NA	NA	NA	NA
NC_045512.2	607	A	-C	41513	33284	37	2	0	20	4.8173e-05	41517	1	FALSE	NA	NA	NA	NA	NA	NA
NC_045512.2	608	C	T	41627	33356	37	1	1	34	2.40217e-05	41629	1	FALSE	NA	NA	NA	NA	NA	NA
NC_045512.2	608	C	A	41627	33356	37	1	1	34	2.40217e-05	41629	1	FALSE	NA	NA	NA	NA	NA	NA
NC_045512.2	609	C	T	41245	33034	37	5	4	34	0.000121209	41251	1	FALSE	NA	NA	NA	NA	NA	NA
NC_045512.2	609	C	A	41245	33034	37	1	1	34	2.42418e-05	41251	1	FALSE	NA	NA	NA	NA	NA	NA
NC_045512.2	610	A	G	41126	32895	37	2	2	34	4.86251e-05	41131	1	FALSE	NA	NA	NA	NA	NA	NA
NC_045512.2	610	A	C	41126	32895	37	3	3	31	7.29377e-05	41131	1	FALSE	NA	NA	NA	NA	NA	NA
NC_045512.2	611	G	C	40943	33068	37	2	2	30	4.88448e-05	40946	1	FALSE	NA	NA	NA	NA	NA	NA
NC_045512.2	611	G	A	40943	33068	37	1	1	34	2.44224e-05	40946	1	FALSE	NA	NA	NA	NA	NA	NA
NC_045512.2	612	T	C	40822	33218	37	1	1	34	2.4496e-05	40823	1	FALSE	NA	NA	NA	NA	NA	NA
NC_045512.2	612	T	+GGCTTACCGCAA	40822	33218	37	2	0	20	4.8992e-05	40823	1	FALSE	NA	NA	NA	NA	NA	NA
NC_045512.2	614	G	A	40753	33130	37	1	1	34	2.45375e-05	40754	1	FALSE	NA	NA	NA	NA	NA	NA
NC_045512.2	615	C	T	40576	34251	36	2	1	34	4.92866e-05	40579	1	FALSE	NA	NA	NA	NA	NA	NA
NC_045512.2	615	C	A	40576	34251	36	1	1	34	2.46433e-05	40579	1	FALSE	NA	NA	NA	NA	NA	NA
NC_045512.2	616	T	C	40119	33798	36	3	3	34	7.47719e-05	40122	1	FALSE	NA	NA	NA	NA	NA	NA
NC_045512.2	617	T	C	59811	55439	38	6	6	39	0.000100304	59818	1	FALSE	NA	NA	NA	NA	NA	NA
NC_045512.2	617	T	A	59811	55439	38	1	1	34	1.67174e-05	59818	1	FALSE	NA	NA	NA	NA	NA	NA
NC_045512.2	618	A	T	59706	55312	38	1	1	26	1.67468e-05	59713	1	FALSE	NA	NA	NA	NA	NA	NA
NC_045512.2	618	A	G	59706	55312	38	2	2	51	3.34935e-05	59713	0.249981	FALSE	NA	NA	NA	NA	NA	NA
NC_045512.2	618	A	C	59706	55312	38	4	4	32	6.69871e-05	59713	1	FALSE	NA	NA	NA	NA	NA	NA
NC_045512.2	619	C	T	59941	55543	38	11	11	33	0.00018348	59952	1	FALSE	NA	NA	NA	NA	NA	NA
NC_045512.2	620	C	T	59944	55615	38	4	4	34	6.67167e-05	59955	1	FALSE	NA	NA	NA	NA	NA	NA
NC_045512.2	620	C	G	59944	55615	38	1	0	46	1.66792e-05	59955	0.98437	FALSE	NA	NA	NA	NA	NA	NA
NC_045512.2	620	C	A	59944	55615	38	6	6	34	0.000100075	59955	1	FALSE	NA	NA	NA	NA	NA	NA
NC_045512.2	621	G	C	59701	55367	38	1	1	34	1.67414e-05	59732	1	FALSE	NA	NA	NA	NA	NA	NA
NC_045512.2	621	G	A	59701	55367	38	30	30	34	0.000502243	59732	0.999335	FALSE	NA	NA	NA	NA	NA	NA
NC_045512.2	622	C	T	60287	56186	38	2	1	47	3.31708e-05	60294	0.964841	FALSE	NA	NA	NA	NA	NA	NA
NC_045512.2	622	C	G	60287	56186	38	1	1	34	1.65854e-05	60294	1	FALSE	NA	NA	NA	NA	NA	NA
NC_045512.2	622	C	A	60287	56186	38	4	4	34	6.63416e-05	60294	1	FALSE	NA	NA	NA	NA	NA	NA
NC_045512.2	623	A	G	59665	55572	38	5	5	39	8.37928e-05	59671	1	FALSE	NA	NA	NA	NA	NA	NA
NC_045512.2	623	A	C	59665	55572	38	1	1	27	1.67586e-05	59671	1	FALSE	NA	NA	NA	NA	NA	NA
NC_045512.2	624	A	T	59894	55793	38	1	1	20	1.66939e-05	59902	1	FALSE	NA	NA	NA	NA	NA	NA
NC_045512.2	624	A	G	59894	55793	38	5	4	40	8.34697e-05	59902	0.623031	FALSE	NA	NA	NA	NA	NA	NA
NC_045512.2	624	A	C	59894	55793	38	2	2	30	3.33879e-05	59902	1	FALSE	NA	NA	NA	NA	NA	NA
NC_045512.2	625	G	T	60006	55915	38	1	1	34	1.66644e-05	60008	1	FALSE	NA	NA	NA	NA	NA	NA
NC_045512.2	625	G	A	60006	55915	38	1	1	34	1.66644e-05	60008	1	FALSE	NA	NA	NA	NA	NA	NA
NC_045512.2	626	G	C	59895	55804	38	1	1	27	1.66953e-05	59897	1	FALSE	NA	NA	NA	NA	NA	NA
NC_045512.2	626	G	A	59895	55804	38	1	1	34	1.66953e-05	59897	1	FALSE	NA	NA	NA	NA	NA	NA
NC_045512.2	627	T	G	56661	52676	38	6	6	34	0.000105857	56680	1	FALSE	NA	NA	NA	NA	NA	NA
NC_045512.2	627	T	C	56661	52676	38	12	12	36	0.000211715	56680	1	FALSE	NA	NA	NA	NA	NA	NA
NC_045512.2	627	T	A	56661	52676	38	1	1	24	1.76429e-05	56680	1	FALSE	NA	NA	NA	NA	NA	NA
NC_045512.2	628	T	C	54418	50442	37	5	5	34	9.18712e-05	54424	1	FALSE	NA	NA	NA	NA	NA	NA
NC_045512.2	628	T	A	54418	50442	37	1	1	34	1.83742e-05	54424	1	FALSE	NA	NA	NA	NA	NA	NA
NC_045512.2	629	C	T	55661	51803	38	7	7	34	0.000125745	55668	1	FALSE	NA	NA	NA	NA	NA	NA
NC_045512.2	629	C	-T	55661	51803	38	1	0	20	1.79636e-05	55668	1	FALSE	NA	NA	NA	NA	NA	NA
NC_045512.2	630	T	G	55634	51773	38	1	1	34	1.79704e-05	55647	1	FALSE	NA	NA	NA	NA	NA	NA
NC_045512.2	630	T	C	55634	51773	38	9	8	32	0.000161734	55647	1	FALSE	NA	NA	NA	NA	NA	NA
NC_045512.2	630	T	A	55634	51773	38	3	3	34	5.39113e-05	55647	1	FALSE	NA	NA	NA	NA	NA	NA
NC_045512.2	631	T	C	55245	51388	38	7	7	34	0.000126692	55252	1	FALSE	NA	NA	NA	NA	NA	NA
NC_045512.2	632	C	T	55551	51874	38	4	4	34	7.19981e-05	55557	1	FALSE	NA	NA	NA	NA	NA	NA
NC_045512.2	632	C	G	55551	51874	38	1	1	26	1.79995e-05	55557	1	FALSE	NA	NA	NA	NA	NA	NA
NC_045512.2	632	C	A	55551	51874	38	1	1	34	1.79995e-05	55557	1	FALSE	NA	NA	NA	NA	NA	NA
NC_045512.2	632	C	-T	55551	51874	38	1	0	20	1.79995e-05	55557	1	FALSE	NA	NA	NA	NA	NA	NA
NC_045512.2	633	T	C	53689	50021	37	6	6	34	0.000111738	53697	1	FALSE	NA	NA	NA	NA	NA	NA
NC_045512.2	633	T	A	53689	50021	37	2	1	51	3.7246e-05	53697	0.24997	FALSE	NA	NA	NA	NA	NA	NA
NC_045512.2	634	T	C	54966	51299	38	3	2	35	5.45762e-05	54969	1	FALSE	NA	NA	NA	NA	NA	NA
NC_045512.2	635	C	T	53314	49665	38	1	0	68	1.87561e-05	53316	0.5	FALSE	NA	NA	NA	NA	NA	NA
NC_045512.2	635	C	G	53314	49665	38	1	1	34	1.87561e-05	53316	1	FALSE	NA	NA	NA	NA	NA	NA
NC_045512.2	636	G	A	53303	49649	38	2	2	34	3.75199e-05	53305	1	FALSE	NA	NA	NA	NA	NA	NA
NC_045512.2	637	T	C	53412	49817	38	7	7	38	0.00013104	53419	1	FALSE	NA	NA	NA	NA	NA	NA
NC_045512.2	637	T	-A	53412	49817	38	1	0	20	1.87199e-05	53419	1	FALSE	NA	NA	NA	NA	NA	NA
NC_045512.2	638	A	C	53240	49644	38	11	11	32	0.000206569	53251	1	FALSE	NA	NA	NA	NA	NA	NA
NC_045512.2	639	A	T	53278	49781	38	1	1	34	1.87684e-05	53281	1	FALSE	NA	NA	NA	NA	NA	NA
NC_045512.2	639	A	G	53278	49781	38	2	2	34	3.75368e-05	53281	1	FALSE	NA	NA	NA	NA	NA	NA
NC_045512.2	640	G	T	53228	49764	37	1	1	34	1.8786e-05	53231	1	FALSE	NA	NA	NA	NA	NA	NA
NC_045512.2	640	G	C	53228	49764	37	1	1	34	1.8786e-05	53231	1	FALSE	NA	NA	NA	NA	NA	NA
NC_045512.2	640	G	A	53228	49764	37	1	1	34	1.8786e-05	53231	1	FALSE	NA	NA	NA	NA	NA	NA
NC_045512.2	641	A	T	52945	49526	37	2	2	26	3.77722e-05	52949	1	FALSE	NA	NA	NA	NA	NA	NA
NC_045512.2	641	A	G	52945	49526	37	2	2	34	3.77722e-05	52949	1	FALSE	NA	NA	NA	NA	NA	NA
NC_045512.2	642	A	G	52792	49338	37	2	2	34	3.78831e-05	52794	1	FALSE	NA	NA	NA	NA	NA	NA
NC_045512.2	643	C	T	53012	49596	37	3	3	34	5.65856e-05	53017	1	FALSE	NA	NA	NA	NA	NA	NA
NC_045512.2	643	C	G	53012	49596	37	1	1	34	1.88619e-05	53017	1	FALSE	NA	NA	NA	NA	NA	NA
NC_045512.2	643	C	A	53012	49596	37	1	1	34	1.88619e-05	53017	1	FALSE	NA	NA	NA	NA	NA	NA
NC_045512.2	644	G	T	52544	49149	37	92	82	38	0.00174775	52639	0.000535998	TRUE	NA	NA	NA	NA	NA	NA
NC_045512.2	644	G	C	52544	49149	37	1	1	34	1.89973e-05	52639	1	FALSE	NA	NA	NA	NA	NA	NA
NC_045512.2	644	G	A	52544	49149	37	2	2	34	3.79946e-05	52639	1	FALSE	NA	NA	NA	NA	NA	NA
NC_045512.2	645	G	A	52803	49397	37	4	4	34	7.57475e-05	52807	1	FALSE	NA	NA	NA	NA	NA	NA
NC_045512.2	645	G	-T	52803	49397	37	1	0	20	1.89369e-05	52807	1	FALSE	NA	NA	NA	NA	NA	NA
NC_045512.2	646	T	C	52747	49383	37	5	3	47	9.47831e-05	52752	0.623053	FALSE	NA	NA	NA	NA	NA	NA
NC_045512.2	646	T	-A	52747	49383	37	2	0	20	3.79125e-05	52753	1	FALSE	NA	NA	NA	NA	NA	NA
NC_045512.2	647	A	G	52715	49413	37	6	6	39	0.000113807	52721	1	FALSE	NA	NA	NA	NA	NA	NA
NC_045512.2	648	A	G	52816	49538	37	2	2	51	3.78659e-05	52818	0.250002	FALSE	NA	NA	NA	NA	NA	NA
NC_045512.2	649	T	C	52505	49571	37	2	2	34	3.80894e-05	52508	1	FALSE	NA	NA	NA	NA	NA	NA
NC_045512.2	649	T	A	52505	49571	37	1	1	34	1.90447e-05	52508	1	FALSE	NA	NA	NA	NA	NA	NA
NC_045512.2	649	T	-A	52505	49571	37	2	0	20	3.80894e-05	52508	1	FALSE	NA	NA	NA	NA	NA	NA
NC_045512.2	650	A	G	52342	49424	37	4	4	32	7.64146e-05	52346	1	FALSE	NA	NA	NA	NA	NA	NA
NC_045512.2	651	A	T	52007	49079	37	3	3	31	5.76757e-05	52015	1	FALSE	NA	NA	NA	NA	NA	NA
NC_045512.2	651	A	G	52007	49079	37	5	5	34	9.61261e-05	52015	1	FALSE	NA	NA	NA	NA	NA	NA
NC_045512.2	652	A	T	50760	48040	36	1	1	34	1.96971e-05	50769	1	FALSE	NA	NA	NA	NA	NA	NA
NC_045512.2	652	A	G	50760	48040	36	4	4	32	7.87882e-05	50769	1	FALSE	NA	NA	NA	NA	NA	NA
NC_045512.2	652	A	C	50760	48040	36	4	4	32	7.87882e-05	50769	1	FALSE	NA	NA	NA	NA	NA	NA
NC_045512.2	653	G	T	51352	48633	37	5	5	34	9.73482e-05	51362	1	FALSE	NA	NA	NA	NA	NA	NA
NC_045512.2	653	G	A	51352	48633	37	5	1	61	9.73482e-05	51362	0.0312409	FALSE	NA	NA	NA	NA	NA	NA
NC_045512.2	654	G	A	50346	47847	36	1	1	34	1.98622e-05	50347	1	FALSE	NA	NA	NA	NA	NA	NA
NC_045512.2	655	A	G	47552	45094	36	7	7	32	0.000147186	47559	1	FALSE	NA	NA	NA	NA	NA	NA
NC_045512.2	656	G	T	47589	45135	36	1	1	34	2.10115e-05	47593	1	FALSE	NA	NA	NA	NA	NA	NA
NC_045512.2	656	G	C	47589	45135	36	1	1	34	2.10115e-05	47593	1	FALSE	NA	NA	NA	NA	NA	NA
NC_045512.2	656	G	A	47589	45135	36	2	2	30	4.2023e-05	47593	1	FALSE	NA	NA	NA	NA	NA	NA
NC_045512.2	657	C	T	47678	45625	36	2	2	30	4.19454e-05	47681	1	FALSE	NA	NA	NA	NA	NA	NA
NC_045512.2	657	C	G	47678	45625	36	1	1	34	2.09727e-05	47681	1	FALSE	NA	NA	NA	NA	NA	NA
NC_045512.2	658	T	C	46572	44517	36	4	3	42	8.58811e-05	46576	0.636736	FALSE	NA	NA	NA	NA	NA	NA
NC_045512.2	659	G	T	47005	44950	36	1	1	26	2.12734e-05	47007	1	FALSE	NA	NA	NA	NA	NA	NA
NC_045512.2	659	G	A	47005	44950	36	1	1	34	2.12734e-05	47007	1	FALSE	NA	NA	NA	NA	NA	NA
NC_045512.2	660	G	T	47260	45206	36	1	1	34	2.11582e-05	47263	1	FALSE	NA	NA	NA	NA	NA	NA
NC_045512.2	660	G	C	47260	45206	36	1	1	34	2.11582e-05	47263	1	FALSE	NA	NA	NA	NA	NA	NA
NC_045512.2	660	G	A	47260	45206	36	1	1	34	2.11582e-05	47263	1	FALSE	NA	NA	NA	NA	NA	NA
NC_045512.2	661	T	C	47198	45154	36	1	1	34	2.11869e-05	47199	1	FALSE	NA	NA	NA	NA	NA	NA
NC_045512.2	662	G	C	47162	45159	36	2	2	30	4.24034e-05	47166	1	FALSE	NA	NA	NA	NA	NA	NA
NC_045512.2	662	G	A	47162	45159	36	2	2	34	4.24034e-05	47166	1	FALSE	NA	NA	NA	NA	NA	NA
NC_045512.2	663	G	C	46788	44792	36	2	2	34	4.27414e-05	46793	1	FALSE	NA	NA	NA	NA	NA	NA
NC_045512.2	663	G	A	46788	44792	36	3	3	34	6.41122e-05	46793	1	FALSE	NA	NA	NA	NA	NA	NA
NC_045512.2	664	C	T	46795	44906	36	13	11	39	0.000277665	46819	0.999997	FALSE	NA	NA	NA	NA	NA	NA
NC_045512.2	664	C	A	46795	44906	36	11	11	33	0.000234947	46819	1	FALSE	NA	NA	NA	NA	NA	NA
NC_045512.2	665	C	T	46539	44670	36	2	2	34	4.29719e-05	46542	1	FALSE	NA	NA	NA	NA	NA	NA
NC_045512.2	665	C	G	46539	44670	36	1	1	34	2.1486e-05	46542	1	FALSE	NA	NA	NA	NA	NA	NA
NC_045512.2	666	A	T	46384	44517	36	3	3	31	6.46705e-05	46389	1	FALSE	NA	NA	NA	NA	NA	NA
NC_045512.2	666	A	G	46384	44517	36	2	2	34	4.31137e-05	46389	1	FALSE	NA	NA	NA	NA	NA	NA
NC_045512.2	667	T	C	46174	44411	36	4	4	34	8.66195e-05	46179	1	FALSE	NA	NA	NA	NA	NA	NA
NC_045512.2	667	T	A	46174	44411	36	1	1	34	2.16549e-05	46179	1	FALSE	NA	NA	NA	NA	NA	NA
NC_045512.2	668	A	G	46072	44367	36	8	8	33	0.000173611	46080	1	FALSE	NA	NA	NA	NA	NA	NA
NC_045512.2	669	G	T	45704	43998	36	1	1	34	2.1879e-05	45706	1	FALSE	NA	NA	NA	NA	NA	NA
NC_045512.2	669	G	C	45704	43998	36	1	1	34	2.1879e-05	45706	1	FALSE	NA	NA	NA	NA	NA	NA
NC_045512.2	670	T	G	2	2	34	45962	44269	36	0.999717	45975	0	TRUE	NA	NA	NA	NA	NA	NA
NC_045512.2	670	T	A	2	2	34	11	11	34	0.00023926	45975	2.3818e-31	TRUE	NA	NA	NA	NA	NA	NA
NC_045512.2	671	T	G	75281	43863	35	1	0	34	1.32816e-05	75292	1	FALSE	NA	NA	NA	NA	NA	NA
NC_045512.2	671	T	C	75281	43863	35	10	7	34	0.000132816	75292	1	FALSE	NA	NA	NA	NA	NA	NA
NC_045512.2	672	A	G	74232	42918	35	12	6	36	0.000161618	74249	1	FALSE	NA	NA	NA	NA	NA	NA
NC_045512.2	672	A	C	74232	42918	35	5	5	30	6.7341e-05	74249	1	FALSE	NA	NA	NA	NA	NA	NA
NC_045512.2	673	C	T	74007	42847	35	5	4	34	6.75502e-05	74019	1	FALSE	NA	NA	NA	NA	NA	NA
NC_045512.2	673	C	G	74007	42847	35	1	0	34	1.351e-05	74019	1	FALSE	NA	NA	NA	NA	NA	NA
NC_045512.2	673	C	A	74007	42847	35	6	3	34	8.10603e-05	74019	1	FALSE	NA	NA	NA	NA	NA	NA
NC_045512.2	674	G	A	73356	42075	35	9	6	34	0.000122674	73365	1	FALSE	NA	NA	NA	NA	NA	NA
NC_045512.2	675	G	T	74174	41968	35	5	2	34	6.74027e-05	74181	1	FALSE	NA	NA	NA	NA	NA	NA
NC_045512.2	675	G	A	74174	41968	35	2	1	34	2.69611e-05	74181	1	FALSE	NA	NA	NA	NA	NA	NA
NC_045512.2	676	C	T	73621	42029	35	6	2	34	8.14874e-05	73631	1	FALSE	NA	NA	NA	NA	NA	NA
NC_045512.2	676	C	G	73621	42029	35	1	0	26	1.35812e-05	73631	1	FALSE	NA	NA	NA	NA	NA	NA
NC_045512.2	676	C	A	73621	42029	35	3	1	34	4.07437e-05	73631	1	FALSE	NA	NA	NA	NA	NA	NA
NC_045512.2	677	G	T	72983	41233	35	2	1	34	2.73841e-05	73035	1	FALSE	NA	NA	NA	NA	NA	NA
NC_045512.2	677	G	C	72983	41233	35	2	1	30	2.73841e-05	73035	1	FALSE	NA	NA	NA	NA	NA	NA
NC_045512.2	677	G	A	72983	41233	35	48	45	34	0.000657219	73035	0.991153	FALSE	NA	NA	NA	NA	NA	NA
NC_045512.2	678	C	T	73086	41432	35	11	7	36	0.000150483	73098	1	FALSE	NA	NA	NA	NA	NA	NA
NC_045512.2	678	C	A	73086	41432	35	1	1	34	1.36803e-05	73098	1	FALSE	NA	NA	NA	NA	NA	NA
NC_045512.2	679	C	T	70487	38833	35	4	2	34	5.6744e-05	70492	1	FALSE	NA	NA	NA	NA	NA	NA
NC_045512.2	679	C	A	70487	38833	35	1	0	34	1.4186e-05	70492	1	FALSE	NA	NA	NA	NA	NA	NA
NC_045512.2	680	G	T	74533	38860	35	1	0	34	1.3412e-05	74560	1	FALSE	NA	NA	NA	NA	NA	NA
NC_045512.2	680	G	C	74533	38860	35	1	1	26	1.3412e-05	74560	1	FALSE	NA	NA	NA	NA	NA	NA
NC_045512.2	680	G	A	74533	38860	35	25	10	34	0.0003353	74560	1	FALSE	NA	NA	NA	NA	NA	NA
NC_045512.2	681	A	T	76147	38969	35	3	2	34	3.93944e-05	76153	1	FALSE	NA	NA	NA	NA	NA	NA
NC_045512.2	681	A	G	76147	38969	35	3	2	45	3.93944e-05	76153	0.945314	FALSE	NA	NA	NA	NA	NA	NA
NC_045512.2	682	T	G	75885	38646	35	1	0	34	1.31768e-05	75891	1	FALSE	NA	NA	NA	NA	NA	NA
NC_045512.2	682	T	C	75885	38646	35	4	3	33	5.27072e-05	75891	1	FALSE	NA	NA	NA	NA	NA	NA
NC_045512.2	682	T	A	75885	38646	35	1	0	24	1.31768e-05	75891	1	FALSE	NA	NA	NA	NA	NA	NA
NC_045512.2	683	C	T	76332	39292	35	47	45	34	0.000615344	76380	0.996715	FALSE	NA	NA	NA	NA	NA	NA
NC_045512.2	683	C	G	76332	39292	35	1	0	34	1.30924e-05	76380	1	FALSE	NA	NA	NA	NA	NA	NA
NC_045512.2	684	T	C	75821	38770	35	5	5	32	6.59404e-05	75826	1	FALSE	NA	NA	NA	NA	NA	NA
NC_045512.2	684	T	-A	75821	38770	35	2	0	20	2.63762e-05	75826	1	FALSE	NA	NA	NA	NA	NA	NA
NC_045512.2	685	A	T	76075	38792	35	1	1	34	1.31441e-05	76080	1	FALSE	NA	NA	NA	NA	NA	NA
NC_045512.2	685	A	G	76075	38792	35	4	3	34	5.25762e-05	76080	1	FALSE	NA	NA	NA	NA	NA	NA
NC_045512.2	686	A	G	76065	38780	35	4	0	34	5.25838e-05	76069	1	FALSE	NA	NA	NA	NA	NA	NA
NC_045512.2	687	A	T	75898	38778	35	1	0	34	1.31738e-05	75908	1	FALSE	NA	NA	NA	NA	NA	NA
NC_045512.2	687	A	G	75898	38778	35	7	0	32	9.22169e-05	75908	1	FALSE	NA	NA	NA	NA	NA	NA
NC_045512.2	687	A	C	75898	38778	35	2	1	34	2.63477e-05	75908	1	FALSE	NA	NA	NA	NA	NA	NA
NC_045512.2	688	G	T	76509	38862	35	2	2	30	2.6137e-05	76520	1	FALSE	NA	NA	NA	NA	NA	NA
NC_045512.2	688	G	C	76509	38862	35	2	2	34	2.6137e-05	76520	1	FALSE	NA	NA	NA	NA	NA	NA
NC_045512.2	688	G	A	76509	38862	35	7	5	34	9.14794e-05	76520	1	FALSE	NA	NA	NA	NA	NA	NA
NC_045512.2	689	T	G	73292	35703	35	3	0	34	4.09266e-05	73302	1	FALSE	NA	NA	NA	NA	NA	NA
NC_045512.2	689	T	C	73292	35703	35	7	1	43	9.54953e-05	73302	0.604721	FALSE	NA	NA	NA	NA	NA	NA
NC_045512.2	690	C	T	73422	34885	35	4	4	42	5.44699e-05	73435	0.886692	FALSE	NA	NA	NA	NA	NA	NA
NC_045512.2	690	C	G	73422	34885	35	4	0	34	5.44699e-05	73435	1	FALSE	NA	NA	NA	NA	NA	NA
NC_045512.2	690	C	A	73422	34885	35	5	2	30	6.80874e-05	73435	1	FALSE	NA	NA	NA	NA	NA	NA
NC_045512.2	691	A	G	73176	34738	35	9	5	34	0.000122976	73185	1	FALSE	NA	NA	NA	NA	NA	NA
NC_045512.2	691	A	+T	73176	34738	35	2	0	20	2.7328e-05	73185	1	FALSE	NA	NA	NA	NA	NA	NA
NC_045512.2	692	T	G	71404	32868	34	2	0	34	2.80041e-05	71418	1	FALSE	NA	NA	NA	NA	NA	NA
NC_045512.2	692	T	C	71404	32868	34	11	5	34	0.000154023	71418	1	FALSE	NA	NA	NA	NA	NA	NA
NC_045512.2	692	T	A	71404	32868	34	1	0	26	1.40021e-05	71418	1	FALSE	NA	NA	NA	NA	NA	NA
NC_045512.2	693	T	G	70940	32429	34	1	0	34	1.40901e-05	70972	1	FALSE	NA	NA	NA	NA	NA	NA
NC_045512.2	693	T	C	70940	32429	34	29	13	34	0.000408612	70972	0.999991	FALSE	NA	NA	NA	NA	NA	NA
NC_045512.2	693	T	A	70940	32429	34	2	0	26	2.81801e-05	70972	1	FALSE	NA	NA	NA	NA	NA	NA
NC_045512.2	694	T	C	73133	34652	35	19	8	33	0.00025973	73153	1	FALSE	NA	NA	NA	NA	NA	NA
NC_045512.2	694	T	A	73133	34652	35	1	0	26	1.367e-05	73153	1	FALSE	NA	NA	NA	NA	NA	NA
NC_045512.2	695	G	A	74551	34701	35	1	1	34	1.34135e-05	74552	1	FALSE	NA	NA	NA	NA	NA	NA
NC_045512.2	696	A	T	74549	34652	35	1	0	34	1.34129e-05	74555	1	FALSE	NA	NA	NA	NA	NA	NA
NC_045512.2	696	A	G	74549	34652	35	4	3	32	5.36517e-05	74555	1	FALSE	NA	NA	NA	NA	NA	NA
NC_045512.2	696	A	C	74549	34652	35	1	0	34	1.34129e-05	74555	1	FALSE	NA	NA	NA	NA	NA	NA
NC_045512.2	697	C	T	74601	34632	35	5	0	34	6.70187e-05	74606	1	FALSE	NA	NA	NA	NA	NA	NA
NC_045512.2	697	C	-T	74601	34632	35	1	0	20	1.34037e-05	74606	1	FALSE	NA	NA	NA	NA	NA	NA
NC_045512.2	698	T	G	73695	33748	35	4	4	34	5.42719e-05	73703	1	FALSE	NA	NA	NA	NA	NA	NA
NC_045512.2	698	T	C	73695	33748	35	4	3	34	5.42719e-05	73703	1	FALSE	NA	NA	NA	NA	NA	NA
NC_045512.2	699	T	C	72568	32614	35	13	3	36	0.00017911	72581	1	FALSE	NA	NA	NA	NA	NA	NA
NC_045512.2	700	A	T	72582	32604	35	2	0	34	2.7549e-05	72598	1	FALSE	NA	NA	NA	NA	NA	NA
NC_045512.2	700	A	G	72582	32604	35	14	3	33	0.000192843	72598	1	FALSE	NA	NA	NA	NA	NA	NA
NC_045512.2	701	G	T	73214	32581	35	2	2	34	2.73149e-05	73220	1	FALSE	NA	NA	NA	NA	NA	NA
NC_045512.2	701	G	C	73214	32581	35	1	1	34	1.36575e-05	73220	1	FALSE	NA	NA	NA	NA	NA	NA
NC_045512.2	701	G	A	73214	32581	35	3	0	34	4.09724e-05	73220	1	FALSE	NA	NA	NA	NA	NA	NA
NC_045512.2	703	C	T	42523	2582	36	4	0	34	9.4049e-05	42531	1	FALSE	NA	NA	NA	NA	NA	NA
NC_045512.2	703	C	A	42523	2582	36	4	0	34	9.4049e-05	42531	1	FALSE	NA	NA	NA	NA	NA	NA
NC_045512.2	704	G	A	42671	2585	36	6	0	34	0.000140591	42677	1	FALSE	NA	NA	NA	NA	NA	NA
NC_045512.2	705	A	G	42736	2649	36	6	1	34	0.000140377	42742	1	FALSE	NA	NA	NA	NA	NA	NA
NC_045512.2	706	C	T	42689	2694	36	24	0	34	0.000561864	42715	0.990692	FALSE	NA	NA	NA	NA	NA	NA
NC_045512.2	706	C	G	42689	2694	36	2	0	34	4.6822e-05	42715	1	FALSE	NA	NA	NA	NA	NA	NA
NC_045512.2	707	G	A	43150	2700	36	3	1	45	6.95201e-05	43153	0.773457	FALSE	NA	NA	NA	NA	NA	NA
NC_045512.2	708	A	G	43520	2706	36	5	0	32	0.000114877	43525	1	FALSE	NA	NA	NA	NA	NA	NA
NC_045512.2	709	G	A	49607	2767	36	5	0	34	0.000100782	49612	1	FALSE	NA	NA	NA	NA	NA	NA
NC_045512.2	711	T	G	49648	2920	36	3	0	34	6.04132e-05	49658	1	FALSE	NA	NA	NA	NA	NA	NA
NC_045512.2	711	T	C	49648	2920	36	7	0	32	0.000140964	49658	1	FALSE	NA	NA	NA	NA	NA	NA
NC_045512.2	712	T	G	49748	2938	36	3	0	29	6.02954e-05	49755	1	FALSE	NA	NA	NA	NA	NA	NA
NC_045512.2	712	T	C	49748	2938	36	4	0	34	8.03939e-05	49755	1	FALSE	NA	NA	NA	NA	NA	NA
NC_045512.2	712	T	-G	49748	2938	36	1	0	20	2.00985e-05	49755	1	FALSE	NA	NA	NA	NA	NA	NA
NC_045512.2	713	G	C	49855	2933	36	2	1	68	4.01131e-05	49859	0.249987	FALSE	NA	NA	NA	NA	NA	NA
NC_045512.2	713	G	A	49855	2933	36	2	0	34	4.01131e-05	49859	1	FALSE	NA	NA	NA	NA	NA	NA
NC_045512.2	714	G	T	52430	3694	37	1	0	68	1.90698e-05	52439	0.499967	FALSE	NA	NA	NA	NA	NA	NA
NC_045512.2	714	G	A	52430	3694	37	8	0	34	0.000152558	52439	1	FALSE	NA	NA	NA	NA	NA	NA
NC_045512.2	715	C	T	52543	3782	37	4	1	29	7.61209e-05	52548	1	FALSE	NA	NA	NA	NA	NA	NA
NC_045512.2	715	C	G	52543	3782	37	1	0	34	1.90302e-05	52548	1	FALSE	NA	NA	NA	NA	NA	NA
NC_045512.2	716	A	T	52643	3779	37	3	0	34	5.69714e-05	52658	1	FALSE	NA	NA	NA	NA	NA	NA
NC_045512.2	716	A	G	52643	3779	37	12	1	36	0.000227886	52658	1	FALSE	NA	NA	NA	NA	NA	NA
NC_045512.2	717	C	T	52749	3810	37	1	0	34	1.89573e-05	52750	1	FALSE	NA	NA	NA	NA	NA	NA
NC_045512.2	718	T	G	52825	3848	37	4	1	28	7.56773e-05	52856	1	FALSE	NA	NA	NA	NA	NA	NA
NC_045512.2	718	T	C	52825	3848	37	21	4	34	0.000397306	52856	0.999929	FALSE	NA	NA	NA	NA	NA	NA
NC_045512.2	718	T	A	52825	3848	37	6	0	26	0.000113516	52856	1	FALSE	NA	NA	NA	NA	NA	NA
NC_045512.2	718	T	-G	52825	3848	37	2	0	20	3.78387e-05	52856	1	FALSE	NA	NA	NA	NA	NA	NA
NC_045512.2	719	G	T	53285	3858	37	5	0	34	9.38104e-05	53299	1	FALSE	NA	NA	NA	NA	NA	NA
NC_045512.2	719	G	C	53285	3858	37	1	0	34	1.87621e-05	53299	1	FALSE	NA	NA	NA	NA	NA	NA
NC_045512.2	719	G	A	53285	3858	37	8	0	33	0.000150097	53299	1	FALSE	NA	NA	NA	NA	NA	NA
NC_045512.2	720	A	G	53410	3925	37	1	0	34	1.87224e-05	53412	1	FALSE	NA	NA	NA	NA	NA	NA
NC_045512.2	720	A	C	53410	3925	37	1	0	26	1.87224e-05	53412	1	FALSE	NA	NA	NA	NA	NA	NA
NC_045512.2	721	T	C	53628	3972	37	5	0	32	9.32244e-05	53634	1	FALSE	NA	NA	NA	NA	NA	NA
NC_045512.2	721	T	A	53628	3972	37	1	0	34	1.86449e-05	53634	1	FALSE	NA	NA	NA	NA	NA	NA
NC_045512.2	721	T	-C	53628	3972	37	1	0	20	1.86449e-05	53634	1	FALSE	NA	NA	NA	NA	NA	NA
NC_045512.2	722	C	T	53639	4000	37	2	0	51	3.72842e-05	53642	0.249993	FALSE	NA	NA	NA	NA	NA	NA
NC_045512.2	722	C	A	53639	4000	37	1	0	34	1.86421e-05	53642	1	FALSE	NA	NA	NA	NA	NA	NA
NC_045512.2	723	C	T	54029	4084	37	2	0	34	3.70144e-05	54033	1	FALSE	NA	NA	NA	NA	NA	NA
NC_045512.2	723	C	G	54029	4084	37	1	0	34	1.85072e-05	54033	1	FALSE	NA	NA	NA	NA	NA	NA
NC_045512.2	723	C	A	54029	4084	37	1	1	68	1.85072e-05	54033	0.499991	FALSE	NA	NA	NA	NA	NA	NA
NC_045512.2	723	C	-T	54029	4084	37	1	0	20	1.85072e-05	54033	1	FALSE	NA	NA	NA	NA	NA	NA
NC_045512.2	724	T	C	54306	4106	37	1	0	34	1.84135e-05	54308	1	FALSE	NA	NA	NA	NA	NA	NA
NC_045512.2	724	T	A	54306	4106	37	1	0	26	1.84135e-05	54308	1	FALSE	NA	NA	NA	NA	NA	NA
NC_045512.2	725	T	G	54423	4112	37	1	0	34	1.83729e-05	54428	1	FALSE	NA	NA	NA	NA	NA	NA
NC_045512.2	725	T	C	54423	4112	37	3	0	31	5.51187e-05	54428	1	FALSE	NA	NA	NA	NA	NA	NA
NC_045512.2	725	T	A	54423	4112	37	1	0	34	1.83729e-05	54428	1	FALSE	NA	NA	NA	NA	NA	NA
NC_045512.2	726	A	C	54552	4114	37	1	0	34	1.83308e-05	54553	1	FALSE	NA	NA	NA	NA	NA	NA
NC_045512.2	727	T	C	54511	4137	37	3	0	34	5.50317e-05	54514	1	FALSE	NA	NA	NA	NA	NA	NA
NC_045512.2	728	G	T	54492	4128	37	3	0	34	5.50489e-05	54497	1	FALSE	NA	NA	NA	NA	NA	NA
NC_045512.2	728	G	A	54492	4128	37	2	0	30	3.66993e-05	54497	1	FALSE	NA	NA	NA	NA	NA	NA
NC_045512.2	730	A	T	54613	4424	37	2	0	34	3.66139e-05	54624	1	FALSE	NA	NA	NA	NA	NA	NA
NC_045512.2	730	A	G	54613	4424	37	7	1	31	0.000128149	54624	1	FALSE	NA	NA	NA	NA	NA	NA
NC_045512.2	730	A	C	54613	4424	37	2	0	34	3.66139e-05	54624	1	FALSE	NA	NA	NA	NA	NA	NA
NC_045512.2	731	G	T	54639	4417	37	2	0	34	3.66019e-05	54642	1	FALSE	NA	NA	NA	NA	NA	NA
NC_045512.2	731	G	A	54639	4417	37	1	0	34	1.83009e-05	54642	1	FALSE	NA	NA	NA	NA	NA	NA
NC_045512.2	732	A	T	53491	4454	35	2	0	34	3.73839e-05	53499	1	FALSE	NA	NA	NA	NA	NA	NA
NC_045512.2	732	A	G	53491	4454	35	5	1	40	9.34597e-05	53499	0.62303	FALSE	NA	NA	NA	NA	NA	NA
NC_045512.2	732	A	C	53491	4454	35	1	0	26	1.86919e-05	53499	1	FALSE	NA	NA	NA	NA	NA	NA
NC_045512.2	732	A	-T	53491	4454	35	5	0	20	9.34597e-05	53499	1	FALSE	NA	NA	NA	NA	NA	NA
NC_045512.2	733	T	G	54647	4482	37	6	0	28	0.000109778	54656	1	FALSE	NA	NA	NA	NA	NA	NA
NC_045512.2	733	T	C	54647	4482	37	3	0	28	5.48888e-05	54656	1	FALSE	NA	NA	NA	NA	NA	NA
NC_045512.2	734	T	G	54537	4482	37	2	0	30	3.66636e-05	54550	1	FALSE	NA	NA	NA	NA	NA	NA
NC_045512.2	734	T	C	54537	4482	37	11	5	32	0.00020165	54550	1	FALSE	NA	NA	NA	NA	NA	NA
NC_045512.2	735	T	G	54635	4519	37	1	1	27	1.83016e-05	54640	1	FALSE	NA	NA	NA	NA	NA	NA
NC_045512.2	735	T	C	54635	4519	37	4	0	42	7.32064e-05	54640	0.746103	FALSE	NA	NA	NA	NA	NA	NA
NC_045512.2	736	T	C	54666	4521	37	7	0	37	0.000128034	54673	1	FALSE	NA	NA	NA	NA	NA	NA
NC_045512.2	737	C	T	54759	4634	38	1	0	34	1.82615e-05	54760	1	FALSE	NA	NA	NA	NA	NA	NA
NC_045512.2	738	A	G	54708	4637	37	6	0	34	0.000109661	54714	1	FALSE	NA	NA	NA	NA	NA	NA
NC_045512.2	739	A	T	53943	4636	37	1	0	34	1.8534e-05	53955	1	FALSE	NA	NA	NA	NA	NA	NA
NC_045512.2	739	A	G	53943	4636	37	10	0	34	0.00018534	53955	1	FALSE	NA	NA	NA	NA	NA	NA
NC_045512.2	739	A	C	53943	4636	37	1	1	34	1.8534e-05	53955	1	FALSE	NA	NA	NA	NA	NA	NA
NC_045512.2	740	G	T	54789	4628	38	1	0	34	1.82515e-05	54790	1	FALSE	NA	NA	NA	NA	NA	NA
NC_045512.2	740	G	+A	54789	4628	38	1	0	20	1.82515e-05	54790	1	FALSE	NA	NA	NA	NA	NA	NA
NC_045512.2	741	A	G	54127	4733	37	15	0	32	0.000277049	54142	1	FALSE	NA	NA	NA	NA	NA	NA
NC_045512.2	742	A	G	54842	4774	38	4	0	34	7.29315e-05	54846	1	FALSE	NA	NA	NA	NA	NA	NA
NC_045512.2	743	A	G	55162	4891	38	5	0	36	9.06339e-05	55167	1	FALSE	NA	NA	NA	NA	NA	NA
NC_045512.2	744	A	G	54561	4895	38	5	0	41	9.16322e-05	54566	0.623064	FALSE	NA	NA	NA	NA	NA	NA
NC_045512.2	745	C	A	55350	4895	38	1	1	68	1.80665e-05	55351	0.500005	FALSE	NA	NA	NA	NA	NA	NA
NC_045512.2	746	T	C	55491	4896	38	8	1	46	0.000144142	55501	0.290505	FALSE	NA	NA	NA	NA	NA	NA
NC_045512.2	746	T	A	55491	4896	38	2	0	30	3.60354e-05	55501	1	FALSE	NA	NA	NA	NA	NA	NA
NC_045512.2	747	G	T	55470	4896	38	2	0	34	3.60497e-05	55479	1	FALSE	NA	NA	NA	NA	NA	NA
NC_045512.2	747	G	C	55470	4896	38	1	0	26	1.80248e-05	55479	1	FALSE	NA	NA	NA	NA	NA	NA
NC_045512.2	747	G	A	55470	4896	38	6	0	34	0.000108149	55479	1	FALSE	NA	NA	NA	NA	NA	NA
NC_045512.2	748	G	A	55468	4897	38	1	0	34	1.80281e-05	55469	1	FALSE	NA	NA	NA	NA	NA	NA
NC_045512.2	749	A	G	55585	5033	38	12	3	35	0.000215839	55597	1	FALSE	NA	NA	NA	NA	NA	NA
NC_045512.2	750	A	G	57071	5162	38	6	1	38	0.000105119	57078	1	FALSE	NA	NA	NA	NA	NA	NA
NC_045512.2	750	A	C	57071	5162	38	1	0	34	1.75199e-05	57078	1	FALSE	NA	NA	NA	NA	NA	NA
NC_045512.2	751	C	T	57784	5196	38	3	1	45	5.19139e-05	57788	0.855477	FALSE	NA	NA	NA	NA	NA	NA
NC_045512.2	751	C	G	57784	5196	38	1	1	68	1.73046e-05	57788	0.499991	FALSE	NA	NA	NA	NA	NA	NA
NC_045512.2	752	A	T	58134	5146	38	2	0	34	3.43985e-05	58142	1	FALSE	NA	NA	NA	NA	NA	NA
NC_045512.2	752	A	G	58134	5146	38	6	0	34	0.000103196	58142	1	FALSE	NA	NA	NA	NA	NA	NA
NC_045512.2	753	C	T	55593	5527	38	2	1	46	3.59725e-05	55598	0.9375	FALSE	NA	NA	NA	NA	NA	NA
NC_045512.2	753	C	A	55593	5527	38	3	0	34	5.39588e-05	55598	1	FALSE	NA	NA	NA	NA	NA	NA
NC_045512.2	754	T	G	55499	5563	38	2	0	34	3.60334e-05	55504	1	FALSE	NA	NA	NA	NA	NA	NA
NC_045512.2	754	T	C	55499	5563	38	2	0	47	3.60334e-05	55504	0.9375	FALSE	NA	NA	NA	NA	NA	NA
NC_045512.2	754	T	A	55499	5563	38	1	0	34	1.80167e-05	55504	1	FALSE	NA	NA	NA	NA	NA	NA
NC_045512.2	755	A	G	57491	6092	38	14	2	41	0.000243457	57505	0.031776	FALSE	NA	NA	NA	NA	NA	NA
NC_045512.2	756	A	G	57346	6155	38	2	0	34	3.48748e-05	57348	1	FALSE	NA	NA	NA	NA	NA	NA
NC_045512.2	757	A	G	56352	6359	37	5	0	40	8.87185e-05	56358	0.623052	FALSE	NA	NA	NA	NA	NA	NA
NC_045512.2	757	A	C	56352	6359	37	1	0	68	1.77437e-05	56358	0.499982	FALSE	NA	NA	NA	NA	NA	NA
NC_045512.2	758	C	T	57582	6481	38	1	0	34	1.73659e-05	57584	1	FALSE	NA	NA	NA	NA	NA	NA
NC_045512.2	758	C	A	57582	6481	38	1	0	34	1.73659e-05	57584	1	FALSE	NA	NA	NA	NA	NA	NA
NC_045512.2	759	A	G	57336	6234	38	9	0	31	0.000156945	57345	1	FALSE	NA	NA	NA	NA	NA	NA
NC_045512.2	760	T	G	56747	6764	38	2	0	34	3.52423e-05	56750	1	FALSE	NA	NA	NA	NA	NA	NA
NC_045512.2	760	T	C	56747	6764	38	1	1	26	1.76211e-05	56750	1	FALSE	NA	NA	NA	NA	NA	NA
NC_045512.2	761	A	G	56478	6700	38	8	0	34	0.000141628	56486	1	FALSE	NA	NA	NA	NA	NA	NA
NC_045512.2	762	G	T	58099	6712	38	1	0	34	1.72114e-05	58101	1	FALSE	NA	NA	NA	NA	NA	NA
NC_045512.2	762	G	C	58099	6712	38	1	0	34	1.72114e-05	58101	1	FALSE	NA	NA	NA	NA	NA	NA
NC_045512.2	763	C	T	50236	8419	38	4	1	68	7.96099e-05	50245	0.0624863	FALSE	NA	NA	NA	NA	NA	NA
NC_045512.2	763	C	G	50236	8419	38	2	0	30	3.9805e-05	50245	1	FALSE	NA	NA	NA	NA	NA	NA
NC_045512.2	763	C	A	50236	8419	38	3	2	56	5.97074e-05	50245	0.124978	FALSE	NA	NA	NA	NA	NA	NA
NC_045512.2	764	A	G	49435	8173	38	8	2	41	0.000161802	49443	0.193843	FALSE	NA	NA	NA	NA	NA	NA
NC_045512.2	765	G	C	48745	8401	38	1	0	34	2.05132e-05	48749	1	FALSE	NA	NA	NA	NA	NA	NA
NC_045512.2	765	G	A	48745	8401	38	3	3	34	6.15397e-05	48749	1	FALSE	NA	NA	NA	NA	NA	NA
NC_045512.2	766	T	G	47578	8906	38	3	1	34	6.30491e-05	47582	1	FALSE	NA	NA	NA	NA	NA	NA
NC_045512.2	766	T	C	47578	8906	38	1	0	34	2.10164e-05	47582	1	FALSE	NA	NA	NA	NA	NA	NA
NC_045512.2	767	G	T	49595	8957	38	2	0	34	4.03242e-05	49598	1	FALSE	NA	NA	NA	NA	NA	NA
NC_045512.2	767	G	A	49595	8957	38	1	0	26	2.01621e-05	49598	1	FALSE	NA	NA	NA	NA	NA	NA
NC_045512.2	768	G	T	49706	9185	38	2	2	34	4.02334e-05	49710	1	FALSE	NA	NA	NA	NA	NA	NA
NC_045512.2	768	G	A	49706	9185	38	2	1	51	4.02334e-05	49710	0.249992	FALSE	NA	NA	NA	NA	NA	NA
NC_045512.2	769	T	C	48609	9136	37	2	0	34	4.1143e-05	48611	1	FALSE	NA	NA	NA	NA	NA	NA
NC_045512.2	770	G	T	48615	9256	37	1	0	34	2.05677e-05	48620	1	FALSE	NA	NA	NA	NA	NA	NA
NC_045512.2	770	G	A	48615	9256	37	4	0	30	8.22707e-05	48620	1	FALSE	NA	NA	NA	NA	NA	NA
NC_045512.2	771	T	G	44389	9765	37	1	0	34	2.25271e-05	44391	1	FALSE	NA	NA	NA	NA	NA	NA
NC_045512.2	771	T	C	44389	9765	37	1	1	68	2.25271e-05	44391	0.5	FALSE	NA	NA	NA	NA	NA	NA
NC_045512.2	772	T	G	44670	10165	37	2	0	30	4.47608e-05	44682	1	FALSE	NA	NA	NA	NA	NA	NA
NC_045512.2	772	T	C	44670	10165	37	5	0	34	0.000111902	44682	1	FALSE	NA	NA	NA	NA	NA	NA
NC_045512.2	772	T	A	44670	10165	37	5	2	34	0.000111902	44682	1	FALSE	NA	NA	NA	NA	NA	NA
NC_045512.2	772	T	-A	44670	10165	37	2	0	20	4.47608e-05	44682	1	FALSE	NA	NA	NA	NA	NA	NA
NC_045512.2	773	A	T	44219	10189	37	2	0	30	4.52192e-05	44229	1	FALSE	NA	NA	NA	NA	NA	NA
NC_045512.2	773	A	G	44219	10189	37	7	3	34	0.000158267	44229	1	FALSE	NA	NA	NA	NA	NA	NA
NC_045512.2	773	A	C	44219	10189	37	1	0	34	2.26096e-05	44229	1	FALSE	NA	NA	NA	NA	NA	NA
NC_045512.2	773	A	-C	44219	10189	37	1	0	20	2.26086e-05	44231	1	FALSE	NA	NA	NA	NA	NA	NA
NC_045512.2	774	C	T	46528	10656	37	9	2	41	0.000193382	46540	0.133381	FALSE	NA	NA	NA	NA	NA	NA
NC_045512.2	774	C	G	46528	10656	37	2	0	34	4.29738e-05	46540	1	FALSE	NA	NA	NA	NA	NA	NA
NC_045512.2	774	C	A	46528	10656	37	1	0	34	2.14869e-05	46540	1	FALSE	NA	NA	NA	NA	NA	NA
NC_045512.2	775	C	T	45883	10888	37	2	1	34	4.35825e-05	45890	1	FALSE	NA	NA	NA	NA	NA	NA
NC_045512.2	775	C	G	45883	10888	37	1	0	34	2.17912e-05	45890	1	FALSE	NA	NA	NA	NA	NA	NA
NC_045512.2	775	C	A	45883	10888	37	4	1	34	8.7165e-05	45890	1	FALSE	NA	NA	NA	NA	NA	NA
NC_045512.2	776	C	T	45507	10471	37	8	1	33	0.000175759	45517	1	FALSE	NA	NA	NA	NA	NA	NA
NC_045512.2	776	C	G	45507	10471	37	2	0	30	4.39396e-05	45517	1	FALSE	NA	NA	NA	NA	NA	NA
NC_045512.2	777	G	C	45301	10227	37	7	2	68	0.000154253	45380	0.00776798	TRUE	NA	NA	NA	NA	NA	NA
NC_045512.2	777	G	A	45301	10227	37	72	9	35	0.0015866	45380	0.00788317	TRUE	NA	NA	NA	NA	NA	NA
NC_045512.2	778	T	G	45222	10159	37	1	0	34	2.21073e-05	45234	1	FALSE	NA	NA	NA	NA	NA	NA
NC_045512.2	778	T	C	45222	10159	37	10	1	34	0.000221073	45234	1	FALSE	NA	NA	NA	NA	NA	NA
NC_045512.2	778	T	A	45222	10159	37	1	0	34	2.21073e-05	45234	1	FALSE	NA	NA	NA	NA	NA	NA
NC_045512.2	779	G	A	45525	10196	37	3	1	34	6.58935e-05	45528	1	FALSE	NA	NA	NA	NA	NA	NA
NC_045512.2	780	A	G	45509	10199	37	1	0	34	2.19732e-05	45510	1	FALSE	NA	NA	NA	NA	NA	NA
NC_045512.2	781	A	G	40210	10745	36	1	0	34	2.4867e-05	40214	1	FALSE	NA	NA	NA	NA	NA	NA
NC_045512.2	781	A	C	40210	10745	36	3	3	30	7.46009e-05	40214	1	FALSE	NA	NA	NA	NA	NA	NA
NC_045512.2	782	C	T	41888	11182	37	11	2	34	0.000262517	41902	0.999995	FALSE	NA	NA	NA	NA	NA	NA
NC_045512.2	782	C	A	41888	11182	37	3	0	31	7.15956e-05	41902	1	FALSE	NA	NA	NA	NA	NA	NA
NC_045512.2	783	T	C	41814	11224	37	4	0	34	9.56503e-05	41819	1	FALSE	NA	NA	NA	NA	NA	NA
NC_045512.2	783	T	A	41814	11224	37	1	0	34	2.39126e-05	41819	1	FALSE	NA	NA	NA	NA	NA	NA
NC_045512.2	784	C	T	42105	11552	37	2	1	34	4.74947e-05	42110	1	FALSE	NA	NA	NA	NA	NA	NA
NC_045512.2	784	C	G	42105	11552	37	2	0	34	4.74947e-05	42110	1	FALSE	NA	NA	NA	NA	NA	NA
NC_045512.2	784	C	A	42105	11552	37	1	0	34	2.37473e-05	42110	1	FALSE	NA	NA	NA	NA	NA	NA
NC_045512.2	785	A	G	42020	11658	37	4	1	40	9.51837e-05	42024	0.636738	FALSE	NA	NA	NA	NA	NA	NA
NC_045512.2	786	T	G	42461	11598	37	1	1	26	2.35488e-05	42465	1	FALSE	NA	NA	NA	NA	NA	NA
NC_045512.2	786	T	C	42461	11598	37	3	2	31	7.06464e-05	42465	1	FALSE	NA	NA	NA	NA	NA	NA
NC_045512.2	787	G	A	42541	11689	37	2	0	34	4.70113e-05	42543	1	FALSE	NA	NA	NA	NA	NA	NA
NC_045512.2	788	C	T	41851	11773	37	19	4	41	0.000453742	41874	0.00129735	TRUE	NA	NA	NA	NA	NA	NA
NC_045512.2	788	C	G	41851	11773	37	3	0	31	7.16435e-05	41874	1	FALSE	NA	NA	NA	NA	NA	NA
NC_045512.2	788	C	A	41851	11773	37	1	0	26	2.38812e-05	41874	1	FALSE	NA	NA	NA	NA	NA	NA
NC_045512.2	789	G	T	42185	11795	37	1	0	34	2.37012e-05	42192	1	FALSE	NA	NA	NA	NA	NA	NA
NC_045512.2	789	G	A	42185	11795	37	6	1	39	0.000142207	42192	1	FALSE	NA	NA	NA	NA	NA	NA
NC_045512.2	790	T	G	41897	11718	37	1	0	34	2.38618e-05	41908	1	FALSE	NA	NA	NA	NA	NA	NA
NC_045512.2	790	T	C	41897	11718	37	5	3	34	0.000119309	41908	1	FALSE	NA	NA	NA	NA	NA	NA
NC_045512.2	790	T	A	41897	11718	37	5	0	34	0.000119309	41908	1	FALSE	NA	NA	NA	NA	NA	NA
NC_045512.2	791	G	A	41263	11754	37	1	1	34	2.42342e-05	41264	1	FALSE	NA	NA	NA	NA	NA	NA
NC_045512.2	792	A	G	41108	11768	37	2	0	34	4.865e-05	41110	1	FALSE	NA	NA	NA	NA	NA	NA
NC_045512.2	794	C	T	42203	12133	37	1	0	34	2.36944e-05	42204	1	FALSE	NA	NA	NA	NA	NA	NA
NC_045512.2	795	T	G	42057	11961	37	2	0	34	4.75455e-05	42065	1	FALSE	NA	NA	NA	NA	NA	NA
NC_045512.2	795	T	C	42057	11961	37	6	1	32	0.000142636	42065	1	FALSE	NA	NA	NA	NA	NA	NA
NC_045512.2	796	T	G	42354	11998	37	1	0	26	2.36077e-05	42359	1	FALSE	NA	NA	NA	NA	NA	NA
NC_045512.2	796	T	C	42354	11998	37	4	0	34	9.44309e-05	42359	1	FALSE	NA	NA	NA	NA	NA	NA
NC_045512.2	797	A	G	42539	12414	37	1	1	34	2.35073e-05	42540	1	FALSE	NA	NA	NA	NA	NA	NA
NC_045512.2	798	A	G	42517	12880	37	7	1	34	0.000164613	42524	1	FALSE	NA	NA	NA	NA	NA	NA
NC_045512.2	799	C	T	43108	12950	37	5	1	34	0.000115972	43114	1	FALSE	NA	NA	NA	NA	NA	NA
NC_045512.2	799	C	G	43108	12950	37	1	0	27	2.31943e-05	43114	1	FALSE	NA	NA	NA	NA	NA	NA
NC_045512.2	800	G	T	43097	12893	37	1	0	34	2.31992e-05	43105	1	FALSE	NA	NA	NA	NA	NA	NA
NC_045512.2	800	G	A	43097	12893	37	7	4	34	0.000162394	43105	1	FALSE	NA	NA	NA	NA	NA	NA
NC_045512.2	801	G	T	43242	12911	37	1	0	34	2.31246e-05	43244	1	FALSE	NA	NA	NA	NA	NA	NA
NC_045512.2	801	G	C	43242	12911	37	1	0	34	2.31246e-05	43244	1	FALSE	NA	NA	NA	NA	NA	NA
NC_045512.2	802	A	T	42086	12314	37	1	0	34	2.37552e-05	42096	1	FALSE	NA	NA	NA	NA	NA	NA
NC_045512.2	802	A	G	42086	12314	37	9	2	34	0.000213797	42096	1	FALSE	NA	NA	NA	NA	NA	NA
NC_045512.2	802	A	+G	42086	12314	37	1	0	20	2.37552e-05	42096	1	FALSE	NA	NA	NA	NA	NA	NA
NC_045512.2	803	G	C	42567	12345	37	2	2	34	4.69825e-05	42569	1	FALSE	NA	NA	NA	NA	NA	NA
NC_045512.2	804	G	T	42636	12352	37	2	2	51	4.69043e-05	42640	0.249991	FALSE	NA	NA	NA	NA	NA	NA
NC_045512.2	804	G	C	42636	12352	37	2	0	34	4.69043e-05	42640	1	FALSE	NA	NA	NA	NA	NA	NA
NC_045512.2	806	G	A	46639	12620	37	9	5	37	0.000192934	46648	1	FALSE	NA	NA	NA	NA	NA	NA
NC_045512.2	807	C	T	46490	13164	37	6	1	39	0.000129024	46503	1	FALSE	NA	NA	NA	NA	NA	NA
NC_045512.2	807	C	A	46490	13164	37	7	6	34	0.000150528	46503	1	FALSE	NA	NA	NA	NA	NA	NA
NC_045512.2	808	A	T	46649	13217	37	2	1	34	4.28651e-05	46658	1	FALSE	NA	NA	NA	NA	NA	NA
NC_045512.2	808	A	G	46649	13217	37	7	6	38	0.000150028	46658	1	FALSE	NA	NA	NA	NA	NA	NA
NC_045512.2	809	T	C	46431	13252	37	1	1	34	2.15359e-05	46434	1	FALSE	NA	NA	NA	NA	NA	NA
NC_045512.2	809	T	A	46431	13252	37	2	0	34	4.30719e-05	46434	1	FALSE	NA	NA	NA	NA	NA	NA
NC_045512.2	810	A	G	41763	13864	36	8	1	34	0.00019152	41771	1	FALSE	NA	NA	NA	NA	NA	NA
NC_045512.2	811	C	T	42050	13854	36	6	2	34	0.000142657	42059	1	FALSE	NA	NA	NA	NA	NA	NA
NC_045512.2	811	C	A	42050	13854	36	3	1	34	7.13284e-05	42059	1	FALSE	NA	NA	NA	NA	NA	NA
NC_045512.2	812	A	T	42041	13886	36	1	0	26	2.37846e-05	42044	1	FALSE	NA	NA	NA	NA	NA	NA
NC_045512.2	812	A	G	42041	13886	36	2	0	34	4.75692e-05	42044	1	FALSE	NA	NA	NA	NA	NA	NA
NC_045512.2	813	C	A	40187	14209	36	3	0	34	7.46454e-05	40190	1	FALSE	NA	NA	NA	NA	NA	NA
NC_045512.2	814	T	C	38732	12819	36	7	0	32	0.000180696	38739	1	FALSE	NA	NA	NA	NA	NA	NA
NC_045512.2	815	C	T	38703	12667	36	6	4	45	0.000154991	38712	0.253868	FALSE	NA	NA	NA	NA	NA	NA
NC_045512.2	815	C	G	38703	12667	36	2	0	26	5.16636e-05	38712	1	FALSE	NA	NA	NA	NA	NA	NA
NC_045512.2	815	C	A	38703	12667	36	1	0	68	2.58318e-05	38712	0.499955	FALSE	NA	NA	NA	NA	NA	NA
NC_045512.2	816	G	T	38695	12638	36	3	1	34	7.75134e-05	38703	1	FALSE	NA	NA	NA	NA	NA	NA
NC_045512.2	816	G	A	38695	12638	36	5	0	32	0.000129189	38703	1	FALSE	NA	NA	NA	NA	NA	NA
NC_045512.2	817	C	T	39347	13810	36	1	1	68	2.54143e-05	39348	0.500006	FALSE	NA	NA	NA	NA	NA	NA
NC_045512.2	818	T	G	39697	13895	36	1	0	34	2.5187e-05	39703	1	FALSE	NA	NA	NA	NA	NA	NA
NC_045512.2	818	T	C	39697	13895	36	5	1	34	0.000125935	39703	1	FALSE	NA	NA	NA	NA	NA	NA
NC_045512.2	819	A	T	39421	13750	36	4	4	30	0.000101451	39428	1	FALSE	NA	NA	NA	NA	NA	NA
NC_045512.2	819	A	C	39421	13750	36	3	3	28	7.60881e-05	39428	1	FALSE	NA	NA	NA	NA	NA	NA
NC_045512.2	820	T	C	39146	13743	36	1	1	68	2.55447e-05	39147	0.500006	FALSE	NA	NA	NA	NA	NA	NA
NC_045512.2	821	G	A	39993	13730	36	1	1	60	2.50038e-05	39994	0.500006	FALSE	NA	NA	NA	NA	NA	NA
NC_045512.2	822	T	C	39845	13775	36	2	1	47	5.0192e-05	39847	0.812516	FALSE	NA	NA	NA	NA	NA	NA
NC_045512.2	823	C	T	39402	13770	36	1	0	34	2.53781e-05	39404	1	FALSE	NA	NA	NA	NA	NA	NA
NC_045512.2	823	C	A	39402	13770	36	1	0	34	2.53781e-05	39404	1	FALSE	NA	NA	NA	NA	NA	NA
NC_045512.2	824	G	T	39310	13599	36	2	0	30	5.08182e-05	39356	1	FALSE	NA	NA	NA	NA	NA	NA
NC_045512.2	824	G	C	39310	13599	36	1	1	60	2.54091e-05	39356	0.49972	FALSE	NA	NA	NA	NA	NA	NA
NC_045512.2	824	G	A	39310	13599	36	43	7	34	0.00109259	39356	0.370174	FALSE	NA	NA	NA	NA	NA	NA
NC_045512.2	825	A	G	39484	14151	36	4	3	42	0.000101297	39488	0.500014	FALSE	NA	NA	NA	NA	NA	NA
NC_045512.2	826	T	C	39546	14190	36	1	0	34	2.52864e-05	39547	1	FALSE	NA	NA	NA	NA	NA	NA
NC_045512.2	826	T	-A	39546	14190	36	3	0	20	7.58591e-05	39547	1	FALSE	NA	NA	NA	NA	NA	NA
NC_045512.2	827	A	T	38895	14268	36	1	0	34	2.57069e-05	38900	1	FALSE	NA	NA	NA	NA	NA	NA
NC_045512.2	827	A	G	38895	14268	36	2	0	34	5.14139e-05	38900	1	FALSE	NA	NA	NA	NA	NA	NA
NC_045512.2	827	A	C	38895	14268	36	2	2	34	5.14139e-05	38900	1	FALSE	NA	NA	NA	NA	NA	NA
NC_045512.2	828	A	G	39641	14252	36	7	0	34	0.000176549	39649	1	FALSE	NA	NA	NA	NA	NA	NA
NC_045512.2	828	A	C	39641	14252	36	1	1	34	2.52213e-05	39649	1	FALSE	NA	NA	NA	NA	NA	NA
NC_045512.2	829	C	G	40026	14259	36	4	0	32	9.99226e-05	40031	1	FALSE	NA	NA	NA	NA	NA	NA
NC_045512.2	829	C	A	40026	14259	36	1	0	68	2.49806e-05	40031	0.499981	FALSE	NA	NA	NA	NA	NA	NA
NC_045512.2	830	A	T	39363	13787	36	1	0	34	2.54026e-05	39366	1	FALSE	NA	NA	NA	NA	NA	NA
NC_045512.2	830	A	G	39363	13787	36	2	1	43	5.08053e-05	39366	0.812508	FALSE	NA	NA	NA	NA	NA	NA
NC_045512.2	831	A	C	39487	13804	36	1	1	34	2.53241e-05	39488	1	FALSE	NA	NA	NA	NA	NA	NA
NC_045512.2	832	C	T	39790	14088	36	1	0	34	2.51307e-05	39792	1	FALSE	NA	NA	NA	NA	NA	NA
NC_045512.2	832	C	G	39790	14088	36	1	0	34	2.51307e-05	39792	1	FALSE	NA	NA	NA	NA	NA	NA
NC_045512.2	832	C	-T	39790	14088	36	1	0	20	2.51307e-05	39792	1	FALSE	NA	NA	NA	NA	NA	NA
NC_045512.2	833	T	G	39658	14003	36	1	0	34	2.52118e-05	39664	1	FALSE	NA	NA	NA	NA	NA	NA
NC_045512.2	833	T	C	39658	14003	36	2	1	34	5.04236e-05	39664	1	FALSE	NA	NA	NA	NA	NA	NA
NC_045512.2	833	T	A	39658	14003	36	3	1	34	7.56353e-05	39664	1	FALSE	NA	NA	NA	NA	NA	NA
NC_045512.2	834	T	G	39851	14030	36	1	0	26	2.50897e-05	39857	1	FALSE	NA	NA	NA	NA	NA	NA
NC_045512.2	834	T	C	39851	14030	36	3	0	31	7.52691e-05	39857	1	FALSE	NA	NA	NA	NA	NA	NA
NC_045512.2	834	T	A	39851	14030	36	2	0	34	5.01794e-05	39857	1	FALSE	NA	NA	NA	NA	NA	NA
NC_045512.2	835	C	T	40221	14111	36	1	0	34	2.48614e-05	40223	1	FALSE	NA	NA	NA	NA	NA	NA
NC_045512.2	835	C	A	40221	14111	36	1	0	26	2.48614e-05	40223	1	FALSE	NA	NA	NA	NA	NA	NA
NC_045512.2	835	C	-TG	40221	14111	36	2	0	20	4.97228e-05	40223	1	FALSE	NA	NA	NA	NA	NA	NA
NC_045512.2	836	T	G	40228	14143	36	1	0	26	2.4854e-05	40235	1	FALSE	NA	NA	NA	NA	NA	NA
NC_045512.2	836	T	C	40228	14143	36	5	1	34	0.00012427	40235	1	FALSE	NA	NA	NA	NA	NA	NA
NC_045512.2	836	T	A	40228	14143	36	1	0	34	2.4854e-05	40235	1	FALSE	NA	NA	NA	NA	NA	NA
NC_045512.2	837	G	C	40342	14240	36	1	1	27	2.47862e-05	40345	1	FALSE	NA	NA	NA	NA	NA	NA
NC_045512.2	837	G	A	40342	14240	36	2	0	34	4.95724e-05	40345	1	FALSE	NA	NA	NA	NA	NA	NA
NC_045512.2	838	T	G	39957	14038	36	1	0	34	2.50194e-05	39969	1	FALSE	NA	NA	NA	NA	NA	NA
NC_045512.2	838	T	C	39957	14038	36	9	4	55	0.000225175	39969	0.00195181	TRUE	NA	NA	NA	NA	NA	NA
NC_045512.2	838	T	A	39957	14038	36	2	0	34	5.00388e-05	39969	1	FALSE	NA	NA	NA	NA	NA	NA
NC_045512.2	838	T	-G	39957	14038	36	1	0	20	2.50194e-05	39969	1	FALSE	NA	NA	NA	NA	NA	NA
NC_045512.2	839	G	C	40190	14022	36	1	1	34	2.488e-05	40193	1	FALSE	NA	NA	NA	NA	NA	NA
NC_045512.2	839	G	A	40190	14022	36	2	2	34	4.97599e-05	40193	1	FALSE	NA	NA	NA	NA	NA	NA
NC_045512.2	840	G	T	40466	13992	36	5	0	34	0.000123539	40473	1	FALSE	NA	NA	NA	NA	NA	NA
NC_045512.2	840	G	A	40466	13992	36	2	1	29	4.94157e-05	40473	1	FALSE	NA	NA	NA	NA	NA	NA
NC_045512.2	841	C	T	40348	13958	36	8	5	34	0.000198221	40359	1	FALSE	NA	NA	NA	NA	NA	NA
NC_045512.2	841	C	G	40348	13958	36	3	0	34	7.43329e-05	40359	1	FALSE	NA	NA	NA	NA	NA	NA
NC_045512.2	842	C	T	42036	15846	37	4	1	34	9.5143e-05	42042	1	FALSE	NA	NA	NA	NA	NA	NA
NC_045512.2	842	C	A	42036	15846	37	2	0	34	4.75715e-05	42042	1	FALSE	NA	NA	NA	NA	NA	NA
NC_045512.2	843	C	T	41651	15956	37	6	1	31	0.000144023	41660	1	FALSE	NA	NA	NA	NA	NA	NA
NC_045512.2	843	C	A	41651	15956	37	3	3	34	7.20115e-05	41660	1	FALSE	NA	NA	NA	NA	NA	NA
NC_045512.2	844	T	G	41349	15711	37	4	3	32	9.66908e-05	41369	1	FALSE	NA	NA	NA	NA	NA	NA
NC_045512.2	844	T	C	41349	15711	37	16	8	34	0.000386763	41369	0.999771	FALSE	NA	NA	NA	NA	NA	NA
NC_045512.2	845	G	A	41652	15739	37	3	1	56	7.20202e-05	41655	0.125	FALSE	NA	NA	NA	NA	NA	NA
NC_045512.2	846	A	G	43162	17681	38	10	1	40	0.000231621	43174	0.0897579	FALSE	NA	NA	NA	NA	NA	NA
NC_045512.2	846	A	C	43162	17681	38	2	2	34	4.63242e-05	43174	1	FALSE	NA	NA	NA	NA	NA	NA
NC_045512.2	847	T	C	44043	18027	38	3	1	34	6.81075e-05	44048	1	FALSE	NA	NA	NA	NA	NA	NA
NC_045512.2	847	T	A	44043	18027	38	2	0	47	4.5405e-05	44048	0.890622	FALSE	NA	NA	NA	NA	NA	NA
NC_045512.2	848	G	T	44128	18044	38	3	3	56	6.79717e-05	44136	0.124979	FALSE	NA	NA	NA	NA	NA	NA
NC_045512.2	848	G	A	44128	18044	38	5	3	40	0.000113286	44136	0.499972	FALSE	NA	NA	NA	NA	NA	NA
NC_045512.2	849	G	T	44233	18254	38	5	4	32	0.000113012	44243	1	FALSE	NA	NA	NA	NA	NA	NA
NC_045512.2	849	G	A	44233	18254	38	5	3	32	0.000113012	44243	1	FALSE	NA	NA	NA	NA	NA	NA
NC_045512.2	850	C	T	43135	19289	38	1	0	34	2.31814e-05	43138	1	FALSE	NA	NA	NA	NA	NA	NA
NC_045512.2	850	C	G	43135	19289	38	1	0	26	2.31814e-05	43138	1	FALSE	NA	NA	NA	NA	NA	NA
NC_045512.2	850	C	A	43135	19289	38	1	1	34	2.31814e-05	43138	1	FALSE	NA	NA	NA	NA	NA	NA
NC_045512.2	851	T	G	42889	19070	38	1	0	34	2.33095e-05	42901	1	FALSE	NA	NA	NA	NA	NA	NA
NC_045512.2	851	T	C	42889	19070	38	9	2	32	0.000209785	42901	1	FALSE	NA	NA	NA	NA	NA	NA
NC_045512.2	851	T	A	42889	19070	38	2	2	34	4.6619e-05	42901	1	FALSE	NA	NA	NA	NA	NA	NA
NC_045512.2	852	A	T	53490	31618	40	2	2	34	3.73867e-05	53495	1	FALSE	NA	NA	NA	NA	NA	NA
NC_045512.2	852	A	G	53490	31618	40	3	3	35	5.608e-05	53495	1	FALSE	NA	NA	NA	NA	NA	NA
NC_045512.2	853	C	T	53951	32393	40	2	1	34	3.70679e-05	53955	1	FALSE	NA	NA	NA	NA	NA	NA
NC_045512.2	853	C	G	53951	32393	40	2	1	26	3.70679e-05	53955	1	FALSE	NA	NA	NA	NA	NA	NA
NC_045512.2	854	C	A	54364	32359	40	5	0	39	9.19642e-05	54369	1	FALSE	NA	NA	NA	NA	NA	NA
NC_045512.2	855	C	T	56042	35996	40	6	5	34	0.000107043	56052	1	FALSE	NA	NA	NA	NA	NA	NA
NC_045512.2	855	C	A	56042	35996	40	4	1	40	7.13623e-05	56052	0.746059	FALSE	NA	NA	NA	NA	NA	NA
NC_045512.2	856	T	C	54365	34378	40	8	7	35	0.000147124	54376	1	FALSE	NA	NA	NA	NA	NA	NA
NC_045512.2	856	T	A	54365	34378	40	3	1	38	5.51714e-05	54376	1	FALSE	NA	NA	NA	NA	NA	NA
NC_045512.2	857	C	A	54594	35628	40	1	0	34	1.83167e-05	54595	1	FALSE	NA	NA	NA	NA	NA	NA
NC_045512.2	858	T	G	54802	35906	40	1	1	68	1.82448e-05	54810	0.499973	FALSE	NA	NA	NA	NA	NA	NA
NC_045512.2	858	T	C	54802	35906	40	5	5	32	9.12242e-05	54810	1	FALSE	NA	NA	NA	NA	NA	NA
NC_045512.2	858	T	A	54802	35906	40	2	0	30	3.64897e-05	54810	1	FALSE	NA	NA	NA	NA	NA	NA
NC_045512.2	859	T	C	54055	35169	40	7	4	37	0.000129481	54062	1	FALSE	NA	NA	NA	NA	NA	NA
NC_045512.2	860	G	A	54769	35856	40	2	2	34	3.65157e-05	54771	1	FALSE	NA	NA	NA	NA	NA	NA
NC_045512.2	861	A	T	55090	37046	40	2	0	68	3.62996e-05	55097	0.24998	FALSE	NA	NA	NA	NA	NA	NA
NC_045512.2	861	A	G	55090	37046	40	5	5	34	9.0749e-05	55097	1	FALSE	NA	NA	NA	NA	NA	NA
NC_045512.2	862	G	C	55255	37081	40	3	3	45	5.42839e-05	55265	0.855442	FALSE	NA	NA	NA	NA	NA	NA
NC_045512.2	862	G	A	55255	37081	40	7	5	43	0.000126662	55265	0.387176	FALSE	NA	NA	NA	NA	NA	NA
NC_045512.2	863	T	C	53305	36331	40	7	4	41	0.000131295	53315	0.387175	FALSE	NA	NA	NA	NA	NA	NA
NC_045512.2	863	T	A	53305	36331	40	3	1	26	5.62693e-05	53315	1	FALSE	NA	NA	NA	NA	NA	NA
NC_045512.2	864	G	T	53164	35859	40	1	1	34	1.88083e-05	53168	1	FALSE	NA	NA	NA	NA	NA	NA
NC_045512.2	864	G	C	53164	35859	40	1	1	26	1.88083e-05	53168	1	FALSE	NA	NA	NA	NA	NA	NA
NC_045512.2	864	G	A	53164	35859	40	2	2	34	3.76166e-05	53168	1	FALSE	NA	NA	NA	NA	NA	NA
NC_045512.2	865	C	T	53776	36896	40	3	3	45	5.57787e-05	53784	0.855453	FALSE	NA	NA	NA	NA	NA	NA
NC_045512.2	865	C	A	53776	36896	40	5	2	52	9.29645e-05	53784	0.0312442	FALSE	NA	NA	NA	NA	NA	NA
NC_045512.2	866	A	G	53781	36614	40	8	5	32	0.000148724	53791	1	FALSE	NA	NA	NA	NA	NA	NA
NC_045512.2	866	A	C	53781	36614	40	2	2	30	3.71809e-05	53791	1	FALSE	NA	NA	NA	NA	NA	NA
NC_045512.2	867	T	C	53837	36466	40	3	3	34	5.57186e-05	53842	1	FALSE	NA	NA	NA	NA	NA	NA
NC_045512.2	867	T	A	53837	36466	40	2	1	36	3.71457e-05	53842	1	FALSE	NA	NA	NA	NA	NA	NA
NC_045512.2	868	T	C	53468	37583	39	1	1	34	1.87024e-05	53469	1	FALSE	NA	NA	NA	NA	NA	NA
NC_045512.2	868	T	-A	53468	37583	39	1	0	20	1.87024e-05	53469	1	FALSE	NA	NA	NA	NA	NA	NA
NC_045512.2	869	A	T	52659	37804	39	2	0	34	3.79723e-05	52670	1	FALSE	NA	NA	NA	NA	NA	NA
NC_045512.2	869	A	G	52659	37804	39	6	5	34	0.000113917	52670	1	FALSE	NA	NA	NA	NA	NA	NA
NC_045512.2	869	A	C	52659	37804	39	3	3	34	5.69584e-05	52670	1	FALSE	NA	NA	NA	NA	NA	NA
NC_045512.2	870	A	G	53588	38610	39	4	2	51	7.46366e-05	53593	0.0624965	FALSE	NA	NA	NA	NA	NA	NA
NC_045512.2	870	A	C	53588	38610	39	1	1	34	1.86592e-05	53593	1	FALSE	NA	NA	NA	NA	NA	NA
NC_045512.2	871	A	G	53571	38537	39	2	1	51	3.73308e-05	53575	0.249993	FALSE	NA	NA	NA	NA	NA	NA
NC_045512.2	871	A	C	53571	38537	39	2	1	26	3.73308e-05	53575	1	FALSE	NA	NA	NA	NA	NA	NA
NC_045512.2	872	G	T	53464	38468	39	4	2	51	7.48069e-05	53471	0.0624918	FALSE	NA	NA	NA	NA	NA	NA
NC_045512.2	872	G	C	53464	38468	39	3	3	34	5.61052e-05	53471	1	FALSE	NA	NA	NA	NA	NA	NA
NC_045512.2	873	A	T	52827	38102	39	3	2	40	5.67612e-05	52853	0.855341	FALSE	NA	NA	NA	NA	NA	NA
NC_045512.2	873	A	G	52827	38102	39	7	5	31	0.000132443	52853	1	FALSE	NA	NA	NA	NA	NA	NA
NC_045512.2	873	A	C	52827	38102	39	16	16	30	0.000302726	52853	0.999998	FALSE	NA	NA	NA	NA	NA	NA
NC_045512.2	874	C	T	52697	38509	39	3	3	31	5.69249e-05	52701	1	FALSE	NA	NA	NA	NA	NA	NA
NC_045512.2	874	C	A	52697	38509	39	1	1	34	1.8975e-05	52701	1	FALSE	NA	NA	NA	NA	NA	NA
NC_045512.2	875	C	T	52192	37943	39	1	0	68	1.91593e-05	52194	0.5	FALSE	NA	NA	NA	NA	NA	NA
NC_045512.2	875	C	G	52192	37943	39	1	0	26	1.91593e-05	52194	1	FALSE	NA	NA	NA	NA	NA	NA
NC_045512.2	875	C	-T	52192	37943	39	1	0	20	1.91593e-05	52194	1	FALSE	NA	NA	NA	NA	NA	NA
NC_045512.2	876	T	C	52291	37872	39	4	2	31	7.64862e-05	52297	1	FALSE	NA	NA	NA	NA	NA	NA
NC_045512.2	876	T	A	52291	37872	39	2	2	34	3.82431e-05	52297	1	FALSE	NA	NA	NA	NA	NA	NA
NC_045512.2	877	T	G	50600	36098	38	1	0	34	1.97609e-05	50605	1	FALSE	NA	NA	NA	NA	NA	NA
NC_045512.2	877	T	C	50600	36098	38	3	1	34	5.92827e-05	50605	1	FALSE	NA	NA	NA	NA	NA	NA
NC_045512.2	877	T	A	50600	36098	38	1	1	26	1.97609e-05	50605	1	FALSE	NA	NA	NA	NA	NA	NA
NC_045512.2	878	C	T	53108	38991	39	1	1	34	1.88292e-05	53109	1	FALSE	NA	NA	NA	NA	NA	NA
NC_045512.2	879	T	C	52871	38737	39	3	3	34	5.67376e-05	52875	1	FALSE	NA	NA	NA	NA	NA	NA
NC_045512.2	879	T	A	52871	38737	39	1	1	24	1.89125e-05	52875	1	FALSE	NA	NA	NA	NA	NA	NA
NC_045512.2	880	A	G	53040	38966	39	5	2	30	9.42596e-05	53045	1	FALSE	NA	NA	NA	NA	NA	NA
NC_045512.2	881	G	T	53079	38899	39	1	0	24	1.88374e-05	53086	1	FALSE	NA	NA	NA	NA	NA	NA
NC_045512.2	881	G	C	53079	38899	39	3	3	34	5.65121e-05	53086	1	FALSE	NA	NA	NA	NA	NA	NA
NC_045512.2	881	G	A	53079	38899	39	3	3	45	5.65121e-05	53086	0.855459	FALSE	NA	NA	NA	NA	NA	NA
NC_045512.2	882	C	T	52879	39107	39	7	7	34	0.000132353	52889	1	FALSE	NA	NA	NA	NA	NA	NA
NC_045512.2	882	C	G	52879	39107	39	1	0	68	1.89075e-05	52889	0.499962	FALSE	NA	NA	NA	NA	NA	NA
NC_045512.2	882	C	A	52879	39107	39	2	0	30	3.7815e-05	52889	1	FALSE	NA	NA	NA	NA	NA	NA
NC_045512.2	883	A	T	52702	38970	39	1	1	68	1.89735e-05	52705	0.499995	FALSE	NA	NA	NA	NA	NA	NA
NC_045512.2	883	A	G	52702	38970	39	2	1	34	3.79471e-05	52705	1	FALSE	NA	NA	NA	NA	NA	NA
NC_045512.2	884	C	T	52230	38533	39	6	6	45	0.000114855	52240	0.499961	FALSE	NA	NA	NA	NA	NA	NA
NC_045512.2	884	C	G	52230	38533	39	4	0	32	7.65697e-05	52240	1	FALSE	NA	NA	NA	NA	NA	NA
NC_045512.2	885	G	T	51846	38180	39	1	1	34	1.92868e-05	51849	1	FALSE	NA	NA	NA	NA	NA	NA
NC_045512.2	885	G	A	51846	38180	39	2	2	34	3.85736e-05	51849	1	FALSE	NA	NA	NA	NA	NA	NA
NC_045512.2	886	T	C	51808	38105	39	6	5	39	0.000115799	51814	1	FALSE	NA	NA	NA	NA	NA	NA
NC_045512.2	887	G	T	51473	38084	39	2	2	34	3.88478e-05	51483	1	FALSE	NA	NA	NA	NA	NA	NA
NC_045512.2	887	G	C	51473	38084	39	1	1	26	1.94239e-05	51483	1	FALSE	NA	NA	NA	NA	NA	NA
NC_045512.2	887	G	A	51473	38084	39	7	2	43	0.000135967	51483	0.387174	FALSE	NA	NA	NA	NA	NA	NA
NC_045512.2	888	C	T	52120	38854	39	17	14	36	0.000326064	52137	0.999995	FALSE	NA	NA	NA	NA	NA	NA
NC_045512.2	889	T	C	47933	34660	38	16	12	44	0.000333667	47952	0.00590319	TRUE	NA	NA	NA	NA	NA	NA
NC_045512.2	889	T	A	47933	34660	38	3	3	28	6.25626e-05	47952	1	FALSE	NA	NA	NA	NA	NA	NA
NC_045512.2	890	G	T	51430	37861	38	1	1	34	1.94428e-05	51433	1	FALSE	NA	NA	NA	NA	NA	NA
NC_045512.2	890	G	A	51430	37861	38	2	0	34	3.88855e-05	51433	1	FALSE	NA	NA	NA	NA	NA	NA
NC_045512.2	891	G	C	52339	38772	39	2	2	30	3.82022e-05	52353	1	FALSE	NA	NA	NA	NA	NA	NA
NC_045512.2	891	G	A	52339	38772	39	12	10	36	0.000229213	52353	1	FALSE	NA	NA	NA	NA	NA	NA
NC_045512.2	892	T	C	52268	38829	39	1	0	34	1.91318e-05	52269	1	FALSE	NA	NA	NA	NA	NA	NA
NC_045512.2	892	T	-A	52268	38829	39	2	0	20	3.82636e-05	52269	1	FALSE	NA	NA	NA	NA	NA	NA
NC_045512.2	893	A	T	54367	41380	39	1	0	60	1.83911e-05	54374	0.499968	FALSE	NA	NA	NA	NA	NA	NA
NC_045512.2	893	A	G	54367	41380	39	6	4	32	0.000110347	54374	1	FALSE	NA	NA	NA	NA	NA	NA
NC_045512.2	894	A	T	53991	42364	38	3	3	34	5.55586e-05	53997	1	FALSE	NA	NA	NA	NA	NA	NA
NC_045512.2	894	A	G	53991	42364	38	3	2	45	5.55586e-05	53997	0.855466	FALSE	NA	NA	NA	NA	NA	NA
NC_045512.2	895	A	T	53737	42228	38	2	2	26	3.72121e-05	53746	1	FALSE	NA	NA	NA	NA	NA	NA
NC_045512.2	895	A	G	53737	42228	38	7	7	42	0.000130242	53746	0.387188	FALSE	NA	NA	NA	NA	NA	NA
NC_045512.2	896	G	T	53792	42029	38	2	2	34	3.71782e-05	53795	1	FALSE	NA	NA	NA	NA	NA	NA
NC_045512.2	896	G	A	53792	42029	38	1	1	34	1.85891e-05	53795	1	FALSE	NA	NA	NA	NA	NA	NA
NC_045512.2	897	C	T	54631	43328	38	1	0	34	1.83043e-05	54632	1	FALSE	NA	NA	NA	NA	NA	NA
NC_045512.2	898	T	G	54112	42697	38	2	2	34	3.69542e-05	54121	1	FALSE	NA	NA	NA	NA	NA	NA
NC_045512.2	898	T	C	54112	42697	38	6	5	34	0.000110863	54121	1	FALSE	NA	NA	NA	NA	NA	NA
NC_045512.2	898	T	A	54112	42697	38	1	1	26	1.84771e-05	54121	1	FALSE	NA	NA	NA	NA	NA	NA
NC_045512.2	899	T	C	53305	41977	38	1	0	34	1.87593e-05	53307	1	FALSE	NA	NA	NA	NA	NA	NA
NC_045512.2	899	T	A	53305	41977	38	1	1	26	1.87593e-05	53307	1	FALSE	NA	NA	NA	NA	NA	NA
NC_045512.2	900	C	T	53729	42417	39	1	1	34	1.86102e-05	53734	1	FALSE	NA	NA	NA	NA	NA	NA
NC_045512.2	900	C	G	53729	42417	39	3	0	31	5.58306e-05	53734	1	FALSE	NA	NA	NA	NA	NA	NA
NC_045512.2	900	C	A	53729	42417	39	1	1	34	1.86102e-05	53734	1	FALSE	NA	NA	NA	NA	NA	NA
NC_045512.2	901	A	G	53802	42486	39	4	2	40	7.43412e-05	53806	0.746112	FALSE	NA	NA	NA	NA	NA	NA
NC_045512.2	902	T	G	53625	42467	38	1	0	26	1.86463e-05	53630	1	FALSE	NA	NA	NA	NA	NA	NA
NC_045512.2	902	T	C	53625	42467	38	4	3	42	7.45851e-05	53630	0.746103	FALSE	NA	NA	NA	NA	NA	NA
NC_045512.2	903	G	T	53551	42405	38	3	3	31	5.60182e-05	53554	1	FALSE	NA	NA	NA	NA	NA	NA
NC_045512.2	904	C	T	56512	46217	39	23	15	36	0.000406828	56535	0.999949	FALSE	NA	NA	NA	NA	NA	NA
NC_045512.2	905	A	T	55786	45616	38	2	2	30	3.58474e-05	55792	1	FALSE	NA	NA	NA	NA	NA	NA
NC_045512.2	905	A	G	55786	45616	38	4	3	40	7.16949e-05	55792	0.746094	FALSE	NA	NA	NA	NA	NA	NA
NC_045512.2	906	C	T	55276	47438	37	3	3	28	5.42643e-05	55285	1	FALSE	NA	NA	NA	NA	NA	NA
NC_045512.2	906	C	G	55276	47438	37	5	5	34	9.04404e-05	55285	1	FALSE	NA	NA	NA	NA	NA	NA
NC_045512.2	906	C	A	55276	47438	37	1	0	34	1.80881e-05	55285	1	FALSE	NA	NA	NA	NA	NA	NA
NC_045512.2	907	T	G	53459	45646	37	1	0	68	1.87045e-05	53463	0.499991	FALSE	NA	NA	NA	NA	NA	NA
NC_045512.2	907	T	C	53459	45646	37	3	3	34	5.61136e-05	53463	1	FALSE	NA	NA	NA	NA	NA	NA
NC_045512.2	908	T	C	54917	46931	37	5	5	34	9.10382e-05	54922	1	FALSE	NA	NA	NA	NA	NA	NA
NC_045512.2	909	T	C	55910	48101	37	7	6	37	0.000125181	55919	1	FALSE	NA	NA	NA	NA	NA	NA
NC_045512.2	909	T	A	55910	48101	37	2	0	34	3.5766e-05	55919	1	FALSE	NA	NA	NA	NA	NA	NA
NC_045512.2	910	G	T	55995	48155	37	1	1	34	1.78562e-05	56003	1	FALSE	NA	NA	NA	NA	NA	NA
NC_045512.2	910	G	A	55995	48155	37	7	7	34	0.000124993	56003	1	FALSE	NA	NA	NA	NA	NA	NA
NC_045512.2	911	T	C	56022	48310	37	6	6	45	0.000107089	56028	0.500012	FALSE	NA	NA	NA	NA	NA	NA
NC_045512.2	912	C	T	50585	43579	37	3	3	34	5.36318e-05	55937	1	FALSE	NA	NA	NA	NA	NA	NA
NC_045512.2	912	C	G	50585	43579	37	2	2	34	3.57545e-05	55937	1	FALSE	NA	NA	NA	NA	NA	NA
NC_045512.2	912	C	A	50585	43579	37	5347	4765	37	0.0955897	55937	0	TRUE	NA	NA	NA	NA	NA	NA
NC_045512.2	913	C	T	55544	48095	37	1	1	34	1.80028e-05	55547	1	FALSE	NA	NA	NA	NA	NA	NA
NC_045512.2	913	C	A	55544	48095	37	2	1	51	3.60055e-05	55547	0.249998	FALSE	NA	NA	NA	NA	NA	NA
NC_045512.2	914	G	T	55466	47988	37	3	3	34	5.40716e-05	55482	1	FALSE	NA	NA	NA	NA	NA	NA
NC_045512.2	914	G	C	55466	47988	37	6	6	32	0.000108143	55482	1	FALSE	NA	NA	NA	NA	NA	NA
NC_045512.2	914	G	A	55466	47988	37	7	6	34	0.000126167	55482	1	FALSE	NA	NA	NA	NA	NA	NA
NC_045512.2	915	A	G	57263	50067	37	5	5	34	8.73088e-05	57268	1	FALSE	NA	NA	NA	NA	NA	NA
NC_045512.2	916	A	T	58799	52131	37	1	1	34	1.70059e-05	58803	1	FALSE	NA	NA	NA	NA	NA	NA
NC_045512.2	916	A	G	58799	52131	37	3	2	34	5.10178e-05	58803	1	FALSE	NA	NA	NA	NA	NA	NA
NC_045512.2	917	C	T	58638	51786	37	2	1	64	3.41041e-05	58644	0.249985	FALSE	NA	NA	NA	NA	NA	NA
NC_045512.2	917	C	A	58638	51786	37	4	4	34	6.82082e-05	58644	1	FALSE	NA	NA	NA	NA	NA	NA
NC_045512.2	918	A	G	57739	50917	37	1	1	34	1.7319e-05	57740	1	FALSE	NA	NA	NA	NA	NA	NA
NC_045512.2	919	A	G	58132	51409	37	3	3	34	5.1604e-05	58135	1	FALSE	NA	NA	NA	NA	NA	NA
NC_045512.2	920	C	T	57999	51820	37	1	0	34	1.72405e-05	58003	1	FALSE	NA	NA	NA	NA	NA	NA
NC_045512.2	920	C	A	57999	51820	37	3	0	68	5.17215e-05	58003	0.124997	FALSE	NA	NA	NA	NA	NA	NA
NC_045512.2	921	T	C	60208	54373	37	4	4	34	6.64308e-05	60213	1	FALSE	NA	NA	NA	NA	NA	NA
NC_045512.2	921	T	A	60208	54373	37	1	1	34	1.66077e-05	60213	1	FALSE	NA	NA	NA	NA	NA	NA
NC_045512.2	922	G	T	60406	54551	37	1	1	34	1.65536e-05	60410	1	FALSE	NA	NA	NA	NA	NA	NA
NC_045512.2	922	G	C	60406	54551	37	1	1	26	1.65536e-05	60410	1	FALSE	NA	NA	NA	NA	NA	NA
NC_045512.2	922	G	A	60406	54551	37	2	2	34	3.31071e-05	60410	1	FALSE	NA	NA	NA	NA	NA	NA
NC_045512.2	923	G	C	60516	54665	37	1	1	34	1.65243e-05	60517	1	FALSE	NA	NA	NA	NA	NA	NA
NC_045512.2	924	A	T	60946	55157	37	3	1	34	4.92166e-05	60955	1	FALSE	NA	NA	NA	NA	NA	NA
NC_045512.2	924	A	G	60946	55157	37	5	5	39	8.20277e-05	60955	1	FALSE	NA	NA	NA	NA	NA	NA
NC_045512.2	924	A	C	60946	55157	37	1	1	34	1.64055e-05	60955	1	FALSE	NA	NA	NA	NA	NA	NA
NC_045512.2	925	C	T	61358	55709	37	2	2	34	3.25945e-05	61360	1	FALSE	NA	NA	NA	NA	NA	NA
NC_045512.2	926	T	C	61982	56529	37	2	1	51	3.22659e-05	61985	0.249998	FALSE	NA	NA	NA	NA	NA	NA
NC_045512.2	926	T	A	61982	56529	37	1	0	27	1.61329e-05	61985	1	FALSE	NA	NA	NA	NA	NA	NA
NC_045512.2	927	T	C	62454	57013	38	4	4	32	6.4043e-05	62458	1	FALSE	NA	NA	NA	NA	NA	NA
NC_045512.2	928	T	C	60945	55528	37	5	5	34	8.20345e-05	60950	1	FALSE	NA	NA	NA	NA	NA	NA
NC_045512.2	929	A	T	62357	56968	38	1	1	26	1.60357e-05	62361	1	FALSE	NA	NA	NA	NA	NA	NA
NC_045512.2	929	A	G	62357	56968	38	3	3	34	4.8107e-05	62361	1	FALSE	NA	NA	NA	NA	NA	NA
NC_045512.2	930	T	C	59566	54384	36	4	4	42	6.714e-05	59577	0.746052	FALSE	NA	NA	NA	NA	NA	NA
NC_045512.2	930	T	A	59566	54384	36	7	7	34	0.000117495	59577	1	FALSE	NA	NA	NA	NA	NA	NA
NC_045512.2	931	T	C	63057	58029	37	4	4	49	6.34296e-05	63062	0.828135	FALSE	NA	NA	NA	NA	NA	NA
NC_045512.2	931	T	A	63057	58029	37	1	1	68	1.58574e-05	63062	0.499988	FALSE	NA	NA	NA	NA	NA	NA
NC_045512.2	932	G	T	63242	58211	38	1	1	34	1.58103e-05	63250	1	FALSE	NA	NA	NA	NA	NA	NA
NC_045512.2	932	G	C	63242	58211	38	2	2	30	3.16206e-05	63250	1	FALSE	NA	NA	NA	NA	NA	NA
NC_045512.2	932	G	A	63242	58211	38	5	5	34	7.90514e-05	63250	1	FALSE	NA	NA	NA	NA	NA	NA
NC_045512.2	933	A	G	64700	60030	38	7	7	34	0.00010818	64707	1	FALSE	NA	NA	NA	NA	NA	NA
NC_045512.2	934	C	T	66239	61722	38	1	1	34	1.50959e-05	66243	1	FALSE	NA	NA	NA	NA	NA	NA
NC_045512.2	934	C	A	66239	61722	38	3	3	34	4.52878e-05	66243	1	FALSE	NA	NA	NA	NA	NA	NA
NC_045512.2	935	A	G	66021	61510	38	6	5	29	9.08623e-05	66034	1	FALSE	NA	NA	NA	NA	NA	NA
NC_045512.2	935	A	C	66021	61510	38	7	7	29	0.000106006	66034	1	FALSE	NA	NA	NA	NA	NA	NA
NC_045512.2	936	C	G	66145	61815	38	1	1	34	1.51181e-05	66146	1	FALSE	NA	NA	NA	NA	NA	NA
NC_045512.2	937	T	C	65747	61417	38	4	4	34	6.08356e-05	65751	1	FALSE	NA	NA	NA	NA	NA	NA
NC_045512.2	937	T	-A	65747	61417	38	1	0	20	1.52089e-05	65751	1	FALSE	NA	NA	NA	NA	NA	NA
NC_045512.2	938	A	T	65693	61362	38	2	2	30	3.04414e-05	65700	1	FALSE	NA	NA	NA	NA	NA	NA
NC_045512.2	938	A	G	65693	61362	38	5	5	34	7.61035e-05	65700	1	FALSE	NA	NA	NA	NA	NA	NA
NC_045512.2	939	A	T	65848	61543	37	2	2	34	3.03679e-05	65859	1	FALSE	NA	NA	NA	NA	NA	NA
NC_045512.2	939	A	G	65848	61543	37	8	8	32	0.000121472	65859	1	FALSE	NA	NA	NA	NA	NA	NA
NC_045512.2	939	A	C	65848	61543	37	1	1	24	1.5184e-05	65859	1	FALSE	NA	NA	NA	NA	NA	NA
NC_045512.2	940	G	C	65956	61657	38	1	1	34	1.51614e-05	65957	1	FALSE	NA	NA	NA	NA	NA	NA
NC_045512.2	941	A	T	65678	61546	37	2	2	34	3.04465e-05	65689	1	FALSE	NA	NA	NA	NA	NA	NA
NC_045512.2	941	A	G	65678	61546	37	9	8	40	0.000137009	65689	0.303598	FALSE	NA	NA	NA	NA	NA	NA
NC_045512.2	942	G	T	65682	61555	37	2	2	51	3.04428e-05	65697	0.249952	FALSE	NA	NA	NA	NA	NA	NA
NC_045512.2	942	G	C	65682	61555	37	12	12	32	0.000182657	65697	1	FALSE	NA	NA	NA	NA	NA	NA
NC_045512.2	942	G	A	65682	61555	37	1	1	34	1.52214e-05	65697	1	FALSE	NA	NA	NA	NA	NA	NA
NC_045512.2	943	G	T	63190	59257	37	1	1	34	1.5824e-05	63195	1	FALSE	NA	NA	NA	NA	NA	NA
NC_045512.2	943	G	C	63190	59257	37	4	4	32	6.32961e-05	63195	1	FALSE	NA	NA	NA	NA	NA	NA
NC_045512.2	944	G	C	62907	58985	37	2	2	30	3.17894e-05	62914	1	FALSE	NA	NA	NA	NA	NA	NA
NC_045512.2	944	G	A	62907	58985	37	5	5	34	7.94736e-05	62914	1	FALSE	NA	NA	NA	NA	NA	NA
NC_045512.2	944	G	+GT	62907	58985	37	4	0	20	6.35789e-05	62914	1	FALSE	NA	NA	NA	NA	NA	NA
NC_045512.2	945	G	T	63047	59131	37	1	1	26	1.58584e-05	63058	1	FALSE	NA	NA	NA	NA	NA	NA
NC_045512.2	945	G	C	63047	59131	37	7	7	31	0.000111009	63058	1	FALSE	NA	NA	NA	NA	NA	NA
NC_045512.2	945	G	A	63047	59131	37	3	2	56	4.75752e-05	63058	0.124976	FALSE	NA	NA	NA	NA	NA	NA
NC_045512.2	946	T	C	60774	57022	37	7	6	38	0.000115168	60781	1	FALSE	NA	NA	NA	NA	NA	NA
NC_045512.2	947	G	C	60487	56741	37	3	3	31	4.95843e-05	60503	1	FALSE	NA	NA	NA	NA	NA	NA
NC_045512.2	947	G	A	60487	56741	37	13	10	57	0.000214865	60503	0.000121965	TRUE	NA	NA	NA	NA	NA	NA
NC_045512.2	948	T	C	60037	56603	37	10	9	36	0.000166536	60047	1	FALSE	NA	NA	NA	NA	NA	NA
NC_045512.2	949	A	T	59549	56180	37	1	1	34	1.67912e-05	59555	1	FALSE	NA	NA	NA	NA	NA	NA
NC_045512.2	949	A	G	59549	56180	37	4	3	29	6.71648e-05	59555	1	FALSE	NA	NA	NA	NA	NA	NA
NC_045512.2	949	A	C	59549	56180	37	1	1	34	1.67912e-05	59555	1	FALSE	NA	NA	NA	NA	NA	NA
NC_045512.2	950	T	G	59353	55987	37	1	1	26	1.68461e-05	59361	1	FALSE	NA	NA	NA	NA	NA	NA
NC_045512.2	950	T	C	59353	55987	37	3	3	45	5.05382e-05	59361	0.855455	FALSE	NA	NA	NA	NA	NA	NA
NC_045512.2	950	T	A	59353	55987	37	4	4	32	6.73843e-05	59361	1	FALSE	NA	NA	NA	NA	NA	NA
NC_045512.2	951	A	T	58278	55013	37	1	1	26	1.71574e-05	58284	1	FALSE	NA	NA	NA	NA	NA	NA
NC_045512.2	951	A	G	58278	55013	37	5	5	34	8.57868e-05	58284	1	FALSE	NA	NA	NA	NA	NA	NA
NC_045512.2	952	C	T	58302	55734	36	7	6	47	0.000120046	58311	0.38719	FALSE	NA	NA	NA	NA	NA	NA
NC_045512.2	952	C	G	58302	55734	36	1	1	68	1.71494e-05	58311	0.49997	FALSE	NA	NA	NA	NA	NA	NA
NC_045512.2	952	C	A	58302	55734	36	1	1	34	1.71494e-05	58311	1	FALSE	NA	NA	NA	NA	NA	NA
NC_045512.2	952	C	-T	58302	55734	36	1	0	20	1.71494e-05	58311	1	FALSE	NA	NA	NA	NA	NA	NA
NC_045512.2	953	T	G	42363	39969	37	1	1	34	2.3596e-05	42380	1	FALSE	NA	NA	NA	NA	NA	NA
NC_045512.2	953	T	C	42363	39969	37	15	15	34	0.000353941	42380	0.999923	FALSE	NA	NA	NA	NA	NA	NA
NC_045512.2	953	T	A	42363	39969	37	1	1	34	2.3596e-05	42380	1	FALSE	NA	NA	NA	NA	NA	NA
NC_045512.2	954	G	T	42062	39671	37	2	2	34	4.75319e-05	42077	1	FALSE	NA	NA	NA	NA	NA	NA
NC_045512.2	954	G	C	42062	39671	37	4	4	28	9.50638e-05	42077	1	FALSE	NA	NA	NA	NA	NA	NA
NC_045512.2	954	G	A	42062	39671	37	9	8	41	0.000213894	42077	0.133358	FALSE	NA	NA	NA	NA	NA	NA
NC_045512.2	955	C	T	38325	36325	37	3631	3444	36	0.0865348	41960	0	TRUE	NA	NA	NA	NA	NA	NA
NC_045512.2	955	C	G	38325	36325	37	3	3	34	7.14967e-05	41960	1	FALSE	NA	NA	NA	NA	NA	NA
NC_045512.2	955	C	A	38325	36325	37	1	1	34	2.38322e-05	41960	1	FALSE	NA	NA	NA	NA	NA	NA
NC_045512.2	956	T	C	37929	35788	37	5	5	34	0.000131808	37934	1	FALSE	NA	NA	NA	NA	NA	NA
NC_045512.2	958	C	T	37674	35555	37	21	21	34	0.000557059	37698	0.987648	FALSE	NA	NA	NA	NA	NA	NA
NC_045512.2	958	C	A	37674	35555	37	3	3	34	7.95798e-05	37698	1	FALSE	NA	NA	NA	NA	NA	NA
NC_045512.2	959	C	T	37320	35215	37	4	4	34	0.000107161	37327	1	FALSE	NA	NA	NA	NA	NA	NA
NC_045512.2	959	C	A	37320	35215	37	3	3	34	8.03708e-05	37327	1	FALSE	NA	NA	NA	NA	NA	NA
NC_045512.2	960	G	C	37247	35138	37	1	1	26	2.68291e-05	37273	1	FALSE	NA	NA	NA	NA	NA	NA
NC_045512.2	960	G	A	37247	35138	37	25	25	34	0.000670727	37273	0.951092	FALSE	NA	NA	NA	NA	NA	NA
NC_045512.2	961	T	C	34862	32794	37	3	3	31	8.60462e-05	34865	1	FALSE	NA	NA	NA	NA	NA	NA
NC_045512.2	962	G	T	35064	32999	37	1	1	34	2.85177e-05	35066	1	FALSE	NA	NA	NA	NA	NA	NA
NC_045512.2	962	G	A	35064	32999	37	1	1	34	2.85177e-05	35066	1	FALSE	NA	NA	NA	NA	NA	NA
NC_045512.2	963	A	T	35030	33052	37	1	1	34	2.85437e-05	35034	1	FALSE	NA	NA	NA	NA	NA	NA
NC_045512.2	963	A	G	35030	33052	37	2	1	51	5.70874e-05	35034	0.249989	FALSE	NA	NA	NA	NA	NA	NA
NC_045512.2	963	A	C	35030	33052	37	1	1	34	2.85437e-05	35034	1	FALSE	NA	NA	NA	NA	NA	NA
NC_045512.2	964	A	T	34993	33104	37	1	1	34	2.8569e-05	35003	1	FALSE	NA	NA	NA	NA	NA	NA
NC_045512.2	964	A	G	34993	33104	37	9	8	37	0.000257121	35003	0.999987	FALSE	NA	NA	NA	NA	NA	NA
NC_045512.2	965	C	T	34990	33286	36	1	1	26	2.85771e-05	34993	1	FALSE	NA	NA	NA	NA	NA	NA
NC_045512.2	965	C	A	34990	33286	36	2	1	68	5.71543e-05	34993	0.249996	FALSE	NA	NA	NA	NA	NA	NA
NC_045512.2	966	A	G	34257	32570	36	1	1	34	2.91903e-05	34258	1	FALSE	NA	NA	NA	NA	NA	NA
NC_045512.2	967	T	C	34082	32515	36	2	2	36	5.86786e-05	34084	1	FALSE	NA	NA	NA	NA	NA	NA
NC_045512.2	968	G	T	34167	32655	36	1	1	34	2.92672e-05	34168	1	FALSE	NA	NA	NA	NA	NA	NA
NC_045512.2	969	A	T	33742	32234	36	1	1	34	2.96288e-05	33751	1	FALSE	NA	NA	NA	NA	NA	NA
NC_045512.2	969	A	G	33742	32234	36	8	8	34	0.00023703	33751	0.999987	FALSE	NA	NA	NA	NA	NA	NA
NC_045512.2	970	G	T	33153	31655	36	1	1	26	3.01559e-05	33161	1	FALSE	NA	NA	NA	NA	NA	NA
NC_045512.2	970	G	A	33153	31655	36	7	7	34	0.000211091	33161	0.999996	FALSE	NA	NA	NA	NA	NA	NA
NC_045512.2	971	C	T	44425	31500	35	4	0	34	9.00212e-05	44434	1	FALSE	NA	NA	NA	NA	NA	NA
NC_045512.2	971	C	G	44425	31500	35	3	0	28	6.75159e-05	44434	1	FALSE	NA	NA	NA	NA	NA	NA
NC_045512.2	971	C	A	44425	31500	35	2	1	26	4.50106e-05	44434	1	FALSE	NA	NA	NA	NA	NA	NA
NC_045512.2	972	A	G	44457	31529	36	5	3	34	0.000112456	44462	1	FALSE	NA	NA	NA	NA	NA	NA
NC_045512.2	973	T	C	44544	31443	35	8	6	34	0.000179565	44552	1	FALSE	NA	NA	NA	NA	NA	NA
NC_045512.2	974	G	C	44515	31382	35	1	1	26	2.24638e-05	44516	1	FALSE	NA	NA	NA	NA	NA	NA
NC_045512.2	975	A	T	44926	31492	35	3	1	28	6.67676e-05	44932	1	FALSE	NA	NA	NA	NA	NA	NA
NC_045512.2	975	A	G	44926	31492	35	3	3	31	6.67676e-05	44932	1	FALSE	NA	NA	NA	NA	NA	NA
NC_045512.2	976	A	T	44725	31558	35	2	1	34	4.47067e-05	44736	1	FALSE	NA	NA	NA	NA	NA	NA
NC_045512.2	976	A	G	44725	31558	35	8	6	34	0.000178827	44736	1	FALSE	NA	NA	NA	NA	NA	NA
NC_045512.2	976	A	C	44725	31558	35	1	1	34	2.23534e-05	44736	1	FALSE	NA	NA	NA	NA	NA	NA
NC_045512.2	977	A	G	44881	31554	35	2	1	51	4.45603e-05	44883	0.250003	FALSE	NA	NA	NA	NA	NA	NA
NC_045512.2	977	A	-T	44881	31554	35	1	0	20	2.22802e-05	44883	1	FALSE	NA	NA	NA	NA	NA	NA
NC_045512.2	978	T	C	44837	31525	35	1	0	34	2.23025e-05	44838	1	FALSE	NA	NA	NA	NA	NA	NA
NC_045512.2	979	T	G	43744	30454	35	1	1	34	2.28571e-05	43750	1	FALSE	NA	NA	NA	NA	NA	NA
NC_045512.2	979	T	C	43744	30454	35	5	5	34	0.000114286	43750	1	FALSE	NA	NA	NA	NA	NA	NA
NC_045512.2	979	T	-G	43744	30454	35	1	0	20	2.28571e-05	43750	1	FALSE	NA	NA	NA	NA	NA	NA
NC_045512.2	980	G	T	44424	30374	35	1	0	34	2.25058e-05	44433	1	FALSE	NA	NA	NA	NA	NA	NA
NC_045512.2	980	G	C	44424	30374	35	3	0	34	6.75174e-05	44433	1	FALSE	NA	NA	NA	NA	NA	NA
NC_045512.2	980	G	A	44424	30374	35	5	0	32	0.000112529	44433	1	FALSE	NA	NA	NA	NA	NA	NA
NC_045512.2	981	C	T	44454	30400	35	8	1	33	0.000179925	44463	1	FALSE	NA	NA	NA	NA	NA	NA
NC_045512.2	981	C	A	44454	30400	35	1	0	68	2.24906e-05	44463	0.499961	FALSE	NA	NA	NA	NA	NA	NA
NC_045512.2	982	T	G	44433	30293	35	5	5	34	0.000112506	44442	1	FALSE	NA	NA	NA	NA	NA	NA
NC_045512.2	982	T	C	44433	30293	35	3	2	34	6.75037e-05	44442	1	FALSE	NA	NA	NA	NA	NA	NA
NC_045512.2	982	T	A	44433	30293	35	1	0	26	2.25012e-05	44442	1	FALSE	NA	NA	NA	NA	NA	NA
NC_045512.2	983	T	C	45092	30349	35	3	1	34	6.65247e-05	45096	1	FALSE	NA	NA	NA	NA	NA	NA
NC_045512.2	983	T	A	45092	30349	35	1	1	34	2.21749e-05	45096	1	FALSE	NA	NA	NA	NA	NA	NA
NC_045512.2	984	G	T	44786	29814	35	1	1	26	2.23219e-05	44799	1	FALSE	NA	NA	NA	NA	NA	NA
NC_045512.2	984	G	C	44786	29814	35	2	2	34	4.46439e-05	44799	1	FALSE	NA	NA	NA	NA	NA	NA
NC_045512.2	984	G	A	44786	29814	35	10	4	34	0.000223219	44799	1	FALSE	NA	NA	NA	NA	NA	NA
NC_045512.2	985	G	T	47029	29864	35	4	1	32	8.50394e-05	47037	1	FALSE	NA	NA	NA	NA	NA	NA
NC_045512.2	985	G	C	47029	29864	35	2	2	30	4.25197e-05	47037	1	FALSE	NA	NA	NA	NA	NA	NA
NC_045512.2	985	G	A	47029	29864	35	2	2	34	4.25197e-05	47037	1	FALSE	NA	NA	NA	NA	NA	NA
NC_045512.2	986	T	G	46921	29803	35	1	0	26	2.13083e-05	46930	1	FALSE	NA	NA	NA	NA	NA	NA
NC_045512.2	986	T	C	46921	29803	35	8	4	59	0.000170467	46930	0.00390508	TRUE	NA	NA	NA	NA	NA	NA
NC_045512.2	987	A	T	47534	29888	35	2	2	26	4.20663e-05	47544	1	FALSE	NA	NA	NA	NA	NA	NA
NC_045512.2	987	A	G	47534	29888	35	8	3	37	0.000168265	47544	1	FALSE	NA	NA	NA	NA	NA	NA
NC_045512.2	988	C	T	47605	29960	35	11	8	34	0.000231015	47616	1	FALSE	NA	NA	NA	NA	NA	NA
NC_045512.2	989	A	C	46813	29033	35	3	3	31	6.40807e-05	46816	1	FALSE	NA	NA	NA	NA	NA	NA
NC_045512.2	990	C	T	47790	29180	35	9	5	34	0.000188285	47800	1	FALSE	NA	NA	NA	NA	NA	NA
NC_045512.2	990	C	A	47790	29180	35	1	1	34	2.09205e-05	47800	1	FALSE	NA	NA	NA	NA	NA	NA
NC_045512.2	991	G	T	47615	28957	35	1	1	26	2.09996e-05	47620	1	FALSE	NA	NA	NA	NA	NA	NA
NC_045512.2	991	G	A	47615	28957	35	4	3	37	8.39983e-05	47620	1	FALSE	NA	NA	NA	NA	NA	NA
NC_045512.2	992	G	C	48841	28920	35	2	2	34	4.09442e-05	48847	1	FALSE	NA	NA	NA	NA	NA	NA
NC_045512.2	992	G	A	48841	28920	35	4	4	34	8.18883e-05	48847	1	FALSE	NA	NA	NA	NA	NA	NA
NC_045512.2	993	A	T	48504	28596	35	2	2	30	4.12235e-05	48516	1	FALSE	NA	NA	NA	NA	NA	NA
NC_045512.2	993	A	G	48504	28596	35	9	7	34	0.000185506	48516	1	FALSE	NA	NA	NA	NA	NA	NA
NC_045512.2	993	A	C	48504	28596	35	1	1	27	2.06118e-05	48516	1	FALSE	NA	NA	NA	NA	NA	NA
NC_045512.2	994	A	G	46075	26173	35	4	3	34	8.68037e-05	46081	1	FALSE	NA	NA	NA	NA	NA	NA
NC_045512.2	994	A	C	46075	26173	35	2	2	30	4.34018e-05	46081	1	FALSE	NA	NA	NA	NA	NA	NA
NC_045512.2	995	C	T	45600	25562	35	2	0	34	4.38529e-05	45607	1	FALSE	NA	NA	NA	NA	NA	NA
NC_045512.2	995	C	G	45600	25562	35	3	0	31	6.57794e-05	45607	1	FALSE	NA	NA	NA	NA	NA	NA
NC_045512.2	995	C	A	45600	25562	35	2	0	34	4.38529e-05	45607	1	FALSE	NA	NA	NA	NA	NA	NA
NC_045512.2	996	G	A	46681	24774	35	2	2	34	4.28421e-05	46683	1	FALSE	NA	NA	NA	NA	NA	NA
NC_045512.2	997	T	C	46596	24754	35	8	3	34	0.000171659	46604	1	FALSE	NA	NA	NA	NA	NA	NA
NC_045512.2	998	T	C	46430	24461	34	3	1	34	6.46078e-05	46434	1	FALSE	NA	NA	NA	NA	NA	NA
NC_045512.2	998	T	A	46430	24461	34	1	0	26	2.15359e-05	46434	1	FALSE	NA	NA	NA	NA	NA	NA
NC_045512.2	999	C	A	46562	24714	35	2	2	34	4.29516e-05	46564	1	FALSE	NA	NA	NA	NA	NA	NA
NC_045512.2	1000	T	C	46368	24456	35	14	10	34	0.000301809	46387	0.999994	FALSE	NA	NA	NA	NA	NA	NA
NC_045512.2	1000	T	A	46368	24456	35	5	3	34	0.000107789	46387	1	FALSE	NA	NA	NA	NA	NA	NA
NC_045512.2	1001	G	T	46837	24347	35	1	1	34	2.13484e-05	46842	1	FALSE	NA	NA	NA	NA	NA	NA
NC_045512.2	1001	G	C	46837	24347	35	1	0	34	2.13484e-05	46842	1	FALSE	NA	NA	NA	NA	NA	NA
NC_045512.2	1001	G	A	46837	24347	35	3	2	31	6.40451e-05	46842	1	FALSE	NA	NA	NA	NA	NA	NA
NC_045512.2	1001	G	-A	46837	24347	35	3	0	20	6.40451e-05	46842	1	FALSE	NA	NA	NA	NA	NA	NA
NC_045512.2	1002	A	G	46734	24252	35	1	0	34	2.13972e-05	46735	1	FALSE	NA	NA	NA	NA	NA	NA
NC_045512.2	1003	A	T	46772	24257	35	1	1	34	2.13789e-05	46775	1	FALSE	NA	NA	NA	NA	NA	NA
NC_045512.2	1003	A	G	46772	24257	35	2	1	34	4.27579e-05	46775	1	FALSE	NA	NA	NA	NA	NA	NA
NC_045512.2	1004	A	T	46709	24192	35	1	1	26	2.14046e-05	46719	1	FALSE	NA	NA	NA	NA	NA	NA
NC_045512.2	1004	A	G	46709	24192	35	6	2	32	0.000128427	46719	1	FALSE	NA	NA	NA	NA	NA	NA
NC_045512.2	1004	A	C	46709	24192	35	3	3	31	6.42137e-05	46719	1	FALSE	NA	NA	NA	NA	NA	NA
NC_045512.2	1005	A	T	42652	20302	35	1	0	34	2.34412e-05	42660	1	FALSE	NA	NA	NA	NA	NA	NA
NC_045512.2	1005	A	G	42652	20302	35	4	1	38	9.37647e-05	42660	1	FALSE	NA	NA	NA	NA	NA	NA
NC_045512.2	1005	A	C	42652	20302	35	3	2	34	7.03235e-05	42660	1	FALSE	NA	NA	NA	NA	NA	NA
NC_045512.2	1007	A	G	43368	19857	34	9	4	33	0.000207483	43377	1	FALSE	NA	NA	NA	NA	NA	NA
NC_045512.2	1008	G	A	45440	19754	35	2	0	34	4.40121e-05	45442	1	FALSE	NA	NA	NA	NA	NA	NA
NC_045512.2	1009	C	T	45435	19905	34	3	2	31	6.60211e-05	45440	1	FALSE	NA	NA	NA	NA	NA	NA
NC_045512.2	1009	C	A	45435	19905	34	2	2	34	4.40141e-05	45440	1	FALSE	NA	NA	NA	NA	NA	NA
NC_045512.2	1010	T	C	43807	18192	34	7	3	34	0.000159766	43814	1	FALSE	NA	NA	NA	NA	NA	NA
NC_045512.2	1011	A	G	44118	18382	34	4	0	34	9.06495e-05	44126	1	FALSE	NA	NA	NA	NA	NA	NA
NC_045512.2	1011	A	C	44118	18382	34	4	4	32	9.06495e-05	44126	1	FALSE	NA	NA	NA	NA	NA	NA
NC_045512.2	1011	A	-TG	44118	18382	34	3036	0	20	0.068803	44126	0	TRUE	NA	NA	NA	NA	NA	NA
NC_045512.2	1012	T	C	41024	18209	35	3	2	42	7.31226e-05	41027	0.743356	FALSE	NA	NA	NA	NA	NA	NA
NC_045512.2	1013	G	T	41668	18189	34	1	0	34	2.39131e-05	41818	1	FALSE	NA	NA	NA	NA	NA	NA
NC_045512.2	1013	G	C	41668	18189	34	1	1	27	2.39131e-05	41818	1	FALSE	NA	NA	NA	NA	NA	NA
NC_045512.2	1013	G	A	41668	18189	34	148	66	33	0.00353915	41818	2.64693e-16	TRUE	NA	NA	NA	NA	NA	NA
NC_045512.2	1014	A	T	27079	1182	35	1	0	34	3.69276e-05	27080	1	FALSE	NA	NA	NA	NA	NA	NA
NC_045512.2	1016	T	C	27385	1208	35	2	0	34	7.3022e-05	27389	1	FALSE	NA	NA	NA	NA	NA	NA
NC_045512.2	1016	T	A	27385	1208	35	2	0	34	7.3022e-05	27389	1	FALSE	NA	NA	NA	NA	NA	NA
NC_045512.2	1017	T	G	27325	1214	35	1	0	34	3.65898e-05	27330	1	FALSE	NA	NA	NA	NA	NA	NA
NC_045512.2	1017	T	C	27325	1214	35	4	0	34	0.000146359	27330	0.999998	FALSE	NA	NA	NA	NA	NA	NA
NC_045512.2	1018	G	C	27765	1216	35	1	0	34	3.60075e-05	27772	1	FALSE	NA	NA	NA	NA	NA	NA
NC_045512.2	1018	G	A	27765	1216	35	6	0	39	0.000216045	27772	0.999967	FALSE	NA	NA	NA	NA	NA	NA
NC_045512.2	1019	C	T	27725	1366	36	3	0	34	0.00010819	27729	1	FALSE	NA	NA	NA	NA	NA	NA
NC_045512.2	1019	C	A	27725	1366	36	1	1	34	3.60633e-05	27729	1	FALSE	NA	NA	NA	NA	NA	NA
NC_045512.2	1020	A	T	27822	1370	36	1	0	34	3.59337e-05	27829	1	FALSE	NA	NA	NA	NA	NA	NA
NC_045512.2	1020	A	G	27822	1370	36	6	0	34	0.000215602	27829	0.999967	FALSE	NA	NA	NA	NA	NA	NA
NC_045512.2	1022	A	G	27883	1588	36	1	0	34	3.58629e-05	27884	1	FALSE	NA	NA	NA	NA	NA	NA
NC_045512.2	1023	C	T	28120	1767	37	2	0	34	7.11187e-05	28122	1	FALSE	NA	NA	NA	NA	NA	NA
NC_045512.2	1024	A	G	27906	1774	36	2	0	34	7.1664e-05	27908	1	FALSE	NA	NA	NA	NA	NA	NA
NC_045512.2	1025	C	T	29771	1793	37	3	0	34	0.000100752	29776	1	FALSE	NA	NA	NA	NA	NA	NA
NC_045512.2	1025	C	G	29771	1793	37	1	0	26	3.35841e-05	29776	1	FALSE	NA	NA	NA	NA	NA	NA
NC_045512.2	1025	C	A	29771	1793	37	1	0	34	3.35841e-05	29776	1	FALSE	NA	NA	NA	NA	NA	NA
NC_045512.2	1026	C	T	29712	1808	36	1	0	34	3.36553e-05	29713	1	FALSE	NA	NA	NA	NA	NA	NA
NC_045512.2	1026	C	-T	29712	1808	36	10	0	20	0.000336553	29713	1	FALSE	NA	NA	NA	NA	NA	NA
NC_045512.2	1027	T	G	29789	1831	37	1	0	34	3.35582e-05	29799	1	FALSE	NA	NA	NA	NA	NA	NA
NC_045512.2	1027	T	C	29789	1831	37	6	0	34	0.000201349	29799	0.999989	FALSE	NA	NA	NA	NA	NA	NA
NC_045512.2	1027	T	A	29789	1831	37	3	0	31	0.000100675	29799	1	FALSE	NA	NA	NA	NA	NA	NA
NC_045512.2	1028	T	C	29781	1934	37	2	0	34	6.71524e-05	29783	1	FALSE	NA	NA	NA	NA	NA	NA
NC_045512.2	1029	T	C	29810	1951	37	3	0	34	0.000100624	29814	1	FALSE	NA	NA	NA	NA	NA	NA
NC_045512.2	1029	T	A	29810	1951	37	1	0	34	3.35413e-05	29814	1	FALSE	NA	NA	NA	NA	NA	NA
NC_045512.2	1030	T	C	29762	1960	37	1	0	26	3.35988e-05	29763	1	FALSE	NA	NA	NA	NA	NA	NA
NC_045512.2	1031	G	A	29877	1963	37	1	0	34	3.34694e-05	29878	1	FALSE	NA	NA	NA	NA	NA	NA
NC_045512.2	1032	A	G	30027	1967	37	3	0	45	9.99001e-05	30030	0.656273	FALSE	NA	NA	NA	NA	NA	NA
NC_045512.2	1033	A	G	29957	2055	37	1	1	60	3.33801e-05	29958	0.500008	FALSE	NA	NA	NA	NA	NA	NA
NC_045512.2	1034	A	G	30040	2059	37	2	0	40	6.65712e-05	30043	0.81251	FALSE	NA	NA	NA	NA	NA	NA
NC_045512.2	1034	A	C	30040	2059	37	1	1	34	3.32856e-05	30043	1	FALSE	NA	NA	NA	NA	NA	NA
NC_045512.2	1036	T	C	29988	2092	37	5	0	34	0.000166706	29993	0.999997	FALSE	NA	NA	NA	NA	NA	NA
NC_045512.2	1037	A	T	29904	2094	37	1	1	68	3.34392e-05	29905	0.500008	FALSE	NA	NA	NA	NA	NA	NA
NC_045512.2	1038	A	G	29625	2098	37	1	0	34	3.37541e-05	29626	1	FALSE	NA	NA	NA	NA	NA	NA
NC_045512.2	1039	A	G	29781	2099	37	3	0	28	0.000100725	29784	1	FALSE	NA	NA	NA	NA	NA	NA
NC_045512.2	1040	T	C	30095	2099	37	1	0	26	3.3227e-05	30096	1	FALSE	NA	NA	NA	NA	NA	NA
NC_045512.2	1041	T	G	29953	2102	37	4	0	30	0.000133507	29961	0.999999	FALSE	NA	NA	NA	NA	NA	NA
NC_045512.2	1041	T	C	29953	2102	37	3	0	34	0.00010013	29961	1	FALSE	NA	NA	NA	NA	NA	NA
NC_045512.2	1041	T	A	29953	2102	37	1	1	24	3.33767e-05	29961	1	FALSE	NA	NA	NA	NA	NA	NA
NC_045512.2	1041	T	+GGCAAA	29953	2102	37	1	0	20	3.33767e-05	29961	1	FALSE	NA	NA	NA	NA	NA	NA
NC_045512.2	1042	G	C	31071	2117	37	1	0	34	3.21802e-05	31075	1	FALSE	NA	NA	NA	NA	NA	NA
NC_045512.2	1042	G	A	31071	2117	37	3	0	45	9.65406e-05	31075	0.656258	FALSE	NA	NA	NA	NA	NA	NA
NC_045512.2	1043	G	C	31115	2128	37	1	0	34	3.21337e-05	31120	1	FALSE	NA	NA	NA	NA	NA	NA
NC_045512.2	1043	G	A	31115	2128	37	4	0	32	0.000128535	31120	1	FALSE	NA	NA	NA	NA	NA	NA
NC_045512.2	1044	C	T	31041	2232	37	1	0	68	3.22134e-05	31043	0.5	FALSE	NA	NA	NA	NA	NA	NA
NC_045512.2	1044	C	G	31041	2232	37	1	0	34	3.22134e-05	31043	1	FALSE	NA	NA	NA	NA	NA	NA
NC_045512.2	1044	C	-A	31041	2232	37	1	0	20	3.22134e-05	31043	1	FALSE	NA	NA	NA	NA	NA	NA
NC_045512.2	1045	A	G	31241	2227	37	5	1	34	0.00016002	31246	0.999999	FALSE	NA	NA	NA	NA	NA	NA
NC_045512.2	1046	A	G	31267	2231	37	1	0	34	3.19816e-05	31268	1	FALSE	NA	NA	NA	NA	NA	NA
NC_045512.2	1047	A	G	30376	2234	36	2	0	34	6.58371e-05	30378	1	FALSE	NA	NA	NA	NA	NA	NA
NC_045512.2	1048	G	T	31343	2231	37	4	1	68	0.000127604	31347	0.062498	FALSE	NA	NA	NA	NA	NA	NA
NC_045512.2	1049	A	G	25858	2285	34	2	1	51	7.73395e-05	25860	0.250005	FALSE	NA	NA	NA	NA	NA	NA
NC_045512.2	1050	A	G	31444	2372	38	4	0	48	0.000127194	31448	0.500017	FALSE	NA	NA	NA	NA	NA	NA
NC_045512.2	1051	A	G	31567	2374	38	2	0	34	6.33533e-05	31569	1	FALSE	NA	NA	NA	NA	NA	NA
NC_045512.2	1052	T	G	31557	2509	38	1	0	34	3.16847e-05	31561	1	FALSE	NA	NA	NA	NA	NA	NA
NC_045512.2	1052	T	C	31557	2509	38	2	1	34	6.33693e-05	31561	1	FALSE	NA	NA	NA	NA	NA	NA
NC_045512.2	1052	T	A	31557	2509	38	1	0	34	3.16847e-05	31561	1	FALSE	NA	NA	NA	NA	NA	NA
NC_045512.2	1053	T	C	29360	2710	37	1	0	34	3.40588e-05	29361	1	FALSE	NA	NA	NA	NA	NA	NA
NC_045512.2	1054	T	C	29388	2718	38	6	1	34	0.000204123	29394	0.999989	FALSE	NA	NA	NA	NA	NA	NA
NC_045512.2	1055	G	T	29054	2785	37	1	0	26	3.44163e-05	29056	1	FALSE	NA	NA	NA	NA	NA	NA
NC_045512.2	1055	G	A	29054	2785	37	1	0	34	3.44163e-05	29056	1	FALSE	NA	NA	NA	NA	NA	NA
NC_045512.2	1056	A	T	29072	2862	38	1	0	34	3.43879e-05	29080	1	FALSE	NA	NA	NA	NA	NA	NA
NC_045512.2	1056	A	G	29072	2862	38	7	0	34	0.000240715	29080	0.999965	FALSE	NA	NA	NA	NA	NA	NA
NC_045512.2	1057	C	T	27203	3239	38	2	0	30	7.35132e-05	27206	1	FALSE	NA	NA	NA	NA	NA	NA
NC_045512.2	1057	C	G	27203	3239	38	1	0	34	3.67566e-05	27206	1	FALSE	NA	NA	NA	NA	NA	NA
NC_045512.2	1058	A	T	26303	3282	37	1	1	26	3.8017e-05	26304	1	FALSE	NA	NA	NA	NA	NA	NA
NC_045512.2	1059	C	T	27288	3409	38	6	3	31	0.000219829	27294	0.999967	FALSE	NA	NA	NA	NA	NA	NA
NC_045512.2	1060	C	T	27069	3494	38	3	3	31	0.000110816	27072	1	FALSE	NA	NA	NA	NA	NA	NA
NC_045512.2	1060	C	-T	27069	3494	38	1	0	20	3.69385e-05	27072	1	FALSE	NA	NA	NA	NA	NA	NA
NC_045512.2	1061	T	C	27106	3494	38	4	2	34	0.000147547	27110	0.999998	FALSE	NA	NA	NA	NA	NA	NA
NC_045512.2	1062	T	G	27152	3515	37	3	0	34	0.000110469	27157	1	FALSE	NA	NA	NA	NA	NA	NA
NC_045512.2	1062	T	C	27152	3515	37	2	0	29	7.36458e-05	27157	1	FALSE	NA	NA	NA	NA	NA	NA
NC_045512.2	1064	A	G	25665	3739	37	2	0	30	7.79211e-05	25667	1	FALSE	NA	NA	NA	NA	NA	NA
NC_045512.2	1066	T	G	25386	3967	38	3	0	27	0.000118161	25389	1	FALSE	NA	NA	NA	NA	NA	NA
NC_045512.2	1067	G	T	25393	3949	38	4	1	32	0.000157499	25397	0.999992	FALSE	NA	NA	NA	NA	NA	NA
NC_045512.2	1069	G	T	24967	3694	37	5	1	61	0.000200224	24972	0.0312469	FALSE	NA	NA	NA	NA	NA	NA
NC_045512.2	1070	G	A	24977	3786	38	1	0	34	4.00352e-05	24978	1	FALSE	NA	NA	NA	NA	NA	NA
NC_045512.2	1071	A	G	23896	4059	38	3	0	34	0.000125528	23899	0.999995	FALSE	NA	NA	NA	NA	NA	NA
NC_045512.2	1072	A	G	23659	4146	38	4	0	30	0.00016904	23663	0.999976	FALSE	NA	NA	NA	NA	NA	NA
NC_045512.2	1073	T	C	23866	4124	38	1	0	34	4.18989e-05	23867	1	FALSE	NA	NA	NA	NA	NA	NA
NC_045512.2	1074	G	T	23914	4170	38	1	0	34	4.18148e-05	23915	1	FALSE	NA	NA	NA	NA	NA	NA
NC_045512.2	1075	T	C	23924	4235	38	6	2	51	0.0002507	23933	0.0156162	FALSE	NA	NA	NA	NA	NA	NA
NC_045512.2	1075	T	A	23924	4235	38	3	0	30	0.00012535	23933	0.999995	FALSE	NA	NA	NA	NA	NA	NA
NC_045512.2	1077	C	T	23351	4222	38	1	0	34	4.28229e-05	23352	1	FALSE	NA	NA	NA	NA	NA	NA
NC_045512.2	1079	A	G	23511	5114	38	1	0	34	4.25297e-05	23513	1	FALSE	NA	NA	NA	NA	NA	NA
NC_045512.2	1079	A	C	23511	5114	38	1	1	27	4.25297e-05	23513	1	FALSE	NA	NA	NA	NA	NA	NA
NC_045512.2	1080	A	G	23965	5525	38	2	1	51	8.34481e-05	23967	0.250005	FALSE	NA	NA	NA	NA	NA	NA
NC_045512.2	1081	T	C	24085	5821	39	2	0	34	8.30323e-05	24087	1	FALSE	NA	NA	NA	NA	NA	NA
NC_045512.2	1082	T	C	24043	5813	39	1	0	34	4.15904e-05	24044	1	FALSE	NA	NA	NA	NA	NA	NA
NC_045512.2	1083	T	G	24039	5880	39	1	0	26	4.15921e-05	24043	1	FALSE	NA	NA	NA	NA	NA	NA
NC_045512.2	1083	T	C	24039	5880	39	2	1	30	8.31843e-05	24043	1	FALSE	NA	NA	NA	NA	NA	NA
NC_045512.2	1083	T	A	24039	5880	39	1	0	34	4.15921e-05	24043	1	FALSE	NA	NA	NA	NA	NA	NA
NC_045512.2	1084	T	C	23788	6241	39	5	0	34	0.000210146	23793	0.99991	FALSE	NA	NA	NA	NA	NA	NA
NC_045512.2	1085	G	T	23714	6271	39	6	1	38	0.00025294	23721	0.999728	FALSE	NA	NA	NA	NA	NA	NA
NC_045512.2	1085	G	A	23714	6271	39	1	0	68	4.21567e-05	23721	0.499947	FALSE	NA	NA	NA	NA	NA	NA
NC_045512.2	1087	A	G	22180	6588	39	3	1	27	0.000135239	22183	1	FALSE	NA	NA	NA	NA	NA	NA
NC_045512.2	1088	T	C	21716	6667	39	2	1	26	9.20853e-05	21719	1	FALSE	NA	NA	NA	NA	NA	NA
NC_045512.2	1088	T	A	21716	6667	39	1	0	34	4.60426e-05	21719	1	FALSE	NA	NA	NA	NA	NA	NA
NC_045512.2	1089	T	C	21524	6602	39	7	2	39	0.000325113	21531	0.998147	FALSE	NA	NA	NA	NA	NA	NA
NC_045512.2	1090	T	C	21419	6640	39	1	1	34	4.66853e-05	21420	1	FALSE	NA	NA	NA	NA	NA	NA
NC_045512.2	1092	C	T	19948	6931	38	1	0	34	5.01278e-05	19949	0.999999	FALSE	NA	NA	NA	NA	NA	NA
NC_045512.2	1093	C	A	19904	6934	38	1	1	34	5.02386e-05	19905	0.999999	FALSE	NA	NA	NA	NA	NA	NA
NC_045512.2	1094	T	G	19906	6887	38	1	0	34	5.02285e-05	19909	0.999999	FALSE	NA	NA	NA	NA	NA	NA
NC_045512.2	1094	T	C	19906	6887	38	2	0	47	0.000100457	19909	0.5	FALSE	NA	NA	NA	NA	NA	NA
NC_045512.2	1096	A	G	20187	7275	38	1	0	34	4.95319e-05	20189	1	FALSE	NA	NA	NA	NA	NA	NA
NC_045512.2	1096	A	C	20187	7275	38	1	1	26	4.95319e-05	20189	1	FALSE	NA	NA	NA	NA	NA	NA
NC_045512.2	1097	A	G	18871	7509	38	1	0	34	5.29886e-05	18872	0.999998	FALSE	NA	NA	NA	NA	NA	NA
NC_045512.2	1098	A	G	18684	7558	37	1	1	34	5.35189e-05	18685	0.999998	FALSE	NA	NA	NA	NA	NA	NA
NC_045512.2	1100	T	G	19483	8638	38	1	1	26	5.12847e-05	19499	1	FALSE	NA	NA	NA	NA	NA	NA
NC_045512.2	1100	T	C	19483	8638	38	15	12	34	0.00076927	19499	0.80434	FALSE	NA	NA	NA	NA	NA	NA
NC_045512.2	1102	C	T	19299	8876	38	1	0	34	5.18135e-05	19300	0.999999	FALSE	NA	NA	NA	NA	NA	NA
NC_045512.2	1103	A	G	19372	8881	38	2	1	34	0.000103231	19374	0.99999	FALSE	NA	NA	NA	NA	NA	NA
NC_045512.2	1104	T	G	19385	8922	38	1	0	34	5.1581e-05	19387	0.999999	FALSE	NA	NA	NA	NA	NA	NA
NC_045512.2	1104	T	C	19385	8922	38	1	1	34	5.1581e-05	19387	0.999999	FALSE	NA	NA	NA	NA	NA	NA
NC_045512.2	1105	A	G	20329	8958	38	1	1	34	4.9186e-05	20331	1	FALSE	NA	NA	NA	NA	NA	NA
NC_045512.2	1105	A	C	20329	8958	38	1	1	26	4.9186e-05	20331	1	FALSE	NA	NA	NA	NA	NA	NA
NC_045512.2	1106	A	T	20464	9041	38	1	1	26	4.88639e-05	20465	1	FALSE	NA	NA	NA	NA	NA	NA
NC_045512.2	1107	T	C	19507	9217	37	3	1	45	0.000153767	19510	0.31251	FALSE	NA	NA	NA	NA	NA	NA
NC_045512.2	1108	C	T	18326	9385	37	3	0	34	0.000163666	18330	0.99989	FALSE	NA	NA	NA	NA	NA	NA
NC_045512.2	1108	C	G	18326	9385	37	1	0	26	5.45554e-05	18330	1	FALSE	NA	NA	NA	NA	NA	NA
NC_045512.2	1109	A	G	18332	9376	37	4	3	40	0.000218126	18338	0.187466	FALSE	NA	NA	NA	NA	NA	NA
NC_045512.2	1109	A	C	18332	9376	37	2	2	34	0.000109063	18338	0.99998	FALSE	NA	NA	NA	NA	NA	NA
NC_045512.2	1110	A	G	18133	9378	37	1	0	34	5.5145e-05	18134	0.999998	FALSE	NA	NA	NA	NA	NA	NA
NC_045512.2	1112	A	G	18487	10012	37	1	0	34	5.40891e-05	18488	0.999998	FALSE	NA	NA	NA	NA	NA	NA
NC_045512.2	1113	C	T	18702	10305	37	3	0	34	0.000160368	18707	0.99989	FALSE	NA	NA	NA	NA	NA	NA
NC_045512.2	1113	C	G	18702	10305	37	1	0	34	5.34559e-05	18707	0.999998	FALSE	NA	NA	NA	NA	NA	NA
NC_045512.2	1113	C	A	18702	10305	37	1	0	34	5.34559e-05	18707	0.999998	FALSE	NA	NA	NA	NA	NA	NA
NC_045512.2	1114	T	C	17553	9124	36	4	1	51	0.000227816	17558	0.0624893	FALSE	NA	NA	NA	NA	NA	NA
NC_045512.2	1114	T	A	17553	9124	36	1	1	26	5.69541e-05	17558	1	FALSE	NA	NA	NA	NA	NA	NA
NC_045512.2	1114	T	-A	17553	9124	36	4	0	20	0.000227816	17558	1	FALSE	NA	NA	NA	NA	NA	NA
NC_045512.2	1115	A	G	18587	9769	37	2	1	34	0.000107585	18590	0.99998	FALSE	NA	NA	NA	NA	NA	NA
NC_045512.2	1115	A	C	18587	9769	37	1	1	34	5.37924e-05	18590	0.999998	FALSE	NA	NA	NA	NA	NA	NA
NC_045512.2	1117	T	C	18358	9744	37	3	1	34	0.00016339	18361	0.99989	FALSE	NA	NA	NA	NA	NA	NA
NC_045512.2	1119	A	T	17871	9599	36	4	4	34	0.000223776	17875	0.999258	FALSE	NA	NA	NA	NA	NA	NA
NC_045512.2	1120	A	G	17970	9595	36	3	2	34	0.000166917	17973	0.9998	FALSE	NA	NA	NA	NA	NA	NA
NC_045512.2	1123	A	G	18271	9853	37	1	1	24	5.47226e-05	18274	1	FALSE	NA	NA	NA	NA	NA	NA
NC_045512.2	1123	A	C	18271	9853	37	2	2	34	0.000109445	18274	0.99998	FALSE	NA	NA	NA	NA	NA	NA
NC_045512.2	1124	A	G	17534	9578	36	1	0	34	5.70288e-05	17535	0.999996	FALSE	NA	NA	NA	NA	NA	NA
NC_045512.2	1126	G	T	16890	9728	36	1	0	68	5.92031e-05	16891	0.500015	FALSE	NA	NA	NA	NA	NA	NA
NC_045512.2	1127	G	A	16985	9751	36	8	6	34	0.000470782	16993	0.968099	FALSE	NA	NA	NA	NA	NA	NA
NC_045512.2	1128	T	C	16788	9637	36	3	3	34	0.000178667	16791	0.999637	FALSE	NA	NA	NA	NA	NA	NA
NC_045512.2	1129	T	C	16870	9755	36	3	3	34	0.000177788	16874	0.999637	FALSE	NA	NA	NA	NA	NA	NA
NC_045512.2	1129	T	A	16870	9755	36	1	0	20	5.92628e-05	16874	1	FALSE	NA	NA	NA	NA	NA	NA
NC_045512.2	1129	T	-G	16870	9755	36	1	0	20	5.92628e-05	16874	1	FALSE	NA	NA	NA	NA	NA	NA
NC_045512.2	1131	A	T	17838	10802	37	1	1	34	5.60538e-05	17840	0.999996	FALSE	NA	NA	NA	NA	NA	NA
NC_045512.2	1131	A	G	17838	10802	37	1	1	34	5.60538e-05	17840	0.999996	FALSE	NA	NA	NA	NA	NA	NA
NC_045512.2	1132	A	T	17868	10833	37	1	0	26	5.59534e-05	17872	1	FALSE	NA	NA	NA	NA	NA	NA
NC_045512.2	1132	A	G	17868	10833	37	2	0	34	0.000111907	17872	0.999962	FALSE	NA	NA	NA	NA	NA	NA
NC_045512.2	1132	A	C	17868	10833	37	1	1	34	5.59534e-05	17872	0.999996	FALSE	NA	NA	NA	NA	NA	NA
NC_045512.2	1133	A	T	18522	11601	37	2	1	34	0.000107956	18526	0.99998	FALSE	NA	NA	NA	NA	NA	NA
NC_045512.2	1133	A	G	18522	11601	37	2	1	29	0.000107956	18526	1	FALSE	NA	NA	NA	NA	NA	NA
NC_045512.2	1134	A	G	18466	11427	37	3	0	34	0.000162434	18469	0.99989	FALSE	NA	NA	NA	NA	NA	NA
NC_045512.2	1135	G	A	19144	11427	37	1	1	68	5.2233e-05	19145	0.500013	FALSE	NA	NA	NA	NA	NA	NA
NC_045512.2	1135	G	-A	19144	11427	37	5	0	20	0.000261165	19145	1	FALSE	NA	NA	NA	NA	NA	NA
NC_045512.2	1136	A	G	18707	11380	36	2	1	34	0.0001069	18709	0.99998	FALSE	NA	NA	NA	NA	NA	NA
NC_045512.2	1139	A	G	19823	12197	37	1	0	34	5.04414e-05	19825	0.999999	FALSE	NA	NA	NA	NA	NA	NA
NC_045512.2	1139	A	C	19823	12197	37	1	0	34	5.04414e-05	19825	0.999999	FALSE	NA	NA	NA	NA	NA	NA
NC_045512.2	1140	A	G	19795	12194	37	2	1	34	0.00010102	19798	0.99999	FALSE	NA	NA	NA	NA	NA	NA
NC_045512.2	1140	A	C	19795	12194	37	1	0	34	5.05102e-05	19798	0.999999	FALSE	NA	NA	NA	NA	NA	NA
NC_045512.2	1145	G	A	19781	12685	36	1	1	24	5.0551e-05	19782	1	FALSE	NA	NA	NA	NA	NA	NA
NC_045512.2	1146	A	G	20007	12932	37	2	2	34	9.9955e-05	20009	0.999995	FALSE	NA	NA	NA	NA	NA	NA
NC_045512.2	1147	T	C	20119	13033	37	1	0	34	4.96993e-05	20121	1	FALSE	NA	NA	NA	NA	NA	NA
NC_045512.2	1147	T	A	20119	13033	37	1	0	34	4.96993e-05	20121	1	FALSE	NA	NA	NA	NA	NA	NA
NC_045512.2	1148	G	T	18157	11845	37	1972	1149	37	0.0979681	20129	0	TRUE	NA	NA	NA	NA	NA	NA
NC_045512.2	1152	T	C	21402	14301	37	2	2	34	9.34405e-05	21404	0.999997	FALSE	NA	NA	NA	NA	NA	NA
NC_045512.2	1153	T	C	21187	14081	37	2	0	51	9.43886e-05	21189	0.250006	FALSE	NA	NA	NA	NA	NA	NA
NC_045512.2	1154	A	C	21178	14127	37	2	2	30	9.44287e-05	21180	0.999997	FALSE	NA	NA	NA	NA	NA	NA
NC_045512.2	1156	G	A	21344	14127	37	2	0	34	9.36944e-05	21346	0.999997	FALSE	NA	NA	NA	NA	NA	NA
NC_045512.2	1157	G	T	21292	14009	37	1	0	68	4.69638e-05	21293	0.500012	FALSE	NA	NA	NA	NA	NA	NA
NC_045512.2	1158	G	A	20958	13620	36	5	5	34	0.000238515	20963	0.999546	FALSE	NA	NA	NA	NA	NA	NA
NC_045512.2	1159	T	G	21575	14345	37	1	1	34	4.63456e-05	21577	1	FALSE	NA	NA	NA	NA	NA	NA
NC_045512.2	1159	T	C	21575	14345	37	1	1	34	4.63456e-05	21577	1	FALSE	NA	NA	NA	NA	NA	NA
NC_045512.2	1160	A	C	21054	14299	37	1	1	34	4.74947e-05	21055	1	FALSE	NA	NA	NA	NA	NA	NA
NC_045512.2	1161	G	T	20927	14336	36	1	1	34	4.77829e-05	20928	1	FALSE	NA	NA	NA	NA	NA	NA
NC_045512.2	1162	A	G	20965	14393	36	5	5	34	0.000238424	20971	0.999546	FALSE	NA	NA	NA	NA	NA	NA
NC_045512.2	1162	A	C	20965	14393	36	1	1	34	4.76849e-05	20971	1	FALSE	NA	NA	NA	NA	NA	NA
NC_045512.2	1163	A	T	21005	14497	36	1	1	34	4.76054e-05	21006	1	FALSE	NA	NA	NA	NA	NA	NA
NC_045512.2	1163	A	+T	21005	14497	36	1	0	20	4.76054e-05	21006	1	FALSE	NA	NA	NA	NA	NA	NA
NC_045512.2	1165	T	G	20920	14541	36	1	0	34	4.77989e-05	20921	1	FALSE	NA	NA	NA	NA	NA	NA
NC_045512.2	1166	C	T	20863	14491	36	2	0	34	9.58543e-05	20865	0.999995	FALSE	NA	NA	NA	NA	NA	NA
NC_045512.2	1167	G	A	20720	14339	36	2	1	68	9.65158e-05	20722	0.250006	FALSE	NA	NA	NA	NA	NA	NA
NC_045512.2	1168	A	G	20699	14350	36	6	6	34	0.000289785	20705	0.998757	FALSE	NA	NA	NA	NA	NA	NA
NC_045512.2	1169	T	C	20618	14291	36	2	2	34	9.69932e-05	20620	0.999995	FALSE	NA	NA	NA	NA	NA	NA
NC_045512.2	1170	C	T	20610	14528	36	1	1	34	4.85154e-05	20612	1	FALSE	NA	NA	NA	NA	NA	NA
NC_045512.2	1170	C	G	20610	14528	36	1	0	34	4.85154e-05	20612	1	FALSE	NA	NA	NA	NA	NA	NA
NC_045512.2	1171	T	G	20405	14078	36	1	0	34	4.90004e-05	20408	1	FALSE	NA	NA	NA	NA	NA	NA
NC_045512.2	1171	T	C	20405	14078	36	2	2	34	9.80008e-05	20408	0.999995	FALSE	NA	NA	NA	NA	NA	NA
NC_045512.2	1173	T	G	21144	13971	36	1	1	26	4.72858e-05	21148	1	FALSE	NA	NA	NA	NA	NA	NA
NC_045512.2	1173	T	C	21144	13971	36	2	2	51	9.45716e-05	21148	0.249982	FALSE	NA	NA	NA	NA	NA	NA
NC_045512.2	1173	T	A	21144	13971	36	1	1	34	4.72858e-05	21148	1	FALSE	NA	NA	NA	NA	NA	NA
NC_045512.2	1174	C	A	21539	14250	36	2	0	34	9.28462e-05	21541	0.999997	FALSE	NA	NA	NA	NA	NA	NA
NC_045512.2	1176	A	T	21765	14180	36	2	2	29	9.1878e-05	21768	1	FALSE	NA	NA	NA	NA	NA	NA
NC_045512.2	1176	A	G	21765	14180	36	1	1	34	4.5939e-05	21768	1	FALSE	NA	NA	NA	NA	NA	NA
NC_045512.2	1177	T	C	21843	14272	36	2	1	34	9.15541e-05	21845	0.999997	FALSE	NA	NA	NA	NA	NA	NA
NC_045512.2	1177	T	-C	21843	14272	36	1	0	20	4.57771e-05	21845	1	FALSE	NA	NA	NA	NA	NA	NA
NC_045512.2	1178	C	T	21825	14281	36	1	0	34	4.58169e-05	21826	1	FALSE	NA	NA	NA	NA	NA	NA
NC_045512.2	1179	C	T	21772	14233	36	2	1	34	9.18442e-05	21776	0.999997	FALSE	NA	NA	NA	NA	NA	NA
NC_045512.2	1179	C	G	21772	14233	36	1	0	26	4.59221e-05	21776	1	FALSE	NA	NA	NA	NA	NA	NA
NC_045512.2	1179	C	A	21772	14233	36	1	1	34	4.59221e-05	21776	1	FALSE	NA	NA	NA	NA	NA	NA
NC_045512.2	1180	A	G	20574	12999	36	2	2	34	9.71959e-05	20577	0.999995	FALSE	NA	NA	NA	NA	NA	NA
NC_045512.2	1180	A	C	20574	12999	36	1	1	34	4.85979e-05	20577	1	FALSE	NA	NA	NA	NA	NA	NA
NC_045512.2	1181	G	C	19858	12465	36	1	1	27	5.03474e-05	19862	1	FALSE	NA	NA	NA	NA	NA	NA
NC_045512.2	1181	G	A	19858	12465	36	3	3	34	0.000151042	19862	0.99994	FALSE	NA	NA	NA	NA	NA	NA
NC_045512.2	1182	T	C	20147	12934	36	1	1	34	4.96303e-05	20149	1	FALSE	NA	NA	NA	NA	NA	NA
NC_045512.2	1182	T	A	20147	12934	36	1	1	34	4.96303e-05	20149	1	FALSE	NA	NA	NA	NA	NA	NA
NC_045512.2	1183	T	G	20038	12822	36	1	1	34	4.99002e-05	20040	1	FALSE	NA	NA	NA	NA	NA	NA
NC_045512.2	1183	T	C	20038	12822	36	1	0	34	4.99002e-05	20040	1	FALSE	NA	NA	NA	NA	NA	NA
NC_045512.2	1184	G	A	20022	12800	36	3	2	34	0.000149813	20025	0.999967	FALSE	NA	NA	NA	NA	NA	NA
NC_045512.2	1185	C	T	19524	12381	36	3	3	34	0.000153633	19527	0.99994	FALSE	NA	NA	NA	NA	NA	NA
NC_045512.2	1186	G	T	19531	12374	36	1	1	34	5.11902e-05	19535	0.999999	FALSE	NA	NA	NA	NA	NA	NA
NC_045512.2	1186	G	C	19531	12374	36	2	2	34	0.00010238	19535	0.99999	FALSE	NA	NA	NA	NA	NA	NA
NC_045512.2	1186	G	A	19531	12374	36	1	1	34	5.11902e-05	19535	0.999999	FALSE	NA	NA	NA	NA	NA	NA
NC_045512.2	1187	T	C	19652	12432	36	2	2	34	0.000101755	19655	0.99999	FALSE	NA	NA	NA	NA	NA	NA
NC_045512.2	1187	T	A	19652	12432	36	1	0	34	5.08776e-05	19655	0.999999	FALSE	NA	NA	NA	NA	NA	NA
NC_045512.2	1188	C	T	19822	12437	36	2	1	34	0.000100888	19824	0.99999	FALSE	NA	NA	NA	NA	NA	NA
NC_045512.2	1189	A	T	19756	12408	36	1	0	34	5.06124e-05	19758	0.999999	FALSE	NA	NA	NA	NA	NA	NA
NC_045512.2	1189	A	G	19756	12408	36	1	0	26	5.06124e-05	19758	1	FALSE	NA	NA	NA	NA	NA	NA
NC_045512.2	1190	C	T	19862	12444	36	2	1	34	0.00010068	19865	0.99999	FALSE	NA	NA	NA	NA	NA	NA
NC_045512.2	1190	C	A	19862	12444	36	1	1	34	5.03398e-05	19865	0.999999	FALSE	NA	NA	NA	NA	NA	NA
NC_045512.2	1191	C	T	18222	11477	36	1466	993	36	0.0744616	19688	0	TRUE	NA	NA	NA	NA	NA	NA
NC_045512.2	1192	A	G	20464	12850	36	3	1	34	0.000146577	20467	0.999967	FALSE	NA	NA	NA	NA	NA	NA
NC_045512.2	1193	A	G	20424	12837	36	2	0	30	9.79144e-05	20426	0.999995	FALSE	NA	NA	NA	NA	NA	NA
NC_045512.2	1194	A	G	20610	13018	36	2	2	47	9.70309e-05	20612	0.687527	FALSE	NA	NA	NA	NA	NA	NA
NC_045512.2	1195	T	C	20530	12925	36	1	1	68	4.87068e-05	20531	0.500012	FALSE	NA	NA	NA	NA	NA	NA
NC_045512.2	1196	G	T	18141	11546	36	1	1	34	4.8695e-05	20536	0.999998	FALSE	NA	NA	NA	NA	NA	NA
NC_045512.2	1196	G	C	18141	11546	36	2394	1377	37	0.116576	20536	0	TRUE	NA	NA	NA	NA	NA	NA
NC_045512.2	1197	A	G	20739	13248	37	8	4	45	0.000385598	20747	0.0546748	FALSE	NA	NA	NA	NA	NA	NA
NC_045512.2	1198	A	G	20817	13296	37	1	1	34	4.80307e-05	20820	1	FALSE	NA	NA	NA	NA	NA	NA
NC_045512.2	1198	A	C	20817	13296	37	2	2	30	9.60615e-05	20820	0.999995	FALSE	NA	NA	NA	NA	NA	NA
NC_045512.2	1199	T	C	20781	13306	37	1	0	68	4.81186e-05	20782	0.500012	FALSE	NA	NA	NA	NA	NA	NA
NC_045512.2	1200	G	T	20714	13249	37	2	0	34	9.65437e-05	20716	0.999995	FALSE	NA	NA	NA	NA	NA	NA
NC_045512.2	1202	A	G	19571	12155	37	1	1	34	5.10934e-05	19572	0.999999	FALSE	NA	NA	NA	NA	NA	NA
NC_045512.2	1203	A	T	19627	12161	37	1	0	34	5.0945e-05	19629	0.999999	FALSE	NA	NA	NA	NA	NA	NA
NC_045512.2	1203	A	C	19627	12161	37	1	1	34	5.0945e-05	19629	0.999999	FALSE	NA	NA	NA	NA	NA	NA
NC_045512.2	1204	C	G	19691	12199	37	1	0	34	5.0782e-05	19692	0.999999	FALSE	NA	NA	NA	NA	NA	NA
NC_045512.2	1206	A	G	19036	12193	36	2	2	34	0.000105053	19038	0.99999	FALSE	NA	NA	NA	NA	NA	NA
NC_045512.2	1208	A	G	19060	12288	36	4	4	34	0.000209798	19066	0.999757	FALSE	NA	NA	NA	NA	NA	NA
NC_045512.2	1208	A	C	19060	12288	36	2	2	34	0.000104899	19066	0.99999	FALSE	NA	NA	NA	NA	NA	NA
NC_045512.2	1209	T	C	19166	12404	36	1	1	34	5.2173e-05	19167	0.999999	FALSE	NA	NA	NA	NA	NA	NA
NC_045512.2	1210	G	T	19142	12377	36	1	1	34	5.22357e-05	19144	0.999999	FALSE	NA	NA	NA	NA	NA	NA
NC_045512.2	1210	G	A	19142	12377	36	1	0	24	5.22357e-05	19144	1	FALSE	NA	NA	NA	NA	NA	NA
NC_045512.2	1211	T	C	18616	12091	36	1	1	26	5.37143e-05	18617	1	FALSE	NA	NA	NA	NA	NA	NA
NC_045512.2	1212	G	A	18418	11890	36	1	1	34	5.42918e-05	18419	0.999998	FALSE	NA	NA	NA	NA	NA	NA
NC_045512.2	1213	C	T	18284	12182	36	2	1	34	0.000109373	18286	0.99998	FALSE	NA	NA	NA	NA	NA	NA
NC_045512.2	1214	C	T	18409	12711	36	1	1	34	5.43154e-05	18411	0.999998	FALSE	NA	NA	NA	NA	NA	NA
NC_045512.2	1214	C	A	18409	12711	36	1	1	34	5.43154e-05	18411	0.999998	FALSE	NA	NA	NA	NA	NA	NA
NC_045512.2	1215	T	C	18552	12667	36	3	2	34	0.000161673	18556	0.99989	FALSE	NA	NA	NA	NA	NA	NA
NC_045512.2	1215	T	A	18552	12667	36	1	0	34	5.38909e-05	18556	0.999998	FALSE	NA	NA	NA	NA	NA	NA
NC_045512.2	1217	T	C	18467	12571	36	1	0	34	5.41477e-05	18468	0.999998	FALSE	NA	NA	NA	NA	NA	NA
NC_045512.2	1217	T	-C	18467	12571	36	1	0	20	5.41477e-05	18468	1	FALSE	NA	NA	NA	NA	NA	NA
NC_045512.2	1218	C	G	18434	12592	36	1	0	34	5.42446e-05	18435	0.999998	FALSE	NA	NA	NA	NA	NA	NA
NC_045512.2	1219	A	G	18477	12644	36	2	2	34	0.000108231	18479	0.99998	FALSE	NA	NA	NA	NA	NA	NA
NC_045512.2	1220	A	T	18554	13067	36	1	1	26	5.38909e-05	18556	1	FALSE	NA	NA	NA	NA	NA	NA
NC_045512.2	1220	A	G	18554	13067	36	1	1	34	5.38909e-05	18556	0.999998	FALSE	NA	NA	NA	NA	NA	NA
NC_045512.2	1221	C	T	18736	13174	36	3	0	34	0.000160094	18739	0.99989	FALSE	NA	NA	NA	NA	NA	NA
NC_045512.2	1222	T	C	18305	12715	36	2	2	34	0.000109248	18307	0.99998	FALSE	NA	NA	NA	NA	NA	NA
NC_045512.2	1223	C	G	19417	13550	36	2	0	34	0.000102992	19419	0.99999	FALSE	NA	NA	NA	NA	NA	NA
NC_045512.2	1224	T	C	18986	13151	37	4	3	51	0.000210637	18990	0.0624967	FALSE	NA	NA	NA	NA	NA	NA
NC_045512.2	1226	A	G	19172	13389	36	3	3	34	0.000156454	19175	0.99994	FALSE	NA	NA	NA	NA	NA	NA
NC_045512.2	1227	T	G	18547	12768	36	1	0	26	5.39113e-05	18549	1	FALSE	NA	NA	NA	NA	NA	NA
NC_045512.2	1227	T	C	18547	12768	36	1	1	34	5.39113e-05	18549	0.999998	FALSE	NA	NA	NA	NA	NA	NA
NC_045512.2	1229	A	G	19220	13574	37	9	8	37	0.000468043	19229	0.98219	FALSE	NA	NA	NA	NA	NA	NA
NC_045512.2	1230	A	G	19035	13428	36	1	0	34	5.2532e-05	19036	0.999999	FALSE	NA	NA	NA	NA	NA	NA
NC_045512.2	1231	G	A	19383	13393	37	1	1	34	5.15889e-05	19384	0.999999	FALSE	NA	NA	NA	NA	NA	NA
NC_045512.2	1232	T	C	19572	13859	37	2	2	34	0.000102176	19574	0.99999	FALSE	NA	NA	NA	NA	NA	NA
NC_045512.2	1234	T	C	19114	13441	38	4	3	30	0.000209227	19118	0.999757	FALSE	NA	NA	NA	NA	NA	NA
NC_045512.2	1235	G	C	19098	13509	38	1	1	34	5.23533e-05	19101	0.999999	FALSE	NA	NA	NA	NA	NA	NA
NC_045512.2	1235	G	A	19098	13509	38	2	1	34	0.000104707	19101	0.99999	FALSE	NA	NA	NA	NA	NA	NA
NC_045512.2	1236	A	G	19415	14607	37	1	1	34	5.15039e-05	19416	0.999999	FALSE	NA	NA	NA	NA	NA	NA
NC_045512.2	1237	T	C	19606	14708	37	1	1	26	5.10022e-05	19607	1	FALSE	NA	NA	NA	NA	NA	NA
NC_045512.2	1239	A	T	21389	16938	38	1	0	34	4.67443e-05	21393	1	FALSE	NA	NA	NA	NA	NA	NA
NC_045512.2	1239	A	G	21389	16938	38	2	2	34	9.34885e-05	21393	0.999997	FALSE	NA	NA	NA	NA	NA	NA
NC_045512.2	1239	A	C	21389	16938	38	1	1	34	4.67443e-05	21393	1	FALSE	NA	NA	NA	NA	NA	NA
NC_045512.2	1240	T	G	21131	16675	39	2	0	34	9.46387e-05	21133	0.999997	FALSE	NA	NA	NA	NA	NA	NA
NC_045512.2	1241	T	C	21011	16567	39	2	2	51	9.51792e-05	21013	0.250006	FALSE	NA	NA	NA	NA	NA	NA
NC_045512.2	1243	T	-G	21625	17396	39	1	0	20	4.62428e-05	21625	1	FALSE	NA	NA	NA	NA	NA	NA
NC_045512.2	1244	G	T	21379	17152	39	5	5	34	0.000233809	21385	0.999734	FALSE	NA	NA	NA	NA	NA	NA
NC_045512.2	1244	G	C	21379	17152	39	1	1	34	4.67617e-05	21385	1	FALSE	NA	NA	NA	NA	NA	NA
NC_045512.2	1245	G	A	22590	18660	39	1	1	34	4.42654e-05	22591	1	FALSE	NA	NA	NA	NA	NA	NA
NC_045512.2	1246	T	C	22430	18520	39	3	1	34	0.000133732	22433	0.99999	FALSE	NA	NA	NA	NA	NA	NA
NC_045512.2	1247	G	A	22469	18559	39	1	1	34	4.45038e-05	22470	1	FALSE	NA	NA	NA	NA	NA	NA
NC_045512.2	1248	A	T	22839	19038	39	1	0	24	4.37809e-05	22841	1	FALSE	NA	NA	NA	NA	NA	NA
NC_045512.2	1248	A	G	22839	19038	39	1	0	34	4.37809e-05	22841	1	FALSE	NA	NA	NA	NA	NA	NA
NC_045512.2	1249	A	G	23195	19474	39	3	3	34	0.000129321	23198	0.999995	FALSE	NA	NA	NA	NA	NA	NA
NC_045512.2	1250	A	G	23083	19481	38	1	1	34	4.332e-05	23084	1	FALSE	NA	NA	NA	NA	NA	NA
NC_045512.2	1251	C	+A	23060	19580	38	1	0	20	4.33651e-05	23060	1	FALSE	NA	NA	NA	NA	NA	NA
NC_045512.2	1252	T	G	21542	18072	38	6	6	32	0.000278332	21557	0.999243	FALSE	NA	NA	NA	NA	NA	NA
NC_045512.2	1252	T	C	21542	18072	38	4	4	34	0.000185555	21557	0.999922	FALSE	NA	NA	NA	NA	NA	NA
NC_045512.2	1252	T	A	21542	18072	38	5	4	34	0.000231943	21557	0.999733	FALSE	NA	NA	NA	NA	NA	NA
NC_045512.2	1253	T	C	21226	17771	38	7	6	34	0.000329676	21233	0.998147	FALSE	NA	NA	NA	NA	NA	NA
NC_045512.2	1254	C	G	24586	21538	39	1	1	34	4.06719e-05	24587	1	FALSE	NA	NA	NA	NA	NA	NA
NC_045512.2	1255	A	G	24563	21518	39	8	5	59	0.000325587	24571	0.00390466	TRUE	NA	NA	NA	NA	NA	NA
NC_045512.2	1256	T	C	24526	21479	39	3	2	34	0.000122299	24530	0.999997	FALSE	NA	NA	NA	NA	NA	NA
NC_045512.2	1256	T	A	24526	21479	39	1	1	34	4.07664e-05	24530	1	FALSE	NA	NA	NA	NA	NA	NA
NC_045512.2	1257	G	A	24532	21549	39	2	2	51	8.15195e-05	24534	0.250005	FALSE	NA	NA	NA	NA	NA	NA
NC_045512.2	1258	G	C	24489	21548	39	1	1	34	4.08213e-05	24497	1	FALSE	NA	NA	NA	NA	NA	NA
NC_045512.2	1258	G	A	24489	21548	39	7	6	34	0.000285749	24497	0.999563	FALSE	NA	NA	NA	NA	NA	NA
NC_045512.2	1259	C	T	24451	21545	39	4	4	34	0.000163566	24455	0.999986	FALSE	NA	NA	NA	NA	NA	NA
NC_045512.2	1260	A	T	23788	20880	39	3	3	34	0.000126093	23792	0.999995	FALSE	NA	NA	NA	NA	NA	NA
NC_045512.2	1260	A	G	23788	20880	39	1	1	34	4.20309e-05	23792	1	FALSE	NA	NA	NA	NA	NA	NA
NC_045512.2	1262	A	T	23676	20856	39	1	1	24	4.22351e-05	23677	1	FALSE	NA	NA	NA	NA	NA	NA
NC_045512.2	1263	C	T	23698	20929	39	1	1	34	4.21923e-05	23701	1	FALSE	NA	NA	NA	NA	NA	NA
NC_045512.2	1263	C	G	23698	20929	39	2	0	68	8.43846e-05	23701	0.249995	FALSE	NA	NA	NA	NA	NA	NA
NC_045512.2	1266	G	A	23565	20795	38	3	3	45	0.000127291	23568	0.50002	FALSE	NA	NA	NA	NA	NA	NA
NC_045512.2	1267	C	T	23478	20724	38	8	7	54	0.000340614	23487	0.00390392	TRUE	NA	NA	NA	NA	NA	NA
NC_045512.2	1267	C	G	23478	20724	38	1	0	27	4.25767e-05	23487	1	FALSE	NA	NA	NA	NA	NA	NA
NC_045512.2	1268	G	A	23469	20712	38	2	2	34	8.52115e-05	23471	0.999999	FALSE	NA	NA	NA	NA	NA	NA
NC_045512.2	1269	A	C	23506	20753	38	3	0	34	0.000127611	23509	0.999995	FALSE	NA	NA	NA	NA	NA	NA
NC_045512.2	1270	T	C	23536	20782	38	2	2	30	8.4969e-05	23538	0.999999	FALSE	NA	NA	NA	NA	NA	NA
NC_045512.2	1271	T	G	23578	19021	37	4	1	28	0.000169592	23586	1	FALSE	NA	NA	NA	NA	NA	NA
NC_045512.2	1271	T	C	23578	19021	37	3	2	45	0.000127194	23586	0.49992	FALSE	NA	NA	NA	NA	NA	NA
NC_045512.2	1271	T	A	23578	19021	37	1	1	34	4.2398e-05	23586	1	FALSE	NA	NA	NA	NA	NA	NA
NC_045512.2	1272	T	C	25170	20699	38	5	5	34	0.000198602	25176	0.99997	FALSE	NA	NA	NA	NA	NA	NA
NC_045512.2	1272	T	A	25170	20699	38	1	1	24	3.97204e-05	25176	1	FALSE	NA	NA	NA	NA	NA	NA
NC_045512.2	1273	T	C	25018	20870	36	5	3	34	0.000199816	25023	0.99997	FALSE	NA	NA	NA	NA	NA	NA
NC_045512.2	1274	G	A	25810	20958	36	1	1	34	3.87432e-05	25811	1	FALSE	NA	NA	NA	NA	NA	NA
NC_045512.2	1275	T	G	25805	20969	36	1	1	34	3.87447e-05	25810	1	FALSE	NA	NA	NA	NA	NA	NA
NC_045512.2	1275	T	C	25805	20969	36	3	3	34	0.000116234	25810	0.999998	FALSE	NA	NA	NA	NA	NA	NA
NC_045512.2	1275	T	A	25805	20969	36	1	1	68	3.87447e-05	25810	0.499971	FALSE	NA	NA	NA	NA	NA	NA
NC_045512.2	1276	T	A	25836	20995	36	1	1	34	3.87042e-05	25837	1	FALSE	NA	NA	NA	NA	NA	NA
NC_045512.2	1277	A	T	25803	21124	36	1	1	26	3.87507e-05	25806	1	FALSE	NA	NA	NA	NA	NA	NA
NC_045512.2	1277	A	G	25803	21124	36	2	2	34	7.75014e-05	25806	1	FALSE	NA	NA	NA	NA	NA	NA
NC_045512.2	1278	A	T	25645	20968	36	1	1	34	3.89909e-05	25647	1	FALSE	NA	NA	NA	NA	NA	NA
NC_045512.2	1278	A	G	25645	20968	36	1	1	68	3.89909e-05	25647	0.5	FALSE	NA	NA	NA	NA	NA	NA
NC_045512.2	1279	A	G	25793	20987	36	1	1	34	3.87687e-05	25794	1	FALSE	NA	NA	NA	NA	NA	NA
NC_045512.2	1280	G	A	25681	20952	36	1	0	34	3.89378e-05	25682	1	FALSE	NA	NA	NA	NA	NA	NA
NC_045512.2	1281	C	T	25716	20921	36	5	5	34	0.000194386	25722	0.99997	FALSE	NA	NA	NA	NA	NA	NA
NC_045512.2	1281	C	G	25716	20921	36	1	1	34	3.88772e-05	25722	1	FALSE	NA	NA	NA	NA	NA	NA
NC_045512.2	1282	C	T	25647	20829	36	1	1	26	3.89894e-05	25648	1	FALSE	NA	NA	NA	NA	NA	NA
NC_045512.2	1283	A	G	24941	20128	36	1	0	34	4.0093e-05	24942	1	FALSE	NA	NA	NA	NA	NA	NA
NC_045512.2	1284	C	G	25151	20183	36	2	0	34	7.95134e-05	25153	1	FALSE	NA	NA	NA	NA	NA	NA
NC_045512.2	1286	T	C	25194	20151	36	4	4	34	0.000158743	25198	0.999992	FALSE	NA	NA	NA	NA	NA	NA
NC_045512.2	1287	G	T	25172	20122	36	1	1	34	3.97235e-05	25174	1	FALSE	NA	NA	NA	NA	NA	NA
NC_045512.2	1287	G	A	25172	20122	36	1	1	34	3.97235e-05	25174	1	FALSE	NA	NA	NA	NA	NA	NA
NC_045512.2	1288	C	T	25137	20232	36	4	3	42	0.000159103	25141	0.343759	FALSE	NA	NA	NA	NA	NA	NA
NC_045512.2	1289	G	A	22948	18185	36	2076	1908	36	0.0829604	25024	0	TRUE	NA	NA	NA	NA	NA	NA
NC_045512.2	1290	A	T	24949	20020	35	1	1	26	4.00753e-05	24953	1	FALSE	NA	NA	NA	NA	NA	NA
NC_045512.2	1290	A	G	24949	20020	35	3	1	34	0.000120226	24953	0.999997	FALSE	NA	NA	NA	NA	NA	NA
NC_045512.2	1291	A	T	25116	20192	36	5	5	29	0.000199029	25122	1	FALSE	NA	NA	NA	NA	NA	NA
NC_045512.2	1291	A	G	25116	20192	36	1	0	68	3.98057e-05	25122	0.49996	FALSE	NA	NA	NA	NA	NA	NA
NC_045512.2	1291	A	-T	25116	20192	36	2	0	20	7.96115e-05	25122	1	FALSE	NA	NA	NA	NA	NA	NA
NC_045512.2	1292	T	G	25200	20227	36	1	0	26	3.9681e-05	25201	1	FALSE	NA	NA	NA	NA	NA	NA
NC_045512.2	1293	T	G	23558	18777	34	1	0	26	4.24448e-05	23560	1	FALSE	NA	NA	NA	NA	NA	NA
NC_045512.2	1293	T	C	23558	18777	34	1	1	34	4.24448e-05	23560	1	FALSE	NA	NA	NA	NA	NA	NA
NC_045512.2	1294	T	C	25056	20051	35	2	0	34	7.98116e-05	25059	1	FALSE	NA	NA	NA	NA	NA	NA
NC_045512.2	1294	T	A	25056	20051	35	1	1	34	3.99058e-05	25059	1	FALSE	NA	NA	NA	NA	NA	NA
NC_045512.2	1295	T	C	24815	19824	35	1	1	34	4.02966e-05	24816	1	FALSE	NA	NA	NA	NA	NA	NA
NC_045512.2	1296	G	T	24768	19786	35	1	1	34	4.0373e-05	24769	1	FALSE	NA	NA	NA	NA	NA	NA
NC_045512.2	1297	T	G	24248	19285	35	1	1	34	4.12388e-05	24249	1	FALSE	NA	NA	NA	NA	NA	NA
NC_045512.2	1298	G	T	23921	18952	35	3	3	31	0.000125397	23924	0.999995	FALSE	NA	NA	NA	NA	NA	NA
NC_045512.2	1299	G	T	24128	18906	35	1	1	34	4.14439e-05	24129	1	FALSE	NA	NA	NA	NA	NA	NA
NC_045512.2	1300	C	T	24044	18940	35	1	0	34	4.1587e-05	24046	1	FALSE	NA	NA	NA	NA	NA	NA
NC_045512.2	1300	C	G	24044	18940	35	1	0	27	4.1587e-05	24046	1	FALSE	NA	NA	NA	NA	NA	NA
NC_045512.2	1303	T	C	23726	18512	35	3	1	45	0.000126422	23730	0.5	FALSE	NA	NA	NA	NA	NA	NA
NC_045512.2	1303	T	A	23726	18512	35	1	1	34	4.21408e-05	23730	1	FALSE	NA	NA	NA	NA	NA	NA
NC_045512.2	1304	G	A	23784	18488	35	3	0	31	0.000126119	23787	0.999995	FALSE	NA	NA	NA	NA	NA	NA
NC_045512.2	1305	A	G	23777	18509	35	3	3	34	0.000126151	23781	0.999995	FALSE	NA	NA	NA	NA	NA	NA
NC_045512.2	1305	A	C	23777	18509	35	1	1	34	4.20504e-05	23781	1	FALSE	NA	NA	NA	NA	NA	NA
NC_045512.2	1306	G	C	24106	18482	35	1	1	26	4.14817e-05	24107	1	FALSE	NA	NA	NA	NA	NA	NA
NC_045512.2	1307	A	G	23590	18492	34	3	0	34	0.000127156	23593	0.999995	FALSE	NA	NA	NA	NA	NA	NA
NC_045512.2	1308	A	G	23973	18379	35	1	1	34	4.17119e-05	23974	1	FALSE	NA	NA	NA	NA	NA	NA
NC_045512.2	1310	T	G	23422	17853	34	1	1	34	4.26858e-05	23427	1	FALSE	NA	NA	NA	NA	NA	NA
NC_045512.2	1310	T	C	23422	17853	34	4	4	34	0.000170743	23427	0.999975	FALSE	NA	NA	NA	NA	NA	NA
NC_045512.2	1311	T	C	23603	18039	35	6	6	34	0.00025414	23609	0.999728	FALSE	NA	NA	NA	NA	NA	NA
NC_045512.2	1312	G	A	23930	18070	35	1	0	34	4.17868e-05	23931	1	FALSE	NA	NA	NA	NA	NA	NA
NC_045512.2	1313	A	G	23770	17898	35	10	9	40	0.000420521	23780	0.0192786	FALSE	NA	NA	NA	NA	NA	NA
NC_045512.2	1315	T	C	22937	17301	35	2	2	34	8.71878e-05	22939	0.999999	FALSE	NA	NA	NA	NA	NA	NA
NC_045512.2	1316	A	G	23020	17281	35	3	1	34	0.000130304	23023	0.999995	FALSE	NA	NA	NA	NA	NA	NA
NC_045512.2	1317	A	G	22997	17275	35	1	0	34	4.34802e-05	22999	1	FALSE	NA	NA	NA	NA	NA	NA
NC_045512.2	1317	A	C	22997	17275	35	1	1	26	4.34802e-05	22999	1	FALSE	NA	NA	NA	NA	NA	NA
NC_045512.2	1318	A	G	23059	17289	35	1	1	34	4.33651e-05	23060	1	FALSE	NA	NA	NA	NA	NA	NA
NC_045512.2	1319	G	C	23123	17303	35	1	1	34	4.32432e-05	23125	1	FALSE	NA	NA	NA	NA	NA	NA
NC_045512.2	1319	G	A	23123	17303	35	1	0	34	4.32432e-05	23125	1	FALSE	NA	NA	NA	NA	NA	NA
NC_045512.2	1320	A	G	22982	17188	35	1	1	34	4.35028e-05	22987	1	FALSE	NA	NA	NA	NA	NA	NA
NC_045512.2	1320	A	C	22982	17188	35	4	1	34	0.000174011	22987	0.999956	FALSE	NA	NA	NA	NA	NA	NA
NC_045512.2	1321	A	T	22575	16679	35	3	3	34	0.000132849	22582	0.99999	FALSE	NA	NA	NA	NA	NA	NA
NC_045512.2	1321	A	G	22575	16679	35	4	3	34	0.000177132	22582	0.999956	FALSE	NA	NA	NA	NA	NA	NA
NC_045512.2	1322	G	T	22506	16686	35	1	0	34	4.44306e-05	22507	1	FALSE	NA	NA	NA	NA	NA	NA
NC_045512.2	1323	G	T	22769	16538	35	2	2	34	8.7831e-05	22771	0.999999	FALSE	NA	NA	NA	NA	NA	NA
NC_045512.2	1324	T	C	21968	15984	34	4	4	42	0.00018205	21972	0.343761	FALSE	NA	NA	NA	NA	NA	NA
NC_045512.2	1325	G	T	20940	14932	34	1	1	34	4.77464e-05	20944	1	FALSE	NA	NA	NA	NA	NA	NA
NC_045512.2	1325	G	A	20940	14932	34	3	0	34	0.000143239	20944	0.999967	FALSE	NA	NA	NA	NA	NA	NA
NC_045512.2	1326	C	T	21687	15829	35	8	5	41	0.000368715	21697	0.0546591	FALSE	NA	NA	NA	NA	NA	NA
NC_045512.2	1326	C	A	21687	15829	35	2	2	34	9.21786e-05	21697	0.999997	FALSE	NA	NA	NA	NA	NA	NA
NC_045512.2	1327	C	T	21892	15764	35	2	2	34	9.13492e-05	21894	0.999997	FALSE	NA	NA	NA	NA	NA	NA
NC_045512.2	1328	A	G	21966	15559	35	6	3	32	0.000273025	21976	0.999245	FALSE	NA	NA	NA	NA	NA	NA
NC_045512.2	1328	A	C	21966	15559	35	4	1	34	0.000182017	21976	0.999922	FALSE	NA	NA	NA	NA	NA	NA
NC_045512.2	1331	A	G	22770	15331	35	4	1	34	0.000175639	22774	0.999956	FALSE	NA	NA	NA	NA	NA	NA
NC_045512.2	1332	C	T	21552	14254	35	4	4	32	0.000185537	21559	0.999922	FALSE	NA	NA	NA	NA	NA	NA
NC_045512.2	1332	C	G	21552	14254	35	2	0	30	9.27687e-05	21559	0.999997	FALSE	NA	NA	NA	NA	NA	NA
NC_045512.2	1332	C	A	21552	14254	35	1	1	34	4.63843e-05	21559	1	FALSE	NA	NA	NA	NA	NA	NA
NC_045512.2	1333	T	C	20795	13517	35	2	2	30	9.61538e-05	20800	0.999995	FALSE	NA	NA	NA	NA	NA	NA
NC_045512.2	1333	T	A	20795	13517	35	3	3	34	0.000144231	20800	0.999967	FALSE	NA	NA	NA	NA	NA	NA
NC_045512.2	1334	T	C	7786	532	37	2	0	34	0.000256805	7788	0.980505	FALSE	NA	NA	NA	NA	NA	NA
NC_045512.2	1335	G	T	7910	532	37	1	0	34	0.000126406	7911	0.996103	FALSE	NA	NA	NA	NA	NA	NA
NC_045512.2	1336	T	C	8112	535	37	1	0	34	0.000123259	8113	0.998052	FALSE	NA	NA	NA	NA	NA	NA
NC_045512.2	1339	T	A	8209	559	37	1	0	34	0.000121803	8210	0.998052	FALSE	NA	NA	NA	NA	NA	NA
NC_045512.2	1343	T	C	8357	567	37	3	1	45	0.000358852	8360	0.125	FALSE	NA	NA	NA	NA	NA	NA
NC_045512.2	1346	C	G	8706	572	37	1	0	34	0.00011485	8707	0.998052	FALSE	NA	NA	NA	NA	NA	NA
NC_045512.2	1347	C	T	8664	587	37	1	0	34	0.000115407	8665	0.998052	FALSE	NA	NA	NA	NA	NA	NA
NC_045512.2	1348	C	T	8841	588	37	2	0	34	0.000226168	8843	0.98928	FALSE	NA	NA	NA	NA	NA	NA
NC_045512.2	1349	C	+A	8855	606	37	1	0	20	0.000112931	8855	1	FALSE	NA	NA	NA	NA	NA	NA
NC_045512.2	1350	A	G	8954	608	37	3	0	34	0.000334896	8958	0.967326	FALSE	NA	NA	NA	NA	NA	NA
NC_045512.2	1350	A	C	8954	608	37	1	0	34	0.000111632	8958	0.998049	FALSE	NA	NA	NA	NA	NA	NA
NC_045512.2	1351	A	G	8957	608	37	10	2	40	0.0011152	8967	0.000974657	TRUE	NA	NA	NA	NA	NA	NA
NC_045512.2	1353	A	G	8756	653	37	3	0	34	0.000342505	8759	0.96734	FALSE	NA	NA	NA	NA	NA	NA
NC_045512.2	1356	C	T	8117	752	36	3	0	34	0.000369458	8120	0.967345	FALSE	NA	NA	NA	NA	NA	NA
NC_045512.2	1357	T	C	8141	770	36	2	0	34	0.000245549	8145	0.989271	FALSE	NA	NA	NA	NA	NA	NA
NC_045512.2	1357	T	A	8141	770	36	2	0	34	0.000245549	8145	0.989271	FALSE	NA	NA	NA	NA	NA	NA
NC_045512.2	1359	T	G	8792	775	36	2	0	30	0.000227428	8794	0.98928	FALSE	NA	NA	NA	NA	NA	NA
NC_045512.2	1360	T	G	8845	775	36	1	0	26	0.000112994	8850	1	FALSE	NA	NA	NA	NA	NA	NA
NC_045512.2	1360	T	C	8845	775	36	1	0	34	0.000112994	8850	0.998048	FALSE	NA	NA	NA	NA	NA	NA
NC_045512.2	1360	T	A	8845	775	36	3	0	30	0.000338983	8850	0.967312	FALSE	NA	NA	NA	NA	NA	NA
NC_045512.2	1364	A	G	8828	978	37	1	0	34	0.000113263	8829	0.998052	FALSE	NA	NA	NA	NA	NA	NA
NC_045512.2	1367	A	G	8761	1017	37	1	0	34	0.000114129	8762	0.998052	FALSE	NA	NA	NA	NA	NA	NA
NC_045512.2	1368	T	G	8695	981	37	1	0	34	0.000114995	8696	0.998052	FALSE	NA	NA	NA	NA	NA	NA
NC_045512.2	1369	T	C	8780	1013	37	2	0	51	0.000227739	8782	0.250014	FALSE	NA	NA	NA	NA	NA	NA
NC_045512.2	1370	T	C	8576	1035	37	1	0	34	0.000116591	8577	0.998052	FALSE	NA	NA	NA	NA	NA	NA
NC_045512.2	1371	A	G	8623	1068	37	1	0	34	0.000115955	8624	0.998052	FALSE	NA	NA	NA	NA	NA	NA
NC_045512.2	1372	T	C	8623	1068	37	1	0	34	0.000115955	8624	0.998052	FALSE	NA	NA	NA	NA	NA	NA
NC_045512.2	1373	T	C	8552	1074	37	2	0	34	0.000233809	8554	0.989281	FALSE	NA	NA	NA	NA	NA	NA
NC_045512.2	1377	C	T	7983	1154	37	1	0	34	0.000125251	7984	0.996103	FALSE	NA	NA	NA	NA	NA	NA
NC_045512.2	1378	A	G	8036	1151	37	3	1	34	0.000373181	8039	0.967345	FALSE	NA	NA	NA	NA	NA	NA
NC_045512.2	1379	G	T	8350	1149	37	2	0	34	0.000239406	8354	0.989271	FALSE	NA	NA	NA	NA	NA	NA
NC_045512.2	1379	G	A	8350	1149	37	2	0	34	0.000239406	8354	0.989271	FALSE	NA	NA	NA	NA	NA	NA
NC_045512.2	1388	A	T	8409	1434	37	1	0	34	0.000118906	8410	0.998052	FALSE	NA	NA	NA	NA	NA	NA
NC_045512.2	1389	A	T	8685	1524	38	1	0	34	0.000115048	8692	0.998046	FALSE	NA	NA	NA	NA	NA	NA
NC_045512.2	1389	A	G	8685	1524	38	6	2	51	0.00069029	8692	0.0156115	FALSE	NA	NA	NA	NA	NA	NA
NC_045512.2	1391	T	C	8660	1531	38	3	1	34	0.0003463	8663	0.967341	FALSE	NA	NA	NA	NA	NA	NA
NC_045512.2	1393	A	G	8520	1530	37	6	3	62	0.00070373	8526	0.0156168	FALSE	NA	NA	NA	NA	NA	NA
NC_045512.2	1395	A	G	8471	1575	37	2	0	51	0.000236044	8473	0.250015	FALSE	NA	NA	NA	NA	NA	NA
NC_045512.2	1396	A	G	8699	1573	37	1	0	34	0.000114943	8700	0.998052	FALSE	NA	NA	NA	NA	NA	NA
NC_045512.2	1397	G	A	8711	1583	37	2	0	34	0.000229542	8713	0.98928	FALSE	NA	NA	NA	NA	NA	NA
NC_045512.2	1398	T	C	8726	1643	38	1	0	34	0.000114587	8727	0.998052	FALSE	NA	NA	NA	NA	NA	NA
NC_045512.2	1399	A	G	8712	1653	38	2	0	47	0.000229516	8714	0.250014	FALSE	NA	NA	NA	NA	NA	NA
NC_045512.2	1401	G	C	8861	1823	38	1	0	34	0.000112841	8862	0.998052	FALSE	NA	NA	NA	NA	NA	NA
NC_045512.2	1403	C	G	8913	1927	38	1	0	34	0.000112183	8914	0.998052	FALSE	NA	NA	NA	NA	NA	NA
NC_045512.2	1405	T	C	8483	1925	38	1	0	26	0.000117869	8484	1	FALSE	NA	NA	NA	NA	NA	NA
NC_045512.2	1406	G	T	8951	1952	38	1	0	34	0.000111707	8952	0.998052	FALSE	NA	NA	NA	NA	NA	NA
NC_045512.2	1407	A	G	9135	2206	38	3	0	31	0.000328299	9138	0.980753	FALSE	NA	NA	NA	NA	NA	NA
NC_045512.2	1408	G	C	9310	2210	38	1	1	26	0.0001074	9311	1	FALSE	NA	NA	NA	NA	NA	NA
NC_045512.2	1410	A	G	9311	2303	39	1	0	26	0.000107388	9312	1	FALSE	NA	NA	NA	NA	NA	NA
NC_045512.2	1411	T	C	9336	2317	39	1	0	26	0.000107089	9338	1	FALSE	NA	NA	NA	NA	NA	NA
NC_045512.2	1411	T	A	9336	2317	39	1	0	34	0.000107089	9338	0.999026	FALSE	NA	NA	NA	NA	NA	NA
NC_045512.2	1412	A	G	9258	2294	39	1	0	34	0.000108003	9259	0.999026	FALSE	NA	NA	NA	NA	NA	NA
NC_045512.2	1413	G	T	9357	2332	39	5	5	34	0.000534074	9362	0.910331	FALSE	NA	NA	NA	NA	NA	NA
NC_045512.2	1414	T	G	9245	2233	38	1	0	34	0.000108155	9246	0.999026	FALSE	NA	NA	NA	NA	NA	NA
NC_045512.2	1416	T	C	9107	2297	39	2	1	34	0.000219539	9110	0.994152	FALSE	NA	NA	NA	NA	NA	NA
NC_045512.2	1416	T	A	9107	2297	39	1	0	34	0.000109769	9110	0.999025	FALSE	NA	NA	NA	NA	NA	NA
NC_045512.2	1418	G	A	9144	2220	39	2	0	34	0.000218675	9146	0.994155	FALSE	NA	NA	NA	NA	NA	NA
NC_045512.2	1421	G	A	9152	2284	39	1	1	68	0.000109254	9153	0.500027	FALSE	NA	NA	NA	NA	NA	NA
NC_045512.2	1422	A	C	9046	2286	39	1	1	27	0.000110534	9047	1	FALSE	NA	NA	NA	NA	NA	NA
NC_045512.2	1423	A	G	9086	2303	39	1	0	26	0.000110047	9087	1	FALSE	NA	NA	NA	NA	NA	NA
NC_045512.2	1425	A	G	8807	2438	39	1	0	34	0.000113533	8808	0.998052	FALSE	NA	NA	NA	NA	NA	NA
NC_045512.2	1427	C	T	8615	2457	39	1	0	34	0.000116036	8618	0.99805	FALSE	NA	NA	NA	NA	NA	NA
NC_045512.2	1427	C	A	8615	2457	39	2	0	34	0.000232072	8618	0.989276	FALSE	NA	NA	NA	NA	NA	NA
NC_045512.2	1428	A	T	8656	2479	39	1	1	34	0.000115487	8659	0.99805	FALSE	NA	NA	NA	NA	NA	NA
NC_045512.2	1428	A	G	8656	2479	39	1	0	34	0.000115487	8659	0.99805	FALSE	NA	NA	NA	NA	NA	NA
NC_045512.2	1428	A	C	8656	2479	39	1	0	26	0.000115487	8659	1	FALSE	NA	NA	NA	NA	NA	NA
NC_045512.2	1430	A	T	8046	2607	38	1	0	26	0.00012427	8047	1	FALSE	NA	NA	NA	NA	NA	NA
NC_045512.2	1432	T	C	7725	2691	38	1	1	26	0.000129433	7726	1	FALSE	NA	NA	NA	NA	NA	NA
NC_045512.2	1433	G	C	7683	2695	38	26	6	41	0.00337224	7710	1.45898e-08	TRUE	NA	NA	NA	NA	NA	NA
NC_045512.2	1433	G	A	7683	2695	38	1	1	34	0.000129702	7710	0.99605	FALSE	NA	NA	NA	NA	NA	NA
NC_045512.2	1438	T	C	7487	2934	38	1	1	34	0.000133547	7488	0.996103	FALSE	NA	NA	NA	NA	NA	NA
NC_045512.2	1439	G	A	7538	2933	38	2	0	51	0.000265252	7540	0.250017	FALSE	NA	NA	NA	NA	NA	NA
NC_045512.2	1442	T	G	7691	3220	38	1	0	34	0.000130005	7692	0.996103	FALSE	NA	NA	NA	NA	NA	NA
NC_045512.2	1452	T	A	7657	3649	38	1	0	34	0.000130582	7658	0.996103	FALSE	NA	NA	NA	NA	NA	NA
NC_045512.2	1453	T	C	7588	3598	38	2	1	29	0.00026347	7591	1	FALSE	NA	NA	NA	NA	NA	NA
NC_045512.2	1453	T	A	7588	3598	38	1	1	34	0.000131735	7591	0.996099	FALSE	NA	NA	NA	NA	NA	NA
NC_045512.2	1454	C	T	7613	3666	38	2	0	34	0.00026264	7615	0.980506	FALSE	NA	NA	NA	NA	NA	NA
NC_045512.2	1456	T	C	8047	3701	38	2	1	34	0.000248478	8049	0.989282	FALSE	NA	NA	NA	NA	NA	NA
NC_045512.2	1459	T	C	7904	4123	38	2	2	34	0.000252972	7906	0.980504	FALSE	NA	NA	NA	NA	NA	NA
NC_045512.2	1462	G	T	7874	4176	38	1	1	34	0.000126984	7875	0.996103	FALSE	NA	NA	NA	NA	NA	NA
NC_045512.2	1464	G	T	8446	4842	38	1	1	34	0.000118385	8447	0.998052	FALSE	NA	NA	NA	NA	NA	NA
NC_045512.2	1466	G	C	8110	4496	38	2	2	30	0.000246548	8112	0.989282	FALSE	NA	NA	NA	NA	NA	NA
NC_045512.2	1469	C	T	8617	5235	39	1	0	34	0.000116023	8619	0.998051	FALSE	NA	NA	NA	NA	NA	NA
NC_045512.2	1469	C	G	8617	5235	39	1	1	34	0.000116023	8619	0.998051	FALSE	NA	NA	NA	NA	NA	NA
NC_045512.2	1470	G	A	8575	5183	39	9	4	33	0.00104846	8584	0.500097	FALSE	NA	NA	NA	NA	NA	NA
NC_045512.2	1474	T	G	8739	5314	39	1	0	34	0.000114416	8740	0.998052	FALSE	NA	NA	NA	NA	NA	NA
NC_045512.2	1476	T	C	9219	5879	40	2	2	40	0.000216896	9221	0.250014	FALSE	NA	NA	NA	NA	NA	NA
NC_045512.2	1477	T	C	9376	6127	40	3	0	34	0.000319864	9379	0.980752	FALSE	NA	NA	NA	NA	NA	NA
NC_045512.2	1480	C	A	9399	6270	40	2	2	34	0.000212743	9401	0.994155	FALSE	NA	NA	NA	NA	NA	NA
NC_045512.2	1481	T	A	9300	6140	39	1	1	34	0.000107515	9301	0.999026	FALSE	NA	NA	NA	NA	NA	NA
NC_045512.2	1482	T	G	9317	6178	39	1	0	27	0.000107308	9319	1	FALSE	NA	NA	NA	NA	NA	NA
NC_045512.2	1482	T	C	9317	6178	39	1	1	34	0.000107308	9319	0.999026	FALSE	NA	NA	NA	NA	NA	NA
NC_045512.2	1484	G	A	9417	6336	40	1	1	34	0.00010618	9418	0.999026	FALSE	NA	NA	NA	NA	NA	NA
NC_045512.2	1488	G	A	9476	6503	40	2	2	34	0.000211015	9478	0.994155	FALSE	NA	NA	NA	NA	NA	NA
NC_045512.2	1489	C	T	9511	6778	39	2	2	68	0.000210239	9513	0.250013	FALSE	NA	NA	NA	NA	NA	NA
NC_045512.2	1490	T	G	9398	6654	40	1	1	34	0.000106304	9407	0.999022	FALSE	NA	NA	NA	NA	NA	NA
NC_045512.2	1490	T	C	9398	6654	40	7	5	34	0.000744127	9407	0.772783	FALSE	NA	NA	NA	NA	NA	NA
NC_045512.2	1490	T	A	9398	6654	40	1	1	34	0.000106304	9407	0.999022	FALSE	NA	NA	NA	NA	NA	NA
NC_045512.2	1491	G	A	9471	6667	40	5	2	34	0.000527649	9476	0.91033	FALSE	NA	NA	NA	NA	NA	NA
NC_045512.2	1492	T	G	9522	6731	40	2	0	34	0.000209996	9524	0.994155	FALSE	NA	NA	NA	NA	NA	NA
NC_045512.2	1495	G	C	9523	6755	40	1	1	34	0.000104998	9524	0.999026	FALSE	NA	NA	NA	NA	NA	NA
NC_045512.2	1496	T	C	9573	6836	40	3	3	34	0.000313283	9576	0.980751	FALSE	NA	NA	NA	NA	NA	NA
NC_045512.2	1497	T	C	9446	6882	39	3	3	34	0.000317494	9449	0.980751	FALSE	NA	NA	NA	NA	NA	NA
NC_045512.2	1501	T	A	9532	7048	39	1	1	34	0.000104899	9533	0.999026	FALSE	NA	NA	NA	NA	NA	NA
NC_045512.2	1505	G	T	9332	6920	39	2	2	34	0.00021427	9334	0.994155	FALSE	NA	NA	NA	NA	NA	NA
NC_045512.2	1506	T	C	9379	6992	39	1	1	34	0.00010661	9380	0.999026	FALSE	NA	NA	NA	NA	NA	NA
NC_045512.2	1508	G	A	9476	7505	39	1	1	68	0.000105519	9477	0.500026	FALSE	NA	NA	NA	NA	NA	NA
NC_045512.2	1509	G	C	9244	7399	39	1	1	34	0.000108167	9245	0.999026	FALSE	NA	NA	NA	NA	NA	NA
NC_045512.2	1510	T	C	9268	7452	38	1	1	34	0.000107887	9269	0.999026	FALSE	NA	NA	NA	NA	NA	NA
NC_045512.2	1512	G	T	8562	6897	39	816	650	39	0.0870122	9378	2.90993e-236	TRUE	NA	NA	NA	NA	NA	NA
NC_045512.2	1513	C	T	9669	8053	38	2	2	34	0.000206804	9671	0.994155	FALSE	NA	NA	NA	NA	NA	NA
NC_045512.2	1514	C	T	9758	8131	38	1	1	34	0.00010247	9759	0.999026	FALSE	NA	NA	NA	NA	NA	NA
NC_045512.2	1515	A	G	9796	8178	38	1	0	34	0.000102072	9797	0.999026	FALSE	NA	NA	NA	NA	NA	NA
NC_045512.2	1516	T	C	9845	8199	38	1	1	34	0.000101564	9846	0.999026	FALSE	NA	NA	NA	NA	NA	NA
NC_045512.2	1517	A	T	9728	8084	38	1	1	24	0.000102785	9729	1	FALSE	NA	NA	NA	NA	NA	NA
NC_045512.2	1525	T	C	10317	8937	39	1	0	68	9.69086e-05	10319	0.5	FALSE	NA	NA	NA	NA	NA	NA
NC_045512.2	1525	T	A	10317	8937	39	1	1	34	9.69086e-05	10319	0.999513	FALSE	NA	NA	NA	NA	NA	NA
NC_045512.2	1526	G	A	10326	8976	39	2	2	34	0.000193648	10328	0.996835	FALSE	NA	NA	NA	NA	NA	NA
NC_045512.2	1527	C	T	10409	9113	39	4	4	34	0.000384135	10413	0.971366	FALSE	NA	NA	NA	NA	NA	NA
NC_045512.2	1530	A	C	10385	9119	39	1	1	34	9.62835e-05	10386	0.999513	FALSE	NA	NA	NA	NA	NA	NA
NC_045512.2	1531	T	C	10333	9080	38	2	2	29	0.000193517	10335	1	FALSE	NA	NA	NA	NA	NA	NA
NC_045512.2	1532	T	C	10374	9140	38	2	2	30	0.000192753	10376	0.996835	FALSE	NA	NA	NA	NA	NA	NA
NC_045512.2	1534	G	C	10393	9157	39	1	1	27	9.62094e-05	10394	1	FALSE	NA	NA	NA	NA	NA	NA
NC_045512.2	1535	G	A	10620	9440	39	2	2	34	0.000188288	10622	0.996835	FALSE	NA	NA	NA	NA	NA	NA
NC_045512.2	1536	T	C	10594	9436	39	2	1	51	0.00018875	10596	0.250012	FALSE	NA	NA	NA	NA	NA	NA
NC_045512.2	1538	C	A	10532	9387	39	1	1	34	9.49397e-05	10533	0.999513	FALSE	NA	NA	NA	NA	NA	NA
NC_045512.2	1540	A	G	10454	9353	39	7	7	34	0.000669152	10461	0.833996	FALSE	NA	NA	NA	NA	NA	NA
NC_045512.2	1541	C	T	10452	9365	39	3	3	45	0.000286944	10455	0.312518	FALSE	NA	NA	NA	NA	NA	NA
NC_045512.2	1542	G	C	10382	9299	39	1	1	68	9.63113e-05	10383	0.500024	FALSE	NA	NA	NA	NA	NA	NA
NC_045512.2	1543	T	C	10160	9079	39	1	1	68	9.84058e-05	10162	0.5	FALSE	NA	NA	NA	NA	NA	NA
NC_045512.2	1543	T	A	10160	9079	39	1	1	34	9.84058e-05	10162	0.999513	FALSE	NA	NA	NA	NA	NA	NA
NC_045512.2	1544	G	T	10086	9004	39	1	1	34	9.90884e-05	10092	0.999512	FALSE	NA	NA	NA	NA	NA	NA
NC_045512.2	1544	G	C	10086	9004	39	4	4	34	0.000396354	10092	0.971344	FALSE	NA	NA	NA	NA	NA	NA
NC_045512.2	1544	G	A	10086	9004	39	1	1	34	9.90884e-05	10092	0.999512	FALSE	NA	NA	NA	NA	NA	NA
NC_045512.2	1546	T	C	9911	8881	39	3	3	34	0.000302602	9914	0.980749	FALSE	NA	NA	NA	NA	NA	NA
NC_045512.2	1547	A	G	9820	8812	38	7	5	53	0.000712323	9827	0.00780693	TRUE	NA	NA	NA	NA	NA	NA
NC_045512.2	1549	C	T	9819	8820	39	3	3	34	0.000305437	9822	0.98075	FALSE	NA	NA	NA	NA	NA	NA
NC_045512.2	1550	G	A	9781	8777	39	2	2	30	0.000204436	9783	0.994154	FALSE	NA	NA	NA	NA	NA	NA
NC_045512.2	1552	T	C	9417	8421	38	2	2	30	0.000212337	9419	0.994155	FALSE	NA	NA	NA	NA	NA	NA
NC_045512.2	1553	A	G	9622	8626	39	4	4	32	0.000415541	9626	0.95393	FALSE	NA	NA	NA	NA	NA	NA
NC_045512.2	1555	C	A	9632	8644	39	2	2	51	0.000207598	9634	0.250013	FALSE	NA	NA	NA	NA	NA	NA
NC_045512.2	1557	T	C	9498	8724	37	2	2	34	0.000210526	9500	0.994155	FALSE	NA	NA	NA	NA	NA	NA
NC_045512.2	1558	A	G	9063	8298	37	5	5	34	0.000551329	9069	0.910302	FALSE	NA	NA	NA	NA	NA	NA
NC_045512.2	1558	A	C	9063	8298	37	1	1	34	0.000110266	9069	0.999024	FALSE	NA	NA	NA	NA	NA	NA
NC_045512.2	1559	G	T	9113	8354	37	1	0	68	0.000109721	9114	0.500027	FALSE	NA	NA	NA	NA	NA	NA
NC_045512.2	1560	G	A	9042	8283	37	4	4	34	0.000442184	9046	0.953935	FALSE	NA	NA	NA	NA	NA	NA
NC_045512.2	1565	A	G	8188	7508	37	3	2	56	0.000366166	8193	0.124954	FALSE	NA	NA	NA	NA	NA	NA
NC_045512.2	1565	A	C	8188	7508	37	2	2	34	0.000244111	8193	0.989266	FALSE	NA	NA	NA	NA	NA	NA
NC_045512.2	1566	A	G	8167	7492	37	1	1	24	0.000122429	8168	1	FALSE	NA	NA	NA	NA	NA	NA
NC_045512.2	1567	C	T	76163	8263	34	3	1	34	3.93846e-05	76172	1	FALSE	NA	NA	NA	NA	NA	NA
NC_045512.2	1567	C	A	76163	8263	34	6	0	31	7.87691e-05	76172	1	FALSE	NA	NA	NA	NA	NA	NA
NC_045512.2	1568	C	T	75540	7600	34	8	1	34	0.000105882	75556	1	FALSE	NA	NA	NA	NA	NA	NA
NC_045512.2	1568	C	G	75540	7600	34	3	0	31	3.97056e-05	75556	1	FALSE	NA	NA	NA	NA	NA	NA
NC_045512.2	1568	C	A	75540	7600	34	5	0	34	6.61761e-05	75556	1	FALSE	NA	NA	NA	NA	NA	NA
NC_045512.2	1569	A	G	78897	7447	34	13	0	32	0.000164745	78910	1	FALSE	NA	NA	NA	NA	NA	NA
NC_045512.2	1570	T	G	79624	7736	34	4	0	32	5.02292e-05	79635	1	FALSE	NA	NA	NA	NA	NA	NA
NC_045512.2	1570	T	C	79624	7736	34	5	0	34	6.27865e-05	79635	1	FALSE	NA	NA	NA	NA	NA	NA
NC_045512.2	1570	T	A	79624	7736	34	2	0	30	2.51146e-05	79635	1	FALSE	NA	NA	NA	NA	NA	NA
NC_045512.2	1571	A	T	78614	7726	34	1	0	26	1.27181e-05	78628	1	FALSE	NA	NA	NA	NA	NA	NA
NC_045512.2	1571	A	G	78614	7726	34	13	6	32	0.000165336	78628	1	FALSE	NA	NA	NA	NA	NA	NA
NC_045512.2	1572	C	T	79973	7759	34	10	0	34	0.000125017	79989	1	FALSE	NA	NA	NA	NA	NA	NA
NC_045512.2	1572	C	G	79973	7759	34	1	0	34	1.25017e-05	79989	1	FALSE	NA	NA	NA	NA	NA	NA
NC_045512.2	1572	C	A	79973	7759	34	5	0	32	6.25086e-05	79989	1	FALSE	NA	NA	NA	NA	NA	NA
NC_045512.2	1573	A	T	78576	7550	34	1	0	68	1.27254e-05	78583	0.499984	FALSE	NA	NA	NA	NA	NA	NA
NC_045512.2	1573	A	G	78576	7550	34	5	0	34	6.3627e-05	78583	1	FALSE	NA	NA	NA	NA	NA	NA
NC_045512.2	1573	A	C	78576	7550	34	1	0	34	1.27254e-05	78583	1	FALSE	NA	NA	NA	NA	NA	NA
NC_045512.2	1574	G	T	81593	7624	34	3	0	34	3.67629e-05	81604	1	FALSE	NA	NA	NA	NA	NA	NA
NC_045512.2	1574	G	C	81593	7624	34	1	0	34	1.22543e-05	81604	1	FALSE	NA	NA	NA	NA	NA	NA
NC_045512.2	1574	G	A	81593	7624	34	7	0	34	8.57801e-05	81604	1	FALSE	NA	NA	NA	NA	NA	NA
NC_045512.2	1575	G	T	82189	7867	34	2	0	34	2.43321e-05	82196	1	FALSE	NA	NA	NA	NA	NA	NA
NC_045512.2	1575	G	A	82189	7867	34	5	4	34	6.08302e-05	82196	1	FALSE	NA	NA	NA	NA	NA	NA
NC_045512.2	1576	T	G	81571	7278	34	1	0	34	1.22588e-05	81574	1	FALSE	NA	NA	NA	NA	NA	NA
NC_045512.2	1576	T	C	81571	7278	34	2	0	34	2.45176e-05	81574	1	FALSE	NA	NA	NA	NA	NA	NA
NC_045512.2	1577	G	C	81752	7255	34	1	0	27	1.22311e-05	81759	1	FALSE	NA	NA	NA	NA	NA	NA
NC_045512.2	1577	G	A	81752	7255	34	6	0	34	7.33864e-05	81759	1	FALSE	NA	NA	NA	NA	NA	NA
NC_045512.2	1578	T	G	82032	6993	34	5	0	27	6.09459e-05	82040	1	FALSE	NA	NA	NA	NA	NA	NA
NC_045512.2	1578	T	C	82032	6993	34	3	0	34	3.65675e-05	82040	1	FALSE	NA	NA	NA	NA	NA	NA
NC_045512.2	1579	T	G	82280	7148	34	3	0	31	3.6456e-05	82291	1	FALSE	NA	NA	NA	NA	NA	NA
NC_045512.2	1579	T	C	82280	7148	34	6	0	34	7.2912e-05	82291	1	FALSE	NA	NA	NA	NA	NA	NA
NC_045512.2	1579	T	A	82280	7148	34	2	0	34	2.4304e-05	82291	1	FALSE	NA	NA	NA	NA	NA	NA
NC_045512.2	1580	G	A	84190	7191	34	3	0	34	3.56324e-05	84193	1	FALSE	NA	NA	NA	NA	NA	NA
NC_045512.2	1581	T	G	83884	6949	34	1	0	26	1.19207e-05	83888	1	FALSE	NA	NA	NA	NA	NA	NA
NC_045512.2	1581	T	C	83884	6949	34	3	0	34	3.5762e-05	83888	1	FALSE	NA	NA	NA	NA	NA	NA
NC_045512.2	1582	T	G	84075	7159	34	1	0	34	1.18933e-05	84081	1	FALSE	NA	NA	NA	NA	NA	NA
NC_045512.2	1582	T	C	84075	7159	34	5	0	34	5.94665e-05	84081	1	FALSE	NA	NA	NA	NA	NA	NA
NC_045512.2	1582	T	-G	84075	7159	34	3	0	20	3.56799e-05	84081	1	FALSE	NA	NA	NA	NA	NA	NA
NC_045512.2	1583	G	C	84547	6962	34	1	0	68	1.18272e-05	84551	0.499985	FALSE	NA	NA	NA	NA	NA	NA
NC_045512.2	1583	G	A	84547	6962	34	3	1	34	3.54815e-05	84551	1	FALSE	NA	NA	NA	NA	NA	NA
NC_045512.2	1584	G	C	84539	6919	34	2	0	34	2.36566e-05	84543	1	FALSE	NA	NA	NA	NA	NA	NA
NC_045512.2	1584	G	A	84539	6919	34	2	0	34	2.36566e-05	84543	1	FALSE	NA	NA	NA	NA	NA	NA
NC_045512.2	1585	A	G	84449	6937	34	13	0	33	0.000153914	84463	1	FALSE	NA	NA	NA	NA	NA	NA
NC_045512.2	1585	A	C	84449	6937	34	1	0	34	1.18395e-05	84463	1	FALSE	NA	NA	NA	NA	NA	NA
NC_045512.2	1586	G	C	84672	6922	34	1	0	34	1.18097e-05	84676	1	FALSE	NA	NA	NA	NA	NA	NA
NC_045512.2	1586	G	A	84672	6922	34	3	0	34	3.54292e-05	84676	1	FALSE	NA	NA	NA	NA	NA	NA
NC_045512.2	1586	G	-A	84672	6922	34	10	0	20	0.000118097	84676	1	FALSE	NA	NA	NA	NA	NA	NA
NC_045512.2	1587	A	T	82671	6900	34	4	0	34	4.83746e-05	82688	1	FALSE	NA	NA	NA	NA	NA	NA
NC_045512.2	1587	A	G	82671	6900	34	8	0	32	9.67492e-05	82688	1	FALSE	NA	NA	NA	NA	NA	NA
NC_045512.2	1587	A	C	82671	6900	34	5	0	32	6.04683e-05	82688	1	FALSE	NA	NA	NA	NA	NA	NA
NC_045512.2	1588	A	T	84842	6794	34	1	0	34	1.17834e-05	84865	1	FALSE	NA	NA	NA	NA	NA	NA
NC_045512.2	1588	A	G	84842	6794	34	18	0	33	0.000212102	84865	1	FALSE	NA	NA	NA	NA	NA	NA
NC_045512.2	1588	A	C	84842	6794	34	4	0	34	4.71337e-05	84865	1	FALSE	NA	NA	NA	NA	NA	NA
NC_045512.2	1589	G	T	86365	6582	34	15	1	33	0.000173649	86381	1	FALSE	NA	NA	NA	NA	NA	NA
NC_045512.2	1589	G	A	86365	6582	34	1	0	34	1.15766e-05	86381	1	FALSE	NA	NA	NA	NA	NA	NA
NC_045512.2	1590	G	A	88519	6626	34	3	0	34	3.38899e-05	88522	1	FALSE	NA	NA	NA	NA	NA	NA
NC_045512.2	1591	T	C	88546	6619	34	5	1	37	5.6464e-05	88552	1	FALSE	NA	NA	NA	NA	NA	NA
NC_045512.2	1591	T	A	88546	6619	34	1	0	34	1.12928e-05	88552	1	FALSE	NA	NA	NA	NA	NA	NA
NC_045512.2	1592	T	C	88564	6600	34	7	1	32	7.90317e-05	88572	1	FALSE	NA	NA	NA	NA	NA	NA
NC_045512.2	1592	T	A	88564	6600	34	1	0	34	1.12902e-05	88572	1	FALSE	NA	NA	NA	NA	NA	NA
NC_045512.2	1593	C	T	86472	6620	33	1	0	34	1.15632e-05	86481	1	FALSE	NA	NA	NA	NA	NA	NA
NC_045512.2	1593	C	A	86472	6620	33	8	0	30	9.25059e-05	86481	1	FALSE	NA	NA	NA	NA	NA	NA
NC_045512.2	1594	C	G	88763	6927	34	1	0	34	1.12656e-05	88766	1	FALSE	NA	NA	NA	NA	NA	NA
NC_045512.2	1594	C	A	88763	6927	34	2	0	34	2.25311e-05	88766	1	FALSE	NA	NA	NA	NA	NA	NA
NC_045512.2	1595	G	T	88860	6917	34	3	0	34	3.37579e-05	88868	1	FALSE	NA	NA	NA	NA	NA	NA
NC_045512.2	1595	G	A	88860	6917	34	5	0	30	5.62632e-05	88868	1	FALSE	NA	NA	NA	NA	NA	NA
NC_045512.2	1595	G	-A	88860	6917	34	3	0	20	3.37579e-05	88868	1	FALSE	NA	NA	NA	NA	NA	NA
NC_045512.2	1596	A	T	88855	6875	34	2	0	34	2.25071e-05	88861	1	FALSE	NA	NA	NA	NA	NA	NA
NC_045512.2	1596	A	G	88855	6875	34	4	1	40	4.50141e-05	88861	0.926998	FALSE	NA	NA	NA	NA	NA	NA
NC_045512.2	1597	A	T	88755	6802	34	10	1	37	0.000112634	88783	1	FALSE	NA	NA	NA	NA	NA	NA
NC_045512.2	1597	A	G	88755	6802	34	12	1	33	0.000135161	88783	1	FALSE	NA	NA	NA	NA	NA	NA
NC_045512.2	1597	A	C	88755	6802	34	6	0	34	6.75805e-05	88783	1	FALSE	NA	NA	NA	NA	NA	NA
NC_045512.2	1598	G	T	89645	6699	34	3	0	34	3.34642e-05	89648	1	FALSE	NA	NA	NA	NA	NA	NA
NC_045512.2	1599	G	T	92557	6559	34	6	1	34	6.48193e-05	92565	1	FALSE	NA	NA	NA	NA	NA	NA
NC_045512.2	1599	G	A	92557	6559	34	2	0	34	2.16064e-05	92565	1	FALSE	NA	NA	NA	NA	NA	NA
NC_045512.2	1600	T	G	92364	6471	34	3	0	28	3.24763e-05	92375	1	FALSE	NA	NA	NA	NA	NA	NA
NC_045512.2	1600	T	C	92364	6471	34	8	1	34	8.66035e-05	92375	1	FALSE	NA	NA	NA	NA	NA	NA
NC_045512.2	1601	C	T	93331	6617	34	1	0	34	1.07142e-05	93334	1	FALSE	NA	NA	NA	NA	NA	NA
NC_045512.2	1601	C	G	93331	6617	34	2	0	34	2.14284e-05	93334	1	FALSE	NA	NA	NA	NA	NA	NA
NC_045512.2	1601	C	-T	93331	6617	34	1	0	20	1.07142e-05	93334	1	FALSE	NA	NA	NA	NA	NA	NA
NC_045512.2	1602	T	C	93268	6546	34	5	0	34	5.36061e-05	93273	1	FALSE	NA	NA	NA	NA	NA	NA
NC_045512.2	1603	T	C	93257	6556	34	13	2	34	0.000139379	93271	1	FALSE	NA	NA	NA	NA	NA	NA
NC_045512.2	1603	T	A	93257	6556	34	1	0	34	1.07214e-05	93271	1	FALSE	NA	NA	NA	NA	NA	NA
NC_045512.2	1603	T	-A	93257	6556	34	1	0	20	1.07214e-05	93271	1	FALSE	NA	NA	NA	NA	NA	NA
NC_045512.2	1604	A	T	93257	6576	34	4	0	34	4.28872e-05	93268	1	FALSE	NA	NA	NA	NA	NA	NA
NC_045512.2	1604	A	G	93257	6576	34	6	1	32	6.43307e-05	93268	1	FALSE	NA	NA	NA	NA	NA	NA
NC_045512.2	1604	A	C	93257	6576	34	1	0	26	1.07218e-05	93268	1	FALSE	NA	NA	NA	NA	NA	NA
NC_045512.2	1605	A	T	93249	6576	34	1	1	26	1.07231e-05	93257	1	FALSE	NA	NA	NA	NA	NA	NA
NC_045512.2	1605	A	G	93249	6576	34	7	1	32	7.50614e-05	93257	1	FALSE	NA	NA	NA	NA	NA	NA
NC_045512.2	1606	T	G	94384	6533	34	1	0	34	1.05942e-05	94391	1	FALSE	NA	NA	NA	NA	NA	NA
NC_045512.2	1606	T	C	94384	6533	34	6	0	32	6.35654e-05	94391	1	FALSE	NA	NA	NA	NA	NA	NA
NC_045512.2	1607	G	A	94166	6301	34	2	1	34	2.12386e-05	94168	1	FALSE	NA	NA	NA	NA	NA	NA
NC_045512.2	1608	A	G	93295	5661	34	12	3	33	0.000128608	93307	1	FALSE	NA	NA	NA	NA	NA	NA
NC_045512.2	1609	C	T	93449	5848	34	2	1	34	2.14016e-05	93451	1	FALSE	NA	NA	NA	NA	NA	NA
NC_045512.2	1610	A	T	93048	5752	34	1	0	34	1.07456e-05	93061	1	FALSE	NA	NA	NA	NA	NA	NA
NC_045512.2	1610	A	G	93048	5752	34	12	1	33	0.000128948	93061	1	FALSE	NA	NA	NA	NA	NA	NA
NC_045512.2	1611	A	T	93651	5797	35	27	1	34	0.000288175	93693	1	FALSE	NA	NA	NA	NA	NA	NA
NC_045512.2	1611	A	G	93651	5797	35	15	3	33	0.000160097	93693	1	FALSE	NA	NA	NA	NA	NA	NA
NC_045512.2	1612	C	T	95767	5819	34	9	0	34	9.39683e-05	95777	1	FALSE	NA	NA	NA	NA	NA	NA
NC_045512.2	1612	C	G	95767	5819	34	1	0	34	1.04409e-05	95777	1	FALSE	NA	NA	NA	NA	NA	NA
NC_045512.2	1613	C	T	96445	5860	35	1	0	34	1.03684e-05	96447	1	FALSE	NA	NA	NA	NA	NA	NA
NC_045512.2	1613	C	G	96445	5860	35	1	0	34	1.03684e-05	96447	1	FALSE	NA	NA	NA	NA	NA	NA
NC_045512.2	1613	C	-T	96445	5860	35	2	0	20	2.07368e-05	96447	1	FALSE	NA	NA	NA	NA	NA	NA
NC_045512.2	1614	T	G	96368	5513	35	2	0	30	2.07514e-05	96379	1	FALSE	NA	NA	NA	NA	NA	NA
NC_045512.2	1614	T	C	96368	5513	35	8	0	34	8.30056e-05	96379	1	FALSE	NA	NA	NA	NA	NA	NA
NC_045512.2	1614	T	A	96368	5513	35	1	0	34	1.03757e-05	96379	1	FALSE	NA	NA	NA	NA	NA	NA
NC_045512.2	1615	T	G	97993	5309	34	3	0	34	3.06088e-05	98011	1	FALSE	NA	NA	NA	NA	NA	NA
NC_045512.2	1615	T	C	97993	5309	34	12	1	32	0.000122435	98011	1	FALSE	NA	NA	NA	NA	NA	NA
NC_045512.2	1615	T	A	97993	5309	34	3	0	34	3.06088e-05	98011	1	FALSE	NA	NA	NA	NA	NA	NA
NC_045512.2	1616	C	T	99840	5427	35	3	0	34	3.00469e-05	99844	1	FALSE	NA	NA	NA	NA	NA	NA
NC_045512.2	1616	C	A	99840	5427	35	1	0	26	1.00156e-05	99844	1	FALSE	NA	NA	NA	NA	NA	NA
NC_045512.2	1616	C	-T	99840	5427	35	1	0	20	1.00156e-05	99844	1	FALSE	NA	NA	NA	NA	NA	NA
NC_045512.2	1617	T	C	99918	5562	35	6	1	37	6.00444e-05	99926	1	FALSE	NA	NA	NA	NA	NA	NA
NC_045512.2	1617	T	A	99918	5562	35	2	0	34	2.00148e-05	99926	1	FALSE	NA	NA	NA	NA	NA	NA
NC_045512.2	1618	T	C	99957	5570	35	15	2	35	0.000150039	99974	1	FALSE	NA	NA	NA	NA	NA	NA
NC_045512.2	1618	T	A	99957	5570	35	2	0	26	2.00052e-05	99974	1	FALSE	NA	NA	NA	NA	NA	NA
NC_045512.2	1618	T	-G	99957	5570	35	1	0	20	1.00026e-05	99974	1	FALSE	NA	NA	NA	NA	NA	NA
NC_045512.2	1619	G	A	100283	5558	35	3	0	34	2.99144e-05	100286	1	FALSE	NA	NA	NA	NA	NA	NA
NC_045512.2	1620	A	T	98088	3554	35	2	0	30	2.03872e-05	98101	1	FALSE	NA	NA	NA	NA	NA	NA
NC_045512.2	1620	A	G	98088	3554	35	11	0	32	0.000112129	98101	1	FALSE	NA	NA	NA	NA	NA	NA
NC_045512.2	1621	A	T	96658	3607	34	2	0	34	2.06889e-05	96670	1	FALSE	NA	NA	NA	NA	NA	NA
NC_045512.2	1621	A	G	96658	3607	34	8	0	30	8.27558e-05	96670	1	FALSE	NA	NA	NA	NA	NA	NA
NC_045512.2	1621	A	C	96658	3607	34	2	0	30	2.06889e-05	96670	1	FALSE	NA	NA	NA	NA	NA	NA
NC_045512.2	1622	A	G	98229	4015	35	1	0	34	1.01802e-05	98230	1	FALSE	NA	NA	NA	NA	NA	NA
NC_045512.2	1624	A	G	96977	4079	35	8	0	37	8.2487e-05	96985	1	FALSE	NA	NA	NA	NA	NA	NA
NC_045512.2	1625	C	T	98760	4136	35	1	0	34	1.01252e-05	98763	1	FALSE	NA	NA	NA	NA	NA	NA
NC_045512.2	1625	C	A	98760	4136	35	2	0	34	2.02505e-05	98763	1	FALSE	NA	NA	NA	NA	NA	NA
NC_045512.2	1626	T	C	98873	4141	35	16	1	33	0.000161789	98894	1	FALSE	NA	NA	NA	NA	NA	NA
NC_045512.2	1626	T	A	98873	4141	35	5	0	34	5.05592e-05	98894	1	FALSE	NA	NA	NA	NA	NA	NA
NC_045512.2	1626	T	-C	98873	4141	35	1	0	20	1.01118e-05	98894	1	FALSE	NA	NA	NA	NA	NA	NA
NC_045512.2	1627	C	T	98845	4431	35	2	0	51	2.02314e-05	98856	0.249976	FALSE	NA	NA	NA	NA	NA	NA
NC_045512.2	1627	C	G	98845	4431	35	3	0	34	3.03472e-05	98856	1	FALSE	NA	NA	NA	NA	NA	NA
NC_045512.2	1627	C	A	98845	4431	35	6	0	34	6.06943e-05	98856	1	FALSE	NA	NA	NA	NA	NA	NA
NC_045512.2	1628	C	T	98738	4448	35	3	0	34	3.03779e-05	98756	1	FALSE	NA	NA	NA	NA	NA	NA
NC_045512.2	1628	C	G	98738	4448	35	6	0	32	6.07558e-05	98756	1	FALSE	NA	NA	NA	NA	NA	NA
NC_045512.2	1628	C	A	98738	4448	35	9	0	34	9.11337e-05	98756	1	FALSE	NA	NA	NA	NA	NA	NA
NC_045512.2	1628	C	-AA	98738	4448	35	1	0	20	1.0126e-05	98756	1	FALSE	NA	NA	NA	NA	NA	NA
NC_045512.2	1628	C	-A	98738	4448	35	9	0	20	9.11337e-05	98756	1	FALSE	NA	NA	NA	NA	NA	NA
NC_045512.2	1628	C	+A	98738	4448	35	1	0	20	1.0126e-05	98756	1	FALSE	NA	NA	NA	NA	NA	NA
NC_045512.2	1629	A	T	98929	4467	35	1	0	34	1.0107e-05	98941	1	FALSE	NA	NA	NA	NA	NA	NA
NC_045512.2	1629	A	G	98929	4467	35	11	0	32	0.000111177	98941	1	FALSE	NA	NA	NA	NA	NA	NA
NC_045512.2	1630	A	T	94880	4587	34	3	0	31	3.16159e-05	94889	1	FALSE	NA	NA	NA	NA	NA	NA
NC_045512.2	1630	A	G	94880	4587	34	6	0	32	6.32318e-05	94889	1	FALSE	NA	NA	NA	NA	NA	NA
NC_045512.2	1631	A	G	98077	4586	35	6	1	34	6.11721e-05	98084	1	FALSE	NA	NA	NA	NA	NA	NA
NC_045512.2	1631	A	C	98077	4586	35	1	0	26	1.01953e-05	98084	1	FALSE	NA	NA	NA	NA	NA	NA
NC_045512.2	1632	A	G	99259	4632	35	11	0	31	0.000110809	99270	1	FALSE	NA	NA	NA	NA	NA	NA
NC_045512.2	1633	A	T	99096	4634	35	1	0	34	1.0091e-05	99098	1	FALSE	NA	NA	NA	NA	NA	NA
NC_045512.2	1633	A	G	99096	4634	35	1	0	34	1.0091e-05	99098	1	FALSE	NA	NA	NA	NA	NA	NA
NC_045512.2	1633	A	-G	99096	4634	35	1	0	20	1.0091e-05	99098	1	FALSE	NA	NA	NA	NA	NA	NA
NC_045512.2	1634	G	T	99633	4638	35	2	0	34	2.00731e-05	99636	1	FALSE	NA	NA	NA	NA	NA	NA
NC_045512.2	1634	G	A	99633	4638	35	1	0	26	1.00365e-05	99636	1	FALSE	NA	NA	NA	NA	NA	NA
NC_045512.2	1635	A	G	95287	4920	33	3	1	34	3.14828e-05	95290	1	FALSE	NA	NA	NA	NA	NA	NA
NC_045512.2	1636	G	T	99870	4922	36	2	0	34	2.0025e-05	99875	1	FALSE	NA	NA	NA	NA	NA	NA
NC_045512.2	1636	G	C	99870	4922	36	1	0	34	1.00125e-05	99875	1	FALSE	NA	NA	NA	NA	NA	NA
NC_045512.2	1636	G	A	99870	4922	36	2	0	34	2.0025e-05	99875	1	FALSE	NA	NA	NA	NA	NA	NA
NC_045512.2	1636	G	-A	99870	4922	36	3	0	20	3.00375e-05	99875	1	FALSE	NA	NA	NA	NA	NA	NA
NC_045512.2	1637	A	T	88830	5007	33	1	0	34	1.12558e-05	88843	1	FALSE	NA	NA	NA	NA	NA	NA
NC_045512.2	1637	A	G	88830	5007	33	11	1	32	0.000123814	88843	1	FALSE	NA	NA	NA	NA	NA	NA
NC_045512.2	1637	A	C	88830	5007	33	1	1	27	1.12558e-05	88843	1	FALSE	NA	NA	NA	NA	NA	NA
NC_045512.2	1638	A	T	100017	5004	36	1	0	34	9.9963e-06	100037	1	FALSE	NA	NA	NA	NA	NA	NA
NC_045512.2	1638	A	G	100017	5004	36	19	1	33	0.00018993	100037	1	FALSE	NA	NA	NA	NA	NA	NA
NC_045512.2	1639	A	G	100181	5015	36	12	0	32	0.000119769	100193	1	FALSE	NA	NA	NA	NA	NA	NA
NC_045512.2	1640	G	C	100860	5022	36	1	0	34	9.91444e-06	100863	1	FALSE	NA	NA	NA	NA	NA	NA
NC_045512.2	1640	G	A	100860	5022	36	2	0	30	1.98289e-05	100863	1	FALSE	NA	NA	NA	NA	NA	NA
NC_045512.2	1641	T	G	100451	5047	36	1	0	26	9.95381e-06	100464	1	FALSE	NA	NA	NA	NA	NA	NA
NC_045512.2	1641	T	C	100451	5047	36	9	0	36	8.95843e-05	100464	1	FALSE	NA	NA	NA	NA	NA	NA
NC_045512.2	1641	T	A	100451	5047	36	3	0	28	2.98614e-05	100464	1	FALSE	NA	NA	NA	NA	NA	NA
NC_045512.2	1642	C	T	100992	5101	36	1	0	34	9.90158e-06	100994	1	FALSE	NA	NA	NA	NA	NA	NA
NC_045512.2	1642	C	G	100992	5101	36	1	0	34	9.90158e-06	100994	1	FALSE	NA	NA	NA	NA	NA	NA
NC_045512.2	1643	A	G	99264	5749	36	8	0	31	8.0581e-05	99279	1	FALSE	NA	NA	NA	NA	NA	NA
NC_045512.2	1643	A	C	99264	5749	36	7	0	34	7.05084e-05	99279	1	FALSE	NA	NA	NA	NA	NA	NA
NC_045512.2	1644	A	T	95351	5881	35	1	0	34	1.04858e-05	95367	1	FALSE	NA	NA	NA	NA	NA	NA
NC_045512.2	1644	A	G	95351	5881	35	5	0	34	5.2429e-05	95367	1	FALSE	NA	NA	NA	NA	NA	NA
NC_045512.2	1644	A	C	95351	5881	35	10	4	34	0.000104858	95367	1	FALSE	NA	NA	NA	NA	NA	NA
NC_045512.2	1645	C	T	103501	5914	36	7	0	34	6.76276e-05	103508	1	FALSE	NA	NA	NA	NA	NA	NA
NC_045512.2	1646	A	T	93455	5930	35	6	2	48	6.4191e-05	93471	0.849087	FALSE	NA	NA	NA	NA	NA	NA
NC_045512.2	1646	A	G	93455	5930	35	10	1	35	0.000106985	93471	1	FALSE	NA	NA	NA	NA	NA	NA
NC_045512.2	1647	T	G	105751	5948	36	1	0	34	9.45412e-06	105774	1	FALSE	NA	NA	NA	NA	NA	NA
NC_045512.2	1647	T	C	105751	5948	36	8	1	33	7.5633e-05	105774	1	FALSE	NA	NA	NA	NA	NA	NA
NC_045512.2	1647	T	A	105751	5948	36	14	4	34	0.000132358	105774	1	FALSE	NA	NA	NA	NA	NA	NA
NC_045512.2	1648	C	T	103632	6099	36	3	0	34	2.89472e-05	103637	1	FALSE	NA	NA	NA	NA	NA	NA
NC_045512.2	1648	C	G	103632	6099	36	2	0	34	1.92981e-05	103637	1	FALSE	NA	NA	NA	NA	NA	NA
NC_045512.2	1649	A	T	102235	6127	36	4	0	34	3.91213e-05	102246	1	FALSE	NA	NA	NA	NA	NA	NA
NC_045512.2	1649	A	G	102235	6127	36	7	0	32	6.84623e-05	102246	1	FALSE	NA	NA	NA	NA	NA	NA
NC_045512.2	1650	A	T	86687	6970	35	1	0	26	1.15346e-05	86696	1	FALSE	NA	NA	NA	NA	NA	NA
NC_045512.2	1650	A	G	86687	6970	35	7	0	32	8.07419e-05	86696	1	FALSE	NA	NA	NA	NA	NA	NA
NC_045512.2	1650	A	C	86687	6970	35	1	0	26	1.15346e-05	86696	1	FALSE	NA	NA	NA	NA	NA	NA
NC_045512.2	1651	T	G	96990	6936	36	2	0	34	2.06198e-05	96994	1	FALSE	NA	NA	NA	NA	NA	NA
NC_045512.2	1651	T	C	96990	6936	36	1	1	68	1.03099e-05	96994	0.499995	FALSE	NA	NA	NA	NA	NA	NA
NC_045512.2	1651	T	A	96990	6936	36	1	0	34	1.03099e-05	96994	1	FALSE	NA	NA	NA	NA	NA	NA
NC_045512.2	1652	A	T	92376	7058	36	2	0	26	2.16485e-05	92385	1	FALSE	NA	NA	NA	NA	NA	NA
NC_045512.2	1652	A	G	92376	7058	36	7	2	34	7.57699e-05	92385	1	FALSE	NA	NA	NA	NA	NA	NA
NC_045512.2	1653	T	G	96241	7042	36	2	0	34	2.07799e-05	96247	1	FALSE	NA	NA	NA	NA	NA	NA
NC_045512.2	1653	T	C	96241	7042	36	4	0	34	4.15597e-05	96247	1	FALSE	NA	NA	NA	NA	NA	NA
NC_045512.2	1654	T	C	77899	7912	36	5	0	34	6.41807e-05	77905	1	FALSE	NA	NA	NA	NA	NA	NA
NC_045512.2	1654	T	A	77899	7912	36	1	0	34	1.28361e-05	77905	1	FALSE	NA	NA	NA	NA	NA	NA
NC_045512.2	1655	G	T	78505	7958	36	3	1	56	3.82097e-05	78514	0.124986	FALSE	NA	NA	NA	NA	NA	NA
NC_045512.2	1655	G	C	78505	7958	36	2	2	26	2.54732e-05	78514	1	FALSE	NA	NA	NA	NA	NA	NA
NC_045512.2	1655	G	A	78505	7958	36	4	1	49	5.09463e-05	78514	0.886711	FALSE	NA	NA	NA	NA	NA	NA
NC_045512.2	1656	T	C	73568	8059	36	5	0	34	6.7956e-05	73577	1	FALSE	NA	NA	NA	NA	NA	NA
NC_045512.2	1656	T	A	73568	8059	36	4	4	34	5.43648e-05	73577	1	FALSE	NA	NA	NA	NA	NA	NA
NC_045512.2	1657	T	C	74053	8770	37	4	0	34	5.40117e-05	74058	1	FALSE	NA	NA	NA	NA	NA	NA
NC_045512.2	1657	T	A	74053	8770	37	1	0	34	1.35029e-05	74058	1	FALSE	NA	NA	NA	NA	NA	NA
NC_045512.2	1658	G	T	74206	8835	37	1	0	34	1.34751e-05	74211	1	FALSE	NA	NA	NA	NA	NA	NA
NC_045512.2	1658	G	A	74206	8835	37	4	0	34	5.39004e-05	74211	1	FALSE	NA	NA	NA	NA	NA	NA
NC_045512.2	1659	G	A	74142	9351	37	1	0	34	1.34874e-05	74143	1	FALSE	NA	NA	NA	NA	NA	NA
NC_045512.2	1661	G	A	59081	10624	36	4	1	40	6.76991e-05	59085	0.74611	FALSE	NA	NA	NA	NA	NA	NA
NC_045512.2	1662	A	T	59547	10607	36	1	0	26	1.67923e-05	59551	1	FALSE	NA	NA	NA	NA	NA	NA
NC_045512.2	1662	A	G	59547	10607	36	3	0	34	5.0377e-05	59551	1	FALSE	NA	NA	NA	NA	NA	NA
NC_045512.2	1663	C	G	60130	10862	36	1	0	34	1.66304e-05	60131	1	FALSE	NA	NA	NA	NA	NA	NA
NC_045512.2	1664	T	G	59859	10546	36	1	1	34	1.67031e-05	59869	1	FALSE	NA	NA	NA	NA	NA	NA
NC_045512.2	1664	T	C	59859	10546	36	8	5	33	0.000133625	59869	1	FALSE	NA	NA	NA	NA	NA	NA
NC_045512.2	1664	T	A	59859	10546	36	1	1	34	1.67031e-05	59869	1	FALSE	NA	NA	NA	NA	NA	NA
NC_045512.2	1665	T	G	59958	10719	36	2	0	30	3.33495e-05	59971	1	FALSE	NA	NA	NA	NA	NA	NA
NC_045512.2	1665	T	C	59958	10719	36	10	2	32	0.000166747	59971	1	FALSE	NA	NA	NA	NA	NA	NA
NC_045512.2	1665	T	A	59958	10719	36	1	0	26	1.66747e-05	59971	1	FALSE	NA	NA	NA	NA	NA	NA
NC_045512.2	1666	T	G	60103	10977	36	1	0	34	1.66362e-05	60110	1	FALSE	NA	NA	NA	NA	NA	NA
NC_045512.2	1666	T	C	60103	10977	36	4	2	38	6.65447e-05	60110	1	FALSE	NA	NA	NA	NA	NA	NA
NC_045512.2	1666	T	A	60103	10977	36	2	0	30	3.32723e-05	60110	1	FALSE	NA	NA	NA	NA	NA	NA
NC_045512.2	1667	A	T	59445	10972	36	2	0	34	3.364e-05	59453	1	FALSE	NA	NA	NA	NA	NA	NA
NC_045512.2	1667	A	G	59445	10972	36	6	1	39	0.00010092	59453	1	FALSE	NA	NA	NA	NA	NA	NA
NC_045512.2	1668	A	G	52286	11474	36	4	0	32	7.64965e-05	52290	1	FALSE	NA	NA	NA	NA	NA	NA
NC_045512.2	1669	A	G	43513	11646	34	6	2	38	0.000137868	43520	1	FALSE	NA	NA	NA	NA	NA	NA
NC_045512.2	1669	A	C	43513	11646	34	1	0	26	2.29779e-05	43520	1	FALSE	NA	NA	NA	NA	NA	NA
NC_045512.2	1670	C	A	49646	11823	36	1	1	34	2.01422e-05	49647	1	FALSE	NA	NA	NA	NA	NA	NA
NC_045512.2	1671	T	G	49491	11298	36	1	0	34	2.02041e-05	49495	1	FALSE	NA	NA	NA	NA	NA	NA
NC_045512.2	1671	T	C	49491	11298	36	3	3	45	6.06122e-05	49495	0.773446	FALSE	NA	NA	NA	NA	NA	NA
NC_045512.2	1672	T	G	49180	11088	36	2	0	30	4.06645e-05	49183	1	FALSE	NA	NA	NA	NA	NA	NA
NC_045512.2	1672	T	C	49180	11088	36	1	0	34	2.03322e-05	49183	1	FALSE	NA	NA	NA	NA	NA	NA
NC_045512.2	1673	A	T	51456	13780	36	2	1	30	3.88636e-05	51462	1	FALSE	NA	NA	NA	NA	NA	NA
NC_045512.2	1673	A	G	51456	13780	36	3	2	31	5.82954e-05	51462	1	FALSE	NA	NA	NA	NA	NA	NA
NC_045512.2	1673	A	C	51456	13780	36	1	0	26	1.94318e-05	51462	1	FALSE	NA	NA	NA	NA	NA	NA
NC_045512.2	1674	A	T	51682	14031	36	1	0	34	1.93469e-05	51688	1	FALSE	NA	NA	NA	NA	NA	NA
NC_045512.2	1674	A	G	51682	14031	36	3	1	34	5.80406e-05	51688	1	FALSE	NA	NA	NA	NA	NA	NA
NC_045512.2	1674	A	C	51682	14031	36	2	2	34	3.86937e-05	51688	1	FALSE	NA	NA	NA	NA	NA	NA
NC_045512.2	1675	T	C	50386	14353	36	2	0	51	3.96912e-05	50389	0.249998	FALSE	NA	NA	NA	NA	NA	NA
NC_045512.2	1675	T	A	50386	14353	36	1	0	34	1.98456e-05	50389	1	FALSE	NA	NA	NA	NA	NA	NA
NC_045512.2	1676	G	A	50069	14408	36	4	0	34	7.98834e-05	50073	1	FALSE	NA	NA	NA	NA	NA	NA
NC_045512.2	1677	A	G	50071	14398	36	4	2	34	7.98802e-05	50075	1	FALSE	NA	NA	NA	NA	NA	NA
NC_045512.2	1678	A	G	49870	14378	36	6	1	32	0.000120298	49876	1	FALSE	NA	NA	NA	NA	NA	NA
NC_045512.2	1679	G	T	49542	14401	36	2	0	34	4.03665e-05	49546	1	FALSE	NA	NA	NA	NA	NA	NA
NC_045512.2	1679	G	C	49542	14401	36	2	1	34	4.03665e-05	49546	1	FALSE	NA	NA	NA	NA	NA	NA
NC_045512.2	1680	A	T	48361	15083	35	1	1	26	2.06757e-05	48366	1	FALSE	NA	NA	NA	NA	NA	NA
NC_045512.2	1680	A	G	48361	15083	35	4	2	34	8.27027e-05	48366	1	FALSE	NA	NA	NA	NA	NA	NA
NC_045512.2	1681	G	T	48567	15170	36	1	1	26	2.05897e-05	48568	1	FALSE	NA	NA	NA	NA	NA	NA
NC_045512.2	1682	A	T	47190	17063	35	3	1	40	6.35647e-05	47196	0.773429	FALSE	NA	NA	NA	NA	NA	NA
NC_045512.2	1682	A	G	47190	17063	35	3	2	34	6.35647e-05	47196	1	FALSE	NA	NA	NA	NA	NA	NA
NC_045512.2	1683	T	A	49978	16997	37	1	1	26	2.00084e-05	49979	1	FALSE	NA	NA	NA	NA	NA	NA
NC_045512.2	1684	C	T	49555	17108	36	9	6	34	0.00018158	49565	1	FALSE	NA	NA	NA	NA	NA	NA
NC_045512.2	1684	C	A	49555	17108	36	1	0	34	2.01755e-05	49565	1	FALSE	NA	NA	NA	NA	NA	NA
NC_045512.2	1685	G	T	48269	15745	36	2	2	34	4.14276e-05	48277	1	FALSE	NA	NA	NA	NA	NA	NA
NC_045512.2	1685	G	A	48269	15745	36	6	4	62	0.000124283	48277	0.0156216	FALSE	NA	NA	NA	NA	NA	NA
NC_045512.2	1686	C	T	50620	17504	36	8	2	42	0.000158009	50630	0.290503	FALSE	NA	NA	NA	NA	NA	NA
NC_045512.2	1686	C	G	50620	17504	36	1	1	34	1.97511e-05	50630	1	FALSE	NA	NA	NA	NA	NA	NA
NC_045512.2	1686	C	A	50620	17504	36	1	0	26	1.97511e-05	50630	1	FALSE	NA	NA	NA	NA	NA	NA
NC_045512.2	1687	C	T	50791	17538	36	3	2	34	5.90598e-05	50796	1	FALSE	NA	NA	NA	NA	NA	NA
NC_045512.2	1687	C	A	50791	17538	36	2	0	34	3.93732e-05	50796	1	FALSE	NA	NA	NA	NA	NA	NA
NC_045512.2	1688	A	T	50642	17532	36	1	1	26	1.97457e-05	50644	1	FALSE	NA	NA	NA	NA	NA	NA
NC_045512.2	1688	A	G	50642	17532	36	1	0	34	1.97457e-05	50644	1	FALSE	NA	NA	NA	NA	NA	NA
NC_045512.2	1689	T	C	50339	17352	36	1	0	34	1.98645e-05	50341	1	FALSE	NA	NA	NA	NA	NA	NA
NC_045512.2	1689	T	A	50339	17352	36	1	0	34	1.98645e-05	50341	1	FALSE	NA	NA	NA	NA	NA	NA
NC_045512.2	1690	T	C	48622	17243	36	1	0	34	2.0566e-05	48624	1	FALSE	NA	NA	NA	NA	NA	NA
NC_045512.2	1690	T	A	48622	17243	36	1	0	34	2.0566e-05	48624	1	FALSE	NA	NA	NA	NA	NA	NA
NC_045512.2	1691	A	T	47179	18003	36	1	0	26	2.11941e-05	47183	1	FALSE	NA	NA	NA	NA	NA	NA
NC_045512.2	1691	A	G	47179	18003	36	3	1	45	6.35822e-05	47183	0.773446	FALSE	NA	NA	NA	NA	NA	NA
NC_045512.2	1691	A	+T	47179	18003	36	1	0	20	2.11941e-05	47183	1	FALSE	NA	NA	NA	NA	NA	NA
NC_045512.2	1692	T	G	47902	18071	36	1	0	34	2.08746e-05	47905	1	FALSE	NA	NA	NA	NA	NA	NA
NC_045512.2	1692	T	C	47902	18071	36	2	1	34	4.17493e-05	47905	1	FALSE	NA	NA	NA	NA	NA	NA
NC_045512.2	1693	T	C	47546	17814	36	2	0	34	4.20628e-05	47548	1	FALSE	NA	NA	NA	NA	NA	NA
NC_045512.2	1694	T	C	45331	17130	36	2171	758	36	0.0457033	47502	0	TRUE	NA	NA	NA	NA	NA	NA
NC_045512.2	1695	T	G	46990	17475	36	1	0	34	2.12793e-05	46994	1	FALSE	NA	NA	NA	NA	NA	NA
NC_045512.2	1695	T	C	46990	17475	36	3	1	34	6.38379e-05	46994	1	FALSE	NA	NA	NA	NA	NA	NA
NC_045512.2	1696	G	A	47180	17447	36	3	2	34	6.35822e-05	47183	1	FALSE	NA	NA	NA	NA	NA	NA
NC_045512.2	1697	G	T	47399	17778	36	3	1	34	6.32805e-05	47408	1	FALSE	NA	NA	NA	NA	NA	NA
NC_045512.2	1697	G	A	47399	17778	36	6	0	34	0.000126561	47408	1	FALSE	NA	NA	NA	NA	NA	NA
NC_045512.2	1698	C	T	46669	18045	36	1	0	34	2.14261e-05	46672	1	FALSE	NA	NA	NA	NA	NA	NA
NC_045512.2	1698	C	A	46669	18045	36	2	0	34	4.28522e-05	46672	1	FALSE	NA	NA	NA	NA	NA	NA
NC_045512.2	1699	A	G	46887	17947	36	5	2	34	0.000106623	46894	1	FALSE	NA	NA	NA	NA	NA	NA
NC_045512.2	1699	A	C	46887	17947	36	2	2	34	4.26494e-05	46894	1	FALSE	NA	NA	NA	NA	NA	NA
NC_045512.2	1700	T	C	43870	17753	36	2	1	51	4.55872e-05	43872	0.250003	FALSE	NA	NA	NA	NA	NA	NA
NC_045512.2	1701	C	-T	44242	18137	36	18	0	20	0.000406853	44242	1	FALSE	NA	NA	NA	NA	NA	NA
NC_045512.2	1701	C	+T	44242	18137	36	1	0	20	2.2603e-05	44242	1	FALSE	NA	NA	NA	NA	NA	NA
NC_045512.2	1702	T	G	44250	18093	36	2	2	34	4.51671e-05	44280	1	FALSE	NA	NA	NA	NA	NA	NA
NC_045512.2	1702	T	C	44250	18093	36	26	10	40	0.000587173	44280	2.95029e-05	TRUE	NA	NA	NA	NA	NA	NA
NC_045512.2	1702	T	A	44250	18093	36	2	1	34	4.51671e-05	44280	1	FALSE	NA	NA	NA	NA	NA	NA
NC_045512.2	1703	T	G	44341	18215	36	1	0	34	2.25494e-05	44347	1	FALSE	NA	NA	NA	NA	NA	NA
NC_045512.2	1703	T	C	44341	18215	36	5	1	34	0.000112747	44347	1	FALSE	NA	NA	NA	NA	NA	NA
NC_045512.2	1704	T	G	44378	18266	36	2	0	34	4.50643e-05	44381	1	FALSE	NA	NA	NA	NA	NA	NA
NC_045512.2	1704	T	C	44378	18266	36	1	0	34	2.25322e-05	44381	1	FALSE	NA	NA	NA	NA	NA	NA
NC_045512.2	1705	T	C	44098	18313	36	3	3	34	6.80257e-05	44101	1	FALSE	NA	NA	NA	NA	NA	NA
NC_045512.2	1706	T	C	43364	18191	36	5	2	34	0.00011529	43369	1	FALSE	NA	NA	NA	NA	NA	NA
NC_045512.2	1707	C	T	43391	18397	36	5	4	34	0.000115218	43396	1	FALSE	NA	NA	NA	NA	NA	NA
NC_045512.2	1708	T	C	43251	18230	36	4	3	35	9.24749e-05	43255	1	FALSE	NA	NA	NA	NA	NA	NA
NC_045512.2	1709	G	A	43542	18167	36	4	1	51	9.18569e-05	43546	0.0624986	FALSE	NA	NA	NA	NA	NA	NA
NC_045512.2	1710	C	G	42932	17944	36	2	1	34	4.65831e-05	42934	1	FALSE	NA	NA	NA	NA	NA	NA
NC_045512.2	1711	T	C	43199	17656	36	3	2	31	6.94412e-05	43202	1	FALSE	NA	NA	NA	NA	NA	NA
NC_045512.2	1712	T	C	43126	17738	36	7	1	31	0.000162289	43133	1	FALSE	NA	NA	NA	NA	NA	NA
NC_045512.2	1713	C	G	40638	17893	36	1	0	34	2.46069e-05	40639	1	FALSE	NA	NA	NA	NA	NA	NA
NC_045512.2	1714	C	T	40359	17693	36	4	0	34	9.91007e-05	40363	1	FALSE	NA	NA	NA	NA	NA	NA
NC_045512.2	1715	A	G	40293	17681	36	3	1	45	7.44491e-05	40296	0.773458	FALSE	NA	NA	NA	NA	NA	NA
NC_045512.2	1717	A	T	37484	17841	35	2	0	51	5.33376e-05	37497	0.24993	FALSE	NA	NA	NA	NA	NA	NA
NC_045512.2	1717	A	G	37484	17841	35	9	3	34	0.000240019	37497	0.999995	FALSE	NA	NA	NA	NA	NA	NA
NC_045512.2	1717	A	C	37484	17841	35	2	2	34	5.33376e-05	37497	1	FALSE	NA	NA	NA	NA	NA	NA
NC_045512.2	1718	A	G	37799	17546	35	4	3	34	0.000105809	37804	1	FALSE	NA	NA	NA	NA	NA	NA
NC_045512.2	1718	A	C	37799	17546	35	1	1	34	2.64522e-05	37804	1	FALSE	NA	NA	NA	NA	NA	NA
NC_045512.2	1719	G	A	38105	17574	35	2	2	34	5.24838e-05	38107	1	FALSE	NA	NA	NA	NA	NA	NA
NC_045512.2	1720	T	C	37986	17755	35	6	6	34	0.000157924	37993	1	FALSE	NA	NA	NA	NA	NA	NA
NC_045512.2	1720	T	A	37986	17755	35	1	0	34	2.63206e-05	37993	1	FALSE	NA	NA	NA	NA	NA	NA
NC_045512.2	1721	G	C	38009	17728	35	1	0	34	2.63054e-05	38015	1	FALSE	NA	NA	NA	NA	NA	NA
NC_045512.2	1721	G	A	38009	17728	35	5	0	34	0.000131527	38015	1	FALSE	NA	NA	NA	NA	NA	NA
NC_045512.2	1722	C	T	38480	18068	35	8	6	34	0.000207857	38488	0.999999	FALSE	NA	NA	NA	NA	NA	NA
NC_045512.2	1722	C	-T	38480	18068	35	2	0	20	5.19642e-05	38488	1	FALSE	NA	NA	NA	NA	NA	NA
NC_045512.2	1723	T	G	37870	17379	35	1	1	34	2.63985e-05	37881	1	FALSE	NA	NA	NA	NA	NA	NA
NC_045512.2	1723	T	C	37870	17379	35	10	6	34	0.000263985	37881	0.999988	FALSE	NA	NA	NA	NA	NA	NA
NC_045512.2	1724	T	G	36521	16025	35	1	0	34	2.73763e-05	36528	1	FALSE	NA	NA	NA	NA	NA	NA
NC_045512.2	1724	T	C	36521	16025	35	6	2	34	0.000164258	36528	1	FALSE	NA	NA	NA	NA	NA	NA
NC_045512.2	1725	T	C	37815	17466	35	1	1	34	2.64438e-05	37816	1	FALSE	NA	NA	NA	NA	NA	NA
NC_045512.2	1726	T	C	37686	17333	35	9	6	34	0.000238752	37696	0.999995	FALSE	NA	NA	NA	NA	NA	NA
NC_045512.2	1726	T	A	37686	17333	35	1	0	34	2.6528e-05	37696	1	FALSE	NA	NA	NA	NA	NA	NA
NC_045512.2	1727	G	A	37902	17398	35	1	1	34	2.63831e-05	37903	1	FALSE	NA	NA	NA	NA	NA	NA
NC_045512.2	1728	T	A	37178	16787	35	2	0	34	5.37924e-05	37180	1	FALSE	NA	NA	NA	NA	NA	NA
NC_045512.2	1729	G	A	37277	16768	35	2	2	34	5.36495e-05	37279	1	FALSE	NA	NA	NA	NA	NA	NA
NC_045512.2	1730	G	A	38306	16779	35	2	2	34	5.22084e-05	38308	1	FALSE	NA	NA	NA	NA	NA	NA
NC_045512.2	1731	A	G	38386	16860	35	8	5	34	0.00020836	38395	0.999999	FALSE	NA	NA	NA	NA	NA	NA
NC_045512.2	1731	A	C	38386	16860	35	1	0	26	2.60451e-05	38395	1	FALSE	NA	NA	NA	NA	NA	NA
NC_045512.2	1732	A	T	38433	16908	35	1	0	34	2.60132e-05	38442	1	FALSE	NA	NA	NA	NA	NA	NA
NC_045512.2	1732	A	G	38433	16908	35	8	7	34	0.000208106	38442	0.999999	FALSE	NA	NA	NA	NA	NA	NA
NC_045512.2	1733	A	G	38470	17210	35	3	2	34	7.79707e-05	38476	1	FALSE	NA	NA	NA	NA	NA	NA
NC_045512.2	1733	A	C	38470	17210	35	3	0	34	7.79707e-05	38476	1	FALSE	NA	NA	NA	NA	NA	NA
NC_045512.2	1734	C	T	39838	17336	35	3	2	45	7.52974e-05	39842	0.656256	FALSE	NA	NA	NA	NA	NA	NA
NC_045512.2	1734	C	G	39838	17336	35	1	1	34	2.50991e-05	39842	1	FALSE	NA	NA	NA	NA	NA	NA
NC_045512.2	1735	T	G	39425	16848	35	3	2	34	7.60707e-05	39437	1	FALSE	NA	NA	NA	NA	NA	NA
NC_045512.2	1735	T	C	39425	16848	35	9	0	34	0.000228212	39437	0.999998	FALSE	NA	NA	NA	NA	NA	NA
NC_045512.2	1736	G	A	39664	16808	35	2	2	34	5.0421e-05	39666	1	FALSE	NA	NA	NA	NA	NA	NA
NC_045512.2	1737	T	G	40868	18241	36	1	0	26	2.44654e-05	40874	1	FALSE	NA	NA	NA	NA	NA	NA
NC_045512.2	1737	T	C	40868	18241	36	5	3	40	0.000122327	40874	0.5	FALSE	NA	NA	NA	NA	NA	NA
NC_045512.2	1738	G	C	40827	18173	36	1	0	68	2.4493e-05	40828	0.500006	FALSE	NA	NA	NA	NA	NA	NA
NC_045512.2	1738	G	-A	40827	18173	36	1	0	20	2.4493e-05	40828	1	FALSE	NA	NA	NA	NA	NA	NA
NC_045512.2	1739	A	G	40850	18398	36	2	0	34	4.89572e-05	40852	1	FALSE	NA	NA	NA	NA	NA	NA
NC_045512.2	1740	A	G	39655	18391	35	3	1	34	7.56449e-05	39659	1	FALSE	NA	NA	NA	NA	NA	NA
NC_045512.2	1740	A	C	39655	18391	35	1	1	34	2.5215e-05	39659	1	FALSE	NA	NA	NA	NA	NA	NA
NC_045512.2	1741	A	G	40194	18468	36	10	4	34	0.000248719	40206	0.999997	FALSE	NA	NA	NA	NA	NA	NA
NC_045512.2	1741	A	C	40194	18468	36	2	2	34	4.97438e-05	40206	1	FALSE	NA	NA	NA	NA	NA	NA
NC_045512.2	1743	G	A	41137	18477	36	1	0	34	2.43084e-05	41138	1	FALSE	NA	NA	NA	NA	NA	NA
NC_045512.2	1744	T	C	39243	16746	35	2	0	34	5.09619e-05	39245	1	FALSE	NA	NA	NA	NA	NA	NA
NC_045512.2	1745	T	C	39390	17201	36	2	2	34	5.07717e-05	39392	1	FALSE	NA	NA	NA	NA	NA	NA
NC_045512.2	1746	T	G	37577	17396	36	1	1	34	2.66021e-05	37591	1	FALSE	NA	NA	NA	NA	NA	NA
NC_045512.2	1746	T	C	37577	17396	36	13	9	34	0.000345827	37591	0.999848	FALSE	NA	NA	NA	NA	NA	NA
NC_045512.2	1747	G	T	38275	17322	35	1	0	34	2.6124e-05	38279	1	FALSE	NA	NA	NA	NA	NA	NA
NC_045512.2	1747	G	A	38275	17322	35	3	1	34	7.8372e-05	38279	1	FALSE	NA	NA	NA	NA	NA	NA
NC_045512.2	1748	G	C	36600	17510	35	1	1	34	2.73209e-05	36602	1	FALSE	NA	NA	NA	NA	NA	NA
NC_045512.2	1748	G	A	36600	17510	35	1	1	34	2.73209e-05	36602	1	FALSE	NA	NA	NA	NA	NA	NA
NC_045512.2	1749	A	G	36228	18024	35	2	0	34	5.52029e-05	36230	1	FALSE	NA	NA	NA	NA	NA	NA
NC_045512.2	1750	T	G	36491	17963	35	2	0	34	5.48035e-05	36494	1	FALSE	NA	NA	NA	NA	NA	NA
NC_045512.2	1750	T	C	36491	17963	35	1	1	34	2.74018e-05	36494	1	FALSE	NA	NA	NA	NA	NA	NA
NC_045512.2	1751	T	C	35251	17469	35	10	7	33	0.000283599	35261	0.999967	FALSE	NA	NA	NA	NA	NA	NA
NC_045512.2	1752	A	G	35396	17581	35	5	1	32	0.000141235	35402	1	FALSE	NA	NA	NA	NA	NA	NA
NC_045512.2	1752	A	C	35396	17581	35	1	1	34	2.8247e-05	35402	1	FALSE	NA	NA	NA	NA	NA	NA
NC_045512.2	1753	T	C	77159	62043	37	6	6	39	7.77534e-05	77167	1	FALSE	NA	NA	NA	NA	NA	NA
NC_045512.2	1753	T	A	77159	62043	37	2	2	34	2.59178e-05	77167	1	FALSE	NA	NA	NA	NA	NA	NA
NC_045512.2	1754	A	T	77621	62867	36	1	0	24	1.2881e-05	77634	1	FALSE	NA	NA	NA	NA	NA	NA
NC_045512.2	1754	A	G	77621	62867	36	10	7	36	0.00012881	77634	1	FALSE	NA	NA	NA	NA	NA	NA
NC_045512.2	1754	A	C	77621	62867	36	2	2	26	2.57619e-05	77634	1	FALSE	NA	NA	NA	NA	NA	NA
NC_045512.2	1755	A	T	82187	67606	37	6	6	31	7.29918e-05	82201	1	FALSE	NA	NA	NA	NA	NA	NA
NC_045512.2	1755	A	G	82187	67606	37	7	6	38	8.51571e-05	82201	1	FALSE	NA	NA	NA	NA	NA	NA
NC_045512.2	1755	A	C	82187	67606	37	1	1	34	1.21653e-05	82201	1	FALSE	NA	NA	NA	NA	NA	NA
NC_045512.2	1756	A	G	80731	66806	36	6	3	45	7.43144e-05	80738	0.788035	FALSE	NA	NA	NA	NA	NA	NA
NC_045512.2	1756	A	C	80731	66806	36	1	1	34	1.23857e-05	80738	1	FALSE	NA	NA	NA	NA	NA	NA
NC_045512.2	1757	G	T	80680	66244	36	1	1	34	1.23934e-05	80688	1	FALSE	NA	NA	NA	NA	NA	NA
NC_045512.2	1757	G	C	80680	66244	36	2	2	34	2.47868e-05	80688	1	FALSE	NA	NA	NA	NA	NA	NA
NC_045512.2	1757	G	A	80680	66244	36	5	5	34	6.19671e-05	80688	1	FALSE	NA	NA	NA	NA	NA	NA
NC_045512.2	1757	G	-C	80680	66244	36	1	0	20	1.23934e-05	80688	1	FALSE	NA	NA	NA	NA	NA	NA
NC_045512.2	1758	C	G	83037	68857	37	1	1	34	1.20425e-05	83039	1	FALSE	NA	NA	NA	NA	NA	NA
NC_045512.2	1758	C	A	83037	68857	37	1	0	34	1.20425e-05	83039	1	FALSE	NA	NA	NA	NA	NA	NA
NC_045512.2	1759	A	T	82643	68386	37	3	3	45	3.62932e-05	82660	0.967271	FALSE	NA	NA	NA	NA	NA	NA
NC_045512.2	1759	A	G	82643	68386	37	11	8	36	0.000133075	82660	1	FALSE	NA	NA	NA	NA	NA	NA
NC_045512.2	1759	A	C	82643	68386	37	3	3	34	3.62932e-05	82660	1	FALSE	NA	NA	NA	NA	NA	NA
NC_045512.2	1760	T	G	82444	68300	37	1	0	26	1.21277e-05	82456	1	FALSE	NA	NA	NA	NA	NA	NA
NC_045512.2	1760	T	C	82444	68300	37	9	9	33	0.000109149	82456	1	FALSE	NA	NA	NA	NA	NA	NA
NC_045512.2	1760	T	A	82444	68300	37	2	2	34	2.42554e-05	82456	1	FALSE	NA	NA	NA	NA	NA	NA
NC_045512.2	1761	T	C	82975	68853	37	8	8	34	9.64018e-05	82986	1	FALSE	NA	NA	NA	NA	NA	NA
NC_045512.2	1761	T	A	82975	68853	37	3	1	34	3.61507e-05	82986	1	FALSE	NA	NA	NA	NA	NA	NA
NC_045512.2	1762	C	T	82802	69484	36	1	1	34	1.20767e-05	82804	1	FALSE	NA	NA	NA	NA	NA	NA
NC_045512.2	1762	C	A	82802	69484	36	1	1	34	1.20767e-05	82804	1	FALSE	NA	NA	NA	NA	NA	NA
NC_045512.2	1763	A	G	83003	69675	36	9	9	35	0.000108413	83016	1	FALSE	NA	NA	NA	NA	NA	NA
NC_045512.2	1763	A	C	83003	69675	36	4	2	34	4.81835e-05	83016	1	FALSE	NA	NA	NA	NA	NA	NA
NC_045512.2	1764	A	T	82103	70285	36	1	1	34	1.21789e-05	82109	1	FALSE	NA	NA	NA	NA	NA	NA
NC_045512.2	1764	A	G	82103	70285	36	2	1	34	2.43579e-05	82109	1	FALSE	NA	NA	NA	NA	NA	NA
NC_045512.2	1764	A	C	82103	70285	36	3	0	34	3.65368e-05	82109	1	FALSE	NA	NA	NA	NA	NA	NA
NC_045512.2	1765	A	G	80470	70754	35	2	1	30	2.48534e-05	80472	1	FALSE	NA	NA	NA	NA	NA	NA
NC_045512.2	1766	C	T	83088	70745	36	2	2	34	2.40691e-05	83094	1	FALSE	NA	NA	NA	NA	NA	NA
NC_045512.2	1766	C	A	83088	70745	36	4	4	34	4.81383e-05	83094	1	FALSE	NA	NA	NA	NA	NA	NA
NC_045512.2	1766	C	-A	83088	70745	36	1	0	20	1.20346e-05	83094	1	FALSE	NA	NA	NA	NA	NA	NA
NC_045512.2	1767	A	G	81556	69199	36	3	2	34	3.67832e-05	81559	1	FALSE	NA	NA	NA	NA	NA	NA
NC_045512.2	1768	A	G	82497	70122	36	4	4	32	4.84831e-05	82503	1	FALSE	NA	NA	NA	NA	NA	NA
NC_045512.2	1768	A	C	82497	70122	36	2	2	34	2.42415e-05	82503	1	FALSE	NA	NA	NA	NA	NA	NA
NC_045512.2	1769	A	G	83762	72040	36	2	2	34	2.38766e-05	83764	1	FALSE	NA	NA	NA	NA	NA	NA
NC_045512.2	1770	T	C	86494	74315	36	6	5	32	6.93594e-05	86506	1	FALSE	NA	NA	NA	NA	NA	NA
NC_045512.2	1770	T	A	86494	74315	36	6	6	32	6.93594e-05	86506	1	FALSE	NA	NA	NA	NA	NA	NA
NC_045512.2	1771	T	C	85238	73474	36	10	10	34	0.000117303	85249	1	FALSE	NA	NA	NA	NA	NA	NA
NC_045512.2	1771	T	A	85238	73474	36	1	1	26	1.17303e-05	85249	1	FALSE	NA	NA	NA	NA	NA	NA
NC_045512.2	1772	G	T	87002	74532	36	1	1	34	1.14936e-05	87005	1	FALSE	NA	NA	NA	NA	NA	NA
NC_045512.2	1772	G	C	87002	74532	36	1	1	26	1.14936e-05	87005	1	FALSE	NA	NA	NA	NA	NA	NA
NC_045512.2	1772	G	A	87002	74532	36	1	1	26	1.14936e-05	87005	1	FALSE	NA	NA	NA	NA	NA	NA
NC_045512.2	1773	T	C	86307	73862	36	10	7	38	0.000115851	86318	1	FALSE	NA	NA	NA	NA	NA	NA
NC_045512.2	1773	T	A	86307	73862	36	1	1	34	1.15851e-05	86318	1	FALSE	NA	NA	NA	NA	NA	NA
NC_045512.2	1774	T	C	83483	71231	36	54	54	30	0.000646412	83538	0.994958	FALSE	NA	NA	NA	NA	NA	NA
NC_045512.2	1774	T	A	83483	71231	36	1	1	34	1.19706e-05	83538	1	FALSE	NA	NA	NA	NA	NA	NA
NC_045512.2	1774	T	-G	83483	71231	36	1	0	20	1.19706e-05	83538	1	FALSE	NA	NA	NA	NA	NA	NA
NC_045512.2	1775	G	C	83899	71693	36	7	5	31	8.34247e-05	83908	1	FALSE	NA	NA	NA	NA	NA	NA
NC_045512.2	1775	G	A	83899	71693	36	2	2	34	2.38356e-05	83908	1	FALSE	NA	NA	NA	NA	NA	NA
NC_045512.2	1776	A	T	83694	71474	36	2	2	34	2.38929e-05	83707	1	FALSE	NA	NA	NA	NA	NA	NA
NC_045512.2	1776	A	G	83694	71474	36	6	5	39	7.16786e-05	83707	1	FALSE	NA	NA	NA	NA	NA	NA
NC_045512.2	1776	A	C	83694	71474	36	5	5	34	5.97322e-05	83707	1	FALSE	NA	NA	NA	NA	NA	NA
NC_045512.2	1777	A	T	84277	71947	36	1	1	34	1.18648e-05	84283	1	FALSE	NA	NA	NA	NA	NA	NA
NC_045512.2	1777	A	G	84277	71947	36	5	4	32	5.93239e-05	84283	1	FALSE	NA	NA	NA	NA	NA	NA
NC_045512.2	1778	T	G	84446	72139	36	3	0	29	3.5521e-05	84457	1	FALSE	NA	NA	NA	NA	NA	NA
NC_045512.2	1778	T	C	84446	72139	36	8	8	34	9.47228e-05	84457	1	FALSE	NA	NA	NA	NA	NA	NA
NC_045512.2	1779	C	T	83552	71378	36	4	4	34	4.78698e-05	83560	1	FALSE	NA	NA	NA	NA	NA	NA
NC_045512.2	1779	C	G	83552	71378	36	1	1	34	1.19674e-05	83560	1	FALSE	NA	NA	NA	NA	NA	NA
NC_045512.2	1779	C	A	83552	71378	36	3	3	31	3.59023e-05	83560	1	FALSE	NA	NA	NA	NA	NA	NA
NC_045512.2	1780	C	T	83375	71294	36	1	1	34	1.19933e-05	83380	1	FALSE	NA	NA	NA	NA	NA	NA
NC_045512.2	1780	C	G	83375	71294	36	1	0	27	1.19933e-05	83380	1	FALSE	NA	NA	NA	NA	NA	NA
NC_045512.2	1780	C	A	83375	71294	36	3	3	45	3.59799e-05	83380	0.967288	FALSE	NA	NA	NA	NA	NA	NA
NC_045512.2	1781	T	C	81403	69277	36	6	5	34	7.37019e-05	81409	1	FALSE	NA	NA	NA	NA	NA	NA
NC_045512.2	1782	G	T	81173	68994	36	1	1	34	1.23191e-05	81175	1	FALSE	NA	NA	NA	NA	NA	NA
NC_045512.2	1782	G	A	81173	68994	36	1	1	34	1.23191e-05	81175	1	FALSE	NA	NA	NA	NA	NA	NA
NC_045512.2	1783	T	C	82537	70483	36	7	6	37	8.48002e-05	82547	1	FALSE	NA	NA	NA	NA	NA	NA
NC_045512.2	1783	T	A	82537	70483	36	3	2	34	3.63429e-05	82547	1	FALSE	NA	NA	NA	NA	NA	NA
NC_045512.2	1784	G	T	81333	69264	36	3	1	34	3.68813e-05	81342	1	FALSE	NA	NA	NA	NA	NA	NA
NC_045512.2	1784	G	A	81333	69264	36	6	3	31	7.37626e-05	81342	1	FALSE	NA	NA	NA	NA	NA	NA
NC_045512.2	1785	G	A	82143	70223	36	1	1	34	1.21737e-05	82144	1	FALSE	NA	NA	NA	NA	NA	NA
NC_045512.2	1786	T	G	82343	70441	36	3	3	34	3.64268e-05	82357	1	FALSE	NA	NA	NA	NA	NA	NA
NC_045512.2	1786	T	C	82343	70441	36	11	9	35	0.000133565	82357	1	FALSE	NA	NA	NA	NA	NA	NA
NC_045512.2	1787	A	T	81932	70628	36	1	1	34	1.22045e-05	81937	1	FALSE	NA	NA	NA	NA	NA	NA
NC_045512.2	1787	A	G	81932	70628	36	4	4	32	4.8818e-05	81937	1	FALSE	NA	NA	NA	NA	NA	NA
NC_045512.2	1788	A	T	82632	71215	36	1	1	34	1.21011e-05	82637	1	FALSE	NA	NA	NA	NA	NA	NA
NC_045512.2	1788	A	G	82632	71215	36	4	4	32	4.84045e-05	82637	1	FALSE	NA	NA	NA	NA	NA	NA
NC_045512.2	1788	A	-T	82632	71215	36	3	0	20	3.63034e-05	82637	1	FALSE	NA	NA	NA	NA	NA	NA
NC_045512.2	1789	T	C	82688	71225	36	7	5	53	8.46433e-05	82700	0.00780919	TRUE	NA	NA	NA	NA	NA	NA
NC_045512.2	1789	T	A	82688	71225	36	5	3	34	6.04595e-05	82700	1	FALSE	NA	NA	NA	NA	NA	NA
NC_045512.2	1790	T	G	80500	69125	35	1	1	34	1.24222e-05	80501	1	FALSE	NA	NA	NA	NA	NA	NA
NC_045512.2	1791	T	G	82480	71177	36	1	1	26	1.21236e-05	82484	1	FALSE	NA	NA	NA	NA	NA	NA
NC_045512.2	1791	T	C	82480	71177	36	3	3	34	3.63707e-05	82484	1	FALSE	NA	NA	NA	NA	NA	NA
NC_045512.2	1792	T	C	82857	71834	36	5	5	32	6.03391e-05	82865	1	FALSE	NA	NA	NA	NA	NA	NA
NC_045512.2	1792	T	A	82857	71834	36	3	1	34	3.62035e-05	82865	1	FALSE	NA	NA	NA	NA	NA	NA
NC_045512.2	1793	A	T	83128	72171	36	1	1	34	1.20285e-05	83136	1	FALSE	NA	NA	NA	NA	NA	NA
NC_045512.2	1793	A	G	83128	72171	36	7	3	43	8.41994e-05	83136	0.696389	FALSE	NA	NA	NA	NA	NA	NA
NC_045512.2	1794	A	G	83069	72195	36	3	2	28	3.61128e-05	83073	1	FALSE	NA	NA	NA	NA	NA	NA
NC_045512.2	1794	A	C	83069	72195	36	1	1	68	1.20376e-05	83073	0.499994	FALSE	NA	NA	NA	NA	NA	NA
NC_045512.2	1795	A	G	83112	72309	36	21	18	38	0.000252604	83134	1	FALSE	NA	NA	NA	NA	NA	NA
NC_045512.2	1795	A	C	83112	72309	36	1	1	34	1.20288e-05	83134	1	FALSE	NA	NA	NA	NA	NA	NA
NC_045512.2	1797	T	C	83368	72525	36	6	5	34	7.19649e-05	83374	1	FALSE	NA	NA	NA	NA	NA	NA
NC_045512.2	1798	T	C	85071	74504	36	12	12	38	0.000141039	85083	1	FALSE	NA	NA	NA	NA	NA	NA
NC_045512.2	1799	A	T	85266	74756	36	1	1	34	1.17276e-05	85269	1	FALSE	NA	NA	NA	NA	NA	NA
NC_045512.2	1799	A	G	85266	74756	36	2	2	30	2.34552e-05	85269	1	FALSE	NA	NA	NA	NA	NA	NA
NC_045512.2	1800	C	T	85233	74953	36	1	0	34	1.17324e-05	85234	1	FALSE	NA	NA	NA	NA	NA	NA
NC_045512.2	1800	C	-A	85233	74953	36	2	0	20	2.34648e-05	85234	1	FALSE	NA	NA	NA	NA	NA	NA
NC_045512.2	1801	A	T	84812	74534	36	1	1	68	1.1789e-05	84825	0.499962	FALSE	NA	NA	NA	NA	NA	NA
NC_045512.2	1801	A	G	84812	74534	36	11	11	34	0.000129679	84825	1	FALSE	NA	NA	NA	NA	NA	NA
NC_045512.2	1801	A	C	84812	74534	36	1	1	26	1.1789e-05	84825	1	FALSE	NA	NA	NA	NA	NA	NA
NC_045512.2	1802	A	G	84980	75131	36	8	7	32	9.41298e-05	84989	1	FALSE	NA	NA	NA	NA	NA	NA
NC_045512.2	1802	A	C	84980	75131	36	1	1	34	1.17662e-05	84989	1	FALSE	NA	NA	NA	NA	NA	NA
NC_045512.2	1803	A	T	84946	75224	36	3	3	34	3.5312e-05	84957	1	FALSE	NA	NA	NA	NA	NA	NA
NC_045512.2	1803	A	G	84946	75224	36	8	8	36	9.41653e-05	84957	1	FALSE	NA	NA	NA	NA	NA	NA
NC_045512.2	1804	A	T	85204	75325	36	3	3	34	3.52038e-05	85218	1	FALSE	NA	NA	NA	NA	NA	NA
NC_045512.2	1804	A	G	85204	75325	36	8	8	39	9.38769e-05	85218	1	FALSE	NA	NA	NA	NA	NA	NA
NC_045512.2	1804	A	C	85204	75325	36	3	3	34	3.52038e-05	85218	1	FALSE	NA	NA	NA	NA	NA	NA
NC_045512.2	1805	G	T	84820	74953	36	2	2	30	2.35774e-05	84827	1	FALSE	NA	NA	NA	NA	NA	NA
NC_045512.2	1805	G	A	84820	74953	36	5	4	34	5.89435e-05	84827	1	FALSE	NA	NA	NA	NA	NA	NA
NC_045512.2	1806	G	-A	85054	75217	36	21	0	20	0.000246902	85054	1	FALSE	NA	NA	NA	NA	NA	NA
NC_045512.2	1806	G	+A	85054	75217	36	2	0	20	2.35145e-05	85054	1	FALSE	NA	NA	NA	NA	NA	NA
NC_045512.2	1807	A	T	85309	75456	36	3	3	27	3.51601e-05	85324	1	FALSE	NA	NA	NA	NA	NA	NA
NC_045512.2	1807	A	G	85309	75456	36	11	11	32	0.00012892	85324	1	FALSE	NA	NA	NA	NA	NA	NA
NC_045512.2	1807	A	C	85309	75456	36	1	1	34	1.172e-05	85324	1	FALSE	NA	NA	NA	NA	NA	NA
NC_045512.2	1808	A	T	85580	75755	36	1	0	34	1.16818e-05	85603	1	FALSE	NA	NA	NA	NA	NA	NA
NC_045512.2	1808	A	G	85580	75755	36	21	14	36	0.000245319	85603	1	FALSE	NA	NA	NA	NA	NA	NA
NC_045512.2	1808	A	C	85580	75755	36	1	1	34	1.16818e-05	85603	1	FALSE	NA	NA	NA	NA	NA	NA
NC_045512.2	1809	A	G	85948	76152	36	6	6	31	6.9804e-05	85955	1	FALSE	NA	NA	NA	NA	NA	NA
NC_045512.2	1809	A	C	85948	76152	36	1	1	34	1.1634e-05	85955	1	FALSE	NA	NA	NA	NA	NA	NA
NC_045512.2	1810	A	T	85998	76391	36	2	2	34	2.32477e-05	86030	1	FALSE	NA	NA	NA	NA	NA	NA
NC_045512.2	1810	A	G	85998	76391	36	29	28	35	0.000337092	86030	1	FALSE	NA	NA	NA	NA	NA	NA
NC_045512.2	1810	A	C	85998	76391	36	1	0	34	1.16239e-05	86030	1	FALSE	NA	NA	NA	NA	NA	NA
NC_045512.2	1811	G	T	85911	76160	36	3	3	31	3.4915e-05	85923	1	FALSE	NA	NA	NA	NA	NA	NA
NC_045512.2	1811	G	C	85911	76160	36	3	3	34	3.4915e-05	85923	1	FALSE	NA	NA	NA	NA	NA	NA
NC_045512.2	1811	G	A	85911	76160	36	6	3	32	6.983e-05	85923	1	FALSE	NA	NA	NA	NA	NA	NA
NC_045512.2	1812	C	T	87824	78645	36	3	3	31	3.41581e-05	87827	1	FALSE	NA	NA	NA	NA	NA	NA
NC_045512.2	1813	T	C	87667	78415	36	16	14	34	0.000182471	87685	1	FALSE	NA	NA	NA	NA	NA	NA
NC_045512.2	1813	T	A	87667	78415	36	2	2	34	2.28089e-05	87685	1	FALSE	NA	NA	NA	NA	NA	NA
NC_045512.2	1813	T	-A	87667	78415	36	223	0	20	0.00254319	87685	1	FALSE	NA	NA	NA	NA	NA	NA
NC_045512.2	1813	T	+A	87667	78415	36	70	0	20	0.000798312	87685	1	FALSE	NA	NA	NA	NA	NA	NA
NC_045512.2	1814	A	T	87332	78090	36	4	4	30	4.57933e-05	87349	1	FALSE	NA	NA	NA	NA	NA	NA
NC_045512.2	1814	A	G	87332	78090	36	13	12	36	0.000148828	87349	1	FALSE	NA	NA	NA	NA	NA	NA
NC_045512.2	1815	A	G	87586	78516	36	2	1	30	2.28342e-05	87588	1	FALSE	NA	NA	NA	NA	NA	NA
NC_045512.2	1816	A	T	87612	78570	36	1	1	34	1.14124e-05	87624	1	FALSE	NA	NA	NA	NA	NA	NA
NC_045512.2	1816	A	G	87612	78570	36	6	5	34	6.84744e-05	87624	1	FALSE	NA	NA	NA	NA	NA	NA
NC_045512.2	1816	A	C	87612	78570	36	5	5	32	5.7062e-05	87624	1	FALSE	NA	NA	NA	NA	NA	NA
NC_045512.2	1817	A	T	88058	79397	36	1	1	34	1.13547e-05	88069	1	FALSE	NA	NA	NA	NA	NA	NA
NC_045512.2	1817	A	G	88058	79397	36	10	9	32	0.000113547	88069	1	FALSE	NA	NA	NA	NA	NA	NA
NC_045512.2	1818	A	G	87824	79180	36	7	6	34	7.96976e-05	87832	1	FALSE	NA	NA	NA	NA	NA	NA
NC_045512.2	1818	A	C	87824	79180	36	1	1	34	1.13854e-05	87832	1	FALSE	NA	NA	NA	NA	NA	NA
NC_045512.2	1819	A	T	87543	79253	36	1	1	34	1.14209e-05	87559	1	FALSE	NA	NA	NA	NA	NA	NA
NC_045512.2	1819	A	G	87543	79253	36	11	11	33	0.00012563	87559	1	FALSE	NA	NA	NA	NA	NA	NA
NC_045512.2	1819	A	C	87543	79253	36	4	4	34	4.56835e-05	87559	1	FALSE	NA	NA	NA	NA	NA	NA
NC_045512.2	1820	G	T	87111	78988	36	2	2	34	2.29534e-05	87133	1	FALSE	NA	NA	NA	NA	NA	NA
NC_045512.2	1820	G	A	87111	78988	36	20	20	34	0.000229534	87133	1	FALSE	NA	NA	NA	NA	NA	NA
NC_045512.2	1821	G	A	87109	79027	36	2	2	34	2.29592e-05	87111	1	FALSE	NA	NA	NA	NA	NA	NA
NC_045512.2	1822	T	C	86713	78675	36	4	4	32	4.61265e-05	86718	1	FALSE	NA	NA	NA	NA	NA	NA
NC_045512.2	1822	T	A	86713	78675	36	1	1	34	1.15316e-05	86718	1	FALSE	NA	NA	NA	NA	NA	NA
NC_045512.2	1823	G	T	86681	78783	36	1	1	34	1.1536e-05	86685	1	FALSE	NA	NA	NA	NA	NA	NA
NC_045512.2	1823	G	C	86681	78783	36	1	1	34	1.1536e-05	86685	1	FALSE	NA	NA	NA	NA	NA	NA
NC_045512.2	1823	G	A	86681	78783	36	2	2	34	2.3072e-05	86685	1	FALSE	NA	NA	NA	NA	NA	NA
NC_045512.2	1824	C	T	87205	79509	36	17	17	36	0.000194905	87222	1	FALSE	NA	NA	NA	NA	NA	NA
NC_045512.2	1826	T	G	98293	92202	36	3	3	34	3.05129e-05	98319	1	FALSE	NA	NA	NA	NA	NA	NA
NC_045512.2	1826	T	C	98293	92202	36	20	19	35	0.000203419	98319	1	FALSE	NA	NA	NA	NA	NA	NA
NC_045512.2	1826	T	A	98293	92202	36	3	3	34	3.05129e-05	98319	1	FALSE	NA	NA	NA	NA	NA	NA
NC_045512.2	1827	G	T	98177	92145	36	6	6	32	6.11054e-05	98191	1	FALSE	NA	NA	NA	NA	NA	NA
NC_045512.2	1827	G	C	98177	92145	36	1	1	34	1.01842e-05	98191	1	FALSE	NA	NA	NA	NA	NA	NA
NC_045512.2	1827	G	A	98177	92145	36	7	5	34	7.12896e-05	98191	1	FALSE	NA	NA	NA	NA	NA	NA
NC_045512.2	1828	G	T	98974	92821	36	4	4	32	4.0411e-05	98983	1	FALSE	NA	NA	NA	NA	NA	NA
NC_045512.2	1828	G	C	98974	92821	36	5	5	32	5.05137e-05	98983	1	FALSE	NA	NA	NA	NA	NA	NA
NC_045512.2	1828	G	+A	98974	92821	36	1	0	20	1.01027e-05	98983	1	FALSE	NA	NA	NA	NA	NA	NA
NC_045512.2	1829	A	G	99509	93407	36	20	17	34	0.000200944	99530	1	FALSE	NA	NA	NA	NA	NA	NA
NC_045512.2	1829	A	C	99509	93407	36	1	1	34	1.00472e-05	99530	1	FALSE	NA	NA	NA	NA	NA	NA
NC_045512.2	1830	A	G	99665	93627	36	11	11	34	0.000110358	99676	1	FALSE	NA	NA	NA	NA	NA	NA
NC_045512.2	1830	A	+G	99665	93627	36	2	0	20	2.0065e-05	99676	1	FALSE	NA	NA	NA	NA	NA	NA
NC_045512.2	1831	T	G	96959	91532	35	1	1	26	1.03128e-05	96967	1	FALSE	NA	NA	NA	NA	NA	NA
NC_045512.2	1831	T	C	96959	91532	35	6	6	32	6.18767e-05	96967	1	FALSE	NA	NA	NA	NA	NA	NA
NC_045512.2	1831	T	A	96959	91532	35	1	1	26	1.03128e-05	96967	1	FALSE	NA	NA	NA	NA	NA	NA
NC_045512.2	1832	A	G	99129	93801	36	8	7	38	8.06956e-05	99138	1	FALSE	NA	NA	NA	NA	NA	NA
NC_045512.2	1832	A	C	99129	93801	36	1	1	34	1.00869e-05	99138	1	FALSE	NA	NA	NA	NA	NA	NA
NC_045512.2	1833	T	G	99225	93856	36	3	3	34	3.02301e-05	99239	1	FALSE	NA	NA	NA	NA	NA	NA
NC_045512.2	1833	T	C	99225	93856	36	11	11	30	0.000110844	99239	1	FALSE	NA	NA	NA	NA	NA	NA
NC_045512.2	1834	T	G	98937	93692	36	2	2	34	2.02096e-05	98963	1	FALSE	NA	NA	NA	NA	NA	NA
NC_045512.2	1834	T	C	98937	93692	36	20	20	33	0.000202096	98963	1	FALSE	NA	NA	NA	NA	NA	NA
NC_045512.2	1834	T	A	98937	93692	36	4	4	34	4.04191e-05	98963	1	FALSE	NA	NA	NA	NA	NA	NA
NC_045512.2	1835	G	T	98091	93697	36	4	4	34	4.07735e-05	98103	1	FALSE	NA	NA	NA	NA	NA	NA
NC_045512.2	1835	G	A	98091	93697	36	8	8	34	8.15469e-05	98103	1	FALSE	NA	NA	NA	NA	NA	NA
NC_045512.2	1835	G	-GT	98091	93697	36	1	0	20	1.01934e-05	98103	1	FALSE	NA	NA	NA	NA	NA	NA
NC_045512.2	1836	G	C	98624	94310	36	1	1	34	1.0139e-05	98629	1	FALSE	NA	NA	NA	NA	NA	NA
NC_045512.2	1836	G	A	98624	94310	36	4	4	34	4.0556e-05	98629	1	FALSE	NA	NA	NA	NA	NA	NA
NC_045512.2	1837	T	G	99935	96046	36	3	3	31	3.00165e-05	99945	1	FALSE	NA	NA	NA	NA	NA	NA
NC_045512.2	1837	T	C	99935	96046	36	7	7	32	7.00385e-05	99945	1	FALSE	NA	NA	NA	NA	NA	NA
NC_045512.2	1838	G	T	100020	96129	36	4	4	34	3.99892e-05	100027	1	FALSE	NA	NA	NA	NA	NA	NA
NC_045512.2	1838	G	A	100020	96129	36	3	3	34	2.99919e-05	100027	1	FALSE	NA	NA	NA	NA	NA	NA
NC_045512.2	1839	A	T	101764	98060	36	2	1	25	1.9652e-05	101771	1	FALSE	NA	NA	NA	NA	NA	NA
NC_045512.2	1839	A	G	101764	98060	36	4	4	34	3.93039e-05	101771	1	FALSE	NA	NA	NA	NA	NA	NA
NC_045512.2	1839	A	C	101764	98060	36	1	1	34	9.82598e-06	101771	1	FALSE	NA	NA	NA	NA	NA	NA
NC_045512.2	1840	A	T	101723	97978	36	1	1	34	9.82994e-06	101730	1	FALSE	NA	NA	NA	NA	NA	NA
NC_045512.2	1840	A	G	101723	97978	36	5	5	34	4.91497e-05	101730	1	FALSE	NA	NA	NA	NA	NA	NA
NC_045512.2	1840	A	C	101723	97978	36	1	1	26	9.82994e-06	101730	1	FALSE	NA	NA	NA	NA	NA	NA
NC_045512.2	1841	C	T	101849	98140	36	6	4	59	5.89067e-05	101856	0.0624968	FALSE	NA	NA	NA	NA	NA	NA
NC_045512.2	1841	C	A	101849	98140	36	1	1	34	9.81778e-06	101856	1	FALSE	NA	NA	NA	NA	NA	NA
NC_045512.2	1842	A	G	101589	97891	36	3	3	34	2.95296e-05	101593	1	FALSE	NA	NA	NA	NA	NA	NA
NC_045512.2	1842	A	C	101589	97891	36	1	1	34	9.8432e-06	101593	1	FALSE	NA	NA	NA	NA	NA	NA
NC_045512.2	1843	G	T	101250	97968	35	5	5	29	4.9372e-05	101272	1	FALSE	NA	NA	NA	NA	NA	NA
NC_045512.2	1843	G	C	101250	97968	35	16	16	33	0.00015799	101272	1	FALSE	NA	NA	NA	NA	NA	NA
NC_045512.2	1843	G	A	101250	97968	35	1	1	34	9.8744e-06	101272	1	FALSE	NA	NA	NA	NA	NA	NA
NC_045512.2	1844	A	T	101065	97862	35	5	5	29	4.94619e-05	101088	1	FALSE	NA	NA	NA	NA	NA	NA
NC_045512.2	1844	A	G	101065	97862	35	13	13	34	0.000128601	101088	1	FALSE	NA	NA	NA	NA	NA	NA
NC_045512.2	1844	A	C	101065	97862	35	5	5	30	4.94619e-05	101088	1	FALSE	NA	NA	NA	NA	NA	NA
NC_045512.2	1845	A	G	101300	98078	35	7	4	38	6.90962e-05	101308	1	FALSE	NA	NA	NA	NA	NA	NA
NC_045512.2	1845	A	C	101300	98078	35	1	1	26	9.87089e-06	101308	1	FALSE	NA	NA	NA	NA	NA	NA
NC_045512.2	1846	A	T	101383	98156	35	4	4	30	3.94473e-05	101401	1	FALSE	NA	NA	NA	NA	NA	NA
NC_045512.2	1846	A	G	101383	98156	35	3	3	34	2.95855e-05	101401	1	FALSE	NA	NA	NA	NA	NA	NA
NC_045512.2	1846	A	C	101383	98156	35	11	11	29	0.00010848	101401	1	FALSE	NA	NA	NA	NA	NA	NA
NC_045512.2	1847	T	C	101178	97951	35	13	13	35	0.00012847	101191	1	FALSE	NA	NA	NA	NA	NA	NA
NC_045512.2	1848	C	T	101142	98409	35	3	3	28	2.96604e-05	101145	1	FALSE	NA	NA	NA	NA	NA	NA
NC_045512.2	1849	A	T	100638	97905	35	2	2	34	1.98706e-05	100651	1	FALSE	NA	NA	NA	NA	NA	NA
NC_045512.2	1849	A	G	100638	97905	35	8	8	34	7.94826e-05	100651	1	FALSE	NA	NA	NA	NA	NA	NA
NC_045512.2	1849	A	C	100638	97905	35	3	3	31	2.9806e-05	100651	1	FALSE	NA	NA	NA	NA	NA	NA
NC_045512.2	1850	A	T	100726	98066	35	10	10	33	9.92595e-05	100746	1	FALSE	NA	NA	NA	NA	NA	NA
NC_045512.2	1850	A	G	100726	98066	35	8	7	42	7.94076e-05	100746	0.759596	FALSE	NA	NA	NA	NA	NA	NA
NC_045512.2	1850	A	C	100726	98066	35	2	2	34	1.98519e-05	100746	1	FALSE	NA	NA	NA	NA	NA	NA
NC_045512.2	1851	T	C	100136	97674	35	4	4	28	3.99433e-05	100142	1	FALSE	NA	NA	NA	NA	NA	NA
NC_045512.2	1851	T	A	100136	97674	35	2	2	34	1.99716e-05	100142	1	FALSE	NA	NA	NA	NA	NA	NA
NC_045512.2	1852	A	T	98712	96261	35	6	6	30	6.07736e-05	98727	1	FALSE	NA	NA	NA	NA	NA	NA
NC_045512.2	1852	A	G	98712	96261	35	2	2	34	2.02579e-05	98727	1	FALSE	NA	NA	NA	NA	NA	NA
NC_045512.2	1852	A	C	98712	96261	35	7	7	34	7.09026e-05	98727	1	FALSE	NA	NA	NA	NA	NA	NA
NC_045512.2	1853	C	T	99630	97244	35	5	5	39	5.01807e-05	99640	1	FALSE	NA	NA	NA	NA	NA	NA
NC_045512.2	1853	C	A	99630	97244	35	5	5	34	5.01807e-05	99640	1	FALSE	NA	NA	NA	NA	NA	NA
NC_045512.2	1854	T	G	46322	44313	36	8	8	34	0.000158187	50573	1	FALSE	NA	NA	NA	NA	NA	NA
NC_045512.2	1854	T	C	46322	44313	36	4216	4025	36	0.0833646	50573	0	TRUE	NA	NA	NA	NA	NA	NA
NC_045512.2	1854	T	A	46322	44313	36	27	27	34	0.000533882	50573	0.991242	FALSE	NA	NA	NA	NA	NA	NA
NC_045512.2	1855	G	T	50892	48699	36	10	10	34	0.000196379	50922	1	FALSE	NA	NA	NA	NA	NA	NA
NC_045512.2	1855	G	C	50892	48699	36	20	19	35	0.000392758	50922	0.999917	FALSE	NA	NA	NA	NA	NA	NA
NC_045512.2	1856	A	T	46126	43950	36	10	10	34	0.000216685	46150	1	FALSE	NA	NA	NA	NA	NA	NA
NC_045512.2	1856	A	G	46126	43950	36	7	6	39	0.000151679	46150	1	FALSE	NA	NA	NA	NA	NA	NA
NC_045512.2	1856	A	C	46126	43950	36	7	7	34	0.000151679	46150	1	FALSE	NA	NA	NA	NA	NA	NA
NC_045512.2	1857	G	T	45995	43820	36	1	1	34	2.1741e-05	45996	1	FALSE	NA	NA	NA	NA	NA	NA
NC_045512.2	1858	T	G	45843	43839	36	1	1	26	2.18107e-05	45849	1	FALSE	NA	NA	NA	NA	NA	NA
NC_045512.2	1858	T	C	45843	43839	36	2	2	34	4.36215e-05	45849	1	FALSE	NA	NA	NA	NA	NA	NA
NC_045512.2	1858	T	A	45843	43839	36	3	3	31	6.54322e-05	45849	1	FALSE	NA	NA	NA	NA	NA	NA
NC_045512.2	1859	C	T	43401	41460	36	1	1	34	2.30404e-05	43402	1	FALSE	NA	NA	NA	NA	NA	NA
NC_045512.2	1860	C	T	43303	41370	36	1	1	34	2.30926e-05	43304	1	FALSE	NA	NA	NA	NA	NA	NA
NC_045512.2	1861	T	C	42089	40164	36	12	12	34	0.000285022	42102	0.999993	FALSE	NA	NA	NA	NA	NA	NA
NC_045512.2	1861	T	A	42089	40164	36	1	1	34	2.37518e-05	42102	1	FALSE	NA	NA	NA	NA	NA	NA
NC_045512.2	1862	C	-T	42404	40499	36	1	0	20	2.35827e-05	42404	1	FALSE	NA	NA	NA	NA	NA	NA
NC_045512.2	1864	T	C	41967	40073	36	3	2	34	7.14796e-05	41970	1	FALSE	NA	NA	NA	NA	NA	NA
NC_045512.2	1865	T	C	41853	39985	36	2	2	34	4.7784e-05	41855	1	FALSE	NA	NA	NA	NA	NA	NA
NC_045512.2	1866	A	C	41430	39591	36	1	1	34	2.41365e-05	41431	1	FALSE	NA	NA	NA	NA	NA	NA
NC_045512.2	1867	T	C	41333	39786	36	2	2	51	4.83851e-05	41335	0.250003	FALSE	NA	NA	NA	NA	NA	NA
NC_045512.2	1868	G	A	41183	39660	36	4	4	34	9.7118e-05	41187	1	FALSE	NA	NA	NA	NA	NA	NA
NC_045512.2	1869	C	T	40720	39229	36	25	25	33	0.000613572	40745	0.976872	FALSE	NA	NA	NA	NA	NA	NA
NC_045512.2	1870	A	G	39430	37949	36	2	1	36	5.07202e-05	39432	1	FALSE	NA	NA	NA	NA	NA	NA
NC_045512.2	1871	T	C	34300	32927	34	1	1	34	2.91528e-05	34302	1	FALSE	NA	NA	NA	NA	NA	NA
NC_045512.2	1871	T	A	34300	32927	34	1	1	34	2.91528e-05	34302	1	FALSE	NA	NA	NA	NA	NA	NA
NC_045512.2	1872	T	C	36799	35430	36	2	2	34	5.43434e-05	36803	1	FALSE	NA	NA	NA	NA	NA	NA
NC_045512.2	1872	T	A	36799	35430	36	2	2	34	5.43434e-05	36803	1	FALSE	NA	NA	NA	NA	NA	NA
NC_045512.2	1873	T	C	36752	35705	35	10	10	34	0.00027202	36762	0.99998	FALSE	NA	NA	NA	NA	NA	NA
NC_045512.2	1874	G	C	36702	35650	35	1	1	34	2.72435e-05	36706	1	FALSE	NA	NA	NA	NA	NA	NA
NC_045512.2	1874	G	A	36702	35650	35	3	3	34	8.17305e-05	36706	1	FALSE	NA	NA	NA	NA	NA	NA
NC_045512.2	1875	C	T	36591	35547	35	15	14	38	0.000409769	36606	0.999119	FALSE	NA	NA	NA	NA	NA	NA
NC_045512.2	1876	A	G	36627	35581	35	2	2	34	5.46015e-05	36629	1	FALSE	NA	NA	NA	NA	NA	NA
NC_045512.2	1877	T	G	36642	35598	35	1	1	26	2.72881e-05	36646	1	FALSE	NA	NA	NA	NA	NA	NA
NC_045512.2	1877	T	C	36642	35598	35	2	2	34	5.45762e-05	36646	1	FALSE	NA	NA	NA	NA	NA	NA
NC_045512.2	1877	T	A	36642	35598	35	1	0	68	2.72881e-05	36646	0.499986	FALSE	NA	NA	NA	NA	NA	NA
NC_045512.2	1878	C	T	36260	35322	35	1	1	34	2.75771e-05	36262	1	FALSE	NA	NA	NA	NA	NA	NA
NC_045512.2	1878	C	A	36260	35322	35	1	1	34	2.75771e-05	36262	1	FALSE	NA	NA	NA	NA	NA	NA
NC_045512.2	1878	C	-AG	36260	35322	35	1	0	20	2.75771e-05	36262	1	FALSE	NA	NA	NA	NA	NA	NA
NC_045512.2	1880	G	C	64605	35733	34	6	0	34	9.28606e-05	64613	1	FALSE	NA	NA	NA	NA	NA	NA
NC_045512.2	1880	G	A	64605	35733	34	2	0	34	3.09535e-05	64613	1	FALSE	NA	NA	NA	NA	NA	NA
NC_045512.2	1881	A	T	64678	35715	34	1	1	34	1.54574e-05	64694	1	FALSE	NA	NA	NA	NA	NA	NA
NC_045512.2	1881	A	G	64678	35715	34	13	3	33	0.000200946	64694	1	FALSE	NA	NA	NA	NA	NA	NA
NC_045512.2	1881	A	C	64678	35715	34	2	1	34	3.09148e-05	64694	1	FALSE	NA	NA	NA	NA	NA	NA
NC_045512.2	1882	G	C	69569	35675	34	1	1	34	1.4373e-05	69575	1	FALSE	NA	NA	NA	NA	NA	NA
NC_045512.2	1882	G	A	69569	35675	34	5	0	34	7.18649e-05	69575	1	FALSE	NA	NA	NA	NA	NA	NA
NC_045512.2	1883	G	T	69161	35039	34	1	1	34	1.44584e-05	69164	1	FALSE	NA	NA	NA	NA	NA	NA
NC_045512.2	1883	G	A	69161	35039	34	2	0	34	2.89168e-05	69164	1	FALSE	NA	NA	NA	NA	NA	NA
NC_045512.2	1884	C	T	69261	34422	34	3	1	34	4.33075e-05	69272	1	FALSE	NA	NA	NA	NA	NA	NA
NC_045512.2	1884	C	G	69261	34422	34	3	0	28	4.33075e-05	69272	1	FALSE	NA	NA	NA	NA	NA	NA
NC_045512.2	1884	C	A	69261	34422	34	5	4	34	7.21792e-05	69272	1	FALSE	NA	NA	NA	NA	NA	NA
NC_045512.2	1885	T	G	68974	33809	34	2	0	30	2.8991e-05	68987	1	FALSE	NA	NA	NA	NA	NA	NA
NC_045512.2	1885	T	C	68974	33809	34	10	2	34	0.000144955	68987	1	FALSE	NA	NA	NA	NA	NA	NA
NC_045512.2	1885	T	A	68974	33809	34	1	1	34	1.44955e-05	68987	1	FALSE	NA	NA	NA	NA	NA	NA
NC_045512.2	1886	G	A	69466	33659	34	7	5	34	0.000100759	69473	1	FALSE	NA	NA	NA	NA	NA	NA
NC_045512.2	1887	C	T	69744	33652	34	10	6	40	0.000143347	69761	0.227183	FALSE	NA	NA	NA	NA	NA	NA
NC_045512.2	1887	C	G	69744	33652	34	4	0	32	5.73386e-05	69761	1	FALSE	NA	NA	NA	NA	NA	NA
NC_045512.2	1887	C	A	69744	33652	34	3	1	34	4.3004e-05	69761	1	FALSE	NA	NA	NA	NA	NA	NA
NC_045512.2	1888	T	C	69842	33810	34	23	14	36	0.000329202	69866	1	FALSE	NA	NA	NA	NA	NA	NA
NC_045512.2	1888	T	A	69842	33810	34	1	1	34	1.43131e-05	69866	1	FALSE	NA	NA	NA	NA	NA	NA
NC_045512.2	1889	C	T	70102	33433	34	2	1	34	2.8527e-05	70109	1	FALSE	NA	NA	NA	NA	NA	NA
NC_045512.2	1889	C	G	70102	33433	34	2	0	34	2.8527e-05	70109	1	FALSE	NA	NA	NA	NA	NA	NA
NC_045512.2	1889	C	A	70102	33433	34	3	2	34	4.27905e-05	70109	1	FALSE	NA	NA	NA	NA	NA	NA
NC_045512.2	1890	G	T	73008	33377	34	3	0	34	4.10869e-05	73016	1	FALSE	NA	NA	NA	NA	NA	NA
NC_045512.2	1890	G	A	73008	33377	34	5	2	30	6.84781e-05	73016	1	FALSE	NA	NA	NA	NA	NA	NA
NC_045512.2	1891	T	G	72689	33138	34	3	0	31	4.12655e-05	72700	1	FALSE	NA	NA	NA	NA	NA	NA
NC_045512.2	1891	T	C	72689	33138	34	5	2	34	6.87758e-05	72700	1	FALSE	NA	NA	NA	NA	NA	NA
NC_045512.2	1891	T	A	72689	33138	34	3	1	34	4.12655e-05	72700	1	FALSE	NA	NA	NA	NA	NA	NA
NC_045512.2	1892	G	A	72850	33069	34	5	4	34	6.86295e-05	72855	1	FALSE	NA	NA	NA	NA	NA	NA
NC_045512.2	1893	T	G	72441	32715	34	1	1	34	1.38019e-05	72454	1	FALSE	NA	NA	NA	NA	NA	NA
NC_045512.2	1893	T	C	72441	32715	34	10	6	36	0.000138019	72454	1	FALSE	NA	NA	NA	NA	NA	NA
NC_045512.2	1893	T	A	72441	32715	34	2	0	30	2.76037e-05	72454	1	FALSE	NA	NA	NA	NA	NA	NA
NC_045512.2	1894	T	C	72100	32329	34	3	0	34	4.16066e-05	72104	1	FALSE	NA	NA	NA	NA	NA	NA
NC_045512.2	1894	T	A	72100	32329	34	1	0	26	1.38689e-05	72104	1	FALSE	NA	NA	NA	NA	NA	NA
NC_045512.2	1894	T	-G	72100	32329	34	1	0	20	1.38689e-05	72104	1	FALSE	NA	NA	NA	NA	NA	NA
NC_045512.2	1895	G	T	72076	32139	34	3	3	26	4.16164e-05	72087	1	FALSE	NA	NA	NA	NA	NA	NA
NC_045512.2	1895	G	C	72076	32139	34	2	2	34	2.77443e-05	72087	1	FALSE	NA	NA	NA	NA	NA	NA
NC_045512.2	1895	G	A	72076	32139	34	6	2	34	8.32328e-05	72087	1	FALSE	NA	NA	NA	NA	NA	NA
NC_045512.2	1896	T	C	71553	31686	34	2	2	34	2.79505e-05	71555	1	FALSE	NA	NA	NA	NA	NA	NA
NC_045512.2	1897	A	T	71450	31667	35	2	0	34	2.79865e-05	71463	1	FALSE	NA	NA	NA	NA	NA	NA
NC_045512.2	1897	A	G	71450	31667	35	11	1	34	0.000153926	71463	1	FALSE	NA	NA	NA	NA	NA	NA
NC_045512.2	1898	C	T	71127	31400	35	6	0	34	8.43443e-05	71137	1	FALSE	NA	NA	NA	NA	NA	NA
NC_045512.2	1898	C	G	71127	31400	35	1	0	34	1.40574e-05	71137	1	FALSE	NA	NA	NA	NA	NA	NA
NC_045512.2	1898	C	A	71127	31400	35	3	1	34	4.21721e-05	71137	1	FALSE	NA	NA	NA	NA	NA	NA
NC_045512.2	1899	G	C	69056	29037	35	1	0	68	1.44804e-05	69059	0.499996	FALSE	NA	NA	NA	NA	NA	NA
NC_045512.2	1899	G	A	69056	29037	35	2	0	34	2.89607e-05	69059	1	FALSE	NA	NA	NA	NA	NA	NA
NC_045512.2	1900	A	G	69271	29469	35	11	1	37	0.000158771	69282	1	FALSE	NA	NA	NA	NA	NA	NA
NC_045512.2	1901	T	C	69271	29358	35	7	1	37	0.000101042	69278	1	FALSE	NA	NA	NA	NA	NA	NA
NC_045512.2	1902	C	T	69497	29316	35	8	1	34	0.000115095	69508	1	FALSE	NA	NA	NA	NA	NA	NA
NC_045512.2	1902	C	G	69497	29316	35	1	0	26	1.43868e-05	69508	1	FALSE	NA	NA	NA	NA	NA	NA
NC_045512.2	1902	C	A	69497	29316	35	2	2	34	2.87737e-05	69508	1	FALSE	NA	NA	NA	NA	NA	NA
NC_045512.2	1902	C	-A	69497	29316	35	1	0	20	1.43868e-05	69508	1	FALSE	NA	NA	NA	NA	NA	NA
NC_045512.2	1903	A	T	69386	29396	35	2	2	34	2.88214e-05	69393	1	FALSE	NA	NA	NA	NA	NA	NA
NC_045512.2	1903	A	G	69386	29396	35	5	4	34	7.20534e-05	69393	1	FALSE	NA	NA	NA	NA	NA	NA
NC_045512.2	1904	A	T	70452	29445	35	3	0	34	4.25798e-05	70456	1	FALSE	NA	NA	NA	NA	NA	NA
NC_045512.2	1904	A	G	70452	29445	35	1	0	34	1.41933e-05	70456	1	FALSE	NA	NA	NA	NA	NA	NA
NC_045512.2	1904	A	-T	70452	29445	35	2554	0	20	0.0362496	70456	1.48427e-235	TRUE	NA	NA	NA	NA	NA	NA
NC_045512.2	1905	T	G	67911	26815	35	1	0	34	1.47245e-05	67914	1	FALSE	NA	NA	NA	NA	NA	NA
NC_045512.2	1905	T	C	67911	26815	35	1	0	34	1.47245e-05	67914	1	FALSE	NA	NA	NA	NA	NA	NA
NC_045512.2	1905	T	A	67911	26815	35	1	0	26	1.47245e-05	67914	1	FALSE	NA	NA	NA	NA	NA	NA
NC_045512.2	1906	T	G	70456	29364	35	1	0	26	1.41924e-05	70460	1	FALSE	NA	NA	NA	NA	NA	NA
NC_045512.2	1906	T	C	70456	29364	35	3	1	31	4.25773e-05	70460	1	FALSE	NA	NA	NA	NA	NA	NA
NC_045512.2	1907	T	G	70380	29310	35	1	0	34	1.42056e-05	70395	1	FALSE	NA	NA	NA	NA	NA	NA
NC_045512.2	1907	T	C	70380	29310	35	12	2	34	0.000170467	70395	1	FALSE	NA	NA	NA	NA	NA	NA
NC_045512.2	1907	T	A	70380	29310	35	2	0	30	2.84111e-05	70395	1	FALSE	NA	NA	NA	NA	NA	NA
NC_045512.2	1908	T	C	68151	27151	35	197	191	34	0.00288218	68351	4.65992e-16	TRUE	NA	NA	NA	NA	NA	NA
NC_045512.2	1908	T	A	68151	27151	35	3	0	26	4.38911e-05	68351	1	FALSE	NA	NA	NA	NA	NA	NA
NC_045512.2	1909	C	T	70476	28940	35	2	1	34	2.83772e-05	70479	1	FALSE	NA	NA	NA	NA	NA	NA
NC_045512.2	1909	C	G	70476	28940	35	1	1	34	1.41886e-05	70479	1	FALSE	NA	NA	NA	NA	NA	NA
NC_045512.2	1910	T	C	69951	28367	35	12	1	34	0.000171519	69963	1	FALSE	NA	NA	NA	NA	NA	NA
NC_045512.2	1911	C	T	69941	28437	35	7	3	34	0.000100071	69950	1	FALSE	NA	NA	NA	NA	NA	NA
NC_045512.2	1911	C	G	69941	28437	35	1	0	34	1.42959e-05	69950	1	FALSE	NA	NA	NA	NA	NA	NA
NC_045512.2	1911	C	A	69941	28437	35	1	1	34	1.42959e-05	69950	1	FALSE	NA	NA	NA	NA	NA	NA
NC_045512.2	1912	C	T	69732	28362	35	14	0	34	0.000200725	69747	1	FALSE	NA	NA	NA	NA	NA	NA
NC_045512.2	1912	C	G	69732	28362	35	1	0	34	1.43375e-05	69747	1	FALSE	NA	NA	NA	NA	NA	NA
NC_045512.2	1913	C	T	67844	26632	36	6	2	45	8.84291e-05	67851	0.612798	FALSE	NA	NA	NA	NA	NA	NA
NC_045512.2	1913	C	A	67844	26632	36	1	0	34	1.47382e-05	67851	1	FALSE	NA	NA	NA	NA	NA	NA
NC_045512.2	1914	G	T	67707	26402	35	3	2	31	4.42791e-05	67752	1	FALSE	NA	NA	NA	NA	NA	NA
NC_045512.2	1914	G	C	67707	26402	35	2	0	34	2.95194e-05	67752	1	FALSE	NA	NA	NA	NA	NA	NA
NC_045512.2	1914	G	A	67707	26402	35	40	16	39	0.000590388	67752	0.996749	FALSE	NA	NA	NA	NA	NA	NA
NC_045512.2	1915	C	T	68015	26618	36	1	0	34	1.4702e-05	68018	1	FALSE	NA	NA	NA	NA	NA	NA
NC_045512.2	1915	C	G	68015	26618	36	2	1	68	2.9404e-05	68018	0.249998	FALSE	NA	NA	NA	NA	NA	NA
NC_045512.2	1916	A	T	67775	26567	35	6	4	31	8.85139e-05	67786	1	FALSE	NA	NA	NA	NA	NA	NA
NC_045512.2	1916	A	G	67775	26567	35	1	0	68	1.47523e-05	67786	0.499967	FALSE	NA	NA	NA	NA	NA	NA
NC_045512.2	1916	A	C	67775	26567	35	4	4	34	5.90092e-05	67786	1	FALSE	NA	NA	NA	NA	NA	NA
NC_045512.2	1917	C	T	73693	26666	35	4	3	32	5.42763e-05	73697	1	FALSE	NA	NA	NA	NA	NA	NA
NC_045512.2	1918	T	C	72317	25349	35	18	3	35	0.000248835	72337	1	FALSE	NA	NA	NA	NA	NA	NA
NC_045512.2	1918	T	A	72317	25349	35	2	0	29	2.76484e-05	72337	1	FALSE	NA	NA	NA	NA	NA	NA
NC_045512.2	1919	C	T	72394	24286	36	1721	1691	32	0.02322	74117	0	TRUE	NA	NA	NA	NA	NA	NA
NC_045512.2	1919	C	A	72394	24286	36	2	0	34	2.69844e-05	74117	1	FALSE	NA	NA	NA	NA	NA	NA
NC_045512.2	1920	T	G	73709	25662	36	4	0	34	5.42564e-05	73724	1	FALSE	NA	NA	NA	NA	NA	NA
NC_045512.2	1920	T	C	73709	25662	36	11	5	34	0.000149205	73724	1	FALSE	NA	NA	NA	NA	NA	NA
NC_045512.2	1921	T	C	73858	25968	36	39	25	34	0.000527754	73898	0.999572	FALSE	NA	NA	NA	NA	NA	NA
NC_045512.2	1921	T	A	73858	25968	36	1	1	34	1.35322e-05	73898	1	FALSE	NA	NA	NA	NA	NA	NA
NC_045512.2	1922	G	C	50861	3212	37	1	0	34	1.96595e-05	50866	1	FALSE	NA	NA	NA	NA	NA	NA
NC_045512.2	1922	G	A	50861	3212	37	4	0	34	7.8638e-05	50866	1	FALSE	NA	NA	NA	NA	NA	NA
NC_045512.2	1923	A	G	51017	3362	37	4	0	34	7.83991e-05	51021	1	FALSE	NA	NA	NA	NA	NA	NA
NC_045512.2	1924	A	G	50997	3367	37	5	0	34	9.80354e-05	51002	1	FALSE	NA	NA	NA	NA	NA	NA
NC_045512.2	1925	A	G	50911	3429	37	4	0	42	7.85623e-05	50915	0.746113	FALSE	NA	NA	NA	NA	NA	NA
NC_045512.2	1926	C	T	50969	3472	37	2	0	34	3.92372e-05	50972	1	FALSE	NA	NA	NA	NA	NA	NA
NC_045512.2	1926	C	A	50969	3472	37	1	0	34	1.96186e-05	50972	1	FALSE	NA	NA	NA	NA	NA	NA
NC_045512.2	1927	T	G	50917	3473	37	3	0	31	5.89113e-05	50924	1	FALSE	NA	NA	NA	NA	NA	NA
NC_045512.2	1927	T	C	50917	3473	37	4	0	34	7.85484e-05	50924	1	FALSE	NA	NA	NA	NA	NA	NA
NC_045512.2	1927	T	-G	50917	3473	37	1	0	20	1.96371e-05	50924	1	FALSE	NA	NA	NA	NA	NA	NA
NC_045512.2	1928	G	C	51977	3483	37	1	0	34	1.92293e-05	52004	1	FALSE	NA	NA	NA	NA	NA	NA
NC_045512.2	1928	G	A	51977	3483	37	26	0	34	0.000499962	52004	0.998988	FALSE	NA	NA	NA	NA	NA	NA
NC_045512.2	1929	C	T	52197	3760	37	5	0	40	9.57781e-05	52204	0.623041	FALSE	NA	NA	NA	NA	NA	NA
NC_045512.2	1929	C	A	52197	3760	37	2	0	34	3.83112e-05	52204	1	FALSE	NA	NA	NA	NA	NA	NA
NC_045512.2	1930	T	C	52479	3761	37	10	0	40	0.000190509	52491	0.150853	FALSE	NA	NA	NA	NA	NA	NA
NC_045512.2	1930	T	A	52479	3761	37	2	1	47	3.81018e-05	52491	0.937478	FALSE	NA	NA	NA	NA	NA	NA
NC_045512.2	1931	C	T	52597	3765	37	1	0	34	1.90114e-05	52600	1	FALSE	NA	NA	NA	NA	NA	NA
NC_045512.2	1931	C	G	52597	3765	37	1	0	34	1.90114e-05	52600	1	FALSE	NA	NA	NA	NA	NA	NA
NC_045512.2	1931	C	A	52597	3765	37	1	0	34	1.90114e-05	52600	1	FALSE	NA	NA	NA	NA	NA	NA
NC_045512.2	1931	C	-A	52597	3765	37	3	0	20	5.70342e-05	52600	1	FALSE	NA	NA	NA	NA	NA	NA
NC_045512.2	1932	A	G	51732	3765	37	2	0	34	3.86585e-05	51735	1	FALSE	NA	NA	NA	NA	NA	NA
NC_045512.2	1932	A	C	51732	3765	37	1	0	34	1.93293e-05	51735	1	FALSE	NA	NA	NA	NA	NA	NA
NC_045512.2	1933	A	G	52625	4029	37	3	1	45	5.70039e-05	52628	0.855484	FALSE	NA	NA	NA	NA	NA	NA
NC_045512.2	1935	A	T	52849	4039	37	1	0	26	1.89208e-05	52852	1	FALSE	NA	NA	NA	NA	NA	NA
NC_045512.2	1935	A	G	52849	4039	37	2	0	34	3.78415e-05	52852	1	FALSE	NA	NA	NA	NA	NA	NA
NC_045512.2	1936	T	C	52878	4037	37	6	1	39	0.000113456	52884	1	FALSE	NA	NA	NA	NA	NA	NA
NC_045512.2	1937	T	G	52780	4061	37	1	0	26	1.89444e-05	52786	1	FALSE	NA	NA	NA	NA	NA	NA
NC_045512.2	1937	T	C	52780	4061	37	4	2	49	7.57777e-05	52786	0.746094	FALSE	NA	NA	NA	NA	NA	NA
NC_045512.2	1937	T	A	52780	4061	37	1	0	34	1.89444e-05	52786	1	FALSE	NA	NA	NA	NA	NA	NA
NC_045512.2	1938	C	G	52855	4178	38	2	0	30	3.78372e-05	52858	1	FALSE	NA	NA	NA	NA	NA	NA
NC_045512.2	1938	C	A	52855	4178	38	1	0	34	1.89186e-05	52858	1	FALSE	NA	NA	NA	NA	NA	NA
NC_045512.2	1939	T	G	52960	4180	38	3	0	31	5.6639e-05	52967	1	FALSE	NA	NA	NA	NA	NA	NA
NC_045512.2	1939	T	C	52960	4180	38	4	1	30	7.55187e-05	52967	1	FALSE	NA	NA	NA	NA	NA	NA
NC_045512.2	1940	G	T	53195	4185	38	2	0	34	3.75947e-05	53199	1	FALSE	NA	NA	NA	NA	NA	NA
NC_045512.2	1940	G	A	53195	4185	38	2	0	34	3.75947e-05	53199	1	FALSE	NA	NA	NA	NA	NA	NA
NC_045512.2	1941	T	G	53204	4176	38	5	0	29	9.3962e-05	53213	1	FALSE	NA	NA	NA	NA	NA	NA
NC_045512.2	1941	T	C	53204	4176	38	2	0	34	3.75848e-05	53213	1	FALSE	NA	NA	NA	NA	NA	NA
NC_045512.2	1941	T	A	53204	4176	38	2	0	34	3.75848e-05	53213	1	FALSE	NA	NA	NA	NA	NA	NA
NC_045512.2	1942	G	A	53293	4190	38	2	0	34	3.7527e-05	53295	1	FALSE	NA	NA	NA	NA	NA	NA
NC_045512.2	1943	C	T	52771	4205	37	28	3	46	0.000530273	52803	3.29914e-05	TRUE	NA	NA	NA	NA	NA	NA
NC_045512.2	1943	C	G	52771	4205	37	3	0	31	5.6815e-05	52803	1	FALSE	NA	NA	NA	NA	NA	NA
NC_045512.2	1943	C	A	52771	4205	37	1	0	34	1.89383e-05	52803	1	FALSE	NA	NA	NA	NA	NA	NA
NC_045512.2	1943	C	+GTGTTTTACA	52771	4205	37	2	0	20	3.78766e-05	52803	1	FALSE	NA	NA	NA	NA	NA	NA
NC_045512.2	1944	G	T	55154	4243	38	1	0	34	1.81281e-05	55163	1	FALSE	NA	NA	NA	NA	NA	NA
NC_045512.2	1944	G	C	55154	4243	38	1	0	34	1.81281e-05	55163	1	FALSE	NA	NA	NA	NA	NA	NA
NC_045512.2	1944	G	A	55154	4243	38	7	0	34	0.000126897	55163	1	FALSE	NA	NA	NA	NA	NA	NA
NC_045512.2	1945	T	C	55998	4378	38	4	0	32	7.1426e-05	56002	1	FALSE	NA	NA	NA	NA	NA	NA
NC_045512.2	1946	G	T	58048	4383	38	9	0	37	0.000155007	58062	1	FALSE	NA	NA	NA	NA	NA	NA
NC_045512.2	1946	G	A	58048	4383	38	5	0	34	8.61148e-05	58062	1	FALSE	NA	NA	NA	NA	NA	NA
NC_045512.2	1946	G	-T	58048	4383	38	14	0	20	0.000241122	58062	1	FALSE	NA	NA	NA	NA	NA	NA
NC_045512.2	1947	T	G	58099	4430	38	3	0	45	5.16307e-05	58105	0.855387	FALSE	NA	NA	NA	NA	NA	NA
NC_045512.2	1947	T	C	58099	4430	38	3	0	34	5.16307e-05	58105	1	FALSE	NA	NA	NA	NA	NA	NA
NC_045512.2	1948	T	G	58007	4324	37	2	0	26	3.44756e-05	58012	1	FALSE	NA	NA	NA	NA	NA	NA
NC_045512.2	1948	T	C	58007	4324	37	3	0	34	5.17134e-05	58012	1	FALSE	NA	NA	NA	NA	NA	NA
NC_045512.2	1949	T	G	58545	4608	38	1	0	34	1.70794e-05	58550	1	FALSE	NA	NA	NA	NA	NA	NA
NC_045512.2	1949	T	C	58545	4608	38	3	0	34	5.12383e-05	58550	1	FALSE	NA	NA	NA	NA	NA	NA
NC_045512.2	1949	T	A	58545	4608	38	1	1	68	1.70794e-05	58550	0.499987	FALSE	NA	NA	NA	NA	NA	NA
NC_045512.2	1950	T	C	58534	4615	38	6	0	38	0.000102491	58542	1	FALSE	NA	NA	NA	NA	NA	NA
NC_045512.2	1950	T	A	58534	4615	38	2	0	26	3.41635e-05	58542	1	FALSE	NA	NA	NA	NA	NA	NA
NC_045512.2	1951	A	T	58748	4614	38	1	0	26	1.70187e-05	58759	1	FALSE	NA	NA	NA	NA	NA	NA
NC_045512.2	1951	A	G	58748	4614	38	9	0	41	0.000153168	58759	0.211952	FALSE	NA	NA	NA	NA	NA	NA
NC_045512.2	1951	A	C	58748	4614	38	1	0	34	1.70187e-05	58759	1	FALSE	NA	NA	NA	NA	NA	NA
NC_045512.2	1952	C	T	58687	4616	38	6	0	39	0.000102222	58696	1	FALSE	NA	NA	NA	NA	NA	NA
NC_045512.2	1952	C	G	58687	4616	38	3	0	34	5.11108e-05	58696	1	FALSE	NA	NA	NA	NA	NA	NA
NC_045512.2	1953	A	G	58651	4615	38	18	0	39	0.000306806	58669	0.999999	FALSE	NA	NA	NA	NA	NA	NA
NC_045512.2	1954	G	T	58981	4611	38	2	0	34	3.39052e-05	58988	1	FALSE	NA	NA	NA	NA	NA	NA
NC_045512.2	1954	G	C	58981	4611	38	1	0	34	1.69526e-05	58988	1	FALSE	NA	NA	NA	NA	NA	NA
NC_045512.2	1954	G	A	58981	4611	38	4	0	34	6.78104e-05	58988	1	FALSE	NA	NA	NA	NA	NA	NA
NC_045512.2	1954	G	-A	58981	4611	38	1	0	20	1.69526e-05	58988	1	FALSE	NA	NA	NA	NA	NA	NA
NC_045512.2	1955	A	G	58987	5287	38	4	0	32	6.7807e-05	58991	1	FALSE	NA	NA	NA	NA	NA	NA
NC_045512.2	1956	A	T	59043	5300	38	1	0	34	1.69348e-05	59050	1	FALSE	NA	NA	NA	NA	NA	NA
NC_045512.2	1956	A	G	59043	5300	38	6	2	48	0.000101609	59050	0.5	FALSE	NA	NA	NA	NA	NA	NA
NC_045512.2	1957	G	T	59092	5296	38	2	1	51	3.38438e-05	59095	0.249998	FALSE	NA	NA	NA	NA	NA	NA
NC_045512.2	1957	G	A	59092	5296	38	1	0	34	1.69219e-05	59095	1	FALSE	NA	NA	NA	NA	NA	NA
NC_045512.2	1958	G	T	58984	5320	38	4	0	34	6.78047e-05	58993	1	FALSE	NA	NA	NA	NA	NA	NA
NC_045512.2	1958	G	C	58984	5320	38	1	0	34	1.69512e-05	58993	1	FALSE	NA	NA	NA	NA	NA	NA
NC_045512.2	1958	G	A	58984	5320	38	4	0	42	6.78047e-05	58993	0.746069	FALSE	NA	NA	NA	NA	NA	NA
NC_045512.2	1959	C	T	59092	5518	39	21	2	42	0.000355252	59113	0.00124583	TRUE	NA	NA	NA	NA	NA	NA
NC_045512.2	1960	C	T	56201	6058	38	11	0	34	0.000195684	56213	1	FALSE	NA	NA	NA	NA	NA	NA
NC_045512.2	1960	C	A	56201	6058	38	1	0	34	1.77895e-05	56213	1	FALSE	NA	NA	NA	NA	NA	NA
NC_045512.2	1961	G	T	56567	6037	38	2	1	51	3.53388e-05	56595	0.249887	FALSE	NA	NA	NA	NA	NA	NA
NC_045512.2	1961	G	C	56567	6037	38	1	0	34	1.76694e-05	56595	1	FALSE	NA	NA	NA	NA	NA	NA
NC_045512.2	1961	G	A	56567	6037	38	25	3	35	0.000441735	56595	0.999842	FALSE	NA	NA	NA	NA	NA	NA
NC_045512.2	1962	C	A	45097	7809	38	1	0	26	2.21739e-05	45098	1	FALSE	NA	NA	NA	NA	NA	NA
NC_045512.2	1963	T	C	44963	7666	37	1	0	34	2.224e-05	44964	1	FALSE	NA	NA	NA	NA	NA	NA
NC_045512.2	1964	A	T	45103	7800	38	1	1	27	2.2168e-05	45110	1	FALSE	NA	NA	NA	NA	NA	NA
NC_045512.2	1964	A	G	45103	7800	38	5	0	34	0.00011084	45110	1	FALSE	NA	NA	NA	NA	NA	NA
NC_045512.2	1964	A	C	45103	7800	38	1	0	26	2.2168e-05	45110	1	FALSE	NA	NA	NA	NA	NA	NA
NC_045512.2	1965	T	C	45591	7851	38	1	1	38	2.19337e-05	45592	1	FALSE	NA	NA	NA	NA	NA	NA
NC_045512.2	1966	A	T	45244	7860	37	1	0	26	2.20994e-05	45250	1	FALSE	NA	NA	NA	NA	NA	NA
NC_045512.2	1966	A	G	45244	7860	37	3	1	34	6.62983e-05	45250	1	FALSE	NA	NA	NA	NA	NA	NA
NC_045512.2	1966	A	C	45244	7860	37	2	2	26	4.41989e-05	45250	1	FALSE	NA	NA	NA	NA	NA	NA
NC_045512.2	1967	A	G	45779	8654	38	3	1	30	6.55265e-05	45783	1	FALSE	NA	NA	NA	NA	NA	NA
NC_045512.2	1967	A	C	45779	8654	38	1	0	34	2.18422e-05	45783	1	FALSE	NA	NA	NA	NA	NA	NA
NC_045512.2	1968	C	T	45954	8755	38	5	4	34	0.000108788	45961	1	FALSE	NA	NA	NA	NA	NA	NA
NC_045512.2	1968	C	A	45954	8755	38	2	0	34	4.35152e-05	45961	1	FALSE	NA	NA	NA	NA	NA	NA
NC_045512.2	1969	A	T	45791	8623	38	1	0	34	2.18345e-05	45799	1	FALSE	NA	NA	NA	NA	NA	NA
NC_045512.2	1969	A	G	45791	8623	38	7	0	32	0.000152842	45799	1	FALSE	NA	NA	NA	NA	NA	NA
NC_045512.2	1970	A	G	45901	9093	38	2	0	34	4.35701e-05	45903	1	FALSE	NA	NA	NA	NA	NA	NA
NC_045512.2	1971	T	G	45303	8948	38	2	0	30	4.41433e-05	45307	1	FALSE	NA	NA	NA	NA	NA	NA
NC_045512.2	1971	T	C	45303	8948	38	2	0	34	4.41433e-05	45307	1	FALSE	NA	NA	NA	NA	NA	NA
NC_045512.2	1972	A	T	45960	10156	39	1	0	34	2.17543e-05	45968	1	FALSE	NA	NA	NA	NA	NA	NA
NC_045512.2	1972	A	G	45960	10156	39	7	0	32	0.00015228	45968	1	FALSE	NA	NA	NA	NA	NA	NA
NC_045512.2	1974	T	C	44874	11664	39	4	3	51	8.91305e-05	44878	0.0624986	FALSE	NA	NA	NA	NA	NA	NA
NC_045512.2	1975	A	G	45467	11730	39	1	0	34	2.19925e-05	45470	1	FALSE	NA	NA	NA	NA	NA	NA
NC_045512.2	1975	A	C	45467	11730	39	2	0	34	4.3985e-05	45470	1	FALSE	NA	NA	NA	NA	NA	NA
NC_045512.2	1976	G	A	44115	11993	39	1	0	34	2.26675e-05	44116	1	FALSE	NA	NA	NA	NA	NA	NA
NC_045512.2	1977	A	T	43256	12087	39	2	1	34	4.62332e-05	43259	1	FALSE	NA	NA	NA	NA	NA	NA
NC_045512.2	1977	A	G	43256	12087	39	1	0	34	2.31166e-05	43259	1	FALSE	NA	NA	NA	NA	NA	NA
NC_045512.2	1978	T	G	43407	12202	39	1	0	34	2.30319e-05	43418	1	FALSE	NA	NA	NA	NA	NA	NA
NC_045512.2	1978	T	C	43407	12202	39	8	6	33	0.000184255	43418	1	FALSE	NA	NA	NA	NA	NA	NA
NC_045512.2	1978	T	A	43407	12202	39	2	1	68	4.60638e-05	43418	0.249951	FALSE	NA	NA	NA	NA	NA	NA
NC_045512.2	1979	G	A	43132	12000	39	2	0	34	4.63671e-05	43134	1	FALSE	NA	NA	NA	NA	NA	NA
NC_045512.2	1981	A	G	43542	12583	39	5	2	40	0.000114818	43547	0.500014	FALSE	NA	NA	NA	NA	NA	NA
NC_045512.2	1982	A	G	43514	12673	39	3	0	45	6.89386e-05	43517	0.773456	FALSE	NA	NA	NA	NA	NA	NA
NC_045512.2	1983	T	C	39936	13172	38	5	3	39	0.000125182	39942	1	FALSE	NA	NA	NA	NA	NA	NA
NC_045512.2	1983	T	A	39936	13172	38	1	0	26	2.50363e-05	39942	1	FALSE	NA	NA	NA	NA	NA	NA
NC_045512.2	1984	T	G	40160	14025	38	1	1	34	2.48985e-05	40163	1	FALSE	NA	NA	NA	NA	NA	NA
NC_045512.2	1984	T	C	40160	14025	38	2	1	34	4.97971e-05	40163	1	FALSE	NA	NA	NA	NA	NA	NA
NC_045512.2	1985	T	C	40307	14768	38	8	0	42	0.000198437	40315	0.193842	FALSE	NA	NA	NA	NA	NA	NA
NC_045512.2	1986	C	T	40033	15039	38	1	0	34	2.49781e-05	40035	1	FALSE	NA	NA	NA	NA	NA	NA
NC_045512.2	1986	C	G	40033	15039	38	1	0	34	2.49781e-05	40035	1	FALSE	NA	NA	NA	NA	NA	NA
NC_045512.2	1987	A	G	40067	15013	38	60	22	35	0.00149525	40127	0.0283751	FALSE	NA	NA	NA	NA	NA	NA
NC_045512.2	1988	C	T	39935	15111	38	1	1	34	2.50401e-05	39936	1	FALSE	NA	NA	NA	NA	NA	NA
NC_045512.2	1989	A	T	39576	14824	38	2	0	34	5.05267e-05	39583	1	FALSE	NA	NA	NA	NA	NA	NA
NC_045512.2	1989	A	G	39576	14824	38	3	0	34	7.57901e-05	39583	1	FALSE	NA	NA	NA	NA	NA	NA
NC_045512.2	1989	A	C	39576	14824	38	2	1	34	5.05267e-05	39583	1	FALSE	NA	NA	NA	NA	NA	NA
NC_045512.2	1990	G	C	41253	15039	38	1	1	34	2.42389e-05	41256	1	FALSE	NA	NA	NA	NA	NA	NA
NC_045512.2	1990	G	A	41253	15039	38	2	1	51	4.84778e-05	41256	0.249997	FALSE	NA	NA	NA	NA	NA	NA
NC_045512.2	1991	T	G	39458	15899	38	1	0	26	2.53395e-05	39464	1	FALSE	NA	NA	NA	NA	NA	NA
NC_045512.2	1991	T	C	39458	15899	38	5	5	34	0.000126698	39464	1	FALSE	NA	NA	NA	NA	NA	NA
NC_045512.2	1992	A	G	40238	16148	38	3	2	34	7.4549e-05	40242	1	FALSE	NA	NA	NA	NA	NA	NA
NC_045512.2	1992	A	C	40238	16148	38	1	1	26	2.48497e-05	40242	1	FALSE	NA	NA	NA	NA	NA	NA
NC_045512.2	1993	T	C	40141	16161	38	2	1	34	4.98219e-05	40143	1	FALSE	NA	NA	NA	NA	NA	NA
NC_045512.2	1994	T	C	40114	16296	38	5	3	44	0.000124629	40119	0.500015	FALSE	NA	NA	NA	NA	NA	NA
NC_045512.2	1995	C	A	40969	16373	38	1	0	68	2.44081e-05	40970	0.500006	FALSE	NA	NA	NA	NA	NA	NA
NC_045512.2	1996	A	T	40736	16458	38	1	1	34	2.45405e-05	40749	1	FALSE	NA	NA	NA	NA	NA	NA
NC_045512.2	1996	A	G	40736	16458	38	11	0	44	0.000269945	40749	0.0592121	FALSE	NA	NA	NA	NA	NA	NA
NC_045512.2	1996	A	C	40736	16458	38	1	1	34	2.45405e-05	40749	1	FALSE	NA	NA	NA	NA	NA	NA
NC_045512.2	1997	C	T	40997	16533	38	1	0	34	2.43914e-05	40998	1	FALSE	NA	NA	NA	NA	NA	NA
NC_045512.2	1998	T	G	41062	16679	38	2	0	34	4.86985e-05	41069	1	FALSE	NA	NA	NA	NA	NA	NA
NC_045512.2	1998	T	C	41062	16679	38	5	4	34	0.000121746	41069	1	FALSE	NA	NA	NA	NA	NA	NA
NC_045512.2	2000	A	T	40399	16000	38	1	0	34	2.47506e-05	40403	1	FALSE	NA	NA	NA	NA	NA	NA
NC_045512.2	2000	A	G	40399	16000	38	2	1	51	4.95013e-05	40403	0.249991	FALSE	NA	NA	NA	NA	NA	NA
NC_045512.2	2000	A	C	40399	16000	38	1	1	26	2.47506e-05	40403	1	FALSE	NA	NA	NA	NA	NA	NA
NC_045512.2	2001	G	T	40585	15870	38	1	0	34	2.46366e-05	40590	1	FALSE	NA	NA	NA	NA	NA	NA
NC_045512.2	2001	G	C	40585	15870	38	1	0	34	2.46366e-05	40590	1	FALSE	NA	NA	NA	NA	NA	NA
NC_045512.2	2001	G	A	40585	15870	38	3	3	34	7.39098e-05	40590	1	FALSE	NA	NA	NA	NA	NA	NA
NC_045512.2	2002	A	T	39802	15898	37	2	1	29	5.02399e-05	39809	1	FALSE	NA	NA	NA	NA	NA	NA
NC_045512.2	2002	A	G	39802	15898	37	4	1	42	0.00010048	39809	0.499973	FALSE	NA	NA	NA	NA	NA	NA
NC_045512.2	2002	A	C	39802	15898	37	1	1	26	2.51199e-05	39809	1	FALSE	NA	NA	NA	NA	NA	NA
NC_045512.2	2003	C	A	39277	16187	37	1	0	68	2.54595e-05	39278	0.500006	FALSE	NA	NA	NA	NA	NA	NA
NC_045512.2	2004	T	G	39041	15652	38	5	3	30	0.000128038	39051	1	FALSE	NA	NA	NA	NA	NA	NA
NC_045512.2	2004	T	C	39041	15652	38	4	1	31	0.00010243	39051	1	FALSE	NA	NA	NA	NA	NA	NA
NC_045512.2	2004	T	A	39041	15652	38	1	1	34	2.56075e-05	39051	1	FALSE	NA	NA	NA	NA	NA	NA
NC_045512.2	2005	C	T	39963	15616	38	2	1	34	5.00438e-05	39965	1	FALSE	NA	NA	NA	NA	NA	NA
NC_045512.2	2006	A	G	39735	15795	37	4	2	34	0.000100657	39739	1	FALSE	NA	NA	NA	NA	NA	NA
NC_045512.2	2007	T	G	39219	14890	37	2	1	26	5.09879e-05	39225	1	FALSE	NA	NA	NA	NA	NA	NA
NC_045512.2	2007	T	C	39219	14890	37	3	1	45	7.64818e-05	39225	0.656232	FALSE	NA	NA	NA	NA	NA	NA
NC_045512.2	2007	T	A	39219	14890	37	1	0	34	2.54939e-05	39225	1	FALSE	NA	NA	NA	NA	NA	NA
NC_045512.2	2008	T	G	40743	16667	38	2	1	68	4.90761e-05	40753	0.249954	FALSE	NA	NA	NA	NA	NA	NA
NC_045512.2	2008	T	C	40743	16667	38	5	4	32	0.00012269	40753	1	FALSE	NA	NA	NA	NA	NA	NA
NC_045512.2	2008	T	A	40743	16667	38	3	0	45	7.36142e-05	40753	0.773387	FALSE	NA	NA	NA	NA	NA	NA
NC_045512.2	2009	G	T	40853	16694	38	3	2	34	7.34232e-05	40859	1	FALSE	NA	NA	NA	NA	NA	NA
NC_045512.2	2009	G	C	40853	16694	38	1	0	34	2.44744e-05	40859	1	FALSE	NA	NA	NA	NA	NA	NA
NC_045512.2	2009	G	A	40853	16694	38	2	2	34	4.89488e-05	40859	1	FALSE	NA	NA	NA	NA	NA	NA
NC_045512.2	2010	A	T	41331	16617	38	1	1	26	2.41908e-05	41338	1	FALSE	NA	NA	NA	NA	NA	NA
NC_045512.2	2010	A	G	41331	16617	38	4	2	51	9.67633e-05	41338	0.0624894	FALSE	NA	NA	NA	NA	NA	NA
NC_045512.2	2010	A	C	41331	16617	38	2	1	34	4.83816e-05	41338	1	FALSE	NA	NA	NA	NA	NA	NA
NC_045512.2	2011	T	C	41400	16632	38	3	1	31	7.24533e-05	41406	1	FALSE	NA	NA	NA	NA	NA	NA
NC_045512.2	2011	T	A	41400	16632	38	3	0	31	7.24533e-05	41406	1	FALSE	NA	NA	NA	NA	NA	NA
NC_045512.2	2012	G	A	41579	16527	38	7	5	32	0.000168326	41586	1	FALSE	NA	NA	NA	NA	NA	NA
NC_045512.2	2013	C	T	41944	17273	38	1	0	34	2.38396e-05	41947	1	FALSE	NA	NA	NA	NA	NA	NA
NC_045512.2	2013	C	G	41944	17273	38	1	1	34	2.38396e-05	41947	1	FALSE	NA	NA	NA	NA	NA	NA
NC_045512.2	2013	C	A	41944	17273	38	1	0	34	2.38396e-05	41947	1	FALSE	NA	NA	NA	NA	NA	NA
NC_045512.2	2014	T	G	41742	16949	38	2	2	34	4.79042e-05	41750	1	FALSE	NA	NA	NA	NA	NA	NA
NC_045512.2	2014	T	C	41742	16949	38	6	1	34	0.000143713	41750	1	FALSE	NA	NA	NA	NA	NA	NA
NC_045512.2	2015	A	G	42457	17016	38	4	0	42	9.42041e-05	42461	0.636738	FALSE	NA	NA	NA	NA	NA	NA
NC_045512.2	2016	T	C	42373	16994	38	4	2	35	9.43908e-05	42377	1	FALSE	NA	NA	NA	NA	NA	NA
NC_045512.2	2017	G	T	42542	17058	38	1	1	34	2.35034e-05	42547	1	FALSE	NA	NA	NA	NA	NA	NA
NC_045512.2	2017	G	C	42542	17058	38	1	1	27	2.35034e-05	42547	1	FALSE	NA	NA	NA	NA	NA	NA
NC_045512.2	2017	G	A	42542	17058	38	3	1	45	7.05103e-05	42547	0.773438	FALSE	NA	NA	NA	NA	NA	NA
NC_045512.2	2018	A	T	38352	17923	37	3	2	28	7.82146e-05	38356	1	FALSE	NA	NA	NA	NA	NA	NA
NC_045512.2	2018	A	G	38352	17923	37	1	0	34	2.60715e-05	38356	1	FALSE	NA	NA	NA	NA	NA	NA
NC_045512.2	2019	T	C	37968	17410	37	2	2	47	5.26732e-05	37970	0.812516	FALSE	NA	NA	NA	NA	NA	NA
NC_045512.2	2020	G	T	37683	17595	37	1	1	34	2.65336e-05	37688	1	FALSE	NA	NA	NA	NA	NA	NA
NC_045512.2	2020	G	A	37683	17595	37	4	4	34	0.000106135	37688	1	FALSE	NA	NA	NA	NA	NA	NA
NC_045512.2	2021	T	G	37866	17951	37	1	1	34	2.64047e-05	37872	1	FALSE	NA	NA	NA	NA	NA	NA
NC_045512.2	2021	T	C	37866	17951	37	5	2	34	0.000132024	37872	1	FALSE	NA	NA	NA	NA	NA	NA
NC_045512.2	2022	T	C	38454	18630	37	12	7	31	0.000311956	38467	0.999955	FALSE	NA	NA	NA	NA	NA	NA
NC_045512.2	2022	T	A	38454	18630	37	1	0	34	2.59963e-05	38467	1	FALSE	NA	NA	NA	NA	NA	NA
NC_045512.2	2023	C	G	38494	18739	37	2	1	30	5.19534e-05	38496	1	FALSE	NA	NA	NA	NA	NA	NA
NC_045512.2	2024	A	T	38137	18417	37	1	1	34	2.62185e-05	38141	1	FALSE	NA	NA	NA	NA	NA	NA
NC_045512.2	2024	A	G	38137	18417	37	2	1	34	5.2437e-05	38141	1	FALSE	NA	NA	NA	NA	NA	NA
NC_045512.2	2024	A	C	38137	18417	37	1	1	26	2.62185e-05	38141	1	FALSE	NA	NA	NA	NA	NA	NA
NC_045512.2	2025	C	T	38711	18439	37	3	1	45	7.74853e-05	38717	0.656232	FALSE	NA	NA	NA	NA	NA	NA
NC_045512.2	2025	C	G	38711	18439	37	1	0	34	2.58284e-05	38717	1	FALSE	NA	NA	NA	NA	NA	NA
NC_045512.2	2025	C	A	38711	18439	37	2	2	34	5.16569e-05	38717	1	FALSE	NA	NA	NA	NA	NA	NA
NC_045512.2	2026	A	T	38636	18380	37	1	1	68	2.58813e-05	38638	0.5	FALSE	NA	NA	NA	NA	NA	NA
NC_045512.2	2026	A	G	38636	18380	37	1	0	34	2.58813e-05	38638	1	FALSE	NA	NA	NA	NA	NA	NA
NC_045512.2	2027	T	C	38474	18278	37	1	0	34	2.59902e-05	38476	1	FALSE	NA	NA	NA	NA	NA	NA
NC_045512.2	2027	T	A	38474	18278	37	1	0	68	2.59902e-05	38476	0.5	FALSE	NA	NA	NA	NA	NA	NA
NC_045512.2	2028	C	T	37528	18537	37	1	1	34	2.66454e-05	37530	1	FALSE	NA	NA	NA	NA	NA	NA
NC_045512.2	2028	C	G	37528	18537	37	1	1	68	2.66454e-05	37530	0.5	FALSE	NA	NA	NA	NA	NA	NA
NC_045512.2	2029	T	G	37151	18159	37	1	1	34	2.69143e-05	37155	1	FALSE	NA	NA	NA	NA	NA	NA
NC_045512.2	2029	T	C	37151	18159	37	3	1	34	8.07428e-05	37155	1	FALSE	NA	NA	NA	NA	NA	NA
NC_045512.2	2030	G	T	37319	18107	37	2	1	34	5.35848e-05	37324	1	FALSE	NA	NA	NA	NA	NA	NA
NC_045512.2	2030	G	A	37319	18107	37	3	3	34	8.03772e-05	37324	1	FALSE	NA	NA	NA	NA	NA	NA
NC_045512.2	2031	A	T	38931	19986	37	1	1	34	2.56825e-05	38937	1	FALSE	NA	NA	NA	NA	NA	NA
NC_045512.2	2031	A	G	38931	19986	37	3	1	34	7.70475e-05	38937	1	FALSE	NA	NA	NA	NA	NA	NA
NC_045512.2	2031	A	C	38931	19986	37	2	2	34	5.1365e-05	38937	1	FALSE	NA	NA	NA	NA	NA	NA
NC_045512.2	2031	A	+T	38931	19986	37	1	0	20	2.56825e-05	38937	1	FALSE	NA	NA	NA	NA	NA	NA
NC_045512.2	2032	T	G	39100	20305	37	1	0	34	2.55728e-05	39104	1	FALSE	NA	NA	NA	NA	NA	NA
NC_045512.2	2032	T	C	39100	20305	37	3	3	43	7.67185e-05	39104	0.656256	FALSE	NA	NA	NA	NA	NA	NA
NC_045512.2	2033	T	C	38871	20100	37	3	1	31	7.71724e-05	38874	1	FALSE	NA	NA	NA	NA	NA	NA
NC_045512.2	2034	T	C	38474	19838	37	12	7	34	0.000311802	38486	0.999955	FALSE	NA	NA	NA	NA	NA	NA
NC_045512.2	2035	G	C	38632	19791	37	1	1	34	2.58839e-05	38634	1	FALSE	NA	NA	NA	NA	NA	NA
NC_045512.2	2035	G	A	38632	19791	37	1	1	34	2.58839e-05	38634	1	FALSE	NA	NA	NA	NA	NA	NA
NC_045512.2	2036	G	A	38760	19959	37	2	0	34	5.15969e-05	38762	1	FALSE	NA	NA	NA	NA	NA	NA
NC_045512.2	2037	C	T	38753	20079	37	9	5	49	0.00023218	38763	0.0729825	FALSE	NA	NA	NA	NA	NA	NA
NC_045512.2	2037	C	G	38753	20079	37	1	1	34	2.57978e-05	38763	1	FALSE	NA	NA	NA	NA	NA	NA
NC_045512.2	2037	C	-T	38753	20079	37	1	0	20	2.57978e-05	38763	1	FALSE	NA	NA	NA	NA	NA	NA
NC_045512.2	2038	T	G	38792	20048	38	2	0	34	5.1549e-05	38798	1	FALSE	NA	NA	NA	NA	NA	NA
NC_045512.2	2038	T	C	38792	20048	38	3	2	34	7.73236e-05	38798	1	FALSE	NA	NA	NA	NA	NA	NA
NC_045512.2	2038	T	A	38792	20048	38	1	1	34	2.57745e-05	38798	1	FALSE	NA	NA	NA	NA	NA	NA
NC_045512.2	2039	A	G	38607	19765	38	2	1	51	5.18014e-05	38609	0.250003	FALSE	NA	NA	NA	NA	NA	NA
NC_045512.2	2040	C	T	38629	19866	37	2	2	34	5.17706e-05	38632	1	FALSE	NA	NA	NA	NA	NA	NA
NC_045512.2	2040	C	A	38629	19866	37	1	1	34	2.58853e-05	38632	1	FALSE	NA	NA	NA	NA	NA	NA
NC_045512.2	2041	T	G	38610	19790	37	1	0	34	2.58973e-05	38614	1	FALSE	NA	NA	NA	NA	NA	NA
NC_045512.2	2041	T	C	38610	19790	37	3	2	34	7.7692e-05	38614	1	FALSE	NA	NA	NA	NA	NA	NA
NC_045512.2	2042	A	G	39835	21258	38	2	2	34	5.02033e-05	39838	1	FALSE	NA	NA	NA	NA	NA	NA
NC_045512.2	2042	A	C	39835	21258	38	1	1	34	2.51017e-05	39838	1	FALSE	NA	NA	NA	NA	NA	NA
NC_045512.2	2043	A	G	40577	22553	38	1	1	34	2.46439e-05	40578	1	FALSE	NA	NA	NA	NA	NA	NA
NC_045512.2	2044	C	G	39743	22791	38	3	0	34	7.54793e-05	39746	1	FALSE	NA	NA	NA	NA	NA	NA
NC_045512.2	2045	A	G	39348	22514	38	2	0	47	5.08259e-05	39350	0.812516	FALSE	NA	NA	NA	NA	NA	NA
NC_045512.2	2046	A	T	38995	22591	37	1	1	34	2.56417e-05	38999	1	FALSE	NA	NA	NA	NA	NA	NA
NC_045512.2	2046	A	G	38995	22591	37	3	0	30	7.6925e-05	38999	1	FALSE	NA	NA	NA	NA	NA	NA
NC_045512.2	2047	T	C	36801	21905	36	2	2	47	5.43419e-05	36804	0.812508	FALSE	NA	NA	NA	NA	NA	NA
NC_045512.2	2047	T	A	36801	21905	36	1	0	26	2.7171e-05	36804	1	FALSE	NA	NA	NA	NA	NA	NA
NC_045512.2	2048	C	T	37676	23166	37	2	0	34	5.30786e-05	37680	1	FALSE	NA	NA	NA	NA	NA	NA
NC_045512.2	2048	C	A	37676	23166	37	2	2	34	5.30786e-05	37680	1	FALSE	NA	NA	NA	NA	NA	NA
NC_045512.2	2049	T	C	37281	22751	37	1	1	24	2.68219e-05	37283	1	FALSE	NA	NA	NA	NA	NA	NA
NC_045512.2	2049	T	A	37281	22751	37	1	0	34	2.68219e-05	37283	1	FALSE	NA	NA	NA	NA	NA	NA
NC_045512.2	2051	G	A	37730	22892	37	1	0	34	2.65034e-05	37731	1	FALSE	NA	NA	NA	NA	NA	NA
NC_045512.2	2052	T	C	37537	23022	37	8	6	30	0.000213078	37545	0.999998	FALSE	NA	NA	NA	NA	NA	NA
NC_045512.2	2053	T	C	38381	24069	37	2	2	30	5.21064e-05	38383	1	FALSE	NA	NA	NA	NA	NA	NA
NC_045512.2	2053	T	-G	38381	24069	37	1	0	20	2.60532e-05	38383	1	FALSE	NA	NA	NA	NA	NA	NA
NC_045512.2	2054	G	A	38824	24076	37	1	1	34	2.57566e-05	38825	1	FALSE	NA	NA	NA	NA	NA	NA
NC_045512.2	2055	T	C	37843	23346	37	4	2	42	0.000105686	37848	0.5	FALSE	NA	NA	NA	NA	NA	NA
NC_045512.2	2055	T	A	37843	23346	37	1	1	26	2.64215e-05	37848	1	FALSE	NA	NA	NA	NA	NA	NA
NC_045512.2	2056	A	G	38509	24126	37	5	2	34	0.000129823	38514	1	FALSE	NA	NA	NA	NA	NA	NA
NC_045512.2	2057	A	T	39924	25936	38	1	1	68	2.50463e-05	39926	0.5	FALSE	NA	NA	NA	NA	NA	NA
NC_045512.2	2057	A	C	39924	25936	38	1	1	34	2.50463e-05	39926	1	FALSE	NA	NA	NA	NA	NA	NA
NC_045512.2	2058	T	G	40185	26190	38	2	0	34	4.97624e-05	40191	1	FALSE	NA	NA	NA	NA	NA	NA
NC_045512.2	2058	T	C	40185	26190	38	4	2	34	9.95248e-05	40191	1	FALSE	NA	NA	NA	NA	NA	NA
NC_045512.2	2060	G	T	40442	25930	38	1	1	34	2.47158e-05	40460	1	FALSE	NA	NA	NA	NA	NA	NA
NC_045512.2	2060	G	C	40442	25930	38	2	0	34	4.94315e-05	40460	1	FALSE	NA	NA	NA	NA	NA	NA
NC_045512.2	2060	G	A	40442	25930	38	15	13	34	0.000370737	40460	0.999823	FALSE	NA	NA	NA	NA	NA	NA
NC_045512.2	2061	C	T	40018	25946	38	4	4	30	9.9945e-05	40022	1	FALSE	NA	NA	NA	NA	NA	NA
NC_045512.2	2062	C	T	41086	27281	38	1	0	34	2.4338e-05	41088	1	FALSE	NA	NA	NA	NA	NA	NA
NC_045512.2	2062	C	A	41086	27281	38	1	0	26	2.4338e-05	41088	1	FALSE	NA	NA	NA	NA	NA	NA
NC_045512.2	2063	T	C	40747	26915	38	15	8	35	0.000367981	40763	0.999823	FALSE	NA	NA	NA	NA	NA	NA
NC_045512.2	2063	T	A	40747	26915	38	1	1	68	2.45321e-05	40763	0.499914	FALSE	NA	NA	NA	NA	NA	NA
NC_045512.2	2064	A	G	41954	26968	38	3	1	28	7.15001e-05	41958	1	FALSE	NA	NA	NA	NA	NA	NA
NC_045512.2	2064	A	C	41954	26968	38	1	1	34	2.38334e-05	41958	1	FALSE	NA	NA	NA	NA	NA	NA
NC_045512.2	2065	C	A	42272	27228	37	3	3	34	7.09639e-05	42275	1	FALSE	NA	NA	NA	NA	NA	NA
NC_045512.2	2066	A	G	42262	27229	37	2	2	34	4.73216e-05	42264	1	FALSE	NA	NA	NA	NA	NA	NA
NC_045512.2	2067	T	C	42730	27859	37	1	1	34	2.34017e-05	42732	1	FALSE	NA	NA	NA	NA	NA	NA
NC_045512.2	2067	T	A	42730	27859	37	1	1	34	2.34017e-05	42732	1	FALSE	NA	NA	NA	NA	NA	NA
NC_045512.2	2068	T	C	41629	26887	38	1	0	34	2.40211e-05	41630	1	FALSE	NA	NA	NA	NA	NA	NA
NC_045512.2	2069	A	G	41392	26842	37	20	12	32	0.000482952	41412	0.997786	FALSE	NA	NA	NA	NA	NA	NA
NC_045512.2	2070	C	T	41085	27009	37	2	2	30	4.8676e-05	41088	1	FALSE	NA	NA	NA	NA	NA	NA
NC_045512.2	2070	C	A	41085	27009	37	1	1	34	2.4338e-05	41088	1	FALSE	NA	NA	NA	NA	NA	NA
NC_045512.2	2071	A	G	40697	26485	37	2	2	34	4.91413e-05	40699	1	FALSE	NA	NA	NA	NA	NA	NA
NC_045512.2	2072	G	T	40840	26512	37	1	1	26	2.44804e-05	40849	1	FALSE	NA	NA	NA	NA	NA	NA
NC_045512.2	2072	G	C	40840	26512	37	2	2	30	4.89608e-05	40849	1	FALSE	NA	NA	NA	NA	NA	NA
NC_045512.2	2072	G	A	40840	26512	37	6	4	51	0.000146882	40849	0.0156198	FALSE	NA	NA	NA	NA	NA	NA
NC_045512.2	2073	G	C	39289	25056	37	4	4	34	0.000101797	39294	1	FALSE	NA	NA	NA	NA	NA	NA
NC_045512.2	2073	G	A	39289	25056	37	1	0	68	2.54492e-05	39294	0.499981	FALSE	NA	NA	NA	NA	NA	NA
NC_045512.2	2074	T	C	38068	24076	38	5	2	34	0.000131323	38074	1	FALSE	NA	NA	NA	NA	NA	NA
NC_045512.2	2074	T	A	38068	24076	38	1	1	34	2.62646e-05	38074	1	FALSE	NA	NA	NA	NA	NA	NA
NC_045512.2	2075	G	T	38031	23978	38	7	0	34	0.000184002	38043	1	FALSE	NA	NA	NA	NA	NA	NA
NC_045512.2	2075	G	A	38031	23978	38	5	3	34	0.00013143	38043	1	FALSE	NA	NA	NA	NA	NA	NA
NC_045512.2	2076	G	C	40995	27079	38	4	4	32	9.75634e-05	40999	1	FALSE	NA	NA	NA	NA	NA	NA
NC_045512.2	2077	T	C	40837	26936	38	11	7	34	0.000269278	40850	0.999993	FALSE	NA	NA	NA	NA	NA	NA
NC_045512.2	2077	T	A	40837	26936	38	2	2	26	4.89596e-05	40850	1	FALSE	NA	NA	NA	NA	NA	NA
NC_045512.2	2078	G	C	40961	26997	38	5	5	29	0.000122052	40966	1	FALSE	NA	NA	NA	NA	NA	NA
NC_045512.2	2079	T	G	40919	26992	38	1	1	26	2.44373e-05	40921	1	FALSE	NA	NA	NA	NA	NA	NA
NC_045512.2	2079	T	C	40919	26992	38	1	1	34	2.44373e-05	40921	1	FALSE	NA	NA	NA	NA	NA	NA
NC_045512.2	2080	T	G	40508	26583	38	1	1	34	2.46828e-05	40514	1	FALSE	NA	NA	NA	NA	NA	NA
NC_045512.2	2080	T	C	40508	26583	38	5	3	34	0.000123414	40514	1	FALSE	NA	NA	NA	NA	NA	NA
NC_045512.2	2081	G	A	40674	26760	38	7	7	34	0.00017207	40681	1	FALSE	NA	NA	NA	NA	NA	NA
NC_045512.2	2082	T	C	40523	26658	38	4	3	34	9.86996e-05	40527	1	FALSE	NA	NA	NA	NA	NA	NA
NC_045512.2	2083	T	C	40600	26946	38	8	6	33	0.000196996	40610	1	FALSE	NA	NA	NA	NA	NA	NA
NC_045512.2	2083	T	A	40600	26946	38	2	0	51	4.9249e-05	40610	0.249954	FALSE	NA	NA	NA	NA	NA	NA
NC_045512.2	2084	C	T	40532	26884	38	5	5	34	0.000123344	40537	1	FALSE	NA	NA	NA	NA	NA	NA
NC_045512.2	2085	A	T	38593	25045	38	1	1	26	2.58833e-05	38635	1	FALSE	NA	NA	NA	NA	NA	NA
NC_045512.2	2085	A	G	38593	25045	38	9	7	36	0.000232949	38635	0.999997	FALSE	NA	NA	NA	NA	NA	NA
NC_045512.2	2085	A	C	38593	25045	38	32	18	39	0.000828265	38635	0.79835	FALSE	NA	NA	NA	NA	NA	NA
NC_045512.2	2087	T	C	43156	30645	38	3	3	45	6.95104e-05	43159	0.773457	FALSE	NA	NA	NA	NA	NA	NA
NC_045512.2	2088	T	G	44693	32338	39	1	1	34	2.23729e-05	44697	1	FALSE	NA	NA	NA	NA	NA	NA
NC_045512.2	2088	T	C	44693	32338	39	3	3	34	6.71186e-05	44697	1	FALSE	NA	NA	NA	NA	NA	NA
NC_045512.2	2088	T	-G	44693	32338	39	1	0	20	2.23729e-05	44697	1	FALSE	NA	NA	NA	NA	NA	NA
NC_045512.2	2089	G	C	44799	32537	39	1	0	34	2.23214e-05	44800	1	FALSE	NA	NA	NA	NA	NA	NA
NC_045512.2	2090	A	G	44155	31835	39	3	2	45	6.79379e-05	44158	0.773456	FALSE	NA	NA	NA	NA	NA	NA
NC_045512.2	2091	C	T	43488	32942	38	1	1	34	2.29943e-05	43489	1	FALSE	NA	NA	NA	NA	NA	NA
NC_045512.2	2092	T	C	39821	29248	36	4	3	34	0.000100439	39825	1	FALSE	NA	NA	NA	NA	NA	NA
NC_045512.2	2093	T	C	44214	33800	38	5	4	47	0.000113074	44219	0.500014	FALSE	NA	NA	NA	NA	NA	NA
NC_045512.2	2094	C	T	44169	33746	38	1	1	34	2.26398e-05	44170	1	FALSE	NA	NA	NA	NA	NA	NA
NC_045512.2	2095	G	C	43818	33393	38	3	3	31	6.84307e-05	43840	1	FALSE	NA	NA	NA	NA	NA	NA
NC_045512.2	2095	G	A	43818	33393	38	19	18	46	0.000433394	43840	0.00129768	TRUE	NA	NA	NA	NA	NA	NA
NC_045512.2	2096	C	T	43757	33972	38	6	3	34	0.000137102	43763	1	FALSE	NA	NA	NA	NA	NA	NA
NC_045512.2	2097	A	T	43543	33806	38	1	1	27	2.29632e-05	43548	1	FALSE	NA	NA	NA	NA	NA	NA
NC_045512.2	2097	A	G	43543	33806	38	4	1	51	9.18527e-05	43548	0.0624957	FALSE	NA	NA	NA	NA	NA	NA
NC_045512.2	2098	G	A	43675	33879	38	1	0	34	2.28959e-05	43676	1	FALSE	NA	NA	NA	NA	NA	NA
NC_045512.2	2099	T	C	44698	35222	38	1	0	68	2.23714e-05	44700	0.5	FALSE	NA	NA	NA	NA	NA	NA
NC_045512.2	2099	T	A	44698	35222	38	1	1	68	2.23714e-05	44700	0.5	FALSE	NA	NA	NA	NA	NA	NA
NC_045512.2	2100	G	C	44919	35144	38	1	1	34	2.22613e-05	44921	1	FALSE	NA	NA	NA	NA	NA	NA
NC_045512.2	2100	G	A	44919	35144	38	1	1	34	2.22613e-05	44921	1	FALSE	NA	NA	NA	NA	NA	NA
NC_045512.2	2101	G	A	45004	35272	38	12	10	34	0.000266572	45016	0.999998	FALSE	NA	NA	NA	NA	NA	NA
NC_045512.2	2102	C	T	44812	35561	38	2	0	51	4.46249e-05	44818	0.24998	FALSE	NA	NA	NA	NA	NA	NA
NC_045512.2	2102	C	G	44812	35561	38	1	0	34	2.23125e-05	44818	1	FALSE	NA	NA	NA	NA	NA	NA
NC_045512.2	2102	C	A	44812	35561	38	3	3	34	6.69374e-05	44818	1	FALSE	NA	NA	NA	NA	NA	NA
NC_045512.2	2103	T	G	44656	35389	38	1	1	26	2.23879e-05	44667	1	FALSE	NA	NA	NA	NA	NA	NA
NC_045512.2	2103	T	C	44656	35389	38	9	6	34	0.000201491	44667	1	FALSE	NA	NA	NA	NA	NA	NA
NC_045512.2	2103	T	A	44656	35389	38	1	1	26	2.23879e-05	44667	1	FALSE	NA	NA	NA	NA	NA	NA
NC_045512.2	2103	T	-A	44656	35389	38	1	0	20	2.23879e-05	44667	1	FALSE	NA	NA	NA	NA	NA	NA
NC_045512.2	2104	A	G	44663	35352	38	6	4	37	0.000134321	44669	1	FALSE	NA	NA	NA	NA	NA	NA
NC_045512.2	2105	A	G	45148	36046	38	4	4	34	8.85897e-05	45152	1	FALSE	NA	NA	NA	NA	NA	NA
NC_045512.2	2106	C	T	45175	36454	38	3	3	45	6.64011e-05	45180	0.773438	FALSE	NA	NA	NA	NA	NA	NA
NC_045512.2	2106	C	A	45175	36454	38	2	1	51	4.42674e-05	45180	0.249986	FALSE	NA	NA	NA	NA	NA	NA
NC_045512.2	2107	T	C	45685	37090	38	10	10	33	0.000218842	45695	1	FALSE	NA	NA	NA	NA	NA	NA
NC_045512.2	2108	A	T	45746	37178	38	1	1	34	2.18541e-05	45758	1	FALSE	NA	NA	NA	NA	NA	NA
NC_045512.2	2108	A	G	45746	37178	38	11	8	41	0.000240395	45758	0.0592196	FALSE	NA	NA	NA	NA	NA	NA
NC_045512.2	2109	A	G	44557	36174	38	6	1	38	0.000134641	44563	1	FALSE	NA	NA	NA	NA	NA	NA
NC_045512.2	2110	C	A	44393	36528	38	4	4	34	9.00962e-05	44397	1	FALSE	NA	NA	NA	NA	NA	NA
NC_045512.2	2111	A	G	44407	36588	37	1	0	34	2.2518e-05	44409	1	FALSE	NA	NA	NA	NA	NA	NA
NC_045512.2	2111	A	C	44407	36588	37	1	1	34	2.2518e-05	44409	1	FALSE	NA	NA	NA	NA	NA	NA
NC_045512.2	2112	T	C	43016	35136	37	5	4	39	0.000116222	43021	1	FALSE	NA	NA	NA	NA	NA	NA
NC_045512.2	2114	T	G	43701	35936	37	1	1	34	2.28796e-05	43707	1	FALSE	NA	NA	NA	NA	NA	NA
NC_045512.2	2114	T	C	43701	35936	37	5	5	39	0.000114398	43707	1	FALSE	NA	NA	NA	NA	NA	NA
NC_045512.2	2115	T	C	42724	34976	37	5	4	34	0.000117017	42729	1	FALSE	NA	NA	NA	NA	NA	NA
NC_045512.2	2116	T	C	43505	36328	37	11	4	34	0.000252775	43517	0.999998	FALSE	NA	NA	NA	NA	NA	NA
NC_045512.2	2116	T	A	43505	36328	37	1	1	34	2.29795e-05	43517	1	FALSE	NA	NA	NA	NA	NA	NA
NC_045512.2	2116	T	-G	43505	36328	37	1	0	20	2.29795e-05	43517	1	FALSE	NA	NA	NA	NA	NA	NA
NC_045512.2	2117	G	A	43413	36211	37	4	1	42	9.21298e-05	43417	0.636725	FALSE	NA	NA	NA	NA	NA	NA
NC_045512.2	2118	G	T	43247	36167	37	1	1	34	2.31198e-05	43253	1	FALSE	NA	NA	NA	NA	NA	NA
NC_045512.2	2118	G	A	43247	36167	37	5	2	40	0.000115599	43253	0.5	FALSE	NA	NA	NA	NA	NA	NA
NC_045512.2	2119	C	T	43691	36698	37	28	24	34	0.000640439	43720	0.971643	FALSE	NA	NA	NA	NA	NA	NA
NC_045512.2	2119	C	G	43691	36698	37	1	1	34	2.28728e-05	43720	1	FALSE	NA	NA	NA	NA	NA	NA
NC_045512.2	2120	A	G	43474	36471	37	6	6	39	0.000137991	43481	1	FALSE	NA	NA	NA	NA	NA	NA
NC_045512.2	2120	A	C	43474	36471	37	1	0	34	2.29986e-05	43481	1	FALSE	NA	NA	NA	NA	NA	NA
NC_045512.2	2121	C	G	43614	36820	37	1	1	34	2.29279e-05	43615	1	FALSE	NA	NA	NA	NA	NA	NA
NC_045512.2	2122	T	C	42315	35545	37	4	3	42	9.45202e-05	42319	0.636738	FALSE	NA	NA	NA	NA	NA	NA
NC_045512.2	2123	G	T	42332	35245	37	1	0	24	2.36217e-05	42334	1	FALSE	NA	NA	NA	NA	NA	NA
NC_045512.2	2123	G	A	42332	35245	37	1	0	68	2.36217e-05	42334	0.5	FALSE	NA	NA	NA	NA	NA	NA
NC_045512.2	2123	G	-T	42332	35245	37	1	0	20	2.36217e-05	42334	1	FALSE	NA	NA	NA	NA	NA	NA
NC_045512.2	2124	T	G	39681	32666	35	1	1	34	2.51984e-05	39685	1	FALSE	NA	NA	NA	NA	NA	NA
NC_045512.2	2124	T	C	39681	32666	35	3	2	34	7.55953e-05	39685	1	FALSE	NA	NA	NA	NA	NA	NA
NC_045512.2	2125	T	A	43145	36146	37	2	2	34	4.63532e-05	43147	1	FALSE	NA	NA	NA	NA	NA	NA
NC_045512.2	2126	T	C	42987	36316	37	1	1	26	2.32618e-05	42989	1	FALSE	NA	NA	NA	NA	NA	NA
NC_045512.2	2126	T	A	42987	36316	37	1	1	34	2.32618e-05	42989	1	FALSE	NA	NA	NA	NA	NA	NA
NC_045512.2	2127	A	T	46232	39992	37	1	1	34	2.16277e-05	46237	1	FALSE	NA	NA	NA	NA	NA	NA
NC_045512.2	2127	A	G	46232	39992	37	3	3	34	6.48831e-05	46237	1	FALSE	NA	NA	NA	NA	NA	NA
NC_045512.2	2127	A	C	46232	39992	37	1	1	34	2.16277e-05	46237	1	FALSE	NA	NA	NA	NA	NA	NA
NC_045512.2	2128	T	G	46160	39930	37	1	0	27	2.16624e-05	46163	1	FALSE	NA	NA	NA	NA	NA	NA
NC_045512.2	2128	T	C	46160	39930	37	2	2	51	4.33247e-05	46163	0.249997	FALSE	NA	NA	NA	NA	NA	NA
NC_045512.2	2129	G	T	46078	39852	37	2	1	68	4.3399e-05	46084	0.249981	FALSE	NA	NA	NA	NA	NA	NA
NC_045512.2	2129	G	C	46078	39852	37	1	1	26	2.16995e-05	46084	1	FALSE	NA	NA	NA	NA	NA	NA
NC_045512.2	2129	G	A	46078	39852	37	3	2	34	6.50985e-05	46084	1	FALSE	NA	NA	NA	NA	NA	NA
NC_045512.2	2129	G	-A	46078	39852	37	2	0	20	4.3399e-05	46084	1	FALSE	NA	NA	NA	NA	NA	NA
NC_045512.2	2129	G	+A	46078	39852	37	1	0	20	2.16995e-05	46084	1	FALSE	NA	NA	NA	NA	NA	NA
NC_045512.2	2130	A	G	46214	40079	37	6	5	32	0.000129811	46221	1	FALSE	NA	NA	NA	NA	NA	NA
NC_045512.2	2130	A	C	46214	40079	37	1	0	27	2.16352e-05	46221	1	FALSE	NA	NA	NA	NA	NA	NA
NC_045512.2	2131	A	G	46836	40971	37	8	7	42	0.00017078	46844	0.193842	FALSE	NA	NA	NA	NA	NA	NA
NC_045512.2	2132	A	G	45932	40261	38	1	1	34	2.17694e-05	45936	1	FALSE	NA	NA	NA	NA	NA	NA
NC_045512.2	2132	A	C	45932	40261	38	3	2	31	6.53083e-05	45936	1	FALSE	NA	NA	NA	NA	NA	NA
NC_045512.2	2133	A	G	48204	42968	38	4	4	34	8.29721e-05	48209	1	FALSE	NA	NA	NA	NA	NA	NA
NC_045512.2	2133	A	C	48204	42968	38	1	1	34	2.0743e-05	48209	1	FALSE	NA	NA	NA	NA	NA	NA
NC_045512.2	2134	A	G	48237	43093	38	5	5	32	0.000103644	48242	1	FALSE	NA	NA	NA	NA	NA	NA
NC_045512.2	2135	C	A	48574	43417	38	5	5	34	0.000102925	48579	1	FALSE	NA	NA	NA	NA	NA	NA
NC_045512.2	2136	T	G	48280	43108	38	1	1	34	2.07061e-05	48295	1	FALSE	NA	NA	NA	NA	NA	NA
NC_045512.2	2136	T	C	48280	43108	38	14	12	38	0.000289885	48295	0.999998	FALSE	NA	NA	NA	NA	NA	NA
NC_045512.2	2137	C	T	50909	46170	39	2	2	30	3.92835e-05	50912	1	FALSE	NA	NA	NA	NA	NA	NA
NC_045512.2	2137	C	G	50909	46170	39	1	1	68	1.96417e-05	50912	0.499995	FALSE	NA	NA	NA	NA	NA	NA
NC_045512.2	2137	C	-A	50909	46170	39	1	0	20	1.96417e-05	50912	1	FALSE	NA	NA	NA	NA	NA	NA
NC_045512.2	2138	A	G	50858	46129	39	4	4	42	7.86426e-05	50863	0.746094	FALSE	NA	NA	NA	NA	NA	NA
NC_045512.2	2138	A	C	50858	46129	39	1	1	34	1.96607e-05	50863	1	FALSE	NA	NA	NA	NA	NA	NA
NC_045512.2	2139	A	G	50779	46049	38	4	4	34	7.8765e-05	50784	1	FALSE	NA	NA	NA	NA	NA	NA
NC_045512.2	2139	A	C	50779	46049	38	1	1	34	1.96912e-05	50784	1	FALSE	NA	NA	NA	NA	NA	NA
NC_045512.2	2140	A	G	50485	46029	37	2	2	34	3.96102e-05	50492	1	FALSE	NA	NA	NA	NA	NA	NA
NC_045512.2	2140	A	C	50485	46029	37	5	4	30	9.90256e-05	50492	1	FALSE	NA	NA	NA	NA	NA	NA
NC_045512.2	2141	C	A	51629	47212	38	2	2	34	3.87364e-05	51631	1	FALSE	NA	NA	NA	NA	NA	NA
NC_045512.2	2142	C	T	51555	47150	38	3	3	45	5.81869e-05	51558	0.855485	FALSE	NA	NA	NA	NA	NA	NA
NC_045512.2	2143	C	T	51030	46874	39	1	1	34	1.95959e-05	51031	1	FALSE	NA	NA	NA	NA	NA	NA
NC_045512.2	2144	G	T	49466	45292	39	2	2	34	4.0413e-05	49489	1	FALSE	NA	NA	NA	NA	NA	NA
NC_045512.2	2144	G	C	49466	45292	39	6	6	32	0.000121239	49489	1	FALSE	NA	NA	NA	NA	NA	NA
NC_045512.2	2144	G	A	49466	45292	39	15	15	33	0.000303098	49489	0.999996	FALSE	NA	NA	NA	NA	NA	NA
NC_045512.2	2145	T	G	49344	45238	39	1	0	27	2.02638e-05	49349	1	FALSE	NA	NA	NA	NA	NA	NA
NC_045512.2	2145	T	C	49344	45238	39	4	4	32	8.10553e-05	49349	1	FALSE	NA	NA	NA	NA	NA	NA
NC_045512.2	2146	C	T	49578	45664	39	1	0	24	2.01698e-05	49579	1	FALSE	NA	NA	NA	NA	NA	NA
NC_045512.2	2147	C	T	49658	45754	39	6	4	56	0.000120812	49664	0.0156236	FALSE	NA	NA	NA	NA	NA	NA
NC_045512.2	2147	C	-T	49658	45754	39	1	0	20	2.01353e-05	49664	1	FALSE	NA	NA	NA	NA	NA	NA
NC_045512.2	2148	T	G	48932	45029	38	1	1	34	2.04323e-05	48942	1	FALSE	NA	NA	NA	NA	NA	NA
NC_045512.2	2148	T	C	48932	45029	38	9	8	40	0.000183891	48942	0.133399	FALSE	NA	NA	NA	NA	NA	NA
NC_045512.2	2149	T	C	49292	45393	39	6	6	34	0.000121706	49299	1	FALSE	NA	NA	NA	NA	NA	NA
NC_045512.2	2149	T	A	49292	45393	39	1	0	27	2.02844e-05	49299	1	FALSE	NA	NA	NA	NA	NA	NA
NC_045512.2	2150	G	T	49337	45446	39	2	2	30	4.05342e-05	49341	1	FALSE	NA	NA	NA	NA	NA	NA
NC_045512.2	2150	G	C	49337	45446	39	1	1	34	2.02671e-05	49341	1	FALSE	NA	NA	NA	NA	NA	NA
NC_045512.2	2150	G	A	49337	45446	39	1	1	34	2.02671e-05	49341	1	FALSE	NA	NA	NA	NA	NA	NA
NC_045512.2	2151	A	T	49306	45529	38	2	2	34	4.05605e-05	49309	1	FALSE	NA	NA	NA	NA	NA	NA
NC_045512.2	2151	A	G	49306	45529	38	1	1	34	2.02803e-05	49309	1	FALSE	NA	NA	NA	NA	NA	NA
NC_045512.2	2152	T	C	48726	44996	38	4	4	32	8.2085e-05	48730	1	FALSE	NA	NA	NA	NA	NA	NA
NC_045512.2	2153	T	C	48309	44609	38	7	6	37	0.000144877	48317	1	FALSE	NA	NA	NA	NA	NA	NA
NC_045512.2	2153	T	A	48309	44609	38	1	1	34	2.06966e-05	48317	1	FALSE	NA	NA	NA	NA	NA	NA
NC_045512.2	2154	G	T	47687	43996	38	8	8	34	0.000167722	47698	1	FALSE	NA	NA	NA	NA	NA	NA
NC_045512.2	2154	G	C	47687	43996	38	3	3	31	6.28957e-05	47698	1	FALSE	NA	NA	NA	NA	NA	NA
NC_045512.2	2155	G	T	47605	44050	38	1	1	34	2.10009e-05	47617	1	FALSE	NA	NA	NA	NA	NA	NA
NC_045512.2	2155	G	A	47605	44050	38	11	10	43	0.00023101	47617	0.0592202	FALSE	NA	NA	NA	NA	NA	NA
NC_045512.2	2156	C	T	47054	43532	38	5	5	32	0.00010625	47059	1	FALSE	NA	NA	NA	NA	NA	NA
NC_045512.2	2157	T	G	45717	42205	38	1	1	26	2.18689e-05	45727	1	FALSE	NA	NA	NA	NA	NA	NA
NC_045512.2	2157	T	C	45717	42205	38	7	7	34	0.000153082	45727	1	FALSE	NA	NA	NA	NA	NA	NA
NC_045512.2	2157	T	A	45717	42205	38	2	2	34	4.37378e-05	45727	1	FALSE	NA	NA	NA	NA	NA	NA
NC_045512.2	2158	T	G	43881	40414	38	2	2	34	4.55705e-05	43888	1	FALSE	NA	NA	NA	NA	NA	NA
NC_045512.2	2158	T	C	43881	40414	38	5	5	29	0.000113926	43888	1	FALSE	NA	NA	NA	NA	NA	NA
NC_045512.2	2159	G	T	43718	40277	39	4	4	34	9.14808e-05	43725	1	FALSE	NA	NA	NA	NA	NA	NA
NC_045512.2	2159	G	A	43718	40277	39	3	3	34	6.86106e-05	43725	1	FALSE	NA	NA	NA	NA	NA	NA
NC_045512.2	2160	A	T	43587	40442	38	1	1	34	2.2941e-05	43590	1	FALSE	NA	NA	NA	NA	NA	NA
NC_045512.2	2160	A	G	43587	40442	38	2	1	51	4.58821e-05	43590	0.249997	FALSE	NA	NA	NA	NA	NA	NA
NC_045512.2	2161	A	T	43579	40478	38	1	1	26	2.29431e-05	43586	1	FALSE	NA	NA	NA	NA	NA	NA
NC_045512.2	2161	A	G	43579	40478	38	5	5	30	0.000114716	43586	1	FALSE	NA	NA	NA	NA	NA	NA
NC_045512.2	2161	A	C	43579	40478	38	1	0	27	2.29431e-05	43586	1	FALSE	NA	NA	NA	NA	NA	NA
NC_045512.2	2162	G	T	43589	40493	38	2	2	34	4.588e-05	43592	1	FALSE	NA	NA	NA	NA	NA	NA
NC_045512.2	2162	G	A	43589	40493	38	1	1	34	2.294e-05	43592	1	FALSE	NA	NA	NA	NA	NA	NA
NC_045512.2	2163	A	T	42202	39310	38	4	3	34	9.47575e-05	42213	1	FALSE	NA	NA	NA	NA	NA	NA
NC_045512.2	2163	A	G	42202	39310	38	7	7	32	0.000165826	42213	1	FALSE	NA	NA	NA	NA	NA	NA
NC_045512.2	2164	G	C	42133	39227	38	2	2	34	4.74654e-05	42136	1	FALSE	NA	NA	NA	NA	NA	NA
NC_045512.2	2164	G	A	42133	39227	38	1	1	34	2.37327e-05	42136	1	FALSE	NA	NA	NA	NA	NA	NA
NC_045512.2	2165	A	T	42033	39732	37	2	2	34	4.75749e-05	42039	1	FALSE	NA	NA	NA	NA	NA	NA
NC_045512.2	2165	A	G	42033	39732	37	3	3	34	7.13623e-05	42039	1	FALSE	NA	NA	NA	NA	NA	NA
NC_045512.2	2165	A	C	42033	39732	37	1	1	27	2.37874e-05	42039	1	FALSE	NA	NA	NA	NA	NA	NA
NC_045512.2	2166	A	G	42029	40022	37	3	3	34	7.13742e-05	42032	1	FALSE	NA	NA	NA	NA	NA	NA
NC_045512.2	2167	G	T	42046	40044	37	2	2	34	4.75636e-05	42049	1	FALSE	NA	NA	NA	NA	NA	NA
NC_045512.2	2167	G	A	42046	40044	37	1	1	34	2.37818e-05	42049	1	FALSE	NA	NA	NA	NA	NA	NA
NC_045512.2	2168	T	C	35749	33789	34	3	3	34	8.39114e-05	35752	1	FALSE	NA	NA	NA	NA	NA	NA
NC_045512.2	2169	T	G	40844	38890	36	1	1	26	2.4481e-05	40848	1	FALSE	NA	NA	NA	NA	NA	NA
NC_045512.2	2169	T	C	40844	38890	36	2	2	34	4.8962e-05	40848	1	FALSE	NA	NA	NA	NA	NA	NA
NC_045512.2	2169	T	A	40844	38890	36	1	1	34	2.4481e-05	40848	1	FALSE	NA	NA	NA	NA	NA	NA
NC_045512.2	2170	T	C	40830	38891	36	1	1	34	2.44912e-05	40831	1	FALSE	NA	NA	NA	NA	NA	NA
NC_045512.2	2170	T	-A	40830	38891	36	2	0	20	4.89824e-05	40831	1	FALSE	NA	NA	NA	NA	NA	NA
NC_045512.2	2171	A	G	40919	39045	36	4	4	34	9.77422e-05	40924	1	FALSE	NA	NA	NA	NA	NA	NA
NC_045512.2	2171	A	C	40919	39045	36	1	0	27	2.44355e-05	40924	1	FALSE	NA	NA	NA	NA	NA	NA
NC_045512.2	2172	A	T	40954	39175	36	1	1	34	2.44153e-05	40958	1	FALSE	NA	NA	NA	NA	NA	NA
NC_045512.2	2172	A	G	40954	39175	36	2	2	34	4.88305e-05	40958	1	FALSE	NA	NA	NA	NA	NA	NA
NC_045512.2	2172	A	C	40954	39175	36	1	1	34	2.44153e-05	40958	1	FALSE	NA	NA	NA	NA	NA	NA
NC_045512.2	2173	G	C	40880	39136	36	2	2	30	4.89213e-05	40882	1	FALSE	NA	NA	NA	NA	NA	NA
NC_045512.2	2174	G	T	40778	39057	36	1	1	34	2.45224e-05	40779	1	FALSE	NA	NA	NA	NA	NA	NA
NC_045512.2	2175	A	G	39625	37920	36	3	3	34	7.5704e-05	39628	1	FALSE	NA	NA	NA	NA	NA	NA
NC_045512.2	2176	A	T	36071	34415	36	3	3	31	8.31324e-05	36087	1	FALSE	NA	NA	NA	NA	NA	NA
NC_045512.2	2176	A	G	36071	34415	36	8	7	41	0.000221686	36087	0.113201	FALSE	NA	NA	NA	NA	NA	NA
NC_045512.2	2176	A	C	36071	34415	36	5	5	34	0.000138554	36087	1	FALSE	NA	NA	NA	NA	NA	NA
NC_045512.2	2177	G	T	35888	34450	36	2	2	30	5.57258e-05	35890	1	FALSE	NA	NA	NA	NA	NA	NA
NC_045512.2	2178	G	A	36081	34644	36	1	0	68	2.77146e-05	36082	0.500007	FALSE	NA	NA	NA	NA	NA	NA
NC_045512.2	2179	T	C	35873	34473	36	2	2	34	5.57491e-05	35875	1	FALSE	NA	NA	NA	NA	NA	NA
NC_045512.2	2180	G	A	36001	34606	36	1	1	34	2.77762e-05	36002	1	FALSE	NA	NA	NA	NA	NA	NA
NC_045512.2	2181	T	G	35995	34607	36	1	0	27	2.77747e-05	36004	1	FALSE	NA	NA	NA	NA	NA	NA
NC_045512.2	2181	T	C	35995	34607	36	8	8	34	0.000222198	36004	0.999997	FALSE	NA	NA	NA	NA	NA	NA
NC_045512.2	2182	A	G	35884	34634	36	6	6	34	0.000167177	35890	1	FALSE	NA	NA	NA	NA	NA	NA
NC_045512.2	2183	G	T	35873	34623	36	3	3	34	8.3619e-05	35877	1	FALSE	NA	NA	NA	NA	NA	NA
NC_045512.2	2183	G	A	35873	34623	36	1	1	34	2.7873e-05	35877	1	FALSE	NA	NA	NA	NA	NA	NA
NC_045512.2	2184	A	G	35611	34389	36	3	3	34	8.42365e-05	35614	1	FALSE	NA	NA	NA	NA	NA	NA
NC_045512.2	2185	G	A	36042	34352	36	5	5	34	0.000138708	36047	1	FALSE	NA	NA	NA	NA	NA	NA
NC_045512.2	2186	T	G	32443	30779	36	9	9	34	0.000277196	32468	0.999944	FALSE	NA	NA	NA	NA	NA	NA
NC_045512.2	2186	T	C	32443	30779	36	13	13	32	0.000400394	32468	0.99877	FALSE	NA	NA	NA	NA	NA	NA
NC_045512.2	2186	T	A	32443	30779	36	3	3	34	9.23987e-05	32468	1	FALSE	NA	NA	NA	NA	NA	NA
NC_045512.2	2187	T	C	27532	25981	36	1	1	34	3.63201e-05	27533	1	FALSE	NA	NA	NA	NA	NA	NA
NC_045512.2	2188	T	G	25724	24169	34	1	0	34	3.88621e-05	25732	1	FALSE	NA	NA	NA	NA	NA	NA
NC_045512.2	2188	T	C	25724	24169	34	3	2	45	0.000116586	25732	0.499927	FALSE	NA	NA	NA	NA	NA	NA
NC_045512.2	2188	T	A	25724	24169	34	4	4	34	0.000155448	25732	0.999992	FALSE	NA	NA	NA	NA	NA	NA
NC_045512.2	2189	C	T	27181	25674	36	1	1	34	3.67877e-05	27183	1	FALSE	NA	NA	NA	NA	NA	NA
NC_045512.2	2189	C	G	27181	25674	36	1	1	34	3.67877e-05	27183	1	FALSE	NA	NA	NA	NA	NA	NA
NC_045512.2	2189	C	-T	27181	25674	36	1	0	20	3.67877e-05	27183	1	FALSE	NA	NA	NA	NA	NA	NA
NC_045512.2	2190	T	C	27197	25691	36	6	5	32	0.000220556	27204	0.999967	FALSE	NA	NA	NA	NA	NA	NA
NC_045512.2	2190	T	A	27197	25691	36	1	1	34	3.67593e-05	27204	1	FALSE	NA	NA	NA	NA	NA	NA
NC_045512.2	2191	T	C	27178	25669	36	4	4	34	0.000147145	27184	0.999998	FALSE	NA	NA	NA	NA	NA	NA
NC_045512.2	2191	T	A	27178	25669	36	2	2	34	7.35727e-05	27184	1	FALSE	NA	NA	NA	NA	NA	NA
NC_045512.2	2192	A	T	26796	25298	36	1	1	34	3.73134e-05	26800	1	FALSE	NA	NA	NA	NA	NA	NA
NC_045512.2	2192	A	G	26796	25298	36	3	3	34	0.00011194	26800	0.999999	FALSE	NA	NA	NA	NA	NA	NA
NC_045512.2	2193	G	A	26802	25308	36	1	1	34	3.73093e-05	26803	1	FALSE	NA	NA	NA	NA	NA	NA
NC_045512.2	2194	A	G	25589	24115	36	7	6	37	0.00027347	25597	0.999733	FALSE	NA	NA	NA	NA	NA	NA
NC_045512.2	2194	A	C	25589	24115	36	1	1	34	3.90671e-05	25597	1	FALSE	NA	NA	NA	NA	NA	NA
NC_045512.2	2195	G	T	25569	24102	36	1	1	26	3.91083e-05	25570	1	FALSE	NA	NA	NA	NA	NA	NA
NC_045512.2	2196	A	G	25155	23736	36	5	5	32	0.000198728	25160	0.99997	FALSE	NA	NA	NA	NA	NA	NA
NC_045512.2	2197	C	T	24833	23398	36	1	1	34	4.02674e-05	24834	1	FALSE	NA	NA	NA	NA	NA	NA
NC_045512.2	2198	G	T	23800	22381	36	4	4	34	0.000167968	23814	0.999975	FALSE	NA	NA	NA	NA	NA	NA
NC_045512.2	2198	G	C	23800	22381	36	7	7	32	0.000293945	23814	0.999285	FALSE	NA	NA	NA	NA	NA	NA
NC_045512.2	2198	G	A	23800	22381	36	3	3	34	0.000125976	23814	0.999995	FALSE	NA	NA	NA	NA	NA	NA
NC_045512.2	2199	G	C	23602	22225	36	1	1	34	4.23621e-05	23606	1	FALSE	NA	NA	NA	NA	NA	NA
NC_045512.2	2199	G	A	23602	22225	36	3	3	34	0.000127086	23606	0.999995	FALSE	NA	NA	NA	NA	NA	NA
NC_045512.2	2200	T	C	22538	21175	35	3	3	31	0.000133091	22541	0.99999	FALSE	NA	NA	NA	NA	NA	NA
NC_045512.2	2201	T	G	22893	21667	36	1	1	26	4.36738e-05	22897	1	FALSE	NA	NA	NA	NA	NA	NA
NC_045512.2	2201	T	C	22893	21667	36	3	0	68	0.000131022	22897	0.124992	FALSE	NA	NA	NA	NA	NA	NA
NC_045512.2	2203	G	A	22784	21546	36	3	3	34	0.000131654	22787	0.99999	FALSE	NA	NA	NA	NA	NA	NA
NC_045512.2	2205	A	G	22782	21581	36	1	1	34	4.38924e-05	22783	1	FALSE	NA	NA	NA	NA	NA	NA
NC_045512.2	2206	A	G	22159	21034	35	3	3	45	0.000135367	22162	0.500021	FALSE	NA	NA	NA	NA	NA	NA
NC_045512.2	2208	T	C	20775	19694	35	1	1	34	4.81325e-05	20776	1	FALSE	NA	NA	NA	NA	NA	NA
NC_045512.2	2209	T	C	20673	19597	35	1	1	34	4.83629e-05	20677	1	FALSE	NA	NA	NA	NA	NA	NA
NC_045512.2	2209	T	A	20673	19597	35	3	3	34	0.000145089	20677	0.999967	FALSE	NA	NA	NA	NA	NA	NA
NC_045512.2	2210	G	A	20588	19513	35	3	2	38	0.000145695	20591	0.999967	FALSE	NA	NA	NA	NA	NA	NA
NC_045512.2	2212	T	C	20571	19518	35	4	4	32	0.000194411	20575	0.999862	FALSE	NA	NA	NA	NA	NA	NA
NC_045512.2	2215	A	G	20509	19557	35	1	1	34	4.8752e-05	20512	1	FALSE	NA	NA	NA	NA	NA	NA
NC_045512.2	2215	A	C	20509	19557	35	2	2	34	9.75039e-05	20512	0.999995	FALSE	NA	NA	NA	NA	NA	NA
NC_045512.2	2216	T	C	19852	18903	34	1	1	34	5.03702e-05	19853	0.999999	FALSE	NA	NA	NA	NA	NA	NA
NC_045512.2	2217	T	C	19808	18866	35	3	3	34	0.000151431	19811	0.99994	FALSE	NA	NA	NA	NA	NA	NA
NC_045512.2	2218	T	C	19183	18246	34	6	6	34	0.000312679	19189	0.997968	FALSE	NA	NA	NA	NA	NA	NA
NC_045512.2	2219	A	G	19351	18396	35	1	1	26	5.16742e-05	19352	1	FALSE	NA	NA	NA	NA	NA	NA
NC_045512.2	2220	T	C	18283	17328	33	3	3	34	0.000164042	18288	0.99989	FALSE	NA	NA	NA	NA	NA	NA
NC_045512.2	2220	T	A	18283	17328	33	2	2	34	0.000109361	18288	0.99998	FALSE	NA	NA	NA	NA	NA	NA
NC_045512.2	2221	C	T	19356	18490	35	3	3	34	0.000154967	19359	0.99994	FALSE	NA	NA	NA	NA	NA	NA
NC_045512.2	2222	T	C	19087	18224	35	2	2	34	0.000104772	19089	0.99999	FALSE	NA	NA	NA	NA	NA	NA
NC_045512.2	2223	C	T	18846	18139	34	1	0	34	5.3056e-05	18848	0.999998	FALSE	NA	NA	NA	NA	NA	NA
NC_045512.2	2223	C	G	18846	18139	34	1	1	34	5.3056e-05	18848	0.999998	FALSE	NA	NA	NA	NA	NA	NA
NC_045512.2	2224	A	T	17986	17277	34	2	2	34	0.000111179	17989	0.999962	FALSE	NA	NA	NA	NA	NA	NA
NC_045512.2	2224	A	C	17986	17277	34	1	1	26	5.55895e-05	17989	1	FALSE	NA	NA	NA	NA	NA	NA
NC_045512.2	2257	T	G	714	38	36	1	0	34	0.00139276	718	0.499302	FALSE	NA	NA	NA	NA	NA	NA
NC_045512.2	2257	T	C	714	38	36	3	0	34	0.00417827	718	0.124738	FALSE	NA	NA	NA	NA	NA	NA
NC_045512.2	2314	T	C	387	112	36	2	0	34	0.00514139	389	0.250322	FALSE	NA	NA	NA	NA	NA	NA
NC_045512.2	2342	A	G	377	139	37	2	0	46	0.00527704	379	0.25033	FALSE	NA	NA	NA	NA	NA	NA
NC_045512.2	2350	T	C	337	151	37	1	1	34	0.00295858	338	0.500741	FALSE	NA	NA	NA	NA	NA	NA
NC_045512.2	2359	T	C	324	156	37	1	1	34	0.00307692	325	0.50077	FALSE	NA	NA	NA	NA	NA	NA
NC_045512.2	2406	A	C	924	613	36	1	0	34	0.00108108	925	0.50027	FALSE	NA	NA	NA	NA	NA	NA
NC_045512.2	2411	T	A	938	603	36	1	0	27	0.00106496	939	0.999052	FALSE	NA	NA	NA	NA	NA	NA
NC_045512.2	2418	G	A	935	596	37	4	0	34	0.00425985	939	0.0624332	FALSE	NA	NA	NA	NA	NA	NA
NC_045512.2	2423	T	C	998	684	38	3	3	31	0.002997	1001	0.312687	FALSE	NA	NA	NA	NA	NA	NA
NC_045512.2	2429	A	T	1004	715	39	1	1	34	0.000995025	1005	0.750373	FALSE	NA	NA	NA	NA	NA	NA
NC_045512.2	2439	A	G	1005	749	39	3	0	31	0.00297619	1008	0.312686	FALSE	NA	NA	NA	NA	NA	NA
NC_045512.2	2440	A	C	1006	747	40	1	1	34	0.000993049	1007	0.750373	FALSE	NA	NA	NA	NA	NA	NA
NC_045512.2	2443	A	G	1019	768	40	1	1	34	0.000980392	1020	0.750368	FALSE	NA	NA	NA	NA	NA	NA
NC_045512.2	2445	C	T	1035	795	40	2	0	34	0.00192864	1037	0.500362	FALSE	NA	NA	NA	NA	NA	NA
NC_045512.2	2448	G	A	1021	782	40	7	3	58	0.00680934	1028	0.00775928	TRUE	NA	NA	NA	NA	NA	NA
NC_045512.2	2458	G	A	1015	807	40	2	2	34	0.00196657	1017	0.500369	FALSE	NA	NA	NA	NA	NA	NA
NC_045512.2	2500	A	C	658	621	36	1	1	26	0.00151745	659	0.992353	FALSE	NA	NA	NA	NA	NA	NA
NC_045512.2	2509	C	G	485	463	36	1	1	34	0.00205761	486	0.500515	FALSE	NA	NA	NA	NA	NA	NA
NC_045512.2	2514	A	G	4391	593	34	1	1	34	0.000227687	4392	0.968803	FALSE	NA	NA	NA	NA	NA	NA
NC_045512.2	2516	G	C	6165	603	34	2	0	34	0.000324307	6167	0.964906	FALSE	NA	NA	NA	NA	NA	NA
NC_045512.2	2517	T	G	6174	560	34	7	0	34	0.00113159	6186	0.499525	FALSE	NA	NA	NA	NA	NA	NA
NC_045512.2	2517	T	A	6174	560	34	5	0	32	0.000808277	6186	0.725129	FALSE	NA	NA	NA	NA	NA	NA
NC_045512.2	2518	G	-T	7843	587	34	1	0	20	0.000127502	7843	1	FALSE	NA	NA	NA	NA	NA	NA
NC_045512.2	2520	T	C	7892	615	34	3	0	34	0.000379987	7895	0.94539	FALSE	NA	NA	NA	NA	NA	NA
NC_045512.2	2523	C	T	8066	608	34	1	0	34	0.000123962	8067	0.998052	FALSE	NA	NA	NA	NA	NA	NA
NC_045512.2	2526	A	G	8096	519	35	2	0	34	0.000246975	8098	0.989282	FALSE	NA	NA	NA	NA	NA	NA
NC_045512.2	2527	G	A	8114	518	35	1	0	26	0.000123229	8115	1	FALSE	NA	NA	NA	NA	NA	NA
NC_045512.2	2530	A	G	8178	522	35	3	0	34	0.000366703	8181	0.967344	FALSE	NA	NA	NA	NA	NA	NA
NC_045512.2	2531	G	-T	8227	524	35	1	0	20	0.000121551	8227	1	FALSE	NA	NA	NA	NA	NA	NA
NC_045512.2	2532	T	G	8168	506	35	1	0	34	0.000122414	8169	0.998051	FALSE	NA	NA	NA	NA	NA	NA
NC_045512.2	2535	T	A	8349	643	35	1	0	34	0.00011976	8350	0.998052	FALSE	NA	NA	NA	NA	NA	NA
NC_045512.2	2538	T	C	8473	649	36	3	0	31	0.000353941	8476	0.967342	FALSE	NA	NA	NA	NA	NA	NA
NC_045512.2	2541	A	G	8307	432	36	1	0	34	0.000120366	8308	0.998052	FALSE	NA	NA	NA	NA	NA	NA
NC_045512.2	2548	T	C	8480	445	36	2	0	30	0.000235793	8482	0.989281	FALSE	NA	NA	NA	NA	NA	NA
NC_045512.2	2550	A	G	8692	464	36	1	0	34	0.000115035	8693	0.998052	FALSE	NA	NA	NA	NA	NA	NA
NC_045512.2	2552	T	C	8821	466	36	1	0	34	0.000113353	8822	0.998052	FALSE	NA	NA	NA	NA	NA	NA
NC_045512.2	2554	A	G	8852	470	36	1	0	34	0.000112943	8854	0.998051	FALSE	NA	NA	NA	NA	NA	NA
NC_045512.2	2554	A	C	8852	470	36	1	1	27	0.000112943	8854	1	FALSE	NA	NA	NA	NA	NA	NA
NC_045512.2	2555	C	T	8831	470	36	6	0	34	0.000678887	8838	0.788118	FALSE	NA	NA	NA	NA	NA	NA
NC_045512.2	2555	C	G	8831	470	36	1	0	34	0.000113148	8838	0.998046	FALSE	NA	NA	NA	NA	NA	NA
NC_045512.2	2556	A	G	8821	472	36	20	0	34	0.00226219	8841	0.0177901	FALSE	NA	NA	NA	NA	NA	NA
NC_045512.2	2557	A	T	8824	478	36	1	0	34	0.000113289	8827	0.99805	FALSE	NA	NA	NA	NA	NA	NA
NC_045512.2	2557	A	G	8824	478	36	2	0	34	0.000226578	8827	0.989275	FALSE	NA	NA	NA	NA	NA	NA
NC_045512.2	2560	A	-T	9985	489	36	1	0	20	0.00010015	9985	1	FALSE	NA	NA	NA	NA	NA	NA
NC_045512.2	2562	T	C	10113	864	38	1	0	34	9.88728e-05	10114	0.999513	FALSE	NA	NA	NA	NA	NA	NA
NC_045512.2	2563	A	C	10100	870	38	1	0	34	9.90001e-05	10101	0.999513	FALSE	NA	NA	NA	NA	NA	NA
NC_045512.2	2565	A	G	10106	898	38	1	1	24	9.89413e-05	10107	1	FALSE	NA	NA	NA	NA	NA	NA
NC_045512.2	2566	A	C	10229	900	38	4	0	34	0.000390892	10233	0.971367	FALSE	NA	NA	NA	NA	NA	NA
NC_045512.2	2567	C	T	10387	943	38	1	1	68	9.62649e-05	10388	0.500024	FALSE	NA	NA	NA	NA	NA	NA
NC_045512.2	2568	A	G	10415	1010	38	2	0	34	0.000191865	10424	0.996824	FALSE	NA	NA	NA	NA	NA	NA
NC_045512.2	2568	A	C	10415	1010	38	7	0	32	0.000671527	10424	0.833897	FALSE	NA	NA	NA	NA	NA	NA
NC_045512.2	2569	A	T	15491	1114	37	1	0	34	6.45286e-05	15497	0.999985	FALSE	NA	NA	NA	NA	NA	NA
NC_045512.2	2569	A	G	15491	1114	37	5	0	32	0.000322643	15497	0.994104	FALSE	NA	NA	NA	NA	NA	NA
NC_045512.2	2570	C	G	16128	1159	37	1	0	26	6.19963e-05	16130	1	FALSE	NA	NA	NA	NA	NA	NA
NC_045512.2	2570	C	A	16128	1159	37	1	0	34	6.19963e-05	16130	0.999992	FALSE	NA	NA	NA	NA	NA	NA
NC_045512.2	2571	C	T	16206	1161	37	3	0	34	0.000185082	16209	0.999637	FALSE	NA	NA	NA	NA	NA	NA
NC_045512.2	2572	T	A	16229	1176	37	2	0	34	0.000123221	16231	0.999928	FALSE	NA	NA	NA	NA	NA	NA
NC_045512.2	2574	C	T	16312	1183	37	2	0	34	0.000122594	16314	0.999928	FALSE	NA	NA	NA	NA	NA	NA
NC_045512.2	2574	C	-T	16312	1183	37	1	0	20	6.1297e-05	16314	1	FALSE	NA	NA	NA	NA	NA	NA
NC_045512.2	2575	T	G	16318	1240	37	1	0	34	6.12708e-05	16321	0.999992	FALSE	NA	NA	NA	NA	NA	NA
NC_045512.2	2575	T	C	16318	1240	37	1	0	24	6.12708e-05	16321	1	FALSE	NA	NA	NA	NA	NA	NA
NC_045512.2	2575	T	A	16318	1240	37	1	0	34	6.12708e-05	16321	0.999992	FALSE	NA	NA	NA	NA	NA	NA
NC_045512.2	2579	G	T	16419	1278	38	1	0	34	6.09013e-05	16420	0.999992	FALSE	NA	NA	NA	NA	NA	NA
NC_045512.2	2580	A	G	16451	1285	38	3	0	28	0.000182326	16454	1	FALSE	NA	NA	NA	NA	NA	NA
NC_045512.2	2581	A	C	16374	1285	38	1	0	34	6.10687e-05	16375	0.999992	FALSE	NA	NA	NA	NA	NA	NA
NC_045512.2	2583	C	T	16497	1370	38	1	0	34	6.06134e-05	16498	0.999992	FALSE	NA	NA	NA	NA	NA	NA
NC_045512.2	2584	T	C	16490	1380	38	1	0	34	6.06391e-05	16491	0.999992	FALSE	NA	NA	NA	NA	NA	NA
NC_045512.2	2587	T	A	16773	1474	38	1	0	34	5.96161e-05	16774	0.999992	FALSE	NA	NA	NA	NA	NA	NA
NC_045512.2	2588	G	C	16809	1471	38	1	0	34	5.94884e-05	16810	0.999992	FALSE	NA	NA	NA	NA	NA	NA
NC_045512.2	2589	A	G	16842	1473	38	3	0	34	0.000178094	16845	0.999637	FALSE	NA	NA	NA	NA	NA	NA
NC_045512.2	2590	A	G	16824	1471	38	1	0	34	5.94318e-05	16826	0.999992	FALSE	NA	NA	NA	NA	NA	NA
NC_045512.2	2590	A	C	16824	1471	38	1	0	34	5.94318e-05	16826	0.999992	FALSE	NA	NA	NA	NA	NA	NA
NC_045512.2	2591	G	A	16870	1472	38	2	0	34	0.00011854	16872	0.999928	FALSE	NA	NA	NA	NA	NA	NA
NC_045512.2	2593	T	G	16941	1481	38	1	0	34	5.89936e-05	16951	0.999992	FALSE	NA	NA	NA	NA	NA	NA
NC_045512.2	2593	T	C	16941	1481	38	9	0	34	0.000530942	16951	0.946189	FALSE	NA	NA	NA	NA	NA	NA
NC_045512.2	2594	C	G	17184	1520	38	4	0	30	0.000232721	17188	0.999258	FALSE	NA	NA	NA	NA	NA	NA
NC_045512.2	2595	C	T	16944	1621	38	2	0	34	0.000118015	16947	0.999928	FALSE	NA	NA	NA	NA	NA	NA
NC_045512.2	2595	C	G	16944	1621	38	1	0	34	5.90075e-05	16947	0.999992	FALSE	NA	NA	NA	NA	NA	NA
NC_045512.2	2597	T	G	16365	1772	38	5	0	32	0.000305418	16371	0.99641	FALSE	NA	NA	NA	NA	NA	NA
NC_045512.2	2597	T	C	16365	1772	38	1	1	26	6.10836e-05	16371	1	FALSE	NA	NA	NA	NA	NA	NA
NC_045512.2	2598	T	G	16315	1774	38	6	0	34	0.000367602	16322	0.991568	FALSE	NA	NA	NA	NA	NA	NA
NC_045512.2	2598	T	C	16315	1774	38	1	0	34	6.1267e-05	16322	0.999992	FALSE	NA	NA	NA	NA	NA	NA
NC_045512.2	2599	G	T	16992	1792	38	1	0	34	5.88478e-05	16993	0.999992	FALSE	NA	NA	NA	NA	NA	NA
NC_045512.2	2601	T	G	16895	1892	38	1	0	34	5.91856e-05	16896	0.999992	FALSE	NA	NA	NA	NA	NA	NA
NC_045512.2	2602	T	C	16919	2005	38	2	0	34	0.000118196	16921	0.999928	FALSE	NA	NA	NA	NA	NA	NA
NC_045512.2	2603	G	T	16852	1974	38	3	0	34	0.000177989	16855	0.999637	FALSE	NA	NA	NA	NA	NA	NA
NC_045512.2	2604	G	A	17291	2018	38	1	1	34	5.78302e-05	17292	0.999996	FALSE	NA	NA	NA	NA	NA	NA
NC_045512.2	2605	T	C	17125	2044	38	1	0	34	5.83908e-05	17126	0.999996	FALSE	NA	NA	NA	NA	NA	NA
NC_045512.2	2606	A	T	17141	2056	38	1	0	34	5.83363e-05	17142	0.999996	FALSE	NA	NA	NA	NA	NA	NA
NC_045512.2	2607	C	T	16891	2102	38	3	0	34	0.000177578	16894	0.999637	FALSE	NA	NA	NA	NA	NA	NA
NC_045512.2	2610	C	T	16217	2254	38	2	0	34	0.000123305	16220	0.999928	FALSE	NA	NA	NA	NA	NA	NA
NC_045512.2	2610	C	A	16217	2254	38	1	0	34	6.16523e-05	16220	0.999992	FALSE	NA	NA	NA	NA	NA	NA
NC_045512.2	2611	A	G	16400	2245	38	1	0	26	6.09682e-05	16402	1	FALSE	NA	NA	NA	NA	NA	NA
NC_045512.2	2611	A	C	16400	2245	38	1	0	34	6.09682e-05	16402	0.999992	FALSE	NA	NA	NA	NA	NA	NA
NC_045512.2	2612	G	C	16905	2254	37	2	0	34	0.000118294	16907	0.999928	FALSE	NA	NA	NA	NA	NA	NA
NC_045512.2	2613	T	C	16370	1786	36	1	0	34	6.10836e-05	16371	0.999992	FALSE	NA	NA	NA	NA	NA	NA
NC_045512.2	2614	T	C	16665	2228	37	1	0	34	6.00024e-05	16666	0.999992	FALSE	NA	NA	NA	NA	NA	NA
NC_045512.2	2615	T	C	16691	2223	37	2	0	30	0.000119811	16693	0.999928	FALSE	NA	NA	NA	NA	NA	NA
NC_045512.2	2616	G	C	16355	2342	37	1	1	27	6.11396e-05	16356	1	FALSE	NA	NA	NA	NA	NA	NA
NC_045512.2	2617	T	A	15797	2705	37	1	0	26	6.32992e-05	15798	1	FALSE	NA	NA	NA	NA	NA	NA
NC_045512.2	2618	A	G	15869	2847	38	1	0	34	6.3012e-05	15870	0.999985	FALSE	NA	NA	NA	NA	NA	NA
NC_045512.2	2620	T	C	14582	2980	37	2	2	34	0.000137137	14584	0.999742	FALSE	NA	NA	NA	NA	NA	NA
NC_045512.2	2621	A	T	14519	3070	37	2	2	34	0.000137713	14523	0.999741	FALSE	NA	NA	NA	NA	NA	NA
NC_045512.2	2621	A	G	14519	3070	37	2	0	34	0.000137713	14523	0.999741	FALSE	NA	NA	NA	NA	NA	NA
NC_045512.2	2622	A	T	14117	3079	36	2	2	34	0.000141653	14119	0.999742	FALSE	NA	NA	NA	NA	NA	NA
NC_045512.2	2623	C	T	14605	3248	37	3	2	34	0.000205367	14608	0.998829	FALSE	NA	NA	NA	NA	NA	NA
NC_045512.2	2624	G	C	14609	3238	37	1	1	34	6.84416e-05	14611	0.99997	FALSE	NA	NA	NA	NA	NA	NA
NC_045512.2	2624	G	A	14609	3238	37	1	0	34	6.84416e-05	14611	0.99997	FALSE	NA	NA	NA	NA	NA	NA
NC_045512.2	2625	G	A	15969	3239	37	1	1	34	6.26174e-05	15970	0.999985	FALSE	NA	NA	NA	NA	NA	NA
NC_045512.2	2626	G	T	15888	3247	37	1	0	34	6.29129e-05	15895	0.999985	FALSE	NA	NA	NA	NA	NA	NA
NC_045512.2	2626	G	A	15888	3247	37	6	0	34	0.000377477	15895	0.986723	FALSE	NA	NA	NA	NA	NA	NA
NC_045512.2	2627	C	T	15904	3278	37	1	0	34	6.28694e-05	15906	0.999985	FALSE	NA	NA	NA	NA	NA	NA
NC_045512.2	2627	C	G	15904	3278	37	1	0	34	6.28694e-05	15906	0.999985	FALSE	NA	NA	NA	NA	NA	NA
NC_045512.2	2627	C	-T	15904	3278	37	1	0	20	6.28694e-05	15906	1	FALSE	NA	NA	NA	NA	NA	NA
NC_045512.2	2628	T	C	15924	3287	37	3	0	34	0.000188359	15927	0.999346	FALSE	NA	NA	NA	NA	NA	NA
NC_045512.2	2629	T	C	15929	3293	37	1	1	68	6.27746e-05	15930	0.500016	FALSE	NA	NA	NA	NA	NA	NA
NC_045512.2	2630	A	T	15943	3301	37	1	0	34	6.27195e-05	15944	0.999985	FALSE	NA	NA	NA	NA	NA	NA
NC_045512.2	2631	T	G	15968	3306	37	1	0	34	6.26174e-05	15970	0.999985	FALSE	NA	NA	NA	NA	NA	NA
NC_045512.2	2631	T	C	15968	3306	37	1	1	68	6.26174e-05	15970	0.5	FALSE	NA	NA	NA	NA	NA	NA
NC_045512.2	2632	G	T	15938	3309	37	1	0	34	6.27392e-05	15939	0.999985	FALSE	NA	NA	NA	NA	NA	NA
NC_045512.2	2633	T	C	15983	3388	37	3	0	34	0.000187652	15987	0.999346	FALSE	NA	NA	NA	NA	NA	NA
NC_045512.2	2633	T	A	15983	3388	37	1	0	34	6.25508e-05	15987	0.999985	FALSE	NA	NA	NA	NA	NA	NA
NC_045512.2	2634	T	C	15677	3092	37	1	0	34	6.37836e-05	15678	0.999985	FALSE	NA	NA	NA	NA	NA	NA
NC_045512.2	2635	G	A	15616	3101	37	1	0	26	6.40328e-05	15617	1	FALSE	NA	NA	NA	NA	NA	NA
NC_045512.2	2636	C	T	15503	3141	37	2	0	34	0.000128991	15505	0.999863	FALSE	NA	NA	NA	NA	NA	NA
NC_045512.2	2637	T	C	15551	3152	37	5	0	34	0.000321399	15557	0.994104	FALSE	NA	NA	NA	NA	NA	NA
NC_045512.2	2637	T	A	15551	3152	37	1	0	34	6.42797e-05	15557	0.999985	FALSE	NA	NA	NA	NA	NA	NA
NC_045512.2	2638	C	T	15525	3166	37	3	2	34	0.0001931	15536	0.999344	FALSE	NA	NA	NA	NA	NA	NA
NC_045512.2	2638	C	G	15525	3166	37	3	0	28	0.0001931	15536	1	FALSE	NA	NA	NA	NA	NA	NA
NC_045512.2	2638	C	A	15525	3166	37	5	2	34	0.000321833	15536	0.994092	FALSE	NA	NA	NA	NA	NA	NA
NC_045512.2	2639	G	A	15522	3144	37	1	0	34	6.44205e-05	15523	0.999985	FALSE	NA	NA	NA	NA	NA	NA
NC_045512.2	2640	A	G	15634	3233	37	3	1	34	0.000191853	15637	0.999346	FALSE	NA	NA	NA	NA	NA	NA
NC_045512.2	2641	A	G	14926	3236	36	1	1	68	6.69927e-05	14927	0.500017	FALSE	NA	NA	NA	NA	NA	NA
NC_045512.2	2645	A	T	15654	3296	37	1	0	34	6.38692e-05	15657	0.999985	FALSE	NA	NA	NA	NA	NA	NA
NC_045512.2	2645	A	G	15654	3296	37	2	0	34	0.000127738	15657	0.999863	FALSE	NA	NA	NA	NA	NA	NA
NC_045512.2	2646	A	G	15633	3294	37	5	2	40	0.000319714	15639	0.109353	FALSE	NA	NA	NA	NA	NA	NA
NC_045512.2	2646	A	C	15633	3294	37	1	0	34	6.39427e-05	15639	0.999985	FALSE	NA	NA	NA	NA	NA	NA
NC_045512.2	2647	A	G	15515	3317	37	1	0	34	6.44496e-05	15516	0.999985	FALSE	NA	NA	NA	NA	NA	NA
NC_045512.2	2649	A	G	15392	3386	37	4	1	32	0.000259808	15396	0.997794	FALSE	NA	NA	NA	NA	NA	NA
NC_045512.2	2650	C	G	15418	3418	37	1	0	34	6.4855e-05	15419	0.999985	FALSE	NA	NA	NA	NA	NA	NA
NC_045512.2	2653	A	G	15303	3377	37	4	1	51	0.000261301	15308	0.0624878	FALSE	NA	NA	NA	NA	NA	NA
NC_045512.2	2653	A	C	15303	3377	37	1	1	34	6.53253e-05	15308	0.999985	FALSE	NA	NA	NA	NA	NA	NA
NC_045512.2	2653	A	+T	15303	3377	37	1	0	20	6.53253e-05	15308	1	FALSE	NA	NA	NA	NA	NA	NA
NC_045512.2	2654	G	A	16045	3378	37	1	0	34	6.23208e-05	16046	0.999992	FALSE	NA	NA	NA	NA	NA	NA
NC_045512.2	2654	G	-A	16045	3378	37	1	0	20	6.23208e-05	16046	1	FALSE	NA	NA	NA	NA	NA	NA
NC_045512.2	2655	A	G	16077	3450	37	1	1	34	6.21968e-05	16078	0.999992	FALSE	NA	NA	NA	NA	NA	NA
NC_045512.2	2656	A	G	16177	3455	37	2	0	34	0.000123617	16179	0.999928	FALSE	NA	NA	NA	NA	NA	NA
NC_045512.2	2657	A	T	16168	3516	37	1	1	68	6.18353e-05	16172	0.499969	FALSE	NA	NA	NA	NA	NA	NA
NC_045512.2	2657	A	G	16168	3516	37	3	1	34	0.000185506	16172	0.999637	FALSE	NA	NA	NA	NA	NA	NA
NC_045512.2	2660	T	G	15611	3899	37	1	0	34	6.40369e-05	15616	0.999985	FALSE	NA	NA	NA	NA	NA	NA
NC_045512.2	2660	T	C	15611	3899	37	4	1	34	0.000256148	15616	0.997793	FALSE	NA	NA	NA	NA	NA	NA
NC_045512.2	2661	A	G	15678	3910	37	1	0	34	6.37796e-05	15679	0.999985	FALSE	NA	NA	NA	NA	NA	NA
NC_045512.2	2662	C	T	15807	4259	38	3	0	40	0.000189753	15810	0.312512	FALSE	NA	NA	NA	NA	NA	NA
NC_045512.2	2663	T	C	14973	3513	37	1	0	34	6.6769e-05	14977	0.99997	FALSE	NA	NA	NA	NA	NA	NA
NC_045512.2	2663	T	A	14973	3513	37	3	3	34	0.000200307	14977	0.998828	FALSE	NA	NA	NA	NA	NA	NA
NC_045512.2	2664	G	A	15093	3505	37	3	2	34	0.000198728	15096	0.999346	FALSE	NA	NA	NA	NA	NA	NA
NC_045512.2	2665	T	C	14972	3453	37	3	3	34	0.000200334	14975	0.998829	FALSE	NA	NA	NA	NA	NA	NA
NC_045512.2	2667	C	T	14989	3488	37	5	0	39	0.000333467	14994	0.990417	FALSE	NA	NA	NA	NA	NA	NA
NC_045512.2	2668	C	T	14925	3432	37	1	0	34	6.69972e-05	14926	0.99997	FALSE	NA	NA	NA	NA	NA	NA
NC_045512.2	2669	C	A	10293	3805	36	1	0	34	9.7144e-05	10294	0.999513	FALSE	NA	NA	NA	NA	NA	NA
NC_045512.2	2671	T	G	10212	3766	36	1	1	24	9.78953e-05	10215	1	FALSE	NA	NA	NA	NA	NA	NA
NC_045512.2	2671	T	C	10212	3766	36	2	1	34	0.000195791	10215	0.996833	FALSE	NA	NA	NA	NA	NA	NA
NC_045512.2	2672	G	A	10177	3759	36	2	2	30	0.000196483	10179	0.996835	FALSE	NA	NA	NA	NA	NA	NA
NC_045512.2	2673	C	T	10133	3745	36	2	2	34	0.000197336	10135	0.996835	FALSE	NA	NA	NA	NA	NA	NA
NC_045512.2	2674	A	G	10143	3741	36	3	1	42	0.000295683	10146	0.312518	FALSE	NA	NA	NA	NA	NA	NA
NC_045512.2	2675	C	T	10263	3747	36	1	0	34	9.74184e-05	10265	0.999513	FALSE	NA	NA	NA	NA	NA	NA
NC_045512.2	2675	C	A	10263	3747	36	1	1	34	9.74184e-05	10265	0.999513	FALSE	NA	NA	NA	NA	NA	NA
NC_045512.2	2676	C	T	11061	4855	37	2	0	34	0.000180766	11064	0.998295	FALSE	NA	NA	NA	NA	NA	NA
NC_045512.2	2676	C	A	11061	4855	37	1	0	34	9.03832e-05	11064	0.999756	FALSE	NA	NA	NA	NA	NA	NA
NC_045512.2	2677	T	C	11139	4862	37	5	5	34	0.000448632	11145	0.961646	FALSE	NA	NA	NA	NA	NA	NA
NC_045512.2	2677	T	A	11139	4862	37	1	1	34	8.97263e-05	11145	0.999756	FALSE	NA	NA	NA	NA	NA	NA
NC_045512.2	2680	T	C	11537	5239	37	1	1	34	8.66701e-05	11538	0.999757	FALSE	NA	NA	NA	NA	NA	NA
NC_045512.2	2684	A	G	11350	5153	38	1	1	34	8.8098e-05	11351	0.999757	FALSE	NA	NA	NA	NA	NA	NA
NC_045512.2	2685	T	C	11398	5229	38	1	0	34	8.7727e-05	11399	0.999757	FALSE	NA	NA	NA	NA	NA	NA
NC_045512.2	2686	G	T	11035	5045	37	1	1	26	9.06125e-05	11036	1	FALSE	NA	NA	NA	NA	NA	NA
NC_045512.2	2687	G	-T	11282	5233	37	1	0	20	8.86368e-05	11282	1	FALSE	NA	NA	NA	NA	NA	NA
NC_045512.2	2688	T	C	11225	5184	38	2	1	34	0.000178142	11227	0.998295	FALSE	NA	NA	NA	NA	NA	NA
NC_045512.2	2689	A	G	11315	5259	38	2	0	34	0.000176725	11317	0.998296	FALSE	NA	NA	NA	NA	NA	NA
NC_045512.2	2691	C	G	11287	5327	38	2	0	34	0.000177132	11291	0.998294	FALSE	NA	NA	NA	NA	NA	NA
NC_045512.2	2691	C	A	11287	5327	38	2	0	34	0.000177132	11291	0.998294	FALSE	NA	NA	NA	NA	NA	NA
NC_045512.2	2695	C	G	11099	5447	37	1	0	26	9.00901e-05	11100	1	FALSE	NA	NA	NA	NA	NA	NA
NC_045512.2	2697	A	C	10973	5339	37	1	1	34	9.11245e-05	10974	0.999513	FALSE	NA	NA	NA	NA	NA	NA
NC_045512.2	2698	T	C	11283	5805	38	1	0	46	8.86211e-05	11284	0.750033	FALSE	NA	NA	NA	NA	NA	NA
NC_045512.2	2699	A	G	11315	5868	38	1	1	34	8.83704e-05	11316	0.999757	FALSE	NA	NA	NA	NA	NA	NA
NC_045512.2	2704	C	T	10273	5724	37	4	1	42	0.000389181	10278	0.18747	FALSE	NA	NA	NA	NA	NA	NA
NC_045512.2	2704	C	G	10273	5724	37	1	0	34	9.72952e-05	10278	0.999512	FALSE	NA	NA	NA	NA	NA	NA
NC_045512.2	2705	A	T	10245	5693	37	1	1	34	9.75895e-05	10247	0.999513	FALSE	NA	NA	NA	NA	NA	NA
NC_045512.2	2705	A	G	10245	5693	37	1	1	34	9.75895e-05	10247	0.999513	FALSE	NA	NA	NA	NA	NA	NA
NC_045512.2	2706	C	T	10263	5716	37	3	2	56	0.000292227	10266	0.125	FALSE	NA	NA	NA	NA	NA	NA
NC_045512.2	2707	A	G	10248	5702	37	2	1	34	0.000195122	10250	0.996835	FALSE	NA	NA	NA	NA	NA	NA
NC_045512.2	2708	C	A	10543	5744	37	2	0	34	0.000189663	10545	0.996835	FALSE	NA	NA	NA	NA	NA	NA
NC_045512.2	2709	T	C	10444	5677	37	2	1	34	0.000191461	10446	0.996835	FALSE	NA	NA	NA	NA	NA	NA
NC_045512.2	2710	C	T	10472	5681	37	5	3	68	0.000477236	10477	0.0312425	FALSE	NA	NA	NA	NA	NA	NA
NC_045512.2	2712	A	T	10197	5653	36	2	2	30	0.000196078	10200	0.996833	FALSE	NA	NA	NA	NA	NA	NA
NC_045512.2	2712	A	G	10197	5653	36	1	1	34	9.80392e-05	10200	0.999513	FALSE	NA	NA	NA	NA	NA	NA
NC_045512.2	2713	A	T	9409	5670	35	1	1	34	0.000106202	9416	0.999023	FALSE	NA	NA	NA	NA	NA	NA
NC_045512.2	2713	A	G	9409	5670	35	4	4	34	0.000424809	9416	0.953876	FALSE	NA	NA	NA	NA	NA	NA
NC_045512.2	2713	A	C	9409	5670	35	2	2	34	0.000212404	9416	0.994141	FALSE	NA	NA	NA	NA	NA	NA
NC_045512.2	2714	G	T	9927	5734	36	38	13	36	0.00381335	9965	1.22138e-05	TRUE	NA	NA	NA	NA	NA	NA
NC_045512.2	2716	C	T	9765	5809	36	16	8	46	0.00163582	9781	1.51778e-05	TRUE	NA	NA	NA	NA	NA	NA
NC_045512.2	2717	G	A	9205	5233	36	1	1	34	0.000108625	9206	0.999026	FALSE	NA	NA	NA	NA	NA	NA
NC_045512.2	2722	A	G	9475	5555	37	3	3	34	0.000316522	9478	0.980751	FALSE	NA	NA	NA	NA	NA	NA
NC_045512.2	2727	C	A	8463	5685	36	1	1	34	0.000118147	8464	0.998052	FALSE	NA	NA	NA	NA	NA	NA
NC_045512.2	2728	A	G	8578	5835	36	1	0	34	0.000116564	8579	0.998052	FALSE	NA	NA	NA	NA	NA	NA
NC_045512.2	2730	A	C	8461	5840	35	1	1	34	0.000118175	8462	0.998052	FALSE	NA	NA	NA	NA	NA	NA
NC_045512.2	2733	T	A	8905	6148	36	1	1	34	0.000112284	8906	0.998052	FALSE	NA	NA	NA	NA	NA	NA
NC_045512.2	2735	A	G	8890	6182	36	1	1	68	0.000112473	8891	0.500028	FALSE	NA	NA	NA	NA	NA	NA
NC_045512.2	2738	T	C	9228	6496	36	1	1	34	0.000108354	9229	0.999026	FALSE	NA	NA	NA	NA	NA	NA
NC_045512.2	2741	G	C	9141	6382	36	1	1	34	0.000109361	9144	0.999025	FALSE	NA	NA	NA	NA	NA	NA
NC_045512.2	2741	G	A	9141	6382	36	2	2	34	0.000218723	9144	0.994152	FALSE	NA	NA	NA	NA	NA	NA
NC_045512.2	2742	G	A	9402	6651	36	1	0	34	0.000106349	9403	0.999026	FALSE	NA	NA	NA	NA	NA	NA
NC_045512.2	2744	G	A	9656	6968	36	2	2	34	0.000207082	9658	0.994155	FALSE	NA	NA	NA	NA	NA	NA
NC_045512.2	2745	A	G	9618	6933	36	1	1	34	0.000103961	9619	0.999026	FALSE	NA	NA	NA	NA	NA	NA
NC_045512.2	2748	A	G	11756	9286	37	2	2	34	0.000170097	11758	0.998296	FALSE	NA	NA	NA	NA	NA	NA
NC_045512.2	2749	C	T	12179	9741	37	1	0	34	8.21018e-05	12180	0.999878	FALSE	NA	NA	NA	NA	NA	NA
NC_045512.2	2750	A	G	12211	9803	37	3	3	31	0.0002456	12215	0.996316	FALSE	NA	NA	NA	NA	NA	NA
NC_045512.2	2750	A	C	12211	9803	37	1	1	34	8.18666e-05	12215	0.999878	FALSE	NA	NA	NA	NA	NA	NA
NC_045512.2	2752	T	C	12166	10367	36	1	1	26	8.21895e-05	12167	1	FALSE	NA	NA	NA	NA	NA	NA
NC_045512.2	2753	G	T	12299	10392	36	1	1	34	8.12942e-05	12301	0.999878	FALSE	NA	NA	NA	NA	NA	NA
NC_045512.2	2753	G	A	12299	10392	36	1	1	34	8.12942e-05	12301	0.999878	FALSE	NA	NA	NA	NA	NA	NA
NC_045512.2	2755	G	A	12272	10351	36	1	1	34	8.14797e-05	12273	0.999878	FALSE	NA	NA	NA	NA	NA	NA
NC_045512.2	2756	A	G	13869	12053	37	2	1	34	0.000144175	13872	0.999513	FALSE	NA	NA	NA	NA	NA	NA
NC_045512.2	2756	A	C	13869	12053	37	1	1	34	7.20877e-05	13872	0.999939	FALSE	NA	NA	NA	NA	NA	NA
NC_045512.2	2758	A	T	14273	12579	37	1	1	26	6.99741e-05	14291	1	FALSE	NA	NA	NA	NA	NA	NA
NC_045512.2	2758	A	G	14273	12579	37	16	16	36	0.00111959	14291	0.427654	FALSE	NA	NA	NA	NA	NA	NA
NC_045512.2	2758	A	C	14273	12579	37	1	1	34	6.99741e-05	14291	0.999969	FALSE	NA	NA	NA	NA	NA	NA
NC_045512.2	2759	G	T	14304	12585	37	2	2	34	0.000139762	14310	0.999741	FALSE	NA	NA	NA	NA	NA	NA
NC_045512.2	2759	G	A	14304	12585	37	4	4	34	0.000279525	14310	0.996238	FALSE	NA	NA	NA	NA	NA	NA
NC_045512.2	2760	A	G	14108	12516	36	3	3	34	0.000212585	14112	0.998828	FALSE	NA	NA	NA	NA	NA	NA
NC_045512.2	2760	A	C	14108	12516	36	1	1	34	7.08617e-05	14112	0.99997	FALSE	NA	NA	NA	NA	NA	NA
NC_045512.2	2761	A	G	13952	12354	36	2	1	34	0.000143328	13954	0.999513	FALSE	NA	NA	NA	NA	NA	NA
NC_045512.2	2763	T	G	13363	11774	36	1	1	34	7.48279e-05	13364	0.999939	FALSE	NA	NA	NA	NA	NA	NA
NC_045512.2	2765	C	T	14307	12837	36	1	1	34	6.9891e-05	14308	0.99997	FALSE	NA	NA	NA	NA	NA	NA
NC_045512.2	2766	A	T	14288	12820	36	1	1	34	6.99741e-05	14291	0.99997	FALSE	NA	NA	NA	NA	NA	NA
NC_045512.2	2766	A	G	14288	12820	36	2	2	34	0.000139948	14291	0.999741	FALSE	NA	NA	NA	NA	NA	NA
NC_045512.2	2767	A	T	14304	12840	36	2	1	34	0.000139753	14311	0.999741	FALSE	NA	NA	NA	NA	NA	NA
NC_045512.2	2767	A	G	14304	12840	36	3	3	34	0.000209629	14311	0.998827	FALSE	NA	NA	NA	NA	NA	NA
NC_045512.2	2767	A	C	14304	12840	36	2	2	34	0.000139753	14311	0.999741	FALSE	NA	NA	NA	NA	NA	NA
NC_045512.2	2768	G	T	14405	12897	37	1	1	34	6.93914e-05	14411	0.99997	FALSE	NA	NA	NA	NA	NA	NA
NC_045512.2	2768	G	C	14405	12897	37	4	4	32	0.000277566	14411	0.996238	FALSE	NA	NA	NA	NA	NA	NA
NC_045512.2	2768	G	A	14405	12897	37	1	0	34	6.93914e-05	14411	0.99997	FALSE	NA	NA	NA	NA	NA	NA
NC_045512.2	2771	T	C	16324	14939	37	1	1	34	6.12557e-05	16325	0.999992	FALSE	NA	NA	NA	NA	NA	NA
NC_045512.2	2772	A	G	16514	15138	37	2	1	34	0.000121095	16516	0.999928	FALSE	NA	NA	NA	NA	NA	NA
NC_045512.2	2773	C	A	18336	17140	37	1	0	68	5.45345e-05	18337	0.500014	FALSE	NA	NA	NA	NA	NA	NA
NC_045512.2	2774	A	T	18322	17129	37	1	1	34	5.45732e-05	18324	0.999998	FALSE	NA	NA	NA	NA	NA	NA
NC_045512.2	2774	A	G	18322	17129	37	1	1	34	5.45732e-05	18324	0.999998	FALSE	NA	NA	NA	NA	NA	NA
NC_045512.2	2777	A	G	17553	16500	37	1	0	24	5.69671e-05	17554	1	FALSE	NA	NA	NA	NA	NA	NA
NC_045512.2	2778	G	T	17549	16506	37	1	1	34	5.69671e-05	17554	0.999996	FALSE	NA	NA	NA	NA	NA	NA
NC_045512.2	2778	G	C	17549	16506	37	3	3	31	0.000170901	17554	0.999799	FALSE	NA	NA	NA	NA	NA	NA
NC_045512.2	2778	G	A	17549	16506	37	1	1	34	5.69671e-05	17554	0.999996	FALSE	NA	NA	NA	NA	NA	NA
NC_045512.2	2779	T	G	17061	16030	37	1	1	26	5.86098e-05	17062	1	FALSE	NA	NA	NA	NA	NA	NA
NC_045512.2	2780	G	A	17086	16079	37	2	2	34	0.000117041	17088	0.999962	FALSE	NA	NA	NA	NA	NA	NA
NC_045512.2	2781	T	C	17097	16092	37	2	1	29	0.000116966	17099	1	FALSE	NA	NA	NA	NA	NA	NA
NC_045512.2	2782	G	T	17029	16024	37	1	0	68	5.87165e-05	17031	0.5	FALSE	NA	NA	NA	NA	NA	NA
NC_045512.2	2782	G	C	17029	16024	37	1	1	34	5.87165e-05	17031	0.999996	FALSE	NA	NA	NA	NA	NA	NA
NC_045512.2	2783	A	G	17032	16027	37	1	1	34	5.87096e-05	17033	0.999996	FALSE	NA	NA	NA	NA	NA	NA
NC_045512.2	2784	A	T	17059	16057	37	1	1	34	5.86098e-05	17062	0.999996	FALSE	NA	NA	NA	NA	NA	NA
NC_045512.2	2784	A	G	17059	16057	37	2	2	30	0.00011722	17062	0.999962	FALSE	NA	NA	NA	NA	NA	NA
NC_045512.2	2786	A	T	16810	15816	37	2	2	30	0.000118941	16815	0.999928	FALSE	NA	NA	NA	NA	NA	NA
NC_045512.2	2786	A	C	16810	15816	37	3	3	31	0.000178412	16815	0.999637	FALSE	NA	NA	NA	NA	NA	NA
NC_045512.2	2787	T	A	16632	15653	37	1	1	26	6.01214e-05	16633	1	FALSE	NA	NA	NA	NA	NA	NA
NC_045512.2	2788	C	G	16684	15736	37	1	1	34	5.99341e-05	16685	0.999992	FALSE	NA	NA	NA	NA	NA	NA
NC_045512.2	2789	A	-C	16714	15765	37	1	0	20	5.98301e-05	16714	1	FALSE	NA	NA	NA	NA	NA	NA
NC_045512.2	2790	C	T	2	2	34	16535	15592	37	0.999879	16537	0	TRUE	NA	NA	NA	NA	NA	NA
NC_045512.2	2791	T	C	16665	15722	37	2	2	34	0.000119998	16667	0.999928	FALSE	NA	NA	NA	NA	NA	NA
NC_045512.2	2792	T	A	16424	15491	36	1	1	34	6.08828e-05	16425	0.999992	FALSE	NA	NA	NA	NA	NA	NA
NC_045512.2	2793	T	C	16653	15756	37	1	1	26	6.00456e-05	16654	1	FALSE	NA	NA	NA	NA	NA	NA
NC_045512.2	2794	T	C	16604	15761	36	3	3	31	0.000180647	16607	0.999637	FALSE	NA	NA	NA	NA	NA	NA
NC_045512.2	2795	G	T	16535	15701	36	6	6	34	0.000362713	16542	0.991567	FALSE	NA	NA	NA	NA	NA	NA
NC_045512.2	2795	G	C	16535	15701	36	1	1	34	6.04522e-05	16542	0.999992	FALSE	NA	NA	NA	NA	NA	NA
NC_045512.2	2796	A	G	16514	15701	36	1	1	34	6.0551e-05	16515	0.999992	FALSE	NA	NA	NA	NA	NA	NA
NC_045512.2	2797	A	G	16516	15708	36	1	1	34	6.05437e-05	16517	0.999992	FALSE	NA	NA	NA	NA	NA	NA
NC_045512.2	2798	C	T	16494	15687	36	1	1	34	6.06244e-05	16495	0.999992	FALSE	NA	NA	NA	NA	NA	NA
NC_045512.2	2799	T	C	15501	14697	36	7	7	34	0.000451293	15511	0.973784	FALSE	NA	NA	NA	NA	NA	NA
NC_045512.2	2799	T	A	15501	14697	36	3	3	34	0.000193411	15511	0.999344	FALSE	NA	NA	NA	NA	NA	NA
NC_045512.2	2800	T	C	15877	15071	36	1	1	68	6.29802e-05	15878	0.500016	FALSE	NA	NA	NA	NA	NA	NA
NC_045512.2	2801	G	T	15876	15139	36	1	1	27	6.29842e-05	15877	1	FALSE	NA	NA	NA	NA	NA	NA
NC_045512.2	2802	A	T	15898	15161	36	1	1	27	6.28931e-05	15900	1	FALSE	NA	NA	NA	NA	NA	NA
NC_045512.2	2802	A	G	15898	15161	36	1	1	34	6.28931e-05	15900	0.999985	FALSE	NA	NA	NA	NA	NA	NA
NC_045512.2	2803	T	C	15829	15096	36	1	1	34	6.31712e-05	15830	0.999985	FALSE	NA	NA	NA	NA	NA	NA
NC_045512.2	2804	G	A	15893	15160	36	1	1	34	6.29168e-05	15894	0.999985	FALSE	NA	NA	NA	NA	NA	NA
NC_045512.2	2806	A	G	15854	15122	36	4	4	29	0.000252239	15858	1	FALSE	NA	NA	NA	NA	NA	NA
NC_045512.2	2807	A	G	15856	15137	36	1	1	34	6.30438e-05	15862	0.999985	FALSE	NA	NA	NA	NA	NA	NA
NC_045512.2	2807	A	C	15856	15137	36	5	5	34	0.000315219	15862	0.994104	FALSE	NA	NA	NA	NA	NA	NA
NC_045512.2	2808	G	A	15827	15111	36	1	1	34	6.31792e-05	15828	0.999985	FALSE	NA	NA	NA	NA	NA	NA
NC_045512.2	2809	G	T	15813	15261	35	1	1	34	6.32311e-05	15815	0.999985	FALSE	NA	NA	NA	NA	NA	NA
NC_045512.2	2809	G	A	15813	15261	35	1	1	34	6.32311e-05	15815	0.999985	FALSE	NA	NA	NA	NA	NA	NA
NC_045512.2	2810	A	G	15750	15202	35	5	5	32	0.00031736	15755	0.994106	FALSE	NA	NA	NA	NA	NA	NA
NC_045512.2	2810	A	+T	15750	15202	35	1	0	20	6.34719e-05	15755	1	FALSE	NA	NA	NA	NA	NA	NA
NC_045512.2	2811	T	C	15638	15104	35	1	1	26	6.39427e-05	15639	1	FALSE	NA	NA	NA	NA	NA	NA
NC_045512.2	2812	T	A	15709	15176	35	2	2	34	0.000127299	15711	0.999863	FALSE	NA	NA	NA	NA	NA	NA
NC_045512.2	2814	A	G	15753	15220	35	1	1	26	6.34759e-05	15754	1	FALSE	NA	NA	NA	NA	NA	NA
NC_045512.2	2815	T	G	15758	15231	35	1	0	27	6.34558e-05	15759	1	FALSE	NA	NA	NA	NA	NA	NA
NC_045512.2	2817	A	G	15628	15115	35	3	2	45	0.000191926	15631	0.312512	FALSE	NA	NA	NA	NA	NA	NA
NC_045512.2	2818	A	T	15527	14976	35	1	1	34	6.43915e-05	15530	0.999985	FALSE	NA	NA	NA	NA	NA	NA
NC_045512.2	2818	A	G	15527	14976	35	2	2	34	0.000128783	15530	0.999863	FALSE	NA	NA	NA	NA	NA	NA
NC_045512.2	2821	A	T	15447	14898	35	1	1	34	6.47333e-05	15448	0.999985	FALSE	NA	NA	NA	NA	NA	NA
NC_045512.2	2823	T	C	15030	14516	35	4	4	34	0.000266064	15034	0.997794	FALSE	NA	NA	NA	NA	NA	NA
NC_045512.2	2824	T	C	15155	14641	35	3	3	34	0.000197915	15158	0.999346	FALSE	NA	NA	NA	NA	NA	NA
NC_045512.2	2825	A	G	15112	14608	35	1	1	34	6.61682e-05	15113	0.999985	FALSE	NA	NA	NA	NA	NA	NA
NC_045512.2	2828	G	T	15002	14523	35	1	1	34	6.66489e-05	15004	0.999985	FALSE	NA	NA	NA	NA	NA	NA
NC_045512.2	2828	G	A	15002	14523	35	1	1	34	6.66489e-05	15004	0.999985	FALSE	NA	NA	NA	NA	NA	NA
NC_045512.2	2829	A	G	14799	14323	35	1	1	34	6.75676e-05	14800	0.99997	FALSE	NA	NA	NA	NA	NA	NA
NC_045512.2	2830	G	T	14747	14270	35	3	3	34	0.00020339	14750	0.998829	FALSE	NA	NA	NA	NA	NA	NA
NC_045512.2	2831	A	G	14588	14123	35	2	2	34	0.00013708	14590	0.999742	FALSE	NA	NA	NA	NA	NA	NA
NC_045512.2	2832	A	G	14577	14142	35	2	2	34	0.000137184	14579	0.999742	FALSE	NA	NA	NA	NA	NA	NA
NC_045512.2	2834	T	C	14275	13850	35	3	3	34	0.000210113	14278	0.998829	FALSE	NA	NA	NA	NA	NA	NA
NC_045512.2	2835	G	A	14181	13755	35	1	1	34	7.05119e-05	14182	0.99997	FALSE	NA	NA	NA	NA	NA	NA
NC_045512.2	2836	C	T	14274	13876	35	2	2	34	0.000140095	14276	0.999742	FALSE	NA	NA	NA	NA	NA	NA
NC_045512.2	2837	T	C	14114	13716	35	1	1	34	7.08466e-05	14115	0.99997	FALSE	NA	NA	NA	NA	NA	NA
NC_045512.2	2838	C	G	14162	13764	35	1	1	34	7.06065e-05	14163	0.99997	FALSE	NA	NA	NA	NA	NA	NA
NC_045512.2	2839	T	C	13883	13490	35	1	1	34	7.20254e-05	13884	0.999939	FALSE	NA	NA	NA	NA	NA	NA
NC_045512.2	2840	G	C	13848	13455	35	1	1	34	7.22074e-05	13849	0.999939	FALSE	NA	NA	NA	NA	NA	NA
NC_045512.2	2843	T	C	13410	13052	35	2	2	34	0.00014912	13412	0.999513	FALSE	NA	NA	NA	NA	NA	NA
NC_045512.2	2844	A	T	13224	12869	35	1	1	34	7.56144e-05	13225	0.999939	FALSE	NA	NA	NA	NA	NA	NA
NC_045512.2	2845	T	C	13199	12845	35	2	2	34	0.000151504	13201	0.999513	FALSE	NA	NA	NA	NA	NA	NA
NC_045512.2	2846	A	G	13166	12820	35	1	1	34	7.59417e-05	13168	0.999939	FALSE	NA	NA	NA	NA	NA	NA
NC_045512.2	2846	A	C	13166	12820	35	1	1	26	7.59417e-05	13168	1	FALSE	NA	NA	NA	NA	NA	NA
NC_045512.2	2847	C	T	13173	12829	35	1	1	34	7.59013e-05	13175	0.999939	FALSE	NA	NA	NA	NA	NA	NA
NC_045512.2	2847	C	G	13173	12829	35	1	0	27	7.59013e-05	13175	1	FALSE	NA	NA	NA	NA	NA	NA
NC_045512.2	2847	C	-AGT	13173	12829	35	1	0	20	7.59013e-05	13175	1	FALSE	NA	NA	NA	NA	NA	NA
NC_045512.2	2848	A	G	10815	10494	35	1	1	34	9.24471e-05	10817	0.999513	FALSE	NA	NA	NA	NA	NA	NA
NC_045512.2	2848	A	C	10815	10494	35	1	1	34	9.24471e-05	10817	0.999513	FALSE	NA	NA	NA	NA	NA	NA
NC_045512.2	2849	G	A	10537	10219	35	1	1	34	9.48947e-05	10538	0.999513	FALSE	NA	NA	NA	NA	NA	NA
NC_045512.2	2850	T	C	9922	9620	34	1	1	34	0.000100776	9923	0.999026	FALSE	NA	NA	NA	NA	NA	NA
NC_045512.2	2851	T	C	9824	9525	35	2	2	30	0.000203542	9826	0.994154	FALSE	NA	NA	NA	NA	NA	NA
NC_045512.2	2852	G	A	9812	9533	35	1	1	34	0.000101906	9813	0.999026	FALSE	NA	NA	NA	NA	NA	NA
NC_045512.2	2853	A	T	9335	9072	35	3	3	34	0.000321268	9338	0.980752	FALSE	NA	NA	NA	NA	NA	NA
NC_045512.2	2854	A	G	9272	9053	34	2	2	34	0.000215657	9274	0.994155	FALSE	NA	NA	NA	NA	NA	NA
NC_045512.2	2855	C	G	59402	10734	34	2	0	34	3.36678e-05	59404	1	FALSE	NA	NA	NA	NA	NA	NA
NC_045512.2	2856	T	G	57555	8903	34	6	6	34	0.000104152	57608	1	FALSE	NA	NA	NA	NA	NA	NA
NC_045512.2	2856	T	C	57555	8903	34	14	11	34	0.000243022	57608	1	FALSE	NA	NA	NA	NA	NA	NA
NC_045512.2	2856	T	A	57555	8903	34	33	28	34	0.000572837	57608	0.995971	FALSE	NA	NA	NA	NA	NA	NA
NC_045512.2	2857	C	T	59509	8922	34	9	6	34	0.000151154	59542	1	FALSE	NA	NA	NA	NA	NA	NA
NC_045512.2	2857	C	G	59509	8922	34	22	19	33	0.000369487	59542	0.999992	FALSE	NA	NA	NA	NA	NA	NA
NC_045512.2	2857	C	A	59509	8922	34	2	0	34	3.35897e-05	59542	1	FALSE	NA	NA	NA	NA	NA	NA
NC_045512.2	2858	G	T	52113	1665	33	1	0	34	1.9188e-05	52116	1	FALSE	NA	NA	NA	NA	NA	NA
NC_045512.2	2858	G	A	52113	1665	33	2	0	34	3.83759e-05	52116	1	FALSE	NA	NA	NA	NA	NA	NA
NC_045512.2	2859	G	T	56756	1774	34	4	0	34	7.04697e-05	56762	1	FALSE	NA	NA	NA	NA	NA	NA
NC_045512.2	2859	G	A	56756	1774	34	2	0	30	3.52348e-05	56762	1	FALSE	NA	NA	NA	NA	NA	NA
NC_045512.2	2860	T	C	56854	2198	34	5	1	34	8.79353e-05	56860	1	FALSE	NA	NA	NA	NA	NA	NA
NC_045512.2	2860	T	A	56854	2198	34	1	0	34	1.75871e-05	56860	1	FALSE	NA	NA	NA	NA	NA	NA
NC_045512.2	2861	A	T	56632	2178	34	1	0	34	1.76569e-05	56635	1	FALSE	NA	NA	NA	NA	NA	NA
NC_045512.2	2861	A	G	56632	2178	34	1	0	34	1.76569e-05	56635	1	FALSE	NA	NA	NA	NA	NA	NA
NC_045512.2	2861	A	C	56632	2178	34	1	0	34	1.76569e-05	56635	1	FALSE	NA	NA	NA	NA	NA	NA
NC_045512.2	2862	C	T	56853	2200	34	3	0	34	5.27584e-05	56863	1	FALSE	NA	NA	NA	NA	NA	NA
NC_045512.2	2862	C	G	56853	2200	34	5	0	30	8.79306e-05	56863	1	FALSE	NA	NA	NA	NA	NA	NA
NC_045512.2	2862	C	A	56853	2200	34	2	0	34	3.51723e-05	56863	1	FALSE	NA	NA	NA	NA	NA	NA
NC_045512.2	2863	A	G	56628	2201	34	8	1	33	0.000141253	56636	1	FALSE	NA	NA	NA	NA	NA	NA
NC_045512.2	2864	G	T	59231	2224	34	2	0	34	3.3761e-05	59240	1	FALSE	NA	NA	NA	NA	NA	NA
NC_045512.2	2864	G	C	59231	2224	34	1	0	34	1.68805e-05	59240	1	FALSE	NA	NA	NA	NA	NA	NA
NC_045512.2	2864	G	A	59231	2224	34	6	0	32	0.000101283	59240	1	FALSE	NA	NA	NA	NA	NA	NA
NC_045512.2	2865	A	T	59642	2349	34	2	0	34	3.35284e-05	59651	1	FALSE	NA	NA	NA	NA	NA	NA
NC_045512.2	2865	A	G	59642	2349	34	7	0	32	0.000117349	59651	1	FALSE	NA	NA	NA	NA	NA	NA
NC_045512.2	2866	A	G	59883	2348	34	10	1	43	0.000166964	59893	0.150871	FALSE	NA	NA	NA	NA	NA	NA
NC_045512.2	2867	G	T	60763	2346	34	5	0	34	8.22788e-05	60769	1	FALSE	NA	NA	NA	NA	NA	NA
NC_045512.2	2867	G	A	60763	2346	34	1	0	34	1.64558e-05	60769	1	FALSE	NA	NA	NA	NA	NA	NA
NC_045512.2	2868	T	C	60738	2521	34	1	0	34	1.64633e-05	60741	1	FALSE	NA	NA	NA	NA	NA	NA
NC_045512.2	2868	T	A	60738	2521	34	2	0	34	3.29267e-05	60741	1	FALSE	NA	NA	NA	NA	NA	NA
NC_045512.2	2868	T	-A	60738	2521	34	3	0	20	4.939e-05	60741	1	FALSE	NA	NA	NA	NA	NA	NA
NC_045512.2	2869	A	G	60895	2622	34	9	0	31	0.000147774	60904	1	FALSE	NA	NA	NA	NA	NA	NA
NC_045512.2	2870	A	T	60901	2918	35	1	0	34	1.64182e-05	60908	1	FALSE	NA	NA	NA	NA	NA	NA
NC_045512.2	2870	A	G	60901	2918	35	6	0	32	9.85092e-05	60908	1	FALSE	NA	NA	NA	NA	NA	NA
NC_045512.2	2871	A	G	57367	2932	33	4	1	32	6.97216e-05	57371	1	FALSE	NA	NA	NA	NA	NA	NA
NC_045512.2	2872	T	G	60958	2958	35	3	0	34	4.92094e-05	60964	1	FALSE	NA	NA	NA	NA	NA	NA
NC_045512.2	2872	T	C	60958	2958	35	3	0	34	4.92094e-05	60964	1	FALSE	NA	NA	NA	NA	NA	NA
NC_045512.2	2873	G	A	61745	2974	35	2	0	34	3.23902e-05	61747	1	FALSE	NA	NA	NA	NA	NA	NA
NC_045512.2	2874	A	T	61789	3633	35	6	0	34	9.70811e-05	61804	1	FALSE	NA	NA	NA	NA	NA	NA
NC_045512.2	2874	A	G	61789	3633	35	9	1	34	0.000145622	61804	1	FALSE	NA	NA	NA	NA	NA	NA
NC_045512.2	2875	G	A	63821	3672	35	1	0	34	1.56686e-05	63822	1	FALSE	NA	NA	NA	NA	NA	NA
NC_045512.2	2876	T	C	63698	3773	35	9	1	33	0.000141272	63707	1	FALSE	NA	NA	NA	NA	NA	NA
NC_045512.2	2877	T	G	63782	3839	36	1	0	34	1.56762e-05	63791	1	FALSE	NA	NA	NA	NA	NA	NA
NC_045512.2	2877	T	C	63782	3839	36	4	0	34	6.27048e-05	63791	1	FALSE	NA	NA	NA	NA	NA	NA
NC_045512.2	2877	T	A	63782	3839	36	4	0	34	6.27048e-05	63791	1	FALSE	NA	NA	NA	NA	NA	NA
NC_045512.2	2878	C	T	67420	4069	36	17	1	38	0.000252061	67444	1	FALSE	NA	NA	NA	NA	NA	NA
NC_045512.2	2878	C	G	67420	4069	36	2	0	30	2.96542e-05	67444	1	FALSE	NA	NA	NA	NA	NA	NA
NC_045512.2	2878	C	A	67420	4069	36	5	0	34	7.41356e-05	67444	1	FALSE	NA	NA	NA	NA	NA	NA
NC_045512.2	2879	G	A	67936	4089	36	7	0	34	0.000103028	67943	1	FALSE	NA	NA	NA	NA	NA	NA
NC_045512.2	2880	C	T	68506	4730	36	2	0	34	2.91928e-05	68510	1	FALSE	NA	NA	NA	NA	NA	NA
NC_045512.2	2880	C	G	68506	4730	36	1	0	34	1.45964e-05	68510	1	FALSE	NA	NA	NA	NA	NA	NA
NC_045512.2	2880	C	A	68506	4730	36	1	0	34	1.45964e-05	68510	1	FALSE	NA	NA	NA	NA	NA	NA
NC_045512.2	2881	C	T	68613	4784	36	9	1	40	0.000131062	68670	0.303139	FALSE	NA	NA	NA	NA	NA	NA
NC_045512.2	2881	C	G	68613	4784	36	38	2	36	0.000553371	68670	0.998779	FALSE	NA	NA	NA	NA	NA	NA
NC_045512.2	2881	C	A	68613	4784	36	10	0	33	0.000145624	68670	1	FALSE	NA	NA	NA	NA	NA	NA
NC_045512.2	2881	C	+TGTGT	68613	4784	36	4	0	20	5.82496e-05	68670	1	FALSE	NA	NA	NA	NA	NA	NA
NC_045512.2	2882	T	G	68738	4843	36	6	0	34	8.72423e-05	68774	1	FALSE	NA	NA	NA	NA	NA	NA
NC_045512.2	2882	T	C	68738	4843	36	12	2	36	0.000174485	68774	1	FALSE	NA	NA	NA	NA	NA	NA
NC_045512.2	2882	T	A	68738	4843	36	18	2	39	0.000261727	68774	1	FALSE	NA	NA	NA	NA	NA	NA
NC_045512.2	2883	G	A	78476	5040	36	4	1	59	5.09684e-05	78480	0.0624992	FALSE	NA	NA	NA	NA	NA	NA
NC_045512.2	2884	T	G	78448	5447	36	4	0	28	5.0982e-05	78459	1	FALSE	NA	NA	NA	NA	NA	NA
NC_045512.2	2884	T	C	78448	5447	36	3	0	34	3.82365e-05	78459	1	FALSE	NA	NA	NA	NA	NA	NA
NC_045512.2	2884	T	A	78448	5447	36	4	0	34	5.0982e-05	78459	1	FALSE	NA	NA	NA	NA	NA	NA
NC_045512.2	2885	G	A	81114	5492	36	2	1	51	2.4656e-05	81116	0.250002	FALSE	NA	NA	NA	NA	NA	NA
NC_045512.2	2886	T	C	81087	5605	36	7	0	34	8.63196e-05	81094	1	FALSE	NA	NA	NA	NA	NA	NA
NC_045512.2	2887	T	C	81122	5633	36	9	0	34	0.00011093	81132	1	FALSE	NA	NA	NA	NA	NA	NA
NC_045512.2	2887	T	A	81122	5633	36	1	0	34	1.23256e-05	81132	1	FALSE	NA	NA	NA	NA	NA	NA
NC_045512.2	2888	G	T	81514	5635	36	1	0	34	1.22665e-05	81523	1	FALSE	NA	NA	NA	NA	NA	NA
NC_045512.2	2888	G	A	81514	5635	36	8	2	34	9.81318e-05	81523	1	FALSE	NA	NA	NA	NA	NA	NA
NC_045512.2	2889	T	C	81493	5969	37	3	0	34	3.68112e-05	81497	1	FALSE	NA	NA	NA	NA	NA	NA
NC_045512.2	2889	T	A	81493	5969	37	1	0	34	1.22704e-05	81497	1	FALSE	NA	NA	NA	NA	NA	NA
NC_045512.2	2890	G	T	82177	5979	37	7	0	34	8.51706e-05	82188	1	FALSE	NA	NA	NA	NA	NA	NA
NC_045512.2	2890	G	C	82177	5979	37	1	1	27	1.21672e-05	82188	1	FALSE	NA	NA	NA	NA	NA	NA
NC_045512.2	2890	G	A	82177	5979	37	3	0	34	3.65017e-05	82188	1	FALSE	NA	NA	NA	NA	NA	NA
NC_045512.2	2891	G	T	82160	5993	37	4	0	32	4.86742e-05	82179	1	FALSE	NA	NA	NA	NA	NA	NA
NC_045512.2	2891	G	C	82160	5993	37	1	0	27	1.21686e-05	82179	1	FALSE	NA	NA	NA	NA	NA	NA
NC_045512.2	2891	G	A	82160	5993	37	14	0	34	0.00017036	82179	1	FALSE	NA	NA	NA	NA	NA	NA
NC_045512.2	2892	C	T	82043	6010	37	5	0	34	6.09325e-05	82058	1	FALSE	NA	NA	NA	NA	NA	NA
NC_045512.2	2892	C	G	82043	6010	37	10	1	38	0.000121865	82058	1	FALSE	NA	NA	NA	NA	NA	NA
NC_045512.2	2893	A	G	82134	6010	37	11	0	36	0.00013391	82145	1	FALSE	NA	NA	NA	NA	NA	NA
NC_045512.2	2894	G	C	82592	6014	37	2	1	30	2.42142e-05	82596	1	FALSE	NA	NA	NA	NA	NA	NA
NC_045512.2	2894	G	A	82592	6014	37	2	0	34	2.42142e-05	82596	1	FALSE	NA	NA	NA	NA	NA	NA
NC_045512.2	2895	A	T	81925	6319	37	3	0	42	3.66148e-05	81934	0.967282	FALSE	NA	NA	NA	NA	NA	NA
NC_045512.2	2895	A	G	81925	6319	37	6	2	44	7.32297e-05	81934	0.788022	FALSE	NA	NA	NA	NA	NA	NA
NC_045512.2	2896	T	C	82553	6330	37	5	1	39	6.05627e-05	82559	1	FALSE	NA	NA	NA	NA	NA	NA
NC_045512.2	2896	T	A	82553	6330	37	1	0	34	1.21125e-05	82559	1	FALSE	NA	NA	NA	NA	NA	NA
NC_045512.2	2897	G	T	82616	6326	37	4	0	34	4.84086e-05	82630	1	FALSE	NA	NA	NA	NA	NA	NA
NC_045512.2	2897	G	A	82616	6326	37	10	1	32	0.000121021	82630	1	FALSE	NA	NA	NA	NA	NA	NA
NC_045512.2	2898	C	T	82333	6359	37	18	2	37	0.000218574	82352	1	FALSE	NA	NA	NA	NA	NA	NA
NC_045512.2	2898	C	G	82333	6359	37	1	0	26	1.2143e-05	82352	1	FALSE	NA	NA	NA	NA	NA	NA
NC_045512.2	2899	T	G	82619	6338	37	1	1	68	1.2102e-05	82631	0.49997	FALSE	NA	NA	NA	NA	NA	NA
NC_045512.2	2899	T	C	82619	6338	37	11	0	33	0.000133122	82631	1	FALSE	NA	NA	NA	NA	NA	NA
NC_045512.2	2900	G	T	82924	6375	37	1	0	34	1.20571e-05	82939	1	FALSE	NA	NA	NA	NA	NA	NA
NC_045512.2	2900	G	A	82924	6375	37	14	0	35	0.000168799	82939	1	FALSE	NA	NA	NA	NA	NA	NA
NC_045512.2	2901	T	C	82791	6464	37	14	2	38	0.00016907	82806	1	FALSE	NA	NA	NA	NA	NA	NA
NC_045512.2	2901	T	A	82791	6464	37	1	0	34	1.20764e-05	82806	1	FALSE	NA	NA	NA	NA	NA	NA
NC_045512.2	2902	C	T	83967	7094	37	3	0	34	3.57266e-05	83971	1	FALSE	NA	NA	NA	NA	NA	NA
NC_045512.2	2902	C	A	83967	7094	37	1	0	34	1.19089e-05	83971	1	FALSE	NA	NA	NA	NA	NA	NA
NC_045512.2	2903	A	T	84055	7196	38	1	0	34	1.1896e-05	84062	1	FALSE	NA	NA	NA	NA	NA	NA
NC_045512.2	2903	A	G	84055	7196	38	6	0	38	7.13759e-05	84062	1	FALSE	NA	NA	NA	NA	NA	NA
NC_045512.2	2904	T	C	84063	7232	38	4	0	34	4.75805e-05	84068	1	FALSE	NA	NA	NA	NA	NA	NA
NC_045512.2	2904	T	A	84063	7232	38	1	0	34	1.18951e-05	84068	1	FALSE	NA	NA	NA	NA	NA	NA
NC_045512.2	2904	T	-A	84063	7232	38	3	0	20	3.56854e-05	84068	1	FALSE	NA	NA	NA	NA	NA	NA
NC_045512.2	2905	A	T	83841	7223	37	1	0	34	1.19249e-05	83858	1	FALSE	NA	NA	NA	NA	NA	NA
NC_045512.2	2905	A	G	83841	7223	37	16	1	37	0.000190799	83858	1	FALSE	NA	NA	NA	NA	NA	NA
NC_045512.2	2906	A	G	84118	7241	38	8	2	32	9.50955e-05	84126	1	FALSE	NA	NA	NA	NA	NA	NA
NC_045512.2	2907	A	T	81891	7299	37	2	0	34	2.44191e-05	81903	1	FALSE	NA	NA	NA	NA	NA	NA
NC_045512.2	2907	A	G	81891	7299	37	10	1	36	0.000122096	81903	1	FALSE	NA	NA	NA	NA	NA	NA
NC_045512.2	2908	A	G	84132	7304	38	4	0	34	4.75415e-05	84137	1	FALSE	NA	NA	NA	NA	NA	NA
NC_045512.2	2908	A	C	84132	7304	38	1	0	34	1.18854e-05	84137	1	FALSE	NA	NA	NA	NA	NA	NA
NC_045512.2	2909	A	G	81912	7294	37	5	1	40	6.10374e-05	81917	0.866592	FALSE	NA	NA	NA	NA	NA	NA
NC_045512.2	2910	C	T	84100	7323	38	1	0	34	1.18903e-05	84102	1	FALSE	NA	NA	NA	NA	NA	NA
NC_045512.2	2910	C	G	84100	7323	38	1	0	34	1.18903e-05	84102	1	FALSE	NA	NA	NA	NA	NA	NA
NC_045512.2	2911	T	G	84229	7398	38	2	1	34	2.37428e-05	84236	1	FALSE	NA	NA	NA	NA	NA	NA
NC_045512.2	2911	T	C	84229	7398	38	5	0	34	5.9357e-05	84236	1	FALSE	NA	NA	NA	NA	NA	NA
NC_045512.2	2912	T	C	84124	7810	38	4	0	34	4.7546e-05	84129	1	FALSE	NA	NA	NA	NA	NA	NA
NC_045512.2	2912	T	A	84124	7810	38	1	0	34	1.18865e-05	84129	1	FALSE	NA	NA	NA	NA	NA	NA
NC_045512.2	2913	T	C	84016	7830	38	7	0	32	8.33095e-05	84024	1	FALSE	NA	NA	NA	NA	NA	NA
NC_045512.2	2913	T	A	84016	7830	38	1	1	24	1.19014e-05	84024	1	FALSE	NA	NA	NA	NA	NA	NA
NC_045512.2	2914	G	A	84307	7828	38	2	0	34	2.37223e-05	84309	1	FALSE	NA	NA	NA	NA	NA	NA
NC_045512.2	2915	C	T	84139	8082	38	3	0	45	3.56532e-05	84144	0.967288	FALSE	NA	NA	NA	NA	NA	NA
NC_045512.2	2915	C	G	84139	8082	38	1	0	34	1.18844e-05	84144	1	FALSE	NA	NA	NA	NA	NA	NA
NC_045512.2	2915	C	A	84139	8082	38	1	0	34	1.18844e-05	84144	1	FALSE	NA	NA	NA	NA	NA	NA
NC_045512.2	2916	A	G	84318	8114	38	10	2	40	0.000118585	84328	0.40727	FALSE	NA	NA	NA	NA	NA	NA
NC_045512.2	2917	A	G	84570	8125	38	12	0	33	0.000141874	84582	1	FALSE	NA	NA	NA	NA	NA	NA
NC_045512.2	2918	C	T	84479	8130	38	10	0	34	0.000118357	84490	1	FALSE	NA	NA	NA	NA	NA	NA
NC_045512.2	2918	C	A	84479	8130	38	1	0	26	1.18357e-05	84490	1	FALSE	NA	NA	NA	NA	NA	NA
NC_045512.2	2919	C	T	84593	8135	38	5	2	46	5.90807e-05	84630	0.866442	FALSE	NA	NA	NA	NA	NA	NA
NC_045512.2	2919	C	G	84593	8135	38	28	0	30	0.000330852	84630	1	FALSE	NA	NA	NA	NA	NA	NA
NC_045512.2	2919	C	A	84593	8135	38	4	0	32	4.72646e-05	84630	1	FALSE	NA	NA	NA	NA	NA	NA
NC_045512.2	2920	A	T	84520	8132	38	1	1	68	1.18307e-05	84526	0.499988	FALSE	NA	NA	NA	NA	NA	NA
NC_045512.2	2920	A	G	84520	8132	38	5	2	38	5.91534e-05	84526	1	FALSE	NA	NA	NA	NA	NA	NA
NC_045512.2	2921	G	T	86015	8129	38	1	0	34	1.16249e-05	86022	1	FALSE	NA	NA	NA	NA	NA	NA
NC_045512.2	2921	G	A	86015	8129	38	6	1	34	6.97496e-05	86022	1	FALSE	NA	NA	NA	NA	NA	NA
NC_045512.2	2922	T	G	85913	8257	38	1	0	34	1.16385e-05	85922	1	FALSE	NA	NA	NA	NA	NA	NA
NC_045512.2	2922	T	C	85913	8257	38	6	1	39	6.98308e-05	85922	1	FALSE	NA	NA	NA	NA	NA	NA
NC_045512.2	2922	T	A	85913	8257	38	2	0	34	2.32769e-05	85922	1	FALSE	NA	NA	NA	NA	NA	NA
NC_045512.2	2923	A	T	85550	8406	38	1	0	34	1.16887e-05	85553	1	FALSE	NA	NA	NA	NA	NA	NA
NC_045512.2	2923	A	G	85550	8406	38	2	0	30	2.33773e-05	85553	1	FALSE	NA	NA	NA	NA	NA	NA
NC_045512.2	2924	T	C	86262	8403	38	1	0	34	1.15922e-05	86265	1	FALSE	NA	NA	NA	NA	NA	NA
NC_045512.2	2924	T	A	86262	8403	38	2	0	30	2.31844e-05	86265	1	FALSE	NA	NA	NA	NA	NA	NA
NC_045512.2	2925	C	T	86454	8515	38	2	0	34	2.3127e-05	86479	1	FALSE	NA	NA	NA	NA	NA	NA
NC_045512.2	2925	C	G	86454	8515	38	22	1	34	0.000254397	86479	1	FALSE	NA	NA	NA	NA	NA	NA
NC_045512.2	2925	C	A	86454	8515	38	1	0	34	1.15635e-05	86479	1	FALSE	NA	NA	NA	NA	NA	NA
NC_045512.2	2926	T	G	86657	8682	39	1	0	34	1.15362e-05	86684	1	FALSE	NA	NA	NA	NA	NA	NA
NC_045512.2	2926	T	C	86657	8682	39	24	2	36	0.000276868	86684	1	FALSE	NA	NA	NA	NA	NA	NA
NC_045512.2	2926	T	A	86657	8682	39	2	0	34	2.30723e-05	86684	1	FALSE	NA	NA	NA	NA	NA	NA
NC_045512.2	2927	G	T	93790	8769	38	3	0	34	3.19846e-05	93795	1	FALSE	NA	NA	NA	NA	NA	NA
NC_045512.2	2927	G	A	93790	8769	38	2	0	34	2.13231e-05	93795	1	FALSE	NA	NA	NA	NA	NA	NA
NC_045512.2	2928	A	T	93953	10286	39	2	1	47	2.12859e-05	93959	0.994141	FALSE	NA	NA	NA	NA	NA	NA
NC_045512.2	2928	A	G	93953	10286	39	3	1	49	3.19288e-05	93959	0.980714	FALSE	NA	NA	NA	NA	NA	NA
NC_045512.2	2928	A	C	93953	10286	39	1	0	34	1.06429e-05	93959	1	FALSE	NA	NA	NA	NA	NA	NA
NC_045512.2	2929	A	G	93151	10452	39	8	0	37	8.58747e-05	93159	1	FALSE	NA	NA	NA	NA	NA	NA
NC_045512.2	2930	T	C	94169	10855	40	5	1	34	5.30932e-05	94174	1	FALSE	NA	NA	NA	NA	NA	NA
NC_045512.2	2931	T	C	94079	10913	40	16	1	37	0.000170041	94095	1	FALSE	NA	NA	NA	NA	NA	NA
NC_045512.2	2932	A	G	95914	11270	40	9	4	51	9.38233e-05	95925	0.00195267	TRUE	NA	NA	NA	NA	NA	NA
NC_045512.2	2932	A	C	95914	11270	40	2	1	26	2.08496e-05	95925	1	FALSE	NA	NA	NA	NA	NA	NA
NC_045512.2	2933	C	T	96780	13606	41	2	0	34	2.06644e-05	96785	1	FALSE	NA	NA	NA	NA	NA	NA
NC_045512.2	2933	C	G	96780	13606	41	3	0	31	3.09965e-05	96785	1	FALSE	NA	NA	NA	NA	NA	NA
NC_045512.2	2933	C	-T	96780	13606	41	2	0	20	2.06644e-05	96785	1	FALSE	NA	NA	NA	NA	NA	NA
NC_045512.2	2934	T	G	97281	13634	41	2	0	34	2.05556e-05	97297	1	FALSE	NA	NA	NA	NA	NA	NA
NC_045512.2	2934	T	C	97281	13634	41	11	0	34	0.000113056	97297	1	FALSE	NA	NA	NA	NA	NA	NA
NC_045512.2	2934	T	A	97281	13634	41	3	0	34	3.08334e-05	97297	1	FALSE	NA	NA	NA	NA	NA	NA
NC_045512.2	2935	T	C	97010	13692	41	20	2	39	0.00020612	97031	1	FALSE	NA	NA	NA	NA	NA	NA
NC_045512.2	2935	T	A	97010	13692	41	1	0	34	1.0306e-05	97031	1	FALSE	NA	NA	NA	NA	NA	NA
NC_045512.2	2936	A	T	95397	13903	41	1	0	34	1.04815e-05	95406	1	FALSE	NA	NA	NA	NA	NA	NA
NC_045512.2	2936	A	G	95397	13903	41	8	2	41	8.38522e-05	95406	0.685478	FALSE	NA	NA	NA	NA	NA	NA
NC_045512.2	2937	C	T	95332	13949	41	4	0	42	4.19525e-05	95346	0.953846	FALSE	NA	NA	NA	NA	NA	NA
NC_045512.2	2937	C	G	95332	13949	41	7	0	30	7.34168e-05	95346	1	FALSE	NA	NA	NA	NA	NA	NA
NC_045512.2	2937	C	A	95332	13949	41	3	0	34	3.14644e-05	95346	1	FALSE	NA	NA	NA	NA	NA	NA
NC_045512.2	2938	A	T	95396	14031	41	1	0	27	1.04815e-05	95406	1	FALSE	NA	NA	NA	NA	NA	NA
NC_045512.2	2938	A	G	95396	14031	41	8	2	35	8.38522e-05	95406	1	FALSE	NA	NA	NA	NA	NA	NA
NC_045512.2	2938	A	C	95396	14031	41	1	0	24	1.04815e-05	95406	1	FALSE	NA	NA	NA	NA	NA	NA
NC_045512.2	2939	C	T	91258	15187	41	5	0	34	5.47855e-05	91265	1	FALSE	NA	NA	NA	NA	NA	NA
NC_045512.2	2939	C	G	91258	15187	41	1	0	26	1.09571e-05	91265	1	FALSE	NA	NA	NA	NA	NA	NA
NC_045512.2	2939	C	A	91258	15187	41	1	0	34	1.09571e-05	91265	1	FALSE	NA	NA	NA	NA	NA	NA
NC_045512.2	2940	C	T	73801	18862	39	3	1	30	4.06482e-05	73804	1	FALSE	NA	NA	NA	NA	NA	NA
NC_045512.2	2941	A	G	73899	18581	39	8	2	32	0.000108244	73907	1	FALSE	NA	NA	NA	NA	NA	NA
NC_045512.2	2942	C	T	70415	19749	39	7	0	34	9.93895e-05	70430	1	FALSE	NA	NA	NA	NA	NA	NA
NC_045512.2	2942	C	A	70415	19749	39	8	0	30	0.000113588	70430	1	FALSE	NA	NA	NA	NA	NA	NA
NC_045512.2	2943	T	C	70128	19374	39	2	0	34	2.85181e-05	70131	1	FALSE	NA	NA	NA	NA	NA	NA
NC_045512.2	2943	T	A	70128	19374	39	1	1	68	1.4259e-05	70131	0.499996	FALSE	NA	NA	NA	NA	NA	NA
NC_045512.2	2943	T	-G	70128	19374	39	1	0	20	1.4259e-05	70131	1	FALSE	NA	NA	NA	NA	NA	NA
NC_045512.2	2944	G	T	70519	19521	39	2	0	34	2.83587e-05	70525	1	FALSE	NA	NA	NA	NA	NA	NA
NC_045512.2	2944	G	A	70519	19521	39	4	1	34	5.67175e-05	70525	1	FALSE	NA	NA	NA	NA	NA	NA
NC_045512.2	2945	G	T	70547	19528	39	2	0	51	2.83471e-05	70554	0.249984	FALSE	NA	NA	NA	NA	NA	NA
NC_045512.2	2945	G	C	70547	19528	39	1	0	34	1.41735e-05	70554	1	FALSE	NA	NA	NA	NA	NA	NA
NC_045512.2	2945	G	A	70547	19528	39	4	0	34	5.66942e-05	70554	1	FALSE	NA	NA	NA	NA	NA	NA
NC_045512.2	2946	G	T	70701	19412	39	2	0	34	2.82797e-05	70722	1	FALSE	NA	NA	NA	NA	NA	NA
NC_045512.2	2946	G	C	70701	19412	39	2	0	34	2.82797e-05	70722	1	FALSE	NA	NA	NA	NA	NA	NA
NC_045512.2	2946	G	A	70701	19412	39	17	8	34	0.000240378	70722	1	FALSE	NA	NA	NA	NA	NA	NA
NC_045512.2	2947	C	T	67413	19934	39	3	1	45	4.44992e-05	67417	0.910164	FALSE	NA	NA	NA	NA	NA	NA
NC_045512.2	2947	C	A	67413	19934	39	1	0	34	1.48331e-05	67417	1	FALSE	NA	NA	NA	NA	NA	NA
NC_045512.2	2948	A	G	66410	19819	38	6	2	32	9.03397e-05	66416	1	FALSE	NA	NA	NA	NA	NA	NA
NC_045512.2	2949	T	C	66187	20080	38	7	3	31	0.00010575	66194	1	FALSE	NA	NA	NA	NA	NA	NA
NC_045512.2	2950	T	C	66127	21723	39	3	2	53	4.53645e-05	66131	0.124997	FALSE	NA	NA	NA	NA	NA	NA
NC_045512.2	2950	T	A	66127	21723	39	1	1	34	1.51215e-05	66131	1	FALSE	NA	NA	NA	NA	NA	NA
NC_045512.2	2951	G	A	66880	21626	39	1	0	34	1.49519e-05	66881	1	FALSE	NA	NA	NA	NA	NA	NA
NC_045512.2	2952	A	G	68281	22218	39	9	0	33	0.000131791	68290	1	FALSE	NA	NA	NA	NA	NA	NA
NC_045512.2	2953	T	C	67882	22060	39	5	3	32	7.36496e-05	67889	1	FALSE	NA	NA	NA	NA	NA	NA
NC_045512.2	2953	T	A	67882	22060	39	2	0	26	2.94599e-05	67889	1	FALSE	NA	NA	NA	NA	NA	NA
NC_045512.2	2954	T	G	67904	22040	39	5	1	32	7.36171e-05	67919	1	FALSE	NA	NA	NA	NA	NA	NA
NC_045512.2	2954	T	C	67904	22040	39	9	5	30	0.000132511	67919	1	FALSE	NA	NA	NA	NA	NA	NA
NC_045512.2	2954	T	A	67904	22040	39	1	0	34	1.47234e-05	67919	1	FALSE	NA	NA	NA	NA	NA	NA
NC_045512.2	2955	T	C	67827	22798	39	6	0	39	8.84525e-05	67833	1	FALSE	NA	NA	NA	NA	NA	NA
NC_045512.2	2956	A	T	67515	22823	39	1	0	34	1.48069e-05	67536	1	FALSE	NA	NA	NA	NA	NA	NA
NC_045512.2	2956	A	G	67515	22823	39	19	2	37	0.000281331	67536	1	FALSE	NA	NA	NA	NA	NA	NA
NC_045512.2	2956	A	C	67515	22823	39	1	0	68	1.48069e-05	67536	0.49993	FALSE	NA	NA	NA	NA	NA	NA
NC_045512.2	2957	G	T	67758	22844	39	3	3	34	4.42719e-05	67763	1	FALSE	NA	NA	NA	NA	NA	NA
NC_045512.2	2957	G	C	67758	22844	39	1	1	34	1.47573e-05	67763	1	FALSE	NA	NA	NA	NA	NA	NA
NC_045512.2	2957	G	A	67758	22844	39	1	0	26	1.47573e-05	67763	1	FALSE	NA	NA	NA	NA	NA	NA
NC_045512.2	2957	G	-A	67758	22844	39	1	0	20	1.47573e-05	67763	1	FALSE	NA	NA	NA	NA	NA	NA
NC_045512.2	2958	A	G	66199	23165	38	4	3	40	6.04202e-05	66203	0.828134	FALSE	NA	NA	NA	NA	NA	NA
NC_045512.2	2959	T	C	66654	23325	39	5	5	40	7.50064e-05	66661	0.725586	FALSE	NA	NA	NA	NA	NA	NA
NC_045512.2	2959	T	A	66654	23325	39	2	2	34	3.00026e-05	66661	1	FALSE	NA	NA	NA	NA	NA	NA
NC_045512.2	2960	G	T	63933	23896	38	1	0	34	1.56409e-05	63935	1	FALSE	NA	NA	NA	NA	NA	NA
NC_045512.2	2960	G	C	63933	23896	38	1	1	34	1.56409e-05	63935	1	FALSE	NA	NA	NA	NA	NA	NA
NC_045512.2	2961	A	G	64696	24314	39	7	1	42	0.000108185	64704	0.5	FALSE	NA	NA	NA	NA	NA	NA
NC_045512.2	2961	A	C	64696	24314	39	1	1	34	1.5455e-05	64704	1	FALSE	NA	NA	NA	NA	NA	NA
NC_045512.2	2962	G	T	65473	24278	38	1	0	34	1.52732e-05	65474	1	FALSE	NA	NA	NA	NA	NA	NA
NC_045512.2	2963	T	C	65447	24423	38	1	1	34	1.52784e-05	65452	1	FALSE	NA	NA	NA	NA	NA	NA
NC_045512.2	2963	T	A	65447	24423	38	4	0	34	6.11135e-05	65452	1	FALSE	NA	NA	NA	NA	NA	NA
NC_045512.2	2963	T	-G	65447	24423	38	7390	0	20	0.112907	65452	0	TRUE	NA	NA	NA	NA	NA	NA
NC_045512.2	2964	G	T	58122	21574	38	60	60	33	0.00103096	58198	0.44479	FALSE	NA	NA	NA	NA	NA	NA
NC_045512.2	2964	G	A	58122	21574	38	16	8	51	0.000274924	58198	5.60447e-06	TRUE	NA	NA	NA	NA	NA	NA
NC_045512.2	2965	G	T	66309	25046	38	3	1	45	4.51937e-05	66381	0.909911	FALSE	NA	NA	NA	NA	NA	NA
NC_045512.2	2965	G	C	66309	25046	38	1	1	68	1.50646e-05	66381	0.499736	FALSE	NA	NA	NA	NA	NA	NA
NC_045512.2	2965	G	A	66309	25046	38	68	4	33	0.00102439	66381	0.465479	FALSE	NA	NA	NA	NA	NA	NA
NC_045512.2	2965	G	-A	66309	25046	38	3	0	20	4.51937e-05	66381	1	FALSE	NA	NA	NA	NA	NA	NA
NC_045512.2	2966	A	T	65956	24950	38	1	0	24	1.51591e-05	65967	1	FALSE	NA	NA	NA	NA	NA	NA
NC_045512.2	2966	A	G	65956	24950	38	10	2	39	0.000151591	65967	1	FALSE	NA	NA	NA	NA	NA	NA
NC_045512.2	2967	G	T	66375	24865	38	4	0	34	6.02546e-05	66385	1	FALSE	NA	NA	NA	NA	NA	NA
NC_045512.2	2967	G	A	66375	24865	38	6	2	34	9.03819e-05	66385	1	FALSE	NA	NA	NA	NA	NA	NA
NC_045512.2	2968	T	G	66156	25924	38	1	0	34	1.51142e-05	66163	1	FALSE	NA	NA	NA	NA	NA	NA
NC_045512.2	2968	T	C	66156	25924	38	5	3	34	7.55709e-05	66163	1	FALSE	NA	NA	NA	NA	NA	NA
NC_045512.2	2968	T	A	66156	25924	38	1	0	34	1.51142e-05	66163	1	FALSE	NA	NA	NA	NA	NA	NA
NC_045512.2	2969	A	T	66242	25789	38	2	1	51	3.01891e-05	66249	0.249983	FALSE	NA	NA	NA	NA	NA	NA
NC_045512.2	2969	A	G	66242	25789	38	5	3	34	7.54728e-05	66249	1	FALSE	NA	NA	NA	NA	NA	NA
NC_045512.2	2970	T	C	66764	26063	38	4	3	32	5.9908e-05	66769	1	FALSE	NA	NA	NA	NA	NA	NA
NC_045512.2	2970	T	A	66764	26063	38	1	1	34	1.4977e-05	66769	1	FALSE	NA	NA	NA	NA	NA	NA
NC_045512.2	2971	G	C	65926	25239	38	1	0	34	1.51676e-05	65930	1	FALSE	NA	NA	NA	NA	NA	NA
NC_045512.2	2971	G	A	65926	25239	38	3	1	34	4.55028e-05	65930	1	FALSE	NA	NA	NA	NA	NA	NA
NC_045512.2	2972	G	T	67281	25233	38	2	0	34	2.97217e-05	67291	1	FALSE	NA	NA	NA	NA	NA	NA
NC_045512.2	2972	G	C	67281	25233	38	1	0	34	1.48608e-05	67291	1	FALSE	NA	NA	NA	NA	NA	NA
NC_045512.2	2972	G	A	67281	25233	38	7	4	48	0.000104026	67291	0.499978	FALSE	NA	NA	NA	NA	NA	NA
NC_045512.2	2973	C	T	67661	26423	38	5	3	34	7.38891e-05	67669	1	FALSE	NA	NA	NA	NA	NA	NA
NC_045512.2	2973	C	G	67661	26423	38	3	1	28	4.43334e-05	67669	1	FALSE	NA	NA	NA	NA	NA	NA
NC_045512.2	2974	T	G	66299	25152	38	2	0	34	3.016e-05	66313	1	FALSE	NA	NA	NA	NA	NA	NA
NC_045512.2	2974	T	C	66299	25152	38	9	2	36	0.00013572	66313	1	FALSE	NA	NA	NA	NA	NA	NA
NC_045512.2	2974	T	A	66299	25152	38	3	0	31	4.524e-05	66313	1	FALSE	NA	NA	NA	NA	NA	NA
NC_045512.2	2975	A	T	67058	25106	38	4	0	51	5.96436e-05	67065	0.0624935	FALSE	NA	NA	NA	NA	NA	NA
NC_045512.2	2975	A	G	67058	25106	38	3	1	34	4.47327e-05	67065	1	FALSE	NA	NA	NA	NA	NA	NA
NC_045512.2	2976	C	A	65337	25139	38	1	1	34	1.5305e-05	65338	1	FALSE	NA	NA	NA	NA	NA	NA
NC_045512.2	2977	A	T	65217	25222	38	1	1	24	1.53325e-05	65221	1	FALSE	NA	NA	NA	NA	NA	NA
NC_045512.2	2977	A	G	65217	25222	38	3	2	34	4.59975e-05	65221	1	FALSE	NA	NA	NA	NA	NA	NA
NC_045512.2	2978	T	C	65574	25277	38	5	0	34	7.62428e-05	65580	1	FALSE	NA	NA	NA	NA	NA	NA
NC_045512.2	2978	T	A	65574	25277	38	1	0	34	1.52486e-05	65580	1	FALSE	NA	NA	NA	NA	NA	NA
NC_045512.2	2979	A	T	62766	25317	38	2	1	34	3.18618e-05	62771	1	FALSE	NA	NA	NA	NA	NA	NA
NC_045512.2	2979	A	G	62766	25317	38	2	0	30	3.18618e-05	62771	1	FALSE	NA	NA	NA	NA	NA	NA
NC_045512.2	2979	A	C	62766	25317	38	1	1	34	1.59309e-05	62771	1	FALSE	NA	NA	NA	NA	NA	NA
NC_045512.2	2980	C	T	62851	25785	38	3	0	34	4.77297e-05	62854	1	FALSE	NA	NA	NA	NA	NA	NA
NC_045512.2	2981	T	C	61621	24585	38	6	5	36	9.73568e-05	61629	1	FALSE	NA	NA	NA	NA	NA	NA
NC_045512.2	2981	T	A	61621	24585	38	2	0	26	3.24523e-05	61629	1	FALSE	NA	NA	NA	NA	NA	NA
NC_045512.2	2982	A	G	61707	24349	37	9	3	49	0.000145829	61716	0.303619	FALSE	NA	NA	NA	NA	NA	NA
NC_045512.2	2983	C	T	55879	27067	37	2	0	34	3.57878e-05	55885	1	FALSE	NA	NA	NA	NA	NA	NA
NC_045512.2	2983	C	G	55879	27067	37	3	0	31	5.36817e-05	55885	1	FALSE	NA	NA	NA	NA	NA	NA
NC_045512.2	2983	C	A	55879	27067	37	1	1	34	1.78939e-05	55885	1	FALSE	NA	NA	NA	NA	NA	NA
NC_045512.2	2983	C	-T	55879	27067	37	1	0	20	1.78939e-05	55885	1	FALSE	NA	NA	NA	NA	NA	NA
NC_045512.2	2984	T	C	55213	26441	37	1	0	34	1.81113e-05	55214	1	FALSE	NA	NA	NA	NA	NA	NA
NC_045512.2	2985	T	C	56776	27907	37	3	2	34	5.28346e-05	56781	1	FALSE	NA	NA	NA	NA	NA	NA
NC_045512.2	2985	T	A	56776	27907	37	2	2	34	3.5223e-05	56781	1	FALSE	NA	NA	NA	NA	NA	NA
NC_045512.2	2986	A	T	55254	28069	37	1	1	34	1.80963e-05	55260	1	FALSE	NA	NA	NA	NA	NA	NA
NC_045512.2	2986	A	G	55254	28069	37	4	1	34	7.23851e-05	55260	1	FALSE	NA	NA	NA	NA	NA	NA
NC_045512.2	2986	A	C	55254	28069	37	1	1	34	1.80963e-05	55260	1	FALSE	NA	NA	NA	NA	NA	NA
NC_045512.2	2987	T	G	55329	28263	37	1	0	26	1.80688e-05	55344	1	FALSE	NA	NA	NA	NA	NA	NA
NC_045512.2	2987	T	C	55329	28263	37	4	3	32	7.22752e-05	55344	1	FALSE	NA	NA	NA	NA	NA	NA
NC_045512.2	2987	T	A	55329	28263	37	10	1	33	0.000180688	55344	1	FALSE	NA	NA	NA	NA	NA	NA
NC_045512.2	2988	T	C	54644	27658	36	3	2	34	5.48978e-05	54647	1	FALSE	NA	NA	NA	NA	NA	NA
NC_045512.2	2989	T	G	54725	27955	37	1	0	26	1.82718e-05	54729	1	FALSE	NA	NA	NA	NA	NA	NA
NC_045512.2	2989	T	C	54725	27955	37	3	1	34	5.48155e-05	54729	1	FALSE	NA	NA	NA	NA	NA	NA
NC_045512.2	2990	G	T	54666	27873	37	4	2	32	7.31623e-05	54673	1	FALSE	NA	NA	NA	NA	NA	NA
NC_045512.2	2990	G	C	54666	27873	37	1	1	34	1.82906e-05	54673	1	FALSE	NA	NA	NA	NA	NA	NA
NC_045512.2	2990	G	A	54666	27873	37	2	1	34	3.65811e-05	54673	1	FALSE	NA	NA	NA	NA	NA	NA
NC_045512.2	2991	A	T	54704	28364	37	1	1	34	1.82775e-05	54712	1	FALSE	NA	NA	NA	NA	NA	NA
NC_045512.2	2991	A	G	54704	28364	37	6	6	34	0.000109665	54712	1	FALSE	NA	NA	NA	NA	NA	NA
NC_045512.2	2991	A	C	54704	28364	37	1	1	34	1.82775e-05	54712	1	FALSE	NA	NA	NA	NA	NA	NA
NC_045512.2	2992	T	C	55394	29239	37	3	0	45	5.41546e-05	55397	0.855484	FALSE	NA	NA	NA	NA	NA	NA
NC_045512.2	2993	G	T	55403	29326	37	1	0	34	1.80486e-05	55406	1	FALSE	NA	NA	NA	NA	NA	NA
NC_045512.2	2993	G	A	55403	29326	37	2	0	34	3.60972e-05	55406	1	FALSE	NA	NA	NA	NA	NA	NA
NC_045512.2	2994	A	T	56521	29577	37	2	2	30	3.53794e-05	56530	1	FALSE	NA	NA	NA	NA	NA	NA
NC_045512.2	2994	A	G	56521	29577	37	7	3	32	0.000123828	56530	1	FALSE	NA	NA	NA	NA	NA	NA
NC_045512.2	2995	G	T	56253	29342	37	1	0	34	1.77762e-05	56255	1	FALSE	NA	NA	NA	NA	NA	NA
NC_045512.2	2995	G	C	56253	29342	37	1	1	26	1.77762e-05	56255	1	FALSE	NA	NA	NA	NA	NA	NA
NC_045512.2	2996	T	C	56279	29450	37	3	1	34	5.3303e-05	56282	1	FALSE	NA	NA	NA	NA	NA	NA
NC_045512.2	2997	C	G	56393	29578	37	1	0	34	1.77324e-05	56394	1	FALSE	NA	NA	NA	NA	NA	NA
NC_045512.2	2998	T	C	56291	29448	37	2	0	34	3.55284e-05	56293	1	FALSE	NA	NA	NA	NA	NA	NA
NC_045512.2	2998	T	-G	56291	29448	37	1	0	20	1.77642e-05	56293	1	FALSE	NA	NA	NA	NA	NA	NA
NC_045512.2	2999	G	C	56255	29350	37	1	1	34	1.77759e-05	56256	1	FALSE	NA	NA	NA	NA	NA	NA
NC_045512.2	3000	G	A	56778	29976	37	2	1	34	3.52237e-05	56780	1	FALSE	NA	NA	NA	NA	NA	NA
NC_045512.2	3001	T	C	57037	30571	37	2	1	40	3.50637e-05	57039	0.937509	FALSE	NA	NA	NA	NA	NA	NA
NC_045512.2	3002	G	T	57396	30880	37	1	1	34	1.74219e-05	57399	1	FALSE	NA	NA	NA	NA	NA	NA
NC_045512.2	3002	G	C	57396	30880	37	1	1	27	1.74219e-05	57399	1	FALSE	NA	NA	NA	NA	NA	NA
NC_045512.2	3002	G	A	57396	30880	37	1	1	34	1.74219e-05	57399	1	FALSE	NA	NA	NA	NA	NA	NA
NC_045512.2	3003	A	T	55389	29629	37	1	1	26	1.80515e-05	55397	1	FALSE	NA	NA	NA	NA	NA	NA
NC_045512.2	3003	A	G	55389	29629	37	6	3	38	0.000108309	55397	1	FALSE	NA	NA	NA	NA	NA	NA
NC_045512.2	3003	A	C	55389	29629	37	1	1	34	1.80515e-05	55397	1	FALSE	NA	NA	NA	NA	NA	NA
NC_045512.2	3004	G	T	55779	29496	37	2	2	30	3.58519e-05	55785	1	FALSE	NA	NA	NA	NA	NA	NA
NC_045512.2	3004	G	C	55779	29496	37	2	2	34	3.58519e-05	55785	1	FALSE	NA	NA	NA	NA	NA	NA
NC_045512.2	3004	G	A	55779	29496	37	2	0	34	3.58519e-05	55785	1	FALSE	NA	NA	NA	NA	NA	NA
NC_045512.2	3005	T	G	50489	24320	35	4	0	30	7.92142e-05	50496	1	FALSE	NA	NA	NA	NA	NA	NA
NC_045512.2	3005	T	C	50489	24320	35	2	1	34	3.96071e-05	50496	1	FALSE	NA	NA	NA	NA	NA	NA
NC_045512.2	3005	T	A	50489	24320	35	1	0	34	1.98035e-05	50496	1	FALSE	NA	NA	NA	NA	NA	NA
NC_045512.2	3006	T	G	56699	30651	37	3	0	31	5.28951e-05	56716	1	FALSE	NA	NA	NA	NA	NA	NA
NC_045512.2	3006	T	C	56699	30651	37	11	8	32	0.000193949	56716	1	FALSE	NA	NA	NA	NA	NA	NA
NC_045512.2	3006	T	A	56699	30651	37	3	0	31	5.28951e-05	56716	1	FALSE	NA	NA	NA	NA	NA	NA
NC_045512.2	3007	T	G	58028	32121	37	1	0	34	1.72313e-05	58034	1	FALSE	NA	NA	NA	NA	NA	NA
NC_045512.2	3007	T	C	58028	32121	37	3	1	56	5.16938e-05	58034	0.12499	FALSE	NA	NA	NA	NA	NA	NA
NC_045512.2	3007	T	A	58028	32121	37	2	1	34	3.44626e-05	58034	1	FALSE	NA	NA	NA	NA	NA	NA
NC_045512.2	3008	A	G	57721	31786	37	2	2	30	3.46476e-05	57724	1	FALSE	NA	NA	NA	NA	NA	NA
NC_045512.2	3008	A	C	57721	31786	37	1	1	34	1.73238e-05	57724	1	FALSE	NA	NA	NA	NA	NA	NA
NC_045512.2	3009	A	T	60766	35513	38	1	1	24	1.64547e-05	60773	1	FALSE	NA	NA	NA	NA	NA	NA
NC_045512.2	3009	A	G	60766	35513	38	4	2	40	6.58187e-05	60773	0.828122	FALSE	NA	NA	NA	NA	NA	NA
NC_045512.2	3009	A	C	60766	35513	38	2	0	26	3.29094e-05	60773	1	FALSE	NA	NA	NA	NA	NA	NA
NC_045512.2	3010	A	G	60333	35726	37	1	0	34	1.65741e-05	60335	1	FALSE	NA	NA	NA	NA	NA	NA
NC_045512.2	3010	A	C	60333	35726	37	1	0	34	1.65741e-05	60335	1	FALSE	NA	NA	NA	NA	NA	NA
NC_045512.2	3011	T	G	61580	36735	38	7	0	31	0.000113655	61590	1	FALSE	NA	NA	NA	NA	NA	NA
NC_045512.2	3011	T	C	61580	36735	38	1	1	34	1.62364e-05	61590	1	FALSE	NA	NA	NA	NA	NA	NA
NC_045512.2	3011	T	A	61580	36735	38	2	0	30	3.24728e-05	61590	1	FALSE	NA	NA	NA	NA	NA	NA
NC_045512.2	3012	T	G	61738	37049	38	2	0	34	3.23902e-05	61747	1	FALSE	NA	NA	NA	NA	NA	NA
NC_045512.2	3012	T	C	61738	37049	38	7	7	34	0.000113366	61747	1	FALSE	NA	NA	NA	NA	NA	NA
NC_045512.2	3013	G	A	60946	36088	38	2	1	34	3.28149e-05	60948	1	FALSE	NA	NA	NA	NA	NA	NA
NC_045512.2	3014	G	T	60896	36066	38	2	2	34	3.28386e-05	60904	1	FALSE	NA	NA	NA	NA	NA	NA
NC_045512.2	3014	G	C	60896	36066	38	1	1	34	1.64193e-05	60904	1	FALSE	NA	NA	NA	NA	NA	NA
NC_045512.2	3014	G	A	60896	36066	38	5	2	32	8.20964e-05	60904	1	FALSE	NA	NA	NA	NA	NA	NA
NC_045512.2	3015	C	T	64032	39910	38	7	3	32	0.000109307	64040	1	FALSE	NA	NA	NA	NA	NA	NA
NC_045512.2	3015	C	A	64032	39910	38	1	1	34	1.56152e-05	64040	1	FALSE	NA	NA	NA	NA	NA	NA
NC_045512.2	3016	T	C	62171	37897	38	4	4	34	6.43345e-05	62175	1	FALSE	NA	NA	NA	NA	NA	NA
NC_045512.2	3017	T	C	68376	44999	39	7	5	32	0.000102362	68385	1	FALSE	NA	NA	NA	NA	NA	NA
NC_045512.2	3017	T	A	68376	44999	39	2	0	34	2.92462e-05	68385	1	FALSE	NA	NA	NA	NA	NA	NA
NC_045512.2	3018	C	T	68328	45021	39	1	1	34	1.46351e-05	68329	1	FALSE	NA	NA	NA	NA	NA	NA
NC_045512.2	3019	A	T	68596	45306	39	1	1	34	1.45764e-05	68604	1	FALSE	NA	NA	NA	NA	NA	NA
NC_045512.2	3019	A	G	68596	45306	39	6	2	31	8.74585e-05	68604	1	FALSE	NA	NA	NA	NA	NA	NA
NC_045512.2	3019	A	C	68596	45306	39	1	1	26	1.45764e-05	68604	1	FALSE	NA	NA	NA	NA	NA	NA
NC_045512.2	3020	C	T	69506	45515	39	3	0	34	4.31549e-05	69517	1	FALSE	NA	NA	NA	NA	NA	NA
NC_045512.2	3020	C	G	69506	45515	39	3	0	26	4.31549e-05	69517	1	FALSE	NA	NA	NA	NA	NA	NA
NC_045512.2	3020	C	A	69506	45515	39	5	1	34	7.19249e-05	69517	1	FALSE	NA	NA	NA	NA	NA	NA
NC_045512.2	3021	A	T	69502	45691	39	1	1	34	1.4387e-05	69507	1	FALSE	NA	NA	NA	NA	NA	NA
NC_045512.2	3021	A	G	69502	45691	39	3	2	30	4.31611e-05	69507	1	FALSE	NA	NA	NA	NA	NA	NA
NC_045512.2	3021	A	C	69502	45691	39	1	0	34	1.4387e-05	69507	1	FALSE	NA	NA	NA	NA	NA	NA
NC_045512.2	3022	T	C	74352	52048	39	5	4	47	6.72432e-05	74357	0.806169	FALSE	NA	NA	NA	NA	NA	NA
NC_045512.2	3023	A	T	74209	52033	39	1	0	34	1.34745e-05	74214	1	FALSE	NA	NA	NA	NA	NA	NA
NC_045512.2	3023	A	G	74209	52033	39	3	2	53	4.04236e-05	74214	0.124995	FALSE	NA	NA	NA	NA	NA	NA
NC_045512.2	3023	A	C	74209	52033	39	1	1	34	1.34745e-05	74214	1	FALSE	NA	NA	NA	NA	NA	NA
NC_045512.2	3024	T	C	74577	52498	40	2	2	34	2.68172e-05	74579	1	FALSE	NA	NA	NA	NA	NA	NA
NC_045512.2	3025	G	T	74957	52450	40	4	4	42	5.33597e-05	74963	0.886723	FALSE	NA	NA	NA	NA	NA	NA
NC_045512.2	3025	G	A	74957	52450	40	2	1	34	2.66798e-05	74963	1	FALSE	NA	NA	NA	NA	NA	NA
NC_045512.2	3026	T	C	74077	51760	39	8	4	34	0.000107983	74086	1	FALSE	NA	NA	NA	NA	NA	NA
NC_045512.2	3026	T	A	74077	51760	39	1	0	34	1.34978e-05	74086	1	FALSE	NA	NA	NA	NA	NA	NA
NC_045512.2	3027	A	T	75150	52991	40	3	2	45	3.99159e-05	75158	0.945309	FALSE	NA	NA	NA	NA	NA	NA
NC_045512.2	3027	A	G	75150	52991	40	2	0	51	2.66106e-05	75158	0.249982	FALSE	NA	NA	NA	NA	NA	NA
NC_045512.2	3027	A	C	75150	52991	40	3	2	28	3.99159e-05	75158	1	FALSE	NA	NA	NA	NA	NA	NA
NC_045512.2	3028	T	G	71948	54545	38	1	0	27	1.38972e-05	71957	1	FALSE	NA	NA	NA	NA	NA	NA
NC_045512.2	3028	T	C	71948	54545	38	6	5	32	8.33831e-05	71957	1	FALSE	NA	NA	NA	NA	NA	NA
NC_045512.2	3028	T	A	71948	54545	38	2	2	34	2.77944e-05	71957	1	FALSE	NA	NA	NA	NA	NA	NA
NC_045512.2	3029	T	C	68246	51605	38	6	5	39	8.79095e-05	68252	1	FALSE	NA	NA	NA	NA	NA	NA
NC_045512.2	3030	G	C	68348	51656	38	3	3	29	4.38904e-05	68352	1	FALSE	NA	NA	NA	NA	NA	NA
NC_045512.2	3030	G	A	68348	51656	38	1	1	34	1.46301e-05	68352	1	FALSE	NA	NA	NA	NA	NA	NA
NC_045512.2	3031	T	G	67992	51624	38	1	0	34	1.47059e-05	68000	1	FALSE	NA	NA	NA	NA	NA	NA
NC_045512.2	3031	T	C	67992	51624	38	6	5	44	8.82353e-05	68000	0.612788	FALSE	NA	NA	NA	NA	NA	NA
NC_045512.2	3031	T	A	67992	51624	38	1	1	34	1.47059e-05	68000	1	FALSE	NA	NA	NA	NA	NA	NA
NC_045512.2	3032	T	C	67602	51346	38	8	7	31	0.000118322	67612	1	FALSE	NA	NA	NA	NA	NA	NA
NC_045512.2	3032	T	A	67602	51346	38	2	1	25	2.95805e-05	67612	1	FALSE	NA	NA	NA	NA	NA	NA
NC_045512.2	3033	C	A	67716	53064	38	3	3	34	4.43007e-05	67719	1	FALSE	NA	NA	NA	NA	NA	NA
NC_045512.2	3033	C	+T	67716	53064	38	1	0	20	1.47669e-05	67719	1	FALSE	NA	NA	NA	NA	NA	NA
NC_045512.2	3034	T	C	62401	47749	38	2	2	34	3.20497e-05	62403	1	FALSE	NA	NA	NA	NA	NA	NA
NC_045512.2	3035	T	C	63668	49180	38	10	10	33	0.000157038	63679	1	FALSE	NA	NA	NA	NA	NA	NA
NC_045512.2	3035	T	A	63668	49180	38	1	1	26	1.57038e-05	63679	1	FALSE	NA	NA	NA	NA	NA	NA
NC_045512.2	3036	T	G	56782	42352	36	2	1	30	3.52162e-05	56792	1	FALSE	NA	NA	NA	NA	NA	NA
NC_045512.2	3036	T	C	56782	42352	36	8	7	36	0.000140865	56792	1	FALSE	NA	NA	NA	NA	NA	NA
NC_045512.2	3036	T	-C	56782	42352	36	17	0	20	0.000299338	56792	1	FALSE	NA	NA	NA	NA	NA	NA
NC_045512.2	3037	C	T	5	5	34	63298	48920	38	0.999889	63305	0	TRUE	NA	NA	NA	NA	NA	NA
NC_045512.2	3037	C	G	5	5	34	2	1	30	3.15931e-05	63305	2.17114e-05	TRUE	NA	NA	NA	NA	NA	NA
NC_045512.2	3038	T	G	63042	48936	38	2	0	30	3.17148e-05	63062	1	FALSE	NA	NA	NA	NA	NA	NA
NC_045512.2	3038	T	C	63042	48936	38	17	16	33	0.000269576	63062	1	FALSE	NA	NA	NA	NA	NA	NA
NC_045512.2	3038	T	A	63042	48936	38	1	1	26	1.58574e-05	63062	1	FALSE	NA	NA	NA	NA	NA	NA
NC_045512.2	3039	A	G	63413	49133	38	12	9	36	0.000189194	63427	1	FALSE	NA	NA	NA	NA	NA	NA
NC_045512.2	3039	A	C	63413	49133	38	2	2	30	3.15323e-05	63427	1	FALSE	NA	NA	NA	NA	NA	NA
NC_045512.2	3039	A	+C	63413	49133	38	1	0	20	1.57662e-05	63427	1	FALSE	NA	NA	NA	NA	NA	NA
NC_045512.2	3040	C	T	63291	49644	38	10	9	37	0.000157975	63301	1	FALSE	NA	NA	NA	NA	NA	NA
NC_045512.2	3041	C	T	67863	55260	38	9	8	33	0.000132601	67873	1	FALSE	NA	NA	NA	NA	NA	NA
NC_045512.2	3041	C	A	67863	55260	38	1	1	34	1.47334e-05	67873	1	FALSE	NA	NA	NA	NA	NA	NA
NC_045512.2	3042	C	T	68421	55510	38	3	3	34	4.38443e-05	68424	1	FALSE	NA	NA	NA	NA	NA	NA
NC_045512.2	3043	T	C	67421	54483	38	10	9	40	0.0001483	67431	0.227245	FALSE	NA	NA	NA	NA	NA	NA
NC_045512.2	3044	C	G	67882	55061	38	3	0	29	4.41891e-05	67890	1	FALSE	NA	NA	NA	NA	NA	NA
NC_045512.2	3044	C	A	67882	55061	38	5	3	34	7.36485e-05	67890	1	FALSE	NA	NA	NA	NA	NA	NA
NC_045512.2	3045	C	T	67860	55079	38	5	2	54	7.36713e-05	67869	0.0312442	FALSE	NA	NA	NA	NA	NA	NA
NC_045512.2	3045	C	G	67860	55079	38	3	2	45	4.42028e-05	67869	0.910145	FALSE	NA	NA	NA	NA	NA	NA
NC_045512.2	3045	C	A	67860	55079	38	1	0	68	1.47343e-05	67869	0.499974	FALSE	NA	NA	NA	NA	NA	NA
NC_045512.2	3046	A	G	67772	54939	38	4	4	32	5.90179e-05	67776	1	FALSE	NA	NA	NA	NA	NA	NA
NC_045512.2	3046	A	+G	67772	54939	38	1	0	20	1.47545e-05	67776	1	FALSE	NA	NA	NA	NA	NA	NA
NC_045512.2	3047	G	T	67956	55132	38	3	3	34	4.41443e-05	67959	1	FALSE	NA	NA	NA	NA	NA	NA
NC_045512.2	3048	A	G	70015	57697	38	3	3	42	4.28461e-05	70018	0.945321	FALSE	NA	NA	NA	NA	NA	NA
NC_045512.2	3049	T	C	70248	57917	38	9	7	37	0.000128101	70257	1	FALSE	NA	NA	NA	NA	NA	NA
NC_045512.2	3050	G	T	70335	57944	38	2	2	34	2.84341e-05	70338	1	FALSE	NA	NA	NA	NA	NA	NA
NC_045512.2	3050	G	A	70335	57944	38	1	1	34	1.42171e-05	70338	1	FALSE	NA	NA	NA	NA	NA	NA
NC_045512.2	3051	A	T	68211	55888	39	1	1	34	1.46572e-05	68226	1	FALSE	NA	NA	NA	NA	NA	NA
NC_045512.2	3051	A	G	68211	55888	39	10	5	36	0.000146572	68226	1	FALSE	NA	NA	NA	NA	NA	NA
NC_045512.2	3051	A	C	68211	55888	39	4	4	34	5.86287e-05	68226	1	FALSE	NA	NA	NA	NA	NA	NA
NC_045512.2	3052	G	T	68001	55901	38	22	16	35	0.000323401	68027	1	FALSE	NA	NA	NA	NA	NA	NA
NC_045512.2	3052	G	C	68001	55901	38	3	3	31	4.41001e-05	68027	1	FALSE	NA	NA	NA	NA	NA	NA
NC_045512.2	3052	G	A	68001	55901	38	1	1	34	1.47e-05	68027	1	FALSE	NA	NA	NA	NA	NA	NA
NC_045512.2	3053	G	A	67086	55713	38	2	1	51	2.98116e-05	67088	0.250002	FALSE	NA	NA	NA	NA	NA	NA
NC_045512.2	3054	A	G	67427	56105	38	5	4	35	7.41488e-05	67432	1	FALSE	NA	NA	NA	NA	NA	NA
NC_045512.2	3055	T	C	67357	56072	38	3	3	45	4.45368e-05	67360	0.910167	FALSE	NA	NA	NA	NA	NA	NA
NC_045512.2	3056	G	T	66842	55542	38	3	3	34	4.48766e-05	66850	1	FALSE	NA	NA	NA	NA	NA	NA
NC_045512.2	3056	G	C	66842	55542	38	2	2	30	2.99177e-05	66850	1	FALSE	NA	NA	NA	NA	NA	NA
NC_045512.2	3056	G	A	66842	55542	38	3	3	34	4.48766e-05	66850	1	FALSE	NA	NA	NA	NA	NA	NA
NC_045512.2	3057	A	T	67192	55963	38	3	3	34	4.46422e-05	67201	1	FALSE	NA	NA	NA	NA	NA	NA
NC_045512.2	3057	A	G	67192	55963	38	6	6	34	8.92844e-05	67201	1	FALSE	NA	NA	NA	NA	NA	NA
NC_045512.2	3058	A	T	67094	56066	38	7	4	63	0.0001043	67114	0.00780598	TRUE	NA	NA	NA	NA	NA	NA
NC_045512.2	3058	A	G	67094	56066	38	13	10	35	0.0001937	67114	1	FALSE	NA	NA	NA	NA	NA	NA
NC_045512.2	3059	G	A	67224	56047	38	4	4	34	5.9499e-05	67228	1	FALSE	NA	NA	NA	NA	NA	NA
NC_045512.2	3060	A	G	67310	56381	38	4	4	34	5.9423e-05	67314	1	FALSE	NA	NA	NA	NA	NA	NA
NC_045512.2	3061	A	G	65750	55076	38	6	6	32	9.12464e-05	65756	1	FALSE	NA	NA	NA	NA	NA	NA
NC_045512.2	3062	G	C	65677	55095	38	7	7	31	0.000106566	65687	1	FALSE	NA	NA	NA	NA	NA	NA
NC_045512.2	3062	G	A	65677	55095	38	3	3	31	4.56711e-05	65687	1	FALSE	NA	NA	NA	NA	NA	NA
NC_045512.2	3062	G	-A	65677	55095	38	5	0	20	7.61186e-05	65687	1	FALSE	NA	NA	NA	NA	NA	NA
NC_045512.2	3063	A	T	65654	56210	38	3	3	28	4.5685e-05	65667	1	FALSE	NA	NA	NA	NA	NA	NA
NC_045512.2	3063	A	G	65654	56210	38	4	3	42	6.09134e-05	65667	0.828053	FALSE	NA	NA	NA	NA	NA	NA
NC_045512.2	3063	A	C	65654	56210	38	6	6	31	9.13701e-05	65667	1	FALSE	NA	NA	NA	NA	NA	NA
NC_045512.2	3064	A	T	65485	55971	37	7	6	41	0.000106854	65510	0.49981	FALSE	NA	NA	NA	NA	NA	NA
NC_045512.2	3064	A	G	65485	55971	37	17	14	34	0.000259502	65510	1	FALSE	NA	NA	NA	NA	NA	NA
NC_045512.2	3064	A	C	65485	55971	37	1	0	26	1.52648e-05	65510	1	FALSE	NA	NA	NA	NA	NA	NA
NC_045512.2	3065	G	T	65576	56073	38	4	4	30	6.09905e-05	65584	1	FALSE	NA	NA	NA	NA	NA	NA
NC_045512.2	3065	G	C	65576	56073	38	1	1	34	1.52476e-05	65584	1	FALSE	NA	NA	NA	NA	NA	NA
NC_045512.2	3065	G	A	65576	56073	38	3	3	31	4.57429e-05	65584	1	FALSE	NA	NA	NA	NA	NA	NA
NC_045512.2	3066	G	T	72706	65391	37	3	3	31	4.12558e-05	72717	1	FALSE	NA	NA	NA	NA	NA	NA
NC_045512.2	3066	G	C	72706	65391	37	1	1	34	1.37519e-05	72717	1	FALSE	NA	NA	NA	NA	NA	NA
NC_045512.2	3066	G	A	72706	65391	37	7	7	34	9.62636e-05	72717	1	FALSE	NA	NA	NA	NA	NA	NA
NC_045512.2	3067	T	C	77874	71234	38	4	3	51	5.13624e-05	77878	0.0624992	FALSE	NA	NA	NA	NA	NA	NA
NC_045512.2	3068	G	T	76987	70681	37	3	3	34	3.89651e-05	76992	1	FALSE	NA	NA	NA	NA	NA	NA
NC_045512.2	3068	G	A	76987	70681	37	2	2	34	2.59767e-05	76992	1	FALSE	NA	NA	NA	NA	NA	NA
NC_045512.2	3069	A	G	77707	71492	37	9	9	37	0.0001158	77720	1	FALSE	NA	NA	NA	NA	NA	NA
NC_045512.2	3069	A	C	77707	71492	37	4	4	32	5.14668e-05	77720	1	FALSE	NA	NA	NA	NA	NA	NA
NC_045512.2	3070	T	C	82678	77017	38	10	10	34	0.000120937	82688	1	FALSE	NA	NA	NA	NA	NA	NA
NC_045512.2	3071	T	C	82107	76664	38	4	3	31	4.87145e-05	82111	1	FALSE	NA	NA	NA	NA	NA	NA
NC_045512.2	3072	G	T	82291	76887	38	4	3	42	4.86009e-05	82303	0.926989	FALSE	NA	NA	NA	NA	NA	NA
NC_045512.2	3072	G	C	82291	76887	38	1	1	34	1.21502e-05	82303	1	FALSE	NA	NA	NA	NA	NA	NA
NC_045512.2	3072	G	A	82291	76887	38	7	7	34	8.50516e-05	82303	1	FALSE	NA	NA	NA	NA	NA	NA
NC_045512.2	3073	T	C	81302	76610	37	4	1	57	4.91963e-05	81307	0.0624977	FALSE	NA	NA	NA	NA	NA	NA
NC_045512.2	3073	T	A	81302	76610	37	1	1	34	1.22991e-05	81307	1	FALSE	NA	NA	NA	NA	NA	NA
NC_045512.2	3073	T	-GAA	81302	76610	37	1	0	20	1.22991e-05	81307	1	FALSE	NA	NA	NA	NA	NA	NA
NC_045512.2	3074	G	T	81086	76402	37	3	3	31	3.69955e-05	81091	1	FALSE	NA	NA	NA	NA	NA	NA
NC_045512.2	3074	G	A	81086	76402	37	2	2	34	2.46636e-05	81091	1	FALSE	NA	NA	NA	NA	NA	NA
NC_045512.2	3075	A	T	81006	76323	37	4	4	29	4.93724e-05	81017	1	FALSE	NA	NA	NA	NA	NA	NA
NC_045512.2	3075	A	G	81006	76323	37	7	5	29	8.64016e-05	81017	1	FALSE	NA	NA	NA	NA	NA	NA
NC_045512.2	3076	A	T	81048	76798	37	2	2	34	2.46737e-05	81058	1	FALSE	NA	NA	NA	NA	NA	NA
NC_045512.2	3076	A	G	81048	76798	37	8	8	38	9.86948e-05	81058	1	FALSE	NA	NA	NA	NA	NA	NA
NC_045512.2	3077	G	T	80879	76642	37	1	1	68	1.23635e-05	80883	0.499994	FALSE	NA	NA	NA	NA	NA	NA
NC_045512.2	3077	G	C	80879	76642	37	2	2	34	2.47271e-05	80883	1	FALSE	NA	NA	NA	NA	NA	NA
NC_045512.2	3077	G	A	80879	76642	37	1	1	34	1.23635e-05	80883	1	FALSE	NA	NA	NA	NA	NA	NA
NC_045512.2	3077	G	-A	80879	76642	37	1	0	20	1.23635e-05	80883	1	FALSE	NA	NA	NA	NA	NA	NA
NC_045512.2	3078	A	T	80618	76466	37	4	3	31	4.96118e-05	80626	1	FALSE	NA	NA	NA	NA	NA	NA
NC_045512.2	3078	A	G	80618	76466	37	3	3	34	3.72088e-05	80626	1	FALSE	NA	NA	NA	NA	NA	NA
NC_045512.2	3078	A	C	80618	76466	37	1	1	34	1.24029e-05	80626	1	FALSE	NA	NA	NA	NA	NA	NA
NC_045512.2	3079	A	G	80813	76666	37	5	4	32	6.18674e-05	80818	1	FALSE	NA	NA	NA	NA	NA	NA
NC_045512.2	3080	G	T	80707	76565	37	1	1	27	1.23897e-05	80712	1	FALSE	NA	NA	NA	NA	NA	NA
NC_045512.2	3080	G	C	80707	76565	37	1	1	26	1.23897e-05	80712	1	FALSE	NA	NA	NA	NA	NA	NA
NC_045512.2	3080	G	A	80707	76565	37	3	3	34	3.71692e-05	80712	1	FALSE	NA	NA	NA	NA	NA	NA
NC_045512.2	3080	G	-A	80707	76565	37	1	0	20	1.23897e-05	80712	1	FALSE	NA	NA	NA	NA	NA	NA
NC_045512.2	3081	A	G	80354	76555	36	6	3	51	7.46631e-05	80361	0.015623	FALSE	NA	NA	NA	NA	NA	NA
NC_045512.2	3081	A	C	80354	76555	36	1	1	26	1.24438e-05	80361	1	FALSE	NA	NA	NA	NA	NA	NA
NC_045512.2	3082	A	T	80423	76606	36	3	3	31	3.7294e-05	80442	1	FALSE	NA	NA	NA	NA	NA	NA
NC_045512.2	3082	A	G	80423	76606	36	15	15	33	0.00018647	80442	1	FALSE	NA	NA	NA	NA	NA	NA
NC_045512.2	3082	A	C	80423	76606	36	1	1	26	1.24313e-05	80442	1	FALSE	NA	NA	NA	NA	NA	NA
NC_045512.2	3083	G	T	80397	76807	36	1	1	34	1.24381e-05	80398	1	FALSE	NA	NA	NA	NA	NA	NA
NC_045512.2	3084	A	T	78668	75110	36	4	4	34	5.08395e-05	78679	1	FALSE	NA	NA	NA	NA	NA	NA
NC_045512.2	3084	A	G	78668	75110	36	7	6	38	8.89691e-05	78679	1	FALSE	NA	NA	NA	NA	NA	NA
NC_045512.2	3085	G	T	78652	75083	36	2	2	34	2.54269e-05	78657	1	FALSE	NA	NA	NA	NA	NA	NA
NC_045512.2	3085	G	C	78652	75083	36	1	1	34	1.27134e-05	78657	1	FALSE	NA	NA	NA	NA	NA	NA
NC_045512.2	3085	G	A	78652	75083	36	2	2	34	2.54269e-05	78657	1	FALSE	NA	NA	NA	NA	NA	NA
NC_045512.2	3085	G	-T	78652	75083	36	1	0	20	1.27134e-05	78657	1	FALSE	NA	NA	NA	NA	NA	NA
NC_045512.2	3086	T	G	55755	52391	33	2	2	34	3.58609e-05	55771	1	FALSE	NA	NA	NA	NA	NA	NA
NC_045512.2	3086	T	C	55755	52391	33	14	14	31	0.000251027	55771	1	FALSE	NA	NA	NA	NA	NA	NA
NC_045512.2	3087	T	G	76637	73295	36	2	2	34	2.60954e-05	76642	1	FALSE	NA	NA	NA	NA	NA	NA
NC_045512.2	3087	T	C	76637	73295	36	3	3	34	3.9143e-05	76642	1	FALSE	NA	NA	NA	NA	NA	NA
NC_045512.2	3088	T	C	76234	72943	36	13	13	33	0.000170496	76248	1	FALSE	NA	NA	NA	NA	NA	NA
NC_045512.2	3088	T	A	76234	72943	36	1	1	34	1.31151e-05	76248	1	FALSE	NA	NA	NA	NA	NA	NA
NC_045512.2	3089	G	T	76265	72973	36	5	5	32	6.55463e-05	76282	1	FALSE	NA	NA	NA	NA	NA	NA
NC_045512.2	3089	G	C	76265	72973	36	1	1	34	1.31093e-05	76282	1	FALSE	NA	NA	NA	NA	NA	NA
NC_045512.2	3089	G	A	76265	72973	36	11	10	40	0.000144202	76282	0.240284	FALSE	NA	NA	NA	NA	NA	NA
NC_045512.2	3090	A	G	76131	72860	36	192	182	37	0.00251559	76324	4.52661e-13	TRUE	NA	NA	NA	NA	NA	NA
NC_045512.2	3090	A	C	76131	72860	36	1	1	34	1.3102e-05	76324	1	FALSE	NA	NA	NA	NA	NA	NA
NC_045512.2	3091	G	T	76032	72768	36	4	4	34	5.26004e-05	76045	1	FALSE	NA	NA	NA	NA	NA	NA
NC_045512.2	3091	G	C	76032	72768	36	4	4	32	5.26004e-05	76045	1	FALSE	NA	NA	NA	NA	NA	NA
NC_045512.2	3091	G	A	76032	72768	36	5	5	34	6.57505e-05	76045	1	FALSE	NA	NA	NA	NA	NA	NA
NC_045512.2	3091	G	-C	76032	72768	36	1	0	20	1.31501e-05	76045	1	FALSE	NA	NA	NA	NA	NA	NA
NC_045512.2	3092	C	T	75683	72430	36	13	13	34	0.00017174	75696	1	FALSE	NA	NA	NA	NA	NA	NA
NC_045512.2	3093	C	T	74626	71380	36	6	6	34	8.03923e-05	74634	1	FALSE	NA	NA	NA	NA	NA	NA
NC_045512.2	3093	C	A	74626	71380	36	2	2	34	2.67974e-05	74634	1	FALSE	NA	NA	NA	NA	NA	NA
NC_045512.2	3094	A	T	73811	70584	36	1	1	26	1.35466e-05	73819	1	FALSE	NA	NA	NA	NA	NA	NA
NC_045512.2	3094	A	G	73811	70584	36	7	6	38	9.48265e-05	73819	1	FALSE	NA	NA	NA	NA	NA	NA
NC_045512.2	3095	T	G	73822	71099	36	3	3	34	4.06306e-05	73836	1	FALSE	NA	NA	NA	NA	NA	NA
NC_045512.2	3095	T	C	73822	71099	36	9	9	34	0.000121892	73836	1	FALSE	NA	NA	NA	NA	NA	NA
NC_045512.2	3095	T	A	73822	71099	36	2	2	34	2.70871e-05	73836	1	FALSE	NA	NA	NA	NA	NA	NA
NC_045512.2	3096	C	T	73751	71109	36	1	1	34	1.35586e-05	73754	1	FALSE	NA	NA	NA	NA	NA	NA
NC_045512.2	3096	C	G	73751	71109	36	1	1	34	1.35586e-05	73754	1	FALSE	NA	NA	NA	NA	NA	NA
NC_045512.2	3096	C	A	73751	71109	36	1	1	34	1.35586e-05	73754	1	FALSE	NA	NA	NA	NA	NA	NA
NC_045512.2	3097	A	G	73381	70741	36	5	5	34	6.8132e-05	73387	1	FALSE	NA	NA	NA	NA	NA	NA
NC_045512.2	3097	A	C	73381	70741	36	1	1	26	1.36264e-05	73387	1	FALSE	NA	NA	NA	NA	NA	NA
NC_045512.2	3098	A	G	73476	70878	35	10	9	40	0.00013608	73486	0.314529	FALSE	NA	NA	NA	NA	NA	NA
NC_045512.2	3099	C	A	73687	71096	36	6	6	34	8.14189e-05	73693	1	FALSE	NA	NA	NA	NA	NA	NA
NC_045512.2	3100	T	C	73115	70529	36	8	8	34	0.000109403	73124	1	FALSE	NA	NA	NA	NA	NA	NA
NC_045512.2	3100	T	A	73115	70529	36	1	1	34	1.36754e-05	73124	1	FALSE	NA	NA	NA	NA	NA	NA
NC_045512.2	3100	T	-C	73115	70529	36	1	0	20	1.36754e-05	73124	1	FALSE	NA	NA	NA	NA	NA	NA
NC_045512.2	3101	C	-A	73031	70442	36	1	0	20	1.36926e-05	73032	1	FALSE	NA	NA	NA	NA	NA	NA
NC_045512.2	3102	A	T	71176	68606	35	1	1	34	1.40481e-05	71184	1	FALSE	NA	NA	NA	NA	NA	NA
NC_045512.2	3102	A	G	71176	68606	35	6	4	43	8.42886e-05	71184	0.709464	FALSE	NA	NA	NA	NA	NA	NA
NC_045512.2	3102	A	C	71176	68606	35	1	1	34	1.40481e-05	71184	1	FALSE	NA	NA	NA	NA	NA	NA
NC_045512.2	3103	A	T	71849	69311	36	2	2	51	2.78331e-05	71857	0.249981	FALSE	NA	NA	NA	NA	NA	NA
NC_045512.2	3103	A	G	71849	69311	36	5	5	39	6.95826e-05	71857	1	FALSE	NA	NA	NA	NA	NA	NA
NC_045512.2	3103	A	C	71849	69311	36	1	1	34	1.39165e-05	71857	1	FALSE	NA	NA	NA	NA	NA	NA
NC_045512.2	3104	T	C	72005	69481	36	4	4	32	5.55486e-05	72009	1	FALSE	NA	NA	NA	NA	NA	NA
NC_045512.2	3105	A	T	71776	69525	35	1	1	26	1.39313e-05	71781	1	FALSE	NA	NA	NA	NA	NA	NA
NC_045512.2	3105	A	G	71776	69525	35	3	3	28	4.17938e-05	71781	1	FALSE	NA	NA	NA	NA	NA	NA
NC_045512.2	3105	A	C	71776	69525	35	1	1	34	1.39313e-05	71781	1	FALSE	NA	NA	NA	NA	NA	NA
NC_045512.2	3106	T	C	71619	69368	35	4	4	34	5.5848e-05	71623	1	FALSE	NA	NA	NA	NA	NA	NA
NC_045512.2	3106	T	-GAGTATG	71619	69368	35	1	0	20	1.3962e-05	71623	1	FALSE	NA	NA	NA	NA	NA	NA
NC_045512.2	3106	T	-G	71619	69368	35	1	0	20	1.3962e-05	71623	1	FALSE	NA	NA	NA	NA	NA	NA
NC_045512.2	3107	G	T	97166	68326	35	4	1	34	4.11612e-05	97179	1	FALSE	NA	NA	NA	NA	NA	NA
NC_045512.2	3107	G	C	97166	68326	35	6	6	30	6.17417e-05	97179	1	FALSE	NA	NA	NA	NA	NA	NA
NC_045512.2	3107	G	A	97166	68326	35	3	2	34	3.08709e-05	97179	1	FALSE	NA	NA	NA	NA	NA	NA
NC_045512.2	3108	A	T	95575	66746	35	2	1	26	2.09233e-05	95587	1	FALSE	NA	NA	NA	NA	NA	NA
NC_045512.2	3108	A	G	95575	66746	35	10	4	35	0.000104617	95587	1	FALSE	NA	NA	NA	NA	NA	NA
NC_045512.2	3109	G	T	102860	66634	35	2	2	34	1.94418e-05	102871	1	FALSE	NA	NA	NA	NA	NA	NA
NC_045512.2	3109	G	A	102860	66634	35	9	4	34	8.74882e-05	102871	1	FALSE	NA	NA	NA	NA	NA	NA
NC_045512.2	3110	T	G	98173	62186	35	1	0	34	1.01843e-05	98190	1	FALSE	NA	NA	NA	NA	NA	NA
NC_045512.2	3110	T	C	98173	62186	35	11	3	34	0.000112028	98190	1	FALSE	NA	NA	NA	NA	NA	NA
NC_045512.2	3110	T	A	98173	62186	35	5	0	30	5.09217e-05	98190	1	FALSE	NA	NA	NA	NA	NA	NA
NC_045512.2	3111	A	T	98756	62244	35	1	1	34	1.01254e-05	98762	1	FALSE	NA	NA	NA	NA	NA	NA
NC_045512.2	3111	A	G	98756	62244	35	4	1	32	4.05014e-05	98762	1	FALSE	NA	NA	NA	NA	NA	NA
NC_045512.2	3111	A	C	98756	62244	35	1	1	34	1.01254e-05	98762	1	FALSE	NA	NA	NA	NA	NA	NA
NC_045512.2	3112	T	C	97306	60514	35	7	3	34	7.19291e-05	97318	1	FALSE	NA	NA	NA	NA	NA	NA
NC_045512.2	3112	T	A	97306	60514	35	5	2	40	5.1378e-05	97318	0.910203	FALSE	NA	NA	NA	NA	NA	NA
NC_045512.2	3113	G	T	96989	60171	35	4	2	34	4.12367e-05	97001	1	FALSE	NA	NA	NA	NA	NA	NA
NC_045512.2	3113	G	C	96989	60171	35	4	4	32	4.12367e-05	97001	1	FALSE	NA	NA	NA	NA	NA	NA
NC_045512.2	3113	G	A	96989	60171	35	4	2	34	4.12367e-05	97001	1	FALSE	NA	NA	NA	NA	NA	NA
NC_045512.2	3114	G	T	103705	60444	35	1	1	26	9.64181e-06	103715	1	FALSE	NA	NA	NA	NA	NA	NA
NC_045512.2	3114	G	C	103705	60444	35	7	7	30	6.74926e-05	103715	1	FALSE	NA	NA	NA	NA	NA	NA
NC_045512.2	3114	G	A	103705	60444	35	2	0	34	1.92836e-05	103715	1	FALSE	NA	NA	NA	NA	NA	NA
NC_045512.2	3115	T	C	103586	60283	35	10	6	34	9.65232e-05	103602	1	FALSE	NA	NA	NA	NA	NA	NA
NC_045512.2	3115	T	A	103586	60283	35	6	2	32	5.79139e-05	103602	1	FALSE	NA	NA	NA	NA	NA	NA
NC_045512.2	3116	A	T	99759	56035	35	2	2	30	2.00453e-05	99774	1	FALSE	NA	NA	NA	NA	NA	NA
NC_045512.2	3116	A	G	99759	56035	35	11	5	34	0.000110249	99774	1	FALSE	NA	NA	NA	NA	NA	NA
NC_045512.2	3116	A	C	99759	56035	35	2	2	34	2.00453e-05	99774	1	FALSE	NA	NA	NA	NA	NA	NA
NC_045512.2	3117	C	T	99755	56216	35	2	1	34	2.00479e-05	99761	1	FALSE	NA	NA	NA	NA	NA	NA
NC_045512.2	3117	C	G	99755	56216	35	4	0	28	4.00958e-05	99761	1	FALSE	NA	NA	NA	NA	NA	NA
NC_045512.2	3118	T	G	93429	49911	35	4	1	30	4.28073e-05	93442	1	FALSE	NA	NA	NA	NA	NA	NA
NC_045512.2	3118	T	C	93429	49911	35	8	6	34	8.56146e-05	93442	1	FALSE	NA	NA	NA	NA	NA	NA
NC_045512.2	3118	T	A	93429	49911	35	1	0	34	1.07018e-05	93442	1	FALSE	NA	NA	NA	NA	NA	NA
NC_045512.2	3119	G	T	94216	49802	35	3	1	31	3.18363e-05	94232	1	FALSE	NA	NA	NA	NA	NA	NA
NC_045512.2	3119	G	C	94216	49802	35	10	10	34	0.000106121	94232	1	FALSE	NA	NA	NA	NA	NA	NA
NC_045512.2	3119	G	A	94216	49802	35	3	3	34	3.18363e-05	94232	1	FALSE	NA	NA	NA	NA	NA	NA
NC_045512.2	3119	G	-A	94216	49802	35	1	0	20	1.06121e-05	94232	1	FALSE	NA	NA	NA	NA	NA	NA
NC_045512.2	3120	A	T	93909	49424	35	2	2	34	2.12854e-05	93961	1	FALSE	NA	NA	NA	NA	NA	NA
NC_045512.2	3120	A	G	93909	49424	35	50	43	35	0.000532136	93961	0.999896	FALSE	NA	NA	NA	NA	NA	NA
NC_045512.2	3121	A	T	93764	49643	34	5	4	47	5.33123e-05	93787	0.91017	FALSE	NA	NA	NA	NA	NA	NA
NC_045512.2	3121	A	G	93764	49643	34	16	9	33	0.000170599	93787	1	FALSE	NA	NA	NA	NA	NA	NA
NC_045512.2	3121	A	C	93764	49643	34	2	2	34	2.13249e-05	93787	1	FALSE	NA	NA	NA	NA	NA	NA
NC_045512.2	3122	G	T	94229	49475	34	6	3	34	6.36693e-05	94237	1	FALSE	NA	NA	NA	NA	NA	NA
NC_045512.2	3122	G	A	94229	49475	34	2	0	34	2.12231e-05	94237	1	FALSE	NA	NA	NA	NA	NA	NA
NC_045512.2	3122	G	-ATGA	94229	49475	34	2	0	20	2.12231e-05	94237	1	FALSE	NA	NA	NA	NA	NA	NA
NC_045512.2	3123	A	G	86698	42213	34	4	1	28	4.61345e-05	86703	1	FALSE	NA	NA	NA	NA	NA	NA
NC_045512.2	3123	A	C	86698	42213	34	1	1	26	1.15336e-05	86703	1	FALSE	NA	NA	NA	NA	NA	NA
NC_045512.2	3124	T	G	86876	41723	34	3	0	31	3.4528e-05	86886	1	FALSE	NA	NA	NA	NA	NA	NA
NC_045512.2	3124	T	C	86876	41723	34	5	2	34	5.75467e-05	86886	1	FALSE	NA	NA	NA	NA	NA	NA
NC_045512.2	3124	T	A	86876	41723	34	2	1	34	2.30187e-05	86886	1	FALSE	NA	NA	NA	NA	NA	NA
NC_045512.2	3125	G	A	86833	41554	34	10	7	33	0.00011515	86843	1	FALSE	NA	NA	NA	NA	NA	NA
NC_045512.2	3126	A	G	87047	41854	34	10	1	32	0.000114865	87059	1	FALSE	NA	NA	NA	NA	NA	NA
NC_045512.2	3126	A	C	87047	41854	34	2	1	34	2.29729e-05	87059	1	FALSE	NA	NA	NA	NA	NA	NA
NC_045512.2	3127	T	G	86275	40541	34	1	0	26	1.15903e-05	86279	1	FALSE	NA	NA	NA	NA	NA	NA
NC_045512.2	3127	T	C	86275	40541	34	3	2	34	3.47709e-05	86279	1	FALSE	NA	NA	NA	NA	NA	NA
NC_045512.2	3128	T	C	86470	40668	34	2	1	34	2.31283e-05	86474	1	FALSE	NA	NA	NA	NA	NA	NA
NC_045512.2	3128	T	A	86470	40668	34	2	0	34	2.31283e-05	86474	1	FALSE	NA	NA	NA	NA	NA	NA
NC_045512.2	3128	T	-A	86470	40668	34	1	0	20	1.15642e-05	86474	1	FALSE	NA	NA	NA	NA	NA	NA
NC_045512.2	3129	A	T	87085	41133	34	3	2	31	3.44432e-05	87100	1	FALSE	NA	NA	NA	NA	NA	NA
NC_045512.2	3129	A	G	87085	41133	34	9	3	35	0.00010333	87100	1	FALSE	NA	NA	NA	NA	NA	NA
NC_045512.2	3129	A	C	87085	41133	34	3	0	34	3.44432e-05	87100	1	FALSE	NA	NA	NA	NA	NA	NA
NC_045512.2	3130	C	A	86841	41117	34	2	2	34	2.30301e-05	86843	1	FALSE	NA	NA	NA	NA	NA	NA
NC_045512.2	3131	C	T	86497	40685	34	2	1	34	2.31209e-05	86502	1	FALSE	NA	NA	NA	NA	NA	NA
NC_045512.2	3131	C	A	86497	40685	34	3	1	34	3.46813e-05	86502	1	FALSE	NA	NA	NA	NA	NA	NA
NC_045512.2	3132	A	T	85909	39860	34	7	7	34	8.14692e-05	85922	1	FALSE	NA	NA	NA	NA	NA	NA
NC_045512.2	3132	A	G	85909	39860	34	5	2	34	5.81923e-05	85922	1	FALSE	NA	NA	NA	NA	NA	NA
NC_045512.2	3132	A	C	85909	39860	34	1	1	34	1.16385e-05	85922	1	FALSE	NA	NA	NA	NA	NA	NA
NC_045512.2	3133	A	T	87525	39280	34	3	0	34	3.42583e-05	87570	1	FALSE	NA	NA	NA	NA	NA	NA
NC_045512.2	3133	A	G	87525	39280	34	41	9	34	0.000468197	87570	0.999987	FALSE	NA	NA	NA	NA	NA	NA
NC_045512.2	3133	A	C	87525	39280	34	1	0	34	1.14194e-05	87570	1	FALSE	NA	NA	NA	NA	NA	NA
NC_045512.2	3134	G	T	88454	39014	34	1	1	34	1.13052e-05	88455	1	FALSE	NA	NA	NA	NA	NA	NA
NC_045512.2	3135	G	T	88745	39363	34	1	1	26	1.1268e-05	88747	1	FALSE	NA	NA	NA	NA	NA	NA
NC_045512.2	3135	G	A	88745	39363	34	1	1	34	1.1268e-05	88747	1	FALSE	NA	NA	NA	NA	NA	NA
NC_045512.2	3136	T	G	87440	38058	34	1	0	34	1.14356e-05	87446	1	FALSE	NA	NA	NA	NA	NA	NA
NC_045512.2	3136	T	C	87440	38058	34	4	2	42	4.57425e-05	87446	0.927006	FALSE	NA	NA	NA	NA	NA	NA
NC_045512.2	3136	T	A	87440	38058	34	1	0	34	1.14356e-05	87446	1	FALSE	NA	NA	NA	NA	NA	NA
NC_045512.2	3137	A	G	87391	37923	34	9	6	33	0.000102975	87400	1	FALSE	NA	NA	NA	NA	NA	NA
NC_045512.2	3138	A	T	87432	37957	34	4	1	32	4.57441e-05	87443	1	FALSE	NA	NA	NA	NA	NA	NA
NC_045512.2	3138	A	G	87432	37957	34	6	2	32	6.86161e-05	87443	1	FALSE	NA	NA	NA	NA	NA	NA
NC_045512.2	3138	A	C	87432	37957	34	1	0	24	1.1436e-05	87443	1	FALSE	NA	NA	NA	NA	NA	NA
NC_045512.2	3139	A	T	79281	37950	32	1	1	34	1.26116e-05	79292	1	FALSE	NA	NA	NA	NA	NA	NA
NC_045512.2	3139	A	G	79281	37950	32	10	1	33	0.000126116	79292	1	FALSE	NA	NA	NA	NA	NA	NA
NC_045512.2	3140	C	T	88500	38031	34	1	1	34	1.12983e-05	88509	1	FALSE	NA	NA	NA	NA	NA	NA
NC_045512.2	3140	C	A	88500	38031	34	8	2	33	9.03863e-05	88509	1	FALSE	NA	NA	NA	NA	NA	NA
NC_045512.2	3141	C	T	88481	38209	34	1	1	34	1.13016e-05	88483	1	FALSE	NA	NA	NA	NA	NA	NA
NC_045512.2	3141	C	A	88481	38209	34	1	1	34	1.13016e-05	88483	1	FALSE	NA	NA	NA	NA	NA	NA
NC_045512.2	3141	C	-TT	88481	38209	34	1	0	20	1.13016e-05	88483	1	FALSE	NA	NA	NA	NA	NA	NA
NC_045512.2	3141	C	-T	88481	38209	34	1	0	20	1.13016e-05	88483	1	FALSE	NA	NA	NA	NA	NA	NA
NC_045512.2	3142	T	G	81732	31541	34	4	1	32	4.89339e-05	81743	1	FALSE	NA	NA	NA	NA	NA	NA
NC_045512.2	3142	T	C	81732	31541	34	4	2	32	4.89339e-05	81743	1	FALSE	NA	NA	NA	NA	NA	NA
NC_045512.2	3142	T	A	81732	31541	34	3	2	31	3.67004e-05	81743	1	FALSE	NA	NA	NA	NA	NA	NA
NC_045512.2	3143	T	G	81117	31028	34	2	0	30	2.46542e-05	81122	1	FALSE	NA	NA	NA	NA	NA	NA
NC_045512.2	3143	T	C	81117	31028	34	3	1	34	3.69813e-05	81122	1	FALSE	NA	NA	NA	NA	NA	NA
NC_045512.2	3144	T	C	81454	31258	34	17	3	34	0.000208656	81474	1	FALSE	NA	NA	NA	NA	NA	NA
NC_045512.2	3144	T	A	81454	31258	34	3	1	34	3.68216e-05	81474	1	FALSE	NA	NA	NA	NA	NA	NA
NC_045512.2	3145	G	T	81445	31238	34	2	2	34	2.45534e-05	81455	1	FALSE	NA	NA	NA	NA	NA	NA
NC_045512.2	3145	G	C	81445	31238	34	3	1	34	3.68302e-05	81455	1	FALSE	NA	NA	NA	NA	NA	NA
NC_045512.2	3145	G	A	81445	31238	34	5	2	32	6.13836e-05	81455	1	FALSE	NA	NA	NA	NA	NA	NA
NC_045512.2	3146	G	T	81570	31141	34	4	3	30	4.9034e-05	81576	1	FALSE	NA	NA	NA	NA	NA	NA
NC_045512.2	3146	G	A	81570	31141	34	2	0	34	2.4517e-05	81576	1	FALSE	NA	NA	NA	NA	NA	NA
NC_045512.2	3147	A	T	81622	31331	34	2	2	30	2.44996e-05	81634	1	FALSE	NA	NA	NA	NA	NA	NA
NC_045512.2	3147	A	G	81622	31331	34	10	2	34	0.000122498	81634	1	FALSE	NA	NA	NA	NA	NA	NA
NC_045512.2	3148	A	G	81573	31368	34	7	3	34	8.58053e-05	81580	1	FALSE	NA	NA	NA	NA	NA	NA
NC_045512.2	3149	T	C	78567	28415	34	3	0	34	3.81825e-05	78570	1	FALSE	NA	NA	NA	NA	NA	NA
NC_045512.2	3150	T	C	78517	28147	34	6	2	38	7.64107e-05	78523	1	FALSE	NA	NA	NA	NA	NA	NA
NC_045512.2	3151	T	C	78685	28354	34	4	2	34	5.0833e-05	78689	1	FALSE	NA	NA	NA	NA	NA	NA
NC_045512.2	3152	G	T	78613	28214	34	1	0	34	1.27202e-05	78615	1	FALSE	NA	NA	NA	NA	NA	NA
NC_045512.2	3152	G	A	78613	28214	34	1	1	34	1.27202e-05	78615	1	FALSE	NA	NA	NA	NA	NA	NA
NC_045512.2	3153	G	T	52609	2303	34	4	0	34	7.60254e-05	52614	1	FALSE	NA	NA	NA	NA	NA	NA
NC_045512.2	3153	G	A	52609	2303	34	1	0	34	1.90063e-05	52614	1	FALSE	NA	NA	NA	NA	NA	NA
NC_045512.2	3154	T	C	52759	2496	34	6	1	32	0.00011371	52766	1	FALSE	NA	NA	NA	NA	NA	NA
NC_045512.2	3154	T	A	52759	2496	34	1	0	26	1.89516e-05	52766	1	FALSE	NA	NA	NA	NA	NA	NA
NC_045512.2	3155	G	T	52785	2481	34	1	0	34	1.89433e-05	52789	1	FALSE	NA	NA	NA	NA	NA	NA
NC_045512.2	3155	G	C	52785	2481	34	1	0	34	1.89433e-05	52789	1	FALSE	NA	NA	NA	NA	NA	NA
NC_045512.2	3155	G	A	52785	2481	34	2	0	30	3.78867e-05	52789	1	FALSE	NA	NA	NA	NA	NA	NA
NC_045512.2	3155	G	-C	52785	2481	34	1	0	20	1.89433e-05	52789	1	FALSE	NA	NA	NA	NA	NA	NA
NC_045512.2	3156	C	T	52583	2565	34	28	3	33	0.000532178	52614	0.997572	FALSE	NA	NA	NA	NA	NA	NA
NC_045512.2	3156	C	G	52583	2565	34	2	0	34	3.80127e-05	52614	1	FALSE	NA	NA	NA	NA	NA	NA
NC_045512.2	3156	C	A	52583	2565	34	1	0	26	1.90063e-05	52614	1	FALSE	NA	NA	NA	NA	NA	NA
NC_045512.2	3156	C	-CA	52583	2565	34	1	0	20	1.9006e-05	52615	1	FALSE	NA	NA	NA	NA	NA	NA
NC_045512.2	3157	C	A	53876	2598	34	7	0	34	0.000129911	53883	1	FALSE	NA	NA	NA	NA	NA	NA
NC_045512.2	3158	A	T	54181	2647	34	1	0	34	1.84553e-05	54185	1	FALSE	NA	NA	NA	NA	NA	NA
NC_045512.2	3158	A	G	54181	2647	34	3	0	31	5.53659e-05	54185	1	FALSE	NA	NA	NA	NA	NA	NA
NC_045512.2	3159	C	T	54830	2695	34	3	0	34	5.47116e-05	54833	1	FALSE	NA	NA	NA	NA	NA	NA
NC_045512.2	3160	T	G	54920	2694	34	1	0	34	1.82073e-05	54923	1	FALSE	NA	NA	NA	NA	NA	NA
NC_045512.2	3160	T	C	54920	2694	34	2	0	30	3.64146e-05	54923	1	FALSE	NA	NA	NA	NA	NA	NA
NC_045512.2	3162	C	T	55363	3019	35	3	0	34	5.418e-05	55371	1	FALSE	NA	NA	NA	NA	NA	NA
NC_045512.2	3162	C	G	55363	3019	35	1	0	34	1.806e-05	55371	1	FALSE	NA	NA	NA	NA	NA	NA
NC_045512.2	3162	C	A	55363	3019	35	4	0	51	7.224e-05	55371	0.0624898	FALSE	NA	NA	NA	NA	NA	NA
NC_045512.2	3163	T	C	55570	3628	35	7	1	35	0.000125949	55578	1	FALSE	NA	NA	NA	NA	NA	NA
NC_045512.2	3163	T	A	55570	3628	35	1	0	34	1.79927e-05	55578	1	FALSE	NA	NA	NA	NA	NA	NA
NC_045512.2	3164	G	T	55558	3649	35	1	0	34	1.79982e-05	55561	1	FALSE	NA	NA	NA	NA	NA	NA
NC_045512.2	3164	G	C	55558	3649	35	1	0	34	1.79982e-05	55561	1	FALSE	NA	NA	NA	NA	NA	NA
NC_045512.2	3164	G	A	55558	3649	35	1	0	27	1.79982e-05	55561	1	FALSE	NA	NA	NA	NA	NA	NA
NC_045512.2	3165	C	T	55550	4028	36	15	0	36	0.000269949	55566	1	FALSE	NA	NA	NA	NA	NA	NA
NC_045512.2	3165	C	G	55550	4028	36	1	0	34	1.79966e-05	55566	1	FALSE	NA	NA	NA	NA	NA	NA
NC_045512.2	3166	T	C	55616	4028	36	2	0	34	3.59596e-05	55618	1	FALSE	NA	NA	NA	NA	NA	NA
NC_045512.2	3166	T	-G	55616	4028	36	1	0	20	1.79798e-05	55618	1	FALSE	NA	NA	NA	NA	NA	NA
NC_045512.2	3167	G	A	55951	4024	36	7	2	48	0.000125094	55958	0.387201	FALSE	NA	NA	NA	NA	NA	NA
NC_045512.2	3168	C	T	56115	4477	36	2	0	34	3.56386e-05	56119	1	FALSE	NA	NA	NA	NA	NA	NA
NC_045512.2	3168	C	G	56115	4477	36	2	0	34	3.56386e-05	56119	1	FALSE	NA	NA	NA	NA	NA	NA
NC_045512.2	3169	T	G	56753	4468	36	1	0	34	1.76177e-05	56761	1	FALSE	NA	NA	NA	NA	NA	NA
NC_045512.2	3169	T	C	56753	4468	36	7	0	41	0.000123324	56761	0.387201	FALSE	NA	NA	NA	NA	NA	NA
NC_045512.2	3169	T	+CTTCAA	56753	4468	36	1	0	20	1.76177e-05	56761	1	FALSE	NA	NA	NA	NA	NA	NA
NC_045512.2	3170	C	T	57358	4577	36	2	1	51	3.48669e-05	57361	0.249998	FALSE	NA	NA	NA	NA	NA	NA
NC_045512.2	3170	C	A	57358	4577	36	1	0	34	1.74334e-05	57361	1	FALSE	NA	NA	NA	NA	NA	NA
NC_045512.2	3171	T	G	57352	4583	36	1	0	34	1.74316e-05	57367	1	FALSE	NA	NA	NA	NA	NA	NA
NC_045512.2	3171	T	C	57352	4583	36	12	0	34	0.000209179	57367	1	FALSE	NA	NA	NA	NA	NA	NA
NC_045512.2	3171	T	A	57352	4583	36	2	1	34	3.48632e-05	57367	1	FALSE	NA	NA	NA	NA	NA	NA
NC_045512.2	3172	T	C	57429	5017	37	7	1	34	0.000121871	57438	1	FALSE	NA	NA	NA	NA	NA	NA
NC_045512.2	3172	T	A	57429	5017	37	2	0	47	3.48202e-05	57438	0.937489	FALSE	NA	NA	NA	NA	NA	NA
NC_045512.2	3173	C	A	57438	5026	37	1	0	34	1.74098e-05	57439	1	FALSE	NA	NA	NA	NA	NA	NA
NC_045512.2	3174	A	T	57349	5024	37	2	0	34	3.48693e-05	57357	1	FALSE	NA	NA	NA	NA	NA	NA
NC_045512.2	3174	A	G	57349	5024	37	5	1	40	8.71733e-05	57357	0.623031	FALSE	NA	NA	NA	NA	NA	NA
NC_045512.2	3174	A	C	57349	5024	37	1	1	27	1.74347e-05	57357	1	FALSE	NA	NA	NA	NA	NA	NA
NC_045512.2	3175	A	G	58166	5059	36	8	0	34	0.000137518	58174	1	FALSE	NA	NA	NA	NA	NA	NA
NC_045512.2	3176	C	G	59839	5133	37	1	0	34	1.6711e-05	59841	1	FALSE	NA	NA	NA	NA	NA	NA
NC_045512.2	3176	C	A	59839	5133	37	1	0	34	1.6711e-05	59841	1	FALSE	NA	NA	NA	NA	NA	NA
NC_045512.2	3177	C	T	60294	5229	37	2	1	47	3.31669e-05	60301	0.964841	FALSE	NA	NA	NA	NA	NA	NA
NC_045512.2	3177	C	G	60294	5229	37	3	0	34	4.97504e-05	60301	1	FALSE	NA	NA	NA	NA	NA	NA
NC_045512.2	3177	C	A	60294	5229	37	2	0	51	3.31669e-05	60301	0.249981	FALSE	NA	NA	NA	NA	NA	NA
NC_045512.2	3178	T	G	60245	5183	37	2	0	30	3.31829e-05	60272	1	FALSE	NA	NA	NA	NA	NA	NA
NC_045512.2	3178	T	C	60245	5183	37	23	3	33	0.000381603	60272	0.999989	FALSE	NA	NA	NA	NA	NA	NA
NC_045512.2	3178	T	A	60245	5183	37	2	0	30	3.31829e-05	60272	1	FALSE	NA	NA	NA	NA	NA	NA
NC_045512.2	3179	G	C	61019	5251	37	1	0	34	1.63875e-05	61022	1	FALSE	NA	NA	NA	NA	NA	NA
NC_045512.2	3179	G	A	61019	5251	37	2	0	34	3.27751e-05	61022	1	FALSE	NA	NA	NA	NA	NA	NA
NC_045512.2	3180	A	T	60983	5214	37	4	0	42	6.5577e-05	60997	0.828075	FALSE	NA	NA	NA	NA	NA	NA
NC_045512.2	3180	A	G	60983	5214	37	10	3	36	0.000163942	60997	1	FALSE	NA	NA	NA	NA	NA	NA
NC_045512.2	3181	A	T	60398	5222	37	1	0	34	1.65549e-05	60405	1	FALSE	NA	NA	NA	NA	NA	NA
NC_045512.2	3181	A	G	60398	5222	37	6	0	34	9.93295e-05	60405	1	FALSE	NA	NA	NA	NA	NA	NA
NC_045512.2	3182	G	A	61119	5213	37	2	0	34	3.2722e-05	61121	1	FALSE	NA	NA	NA	NA	NA	NA
NC_045512.2	3183	A	T	60293	5285	37	2	0	34	3.31686e-05	60298	1	FALSE	NA	NA	NA	NA	NA	NA
NC_045512.2	3183	A	G	60293	5285	37	3	0	34	4.97529e-05	60298	1	FALSE	NA	NA	NA	NA	NA	NA
NC_045512.2	3184	A	T	61065	5287	37	2	1	27	3.27461e-05	61076	1	FALSE	NA	NA	NA	NA	NA	NA
NC_045512.2	3184	A	G	61065	5287	37	7	1	42	0.000114611	61076	0.499964	FALSE	NA	NA	NA	NA	NA	NA
NC_045512.2	3184	A	C	61065	5287	37	2	2	27	3.27461e-05	61076	1	FALSE	NA	NA	NA	NA	NA	NA
NC_045512.2	3185	G	C	61395	5283	37	6	0	34	9.77151e-05	61403	1	FALSE	NA	NA	NA	NA	NA	NA
NC_045512.2	3185	G	A	61395	5283	37	2	0	34	3.25717e-05	61403	1	FALSE	NA	NA	NA	NA	NA	NA
NC_045512.2	3186	A	T	60836	5512	37	2	0	34	3.28682e-05	60849	1	FALSE	NA	NA	NA	NA	NA	NA
NC_045512.2	3186	A	G	60836	5512	37	10	1	32	0.000164341	60849	1	FALSE	NA	NA	NA	NA	NA	NA
NC_045512.2	3186	A	C	60836	5512	37	1	0	34	1.64341e-05	60849	1	FALSE	NA	NA	NA	NA	NA	NA
NC_045512.2	3187	G	T	62996	5514	37	2	0	34	3.1745e-05	63002	1	FALSE	NA	NA	NA	NA	NA	NA
NC_045512.2	3187	G	C	62996	5514	37	1	0	34	1.58725e-05	63002	1	FALSE	NA	NA	NA	NA	NA	NA
NC_045512.2	3187	G	A	62996	5514	37	3	0	34	4.76175e-05	63002	1	FALSE	NA	NA	NA	NA	NA	NA
NC_045512.2	3188	C	T	62529	5692	37	7	0	34	0.000111923	62543	1	FALSE	NA	NA	NA	NA	NA	NA
NC_045512.2	3188	C	G	62529	5692	37	5	0	32	7.9945e-05	62543	1	FALSE	NA	NA	NA	NA	NA	NA
NC_045512.2	3188	C	A	62529	5692	37	2	1	34	3.1978e-05	62543	1	FALSE	NA	NA	NA	NA	NA	NA
NC_045512.2	3188	C	-AAG	62529	5692	37	1	0	20	1.5989e-05	62543	1	FALSE	NA	NA	NA	NA	NA	NA
NC_045512.2	3188	C	-A	62529	5692	37	1	0	20	1.5989e-05	62543	1	FALSE	NA	NA	NA	NA	NA	NA
NC_045512.2	3189	A	G	63031	5784	37	8	0	42	0.000126906	63039	0.395246	FALSE	NA	NA	NA	NA	NA	NA
NC_045512.2	3190	A	G	62824	5808	37	6	0	34	9.54958e-05	62830	1	FALSE	NA	NA	NA	NA	NA	NA
NC_045512.2	3191	G	T	63748	5799	37	1	0	34	1.5686e-05	63751	1	FALSE	NA	NA	NA	NA	NA	NA
NC_045512.2	3191	G	A	63748	5799	37	2	0	34	3.13721e-05	63751	1	FALSE	NA	NA	NA	NA	NA	NA
NC_045512.2	3192	A	T	60962	5969	37	1	0	34	1.64018e-05	60969	1	FALSE	NA	NA	NA	NA	NA	NA
NC_045512.2	3192	A	G	60962	5969	37	6	1	45	9.84107e-05	60969	0.612799	FALSE	NA	NA	NA	NA	NA	NA
NC_045512.2	3193	A	G	61990	6010	37	7	1	31	0.000112907	61998	1	FALSE	NA	NA	NA	NA	NA	NA
NC_045512.2	3193	A	C	61990	6010	37	1	0	26	1.61296e-05	61998	1	FALSE	NA	NA	NA	NA	NA	NA
NC_045512.2	3194	G	C	60383	6215	37	1	0	34	1.65601e-05	60386	1	FALSE	NA	NA	NA	NA	NA	NA
NC_045512.2	3194	G	A	60383	6215	37	2	1	47	3.31203e-05	60386	0.964848	FALSE	NA	NA	NA	NA	NA	NA
NC_045512.2	3194	G	-A	60383	6215	37	1	0	20	1.65601e-05	60386	1	FALSE	NA	NA	NA	NA	NA	NA
NC_045512.2	3195	A	T	59152	7212	37	1	0	26	1.69045e-05	59156	1	FALSE	NA	NA	NA	NA	NA	NA
NC_045512.2	3195	A	G	59152	7212	37	3	0	34	5.07134e-05	59156	1	FALSE	NA	NA	NA	NA	NA	NA
NC_045512.2	3196	A	T	61131	7251	38	3	0	34	4.90621e-05	61147	1	FALSE	NA	NA	NA	NA	NA	NA
NC_045512.2	3196	A	G	61131	7251	38	13	2	37	0.000212602	61147	1	FALSE	NA	NA	NA	NA	NA	NA
NC_045512.2	3197	G	C	61285	7288	38	1	0	26	1.63167e-05	61287	1	FALSE	NA	NA	NA	NA	NA	NA
NC_045512.2	3197	G	A	61285	7288	38	1	0	34	1.63167e-05	61287	1	FALSE	NA	NA	NA	NA	NA	NA
NC_045512.2	3198	A	T	59322	7376	37	1	0	34	1.68563e-05	59325	1	FALSE	NA	NA	NA	NA	NA	NA
NC_045512.2	3198	A	G	59322	7376	37	2	1	40	3.37126e-05	59325	0.937506	FALSE	NA	NA	NA	NA	NA	NA
NC_045512.2	3198	A	-T	59322	7376	37	1	0	20	1.68563e-05	59325	1	FALSE	NA	NA	NA	NA	NA	NA
NC_045512.2	3199	T	A	58577	7564	37	1	0	34	1.70713e-05	58578	1	FALSE	NA	NA	NA	NA	NA	NA
NC_045512.2	3200	T	G	56461	8025	38	1	0	34	1.77098e-05	56466	1	FALSE	NA	NA	NA	NA	NA	NA
NC_045512.2	3200	T	C	56461	8025	38	3	0	45	5.31293e-05	56466	0.855472	FALSE	NA	NA	NA	NA	NA	NA
NC_045512.2	3200	T	A	56461	8025	38	1	0	34	1.77098e-05	56466	1	FALSE	NA	NA	NA	NA	NA	NA
NC_045512.2	3201	G	T	57485	8005	38	3	0	34	5.2183e-05	57490	1	FALSE	NA	NA	NA	NA	NA	NA
NC_045512.2	3201	G	C	57485	8005	38	1	0	34	1.73943e-05	57490	1	FALSE	NA	NA	NA	NA	NA	NA
NC_045512.2	3201	G	A	57485	8005	38	1	0	34	1.73943e-05	57490	1	FALSE	NA	NA	NA	NA	NA	NA
NC_045512.2	3202	G	A	50844	8620	37	1	0	34	1.96676e-05	50845	1	FALSE	NA	NA	NA	NA	NA	NA
NC_045512.2	3202	G	-T	50844	8620	37	1	0	20	1.96676e-05	50845	1	FALSE	NA	NA	NA	NA	NA	NA
NC_045512.2	3203	T	C	50666	8575	37	5	1	40	9.86758e-05	50671	0.623053	FALSE	NA	NA	NA	NA	NA	NA
NC_045512.2	3204	T	C	49447	9565	38	5	0	32	0.000101108	49452	1	FALSE	NA	NA	NA	NA	NA	NA
NC_045512.2	3205	A	G	49378	9584	38	2	0	51	4.05022e-05	49380	0.250003	FALSE	NA	NA	NA	NA	NA	NA
NC_045512.2	3205	A	-GAT	49378	9584	38	1	0	20	2.02511e-05	49380	1	FALSE	NA	NA	NA	NA	NA	NA
NC_045512.2	3206	G	A	50988	9620	38	1	0	34	1.96121e-05	50989	1	FALSE	NA	NA	NA	NA	NA	NA
NC_045512.2	3207	A	T	47745	9952	36	2	1	25	4.18866e-05	47748	1	FALSE	NA	NA	NA	NA	NA	NA
NC_045512.2	3207	A	G	47745	9952	36	1	0	68	2.09433e-05	47748	0.49999	FALSE	NA	NA	NA	NA	NA	NA
NC_045512.2	3208	T	C	46578	10202	37	2	0	34	4.29369e-05	46580	1	FALSE	NA	NA	NA	NA	NA	NA
NC_045512.2	3209	G	A	46650	10230	37	1	0	26	2.14358e-05	46651	1	FALSE	NA	NA	NA	NA	NA	NA
NC_045512.2	3210	A	G	40928	10955	37	94	28	35	0.00229145	41022	2.88596e-06	TRUE	NA	NA	NA	NA	NA	NA
NC_045512.2	3211	T	C	40974	10951	37	7	3	34	0.000170811	40981	1	FALSE	NA	NA	NA	NA	NA	NA
NC_045512.2	3212	G	T	40903	11194	37	3	0	34	7.33299e-05	40911	1	FALSE	NA	NA	NA	NA	NA	NA
NC_045512.2	3212	G	C	40903	11194	37	1	0	34	2.44433e-05	40911	1	FALSE	NA	NA	NA	NA	NA	NA
NC_045512.2	3212	G	A	40903	11194	37	4	0	32	9.77732e-05	40911	1	FALSE	NA	NA	NA	NA	NA	NA
NC_045512.2	3213	A	T	41026	11421	37	3	0	34	7.31172e-05	41030	1	FALSE	NA	NA	NA	NA	NA	NA
NC_045512.2	3213	A	G	41026	11421	37	1	0	34	2.43724e-05	41030	1	FALSE	NA	NA	NA	NA	NA	NA
NC_045512.2	3214	T	C	40828	11229	37	3	1	34	7.34718e-05	40832	1	FALSE	NA	NA	NA	NA	NA	NA
NC_045512.2	3214	T	A	40828	11229	37	1	0	34	2.44906e-05	40832	1	FALSE	NA	NA	NA	NA	NA	NA
NC_045512.2	3215	A	G	35359	11887	36	3	2	34	8.4832e-05	35364	1	FALSE	NA	NA	NA	NA	NA	NA
NC_045512.2	3215	A	C	35359	11887	36	2	2	34	5.65547e-05	35364	1	FALSE	NA	NA	NA	NA	NA	NA
NC_045512.2	3216	G	A	35863	11866	36	2	0	26	5.57647e-05	35865	1	FALSE	NA	NA	NA	NA	NA	NA
NC_045512.2	3217	T	C	35913	12509	36	6	5	34	0.000167024	35923	1	FALSE	NA	NA	NA	NA	NA	NA
NC_045512.2	3217	T	A	35913	12509	36	4	0	30	0.000111349	35923	1	FALSE	NA	NA	NA	NA	NA	NA
NC_045512.2	3218	C	T	36774	13280	37	2	1	51	5.43833e-05	36776	0.250003	FALSE	NA	NA	NA	NA	NA	NA
NC_045512.2	3219	A	G	36630	13130	37	5	0	34	0.000136482	36635	1	FALSE	NA	NA	NA	NA	NA	NA
NC_045512.2	3220	A	T	31409	13296	35	1	0	34	3.1835e-05	31412	1	FALSE	NA	NA	NA	NA	NA	NA
NC_045512.2	3220	A	G	31409	13296	35	1	1	34	3.1835e-05	31412	1	FALSE	NA	NA	NA	NA	NA	NA
NC_045512.2	3220	A	C	31409	13296	35	1	0	26	3.1835e-05	31412	1	FALSE	NA	NA	NA	NA	NA	NA
NC_045512.2	3221	C	T	36304	13425	37	1	1	34	2.75444e-05	36305	1	FALSE	NA	NA	NA	NA	NA	NA
NC_045512.2	3223	A	G	36114	13600	37	1	1	34	2.76893e-05	36115	1	FALSE	NA	NA	NA	NA	NA	NA
NC_045512.2	3224	A	G	31622	13624	35	2	1	34	6.32391e-05	31626	1	FALSE	NA	NA	NA	NA	NA	NA
NC_045512.2	3224	A	C	31622	13624	35	2	0	40	6.32391e-05	31626	0.8125	FALSE	NA	NA	NA	NA	NA	NA
NC_045512.2	3225	C	T	35342	13770	36	2	1	34	5.65851e-05	35345	1	FALSE	NA	NA	NA	NA	NA	NA
NC_045512.2	3225	C	A	35342	13770	36	1	0	34	2.82925e-05	35345	1	FALSE	NA	NA	NA	NA	NA	NA
NC_045512.2	3226	T	A	35282	13796	36	1	0	34	2.83423e-05	35283	1	FALSE	NA	NA	NA	NA	NA	NA
NC_045512.2	3227	G	T	35484	13803	36	1	0	34	2.81801e-05	35486	1	FALSE	NA	NA	NA	NA	NA	NA
NC_045512.2	3227	G	A	35484	13803	36	1	0	34	2.81801e-05	35486	1	FALSE	NA	NA	NA	NA	NA	NA
NC_045512.2	3228	T	C	35472	13818	36	4	0	34	0.000112749	35477	1	FALSE	NA	NA	NA	NA	NA	NA
NC_045512.2	3228	T	A	35472	13818	36	1	0	34	2.81873e-05	35477	1	FALSE	NA	NA	NA	NA	NA	NA
NC_045512.2	3229	T	C	35428	13781	36	4	0	34	0.000112889	35433	1	FALSE	NA	NA	NA	NA	NA	NA
NC_045512.2	3229	T	A	35428	13781	36	1	1	68	2.82223e-05	35433	0.499979	FALSE	NA	NA	NA	NA	NA	NA
NC_045512.2	3231	G	T	36007	13926	36	1	0	34	2.77693e-05	36011	1	FALSE	NA	NA	NA	NA	NA	NA
NC_045512.2	3231	G	A	36007	13926	36	3	3	34	8.33079e-05	36011	1	FALSE	NA	NA	NA	NA	NA	NA
NC_045512.2	3232	T	C	36811	14904	37	4	0	42	0.000108651	36815	0.500015	FALSE	NA	NA	NA	NA	NA	NA
NC_045512.2	3234	A	T	34537	14968	36	2	1	34	5.78938e-05	34546	1	FALSE	NA	NA	NA	NA	NA	NA
NC_045512.2	3234	A	G	34537	14968	36	7	4	48	0.000202628	34546	0.171845	FALSE	NA	NA	NA	NA	NA	NA
NC_045512.2	3235	A	G	33503	15073	36	3	1	34	8.95362e-05	33506	1	FALSE	NA	NA	NA	NA	NA	NA
NC_045512.2	3236	C	G	34743	15666	36	1	0	34	2.87795e-05	34747	1	FALSE	NA	NA	NA	NA	NA	NA
NC_045512.2	3236	C	A	34743	15666	36	3	0	28	8.63384e-05	34747	1	FALSE	NA	NA	NA	NA	NA	NA
NC_045512.2	3237	A	T	34663	15555	36	3	1	31	8.65202e-05	34674	1	FALSE	NA	NA	NA	NA	NA	NA
NC_045512.2	3237	A	G	34663	15555	36	8	5	37	0.00023072	34674	0.999992	FALSE	NA	NA	NA	NA	NA	NA
NC_045512.2	3238	A	T	35129	15591	36	1	1	34	2.846e-05	35137	1	FALSE	NA	NA	NA	NA	NA	NA
NC_045512.2	3238	A	G	35129	15591	36	5	2	34	0.0001423	35137	1	FALSE	NA	NA	NA	NA	NA	NA
NC_045512.2	3238	A	C	35129	15591	36	2	2	30	5.69201e-05	35137	1	FALSE	NA	NA	NA	NA	NA	NA
NC_045512.2	3239	G	T	34092	14593	36	1	1	34	2.93307e-05	34094	1	FALSE	NA	NA	NA	NA	NA	NA
NC_045512.2	3239	G	C	34092	14593	36	1	1	34	2.93307e-05	34094	1	FALSE	NA	NA	NA	NA	NA	NA
NC_045512.2	3240	A	G	35819	17196	36	3	2	34	8.37474e-05	35822	1	FALSE	NA	NA	NA	NA	NA	NA
NC_045512.2	3241	C	T	35758	17441	36	14	5	43	0.000391335	35775	0.00635581	TRUE	NA	NA	NA	NA	NA	NA
NC_045512.2	3241	C	A	35758	17441	36	3	1	31	8.38574e-05	35775	1	FALSE	NA	NA	NA	NA	NA	NA
NC_045512.2	3243	G	T	35945	17203	36	3	0	34	8.3433e-05	35957	1	FALSE	NA	NA	NA	NA	NA	NA
NC_045512.2	3243	G	C	35945	17203	36	1	1	26	2.7811e-05	35957	1	FALSE	NA	NA	NA	NA	NA	NA
NC_045512.2	3243	G	A	35945	17203	36	8	2	34	0.000222488	35957	0.999996	FALSE	NA	NA	NA	NA	NA	NA
NC_045512.2	3244	C	T	36221	17538	36	10	3	34	0.000275999	36232	0.99998	FALSE	NA	NA	NA	NA	NA	NA
NC_045512.2	3244	C	A	36221	17538	36	1	1	34	2.75999e-05	36232	1	FALSE	NA	NA	NA	NA	NA	NA
NC_045512.2	3245	A	G	36449	17238	36	15	2	34	0.000411353	36465	0.999119	FALSE	NA	NA	NA	NA	NA	NA
NC_045512.2	3245	A	C	36449	17238	36	1	0	34	2.74236e-05	36465	1	FALSE	NA	NA	NA	NA	NA	NA
NC_045512.2	3246	G	T	36537	17249	36	1	1	26	2.7368e-05	36539	1	FALSE	NA	NA	NA	NA	NA	NA
NC_045512.2	3246	G	A	36537	17249	36	1	0	34	2.7368e-05	36539	1	FALSE	NA	NA	NA	NA	NA	NA
NC_045512.2	3247	T	C	38965	20346	37	2	0	34	5.13242e-05	38968	1	FALSE	NA	NA	NA	NA	NA	NA
NC_045512.2	3247	T	A	38965	20346	37	1	1	34	2.56621e-05	38968	1	FALSE	NA	NA	NA	NA	NA	NA
NC_045512.2	3248	G	T	39166	20376	37	1	0	34	2.55304e-05	39169	1	FALSE	NA	NA	NA	NA	NA	NA
NC_045512.2	3248	G	A	39166	20376	37	2	0	34	5.10608e-05	39169	1	FALSE	NA	NA	NA	NA	NA	NA
NC_045512.2	3249	A	T	39459	20878	37	2	0	34	5.0674e-05	39468	1	FALSE	NA	NA	NA	NA	NA	NA
NC_045512.2	3249	A	G	39459	20878	37	7	2	34	0.000177359	39468	1	FALSE	NA	NA	NA	NA	NA	NA
NC_045512.2	3250	G	T	39613	20745	37	2	2	51	5.04859e-05	39615	0.250003	FALSE	NA	NA	NA	NA	NA	NA
NC_045512.2	3251	G	A	39702	20837	37	8	5	46	0.000201461	39710	0.113273	FALSE	NA	NA	NA	NA	NA	NA
NC_045512.2	3252	A	T	39487	20652	37	1	1	34	2.53171e-05	39499	1	FALSE	NA	NA	NA	NA	NA	NA
NC_045512.2	3252	A	G	39487	20652	37	6	4	34	0.000151903	39499	1	FALSE	NA	NA	NA	NA	NA	NA
NC_045512.2	3252	A	C	39487	20652	37	5	5	30	0.000126585	39499	1	FALSE	NA	NA	NA	NA	NA	NA
NC_045512.2	3253	C	-A	40575	21329	37	1	0	20	2.46457e-05	40575	1	FALSE	NA	NA	NA	NA	NA	NA
NC_045512.2	3254	A	T	40614	21622	37	3	0	34	7.3848e-05	40624	1	FALSE	NA	NA	NA	NA	NA	NA
NC_045512.2	3254	A	G	40614	21622	37	7	2	32	0.000172312	40624	1	FALSE	NA	NA	NA	NA	NA	NA
NC_045512.2	3255	A	T	44065	21736	37	1	0	34	2.26917e-05	44069	1	FALSE	NA	NA	NA	NA	NA	NA
NC_045512.2	3255	A	G	44065	21736	37	2	2	34	4.53834e-05	44069	1	FALSE	NA	NA	NA	NA	NA	NA
NC_045512.2	3255	A	C	44065	21736	37	1	1	26	2.26917e-05	44069	1	FALSE	NA	NA	NA	NA	NA	NA
NC_045512.2	3256	T	C	44209	21670	37	1	1	34	2.26193e-05	44210	1	FALSE	NA	NA	NA	NA	NA	NA
NC_045512.2	3257	C	T	43387	21857	37	2	1	34	4.60925e-05	43391	1	FALSE	NA	NA	NA	NA	NA	NA
NC_045512.2	3257	C	G	43387	21857	37	1	0	34	2.30463e-05	43391	1	FALSE	NA	NA	NA	NA	NA	NA
NC_045512.2	3257	C	A	43387	21857	37	1	1	34	2.30463e-05	43391	1	FALSE	NA	NA	NA	NA	NA	NA
NC_045512.2	3258	A	G	43310	21777	37	9	5	41	0.000207756	43320	0.133405	FALSE	NA	NA	NA	NA	NA	NA
NC_045512.2	3258	A	C	43310	21777	37	1	1	34	2.3084e-05	43320	1	FALSE	NA	NA	NA	NA	NA	NA
NC_045512.2	3259	G	T	37422	19641	37	6715	2084	36	0.152126	44141	0	TRUE	NA	NA	NA	NA	NA	NA
NC_045512.2	3259	G	C	37422	19641	37	3	3	31	6.7964e-05	44141	1	FALSE	NA	NA	NA	NA	NA	NA
NC_045512.2	3259	G	A	37422	19641	37	1	0	34	2.26547e-05	44141	1	FALSE	NA	NA	NA	NA	NA	NA
NC_045512.2	3260	A	T	43547	21817	37	1	1	34	2.29616e-05	43551	1	FALSE	NA	NA	NA	NA	NA	NA
NC_045512.2	3260	A	G	43547	21817	37	3	2	34	6.88848e-05	43551	1	FALSE	NA	NA	NA	NA	NA	NA
NC_045512.2	3261	C	T	43761	21926	37	4	1	34	9.13972e-05	43765	1	FALSE	NA	NA	NA	NA	NA	NA
NC_045512.2	3262	A	G	43153	21333	37	5	2	34	0.000115851	43159	1	FALSE	NA	NA	NA	NA	NA	NA
NC_045512.2	3262	A	C	43153	21333	37	1	0	34	2.31701e-05	43159	1	FALSE	NA	NA	NA	NA	NA	NA
NC_045512.2	3263	A	G	42899	21359	37	4	2	34	9.32336e-05	42903	1	FALSE	NA	NA	NA	NA	NA	NA
NC_045512.2	3264	C	G	43671	20212	37	5	0	34	0.000114477	43677	1	FALSE	NA	NA	NA	NA	NA	NA
NC_045512.2	3264	C	A	43671	20212	37	1	1	34	2.28953e-05	43677	1	FALSE	NA	NA	NA	NA	NA	NA
NC_045512.2	3265	T	G	43769	20509	37	1	0	26	2.28457e-05	43772	1	FALSE	NA	NA	NA	NA	NA	NA
NC_045512.2	3265	T	C	43769	20509	37	2	1	34	4.56913e-05	43772	1	FALSE	NA	NA	NA	NA	NA	NA
NC_045512.2	3266	A	G	44116	20439	37	11	2	35	0.000249275	44128	0.999999	FALSE	NA	NA	NA	NA	NA	NA
NC_045512.2	3266	A	C	44116	20439	37	1	1	26	2.26613e-05	44128	1	FALSE	NA	NA	NA	NA	NA	NA
NC_045512.2	3267	C	A	43984	20619	37	4	3	42	9.09339e-05	43988	0.636737	FALSE	NA	NA	NA	NA	NA	NA
NC_045512.2	3268	T	C	43006	19675	37	7	6	34	0.000162741	43013	1	FALSE	NA	NA	NA	NA	NA	NA
NC_045512.2	3269	A	T	43310	19807	37	1	0	34	2.30856e-05	43317	1	FALSE	NA	NA	NA	NA	NA	NA
NC_045512.2	3269	A	G	43310	19807	37	4	1	34	9.23425e-05	43317	1	FALSE	NA	NA	NA	NA	NA	NA
NC_045512.2	3269	A	C	43310	19807	37	2	2	30	4.61712e-05	43317	1	FALSE	NA	NA	NA	NA	NA	NA
NC_045512.2	3270	T	G	42791	19736	37	1	0	26	2.33656e-05	42798	1	FALSE	NA	NA	NA	NA	NA	NA
NC_045512.2	3270	T	C	42791	19736	37	6	2	34	0.000140193	42798	1	FALSE	NA	NA	NA	NA	NA	NA
NC_045512.2	3271	T	C	42489	19901	37	1	0	34	2.35349e-05	42490	1	FALSE	NA	NA	NA	NA	NA	NA
NC_045512.2	3272	C	T	42401	19806	37	3	3	34	7.07447e-05	42406	1	FALSE	NA	NA	NA	NA	NA	NA
NC_045512.2	3272	C	A	42401	19806	37	2	1	34	4.71631e-05	42406	1	FALSE	NA	NA	NA	NA	NA	NA
NC_045512.2	3273	A	G	42566	20196	37	3	0	34	7.04738e-05	42569	1	FALSE	NA	NA	NA	NA	NA	NA
NC_045512.2	3274	A	T	42616	20194	37	1	1	34	2.34643e-05	42618	1	FALSE	NA	NA	NA	NA	NA	NA
NC_045512.2	3274	A	G	42616	20194	37	1	1	34	2.34643e-05	42618	1	FALSE	NA	NA	NA	NA	NA	NA
NC_045512.2	3275	A	G	36420	22472	35	5	3	39	0.000137265	36426	1	FALSE	NA	NA	NA	NA	NA	NA
NC_045512.2	3275	A	C	36420	22472	35	1	0	34	2.74529e-05	36426	1	FALSE	NA	NA	NA	NA	NA	NA
NC_045512.2	3276	C	A	42709	22516	37	1	1	34	2.34137e-05	42710	1	FALSE	NA	NA	NA	NA	NA	NA
NC_045512.2	3277	A	T	42615	22618	36	1	1	34	2.34637e-05	42619	1	FALSE	NA	NA	NA	NA	NA	NA
NC_045512.2	3277	A	G	42615	22618	36	2	1	30	4.69274e-05	42619	1	FALSE	NA	NA	NA	NA	NA	NA
NC_045512.2	3277	A	C	42615	22618	36	1	1	34	2.34637e-05	42619	1	FALSE	NA	NA	NA	NA	NA	NA
NC_045512.2	3278	A	T	42509	22517	36	1	1	34	2.35222e-05	42513	1	FALSE	NA	NA	NA	NA	NA	NA
NC_045512.2	3278	A	G	42509	22517	36	3	1	34	7.05667e-05	42513	1	FALSE	NA	NA	NA	NA	NA	NA
NC_045512.2	3279	T	C	42738	22574	36	1	1	68	2.33956e-05	42743	0.499982	FALSE	NA	NA	NA	NA	NA	NA
NC_045512.2	3279	T	A	42738	22574	36	4	4	34	9.35826e-05	42743	1	FALSE	NA	NA	NA	NA	NA	NA
NC_045512.2	3280	T	G	42391	22798	36	1	0	34	2.35888e-05	42393	1	FALSE	NA	NA	NA	NA	NA	NA
NC_045512.2	3280	T	C	42391	22798	36	1	0	34	2.35888e-05	42393	1	FALSE	NA	NA	NA	NA	NA	NA
NC_045512.2	3281	G	T	42874	22902	36	9	6	34	0.000209868	42884	1	FALSE	NA	NA	NA	NA	NA	NA
NC_045512.2	3281	G	A	42874	22902	36	1	0	34	2.33187e-05	42884	1	FALSE	NA	NA	NA	NA	NA	NA
NC_045512.2	3282	T	C	42888	23030	36	4	3	34	9.32553e-05	42893	1	FALSE	NA	NA	NA	NA	NA	NA
NC_045512.2	3282	T	A	42888	23030	36	1	1	68	2.33138e-05	42893	0.499983	FALSE	NA	NA	NA	NA	NA	NA
NC_045512.2	3283	T	C	43588	23916	37	4	0	34	9.17579e-05	43593	1	FALSE	NA	NA	NA	NA	NA	NA
NC_045512.2	3283	T	A	43588	23916	37	1	1	34	2.29395e-05	43593	1	FALSE	NA	NA	NA	NA	NA	NA
NC_045512.2	3285	A	T	43966	24210	37	3	3	31	6.82175e-05	43977	1	FALSE	NA	NA	NA	NA	NA	NA
NC_045512.2	3285	A	G	43966	24210	37	8	3	34	0.000181913	43977	1	FALSE	NA	NA	NA	NA	NA	NA
NC_045512.2	3286	G	C	44688	24153	37	4	4	32	8.94995e-05	44693	1	FALSE	NA	NA	NA	NA	NA	NA
NC_045512.2	3286	G	A	44688	24153	37	1	1	34	2.23749e-05	44693	1	FALSE	NA	NA	NA	NA	NA	NA
NC_045512.2	3287	G	C	45314	24786	37	1	1	26	2.20663e-05	45318	1	FALSE	NA	NA	NA	NA	NA	NA
NC_045512.2	3287	G	A	45314	24786	37	3	2	31	6.61989e-05	45318	1	FALSE	NA	NA	NA	NA	NA	NA
NC_045512.2	3288	T	C	43396	24181	36	3	1	68	6.9126e-05	43399	0.125	FALSE	NA	NA	NA	NA	NA	NA
NC_045512.2	3289	T	C	44018	24836	37	4	0	42	9.08637e-05	44022	0.636737	FALSE	NA	NA	NA	NA	NA	NA
NC_045512.2	3289	T	-C	44018	24836	37	1	0	20	2.27159e-05	44022	1	FALSE	NA	NA	NA	NA	NA	NA
NC_045512.2	3290	C	T	44420	25395	37	1	0	34	2.25119e-05	44421	1	FALSE	NA	NA	NA	NA	NA	NA
NC_045512.2	3291	A	G	44422	25361	37	6	5	39	0.00013505	44428	1	FALSE	NA	NA	NA	NA	NA	NA
NC_045512.2	3292	A	T	43712	25559	36	1	0	34	2.28744e-05	43717	1	FALSE	NA	NA	NA	NA	NA	NA
NC_045512.2	3292	A	G	43712	25559	36	4	1	42	9.14976e-05	43717	0.636725	FALSE	NA	NA	NA	NA	NA	NA
NC_045512.2	3294	C	T	45037	26773	37	1	1	34	2.21976e-05	45050	1	FALSE	NA	NA	NA	NA	NA	NA
NC_045512.2	3294	C	G	45037	26773	37	3	3	34	6.65927e-05	45050	1	FALSE	NA	NA	NA	NA	NA	NA
NC_045512.2	3294	C	A	45037	26773	37	9	4	49	0.000199778	45050	0.133379	FALSE	NA	NA	NA	NA	NA	NA
NC_045512.2	3295	T	C	44040	25756	37	22	18	41	0.000499285	44063	0.000266288	TRUE	NA	NA	NA	NA	NA	NA
NC_045512.2	3295	T	A	44040	25756	37	1	1	34	2.26948e-05	44063	1	FALSE	NA	NA	NA	NA	NA	NA
NC_045512.2	3297	A	T	43937	25743	36	1	1	26	2.27568e-05	43943	1	FALSE	NA	NA	NA	NA	NA	NA
NC_045512.2	3297	A	G	43937	25743	36	5	0	34	0.000113784	43943	1	FALSE	NA	NA	NA	NA	NA	NA
NC_045512.2	3298	A	G	43745	26182	36	3	2	34	6.85699e-05	43751	1	FALSE	NA	NA	NA	NA	NA	NA
NC_045512.2	3298	A	C	43745	26182	36	3	3	31	6.85699e-05	43751	1	FALSE	NA	NA	NA	NA	NA	NA
NC_045512.2	3299	T	C	44698	26506	37	3	1	34	6.71111e-05	44702	1	FALSE	NA	NA	NA	NA	NA	NA
NC_045512.2	3299	T	A	44698	26506	37	1	0	60	2.23704e-05	44702	0.499989	FALSE	NA	NA	NA	NA	NA	NA
NC_045512.2	3300	T	C	44710	26522	37	4	0	51	8.94554e-05	44715	0.0624958	FALSE	NA	NA	NA	NA	NA	NA
NC_045512.2	3300	T	A	44710	26522	37	1	1	26	2.23639e-05	44715	1	FALSE	NA	NA	NA	NA	NA	NA
NC_045512.2	3301	A	T	44199	26188	37	1	0	34	2.26244e-05	44200	1	FALSE	NA	NA	NA	NA	NA	NA
NC_045512.2	3302	G	T	43880	26327	37	1	0	34	2.27889e-05	43881	1	FALSE	NA	NA	NA	NA	NA	NA
NC_045512.2	3303	A	G	43335	26356	36	2	2	34	4.61489e-05	43338	1	FALSE	NA	NA	NA	NA	NA	NA
NC_045512.2	3303	A	C	43335	26356	36	1	1	34	2.30744e-05	43338	1	FALSE	NA	NA	NA	NA	NA	NA
NC_045512.2	3304	G	T	43932	26286	37	2	0	34	4.55228e-05	43934	1	FALSE	NA	NA	NA	NA	NA	NA
NC_045512.2	3305	A	G	43511	26416	36	4	3	34	9.19223e-05	43515	1	FALSE	NA	NA	NA	NA	NA	NA
NC_045512.2	3306	T	C	43661	26208	37	5	3	34	0.000114503	43667	1	FALSE	NA	NA	NA	NA	NA	NA
NC_045512.2	3306	T	A	43661	26208	37	1	1	34	2.29006e-05	43667	1	FALSE	NA	NA	NA	NA	NA	NA
NC_045512.2	3307	G	A	42612	26363	36	8	8	34	0.000187705	42620	1	FALSE	NA	NA	NA	NA	NA	NA
NC_045512.2	3308	G	T	43623	27400	36	3	0	31	6.87585e-05	43631	1	FALSE	NA	NA	NA	NA	NA	NA
NC_045512.2	3308	G	C	43623	27400	36	2	2	34	4.5839e-05	43631	1	FALSE	NA	NA	NA	NA	NA	NA
NC_045512.2	3308	G	A	43623	27400	36	3	1	45	6.87585e-05	43631	0.773409	FALSE	NA	NA	NA	NA	NA	NA
NC_045512.2	3309	A	T	44579	28178	37	2	2	34	4.48591e-05	44584	1	FALSE	NA	NA	NA	NA	NA	NA
NC_045512.2	3309	A	G	44579	28178	37	3	3	34	6.72887e-05	44584	1	FALSE	NA	NA	NA	NA	NA	NA
NC_045512.2	3310	A	G	44848	28252	36	4	1	34	8.91822e-05	44852	1	FALSE	NA	NA	NA	NA	NA	NA
NC_045512.2	3310	A	+C	44848	28252	36	1	0	20	2.22955e-05	44852	1	FALSE	NA	NA	NA	NA	NA	NA
NC_045512.2	3311	C	-T	44752	28305	36	1	0	20	2.23454e-05	44752	1	FALSE	NA	NA	NA	NA	NA	NA
NC_045512.2	3312	T	C	44194	27702	36	2	1	34	4.5253e-05	44196	1	FALSE	NA	NA	NA	NA	NA	NA
NC_045512.2	3313	T	G	44442	27919	36	1	0	34	2.24952e-05	44454	1	FALSE	NA	NA	NA	NA	NA	NA
NC_045512.2	3313	T	C	44442	27919	36	5	4	34	0.000112476	44454	1	FALSE	NA	NA	NA	NA	NA	NA
NC_045512.2	3313	T	A	44442	27919	36	6	6	34	0.000134971	44454	1	FALSE	NA	NA	NA	NA	NA	NA
NC_045512.2	3314	A	T	44333	27882	36	1	1	34	2.25535e-05	44339	1	FALSE	NA	NA	NA	NA	NA	NA
NC_045512.2	3314	A	G	44333	27882	36	4	1	34	9.0214e-05	44339	1	FALSE	NA	NA	NA	NA	NA	NA
NC_045512.2	3314	A	C	44333	27882	36	1	0	34	2.25535e-05	44339	1	FALSE	NA	NA	NA	NA	NA	NA
NC_045512.2	3315	C	T	44418	27963	36	2	2	34	4.50167e-05	44428	1	FALSE	NA	NA	NA	NA	NA	NA
NC_045512.2	3315	C	G	44418	27963	36	4	4	42	9.00333e-05	44428	0.636663	FALSE	NA	NA	NA	NA	NA	NA
NC_045512.2	3315	C	A	44418	27963	36	4	1	34	9.00333e-05	44428	1	FALSE	NA	NA	NA	NA	NA	NA
NC_045512.2	3316	A	T	44404	28034	36	1	1	34	2.25175e-05	44410	1	FALSE	NA	NA	NA	NA	NA	NA
NC_045512.2	3316	A	G	44404	28034	36	5	2	34	0.000112587	44410	1	FALSE	NA	NA	NA	NA	NA	NA
NC_045512.2	3316	A	-C	44404	28034	36	1	0	20	2.25175e-05	44410	1	FALSE	NA	NA	NA	NA	NA	NA
NC_045512.2	3318	C	T	43494	27495	36	2	2	34	4.59812e-05	43496	1	FALSE	NA	NA	NA	NA	NA	NA
NC_045512.2	3319	A	G	42663	26704	36	4	2	32	9.37493e-05	42667	1	FALSE	NA	NA	NA	NA	NA	NA
NC_045512.2	3320	G	T	42833	26624	36	1	1	26	2.33438e-05	42838	1	FALSE	NA	NA	NA	NA	NA	NA
NC_045512.2	3320	G	C	42833	26624	36	1	1	34	2.33438e-05	42838	1	FALSE	NA	NA	NA	NA	NA	NA
NC_045512.2	3320	G	A	42833	26624	36	3	3	34	7.00313e-05	42838	1	FALSE	NA	NA	NA	NA	NA	NA
NC_045512.2	3321	T	C	43632	27855	36	6	6	37	0.000137492	43639	1	FALSE	NA	NA	NA	NA	NA	NA
NC_045512.2	3321	T	A	43632	27855	36	1	1	34	2.29153e-05	43639	1	FALSE	NA	NA	NA	NA	NA	NA
NC_045512.2	3322	T	G	43483	27636	36	2	0	34	4.59918e-05	43486	1	FALSE	NA	NA	NA	NA	NA	NA
NC_045512.2	3322	T	C	43483	27636	36	1	1	34	2.29959e-05	43486	1	FALSE	NA	NA	NA	NA	NA	NA
NC_045512.2	3323	G	A	44132	27703	36	3	3	31	6.79733e-05	44135	1	FALSE	NA	NA	NA	NA	NA	NA
NC_045512.2	3324	T	G	43837	27502	36	1	0	26	2.28092e-05	43842	1	FALSE	NA	NA	NA	NA	NA	NA
NC_045512.2	3324	T	C	43837	27502	36	4	4	34	9.12367e-05	43842	1	FALSE	NA	NA	NA	NA	NA	NA
NC_045512.2	3325	T	C	44123	27872	37	6	2	34	0.000135965	44129	1	FALSE	NA	NA	NA	NA	NA	NA
NC_045512.2	3326	C	T	43782	27881	36	1	1	34	2.28399e-05	43783	1	FALSE	NA	NA	NA	NA	NA	NA
NC_045512.2	3327	A	G	43483	27534	36	4	2	34	9.19794e-05	43488	1	FALSE	NA	NA	NA	NA	NA	NA
NC_045512.2	3327	A	C	43483	27534	36	1	1	34	2.29948e-05	43488	1	FALSE	NA	NA	NA	NA	NA	NA
NC_045512.2	3328	G	A	43658	27527	36	2	1	51	4.58085e-05	43660	0.250003	FALSE	NA	NA	NA	NA	NA	NA
NC_045512.2	3329	A	T	44130	28116	36	1	1	26	2.26567e-05	44137	1	FALSE	NA	NA	NA	NA	NA	NA
NC_045512.2	3329	A	G	44130	28116	36	5	2	39	0.000113284	44137	1	FALSE	NA	NA	NA	NA	NA	NA
NC_045512.2	3329	A	C	44130	28116	36	1	1	34	2.26567e-05	44137	1	FALSE	NA	NA	NA	NA	NA	NA
NC_045512.2	3330	C	G	44453	28205	36	1	0	34	2.24952e-05	44454	1	FALSE	NA	NA	NA	NA	NA	NA
NC_045512.2	3331	T	G	44335	28341	36	5	2	34	0.00011275	44346	1	FALSE	NA	NA	NA	NA	NA	NA
NC_045512.2	3331	T	C	44335	28341	36	5	5	32	0.00011275	44346	1	FALSE	NA	NA	NA	NA	NA	NA
NC_045512.2	3331	T	A	44335	28341	36	1	1	26	2.25499e-05	44346	1	FALSE	NA	NA	NA	NA	NA	NA
NC_045512.2	3332	A	T	45150	29082	37	1	1	34	2.21445e-05	45158	1	FALSE	NA	NA	NA	NA	NA	NA
NC_045512.2	3332	A	G	45150	29082	37	7	2	32	0.000155011	45158	1	FALSE	NA	NA	NA	NA	NA	NA
NC_045512.2	3333	T	G	44825	28741	37	2	1	30	4.4612e-05	44831	1	FALSE	NA	NA	NA	NA	NA	NA
NC_045512.2	3333	T	C	44825	28741	37	2	1	34	4.4612e-05	44831	1	FALSE	NA	NA	NA	NA	NA	NA
NC_045512.2	3333	T	A	44825	28741	37	2	1	34	4.4612e-05	44831	1	FALSE	NA	NA	NA	NA	NA	NA
NC_045512.2	3334	T	G	45478	29709	37	3	0	34	6.59587e-05	45483	1	FALSE	NA	NA	NA	NA	NA	NA
NC_045512.2	3334	T	A	45478	29709	37	2	1	34	4.39725e-05	45483	1	FALSE	NA	NA	NA	NA	NA	NA
NC_045512.2	3335	G	C	45615	29752	37	6	6	30	0.000131515	45622	1	FALSE	NA	NA	NA	NA	NA	NA
NC_045512.2	3335	G	A	45615	29752	37	1	1	34	2.19192e-05	45622	1	FALSE	NA	NA	NA	NA	NA	NA
NC_045512.2	3336	A	G	45402	29758	37	1	0	68	2.2025e-05	45403	0.500006	FALSE	NA	NA	NA	NA	NA	NA
NC_045512.2	3337	A	T	44843	29194	37	1	1	27	2.22985e-05	44846	1	FALSE	NA	NA	NA	NA	NA	NA
NC_045512.2	3337	A	G	44843	29194	37	2	1	29	4.45971e-05	44846	1	FALSE	NA	NA	NA	NA	NA	NA
NC_045512.2	3338	G	T	44816	29113	37	1	0	34	2.2311e-05	44821	1	FALSE	NA	NA	NA	NA	NA	NA
NC_045512.2	3338	G	A	44816	29113	37	4	1	34	8.92439e-05	44821	1	FALSE	NA	NA	NA	NA	NA	NA
NC_045512.2	3339	T	C	43242	28087	37	5	2	43	0.000115615	43247	0.500014	FALSE	NA	NA	NA	NA	NA	NA
NC_045512.2	3340	G	C	44501	29047	37	1	1	34	2.24704e-05	44503	1	FALSE	NA	NA	NA	NA	NA	NA
NC_045512.2	3340	G	A	44501	29047	37	1	1	34	2.24704e-05	44503	1	FALSE	NA	NA	NA	NA	NA	NA
NC_045512.2	3341	A	T	44346	28988	37	1	1	26	2.25489e-05	44348	1	FALSE	NA	NA	NA	NA	NA	NA
NC_045512.2	3341	A	G	44346	28988	37	1	1	34	2.25489e-05	44348	1	FALSE	NA	NA	NA	NA	NA	NA
NC_045512.2	3342	A	T	44515	29268	37	2	1	34	4.49267e-05	44517	1	FALSE	NA	NA	NA	NA	NA	NA
NC_045512.2	3343	T	G	43173	27981	37	3	0	31	6.94686e-05	43185	1	FALSE	NA	NA	NA	NA	NA	NA
NC_045512.2	3343	T	C	43173	27981	37	6	4	39	0.000138937	43185	1	FALSE	NA	NA	NA	NA	NA	NA
NC_045512.2	3343	T	A	43173	27981	37	3	3	31	6.94686e-05	43185	1	FALSE	NA	NA	NA	NA	NA	NA
NC_045512.2	3344	A	T	43832	29205	37	1	1	34	2.28123e-05	43836	1	FALSE	NA	NA	NA	NA	NA	NA
NC_045512.2	3344	A	G	43832	29205	37	2	1	34	4.56246e-05	43836	1	FALSE	NA	NA	NA	NA	NA	NA
NC_045512.2	3344	A	C	43832	29205	37	1	1	34	2.28123e-05	43836	1	FALSE	NA	NA	NA	NA	NA	NA
NC_045512.2	3345	G	T	44514	29129	37	1	1	26	2.24643e-05	44515	1	FALSE	NA	NA	NA	NA	NA	NA
NC_045512.2	3345	G	-TT	44514	29129	37	1	0	20	2.24643e-05	44515	1	FALSE	NA	NA	NA	NA	NA	NA
NC_045512.2	3345	G	-T	44514	29129	37	2	0	20	4.49287e-05	44515	1	FALSE	NA	NA	NA	NA	NA	NA
NC_045512.2	3346	T	C	42221	27581	37	2	2	29	4.73675e-05	42223	1	FALSE	NA	NA	NA	NA	NA	NA
NC_045512.2	3347	T	C	41670	27089	37	10	10	32	0.000239923	41680	0.999998	FALSE	NA	NA	NA	NA	NA	NA
NC_045512.2	3348	T	C	41691	27088	37	4	4	42	9.59348e-05	41695	0.636738	FALSE	NA	NA	NA	NA	NA	NA
NC_045512.2	3349	T	C	41050	26598	38	4	4	32	9.74303e-05	41055	1	FALSE	NA	NA	NA	NA	NA	NA
NC_045512.2	3349	T	A	41050	26598	38	1	1	34	2.43576e-05	41055	1	FALSE	NA	NA	NA	NA	NA	NA
NC_045512.2	3350	A	G	40961	26566	38	4	4	34	9.76443e-05	40965	1	FALSE	NA	NA	NA	NA	NA	NA
NC_045512.2	3351	G	A	40633	26333	37	1	1	34	2.46099e-05	40634	1	FALSE	NA	NA	NA	NA	NA	NA
NC_045512.2	3352	T	G	43197	29210	38	1	0	34	2.31476e-05	43201	1	FALSE	NA	NA	NA	NA	NA	NA
NC_045512.2	3352	T	C	43197	29210	38	2	2	30	4.62952e-05	43201	1	FALSE	NA	NA	NA	NA	NA	NA
NC_045512.2	3352	T	A	43197	29210	38	1	1	26	2.31476e-05	43201	1	FALSE	NA	NA	NA	NA	NA	NA
NC_045512.2	3353	G	T	42961	28980	38	1	1	34	2.32753e-05	42964	1	FALSE	NA	NA	NA	NA	NA	NA
NC_045512.2	3353	G	A	42961	28980	38	2	2	30	4.65506e-05	42964	1	FALSE	NA	NA	NA	NA	NA	NA
NC_045512.2	3354	G	T	42769	29572	38	1	1	34	2.33798e-05	42772	1	FALSE	NA	NA	NA	NA	NA	NA
NC_045512.2	3354	G	C	42769	29572	38	1	1	34	2.33798e-05	42772	1	FALSE	NA	NA	NA	NA	NA	NA
NC_045512.2	3354	G	A	42769	29572	38	1	1	34	2.33798e-05	42772	1	FALSE	NA	NA	NA	NA	NA	NA
NC_045512.2	3355	T	C	42609	29551	38	2	2	30	4.69351e-05	42612	1	FALSE	NA	NA	NA	NA	NA	NA
NC_045512.2	3355	T	A	42609	29551	38	1	1	26	2.34676e-05	42612	1	FALSE	NA	NA	NA	NA	NA	NA
NC_045512.2	3356	T	C	40301	29924	37	4	3	42	9.92433e-05	40305	0.636739	FALSE	NA	NA	NA	NA	NA	NA
NC_045512.2	3357	A	G	40838	30228	37	3	1	34	7.34556e-05	40841	1	FALSE	NA	NA	NA	NA	NA	NA
NC_045512.2	3359	T	C	42913	32678	37	2	1	34	4.66038e-05	42915	1	FALSE	NA	NA	NA	NA	NA	NA
NC_045512.2	3360	T	C	42891	33352	37	4	4	34	9.32488e-05	42896	1	FALSE	NA	NA	NA	NA	NA	NA
NC_045512.2	3360	T	A	42891	33352	37	1	1	34	2.33122e-05	42896	1	FALSE	NA	NA	NA	NA	NA	NA
NC_045512.2	3361	A	G	42957	33400	37	1	0	34	2.32786e-05	42958	1	FALSE	NA	NA	NA	NA	NA	NA
NC_045512.2	3362	A	G	42857	33412	37	1	1	26	2.33329e-05	42858	1	FALSE	NA	NA	NA	NA	NA	NA
NC_045512.2	3363	A	G	42400	33356	37	2	2	51	4.71676e-05	42402	0.250003	FALSE	NA	NA	NA	NA	NA	NA
NC_045512.2	3364	A	T	44228	35174	37	1	1	34	2.26076e-05	44233	1	FALSE	NA	NA	NA	NA	NA	NA
NC_045512.2	3364	A	G	44228	35174	37	4	3	34	9.04302e-05	44233	1	FALSE	NA	NA	NA	NA	NA	NA
NC_045512.2	3365	C	T	44657	37323	37	2	2	34	4.47818e-05	44661	1	FALSE	NA	NA	NA	NA	NA	NA
NC_045512.2	3365	C	G	44657	37323	37	2	0	26	4.47818e-05	44661	1	FALSE	NA	NA	NA	NA	NA	NA
NC_045512.2	3365	C	-T	44657	37323	37	1	0	20	2.23909e-05	44661	1	FALSE	NA	NA	NA	NA	NA	NA
NC_045512.2	3366	T	G	43370	36060	37	1	1	26	2.30542e-05	43376	1	FALSE	NA	NA	NA	NA	NA	NA
NC_045512.2	3366	T	C	43370	36060	37	5	4	32	0.000115271	43376	1	FALSE	NA	NA	NA	NA	NA	NA
NC_045512.2	3367	T	C	43412	36103	37	4	2	40	9.21319e-05	43416	0.636738	FALSE	NA	NA	NA	NA	NA	NA
NC_045512.2	3368	A	T	43478	36192	37	1	1	34	2.2998e-05	43482	1	FALSE	NA	NA	NA	NA	NA	NA
NC_045512.2	3368	A	G	43478	36192	37	3	3	34	6.89941e-05	43482	1	FALSE	NA	NA	NA	NA	NA	NA
NC_045512.2	3369	C	T	43707	36621	37	2	2	30	4.57572e-05	43709	1	FALSE	NA	NA	NA	NA	NA	NA
NC_045512.2	3370	T	C	43737	36647	37	11	9	35	0.00025144	43748	0.999998	FALSE	NA	NA	NA	NA	NA	NA
NC_045512.2	3371	G	T	43911	36787	37	2	2	30	4.55446e-05	43913	1	FALSE	NA	NA	NA	NA	NA	NA
NC_045512.2	3372	A	T	47467	40615	37	3	3	34	6.31965e-05	47471	1	FALSE	NA	NA	NA	NA	NA	NA
NC_045512.2	3372	A	G	47467	40615	37	1	1	34	2.10655e-05	47471	1	FALSE	NA	NA	NA	NA	NA	NA
NC_045512.2	3373	C	T	47662	40745	37	7	7	32	0.000146846	47669	1	FALSE	NA	NA	NA	NA	NA	NA
NC_045512.2	3373	C	+A	47662	40745	37	1	0	20	2.0978e-05	47669	1	FALSE	NA	NA	NA	NA	NA	NA
NC_045512.2	3374	A	T	48008	41208	37	1	1	34	2.08281e-05	48012	1	FALSE	NA	NA	NA	NA	NA	NA
NC_045512.2	3374	A	G	48008	41208	37	1	1	26	2.08281e-05	48012	1	FALSE	NA	NA	NA	NA	NA	NA
NC_045512.2	3374	A	C	48008	41208	37	2	2	34	4.16563e-05	48012	1	FALSE	NA	NA	NA	NA	NA	NA
NC_045512.2	3375	A	T	48428	41617	37	1	1	34	2.06471e-05	48433	1	FALSE	NA	NA	NA	NA	NA	NA
NC_045512.2	3375	A	G	48428	41617	37	4	4	34	8.25883e-05	48433	1	FALSE	NA	NA	NA	NA	NA	NA
NC_045512.2	3376	T	C	48201	41624	38	3	2	34	6.22355e-05	48204	1	FALSE	NA	NA	NA	NA	NA	NA
NC_045512.2	3377	G	C	48191	41727	37	3	3	34	6.22432e-05	48198	1	FALSE	NA	NA	NA	NA	NA	NA
NC_045512.2	3377	G	A	48191	41727	37	4	4	34	8.2991e-05	48198	1	FALSE	NA	NA	NA	NA	NA	NA
NC_045512.2	3378	T	G	47977	41548	37	1	1	34	2.08425e-05	47979	1	FALSE	NA	NA	NA	NA	NA	NA
NC_045512.2	3378	T	A	47977	41548	37	1	1	34	2.08425e-05	47979	1	FALSE	NA	NA	NA	NA	NA	NA
NC_045512.2	3379	A	T	48425	42073	38	2	2	34	4.12907e-05	48437	1	FALSE	NA	NA	NA	NA	NA	NA
NC_045512.2	3379	A	G	48425	42073	38	9	8	33	0.000185808	48437	1	FALSE	NA	NA	NA	NA	NA	NA
NC_045512.2	3379	A	C	48425	42073	38	1	1	27	2.06454e-05	48437	1	FALSE	NA	NA	NA	NA	NA	NA
NC_045512.2	3380	T	C	49226	43028	38	7	7	32	0.000142178	49234	1	FALSE	NA	NA	NA	NA	NA	NA
NC_045512.2	3380	T	A	49226	43028	38	1	1	34	2.03112e-05	49234	1	FALSE	NA	NA	NA	NA	NA	NA
NC_045512.2	3381	A	G	50012	44011	38	4	4	30	7.99744e-05	50016	1	FALSE	NA	NA	NA	NA	NA	NA
NC_045512.2	3382	C	T	57150	52084	38	3	3	31	5.24907e-05	57153	1	FALSE	NA	NA	NA	NA	NA	NA
NC_045512.2	3383	A	T	57564	52670	38	1	1	34	1.73705e-05	57569	1	FALSE	NA	NA	NA	NA	NA	NA
NC_045512.2	3383	A	G	57564	52670	38	3	3	42	5.21114e-05	57569	0.855472	FALSE	NA	NA	NA	NA	NA	NA
NC_045512.2	3383	A	C	57564	52670	38	1	1	34	1.73705e-05	57569	1	FALSE	NA	NA	NA	NA	NA	NA
NC_045512.2	3384	T	C	57020	52182	38	2	2	30	3.50742e-05	57022	1	FALSE	NA	NA	NA	NA	NA	NA
NC_045512.2	3385	T	C	57836	53166	38	2	2	34	3.45787e-05	57839	1	FALSE	NA	NA	NA	NA	NA	NA
NC_045512.2	3385	T	A	57836	53166	38	1	1	34	1.72894e-05	57839	1	FALSE	NA	NA	NA	NA	NA	NA
NC_045512.2	3385	T	-A	57836	53166	38	1	0	20	1.72894e-05	57839	1	FALSE	NA	NA	NA	NA	NA	NA
NC_045512.2	3385	T	+A	57836	53166	38	2	0	20	3.45787e-05	57839	1	FALSE	NA	NA	NA	NA	NA	NA
NC_045512.2	3386	A	T	57387	52797	38	2	2	34	3.48456e-05	57396	1	FALSE	NA	NA	NA	NA	NA	NA
NC_045512.2	3386	A	G	57387	52797	38	7	6	48	0.00012196	57396	0.387166	FALSE	NA	NA	NA	NA	NA	NA
NC_045512.2	3387	A	G	57551	53464	38	2	2	34	3.47506e-05	57553	1	FALSE	NA	NA	NA	NA	NA	NA
NC_045512.2	3388	A	C	57555	53553	38	2	2	34	3.47482e-05	57557	1	FALSE	NA	NA	NA	NA	NA	NA
NC_045512.2	3389	A	G	57341	53339	38	1	0	68	1.74392e-05	57342	0.500004	FALSE	NA	NA	NA	NA	NA	NA
NC_045512.2	3390	A	T	57340	53344	38	1	1	26	1.7438e-05	57346	1	FALSE	NA	NA	NA	NA	NA	NA
NC_045512.2	3390	A	G	57340	53344	38	2	2	34	3.4876e-05	57346	1	FALSE	NA	NA	NA	NA	NA	NA
NC_045512.2	3390	A	C	57340	53344	38	3	3	34	5.2314e-05	57346	1	FALSE	NA	NA	NA	NA	NA	NA
NC_045512.2	3391	T	C	56714	52727	38	3	3	34	5.28942e-05	56717	1	FALSE	NA	NA	NA	NA	NA	NA
NC_045512.2	3392	G	C	56399	52422	38	3	3	31	5.31858e-05	56406	1	FALSE	NA	NA	NA	NA	NA	NA
NC_045512.2	3392	G	A	56399	52422	38	4	4	34	7.09144e-05	56406	1	FALSE	NA	NA	NA	NA	NA	NA
NC_045512.2	3393	C	T	56457	52586	38	16	15	42	0.000283321	56473	0.0132964	FALSE	NA	NA	NA	NA	NA	NA
NC_045512.2	3394	A	T	55183	51313	38	5	5	32	9.05567e-05	55214	1	FALSE	NA	NA	NA	NA	NA	NA
NC_045512.2	3394	A	G	55183	51313	38	23	22	37	0.000416561	55214	0.999925	FALSE	NA	NA	NA	NA	NA	NA
NC_045512.2	3394	A	C	55183	51313	38	3	3	34	5.4334e-05	55214	1	FALSE	NA	NA	NA	NA	NA	NA
NC_045512.2	3395	G	T	55141	51289	38	2	2	34	3.6266e-05	55148	1	FALSE	NA	NA	NA	NA	NA	NA
NC_045512.2	3395	G	C	55141	51289	38	4	4	34	7.25321e-05	55148	1	FALSE	NA	NA	NA	NA	NA	NA
NC_045512.2	3395	G	A	55141	51289	38	1	1	34	1.8133e-05	55148	1	FALSE	NA	NA	NA	NA	NA	NA
NC_045512.2	3396	A	G	54709	50863	38	5	5	34	9.13826e-05	54715	1	FALSE	NA	NA	NA	NA	NA	NA
NC_045512.2	3396	A	C	54709	50863	38	1	1	34	1.82765e-05	54715	1	FALSE	NA	NA	NA	NA	NA	NA
NC_045512.2	3397	C	T	54575	51189	37	1	1	34	1.83231e-05	54576	1	FALSE	NA	NA	NA	NA	NA	NA
NC_045512.2	3398	A	G	54082	50720	37	3	2	28	5.54682e-05	54085	1	FALSE	NA	NA	NA	NA	NA	NA
NC_045512.2	3399	T	C	53563	50238	37	1	1	34	1.86693e-05	53564	1	FALSE	NA	NA	NA	NA	NA	NA
NC_045512.2	3399	T	-TG	53563	50238	37	1	0	20	1.86693e-05	53564	1	FALSE	NA	NA	NA	NA	NA	NA
NC_045512.2	3400	T	C	53511	50190	37	5	4	40	9.34283e-05	53517	0.623041	FALSE	NA	NA	NA	NA	NA	NA
NC_045512.2	3400	T	A	53511	50190	37	1	1	68	1.86857e-05	53517	0.499977	FALSE	NA	NA	NA	NA	NA	NA
NC_045512.2	3401	G	T	53649	50331	37	1	0	68	1.86376e-05	53655	0.499977	FALSE	NA	NA	NA	NA	NA	NA
NC_045512.2	3401	G	C	53649	50331	37	1	1	34	1.86376e-05	53655	1	FALSE	NA	NA	NA	NA	NA	NA
NC_045512.2	3401	G	A	53649	50331	37	4	4	42	7.45504e-05	53655	0.746085	FALSE	NA	NA	NA	NA	NA	NA
NC_045512.2	3402	T	G	53715	50395	37	1	1	26	1.86119e-05	53729	1	FALSE	NA	NA	NA	NA	NA	NA
NC_045512.2	3402	T	C	53715	50395	37	13	12	36	0.000241955	53729	1	FALSE	NA	NA	NA	NA	NA	NA
NC_045512.2	3402	T	-G	53715	50395	37	1	0	20	1.86119e-05	53729	1	FALSE	NA	NA	NA	NA	NA	NA
NC_045512.2	3403	G	C	53415	50121	37	3	3	31	5.61577e-05	53421	1	FALSE	NA	NA	NA	NA	NA	NA
NC_045512.2	3403	G	A	53415	50121	37	3	3	34	5.61577e-05	53421	1	FALSE	NA	NA	NA	NA	NA	NA
NC_045512.2	3404	G	A	53305	50089	37	1	1	34	1.87596e-05	53306	1	FALSE	NA	NA	NA	NA	NA	NA
NC_045512.2	3405	A	G	53350	50171	37	5	4	32	9.37119e-05	53355	1	FALSE	NA	NA	NA	NA	NA	NA
NC_045512.2	3406	A	G	52266	49122	37	9	9	33	0.000172166	52275	1	FALSE	NA	NA	NA	NA	NA	NA
NC_045512.2	3407	G	C	52149	49004	37	1	1	34	1.91747e-05	52152	1	FALSE	NA	NA	NA	NA	NA	NA
NC_045512.2	3407	G	A	52149	49004	37	2	2	34	3.83494e-05	52152	1	FALSE	NA	NA	NA	NA	NA	NA
NC_045512.2	3408	A	G	51170	48069	37	1	1	26	1.95423e-05	51171	1	FALSE	NA	NA	NA	NA	NA	NA
NC_045512.2	3409	A	G	50794	47757	37	4	4	51	7.87433e-05	50798	0.0624988	FALSE	NA	NA	NA	NA	NA	NA
NC_045512.2	3410	G	T	50322	47480	37	6	6	34	0.000119213	50330	1	FALSE	NA	NA	NA	NA	NA	NA
NC_045512.2	3410	G	A	50322	47480	37	2	2	34	3.97377e-05	50330	1	FALSE	NA	NA	NA	NA	NA	NA
NC_045512.2	3411	C	T	50368	47762	37	2	2	30	3.97054e-05	50371	1	FALSE	NA	NA	NA	NA	NA	NA
NC_045512.2	3411	C	G	50368	47762	37	1	1	34	1.98527e-05	50371	1	FALSE	NA	NA	NA	NA	NA	NA
NC_045512.2	3412	T	G	50172	47559	37	1	1	34	1.99287e-05	50179	1	FALSE	NA	NA	NA	NA	NA	NA
NC_045512.2	3412	T	C	50172	47559	37	5	5	34	9.96433e-05	50179	1	FALSE	NA	NA	NA	NA	NA	NA
NC_045512.2	3412	T	A	50172	47559	37	1	1	34	1.99287e-05	50179	1	FALSE	NA	NA	NA	NA	NA	NA
NC_045512.2	3412	T	-A	50172	47559	37	20	0	20	0.000398573	50179	1	FALSE	NA	NA	NA	NA	NA	NA
NC_045512.2	3412	T	+A	50172	47559	37	1	0	20	1.99287e-05	50179	1	FALSE	NA	NA	NA	NA	NA	NA
NC_045512.2	3413	A	G	50294	47686	37	1	1	68	1.98827e-05	50295	0.499906	FALSE	NA	NA	NA	NA	NA	NA
NC_045512.2	3414	A	G	50303	47716	37	2	2	34	3.97575e-05	50305	1	FALSE	NA	NA	NA	NA	NA	NA
NC_045512.2	3415	A	G	50264	47684	37	4	4	32	7.95719e-05	50269	1	FALSE	NA	NA	NA	NA	NA	NA
NC_045512.2	3415	A	C	50264	47684	37	1	1	34	1.9893e-05	50269	1	FALSE	NA	NA	NA	NA	NA	NA
NC_045512.2	3416	A	T	50228	47717	37	1	1	26	1.99068e-05	50234	1	FALSE	NA	NA	NA	NA	NA	NA
NC_045512.2	3416	A	G	50228	47717	37	4	4	34	7.96273e-05	50234	1	FALSE	NA	NA	NA	NA	NA	NA
NC_045512.2	3416	A	C	50228	47717	37	1	1	34	1.99068e-05	50234	1	FALSE	NA	NA	NA	NA	NA	NA
NC_045512.2	3417	A	G	60622	48049	36	3	3	34	4.94845e-05	60625	1	FALSE	NA	NA	NA	NA	NA	NA
NC_045512.2	3417	A	+G	60622	48049	36	1	0	20	1.64948e-05	60625	1	FALSE	NA	NA	NA	NA	NA	NA
NC_045512.2	3418	G	T	61821	47777	36	2	2	30	3.23462e-05	61831	1	FALSE	NA	NA	NA	NA	NA	NA
NC_045512.2	3418	G	C	61821	47777	36	1	1	68	1.61731e-05	61831	0.499968	FALSE	NA	NA	NA	NA	NA	NA
NC_045512.2	3418	G	A	61821	47777	36	7	5	34	0.000113212	61831	1	FALSE	NA	NA	NA	NA	NA	NA
NC_045512.2	3419	G	C	61607	47618	36	1	1	34	1.62274e-05	61624	1	FALSE	NA	NA	NA	NA	NA	NA
NC_045512.2	3419	G	A	61607	47618	36	16	14	44	0.000259639	61624	0.026229	FALSE	NA	NA	NA	NA	NA	NA
NC_045512.2	3420	T	G	59647	45685	36	3	3	31	5.02774e-05	59669	1	FALSE	NA	NA	NA	NA	NA	NA
NC_045512.2	3420	T	C	59647	45685	36	18	16	33	0.000301664	59669	1	FALSE	NA	NA	NA	NA	NA	NA
NC_045512.2	3420	T	A	59647	45685	36	1	1	26	1.67591e-05	59669	1	FALSE	NA	NA	NA	NA	NA	NA
NC_045512.2	3420	T	-A	59647	45685	36	2	0	20	3.35182e-05	59669	1	FALSE	NA	NA	NA	NA	NA	NA
NC_045512.2	3421	A	G	60732	46731	36	12	6	36	0.000197544	60746	1	FALSE	NA	NA	NA	NA	NA	NA
NC_045512.2	3421	A	C	60732	46731	36	2	2	34	3.2924e-05	60746	1	FALSE	NA	NA	NA	NA	NA	NA
NC_045512.2	3422	A	T	60717	46684	36	2	2	30	3.29375e-05	60721	1	FALSE	NA	NA	NA	NA	NA	NA
NC_045512.2	3422	A	G	60717	46684	36	2	2	30	3.29375e-05	60721	1	FALSE	NA	NA	NA	NA	NA	NA
NC_045512.2	3423	A	G	63461	46566	35	3	2	31	4.72709e-05	63464	1	FALSE	NA	NA	NA	NA	NA	NA
NC_045512.2	3424	A	T	62825	45983	35	2	1	34	3.18253e-05	62843	1	FALSE	NA	NA	NA	NA	NA	NA
NC_045512.2	3424	A	G	62825	45983	35	7	3	32	0.000111389	62843	1	FALSE	NA	NA	NA	NA	NA	NA
NC_045512.2	3424	A	C	62825	45983	35	9	9	32	0.000143214	62843	1	FALSE	NA	NA	NA	NA	NA	NA
NC_045512.2	3424	A	-C	62825	45983	35	1	0	20	1.59127e-05	62843	1	FALSE	NA	NA	NA	NA	NA	NA
NC_045512.2	3425	C	T	64001	47052	36	2	2	30	3.12476e-05	64005	1	FALSE	NA	NA	NA	NA	NA	NA
NC_045512.2	3425	C	G	64001	47052	36	2	2	34	3.12476e-05	64005	1	FALSE	NA	NA	NA	NA	NA	NA
NC_045512.2	3426	C	T	64369	46780	36	5	4	34	7.76711e-05	64374	1	FALSE	NA	NA	NA	NA	NA	NA
NC_045512.2	3427	A	T	63464	45807	36	8	8	34	0.000126034	63475	1	FALSE	NA	NA	NA	NA	NA	NA
NC_045512.2	3427	A	G	63464	45807	36	3	3	34	4.72627e-05	63475	1	FALSE	NA	NA	NA	NA	NA	NA
NC_045512.2	3428	A	T	62866	45883	35	2	2	34	3.18112e-05	62871	1	FALSE	NA	NA	NA	NA	NA	NA
NC_045512.2	3428	A	G	62866	45883	35	3	0	31	4.77168e-05	62871	1	FALSE	NA	NA	NA	NA	NA	NA
NC_045512.2	3429	C	T	63864	46030	35	2	2	30	3.13151e-05	63867	1	FALSE	NA	NA	NA	NA	NA	NA
NC_045512.2	3429	C	A	63864	46030	35	1	1	34	1.56575e-05	63867	1	FALSE	NA	NA	NA	NA	NA	NA
NC_045512.2	3430	A	T	63242	45992	35	2	2	30	3.16221e-05	63247	1	FALSE	NA	NA	NA	NA	NA	NA
NC_045512.2	3430	A	G	63242	45992	35	2	2	30	3.16221e-05	63247	1	FALSE	NA	NA	NA	NA	NA	NA
NC_045512.2	3430	A	C	63242	45992	35	1	1	26	1.5811e-05	63247	1	FALSE	NA	NA	NA	NA	NA	NA
NC_045512.2	3431	G	T	65133	46303	35	1	1	34	1.5353e-05	65134	1	FALSE	NA	NA	NA	NA	NA	NA
NC_045512.2	3432	T	G	62348	43636	35	1	0	34	1.60387e-05	62349	1	FALSE	NA	NA	NA	NA	NA	NA
NC_045512.2	3433	G	T	62893	43647	35	2	2	34	3.1796e-05	62901	1	FALSE	NA	NA	NA	NA	NA	NA
NC_045512.2	3433	G	A	62893	43647	35	6	4	31	9.5388e-05	62901	1	FALSE	NA	NA	NA	NA	NA	NA
NC_045512.2	3434	G	T	63189	43697	35	1	1	68	1.58243e-05	63194	0.499988	FALSE	NA	NA	NA	NA	NA	NA
NC_045512.2	3434	G	C	63189	43697	35	2	2	34	3.16486e-05	63194	1	FALSE	NA	NA	NA	NA	NA	NA
NC_045512.2	3434	G	A	63189	43697	35	2	0	51	3.16486e-05	63194	0.24999	FALSE	NA	NA	NA	NA	NA	NA
NC_045512.2	3435	T	C	62596	43025	35	3	2	34	4.79233e-05	62600	1	FALSE	NA	NA	NA	NA	NA	NA
NC_045512.2	3435	T	A	62596	43025	35	1	0	34	1.59744e-05	62600	1	FALSE	NA	NA	NA	NA	NA	NA
NC_045512.2	3437	G	A	63852	43049	35	16	12	48	0.000250517	63868	0.0262316	FALSE	NA	NA	NA	NA	NA	NA
NC_045512.2	3438	T	C	63252	42489	35	9	7	34	0.000142261	63264	1	FALSE	NA	NA	NA	NA	NA	NA
NC_045512.2	3438	T	A	63252	42489	35	3	0	68	4.74203e-05	63264	0.124973	FALSE	NA	NA	NA	NA	NA	NA
NC_045512.2	3439	T	C	63401	42677	35	15	5	34	0.000236533	63416	1	FALSE	NA	NA	NA	NA	NA	NA
NC_045512.2	3440	A	G	62138	41463	35	5	2	34	8.04596e-05	62143	1	FALSE	NA	NA	NA	NA	NA	NA
NC_045512.2	3441	A	T	62260	41722	35	1	1	34	1.60606e-05	62264	1	FALSE	NA	NA	NA	NA	NA	NA
NC_045512.2	3441	A	G	62260	41722	35	1	0	34	1.60606e-05	62264	1	FALSE	NA	NA	NA	NA	NA	NA
NC_045512.2	3441	A	C	62260	41722	35	2	2	34	3.21213e-05	62264	1	FALSE	NA	NA	NA	NA	NA	NA
NC_045512.2	3442	T	G	61749	41185	35	1	1	34	1.61938e-05	61752	1	FALSE	NA	NA	NA	NA	NA	NA
NC_045512.2	3442	T	C	61749	41185	35	2	1	34	3.23876e-05	61752	1	FALSE	NA	NA	NA	NA	NA	NA
NC_045512.2	3443	G	T	61362	40814	35	1	1	34	1.62935e-05	61374	1	FALSE	NA	NA	NA	NA	NA	NA
NC_045512.2	3443	G	C	61362	40814	35	1	1	34	1.62935e-05	61374	1	FALSE	NA	NA	NA	NA	NA	NA
NC_045512.2	3443	G	A	61362	40814	35	10	10	34	0.000162935	61374	1	FALSE	NA	NA	NA	NA	NA	NA
NC_045512.2	3444	C	T	61439	40694	35	18	11	34	0.000292888	61457	1	FALSE	NA	NA	NA	NA	NA	NA
NC_045512.2	3445	A	G	60428	39041	35	10	5	32	0.000165456	60439	1	FALSE	NA	NA	NA	NA	NA	NA
NC_045512.2	3445	A	C	60428	39041	35	1	1	34	1.65456e-05	60439	1	FALSE	NA	NA	NA	NA	NA	NA
NC_045512.2	3446	G	T	60883	39255	35	6	5	34	9.85205e-05	60901	1	FALSE	NA	NA	NA	NA	NA	NA
NC_045512.2	3446	G	C	60883	39255	35	1	0	26	1.64201e-05	60901	1	FALSE	NA	NA	NA	NA	NA	NA
NC_045512.2	3446	G	A	60883	39255	35	11	9	33	0.000180621	60901	1	FALSE	NA	NA	NA	NA	NA	NA
NC_045512.2	3447	C	T	60810	39391	35	5	0	47	8.22139e-05	60817	0.725586	FALSE	NA	NA	NA	NA	NA	NA
NC_045512.2	3447	C	A	60810	39391	35	2	2	34	3.28855e-05	60817	1	FALSE	NA	NA	NA	NA	NA	NA
NC_045512.2	3448	C	T	60808	39347	35	3	2	45	4.93316e-05	60813	0.91016	FALSE	NA	NA	NA	NA	NA	NA
NC_045512.2	3448	C	A	60808	39347	35	2	2	34	3.28877e-05	60813	1	FALSE	NA	NA	NA	NA	NA	NA
NC_045512.2	3449	A	T	60687	39126	35	4	4	30	6.58924e-05	60705	1	FALSE	NA	NA	NA	NA	NA	NA
NC_045512.2	3449	A	G	60687	39126	35	12	12	34	0.000197677	60705	1	FALSE	NA	NA	NA	NA	NA	NA
NC_045512.2	3449	A	C	60687	39126	35	2	2	34	3.29462e-05	60705	1	FALSE	NA	NA	NA	NA	NA	NA
NC_045512.2	3450	A	G	62052	39205	35	12	6	34	0.000193349	62064	1	FALSE	NA	NA	NA	NA	NA	NA
NC_045512.2	3451	T	C	62106	39102	35	7	7	31	0.000112694	62115	1	FALSE	NA	NA	NA	NA	NA	NA
NC_045512.2	3451	T	A	62106	39102	35	2	2	30	3.21983e-05	62115	1	FALSE	NA	NA	NA	NA	NA	NA
NC_045512.2	3452	G	T	62340	39178	35	2	2	34	3.20811e-05	62342	1	FALSE	NA	NA	NA	NA	NA	NA
NC_045512.2	3452	G	-T	62340	39178	35	1	0	20	1.60406e-05	62342	1	FALSE	NA	NA	NA	NA	NA	NA
NC_045512.2	3453	T	C	54687	31513	33	7	6	32	0.000127985	54694	1	FALSE	NA	NA	NA	NA	NA	NA
NC_045512.2	3454	T	C	58321	35196	35	13	6	33	0.000222855	58334	1	FALSE	NA	NA	NA	NA	NA	NA
NC_045512.2	3454	T	-TA	58321	35196	35	3	0	20	5.1428e-05	58334	1	FALSE	NA	NA	NA	NA	NA	NA
NC_045512.2	3455	T	C	57651	34554	35	58	57	34	0.00100503	57710	0.499889	FALSE	NA	NA	NA	NA	NA	NA
NC_045512.2	3455	T	A	57651	34554	35	1	1	34	1.7328e-05	57710	1	FALSE	NA	NA	NA	NA	NA	NA
NC_045512.2	3456	A	T	58144	34301	35	3	3	42	5.15836e-05	58158	0.855404	FALSE	NA	NA	NA	NA	NA	NA
NC_045512.2	3456	A	G	58144	34301	35	10	5	46	0.000171945	58158	0.150816	FALSE	NA	NA	NA	NA	NA	NA
NC_045512.2	3456	A	C	58144	34301	35	1	1	34	1.71945e-05	58158	1	FALSE	NA	NA	NA	NA	NA	NA
NC_045512.2	3457	C	T	59015	34549	35	1	0	34	1.69443e-05	59017	1	FALSE	NA	NA	NA	NA	NA	NA
NC_045512.2	3457	C	A	59015	34549	35	1	0	68	1.69443e-05	59017	0.5	FALSE	NA	NA	NA	NA	NA	NA
NC_045512.2	3458	C	T	58853	34424	35	7	3	34	0.000118924	58861	1	FALSE	NA	NA	NA	NA	NA	NA
NC_045512.2	3458	C	A	58853	34424	35	1	0	34	1.69892e-05	58861	1	FALSE	NA	NA	NA	NA	NA	NA
NC_045512.2	3458	C	-T	58853	34424	35	3	0	20	5.09675e-05	58861	1	FALSE	NA	NA	NA	NA	NA	NA
NC_045512.2	3459	T	C	55824	31316	34	14	4	33	0.000250712	55841	1	FALSE	NA	NA	NA	NA	NA	NA
NC_045512.2	3459	T	A	55824	31316	34	3	3	34	5.3724e-05	55841	1	FALSE	NA	NA	NA	NA	NA	NA
NC_045512.2	3460	T	C	55936	31523	35	11	3	34	0.000196611	55948	1	FALSE	NA	NA	NA	NA	NA	NA
NC_045512.2	3460	T	A	55936	31523	35	1	0	34	1.78737e-05	55948	1	FALSE	NA	NA	NA	NA	NA	NA
NC_045512.2	3460	T	-A	55936	31523	35	1	0	20	1.78737e-05	55948	1	FALSE	NA	NA	NA	NA	NA	NA
NC_045512.2	3461	A	G	55120	30695	35	2	2	34	3.62825e-05	55123	1	FALSE	NA	NA	NA	NA	NA	NA
NC_045512.2	3461	A	C	55120	30695	35	1	0	34	1.81412e-05	55123	1	FALSE	NA	NA	NA	NA	NA	NA
NC_045512.2	3462	A	G	55492	31214	35	7	5	38	0.000126128	55499	1	FALSE	NA	NA	NA	NA	NA	NA
NC_045512.2	3463	A	G	52343	31324	34	7	1	34	0.000133715	52350	1	FALSE	NA	NA	NA	NA	NA	NA
NC_045512.2	3464	C	T	56740	31469	35	7	6	34	0.000123355	56747	1	FALSE	NA	NA	NA	NA	NA	NA
NC_045512.2	3465	A	G	54327	29251	35	1	1	34	1.84067e-05	54328	1	FALSE	NA	NA	NA	NA	NA	NA
NC_045512.2	3466	T	G	53244	27801	35	2	1	34	3.7558e-05	53251	1	FALSE	NA	NA	NA	NA	NA	NA
NC_045512.2	3466	T	C	53244	27801	35	4	2	51	7.5116e-05	53251	0.0624918	FALSE	NA	NA	NA	NA	NA	NA
NC_045512.2	3466	T	A	53244	27801	35	1	0	26	1.8779e-05	53251	1	FALSE	NA	NA	NA	NA	NA	NA
NC_045512.2	3466	T	-GGA	53244	27801	35	1	0	20	1.8779e-05	53251	1	FALSE	NA	NA	NA	NA	NA	NA
NC_045512.2	3467	G	A	27185	1908	37	1	1	60	3.67836e-05	27186	0.5	FALSE	NA	NA	NA	NA	NA	NA
NC_045512.2	3468	G	C	27735	1929	37	2	2	27	7.21059e-05	27737	1	FALSE	NA	NA	NA	NA	NA	NA
NC_045512.2	3469	A	T	27739	1947	37	5	1	54	0.000180174	27751	0.0312247	FALSE	NA	NA	NA	NA	NA	NA
NC_045512.2	3469	A	G	27739	1947	37	6	3	34	0.000216208	27751	0.999967	FALSE	NA	NA	NA	NA	NA	NA
NC_045512.2	3469	A	C	27739	1947	37	1	1	34	3.60347e-05	27751	1	FALSE	NA	NA	NA	NA	NA	NA
NC_045512.2	3469	A	-G	27739	1947	37	1	0	20	3.60334e-05	27752	1	FALSE	NA	NA	NA	NA	NA	NA
NC_045512.2	3470	G	T	27823	1957	37	1	0	34	3.59376e-05	27826	1	FALSE	NA	NA	NA	NA	NA	NA
NC_045512.2	3470	G	A	27823	1957	37	2	0	34	7.18752e-05	27826	1	FALSE	NA	NA	NA	NA	NA	NA
NC_045512.2	3470	G	+T	27823	1957	37	2	0	20	7.18726e-05	27827	1	FALSE	NA	NA	NA	NA	NA	NA
NC_045512.2	3471	G	T	27884	2036	37	4	0	34	0.000143431	27888	0.999998	FALSE	NA	NA	NA	NA	NA	NA
NC_045512.2	3472	A	T	28091	2114	37	2	0	51	7.11693e-05	28102	0.249924	FALSE	NA	NA	NA	NA	NA	NA
NC_045512.2	3472	A	G	28091	2114	37	9	0	32	0.000320262	28102	0.999625	FALSE	NA	NA	NA	NA	NA	NA
NC_045512.2	3473	G	T	28490	2113	37	1	0	68	3.50976e-05	28492	0.5	FALSE	NA	NA	NA	NA	NA	NA
NC_045512.2	3473	G	A	28490	2113	37	1	0	34	3.50976e-05	28492	1	FALSE	NA	NA	NA	NA	NA	NA
NC_045512.2	3474	G	C	30013	2247	37	1	1	34	3.33178e-05	30014	1	FALSE	NA	NA	NA	NA	NA	NA
NC_045512.2	3475	T	C	30088	2336	37	3	1	30	9.96976e-05	30091	1	FALSE	NA	NA	NA	NA	NA	NA
NC_045512.2	3476	G	A	30313	2351	37	2	0	34	6.59739e-05	30315	1	FALSE	NA	NA	NA	NA	NA	NA
NC_045512.2	3477	T	C	30415	2371	37	3	0	31	9.86096e-05	30423	1	FALSE	NA	NA	NA	NA	NA	NA
NC_045512.2	3477	T	A	30415	2371	37	5	0	40	0.000164349	30423	0.363236	FALSE	NA	NA	NA	NA	NA	NA
NC_045512.2	3478	T	G	30449	2438	38	4	0	34	0.000131337	30456	1	FALSE	NA	NA	NA	NA	NA	NA
NC_045512.2	3478	T	C	30449	2438	38	2	0	34	6.56685e-05	30456	1	FALSE	NA	NA	NA	NA	NA	NA
NC_045512.2	3478	T	A	30449	2438	38	1	1	27	3.28343e-05	30456	1	FALSE	NA	NA	NA	NA	NA	NA
NC_045512.2	3479	G	T	30508	2375	37	1	0	34	3.27729e-05	30513	1	FALSE	NA	NA	NA	NA	NA	NA
NC_045512.2	3479	G	A	30508	2375	37	4	0	32	0.000131092	30513	1	FALSE	NA	NA	NA	NA	NA	NA
NC_045512.2	3480	C	T	30488	2450	37	6	0	34	0.000196754	30495	0.999994	FALSE	NA	NA	NA	NA	NA	NA
NC_045512.2	3480	C	G	30488	2450	37	1	0	34	3.27923e-05	30495	1	FALSE	NA	NA	NA	NA	NA	NA
NC_045512.2	3481	A	T	30622	2452	38	1	1	68	3.26488e-05	30629	0.499959	FALSE	NA	NA	NA	NA	NA	NA
NC_045512.2	3481	A	G	30622	2452	38	5	1	34	0.000163244	30629	0.999998	FALSE	NA	NA	NA	NA	NA	NA
NC_045512.2	3481	A	C	30622	2452	38	1	1	34	3.26488e-05	30629	1	FALSE	NA	NA	NA	NA	NA	NA
NC_045512.2	3483	G	C	30625	2473	38	2	0	34	6.52997e-05	30628	1	FALSE	NA	NA	NA	NA	NA	NA
NC_045512.2	3483	G	A	30625	2473	38	1	0	26	3.26499e-05	30628	1	FALSE	NA	NA	NA	NA	NA	NA
NC_045512.2	3485	G	T	32424	2575	37	1	0	34	3.08394e-05	32426	1	FALSE	NA	NA	NA	NA	NA	NA
NC_045512.2	3485	G	A	32424	2575	37	1	0	34	3.08394e-05	32426	1	FALSE	NA	NA	NA	NA	NA	NA
NC_045512.2	3486	C	T	32548	2596	37	2	0	51	6.14364e-05	32554	0.249973	FALSE	NA	NA	NA	NA	NA	NA
NC_045512.2	3486	C	G	32548	2596	37	3	1	34	9.21546e-05	32554	1	FALSE	NA	NA	NA	NA	NA	NA
NC_045512.2	3486	C	A	32548	2596	37	1	0	34	3.07182e-05	32554	1	FALSE	NA	NA	NA	NA	NA	NA
NC_045512.2	3487	C	T	32817	2599	37	8	0	34	0.000243702	32827	0.999979	FALSE	NA	NA	NA	NA	NA	NA
NC_045512.2	3487	C	G	32817	2599	37	2	0	30	6.09255e-05	32827	1	FALSE	NA	NA	NA	NA	NA	NA
NC_045512.2	3488	T	G	32890	2601	38	1	1	68	3.03924e-05	32903	0.499916	FALSE	NA	NA	NA	NA	NA	NA
NC_045512.2	3488	T	C	32890	2601	38	5	1	32	0.000151962	32903	0.999999	FALSE	NA	NA	NA	NA	NA	NA
NC_045512.2	3488	T	A	32890	2601	38	7	0	34	0.000212747	32903	0.999993	FALSE	NA	NA	NA	NA	NA	NA
NC_045512.2	3489	T	C	32935	2664	38	9	2	44	0.000273183	32945	0.0729797	FALSE	NA	NA	NA	NA	NA	NA
NC_045512.2	3489	T	A	32935	2664	38	1	0	34	3.03536e-05	32945	1	FALSE	NA	NA	NA	NA	NA	NA
NC_045512.2	3489	T	-A	32935	2664	38	2	0	20	6.07072e-05	32945	1	FALSE	NA	NA	NA	NA	NA	NA
NC_045512.2	3490	A	G	33944	2669	37	4	1	40	0.000117827	33948	0.499984	FALSE	NA	NA	NA	NA	NA	NA
NC_045512.2	3491	A	T	33778	2667	37	1	0	34	2.96007e-05	33783	1	FALSE	NA	NA	NA	NA	NA	NA
NC_045512.2	3491	A	G	33778	2667	37	3	0	34	8.88021e-05	33783	1	FALSE	NA	NA	NA	NA	NA	NA
NC_045512.2	3491	A	C	33778	2667	37	1	0	26	2.96007e-05	33783	1	FALSE	NA	NA	NA	NA	NA	NA
NC_045512.2	3492	A	C	33691	2697	37	1	1	34	2.96806e-05	33692	1	FALSE	NA	NA	NA	NA	NA	NA
NC_045512.2	3493	T	C	34112	2808	38	2	0	34	5.8627e-05	34114	1	FALSE	NA	NA	NA	NA	NA	NA
NC_045512.2	3494	A	G	33991	2822	38	18	2	41	0.000529256	34010	0.000743645	TRUE	NA	NA	NA	NA	NA	NA
NC_045512.2	3494	A	C	33991	2822	38	1	1	27	2.94031e-05	34010	1	FALSE	NA	NA	NA	NA	NA	NA
NC_045512.2	3495	A	G	34194	2830	38	3	0	34	8.7727e-05	34197	1	FALSE	NA	NA	NA	NA	NA	NA
NC_045512.2	3496	G	T	34880	2834	38	6	0	34	0.000171979	34888	0.999999	FALSE	NA	NA	NA	NA	NA	NA
NC_045512.2	3496	G	C	34880	2834	38	1	0	68	2.86632e-05	34888	0.499957	FALSE	NA	NA	NA	NA	NA	NA
NC_045512.2	3496	G	A	34880	2834	38	1	0	34	2.86632e-05	34888	1	FALSE	NA	NA	NA	NA	NA	NA
NC_045512.2	3497	G	T	35653	2845	38	3	0	34	8.4135e-05	35657	1	FALSE	NA	NA	NA	NA	NA	NA
NC_045512.2	3497	G	A	35653	2845	38	1	0	34	2.8045e-05	35657	1	FALSE	NA	NA	NA	NA	NA	NA
NC_045512.2	3498	C	T	31465	3430	37	3	1	45	9.53228e-05	31472	0.656213	FALSE	NA	NA	NA	NA	NA	NA
NC_045512.2	3498	C	A	31465	3430	37	4	2	59	0.000127097	31472	0.0624861	FALSE	NA	NA	NA	NA	NA	NA
NC_045512.2	3498	C	-T	31465	3430	37	1	0	20	3.17743e-05	31472	1	FALSE	NA	NA	NA	NA	NA	NA
NC_045512.2	3500	A	T	32093	3429	37	1	0	34	3.11575e-05	32095	1	FALSE	NA	NA	NA	NA	NA	NA
NC_045512.2	3500	A	G	32093	3429	37	1	0	34	3.11575e-05	32095	1	FALSE	NA	NA	NA	NA	NA	NA
NC_045512.2	3501	C	T	30845	3603	37	4	1	42	0.000129655	30851	0.499982	FALSE	NA	NA	NA	NA	NA	NA
NC_045512.2	3501	C	G	30845	3603	37	2	0	34	6.48277e-05	30851	1	FALSE	NA	NA	NA	NA	NA	NA
NC_045512.2	3502	T	G	31548	3695	37	1	0	34	3.16897e-05	31556	1	FALSE	NA	NA	NA	NA	NA	NA
NC_045512.2	3502	T	C	31548	3695	37	2	0	34	6.33794e-05	31556	1	FALSE	NA	NA	NA	NA	NA	NA
NC_045512.2	3502	T	A	31548	3695	37	5	0	34	0.000158448	31556	0.999999	FALSE	NA	NA	NA	NA	NA	NA
NC_045512.2	3502	T	-A	31548	3695	37	2	0	20	6.33794e-05	31556	1	FALSE	NA	NA	NA	NA	NA	NA
NC_045512.2	3503	A	T	31650	3705	37	2	1	29	6.31792e-05	31656	1	FALSE	NA	NA	NA	NA	NA	NA
NC_045512.2	3503	A	G	31650	3705	37	4	1	42	0.000126358	31656	0.499948	FALSE	NA	NA	NA	NA	NA	NA
NC_045512.2	3504	A	G	31007	4035	37	1	0	68	3.22497e-05	31008	0.500008	FALSE	NA	NA	NA	NA	NA	NA
NC_045512.2	3505	C	G	31462	4042	38	4	0	34	0.000127113	31468	1	FALSE	NA	NA	NA	NA	NA	NA
NC_045512.2	3505	C	A	31462	4042	38	2	0	34	6.35566e-05	31468	1	FALSE	NA	NA	NA	NA	NA	NA
NC_045512.2	3507	A	G	31536	3994	38	2	0	34	6.34156e-05	31538	1	FALSE	NA	NA	NA	NA	NA	NA
NC_045512.2	3508	T	G	31436	4008	38	2	0	30	6.36031e-05	31445	1	FALSE	NA	NA	NA	NA	NA	NA
NC_045512.2	3508	T	C	31436	4008	38	7	0	34	0.000222611	31445	0.999988	FALSE	NA	NA	NA	NA	NA	NA
NC_045512.2	3509	G	T	31019	4045	38	1	0	68	3.22341e-05	31023	0.499984	FALSE	NA	NA	NA	NA	NA	NA
NC_045512.2	3509	G	A	31019	4045	38	3	0	34	9.67024e-05	31023	1	FALSE	NA	NA	NA	NA	NA	NA
NC_045512.2	3510	C	T	29944	4313	37	9	1	37	0.000300451	29955	0.999765	FALSE	NA	NA	NA	NA	NA	NA
NC_045512.2	3510	C	G	29944	4313	37	1	0	26	3.33834e-05	29955	1	FALSE	NA	NA	NA	NA	NA	NA
NC_045512.2	3510	C	A	29944	4313	37	1	0	34	3.33834e-05	29955	1	FALSE	NA	NA	NA	NA	NA	NA
NC_045512.2	3511	C	T	29708	4193	37	1	0	34	3.36598e-05	29709	1	FALSE	NA	NA	NA	NA	NA	NA
NC_045512.2	3512	A	G	29824	4180	38	2	1	34	6.70533e-05	29827	1	FALSE	NA	NA	NA	NA	NA	NA
NC_045512.2	3512	A	C	29824	4180	38	1	1	34	3.35267e-05	29827	1	FALSE	NA	NA	NA	NA	NA	NA
NC_045512.2	3513	T	C	29794	4185	38	4	0	42	0.000134224	29801	0.343711	FALSE	NA	NA	NA	NA	NA	NA
NC_045512.2	3513	T	A	29794	4185	38	3	0	28	0.000100668	29801	1	FALSE	NA	NA	NA	NA	NA	NA
NC_045512.2	3514	G	C	29750	4169	37	1	0	34	3.36055e-05	29757	1	FALSE	NA	NA	NA	NA	NA	NA
NC_045512.2	3514	G	A	29750	4169	37	6	1	34	0.000201633	29757	0.999989	FALSE	NA	NA	NA	NA	NA	NA
NC_045512.2	3515	C	G	30035	4872	38	1	1	20	3.32934e-05	30036	1	FALSE	NA	NA	NA	NA	NA	NA
NC_045512.2	3516	A	G	30004	4818	38	2	0	34	6.66533e-05	30006	1	FALSE	NA	NA	NA	NA	NA	NA
NC_045512.2	3517	A	G	30493	4828	38	5	2	47	0.000163945	30498	0.36329	FALSE	NA	NA	NA	NA	NA	NA
NC_045512.2	3518	G	A	30434	4866	38	4	0	34	0.000131415	30438	1	FALSE	NA	NA	NA	NA	NA	NA
NC_045512.2	3519	T	A	29076	4854	38	1	0	27	3.43914e-05	29077	1	FALSE	NA	NA	NA	NA	NA	NA
NC_045512.2	3520	T	C	29269	5065	38	2	1	64	6.8327e-05	29271	0.250004	FALSE	NA	NA	NA	NA	NA	NA
NC_045512.2	3521	G	A	29340	5059	38	2	2	34	6.81617e-05	29342	1	FALSE	NA	NA	NA	NA	NA	NA
NC_045512.2	3522	A	T	29475	5062	38	1	0	34	3.39236e-05	29478	1	FALSE	NA	NA	NA	NA	NA	NA
NC_045512.2	3522	A	G	29475	5062	38	1	0	68	3.39236e-05	29478	0.499992	FALSE	NA	NA	NA	NA	NA	NA
NC_045512.2	3522	A	C	29475	5062	38	1	0	34	3.39236e-05	29478	1	FALSE	NA	NA	NA	NA	NA	NA
NC_045512.2	3523	A	T	29292	5079	38	1	0	34	3.41332e-05	29297	1	FALSE	NA	NA	NA	NA	NA	NA
NC_045512.2	3523	A	G	29292	5079	38	3	0	30	0.0001024	29297	1	FALSE	NA	NA	NA	NA	NA	NA
NC_045512.2	3523	A	C	29292	5079	38	1	1	34	3.41332e-05	29297	1	FALSE	NA	NA	NA	NA	NA	NA
NC_045512.2	3524	T	G	27120	5455	38	1	0	26	3.68677e-05	27124	1	FALSE	NA	NA	NA	NA	NA	NA
NC_045512.2	3524	T	C	27120	5455	38	3	0	34	0.000110603	27124	1	FALSE	NA	NA	NA	NA	NA	NA
NC_045512.2	3526	T	C	26335	5415	37	1	0	34	3.79708e-05	26336	1	FALSE	NA	NA	NA	NA	NA	NA
NC_045512.2	3528	A	T	26773	5440	37	1	0	34	3.73469e-05	26776	1	FALSE	NA	NA	NA	NA	NA	NA
NC_045512.2	3528	A	G	26773	5440	37	2	1	51	7.46938e-05	26776	0.249995	FALSE	NA	NA	NA	NA	NA	NA
NC_045512.2	3529	T	C	27296	5683	38	1	0	34	3.66341e-05	27297	1	FALSE	NA	NA	NA	NA	NA	NA
NC_045512.2	3530	G	A	27026	5717	38	2	0	34	7.39973e-05	27028	1	FALSE	NA	NA	NA	NA	NA	NA
NC_045512.2	3531	A	G	27050	5693	37	5	1	64	0.000184809	27055	0.0312471	FALSE	NA	NA	NA	NA	NA	NA
NC_045512.2	3531	A	-T	27050	5693	37	1	0	20	3.69617e-05	27055	1	FALSE	NA	NA	NA	NA	NA	NA
NC_045512.2	3532	T	C	26738	5835	37	2	0	34	7.47859e-05	26743	1	FALSE	NA	NA	NA	NA	NA	NA
NC_045512.2	3532	T	A	26738	5835	37	3	0	34	0.000112179	26743	0.999999	FALSE	NA	NA	NA	NA	NA	NA
NC_045512.2	3533	T	C	26691	5834	37	3	1	34	0.000112385	26694	0.999999	FALSE	NA	NA	NA	NA	NA	NA
NC_045512.2	3534	A	T	26435	6015	37	1	1	34	3.78229e-05	26439	1	FALSE	NA	NA	NA	NA	NA	NA
NC_045512.2	3534	A	G	26435	6015	37	2	1	29	7.56458e-05	26439	1	FALSE	NA	NA	NA	NA	NA	NA
NC_045512.2	3534	A	C	26435	6015	37	1	1	34	3.78229e-05	26439	1	FALSE	NA	NA	NA	NA	NA	NA
NC_045512.2	3536	A	G	26015	6068	37	2	0	34	7.68728e-05	26017	1	FALSE	NA	NA	NA	NA	NA	NA
NC_045512.2	3537	T	G	25365	6180	37	1	0	34	3.94197e-05	25368	1	FALSE	NA	NA	NA	NA	NA	NA
NC_045512.2	3537	T	C	25365	6180	37	1	1	68	3.94197e-05	25368	0.49999	FALSE	NA	NA	NA	NA	NA	NA
NC_045512.2	3537	T	A	25365	6180	37	1	0	34	3.94197e-05	25368	1	FALSE	NA	NA	NA	NA	NA	NA
NC_045512.2	3538	A	G	25152	6112	37	6	0	34	0.000238493	25158	0.999904	FALSE	NA	NA	NA	NA	NA	NA
NC_045512.2	3539	G	A	26357	6114	37	1	0	34	3.79391e-05	26358	1	FALSE	NA	NA	NA	NA	NA	NA
NC_045512.2	3541	T	C	26233	6045	37	5	0	34	0.000190563	26238	0.999983	FALSE	NA	NA	NA	NA	NA	NA
NC_045512.2	3542	A	G	26354	6044	37	5	3	37	0.000189689	26359	0.999983	FALSE	NA	NA	NA	NA	NA	NA
NC_045512.2	3543	C	G	26923	6084	37	1	0	26	3.71416e-05	26924	1	FALSE	NA	NA	NA	NA	NA	NA
NC_045512.2	3544	T	G	26946	6056	37	1	0	34	3.70961e-05	26957	1	FALSE	NA	NA	NA	NA	NA	NA
NC_045512.2	3544	T	C	26946	6056	37	9	0	34	0.000333865	26957	0.999064	FALSE	NA	NA	NA	NA	NA	NA
NC_045512.2	3544	T	A	26946	6056	37	1	0	34	3.70961e-05	26957	1	FALSE	NA	NA	NA	NA	NA	NA
NC_045512.2	3545	A	T	27007	6152	37	1	0	34	3.70233e-05	27010	1	FALSE	NA	NA	NA	NA	NA	NA
NC_045512.2	3545	A	G	27007	6152	37	2	0	51	7.40466e-05	27010	0.249995	FALSE	NA	NA	NA	NA	NA	NA
NC_045512.2	3546	A	G	26849	6695	37	3	0	34	0.000111724	26852	0.999999	FALSE	NA	NA	NA	NA	NA	NA
NC_045512.2	3547	T	C	26544	6715	37	7	0	34	0.000263634	26552	0.999839	FALSE	NA	NA	NA	NA	NA	NA
NC_045512.2	3547	T	A	26544	6715	37	1	0	26	3.76619e-05	26552	1	FALSE	NA	NA	NA	NA	NA	NA
NC_045512.2	3548	G	C	26061	6252	37	1	0	34	3.83671e-05	26064	1	FALSE	NA	NA	NA	NA	NA	NA
NC_045512.2	3548	G	A	26061	6252	37	2	1	29	7.67342e-05	26064	1	FALSE	NA	NA	NA	NA	NA	NA
NC_045512.2	3549	G	C	26127	6368	37	1	0	34	3.82731e-05	26128	1	FALSE	NA	NA	NA	NA	NA	NA
NC_045512.2	3550	A	G	26199	6370	37	4	2	40	0.000152654	26203	0.343759	FALSE	NA	NA	NA	NA	NA	NA
NC_045512.2	3552	C	T	24461	6184	36	2	0	34	8.17494e-05	24465	1	FALSE	NA	NA	NA	NA	NA	NA
NC_045512.2	3552	C	A	24461	6184	36	2	0	34	8.17494e-05	24465	1	FALSE	NA	NA	NA	NA	NA	NA
NC_045512.2	3553	A	G	25926	6399	37	5	0	32	0.000192812	25932	0.99997	FALSE	NA	NA	NA	NA	NA	NA
NC_045512.2	3553	A	C	25926	6399	37	1	0	34	3.85624e-05	25932	1	FALSE	NA	NA	NA	NA	NA	NA
NC_045512.2	3554	C	T	26709	6504	37	1	0	34	3.74392e-05	26710	1	FALSE	NA	NA	NA	NA	NA	NA
NC_045512.2	3555	T	C	26692	6460	37	2	1	34	7.49232e-05	26694	1	FALSE	NA	NA	NA	NA	NA	NA
NC_045512.2	3556	T	C	26701	6585	37	2	2	34	7.48951e-05	26704	1	FALSE	NA	NA	NA	NA	NA	NA
NC_045512.2	3556	T	A	26701	6585	37	1	0	34	3.74476e-05	26704	1	FALSE	NA	NA	NA	NA	NA	NA
NC_045512.2	3557	A	G	26109	6630	37	1	0	34	3.82995e-05	26110	1	FALSE	NA	NA	NA	NA	NA	NA
NC_045512.2	3558	A	G	25492	6695	36	2	1	34	7.84498e-05	25494	1	FALSE	NA	NA	NA	NA	NA	NA
NC_045512.2	3559	A	G	24704	6678	36	2	0	34	8.0952e-05	24706	1	FALSE	NA	NA	NA	NA	NA	NA
NC_045512.2	3561	T	C	25183	6351	36	1	0	24	3.97078e-05	25184	1	FALSE	NA	NA	NA	NA	NA	NA
NC_045512.2	3562	G	A	25464	6436	37	1	0	34	3.92696e-05	25465	1	FALSE	NA	NA	NA	NA	NA	NA
NC_045512.2	3563	G	A	25221	6153	37	1	1	34	3.96479e-05	25222	1	FALSE	NA	NA	NA	NA	NA	NA
NC_045512.2	3565	T	C	25977	7983	37	5	2	47	0.000192434	25983	0.226547	FALSE	NA	NA	NA	NA	NA	NA
NC_045512.2	3565	T	A	25977	7983	37	1	0	34	3.84867e-05	25983	1	FALSE	NA	NA	NA	NA	NA	NA
NC_045512.2	3566	G	A	25922	7930	37	3	1	34	0.000115718	25925	0.999998	FALSE	NA	NA	NA	NA	NA	NA
NC_045512.2	3567	G	C	25917	8123	37	2	1	34	7.71605e-05	25920	1	FALSE	NA	NA	NA	NA	NA	NA
NC_045512.2	3567	G	A	25917	8123	37	1	0	34	3.85802e-05	25920	1	FALSE	NA	NA	NA	NA	NA	NA
NC_045512.2	3568	T	C	25879	8106	37	2	0	34	7.72768e-05	25881	1	FALSE	NA	NA	NA	NA	NA	NA
NC_045512.2	3570	G	A	25675	8141	37	1	0	34	3.89469e-05	25676	1	FALSE	NA	NA	NA	NA	NA	NA
NC_045512.2	3571	T	C	25560	8083	37	5	2	34	0.00019558	25565	0.99997	FALSE	NA	NA	NA	NA	NA	NA
NC_045512.2	3573	G	T	25544	7960	37	2	0	34	7.82871e-05	25547	1	FALSE	NA	NA	NA	NA	NA	NA
NC_045512.2	3573	G	A	25544	7960	37	1	0	34	3.91435e-05	25547	1	FALSE	NA	NA	NA	NA	NA	NA
NC_045512.2	3574	T	C	24968	7726	37	3	0	34	0.000120139	24971	0.999997	FALSE	NA	NA	NA	NA	NA	NA
NC_045512.2	3575	G	T	24145	7890	37	2	1	34	8.28226e-05	24148	1	FALSE	NA	NA	NA	NA	NA	NA
NC_045512.2	3575	G	A	24145	7890	37	1	0	34	4.14113e-05	24148	1	FALSE	NA	NA	NA	NA	NA	NA
NC_045512.2	3576	T	G	24030	7810	37	1	0	34	4.16095e-05	24033	1	FALSE	NA	NA	NA	NA	NA	NA
NC_045512.2	3576	T	C	24030	7810	37	1	0	34	4.16095e-05	24033	1	FALSE	NA	NA	NA	NA	NA	NA
NC_045512.2	3576	T	A	24030	7810	37	1	0	26	4.16095e-05	24033	1	FALSE	NA	NA	NA	NA	NA	NA
NC_045512.2	3577	T	G	23821	7738	37	1	0	27	4.1978e-05	23822	1	FALSE	NA	NA	NA	NA	NA	NA
NC_045512.2	3579	T	G	23580	7676	37	2	0	34	8.47961e-05	23586	0.999999	FALSE	NA	NA	NA	NA	NA	NA
NC_045512.2	3579	T	C	23580	7676	37	2	1	51	8.47961e-05	23586	0.249963	FALSE	NA	NA	NA	NA	NA	NA
NC_045512.2	3579	T	A	23580	7676	37	2	1	34	8.47961e-05	23586	0.999999	FALSE	NA	NA	NA	NA	NA	NA
NC_045512.2	3580	A	G	23515	7680	37	2	0	34	8.50449e-05	23517	0.999999	FALSE	NA	NA	NA	NA	NA	NA
NC_045512.2	3581	A	G	23504	7689	37	1	1	34	4.25441e-05	23505	1	FALSE	NA	NA	NA	NA	NA	NA
NC_045512.2	3582	G	T	23518	7677	37	2	2	34	8.5034e-05	23520	0.999999	FALSE	NA	NA	NA	NA	NA	NA
NC_045512.2	3583	C	T	24463	8969	37	8	4	46	0.000326918	24471	0.0546767	FALSE	NA	NA	NA	NA	NA	NA
NC_045512.2	3584	G	T	24422	8770	37	1	1	34	4.0935e-05	24429	1	FALSE	NA	NA	NA	NA	NA	NA
NC_045512.2	3584	G	C	24422	8770	37	2	1	30	8.18699e-05	24429	1	FALSE	NA	NA	NA	NA	NA	NA
NC_045512.2	3584	G	A	24422	8770	37	4	1	34	0.00016374	24429	0.999986	FALSE	NA	NA	NA	NA	NA	NA
NC_045512.2	3585	G	T	24756	8823	37	2	0	34	8.07754e-05	24760	1	FALSE	NA	NA	NA	NA	NA	NA
NC_045512.2	3585	G	A	24756	8823	37	2	1	34	8.07754e-05	24760	1	FALSE	NA	NA	NA	NA	NA	NA
NC_045512.2	3586	A	T	23595	9030	37	1	0	34	4.23711e-05	23601	1	FALSE	NA	NA	NA	NA	NA	NA
NC_045512.2	3586	A	G	23595	9030	37	5	1	32	0.000211855	23601	0.99991	FALSE	NA	NA	NA	NA	NA	NA
NC_045512.2	3587	C	T	23261	9082	37	1	1	34	4.29886e-05	23262	1	FALSE	NA	NA	NA	NA	NA	NA
NC_045512.2	3588	A	T	23118	9171	37	1	0	34	4.32526e-05	23120	1	FALSE	NA	NA	NA	NA	NA	NA
NC_045512.2	3588	A	G	23118	9171	37	1	1	34	4.32526e-05	23120	1	FALSE	NA	NA	NA	NA	NA	NA
NC_045512.2	3589	C	T	23479	9192	37	1	0	34	4.25894e-05	23480	1	FALSE	NA	NA	NA	NA	NA	NA
NC_045512.2	3590	A	G	23287	9056	37	3	1	34	0.000128805	23291	0.999995	FALSE	NA	NA	NA	NA	NA	NA
NC_045512.2	3590	A	C	23287	9056	37	1	1	34	4.2935e-05	23291	1	FALSE	NA	NA	NA	NA	NA	NA
NC_045512.2	3591	A	G	22712	9210	37	3	2	34	0.000132071	22715	0.99999	FALSE	NA	NA	NA	NA	NA	NA
NC_045512.2	3592	T	A	22423	8924	36	1	0	34	4.45951e-05	22424	1	FALSE	NA	NA	NA	NA	NA	NA
NC_045512.2	3593	C	T	22959	9529	37	5	0	34	0.000217732	22964	0.999845	FALSE	NA	NA	NA	NA	NA	NA
NC_045512.2	3594	T	C	22920	9345	37	4	2	32	0.00017449	22924	0.999956	FALSE	NA	NA	NA	NA	NA	NA
NC_045512.2	3595	T	C	22929	9341	37	3	2	45	0.000130816	22933	0.5	FALSE	NA	NA	NA	NA	NA	NA
NC_045512.2	3595	T	A	22929	9341	37	1	0	26	4.36053e-05	22933	1	FALSE	NA	NA	NA	NA	NA	NA
NC_045512.2	3596	G	A	23458	9310	37	2	2	34	8.52515e-05	23460	0.999999	FALSE	NA	NA	NA	NA	NA	NA
NC_045512.2	3597	C	T	22261	9558	36	1	1	34	4.49196e-05	22262	1	FALSE	NA	NA	NA	NA	NA	NA
NC_045512.2	3598	T	G	22578	9923	36	2	2	34	8.85661e-05	22582	0.999999	FALSE	NA	NA	NA	NA	NA	NA
NC_045512.2	3598	T	C	22578	9923	36	2	1	34	8.85661e-05	22582	0.999999	FALSE	NA	NA	NA	NA	NA	NA
NC_045512.2	3599	A	G	22659	9964	36	3	1	34	0.00013238	22662	0.99999	FALSE	NA	NA	NA	NA	NA	NA
NC_045512.2	3600	A	G	23260	10836	37	1	1	34	4.29886e-05	23262	1	FALSE	NA	NA	NA	NA	NA	NA
NC_045512.2	3600	A	C	23260	10836	37	1	1	34	4.29886e-05	23262	1	FALSE	NA	NA	NA	NA	NA	NA
NC_045512.2	3601	A	G	23054	10956	37	2	1	34	8.67453e-05	23056	0.999999	FALSE	NA	NA	NA	NA	NA	NA
NC_045512.2	3602	C	T	22546	11136	36	2	2	34	8.86997e-05	22548	0.999999	FALSE	NA	NA	NA	NA	NA	NA
NC_045512.2	3604	C	T	22309	11146	36	3	2	56	0.000134457	22312	0.125	FALSE	NA	NA	NA	NA	NA	NA
NC_045512.2	3605	T	C	21670	10540	36	5	4	46	0.000230681	21675	0.226562	FALSE	NA	NA	NA	NA	NA	NA
NC_045512.2	3606	G	C	23164	10784	36	1	1	34	4.31667e-05	23166	1	FALSE	NA	NA	NA	NA	NA	NA
NC_045512.2	3606	G	A	23164	10784	36	1	1	68	4.31667e-05	23166	0.5	FALSE	NA	NA	NA	NA	NA	NA
NC_045512.2	3607	T	C	22945	10540	36	1	1	34	4.35806e-05	22946	1	FALSE	NA	NA	NA	NA	NA	NA
NC_045512.2	3608	C	T	23080	10613	36	3	3	34	0.000129955	23085	0.999995	FALSE	NA	NA	NA	NA	NA	NA
NC_045512.2	3608	C	G	23080	10613	36	2	1	34	8.66363e-05	23085	0.999999	FALSE	NA	NA	NA	NA	NA	NA
NC_045512.2	3609	T	C	23067	10598	36	3	3	34	0.000130039	23070	0.999995	FALSE	NA	NA	NA	NA	NA	NA
NC_045512.2	3610	T	C	22969	10522	36	4	2	49	0.000174117	22973	0.34376	FALSE	NA	NA	NA	NA	NA	NA
NC_045512.2	3611	C	T	22936	10502	37	1	1	26	4.35958e-05	22938	1	FALSE	NA	NA	NA	NA	NA	NA
NC_045512.2	3611	C	G	22936	10502	37	1	0	26	4.35958e-05	22938	1	FALSE	NA	NA	NA	NA	NA	NA
NC_045512.2	3613	T	C	23313	11066	37	1	1	34	4.28927e-05	23314	1	FALSE	NA	NA	NA	NA	NA	NA
NC_045512.2	3614	G	C	23285	11036	37	1	1	34	4.29443e-05	23286	1	FALSE	NA	NA	NA	NA	NA	NA
NC_045512.2	3615	T	C	25040	13280	38	1	1	34	3.99345e-05	25041	1	FALSE	NA	NA	NA	NA	NA	NA
NC_045512.2	3616	T	C	24820	13092	38	5	5	34	0.00020141	24825	0.999948	FALSE	NA	NA	NA	NA	NA	NA
NC_045512.2	3617	G	T	24982	13214	38	2	2	30	8.0048e-05	24985	1	FALSE	NA	NA	NA	NA	NA	NA
NC_045512.2	3617	G	C	24982	13214	38	1	1	26	4.0024e-05	24985	1	FALSE	NA	NA	NA	NA	NA	NA
NC_045512.2	3618	T	C	25040	13797	38	4	2	51	0.000159719	25044	0.0624975	FALSE	NA	NA	NA	NA	NA	NA
NC_045512.2	3619	C	T	24856	13818	38	9	6	34	0.000361955	24865	0.997732	FALSE	NA	NA	NA	NA	NA	NA
NC_045512.2	3620	G	A	24808	13759	38	2	2	34	8.06127e-05	24810	1	FALSE	NA	NA	NA	NA	NA	NA
NC_045512.2	3621	G	C	25061	13725	38	1	1	34	3.98947e-05	25066	1	FALSE	NA	NA	NA	NA	NA	NA
NC_045512.2	3621	G	A	25061	13725	38	4	3	42	0.000159579	25066	0.343741	FALSE	NA	NA	NA	NA	NA	NA
NC_045512.2	3622	C	T	25025	13851	38	7	2	34	0.000279609	25035	0.999733	FALSE	NA	NA	NA	NA	NA	NA
NC_045512.2	3622	C	G	25025	13851	38	3	0	28	0.000119832	25035	1	FALSE	NA	NA	NA	NA	NA	NA
NC_045512.2	3623	C	T	25010	13852	38	5	3	40	0.000199864	25017	0.22653	FALSE	NA	NA	NA	NA	NA	NA
NC_045512.2	3623	C	G	25010	13852	38	1	0	34	3.99728e-05	25017	1	FALSE	NA	NA	NA	NA	NA	NA
NC_045512.2	3623	C	A	25010	13852	38	1	0	34	3.99728e-05	25017	1	FALSE	NA	NA	NA	NA	NA	NA
NC_045512.2	3625	A	T	25038	13897	38	1	1	26	3.99361e-05	25040	1	FALSE	NA	NA	NA	NA	NA	NA
NC_045512.2	3625	A	G	25038	13897	38	1	0	26	3.99361e-05	25040	1	FALSE	NA	NA	NA	NA	NA	NA
NC_045512.2	3626	A	T	25128	13922	38	1	1	26	3.97931e-05	25130	1	FALSE	NA	NA	NA	NA	NA	NA
NC_045512.2	3626	A	G	25128	13922	38	1	1	68	3.97931e-05	25130	0.5	FALSE	NA	NA	NA	NA	NA	NA
NC_045512.2	3627	A	G	25251	14013	38	1	1	34	3.96008e-05	25252	1	FALSE	NA	NA	NA	NA	NA	NA
NC_045512.2	3628	T	C	24901	13935	38	2	1	30	8.03116e-05	24903	1	FALSE	NA	NA	NA	NA	NA	NA
NC_045512.2	3629	G	A	25069	14093	38	1	1	24	3.98883e-05	25070	1	FALSE	NA	NA	NA	NA	NA	NA
NC_045512.2	3630	T	C	24477	13888	37	3	2	45	0.000122549	24480	0.500019	FALSE	NA	NA	NA	NA	NA	NA
NC_045512.2	3631	T	C	24686	14080	37	3	3	34	0.000121507	24690	0.999997	FALSE	NA	NA	NA	NA	NA	NA
NC_045512.2	3631	T	A	24686	14080	37	1	1	26	4.05022e-05	24690	1	FALSE	NA	NA	NA	NA	NA	NA
NC_045512.2	3632	A	G	24996	14493	38	4	2	34	0.00016	25000	0.999992	FALSE	NA	NA	NA	NA	NA	NA
NC_045512.2	3633	A	G	24521	14621	37	5	2	34	0.000203865	24526	0.999948	FALSE	NA	NA	NA	NA	NA	NA
NC_045512.2	3635	A	T	24329	14414	37	1	1	34	4.10981e-05	24332	1	FALSE	NA	NA	NA	NA	NA	NA
NC_045512.2	3635	A	C	24329	14414	37	2	2	26	8.21963e-05	24332	1	FALSE	NA	NA	NA	NA	NA	NA
NC_045512.2	3636	A	G	24301	14393	37	2	1	34	8.22876e-05	24305	1	FALSE	NA	NA	NA	NA	NA	NA
NC_045512.2	3636	A	C	24301	14393	37	2	2	30	8.22876e-05	24305	1	FALSE	NA	NA	NA	NA	NA	NA
NC_045512.2	3637	A	T	23622	14377	36	1	1	34	4.23316e-05	23623	1	FALSE	NA	NA	NA	NA	NA	NA
NC_045512.2	3638	G	C	24588	14318	37	1	1	34	4.06669e-05	24590	1	FALSE	NA	NA	NA	NA	NA	NA
NC_045512.2	3638	G	A	24588	14318	37	1	0	34	4.06669e-05	24590	1	FALSE	NA	NA	NA	NA	NA	NA
NC_045512.2	3640	T	C	24139	14956	37	2	1	51	8.28466e-05	24141	0.250005	FALSE	NA	NA	NA	NA	NA	NA
NC_045512.2	3642	A	T	24209	15115	37	1	1	24	4.13035e-05	24211	1	FALSE	NA	NA	NA	NA	NA	NA
NC_045512.2	3642	A	G	24209	15115	37	1	1	34	4.13035e-05	24211	1	FALSE	NA	NA	NA	NA	NA	NA
NC_045512.2	3643	A	G	23954	15149	37	4	2	34	0.000166952	23959	0.999975	FALSE	NA	NA	NA	NA	NA	NA
NC_045512.2	3643	A	C	23954	15149	37	1	0	34	4.1738e-05	23959	1	FALSE	NA	NA	NA	NA	NA	NA
NC_045512.2	3645	A	G	26970	19366	37	5	5	30	0.000185357	26975	0.999983	FALSE	NA	NA	NA	NA	NA	NA
NC_045512.2	3648	T	C	27457	19642	38	5	2	40	0.00018207	27462	0.226562	FALSE	NA	NA	NA	NA	NA	NA
NC_045512.2	3649	T	G	27387	19657	38	1	0	34	3.65083e-05	27391	1	FALSE	NA	NA	NA	NA	NA	NA
NC_045512.2	3649	T	C	27387	19657	38	2	0	34	7.30167e-05	27391	1	FALSE	NA	NA	NA	NA	NA	NA
NC_045512.2	3649	T	A	27387	19657	38	1	1	34	3.65083e-05	27391	1	FALSE	NA	NA	NA	NA	NA	NA
NC_045512.2	3650	C	T	27415	19631	38	2	2	34	7.29448e-05	27418	1	FALSE	NA	NA	NA	NA	NA	NA
NC_045512.2	3650	C	G	27415	19631	38	1	1	34	3.64724e-05	27418	1	FALSE	NA	NA	NA	NA	NA	NA
NC_045512.2	3651	A	G	27383	19603	38	4	1	51	0.000146055	27387	0.0624977	FALSE	NA	NA	NA	NA	NA	NA
NC_045512.2	3652	A	G	26777	19651	37	6	4	32	0.000224023	26783	0.999944	FALSE	NA	NA	NA	NA	NA	NA
NC_045512.2	3653	C	T	26990	20778	37	1	1	34	3.70494e-05	26991	1	FALSE	NA	NA	NA	NA	NA	NA
NC_045512.2	3654	T	C	26725	20513	37	2	1	34	7.48307e-05	26727	1	FALSE	NA	NA	NA	NA	NA	NA
NC_045512.2	3655	T	C	27854	21337	36	2	2	34	7.17952e-05	27857	1	FALSE	NA	NA	NA	NA	NA	NA
NC_045512.2	3655	T	A	27854	21337	36	1	1	26	3.58976e-05	27857	1	FALSE	NA	NA	NA	NA	NA	NA
NC_045512.2	3656	C	T	29456	23005	38	1	0	34	3.39478e-05	29457	1	FALSE	NA	NA	NA	NA	NA	NA
NC_045512.2	3657	T	C	29498	23050	38	1	1	34	3.38995e-05	29499	1	FALSE	NA	NA	NA	NA	NA	NA
NC_045512.2	3658	T	C	29553	23090	38	3	1	30	0.000101499	29557	1	FALSE	NA	NA	NA	NA	NA	NA
NC_045512.2	3658	T	A	29553	23090	38	1	1	34	3.38329e-05	29557	1	FALSE	NA	NA	NA	NA	NA	NA
NC_045512.2	3659	A	G	29440	23020	37	1	1	34	3.39662e-05	29441	1	FALSE	NA	NA	NA	NA	NA	NA
NC_045512.2	3660	A	T	29469	23063	38	1	1	34	3.39271e-05	29475	1	FALSE	NA	NA	NA	NA	NA	NA
NC_045512.2	3660	A	G	29469	23063	38	5	4	34	0.000169635	29475	0.999997	FALSE	NA	NA	NA	NA	NA	NA
NC_045512.2	3661	G	T	29421	23074	37	1	1	34	3.39882e-05	29422	1	FALSE	NA	NA	NA	NA	NA	NA
NC_045512.2	3662	A	T	28835	22758	37	3	3	34	0.000104011	28843	1	FALSE	NA	NA	NA	NA	NA	NA
NC_045512.2	3662	A	G	28835	22758	37	5	5	46	0.000173352	28843	0.22652	FALSE	NA	NA	NA	NA	NA	NA
NC_045512.2	3664	T	C	27654	21788	38	2	2	30	7.2317e-05	27656	1	FALSE	NA	NA	NA	NA	NA	NA
NC_045512.2	3665	G	C	27548	21696	38	2	2	34	7.25926e-05	27551	1	FALSE	NA	NA	NA	NA	NA	NA
NC_045512.2	3665	G	A	27548	21696	38	1	1	26	3.62963e-05	27551	1	FALSE	NA	NA	NA	NA	NA	NA
NC_045512.2	3666	C	T	27699	22148	37	1	1	34	3.61011e-05	27700	1	FALSE	NA	NA	NA	NA	NA	NA
NC_045512.2	3667	T	C	27723	22202	37	5	1	68	0.000180323	27728	0.0312472	FALSE	NA	NA	NA	NA	NA	NA
NC_045512.2	3668	T	G	33102	28280	38	1	0	34	3.02069e-05	33105	1	FALSE	NA	NA	NA	NA	NA	NA
NC_045512.2	3668	T	C	33102	28280	38	2	2	34	6.04138e-05	33105	1	FALSE	NA	NA	NA	NA	NA	NA
NC_045512.2	3669	A	G	33204	28406	38	3	3	31	9.03424e-05	33207	1	FALSE	NA	NA	NA	NA	NA	NA
NC_045512.2	3672	A	T	34150	29695	38	1	1	34	2.92791e-05	34154	1	FALSE	NA	NA	NA	NA	NA	NA
NC_045512.2	3672	A	G	34150	29695	38	3	2	56	8.78374e-05	34154	0.124995	FALSE	NA	NA	NA	NA	NA	NA
NC_045512.2	3672	A	-AAATTTTAATCAGCACG	34150	29695	38	6	0	20	0.000175675	34154	1	FALSE	NA	NA	NA	NA	NA	NA
NC_045512.2	3673	A	G	34427	29991	38	2	2	34	5.80906e-05	34429	1	FALSE	NA	NA	NA	NA	NA	NA
NC_045512.2	3674	A	C	34226	29978	38	1	1	26	2.92167e-05	34227	1	FALSE	NA	NA	NA	NA	NA	NA
NC_045512.2	3675	A	T	34571	30188	38	6	6	34	0.000173521	34578	0.999999	FALSE	NA	NA	NA	NA	NA	NA
NC_045512.2	3675	A	G	34571	30188	38	1	0	34	2.89201e-05	34578	1	FALSE	NA	NA	NA	NA	NA	NA
NC_045512.2	3676	T	C	34532	30370	38	4	4	34	0.000115808	34540	1	FALSE	NA	NA	NA	NA	NA	NA
NC_045512.2	3676	T	A	34532	30370	38	4	4	34	0.000115808	34540	1	FALSE	NA	NA	NA	NA	NA	NA
NC_045512.2	3678	T	C	35399	31347	38	2	2	30	5.6494e-05	35402	1	FALSE	NA	NA	NA	NA	NA	NA
NC_045512.2	3678	T	A	35399	31347	38	1	1	34	2.8247e-05	35402	1	FALSE	NA	NA	NA	NA	NA	NA
NC_045512.2	3679	T	C	29127	25848	38	6252	5483	38	0.176715	35379	0	TRUE	NA	NA	NA	NA	NA	NA
NC_045512.2	3680	A	T	35496	31462	38	2	2	30	5.63317e-05	35504	1	FALSE	NA	NA	NA	NA	NA	NA
NC_045512.2	3680	A	G	35496	31462	38	5	5	34	0.000140829	35504	1	FALSE	NA	NA	NA	NA	NA	NA
NC_045512.2	3680	A	C	35496	31462	38	1	1	34	2.81658e-05	35504	1	FALSE	NA	NA	NA	NA	NA	NA
NC_045512.2	3681	A	G	35521	31496	38	2	2	34	5.63e-05	35524	1	FALSE	NA	NA	NA	NA	NA	NA
NC_045512.2	3681	A	C	35521	31496	38	1	1	34	2.815e-05	35524	1	FALSE	NA	NA	NA	NA	NA	NA
NC_045512.2	3682	T	C	36308	32371	38	5	5	34	0.000137692	36313	1	FALSE	NA	NA	NA	NA	NA	NA
NC_045512.2	3683	C	T	36228	32308	38	11	11	34	0.000303499	36244	0.999951	FALSE	NA	NA	NA	NA	NA	NA
NC_045512.2	3683	C	A	36228	32308	38	5	5	34	0.000137954	36244	1	FALSE	NA	NA	NA	NA	NA	NA
NC_045512.2	3684	A	G	34639	30738	38	7	3	34	0.000202044	34646	0.999998	FALSE	NA	NA	NA	NA	NA	NA
NC_045512.2	3687	A	G	35102	31547	38	4	4	42	0.000113937	35107	0.499907	FALSE	NA	NA	NA	NA	NA	NA
NC_045512.2	3687	A	C	35102	31547	38	1	1	26	2.84843e-05	35107	1	FALSE	NA	NA	NA	NA	NA	NA
NC_045512.2	3688	C	T	35210	31658	38	1	1	34	2.83978e-05	35214	1	FALSE	NA	NA	NA	NA	NA	NA
NC_045512.2	3688	C	G	35210	31658	38	2	2	34	5.67956e-05	35214	1	FALSE	NA	NA	NA	NA	NA	NA
NC_045512.2	3688	C	A	35210	31658	38	1	1	34	2.83978e-05	35214	1	FALSE	NA	NA	NA	NA	NA	NA
NC_045512.2	3689	G	C	35098	31550	38	4	4	32	0.000113954	35102	1	FALSE	NA	NA	NA	NA	NA	NA
NC_045512.2	3690	A	G	34686	31238	37	1	1	34	2.88292e-05	34687	1	FALSE	NA	NA	NA	NA	NA	NA
NC_045512.2	3691	A	G	35072	31676	38	3	2	34	8.55286e-05	35076	1	FALSE	NA	NA	NA	NA	NA	NA
NC_045512.2	3691	A	C	35072	31676	38	1	1	34	2.85095e-05	35076	1	FALSE	NA	NA	NA	NA	NA	NA
NC_045512.2	3692	G	A	35028	31683	38	2	2	51	5.70939e-05	35030	0.250004	FALSE	NA	NA	NA	NA	NA	NA
NC_045512.2	3692	G	-T	35028	31683	38	1	0	20	2.8547e-05	35030	1	FALSE	NA	NA	NA	NA	NA	NA
NC_045512.2	3693	T	C	35090	31755	38	5	4	38	0.00014247	35095	1	FALSE	NA	NA	NA	NA	NA	NA
NC_045512.2	3694	T	C	33902	30590	36	1	1	68	2.9495e-05	33904	0.5	FALSE	NA	NA	NA	NA	NA	NA
NC_045512.2	3694	T	A	33902	30590	36	1	1	34	2.9495e-05	33904	1	FALSE	NA	NA	NA	NA	NA	NA
NC_045512.2	3695	C	T	34476	31649	37	2	2	34	5.8008e-05	34478	1	FALSE	NA	NA	NA	NA	NA	NA
NC_045512.2	3696	T	C	34375	31545	37	4	4	34	0.00011635	34379	1	FALSE	NA	NA	NA	NA	NA	NA
NC_045512.2	3697	A	T	34339	31513	37	3	3	28	8.7349e-05	34345	1	FALSE	NA	NA	NA	NA	NA	NA
NC_045512.2	3697	A	G	34339	31513	37	2	2	34	5.82326e-05	34345	1	FALSE	NA	NA	NA	NA	NA	NA
NC_045512.2	3697	A	C	34339	31513	37	1	1	34	2.91163e-05	34345	1	FALSE	NA	NA	NA	NA	NA	NA
NC_045512.2	3698	C	T	34376	31578	37	16	15	37	0.000465211	34393	0.996709	FALSE	NA	NA	NA	NA	NA	NA
NC_045512.2	3698	C	A	34376	31578	37	1	1	34	2.90757e-05	34393	1	FALSE	NA	NA	NA	NA	NA	NA
NC_045512.2	3699	T	C	33713	30929	37	1	0	68	2.96604e-05	33715	0.5	FALSE	NA	NA	NA	NA	NA	NA
NC_045512.2	3699	T	A	33713	30929	37	1	1	34	2.96604e-05	33715	1	FALSE	NA	NA	NA	NA	NA	NA
NC_045512.2	3700	T	C	33469	30687	37	4	4	42	0.000119489	33476	0.499967	FALSE	NA	NA	NA	NA	NA	NA
NC_045512.2	3700	T	A	33469	30687	37	3	3	34	8.96164e-05	33476	1	FALSE	NA	NA	NA	NA	NA	NA
NC_045512.2	3700	T	-G	33469	30687	37	1	0	20	2.98721e-05	33476	1	FALSE	NA	NA	NA	NA	NA	NA
NC_045512.2	3701	G	A	32264	29508	37	12	12	34	0.000371793	32276	0.999372	FALSE	NA	NA	NA	NA	NA	NA
NC_045512.2	3702	C	T	32285	29682	37	8	8	34	0.000247732	32293	0.999979	FALSE	NA	NA	NA	NA	NA	NA
NC_045512.2	3703	A	T	32188	29584	37	3	3	28	9.31851e-05	32194	1	FALSE	NA	NA	NA	NA	NA	NA
NC_045512.2	3703	A	G	32188	29584	37	3	3	34	9.31851e-05	32194	1	FALSE	NA	NA	NA	NA	NA	NA
NC_045512.2	3704	C	T	32103	29551	37	4	4	34	0.000124564	32112	1	FALSE	NA	NA	NA	NA	NA	NA
NC_045512.2	3704	C	A	32103	29551	37	5	5	34	0.000155705	32112	0.999999	FALSE	NA	NA	NA	NA	NA	NA
NC_045512.2	3705	C	-ATT	31991	29453	37	2	0	20	6.25176e-05	31991	1	FALSE	NA	NA	NA	NA	NA	NA
NC_045512.2	3706	A	T	31864	29367	37	1	1	34	3.13804e-05	31867	1	FALSE	NA	NA	NA	NA	NA	NA
NC_045512.2	3706	A	G	31864	29367	37	2	2	34	6.27608e-05	31867	1	FALSE	NA	NA	NA	NA	NA	NA
NC_045512.2	3707	T	C	31676	29853	36	2	2	34	6.31353e-05	31678	1	FALSE	NA	NA	NA	NA	NA	NA
NC_045512.2	3708	T	C	31385	29567	35	8	8	34	0.000254834	31393	0.999965	FALSE	NA	NA	NA	NA	NA	NA
NC_045512.2	3709	A	G	31618	29847	36	1	1	34	3.16266e-05	31619	1	FALSE	NA	NA	NA	NA	NA	NA
NC_045512.2	3710	T	C	42347	29860	35	9	7	33	0.000212485	42356	1	FALSE	NA	NA	NA	NA	NA	NA
NC_045512.2	3711	T	C	42083	29663	35	1	0	26	2.3762e-05	42084	1	FALSE	NA	NA	NA	NA	NA	NA
NC_045512.2	3712	A	G	42128	29623	35	161	147	37	0.00380705	42290	5.86594e-18	TRUE	NA	NA	NA	NA	NA	NA
NC_045512.2	3712	A	C	42128	29623	35	1	1	34	2.36463e-05	42290	1	FALSE	NA	NA	NA	NA	NA	NA
NC_045512.2	3713	T	C	41566	29084	35	8	8	34	0.000192414	41577	1	FALSE	NA	NA	NA	NA	NA	NA
NC_045512.2	3713	T	A	41566	29084	35	3	3	28	7.21553e-05	41577	1	FALSE	NA	NA	NA	NA	NA	NA
NC_045512.2	3714	C	A	41481	29015	35	3	3	34	7.2317e-05	41484	1	FALSE	NA	NA	NA	NA	NA	NA
NC_045512.2	3715	A	T	37807	25326	35	2	2	34	5.28821e-05	37820	1	FALSE	NA	NA	NA	NA	NA	NA
NC_045512.2	3715	A	G	37807	25326	35	9	7	34	0.000237969	37820	0.999995	FALSE	NA	NA	NA	NA	NA	NA
NC_045512.2	3715	A	C	37807	25326	35	2	2	34	5.28821e-05	37820	1	FALSE	NA	NA	NA	NA	NA	NA
NC_045512.2	3716	G	C	37771	25257	35	5	5	34	0.000132356	37777	1	FALSE	NA	NA	NA	NA	NA	NA
NC_045512.2	3716	G	A	37771	25257	35	1	1	34	2.64711e-05	37777	1	FALSE	NA	NA	NA	NA	NA	NA
NC_045512.2	3718	T	C	37230	24681	35	16	4	34	0.000429553	37248	0.998908	FALSE	NA	NA	NA	NA	NA	NA
NC_045512.2	3718	T	A	37230	24681	35	2	2	34	5.36942e-05	37248	1	FALSE	NA	NA	NA	NA	NA	NA
NC_045512.2	3719	G	A	38263	24440	35	2	1	34	5.22671e-05	38265	1	FALSE	NA	NA	NA	NA	NA	NA
NC_045512.2	3720	G	A	38655	24560	35	2	0	34	5.17371e-05	38657	1	FALSE	NA	NA	NA	NA	NA	NA
NC_045512.2	3721	T	C	37190	23144	34	2	2	34	5.3775e-05	37192	1	FALSE	NA	NA	NA	NA	NA	NA
NC_045512.2	3722	A	T	38829	24911	35	1	1	26	2.57533e-05	38830	1	FALSE	NA	NA	NA	NA	NA	NA
NC_045512.2	3722	A	-T	38829	24911	35	42	0	20	0.00108164	38830	1	FALSE	NA	NA	NA	NA	NA	NA
NC_045512.2	3722	A	+T	38829	24911	35	6	0	20	0.00015452	38830	1	FALSE	NA	NA	NA	NA	NA	NA
NC_045512.2	3724	T	C	39127	24945	35	3	3	34	7.66675e-05	39130	1	FALSE	NA	NA	NA	NA	NA	NA
NC_045512.2	3725	T	C	39052	24860	35	2	1	34	5.12111e-05	39054	1	FALSE	NA	NA	NA	NA	NA	NA
NC_045512.2	3726	T	C	38783	24582	35	8	2	34	0.000206233	38791	0.999999	FALSE	NA	NA	NA	NA	NA	NA
NC_045512.2	3727	T	G	38852	24756	35	16	12	40	0.000411195	38911	0.00219434	TRUE	NA	NA	NA	NA	NA	NA
NC_045512.2	3727	T	C	38852	24756	35	43	37	35	0.00110509	38911	0.327783	FALSE	NA	NA	NA	NA	NA	NA
NC_045512.2	3728	G	T	38792	24665	35	4	2	34	0.000103103	38796	1	FALSE	NA	NA	NA	NA	NA	NA
NC_045512.2	3729	G	A	39403	24709	35	2	1	30	5.0755e-05	39405	1	FALSE	NA	NA	NA	NA	NA	NA
NC_045512.2	3730	T	C	39058	24356	35	1	1	34	2.56023e-05	39059	1	FALSE	NA	NA	NA	NA	NA	NA
NC_045512.2	3731	G	T	39341	24293	35	2	0	34	5.08298e-05	39347	1	FALSE	NA	NA	NA	NA	NA	NA
NC_045512.2	3731	G	A	39341	24293	35	4	1	34	0.00010166	39347	1	FALSE	NA	NA	NA	NA	NA	NA
NC_045512.2	3732	C	T	39348	24469	35	3	0	34	7.6235e-05	39352	1	FALSE	NA	NA	NA	NA	NA	NA
NC_045512.2	3732	C	A	39348	24469	35	1	0	34	2.54117e-05	39352	1	FALSE	NA	NA	NA	NA	NA	NA
NC_045512.2	3733	T	G	39138	24158	35	2	2	51	5.10882e-05	39148	0.249952	FALSE	NA	NA	NA	NA	NA	NA
NC_045512.2	3733	T	C	39138	24158	35	8	8	33	0.000204353	39148	0.999999	FALSE	NA	NA	NA	NA	NA	NA
NC_045512.2	3734	G	C	39763	24113	35	2	2	34	5.02955e-05	39765	1	FALSE	NA	NA	NA	NA	NA	NA
NC_045512.2	3735	A	T	40895	24104	35	1	1	34	2.44505e-05	40899	1	FALSE	NA	NA	NA	NA	NA	NA
NC_045512.2	3735	A	G	40895	24104	35	3	3	45	7.33514e-05	40899	0.773448	FALSE	NA	NA	NA	NA	NA	NA
NC_045512.2	3736	C	T	42097	24139	35	2	2	26	4.75071e-05	42099	1	FALSE	NA	NA	NA	NA	NA	NA
NC_045512.2	3737	C	T	42069	24069	35	3	2	31	7.13063e-05	42072	1	FALSE	NA	NA	NA	NA	NA	NA
NC_045512.2	3738	C	A	41687	23728	34	5	3	40	0.000119927	41692	0.500015	FALSE	NA	NA	NA	NA	NA	NA
NC_045512.2	3739	T	G	41558	23426	34	4	2	32	9.62186e-05	41572	1	FALSE	NA	NA	NA	NA	NA	NA
NC_045512.2	3739	T	C	41558	23426	34	10	6	37	0.000240547	41572	0.999998	FALSE	NA	NA	NA	NA	NA	NA
NC_045512.2	3740	A	T	41815	23548	34	4	1	28	9.56457e-05	41821	1	FALSE	NA	NA	NA	NA	NA	NA
NC_045512.2	3740	A	G	41815	23548	34	2	1	34	4.78229e-05	41821	1	FALSE	NA	NA	NA	NA	NA	NA
NC_045512.2	3741	T	C	41715	23433	34	8	7	34	0.000191736	41724	1	FALSE	NA	NA	NA	NA	NA	NA
NC_045512.2	3741	T	A	41715	23433	34	1	0	34	2.3967e-05	41724	1	FALSE	NA	NA	NA	NA	NA	NA
NC_045512.2	3742	A	T	41657	23413	34	2	2	34	4.80031e-05	41664	1	FALSE	NA	NA	NA	NA	NA	NA
NC_045512.2	3742	A	G	41657	23413	34	5	2	34	0.000120008	41664	1	FALSE	NA	NA	NA	NA	NA	NA
NC_045512.2	3743	C	T	41662	23404	34	1	1	34	2.40015e-05	41664	1	FALSE	NA	NA	NA	NA	NA	NA
NC_045512.2	3743	C	G	41662	23404	34	1	0	26	2.40015e-05	41664	1	FALSE	NA	NA	NA	NA	NA	NA
NC_045512.2	3744	A	G	39020	20789	34	1	0	34	2.56272e-05	39021	1	FALSE	NA	NA	NA	NA	NA	NA
NC_045512.2	3745	T	G	37723	19267	34	4	4	34	0.000106014	37731	1	FALSE	NA	NA	NA	NA	NA	NA
NC_045512.2	3745	T	C	37723	19267	34	4	3	34	0.000106014	37731	1	FALSE	NA	NA	NA	NA	NA	NA
NC_045512.2	3746	T	G	37009	18646	34	1	0	34	2.70153e-05	37016	1	FALSE	NA	NA	NA	NA	NA	NA
NC_045512.2	3746	T	C	37009	18646	34	6	4	32	0.000162092	37016	1	FALSE	NA	NA	NA	NA	NA	NA
NC_045512.2	3747	C	A	38038	18703	34	2	0	34	5.25762e-05	38040	1	FALSE	NA	NA	NA	NA	NA	NA
NC_045512.2	3748	T	G	37059	17717	34	1	1	26	2.69818e-05	37062	1	FALSE	NA	NA	NA	NA	NA	NA
NC_045512.2	3748	T	C	37059	17717	34	2	1	34	5.39636e-05	37062	1	FALSE	NA	NA	NA	NA	NA	NA
NC_045512.2	3749	T	C	37112	17808	34	1	1	34	2.69447e-05	37113	1	FALSE	NA	NA	NA	NA	NA	NA
NC_045512.2	3750	T	G	37070	17820	34	1	0	34	2.69738e-05	37073	1	FALSE	NA	NA	NA	NA	NA	NA
NC_045512.2	3750	T	C	37070	17820	34	1	0	34	2.69738e-05	37073	1	FALSE	NA	NA	NA	NA	NA	NA
NC_045512.2	3750	T	A	37070	17820	34	1	0	34	2.69738e-05	37073	1	FALSE	NA	NA	NA	NA	NA	NA
NC_045512.2	3751	A	T	37198	17818	34	2	1	34	5.37606e-05	37202	1	FALSE	NA	NA	NA	NA	NA	NA
NC_045512.2	3751	A	G	37198	17818	34	2	1	34	5.37606e-05	37202	1	FALSE	NA	NA	NA	NA	NA	NA
NC_045512.2	3752	A	G	37145	17837	34	4	2	34	0.000107674	37149	1	FALSE	NA	NA	NA	NA	NA	NA
NC_045512.2	3753	G	C	37293	17857	34	1	1	34	2.68132e-05	37295	1	FALSE	NA	NA	NA	NA	NA	NA
NC_045512.2	3753	G	A	37293	17857	34	1	0	34	2.68132e-05	37295	1	FALSE	NA	NA	NA	NA	NA	NA
NC_045512.2	3754	A	G	36118	17191	34	3	1	34	8.30542e-05	36121	1	FALSE	NA	NA	NA	NA	NA	NA
NC_045512.2	3756	T	G	22591	3507	33	2	2	23	8.85112e-05	22596	1	FALSE	NA	NA	NA	NA	NA	NA
NC_045512.2	3756	T	C	22591	3507	33	3	2	34	0.000132767	22596	0.99999	FALSE	NA	NA	NA	NA	NA	NA
NC_045512.2	3757	T	G	33423	14456	34	1	0	34	2.99186e-05	33424	1	FALSE	NA	NA	NA	NA	NA	NA
NC_045512.2	3758	T	C	33344	14354	34	3	0	34	8.99631e-05	33347	1	FALSE	NA	NA	NA	NA	NA	NA
NC_045512.2	3759	G	C	35327	14350	34	1	1	26	2.83046e-05	35330	1	FALSE	NA	NA	NA	NA	NA	NA
NC_045512.2	3759	G	A	35327	14350	34	2	2	34	5.66091e-05	35330	1	FALSE	NA	NA	NA	NA	NA	NA
NC_045512.2	3760	T	G	35363	14317	34	3	1	31	8.47793e-05	35386	1	FALSE	NA	NA	NA	NA	NA	NA
NC_045512.2	3760	T	C	35363	14317	34	17	0	33	0.000480416	35386	0.996112	FALSE	NA	NA	NA	NA	NA	NA
NC_045512.2	3760	T	A	35363	14317	34	3	0	34	8.47793e-05	35386	1	FALSE	NA	NA	NA	NA	NA	NA
NC_045512.2	3762	T	G	36498	14222	34	1	0	34	2.73958e-05	36502	1	FALSE	NA	NA	NA	NA	NA	NA
NC_045512.2	3762	T	C	36498	14222	34	2	1	34	5.47915e-05	36502	1	FALSE	NA	NA	NA	NA	NA	NA
NC_045512.2	3762	T	A	36498	14222	34	1	0	68	2.73958e-05	36502	0.499986	FALSE	NA	NA	NA	NA	NA	NA
NC_045512.2	3763	A	T	35737	13331	34	3	3	31	8.39278e-05	35745	1	FALSE	NA	NA	NA	NA	NA	NA
NC_045512.2	3763	A	G	35737	13331	34	5	2	32	0.00013988	35745	1	FALSE	NA	NA	NA	NA	NA	NA
NC_045512.2	3764	G	T	36209	13314	34	3	1	34	8.28363e-05	36216	1	FALSE	NA	NA	NA	NA	NA	NA
NC_045512.2	3764	G	A	36209	13314	34	4	1	34	0.000110448	36216	1	FALSE	NA	NA	NA	NA	NA	NA
NC_045512.2	3765	A	G	35902	13053	34	1	1	34	2.7852e-05	35904	1	FALSE	NA	NA	NA	NA	NA	NA
NC_045512.2	3765	A	C	35902	13053	34	1	1	26	2.7852e-05	35904	1	FALSE	NA	NA	NA	NA	NA	NA
NC_045512.2	3766	T	C	23517	707	35	2	0	34	8.50268e-05	23522	0.999999	FALSE	NA	NA	NA	NA	NA	NA
NC_045512.2	3766	T	A	23517	707	35	3	0	34	0.00012754	23522	0.999995	FALSE	NA	NA	NA	NA	NA	NA
NC_045512.2	3767	A	G	23331	707	34	1	0	34	4.28596e-05	23332	1	FALSE	NA	NA	NA	NA	NA	NA
NC_045512.2	3768	C	T	23589	719	35	8	0	34	0.000338954	23602	0.998339	FALSE	NA	NA	NA	NA	NA	NA
NC_045512.2	3768	C	G	23589	719	35	1	0	34	4.23693e-05	23602	1	FALSE	NA	NA	NA	NA	NA	NA
NC_045512.2	3768	C	A	23589	719	35	4	0	34	0.000169477	23602	0.999975	FALSE	NA	NA	NA	NA	NA	NA
NC_045512.2	3768	C	-T	23589	719	35	1	0	20	4.23693e-05	23602	1	FALSE	NA	NA	NA	NA	NA	NA
NC_045512.2	3769	T	G	23470	716	35	1	0	34	4.25985e-05	23475	1	FALSE	NA	NA	NA	NA	NA	NA
NC_045512.2	3769	T	C	23470	716	35	4	0	30	0.000170394	23475	0.999975	FALSE	NA	NA	NA	NA	NA	NA
NC_045512.2	3770	G	A	23693	719	35	8	0	34	0.000337539	23701	0.998342	FALSE	NA	NA	NA	NA	NA	NA
NC_045512.2	3771	T	G	23653	724	35	4	0	34	0.000169062	23660	0.999975	FALSE	NA	NA	NA	NA	NA	NA
NC_045512.2	3771	T	C	23653	724	35	2	0	34	8.45309e-05	23660	0.999999	FALSE	NA	NA	NA	NA	NA	NA
NC_045512.2	3771	T	A	23653	724	35	1	0	34	4.22654e-05	23660	1	FALSE	NA	NA	NA	NA	NA	NA
NC_045512.2	3772	T	C	23723	800	35	3	2	56	0.000126444	23726	0.125	FALSE	NA	NA	NA	NA	NA	NA
NC_045512.2	3773	C	T	23767	831	35	1	0	34	4.20681e-05	23771	1	FALSE	NA	NA	NA	NA	NA	NA
NC_045512.2	3773	C	G	23767	831	35	2	0	26	8.41361e-05	23771	1	FALSE	NA	NA	NA	NA	NA	NA
NC_045512.2	3773	C	A	23767	831	35	1	0	26	4.20681e-05	23771	1	FALSE	NA	NA	NA	NA	NA	NA
NC_045512.2	3774	G	A	23911	832	35	1	0	34	4.182e-05	23912	1	FALSE	NA	NA	NA	NA	NA	NA
NC_045512.2	3777	C	A	24113	870	35	4	0	34	0.000165858	24117	0.999986	FALSE	NA	NA	NA	NA	NA	NA
NC_045512.2	3777	C	+A	24113	870	35	1	0	20	4.14645e-05	24117	1	FALSE	NA	NA	NA	NA	NA	NA
NC_045512.2	3778	A	T	24188	882	35	1	0	34	4.13343e-05	24193	1	FALSE	NA	NA	NA	NA	NA	NA
NC_045512.2	3778	A	G	24188	882	35	4	0	34	0.000165337	24193	0.999986	FALSE	NA	NA	NA	NA	NA	NA
NC_045512.2	3779	A	G	25456	887	35	3	0	34	0.000117837	25459	0.999998	FALSE	NA	NA	NA	NA	NA	NA
NC_045512.2	3781	T	C	27076	928	35	1	0	34	3.69317e-05	27077	1	FALSE	NA	NA	NA	NA	NA	NA
NC_045512.2	3782	G	T	27128	932	35	1	0	34	3.68609e-05	27129	1	FALSE	NA	NA	NA	NA	NA	NA
NC_045512.2	3783	T	C	27139	939	35	6	0	34	0.000221019	27147	0.999967	FALSE	NA	NA	NA	NA	NA	NA
NC_045512.2	3783	T	A	27139	939	35	2	0	26	7.3673e-05	27147	1	FALSE	NA	NA	NA	NA	NA	NA
NC_045512.2	3784	C	G	27557	949	35	1	0	26	3.62871e-05	27558	1	FALSE	NA	NA	NA	NA	NA	NA
NC_045512.2	3785	T	G	27560	950	35	5	0	32	0.00018133	27574	0.99999	FALSE	NA	NA	NA	NA	NA	NA
NC_045512.2	3785	T	C	27560	950	35	9	0	37	0.000326394	27574	0.999405	FALSE	NA	NA	NA	NA	NA	NA
NC_045512.2	3786	A	G	27615	951	35	1	0	34	3.62109e-05	27616	1	FALSE	NA	NA	NA	NA	NA	NA
NC_045512.2	3787	C	-T	27803	953	35	1	0	20	3.59673e-05	27803	1	FALSE	NA	NA	NA	NA	NA	NA
NC_045512.2	3788	T	C	27829	957	35	1	0	34	3.59324e-05	27830	1	FALSE	NA	NA	NA	NA	NA	NA
NC_045512.2	3789	T	G	27783	993	35	1	0	34	3.59855e-05	27789	1	FALSE	NA	NA	NA	NA	NA	NA
NC_045512.2	3789	T	C	27783	993	35	5	0	40	0.000179927	27789	0.226548	FALSE	NA	NA	NA	NA	NA	NA
NC_045512.2	3790	A	G	27808	996	35	3	0	34	0.000107871	27811	1	FALSE	NA	NA	NA	NA	NA	NA
NC_045512.2	3792	C	T	23010	1371	35	2	0	30	8.69112e-05	23012	0.999999	FALSE	NA	NA	NA	NA	NA	NA
NC_045512.2	3793	T	C	23105	1404	35	3	0	42	0.000129825	23108	0.50002	FALSE	NA	NA	NA	NA	NA	NA
NC_045512.2	3794	G	A	23535	1415	35	1	0	34	4.24881e-05	23536	1	FALSE	NA	NA	NA	NA	NA	NA
NC_045512.2	3795	T	G	23494	1404	35	1	0	26	4.25586e-05	23497	1	FALSE	NA	NA	NA	NA	NA	NA
NC_045512.2	3795	T	C	23494	1404	35	1	0	34	4.25586e-05	23497	1	FALSE	NA	NA	NA	NA	NA	NA
NC_045512.2	3795	T	A	23494	1404	35	1	0	34	4.25586e-05	23497	1	FALSE	NA	NA	NA	NA	NA	NA
NC_045512.2	3798	T	G	23539	1495	36	4	0	32	0.000169887	23545	0.999975	FALSE	NA	NA	NA	NA	NA	NA
NC_045512.2	3798	T	C	23539	1495	36	2	0	30	8.49437e-05	23545	0.999999	FALSE	NA	NA	NA	NA	NA	NA
NC_045512.2	3799	T	C	23566	1505	36	1	0	34	4.24322e-05	23567	1	FALSE	NA	NA	NA	NA	NA	NA
NC_045512.2	3801	A	G	23655	1510	36	2	0	34	8.45416e-05	23657	0.999999	FALSE	NA	NA	NA	NA	NA	NA
NC_045512.2	3803	A	G	23134	1658	36	2	0	34	8.64454e-05	23136	0.999999	FALSE	NA	NA	NA	NA	NA	NA
NC_045512.2	3804	A	G	23400	1738	36	2	1	51	8.54628e-05	23402	0.250005	FALSE	NA	NA	NA	NA	NA	NA
NC_045512.2	3805	A	G	22217	1833	36	2	0	34	9.0005e-05	22221	0.999999	FALSE	NA	NA	NA	NA	NA	NA
NC_045512.2	3805	A	C	22217	1833	36	2	0	26	9.0005e-05	22221	1	FALSE	NA	NA	NA	NA	NA	NA
NC_045512.2	3806	A	G	22240	1832	36	4	0	34	0.000179824	22244	0.999956	FALSE	NA	NA	NA	NA	NA	NA
NC_045512.2	3807	A	G	20173	1955	36	1	0	34	4.95688e-05	20174	1	FALSE	NA	NA	NA	NA	NA	NA
NC_045512.2	3808	T	G	20080	1888	35	1	0	34	4.97958e-05	20082	1	FALSE	NA	NA	NA	NA	NA	NA
NC_045512.2	3808	T	C	20080	1888	35	1	0	34	4.97958e-05	20082	1	FALSE	NA	NA	NA	NA	NA	NA
NC_045512.2	3813	A	T	21578	4618	37	2	0	34	9.26612e-05	21584	0.999997	FALSE	NA	NA	NA	NA	NA	NA
NC_045512.2	3813	A	G	21578	4618	37	4	0	32	0.000185322	21584	0.999922	FALSE	NA	NA	NA	NA	NA	NA
NC_045512.2	3814	T	G	21605	4562	37	1	0	68	4.62834e-05	21606	0.500012	FALSE	NA	NA	NA	NA	NA	NA
NC_045512.2	3815	G	A	21698	4720	37	2	0	34	9.21659e-05	21700	0.999997	FALSE	NA	NA	NA	NA	NA	NA
NC_045512.2	3816	A	G	21656	4739	37	2	0	51	9.23446e-05	21658	0.250006	FALSE	NA	NA	NA	NA	NA	NA
NC_045512.2	3819	A	G	21702	4734	38	1	1	34	4.60766e-05	21703	1	FALSE	NA	NA	NA	NA	NA	NA
NC_045512.2	3821	C	T	20168	4788	38	1	1	34	4.95786e-05	20170	1	FALSE	NA	NA	NA	NA	NA	NA
NC_045512.2	3821	C	A	20168	4788	38	1	0	26	4.95786e-05	20170	1	FALSE	NA	NA	NA	NA	NA	NA
NC_045512.2	3822	T	G	20091	4682	37	1	0	34	4.97686e-05	20093	1	FALSE	NA	NA	NA	NA	NA	NA
NC_045512.2	3822	T	C	20091	4682	37	1	0	34	4.97686e-05	20093	1	FALSE	NA	NA	NA	NA	NA	NA
NC_045512.2	3823	T	C	20069	4681	37	1	1	68	4.98256e-05	20070	0.500012	FALSE	NA	NA	NA	NA	NA	NA
NC_045512.2	3825	T	C	21164	6275	39	3	0	34	0.00014173	21167	0.999982	FALSE	NA	NA	NA	NA	NA	NA
NC_045512.2	3826	T	G	21101	6215	38	1	0	26	4.73821e-05	21105	1	FALSE	NA	NA	NA	NA	NA	NA
NC_045512.2	3826	T	C	21101	6215	38	1	1	34	4.73821e-05	21105	1	FALSE	NA	NA	NA	NA	NA	NA
NC_045512.2	3826	T	A	21101	6215	38	2	0	34	9.47643e-05	21105	0.999997	FALSE	NA	NA	NA	NA	NA	NA
NC_045512.2	3827	T	G	21252	6382	39	1	0	34	4.70455e-05	21256	1	FALSE	NA	NA	NA	NA	NA	NA
NC_045512.2	3827	T	C	21252	6382	39	2	1	34	9.40911e-05	21256	0.999997	FALSE	NA	NA	NA	NA	NA	NA
NC_045512.2	3827	T	A	21252	6382	39	1	0	34	4.70455e-05	21256	1	FALSE	NA	NA	NA	NA	NA	NA
NC_045512.2	3828	C	G	21210	6349	39	1	0	34	4.71453e-05	21211	1	FALSE	NA	NA	NA	NA	NA	NA
NC_045512.2	3830	A	G	20679	6421	39	1	0	34	4.83536e-05	20681	1	FALSE	NA	NA	NA	NA	NA	NA
NC_045512.2	3830	A	C	20679	6421	39	1	1	34	4.83536e-05	20681	1	FALSE	NA	NA	NA	NA	NA	NA
NC_045512.2	3831	G	A	20739	6399	39	1	1	34	4.8216e-05	20740	1	FALSE	NA	NA	NA	NA	NA	NA
NC_045512.2	3832	C	-T	20524	6625	39	13	0	20	0.000633405	20524	1	FALSE	NA	NA	NA	NA	NA	NA
NC_045512.2	3832	C	+T	20524	6625	39	2	0	20	9.74469e-05	20524	1	FALSE	NA	NA	NA	NA	NA	NA
NC_045512.2	3833	T	G	20384	6450	39	1	0	26	4.90557e-05	20385	1	FALSE	NA	NA	NA	NA	NA	NA
NC_045512.2	3836	T	G	19411	6995	38	1	0	34	5.14986e-05	19418	0.999999	FALSE	NA	NA	NA	NA	NA	NA
NC_045512.2	3836	T	C	19411	6995	38	6	3	34	0.000308992	19418	0.997967	FALSE	NA	NA	NA	NA	NA	NA
NC_045512.2	3837	T	C	18741	7342	38	2	0	34	0.000106707	18743	0.99998	FALSE	NA	NA	NA	NA	NA	NA
NC_045512.2	3838	G	T	18673	7332	38	2	0	34	0.000107084	18677	0.99998	FALSE	NA	NA	NA	NA	NA	NA
NC_045512.2	3838	G	C	18673	7332	38	1	0	34	5.35418e-05	18677	0.999998	FALSE	NA	NA	NA	NA	NA	NA
NC_045512.2	3838	G	A	18673	7332	38	1	0	34	5.35418e-05	18677	0.999998	FALSE	NA	NA	NA	NA	NA	NA
NC_045512.2	3840	A	T	18785	7465	38	1	1	68	5.32198e-05	18790	0.49996	FALSE	NA	NA	NA	NA	NA	NA
NC_045512.2	3840	A	G	18785	7465	38	4	1	42	0.000212879	18790	0.187483	FALSE	NA	NA	NA	NA	NA	NA
NC_045512.2	3841	A	G	18647	7464	38	5	2	34	0.000268068	18652	0.998705	FALSE	NA	NA	NA	NA	NA	NA
NC_045512.2	3842	A	G	15971	6376	37	2734	1104	38	0.146164	18705	0	TRUE	NA	NA	NA	NA	NA	NA
NC_045512.2	3844	G	T	18758	7465	38	1	0	34	5.33021e-05	18761	0.999998	FALSE	NA	NA	NA	NA	NA	NA
NC_045512.2	3844	G	A	18758	7465	38	2	1	51	0.000106604	18761	0.249993	FALSE	NA	NA	NA	NA	NA	NA
NC_045512.2	3845	A	T	19273	8164	38	1	0	24	5.18753e-05	19277	1	FALSE	NA	NA	NA	NA	NA	NA
NC_045512.2	3845	A	G	19273	8164	38	3	1	31	0.000155626	19277	0.99994	FALSE	NA	NA	NA	NA	NA	NA
NC_045512.2	3846	A	T	19057	8227	38	2	0	34	0.000104926	19061	0.99999	FALSE	NA	NA	NA	NA	NA	NA
NC_045512.2	3846	A	G	19057	8227	38	1	1	34	5.24631e-05	19061	0.999999	FALSE	NA	NA	NA	NA	NA	NA
NC_045512.2	3846	A	C	19057	8227	38	1	1	26	5.24631e-05	19061	1	FALSE	NA	NA	NA	NA	NA	NA
NC_045512.2	3847	G	C	19142	8220	38	1	1	26	5.22384e-05	19143	1	FALSE	NA	NA	NA	NA	NA	NA
NC_045512.2	3848	A	G	18174	8234	37	1	0	34	5.50176e-05	18176	0.999998	FALSE	NA	NA	NA	NA	NA	NA
NC_045512.2	3848	A	C	18174	8234	37	1	1	26	5.50176e-05	18176	1	FALSE	NA	NA	NA	NA	NA	NA
NC_045512.2	3849	G	T	18417	8238	37	1	0	34	5.42829e-05	18422	0.999998	FALSE	NA	NA	NA	NA	NA	NA
NC_045512.2	3849	G	A	18417	8238	37	4	2	68	0.000217132	18422	0.0624898	FALSE	NA	NA	NA	NA	NA	NA
NC_045512.2	3850	T	C	18428	8312	37	3	0	34	0.000162769	18431	0.99989	FALSE	NA	NA	NA	NA	NA	NA
NC_045512.2	3852	A	G	18437	8336	37	1	0	34	5.42358e-05	18438	0.999998	FALSE	NA	NA	NA	NA	NA	NA
NC_045512.2	3853	A	G	18421	8296	37	1	0	34	5.42829e-05	18422	0.999998	FALSE	NA	NA	NA	NA	NA	NA
NC_045512.2	3854	A	G	18344	8301	37	2	0	40	0.000109016	18346	0.50002	FALSE	NA	NA	NA	NA	NA	NA
NC_045512.2	3855	A	G	18189	8329	37	2	0	34	0.000109944	18191	0.99998	FALSE	NA	NA	NA	NA	NA	NA
NC_045512.2	3856	G	C	18550	8291	37	2	2	34	0.000107793	18554	0.99998	FALSE	NA	NA	NA	NA	NA	NA
NC_045512.2	3856	G	A	18550	8291	37	2	1	51	0.000107793	18554	0.24998	FALSE	NA	NA	NA	NA	NA	NA
NC_045512.2	3857	C	T	18587	8390	37	1	1	34	5.37981e-05	18588	0.999998	FALSE	NA	NA	NA	NA	NA	NA
NC_045512.2	3857	C	-A	18587	8390	37	1	0	20	5.37981e-05	18588	1	FALSE	NA	NA	NA	NA	NA	NA
NC_045512.2	3858	A	G	18429	8197	37	1	1	34	5.42594e-05	18430	0.999998	FALSE	NA	NA	NA	NA	NA	NA
NC_045512.2	3859	A	G	18358	8260	37	1	1	34	5.44692e-05	18359	0.999998	FALSE	NA	NA	NA	NA	NA	NA
NC_045512.2	3860	G	A	17118	8510	36	2	2	64	0.000116822	17120	0.250007	FALSE	NA	NA	NA	NA	NA	NA
NC_045512.2	3861	T	C	17061	8583	36	2	1	34	0.000117213	17063	0.999962	FALSE	NA	NA	NA	NA	NA	NA
NC_045512.2	3862	T	C	16100	8648	36	3	0	34	0.000186301	16103	0.999637	FALSE	NA	NA	NA	NA	NA	NA
NC_045512.2	3865	A	G	15766	8758	36	1	0	34	6.34236e-05	15767	0.999985	FALSE	NA	NA	NA	NA	NA	NA
NC_045512.2	3867	A	G	15922	9015	36	11	4	34	0.000690391	15933	0.836669	FALSE	NA	NA	NA	NA	NA	NA
NC_045512.2	3869	A	G	15890	9062	36	1	0	34	6.29287e-05	15891	0.999985	FALSE	NA	NA	NA	NA	NA	NA
NC_045512.2	3870	A	G	16012	9072	36	1	0	34	6.24493e-05	16013	0.999992	FALSE	NA	NA	NA	NA	NA	NA
NC_045512.2	3872	A	T	16097	9327	36	1	1	34	6.21195e-05	16098	0.999992	FALSE	NA	NA	NA	NA	NA	NA
NC_045512.2	3873	T	G	16115	9342	36	2	0	30	0.000124093	16117	0.999928	FALSE	NA	NA	NA	NA	NA	NA
NC_045512.2	3874	C	T	15928	9279	36	1	1	34	6.27786e-05	15929	0.999985	FALSE	NA	NA	NA	NA	NA	NA
NC_045512.2	3876	C	T	15695	9282	36	2	0	34	0.000127413	15697	0.999863	FALSE	NA	NA	NA	NA	NA	NA
NC_045512.2	3877	T	C	15900	9504	36	3	2	34	0.000188644	15903	0.999346	FALSE	NA	NA	NA	NA	NA	NA
NC_045512.2	3879	A	G	15974	9571	36	4	4	34	0.000250344	15978	0.997794	FALSE	NA	NA	NA	NA	NA	NA
NC_045512.2	3880	G	C	15081	9686	36	1	1	34	6.63042e-05	15082	0.999985	FALSE	NA	NA	NA	NA	NA	NA
NC_045512.2	3881	A	T	14801	10724	35	2	0	34	0.00013508	14806	0.999741	FALSE	NA	NA	NA	NA	NA	NA
NC_045512.2	3881	A	G	14801	10724	35	3	2	56	0.000202621	14806	0.124975	FALSE	NA	NA	NA	NA	NA	NA
NC_045512.2	3882	T	C	14681	10774	36	2	2	30	0.000136212	14683	0.999742	FALSE	NA	NA	NA	NA	NA	NA
NC_045512.2	3883	T	C	14610	10777	36	2	2	40	0.000136864	14613	0.5	FALSE	NA	NA	NA	NA	NA	NA
NC_045512.2	3883	T	A	14610	10777	36	1	1	34	6.84322e-05	14613	0.99997	FALSE	NA	NA	NA	NA	NA	NA
NC_045512.2	3885	C	T	14259	10873	35	1	1	34	7.01262e-05	14260	0.99997	FALSE	NA	NA	NA	NA	NA	NA
NC_045512.2	3887	A	T	15107	11788	35	1	1	34	6.61857e-05	15109	0.999985	FALSE	NA	NA	NA	NA	NA	NA
NC_045512.2	3887	A	G	15107	11788	35	1	1	34	6.61857e-05	15109	0.999985	FALSE	NA	NA	NA	NA	NA	NA
NC_045512.2	3888	A	G	15068	11805	35	1	0	27	6.63614e-05	15069	1	FALSE	NA	NA	NA	NA	NA	NA
NC_045512.2	3890	G	A	15107	11752	35	1	0	34	6.61901e-05	15108	0.999985	FALSE	NA	NA	NA	NA	NA	NA
NC_045512.2	3891	A	G	15057	11777	35	1	1	26	6.64099e-05	15058	1	FALSE	NA	NA	NA	NA	NA	NA
NC_045512.2	3892	G	T	14538	11789	35	1	1	34	6.87758e-05	14540	0.99997	FALSE	NA	NA	NA	NA	NA	NA
NC_045512.2	3892	G	A	14538	11789	35	1	1	34	6.87758e-05	14540	0.99997	FALSE	NA	NA	NA	NA	NA	NA
NC_045512.2	3893	G	A	16030	13351	35	1	0	34	6.23791e-05	16031	0.999992	FALSE	NA	NA	NA	NA	NA	NA
NC_045512.2	3894	A	G	16056	13354	35	1	1	34	6.22743e-05	16058	0.999992	FALSE	NA	NA	NA	NA	NA	NA
NC_045512.2	3894	A	C	16056	13354	35	1	1	26	6.22743e-05	16058	1	FALSE	NA	NA	NA	NA	NA	NA
NC_045512.2	3895	A	G	15856	13463	35	1	1	26	6.30636e-05	15857	1	FALSE	NA	NA	NA	NA	NA	NA
NC_045512.2	3896	G	T	15825	13380	35	1	1	34	6.31592e-05	15833	0.999985	FALSE	NA	NA	NA	NA	NA	NA
NC_045512.2	3896	G	C	15825	13380	35	1	1	34	6.31592e-05	15833	0.999985	FALSE	NA	NA	NA	NA	NA	NA
NC_045512.2	3896	G	A	15825	13380	35	6	6	34	0.000378955	15833	0.986718	FALSE	NA	NA	NA	NA	NA	NA
NC_045512.2	3897	T	C	16103	13680	35	1	1	34	6.20964e-05	16104	0.999992	FALSE	NA	NA	NA	NA	NA	NA
NC_045512.2	3898	T	C	16375	13968	35	1	0	34	6.1065e-05	16376	0.999992	FALSE	NA	NA	NA	NA	NA	NA
NC_045512.2	3899	A	T	16236	13838	35	3	1	68	0.000184718	16241	0.124977	FALSE	NA	NA	NA	NA	NA	NA
NC_045512.2	3899	A	G	16236	13838	35	2	1	34	0.000123145	16241	0.999928	FALSE	NA	NA	NA	NA	NA	NA
NC_045512.2	3900	A	G	16257	13870	35	3	2	34	0.000184502	16260	0.999637	FALSE	NA	NA	NA	NA	NA	NA
NC_045512.2	3901	G	T	16239	13807	35	1	1	34	6.15764e-05	16240	0.999992	FALSE	NA	NA	NA	NA	NA	NA
NC_045512.2	3902	C	T	16347	13951	35	7	7	34	0.00042803	16354	0.982693	FALSE	NA	NA	NA	NA	NA	NA
NC_045512.2	3903	C	T	16243	13847	35	1	1	34	6.15612e-05	16244	0.999992	FALSE	NA	NA	NA	NA	NA	NA
NC_045512.2	3905	T	G	16214	13535	35	1	0	34	6.16713e-05	16215	0.999992	FALSE	NA	NA	NA	NA	NA	NA
NC_045512.2	3906	T	C	16366	13690	35	2	2	34	0.00012219	16368	0.999928	FALSE	NA	NA	NA	NA	NA	NA
NC_045512.2	3907	T	C	16356	13707	35	2	2	34	0.000122264	16358	0.999928	FALSE	NA	NA	NA	NA	NA	NA
NC_045512.2	3909	T	C	16955	14347	35	1	1	34	5.89727e-05	16957	0.999992	FALSE	NA	NA	NA	NA	NA	NA
NC_045512.2	3909	T	A	16955	14347	35	1	1	34	5.89727e-05	16957	0.999992	FALSE	NA	NA	NA	NA	NA	NA
NC_045512.2	3910	A	T	16961	14417	35	1	1	26	5.89518e-05	16963	1	FALSE	NA	NA	NA	NA	NA	NA
NC_045512.2	3910	A	G	16961	14417	35	1	0	34	5.89518e-05	16963	0.999992	FALSE	NA	NA	NA	NA	NA	NA
NC_045512.2	3911	A	G	16943	14359	35	1	1	34	5.90179e-05	16944	0.999992	FALSE	NA	NA	NA	NA	NA	NA
NC_045512.2	3912	C	G	16957	14460	35	2	0	34	0.000117931	16959	0.999928	FALSE	NA	NA	NA	NA	NA	NA
NC_045512.2	3913	T	G	13549	11062	35	6	6	34	0.000442152	13570	0.968101	FALSE	NA	NA	NA	NA	NA	NA
NC_045512.2	3913	T	C	13549	11062	35	15	15	32	0.00110538	13570	0.424853	FALSE	NA	NA	NA	NA	NA	NA
NC_045512.2	3914	G	T	13575	11053	35	2	2	34	0.000147178	13589	0.999511	FALSE	NA	NA	NA	NA	NA	NA
NC_045512.2	3914	G	C	13575	11053	35	11	11	34	0.000809478	13589	0.729342	FALSE	NA	NA	NA	NA	NA	NA
NC_045512.2	3914	G	A	13575	11053	35	1	1	34	7.35889e-05	13589	0.999939	FALSE	NA	NA	NA	NA	NA	NA
NC_045512.2	3915	A	G	13834	11330	36	1	1	34	7.22804e-05	13835	0.999939	FALSE	NA	NA	NA	NA	NA	NA
NC_045512.2	3916	A	G	13923	11302	36	3	2	31	0.000215424	13926	0.997916	FALSE	NA	NA	NA	NA	NA	NA
NC_045512.2	3917	A	G	13960	11330	36	2	1	43	0.000143246	13962	0.500027	FALSE	NA	NA	NA	NA	NA	NA
NC_045512.2	3919	T	C	13989	11364	36	1	1	34	7.14796e-05	13990	0.999939	FALSE	NA	NA	NA	NA	NA	NA
NC_045512.2	3920	A	G	13910	11326	36	1	1	26	7.18804e-05	13912	1	FALSE	NA	NA	NA	NA	NA	NA
NC_045512.2	3920	A	C	13910	11326	36	1	1	34	7.18804e-05	13912	0.999939	FALSE	NA	NA	NA	NA	NA	NA
NC_045512.2	3921	A	T	13967	11377	36	1	1	26	7.15871e-05	13969	1	FALSE	NA	NA	NA	NA	NA	NA
NC_045512.2	3921	A	G	13967	11377	36	1	1	34	7.15871e-05	13969	0.999939	FALSE	NA	NA	NA	NA	NA	NA
NC_045512.2	3924	C	-T	15012	12470	35	3	0	20	0.00019984	15012	1	FALSE	NA	NA	NA	NA	NA	NA
NC_045512.2	3925	T	C	14644	12101	35	7	7	34	0.000477783	14651	0.96085	FALSE	NA	NA	NA	NA	NA	NA
NC_045512.2	3926	T	C	13037	10514	36	1	1	34	7.66989e-05	13038	0.999939	FALSE	NA	NA	NA	NA	NA	NA
NC_045512.2	3927	C	G	13168	10538	36	2	1	34	0.00015186	13170	0.999513	FALSE	NA	NA	NA	NA	NA	NA
NC_045512.2	3928	A	G	13109	10484	36	2	2	34	0.000152532	13112	0.999513	FALSE	NA	NA	NA	NA	NA	NA
NC_045512.2	3928	A	C	13109	10484	36	1	0	34	7.6266e-05	13112	0.999939	FALSE	NA	NA	NA	NA	NA	NA
NC_045512.2	3930	T	A	14184	10906	36	1	0	34	7.0497e-05	14185	0.99997	FALSE	NA	NA	NA	NA	NA	NA
NC_045512.2	3932	G	T	13922	10618	36	1	1	26	7.18236e-05	13923	1	FALSE	NA	NA	NA	NA	NA	NA
NC_045512.2	3933	A	T	13951	10670	36	1	0	27	7.16589e-05	13955	1	FALSE	NA	NA	NA	NA	NA	NA
NC_045512.2	3933	A	G	13951	10670	36	3	0	56	0.000214977	13955	0.124987	FALSE	NA	NA	NA	NA	NA	NA
NC_045512.2	3934	A	T	13963	10677	36	2	2	34	0.000143215	13965	0.999513	FALSE	NA	NA	NA	NA	NA	NA
NC_045512.2	3935	C	A	13972	10701	36	3	3	34	0.000214669	13975	0.997916	FALSE	NA	NA	NA	NA	NA	NA
NC_045512.2	3936	A	G	13647	10485	36	2	2	34	0.000146531	13649	0.999513	FALSE	NA	NA	NA	NA	NA	NA
NC_045512.2	3938	A	G	14711	11426	36	2	2	34	0.000135934	14713	0.999742	FALSE	NA	NA	NA	NA	NA	NA
NC_045512.2	3939	G	A	14606	11314	36	2	2	34	0.000136911	14608	0.999742	FALSE	NA	NA	NA	NA	NA	NA
NC_045512.2	3940	A	G	14945	12244	35	4	4	34	0.000267559	14950	0.99624	FALSE	NA	NA	NA	NA	NA	NA
NC_045512.2	3940	A	C	14945	12244	35	1	1	34	6.68896e-05	14950	0.99997	FALSE	NA	NA	NA	NA	NA	NA
NC_045512.2	3941	A	G	15231	12181	36	1	1	34	6.56513e-05	15232	0.999985	FALSE	NA	NA	NA	NA	NA	NA
NC_045512.2	3942	A	G	15203	12191	36	1	1	34	6.57592e-05	15207	0.999985	FALSE	NA	NA	NA	NA	NA	NA
NC_045512.2	3942	A	C	15203	12191	36	3	3	31	0.000197278	15207	0.999346	FALSE	NA	NA	NA	NA	NA	NA
NC_045512.2	3945	A	G	14649	11678	36	2	2	51	0.000136509	14651	0.250009	FALSE	NA	NA	NA	NA	NA	NA
NC_045512.2	3946	A	G	14433	11465	36	1	1	34	6.92761e-05	14435	0.99997	FALSE	NA	NA	NA	NA	NA	NA
NC_045512.2	3946	A	C	14433	11465	36	1	1	34	6.92761e-05	14435	0.99997	FALSE	NA	NA	NA	NA	NA	NA
NC_045512.2	3947	G	C	14388	11400	36	1	1	34	6.94975e-05	14389	0.99997	FALSE	NA	NA	NA	NA	NA	NA
NC_045512.2	3948	A	G	15228	12383	36	2	2	34	0.00013132	15230	0.999863	FALSE	NA	NA	NA	NA	NA	NA
NC_045512.2	3949	T	C	15168	12295	36	2	2	30	0.000131839	15170	0.999863	FALSE	NA	NA	NA	NA	NA	NA
NC_045512.2	3950	G	A	14951	12187	36	1	1	34	6.68807e-05	14952	0.99997	FALSE	NA	NA	NA	NA	NA	NA
NC_045512.2	3951	A	T	15103	12349	36	1	1	34	6.61857e-05	15109	0.999985	FALSE	NA	NA	NA	NA	NA	NA
NC_045512.2	3951	A	G	15103	12349	36	5	4	68	0.000330929	15109	0.0312397	FALSE	NA	NA	NA	NA	NA	NA
NC_045512.2	3952	T	C	15024	12272	36	2	2	34	0.000133103	15026	0.999863	FALSE	NA	NA	NA	NA	NA	NA
NC_045512.2	3953	A	G	15409	12698	36	1	1	34	6.48929e-05	15410	0.999985	FALSE	NA	NA	NA	NA	NA	NA
NC_045512.2	3954	A	G	15421	12701	36	2	2	34	0.000129676	15423	0.999863	FALSE	NA	NA	NA	NA	NA	NA
NC_045512.2	3956	A	T	15431	12745	36	2	2	26	0.000129567	15436	1	FALSE	NA	NA	NA	NA	NA	NA
NC_045512.2	3956	A	G	15431	12745	36	1	1	34	6.47836e-05	15436	0.999985	FALSE	NA	NA	NA	NA	NA	NA
NC_045512.2	3956	A	C	15431	12745	36	2	2	30	0.000129567	15436	0.999863	FALSE	NA	NA	NA	NA	NA	NA
NC_045512.2	3957	A	G	15240	12804	36	2	1	29	0.000131216	15242	1	FALSE	NA	NA	NA	NA	NA	NA
NC_045512.2	3958	A	G	15276	12840	36	3	3	34	0.000196348	15279	0.999346	FALSE	NA	NA	NA	NA	NA	NA
NC_045512.2	3960	T	C	15930	13549	36	1	1	26	6.27707e-05	15931	1	FALSE	NA	NA	NA	NA	NA	NA
NC_045512.2	3962	A	C	15983	13656	36	2	2	34	0.000125117	15985	0.999863	FALSE	NA	NA	NA	NA	NA	NA
NC_045512.2	3964	A	G	16052	13813	36	2	2	34	0.00012458	16054	0.999928	FALSE	NA	NA	NA	NA	NA	NA
NC_045512.2	3965	G	C	16092	13807	36	1	1	26	6.21388e-05	16093	1	FALSE	NA	NA	NA	NA	NA	NA
NC_045512.2	3966	C	T	16435	14265	36	1	1	26	6.08384e-05	16437	1	FALSE	NA	NA	NA	NA	NA	NA
NC_045512.2	3966	C	A	16435	14265	36	1	1	34	6.08384e-05	16437	0.999992	FALSE	NA	NA	NA	NA	NA	NA
NC_045512.2	3967	T	C	16343	14175	36	1	1	26	6.11845e-05	16344	1	FALSE	NA	NA	NA	NA	NA	NA
NC_045512.2	3968	T	C	16237	14083	36	2	2	30	0.000123153	16240	0.999928	FALSE	NA	NA	NA	NA	NA	NA
NC_045512.2	3968	T	A	16237	14083	36	1	1	34	6.15764e-05	16240	0.999992	FALSE	NA	NA	NA	NA	NA	NA
NC_045512.2	3969	G	T	16285	14095	36	3	2	68	0.000184173	16289	0.124988	FALSE	NA	NA	NA	NA	NA	NA
NC_045512.2	3969	G	C	16285	14095	36	1	1	34	6.13911e-05	16289	0.999992	FALSE	NA	NA	NA	NA	NA	NA
NC_045512.2	3973	T	C	17643	15613	36	3	3	34	0.00017001	17646	0.9998	FALSE	NA	NA	NA	NA	NA	NA
NC_045512.2	3974	G	C	17555	15519	36	1	1	26	5.69606e-05	17556	1	FALSE	NA	NA	NA	NA	NA	NA
NC_045512.2	3974	G	-A	17555	15519	36	1	0	20	5.69606e-05	17556	1	FALSE	NA	NA	NA	NA	NA	NA
NC_045512.2	3975	A	G	17623	15583	36	2	2	34	0.000113469	17626	0.999962	FALSE	NA	NA	NA	NA	NA	NA
NC_045512.2	3975	A	C	17623	15583	36	1	1	34	5.67344e-05	17626	0.999996	FALSE	NA	NA	NA	NA	NA	NA
NC_045512.2	3976	A	T	17646	15609	36	1	1	34	5.66508e-05	17652	0.999996	FALSE	NA	NA	NA	NA	NA	NA
NC_045512.2	3976	A	G	17646	15609	36	4	4	31	0.000226603	17652	0.999257	FALSE	NA	NA	NA	NA	NA	NA
NC_045512.2	3976	A	C	17646	15609	36	1	1	26	5.66508e-05	17652	1	FALSE	NA	NA	NA	NA	NA	NA
NC_045512.2	3978	A	G	18105	16204	36	3	3	34	0.000165673	18108	0.99989	FALSE	NA	NA	NA	NA	NA	NA
NC_045512.2	3979	A	T	18248	16224	37	1	1	34	5.47945e-05	18250	0.999998	FALSE	NA	NA	NA	NA	NA	NA
NC_045512.2	3979	A	G	18248	16224	37	1	1	26	5.47945e-05	18250	1	FALSE	NA	NA	NA	NA	NA	NA
NC_045512.2	3980	G	C	18211	16177	37	1	1	26	5.49089e-05	18212	1	FALSE	NA	NA	NA	NA	NA	NA
NC_045512.2	3981	T	C	19704	18008	37	5	5	34	0.000253691	19709	0.999231	FALSE	NA	NA	NA	NA	NA	NA
NC_045512.2	3982	T	C	18966	17334	37	6	6	34	0.000316256	18972	0.996704	FALSE	NA	NA	NA	NA	NA	NA
NC_045512.2	3983	A	C	19997	18502	37	1	0	34	5.0005e-05	19998	0.999999	FALSE	NA	NA	NA	NA	NA	NA
NC_045512.2	3984	C	T	20858	19487	38	4	4	32	0.000191727	20863	0.999862	FALSE	NA	NA	NA	NA	NA	NA
NC_045512.2	3984	C	A	20858	19487	38	1	1	34	4.79317e-05	20863	1	FALSE	NA	NA	NA	NA	NA	NA
NC_045512.2	3985	A	G	20793	19419	37	3	3	34	0.000144259	20796	0.999967	FALSE	NA	NA	NA	NA	NA	NA
NC_045512.2	3985	A	+C	20793	19419	37	1	0	20	4.80862e-05	20796	1	FALSE	NA	NA	NA	NA	NA	NA
NC_045512.2	3986	A	T	20761	19393	37	2	2	30	9.63206e-05	20764	0.999995	FALSE	NA	NA	NA	NA	NA	NA
NC_045512.2	3986	A	G	20761	19393	37	1	1	34	4.81603e-05	20764	1	FALSE	NA	NA	NA	NA	NA	NA
NC_045512.2	3987	C	T	20824	19464	38	3	3	34	0.000144044	20827	0.999967	FALSE	NA	NA	NA	NA	NA	NA
NC_045512.2	3988	A	T	19746	18394	38	2	2	34	0.000101261	19751	0.99999	FALSE	NA	NA	NA	NA	NA	NA
NC_045512.2	3988	A	G	19746	18394	38	3	3	34	0.000151891	19751	0.99994	FALSE	NA	NA	NA	NA	NA	NA
NC_045512.2	3990	C	T	19750	18441	38	7	4	58	0.000354305	19757	0.00780973	TRUE	NA	NA	NA	NA	NA	NA
NC_045512.2	3992	C	T	19547	18257	38	1	1	34	5.11509e-05	19550	0.999999	FALSE	NA	NA	NA	NA	NA	NA
NC_045512.2	3992	C	A	19547	18257	38	2	2	34	0.000102302	19550	0.99999	FALSE	NA	NA	NA	NA	NA	NA
NC_045512.2	3994	G	C	17668	16397	38	1	1	34	5.65931e-05	17670	0.999996	FALSE	NA	NA	NA	NA	NA	NA
NC_045512.2	3994	G	A	17668	16397	38	1	1	34	5.65931e-05	17670	0.999996	FALSE	NA	NA	NA	NA	NA	NA
NC_045512.2	3996	A	T	17600	16353	38	1	1	34	5.6802e-05	17605	0.999996	FALSE	NA	NA	NA	NA	NA	NA
NC_045512.2	3996	A	G	17600	16353	38	4	4	31	0.000227208	17605	0.999257	FALSE	NA	NA	NA	NA	NA	NA
NC_045512.2	3997	A	G	17616	16386	38	1	1	68	5.67601e-05	17618	0.5	FALSE	NA	NA	NA	NA	NA	NA
NC_045512.2	3997	A	C	17616	16386	38	1	1	34	5.67601e-05	17618	0.999996	FALSE	NA	NA	NA	NA	NA	NA
NC_045512.2	3998	G	A	17494	16267	38	1	1	34	5.71592e-05	17495	0.999996	FALSE	NA	NA	NA	NA	NA	NA
NC_045512.2	3999	A	G	17124	15910	37	1	0	68	5.83942e-05	17125	0.500015	FALSE	NA	NA	NA	NA	NA	NA
NC_045512.2	4000	A	G	17143	15922	38	3	3	45	0.000174958	17147	0.312489	FALSE	NA	NA	NA	NA	NA	NA
NC_045512.2	4000	A	C	17143	15922	38	1	1	26	5.83192e-05	17147	1	FALSE	NA	NA	NA	NA	NA	NA
NC_045512.2	4001	A	G	16969	15755	38	1	1	24	5.8924e-05	16971	1	FALSE	NA	NA	NA	NA	NA	NA
NC_045512.2	4001	A	C	16969	15755	38	1	1	27	5.8924e-05	16971	1	FALSE	NA	NA	NA	NA	NA	NA
NC_045512.2	4003	T	C	16969	15783	38	1	1	34	5.8924e-05	16971	0.999992	FALSE	NA	NA	NA	NA	NA	NA
NC_045512.2	4003	T	A	16969	15783	38	1	0	24	5.8924e-05	16971	1	FALSE	NA	NA	NA	NA	NA	NA
NC_045512.2	4004	A	G	16954	15769	38	1	1	34	5.89797e-05	16955	0.999992	FALSE	NA	NA	NA	NA	NA	NA
NC_045512.2	4005	A	G	16966	15912	37	3	3	34	0.000176762	16972	0.999637	FALSE	NA	NA	NA	NA	NA	NA
NC_045512.2	4005	A	C	16966	15912	37	3	3	31	0.000176762	16972	0.999637	FALSE	NA	NA	NA	NA	NA	NA
NC_045512.2	4006	G	-T	16967	15917	37	1	0	20	5.89379e-05	16967	1	FALSE	NA	NA	NA	NA	NA	NA
NC_045512.2	4007	T	C	16861	15822	37	1	1	26	5.93049e-05	16862	1	FALSE	NA	NA	NA	NA	NA	NA
NC_045512.2	4008	T	G	16431	15393	37	1	0	27	6.08458e-05	16435	1	FALSE	NA	NA	NA	NA	NA	NA
NC_045512.2	4008	T	C	16431	15393	37	3	3	34	0.000182537	16435	0.999637	FALSE	NA	NA	NA	NA	NA	NA
NC_045512.2	4010	C	T	16141	15131	37	3	3	34	0.000185816	16145	0.999637	FALSE	NA	NA	NA	NA	NA	NA
NC_045512.2	4010	C	A	16141	15131	37	1	1	34	6.19387e-05	16145	0.999992	FALSE	NA	NA	NA	NA	NA	NA
NC_045512.2	4011	T	C	16076	15070	37	4	3	42	0.000248725	16082	0.187461	FALSE	NA	NA	NA	NA	NA	NA
NC_045512.2	4011	T	A	16076	15070	37	2	2	34	0.000124363	16082	0.999928	FALSE	NA	NA	NA	NA	NA	NA
NC_045512.2	4013	A	G	16005	15003	37	2	2	34	0.000124945	16007	0.999928	FALSE	NA	NA	NA	NA	NA	NA
NC_045512.2	4015	A	T	15784	14811	37	1	1	34	6.33473e-05	15786	0.999985	FALSE	NA	NA	NA	NA	NA	NA
NC_045512.2	4015	A	C	15784	14811	37	1	1	34	6.33473e-05	15786	0.999985	FALSE	NA	NA	NA	NA	NA	NA
NC_045512.2	4016	G	A	15753	14786	37	2	2	34	0.000126944	15755	0.999863	FALSE	NA	NA	NA	NA	NA	NA
NC_045512.2	4017	A	G	15738	14832	37	4	4	32	0.000254097	15742	0.997794	FALSE	NA	NA	NA	NA	NA	NA
NC_045512.2	4018	A	G	15700	14812	37	2	2	34	0.000127372	15702	0.999863	FALSE	NA	NA	NA	NA	NA	NA
NC_045512.2	4019	A	G	15678	14799	37	1	0	24	6.37796e-05	15679	1	FALSE	NA	NA	NA	NA	NA	NA
NC_045512.2	4020	A	T	15633	14761	37	1	1	26	6.39632e-05	15634	1	FALSE	NA	NA	NA	NA	NA	NA
NC_045512.2	4022	T	C	15459	14634	37	1	1	34	6.46831e-05	15460	0.999985	FALSE	NA	NA	NA	NA	NA	NA
NC_045512.2	4023	T	C	15870	14464	36	2	2	51	0.000126008	15872	0.250008	FALSE	NA	NA	NA	NA	NA	NA
NC_045512.2	4025	T	C	15082	13691	37	2	2	30	0.000132582	15085	0.999863	FALSE	NA	NA	NA	NA	NA	NA
NC_045512.2	4025	T	A	15082	13691	37	1	1	34	6.6291e-05	15085	0.999985	FALSE	NA	NA	NA	NA	NA	NA
NC_045512.2	4026	T	C	15082	13685	37	1	1	34	6.62954e-05	15084	0.999985	FALSE	NA	NA	NA	NA	NA	NA
NC_045512.2	4026	T	A	15082	13685	37	1	1	34	6.62954e-05	15084	0.999985	FALSE	NA	NA	NA	NA	NA	NA
NC_045512.2	4028	C	G	15273	13987	35	1	1	34	6.54707e-05	15274	0.999985	FALSE	NA	NA	NA	NA	NA	NA
NC_045512.2	4030	T	G	14866	13580	35	5	2	32	0.000336202	14872	0.990413	FALSE	NA	NA	NA	NA	NA	NA
NC_045512.2	4030	T	A	14866	13580	35	1	1	34	6.72405e-05	14872	0.99997	FALSE	NA	NA	NA	NA	NA	NA
NC_045512.2	4032	A	T	14961	13507	35	1	1	34	6.68315e-05	14963	0.99997	FALSE	NA	NA	NA	NA	NA	NA
NC_045512.2	4032	A	G	14961	13507	35	1	0	68	6.68315e-05	14963	0.5	FALSE	NA	NA	NA	NA	NA	NA
NC_045512.2	4033	T	A	14847	13407	35	2	2	34	0.000134689	14849	0.999742	FALSE	NA	NA	NA	NA	NA	NA
NC_045512.2	4034	A	T	14995	13561	35	1	1	34	6.66844e-05	14996	0.99997	FALSE	NA	NA	NA	NA	NA	NA
NC_045512.2	4035	T	C	14328	12891	34	2	2	34	0.000139567	14330	0.999742	FALSE	NA	NA	NA	NA	NA	NA
NC_045512.2	4036	T	C	13826	12401	35	2	2	34	0.000144634	13828	0.999513	FALSE	NA	NA	NA	NA	NA	NA
NC_045512.2	4038	A	T	13766	12368	35	2	2	30	0.000145264	13768	0.999513	FALSE	NA	NA	NA	NA	NA	NA
NC_045512.2	4039	C	T	13910	12379	35	1	1	26	7.18856e-05	13911	1	FALSE	NA	NA	NA	NA	NA	NA
NC_045512.2	4040	A	T	13909	12362	35	2	2	26	0.000143771	13911	1	FALSE	NA	NA	NA	NA	NA	NA
NC_045512.2	4041	T	C	12586	11036	34	1	1	34	7.9447e-05	12587	0.999878	FALSE	NA	NA	NA	NA	NA	NA
NC_045512.2	4042	T	C	13030	11505	35	2	2	34	0.000153468	13032	0.999513	FALSE	NA	NA	NA	NA	NA	NA
NC_045512.2	4043	A	T	13056	11528	35	1	1	26	7.65755e-05	13059	1	FALSE	NA	NA	NA	NA	NA	NA
NC_045512.2	4043	A	G	13056	11528	35	2	2	30	0.000153151	13059	0.999513	FALSE	NA	NA	NA	NA	NA	NA
NC_045512.2	4044	A	T	13042	11512	35	1	1	26	7.66695e-05	13043	1	FALSE	NA	NA	NA	NA	NA	NA
NC_045512.2	4045	T	C	13069	11507	35	1	0	34	7.65052e-05	13071	0.999939	FALSE	NA	NA	NA	NA	NA	NA
NC_045512.2	4045	T	A	13069	11507	35	1	1	34	7.65052e-05	13071	0.999939	FALSE	NA	NA	NA	NA	NA	NA
NC_045512.2	4047	G	A	12976	11281	35	8	6	42	0.000616143	12984	0.0195204	FALSE	NA	NA	NA	NA	NA	NA
NC_045512.2	4047	G	-CA	12976	11281	35	1	0	20	7.70179e-05	12984	1	FALSE	NA	NA	NA	NA	NA	NA
NC_045512.2	4048	C	T	12181	10495	35	1	1	34	8.20883e-05	12182	0.999878	FALSE	NA	NA	NA	NA	NA	NA
NC_045512.2	4050	A	T	11896	10392	35	219	12	34	0.0180723	12118	4.46285e-51	TRUE	NA	NA	NA	NA	NA	NA
NC_045512.2	4050	A	G	11896	10392	35	3	3	34	0.000247566	12118	0.995921	FALSE	NA	NA	NA	NA	NA	NA
NC_045512.2	4051	T	C	11974	10144	34	2	2	30	0.000166987	11977	0.998295	FALSE	NA	NA	NA	NA	NA	NA
NC_045512.2	4051	T	A	11974	10144	34	1	1	34	8.34934e-05	11977	0.999756	FALSE	NA	NA	NA	NA	NA	NA
NC_045512.2	4053	T	C	12147	10320	35	5	5	34	0.00041132	12156	0.975489	FALSE	NA	NA	NA	NA	NA	NA
NC_045512.2	4053	T	A	12147	10320	35	4	4	34	0.000329056	12156	0.989367	FALSE	NA	NA	NA	NA	NA	NA
NC_045512.2	4058	C	T	11741	9881	35	3	3	31	0.000255428	11745	0.993543	FALSE	NA	NA	NA	NA	NA	NA
NC_045512.2	4058	C	G	11741	9881	35	1	0	27	8.51426e-05	11745	1	FALSE	NA	NA	NA	NA	NA	NA
NC_045512.2	4060	A	T	10753	8916	35	1	1	34	9.29627e-05	10757	0.999512	FALSE	NA	NA	NA	NA	NA	NA
NC_045512.2	4060	A	G	10753	8916	35	1	1	34	9.29627e-05	10757	0.999512	FALSE	NA	NA	NA	NA	NA	NA
NC_045512.2	4060	A	C	10753	8916	35	2	2	34	0.000185925	10757	0.996831	FALSE	NA	NA	NA	NA	NA	NA
NC_045512.2	4061	G	A	10789	8906	35	1	1	34	9.26784e-05	10790	0.999513	FALSE	NA	NA	NA	NA	NA	NA
NC_045512.2	4062	A	G	10764	8893	35	2	1	68	0.00018577	10766	0.250012	FALSE	NA	NA	NA	NA	NA	NA
NC_045512.2	4063	T	C	10756	8870	35	1	1	34	9.29627e-05	10757	0.999513	FALSE	NA	NA	NA	NA	NA	NA
NC_045512.2	4068	C	T	1985	185	37	4	0	34	0.00201106	1989	0.1875	FALSE	NA	NA	NA	NA	NA	NA
NC_045512.2	4077	T	C	2262	248	38	1	0	34	0.000441891	2263	0.875166	FALSE	NA	NA	NA	NA	NA	NA
NC_045512.2	4087	T	A	2421	288	38	2	1	68	0.000825423	2423	0.250052	FALSE	NA	NA	NA	NA	NA	NA
NC_045512.2	4092	T	C	2678	317	38	1	0	34	0.000373274	2679	0.87514	FALSE	NA	NA	NA	NA	NA	NA
NC_045512.2	4097	T	C	2714	334	39	1	1	68	0.000368324	2715	0.500092	FALSE	NA	NA	NA	NA	NA	NA
NC_045512.2	4100	T	C	2748	359	39	1	0	34	0.000363769	2749	0.875136	FALSE	NA	NA	NA	NA	NA	NA
NC_045512.2	4102	A	G	2748	379	39	1	0	26	0.000363769	2749	1	FALSE	NA	NA	NA	NA	NA	NA
NC_045512.2	4103	A	G	2736	387	39	1	0	34	0.000365364	2737	0.875137	FALSE	NA	NA	NA	NA	NA	NA
NC_045512.2	4104	A	G	2660	390	38	1	0	46	0.000375799	2661	0.500094	FALSE	NA	NA	NA	NA	NA	NA
NC_045512.2	4105	G	T	2740	398	39	1	0	34	0.00036483	2741	0.875137	FALSE	NA	NA	NA	NA	NA	NA
NC_045512.2	4108	A	C	2671	419	39	2	0	34	0.000748223	2673	0.687711	FALSE	NA	NA	NA	NA	NA	NA
NC_045512.2	4115	C	G	3153	458	37	3	0	34	0.00095057	3156	0.656473	FALSE	NA	NA	NA	NA	NA	NA
NC_045512.2	4117	A	G	3291	466	37	1	0	34	0.000303767	3292	0.937595	FALSE	NA	NA	NA	NA	NA	NA
NC_045512.2	4118	T	C	3319	467	37	1	0	68	0.000301205	3320	0.500075	FALSE	NA	NA	NA	NA	NA	NA
NC_045512.2	4120	T	C	3349	473	37	1	1	24	0.000298507	3350	1	FALSE	NA	NA	NA	NA	NA	NA
NC_045512.2	4122	T	A	3259	501	37	2	2	34	0.000613309	3261	0.812692	FALSE	NA	NA	NA	NA	NA	NA
NC_045512.2	4134	T	C	3042	573	37	1	0	26	0.000328623	3043	1	FALSE	NA	NA	NA	NA	NA	NA
NC_045512.2	4135	T	C	3026	556	37	3	0	34	0.000990426	3029	0.656482	FALSE	NA	NA	NA	NA	NA	NA
NC_045512.2	4138	T	C	3154	559	37	1	0	34	0.000316957	3155	0.937599	FALSE	NA	NA	NA	NA	NA	NA
NC_045512.2	4140	A	T	2966	575	36	1	0	34	0.000336927	2968	0.875063	FALSE	NA	NA	NA	NA	NA	NA
NC_045512.2	4140	A	C	2966	575	36	1	0	26	0.000336927	2968	1	FALSE	NA	NA	NA	NA	NA	NA
NC_045512.2	4144	G	C	3165	637	37	1	1	34	0.000315657	3168	0.93752	FALSE	NA	NA	NA	NA	NA	NA
NC_045512.2	4144	G	A	3165	637	37	2	0	34	0.000631313	3168	0.812599	FALSE	NA	NA	NA	NA	NA	NA
NC_045512.2	4145	G	A	3152	633	37	1	0	26	0.000317158	3153	1	FALSE	NA	NA	NA	NA	NA	NA
NC_045512.2	4146	G	T	3221	718	38	3	0	34	0.000930521	3224	0.656468	FALSE	NA	NA	NA	NA	NA	NA
NC_045512.2	4151	T	C	3190	807	38	1	1	34	0.000313381	3191	0.937598	FALSE	NA	NA	NA	NA	NA	NA
NC_045512.2	4155	C	T	3121	915	38	1	0	34	0.000320307	3122	0.9376	FALSE	NA	NA	NA	NA	NA	NA
NC_045512.2	4159	T	G	3095	897	38	1	0	34	0.000322997	3096	0.937601	FALSE	NA	NA	NA	NA	NA	NA
NC_045512.2	4166	A	G	3256	908	38	1	1	34	0.000307031	3257	0.937596	FALSE	NA	NA	NA	NA	NA	NA
NC_045512.2	4172	A	T	3107	882	38	1	0	34	0.00032175	3108	0.937601	FALSE	NA	NA	NA	NA	NA	NA
NC_045512.2	4174	T	-A	3084	891	38	5	0	20	0.00162127	3084	0.999998	FALSE	NA	NA	NA	NA	NA	NA
NC_045512.2	4176	A	C	3075	930	38	1	0	27	0.000325098	3076	1	FALSE	NA	NA	NA	NA	NA	NA
NC_045512.2	4181	G	T	3222	1190	39	3	2	68	0.000930233	3225	0.125	FALSE	NA	NA	NA	NA	NA	NA
NC_045512.2	4183	T	A	3179	1182	40	1	1	24	0.000314465	3180	1	FALSE	NA	NA	NA	NA	NA	NA
NC_045512.2	4184	G	A	1	0	34	3188	1190	40	0.999686	3189	0	TRUE	NA	NA	NA	NA	NA	NA
NC_045512.2	4185	G	C	3160	1195	40	1	0	26	0.000316356	3161	1	FALSE	NA	NA	NA	NA	NA	NA
NC_045512.2	4186	T	C	3360	1498	41	3	1	34	0.000892061	3363	0.656459	FALSE	NA	NA	NA	NA	NA	NA
NC_045512.2	4195	T	G	3439	1653	41	1	0	27	0.000290529	3442	1	FALSE	NA	NA	NA	NA	NA	NA
NC_045512.2	4195	T	C	3439	1653	41	2	2	34	0.000581058	3442	0.812591	FALSE	NA	NA	NA	NA	NA	NA
NC_045512.2	4201	G	C	3618	1924	42	2	2	34	0.000552486	3620	0.812673	FALSE	NA	NA	NA	NA	NA	NA
NC_045512.2	4206	C	A	3628	1933	42	1	1	34	0.000275558	3629	0.937586	FALSE	NA	NA	NA	NA	NA	NA
NC_045512.2	4207	G	C	3621	1926	42	1	0	34	0.000276091	3622	0.937586	FALSE	NA	NA	NA	NA	NA	NA
NC_045512.2	4215	T	C	3565	2119	41	1	0	34	0.000280426	3566	0.937588	FALSE	NA	NA	NA	NA	NA	NA
NC_045512.2	4217	A	G	3400	2219	40	2	2	34	0.000587544	3404	0.8125	FALSE	NA	NA	NA	NA	NA	NA
NC_045512.2	4217	A	C	3400	2219	40	2	2	34	0.000587544	3404	0.8125	FALSE	NA	NA	NA	NA	NA	NA
NC_045512.2	4218	G	T	3345	2253	40	1	0	68	0.000298864	3346	0.500075	FALSE	NA	NA	NA	NA	NA	NA
NC_045512.2	4221	A	G	3406	2362	40	1	0	34	0.000293513	3407	0.937592	FALSE	NA	NA	NA	NA	NA	NA
NC_045512.2	4225	G	T	3286	2264	40	1	1	26	0.000304136	3288	1	FALSE	NA	NA	NA	NA	NA	NA
NC_045512.2	4225	G	C	3286	2264	40	1	1	26	0.000304136	3288	1	FALSE	NA	NA	NA	NA	NA	NA
NC_045512.2	4226	C	T	3296	2387	39	1	1	34	0.000303306	3297	0.937595	FALSE	NA	NA	NA	NA	NA	NA
NC_045512.2	4229	A	T	3269	2420	38	1	1	34	0.00030581	3270	0.937596	FALSE	NA	NA	NA	NA	NA	NA
NC_045512.2	4247	A	T	3410	2722	38	2	2	34	0.000586166	3412	0.812683	FALSE	NA	NA	NA	NA	NA	NA
NC_045512.2	4250	T	C	3391	2728	38	1	1	27	0.000294811	3392	1	FALSE	NA	NA	NA	NA	NA	NA
NC_045512.2	4258	T	C	3533	2964	37	1	1	34	0.000282965	3534	0.937588	FALSE	NA	NA	NA	NA	NA	NA
NC_045512.2	4260	A	G	3707	3145	39	2	2	34	0.000539229	3709	0.812669	FALSE	NA	NA	NA	NA	NA	NA
NC_045512.2	4261	G	T	3657	3083	38	3	3	34	0.000819672	3660	0.656442	FALSE	NA	NA	NA	NA	NA	NA
NC_045512.2	4262	G	A	3726	3146	39	2	2	34	0.000536481	3728	0.812668	FALSE	NA	NA	NA	NA	NA	NA
NC_045512.2	4270	T	A	3712	3232	38	1	1	34	0.000269324	3713	0.937584	FALSE	NA	NA	NA	NA	NA	NA
NC_045512.2	4272	G	T	3697	3211	38	3	3	31	0.000810811	3700	0.65644	FALSE	NA	NA	NA	NA	NA	NA
NC_045512.2	4275	A	G	3733	3268	37	1	1	60	0.000267809	3734	0.500067	FALSE	NA	NA	NA	NA	NA	NA
NC_045512.2	4279	T	C	3464	3013	38	1	1	34	0.0002886	3465	0.93759	FALSE	NA	NA	NA	NA	NA	NA
NC_045512.2	4280	G	A	3471	3013	38	3	3	34	0.000863558	3474	0.656452	FALSE	NA	NA	NA	NA	NA	NA
NC_045512.2	4284	A	G	3427	2972	38	1	1	34	0.000291715	3428	0.937591	FALSE	NA	NA	NA	NA	NA	NA
NC_045512.2	4287	A	G	3159	2767	39	1	0	68	0.000316456	3160	0.500079	FALSE	NA	NA	NA	NA	NA	NA
NC_045512.2	4289	G	A	3015	2615	39	1	1	34	0.000331565	3016	0.937604	FALSE	NA	NA	NA	NA	NA	NA
NC_045512.2	4290	C	T	3004	2610	39	2	2	34	0.000665336	3006	0.812708	FALSE	NA	NA	NA	NA	NA	NA
NC_045512.2	4297	A	G	2588	2298	39	1	1	26	0.00038625	2589	1	FALSE	NA	NA	NA	NA	NA	NA
NC_045512.2	4311	G	C	2536	2301	39	1	1	34	0.000394166	2537	0.875148	FALSE	NA	NA	NA	NA	NA	NA
NC_045512.2	4319	G	-C	2373	2148	39	3	0	20	0.00126422	2373	0.999995	FALSE	NA	NA	NA	NA	NA	NA
NC_045512.2	4321	C	T	3	3	34	2351	2127	39	0.998726	2354	0	TRUE	NA	NA	NA	NA	NA	NA
NC_045512.2	4346	T	C	1835	1729	37	1	1	26	0.000544662	1836	0.999998	FALSE	NA	NA	NA	NA	NA	NA
NC_045512.2	4348	T	C	1380	1291	37	149	141	37	0.0974493	1529	2.63579e-45	TRUE	NA	NA	NA	NA	NA	NA
NC_045512.2	4355	A	C	1139	1050	38	1	1	26	0.000877193	1140	0.999764	FALSE	NA	NA	NA	NA	NA	NA
NC_045512.2	4368	T	C	770	710	38	1	1	34	0.00129702	771	0.500324	FALSE	NA	NA	NA	NA	NA	NA
NC_045512.2	4653	C	G	8166	169	33	3	0	34	0.000367242	8169	0.967344	FALSE	NA	NA	NA	NA	NA	NA
NC_045512.2	4655	C	T	10127	191	34	3	0	31	0.000296121	10131	0.98879	FALSE	NA	NA	NA	NA	NA	NA
NC_045512.2	4655	C	G	10127	191	34	1	0	34	9.87069e-05	10131	0.999513	FALSE	NA	NA	NA	NA	NA	NA
NC_045512.2	4656	G	A	10209	191	34	3	0	34	0.000293772	10212	0.988795	FALSE	NA	NA	NA	NA	NA	NA
NC_045512.2	4658	T	G	31494	271	34	1	0	34	3.1747e-05	31499	1	FALSE	NA	NA	NA	NA	NA	NA
NC_045512.2	4658	T	A	31494	271	34	4	0	32	0.000126988	31499	1	FALSE	NA	NA	NA	NA	NA	NA
NC_045512.2	4660	T	G	33366	317	34	1	0	34	2.99679e-05	33369	1	FALSE	NA	NA	NA	NA	NA	NA
NC_045512.2	4660	T	C	33366	317	34	2	0	34	5.99359e-05	33369	1	FALSE	NA	NA	NA	NA	NA	NA
NC_045512.2	4661	A	G	33073	317	34	5	0	34	0.000151158	33078	1	FALSE	NA	NA	NA	NA	NA	NA
NC_045512.2	4662	T	C	33355	338	34	2	0	34	5.9952e-05	33360	1	FALSE	NA	NA	NA	NA	NA	NA
NC_045512.2	4662	T	A	33355	338	34	3	0	31	8.99281e-05	33360	1	FALSE	NA	NA	NA	NA	NA	NA
NC_045512.2	4663	G	A	33437	338	34	2	0	34	5.98104e-05	33439	1	FALSE	NA	NA	NA	NA	NA	NA
NC_045512.2	4664	A	T	33467	358	34	1	0	34	2.98704e-05	33478	1	FALSE	NA	NA	NA	NA	NA	NA
NC_045512.2	4664	A	G	33467	358	34	9	0	34	0.000268833	33478	0.999966	FALSE	NA	NA	NA	NA	NA	NA
NC_045512.2	4664	A	C	33467	358	34	1	0	34	2.98704e-05	33478	1	FALSE	NA	NA	NA	NA	NA	NA
NC_045512.2	4665	G	C	33611	352	34	1	0	34	2.97504e-05	33613	1	FALSE	NA	NA	NA	NA	NA	NA
NC_045512.2	4665	G	A	33611	352	34	1	0	26	2.97504e-05	33613	1	FALSE	NA	NA	NA	NA	NA	NA
NC_045512.2	4666	A	G	33037	381	33	2	0	34	6.05345e-05	33039	1	FALSE	NA	NA	NA	NA	NA	NA
NC_045512.2	4667	T	G	33610	345	34	13	0	32	0.000386606	33626	0.999182	FALSE	NA	NA	NA	NA	NA	NA
NC_045512.2	4667	T	C	33610	345	34	1	0	34	2.97389e-05	33626	1	FALSE	NA	NA	NA	NA	NA	NA
NC_045512.2	4667	T	A	33610	345	34	2	0	34	5.94778e-05	33626	1	FALSE	NA	NA	NA	NA	NA	NA
NC_045512.2	4668	C	T	35031	413	34	1	0	34	2.85445e-05	35033	1	FALSE	NA	NA	NA	NA	NA	NA
NC_045512.2	4668	C	A	35031	413	34	1	0	34	2.85445e-05	35033	1	FALSE	NA	NA	NA	NA	NA	NA
NC_045512.2	4669	T	C	35080	392	34	5	0	34	0.000142511	35085	1	FALSE	NA	NA	NA	NA	NA	NA
NC_045512.2	4670	C	G	35549	456	34	1	0	34	2.81294e-05	35550	1	FALSE	NA	NA	NA	NA	NA	NA
NC_045512.2	4671	T	C	35550	457	34	3	0	31	8.43811e-05	35553	1	FALSE	NA	NA	NA	NA	NA	NA
NC_045512.2	4672	C	G	35577	522	34	1	0	26	2.81073e-05	35578	1	FALSE	NA	NA	NA	NA	NA	NA
NC_045512.2	4673	A	G	35543	529	34	2	0	34	5.62651e-05	35546	1	FALSE	NA	NA	NA	NA	NA	NA
NC_045512.2	4673	A	C	35543	529	34	1	0	34	2.81326e-05	35546	1	FALSE	NA	NA	NA	NA	NA	NA
NC_045512.2	4674	A	G	35561	527	34	2	0	34	5.62366e-05	35564	1	FALSE	NA	NA	NA	NA	NA	NA
NC_045512.2	4674	A	C	35561	527	34	1	0	34	2.81183e-05	35564	1	FALSE	NA	NA	NA	NA	NA	NA
NC_045512.2	4675	A	G	34465	532	33	2	0	34	5.80265e-05	34467	1	FALSE	NA	NA	NA	NA	NA	NA
NC_045512.2	4676	G	A	36320	541	34	3	0	34	8.25923e-05	36323	1	FALSE	NA	NA	NA	NA	NA	NA
NC_045512.2	4677	T	C	36206	588	34	1	0	34	2.7619e-05	36207	1	FALSE	NA	NA	NA	NA	NA	NA
NC_045512.2	4678	G	T	36496	592	34	1	0	34	2.7398e-05	36499	1	FALSE	NA	NA	NA	NA	NA	NA
NC_045512.2	4678	G	A	36496	592	34	2	0	34	5.4796e-05	36499	1	FALSE	NA	NA	NA	NA	NA	NA
NC_045512.2	4679	C	T	36419	592	34	5	0	34	0.000137246	36431	1	FALSE	NA	NA	NA	NA	NA	NA
NC_045512.2	4679	C	A	36419	592	34	7	0	34	0.000192144	36431	0.999999	FALSE	NA	NA	NA	NA	NA	NA
NC_045512.2	4680	C	T	37006	596	34	1	0	34	2.7019e-05	37011	1	FALSE	NA	NA	NA	NA	NA	NA
NC_045512.2	4680	C	G	37006	596	34	4	0	34	0.000108076	37011	1	FALSE	NA	NA	NA	NA	NA	NA
NC_045512.2	4681	A	G	37194	597	34	7	0	35	0.000188167	37201	1	FALSE	NA	NA	NA	NA	NA	NA
NC_045512.2	4682	G	A	40442	610	34	2	0	34	4.94511e-05	40444	1	FALSE	NA	NA	NA	NA	NA	NA
NC_045512.2	4683	C	T	40623	635	34	1	0	34	2.4616e-05	40624	1	FALSE	NA	NA	NA	NA	NA	NA
NC_045512.2	4684	T	G	40756	699	34	1	0	34	2.45333e-05	40761	1	FALSE	NA	NA	NA	NA	NA	NA
NC_045512.2	4684	T	C	40756	699	34	4	0	34	9.8133e-05	40761	1	FALSE	NA	NA	NA	NA	NA	NA
NC_045512.2	4685	A	G	40784	694	34	3	0	34	7.3542e-05	40793	1	FALSE	NA	NA	NA	NA	NA	NA
NC_045512.2	4685	A	C	40784	694	34	6	0	34	0.000147084	40793	1	FALSE	NA	NA	NA	NA	NA	NA
NC_045512.2	4686	C	T	41011	700	34	4	0	34	9.75229e-05	41016	1	FALSE	NA	NA	NA	NA	NA	NA
NC_045512.2	4686	C	A	41011	700	34	1	0	34	2.43807e-05	41016	1	FALSE	NA	NA	NA	NA	NA	NA
NC_045512.2	4687	A	G	40349	699	34	1	0	34	2.47807e-05	40354	1	FALSE	NA	NA	NA	NA	NA	NA
NC_045512.2	4687	A	C	40349	699	34	4	0	34	9.91228e-05	40354	1	FALSE	NA	NA	NA	NA	NA	NA
NC_045512.2	4688	G	T	41408	700	34	1	1	68	2.41482e-05	41411	0.499994	FALSE	NA	NA	NA	NA	NA	NA
NC_045512.2	4688	G	A	41408	700	34	2	0	34	4.82963e-05	41411	1	FALSE	NA	NA	NA	NA	NA	NA
NC_045512.2	4689	T	G	41260	782	34	2	0	34	4.8466e-05	41266	1	FALSE	NA	NA	NA	NA	NA	NA
NC_045512.2	4689	T	C	41260	782	34	4	0	34	9.69321e-05	41266	1	FALSE	NA	NA	NA	NA	NA	NA
NC_045512.2	4690	T	C	41388	875	34	7	1	34	0.000169103	41395	1	FALSE	NA	NA	NA	NA	NA	NA
NC_045512.2	4691	T	C	41509	882	35	2	0	34	4.81788e-05	41512	1	FALSE	NA	NA	NA	NA	NA	NA
NC_045512.2	4691	T	A	41509	882	35	1	0	34	2.40894e-05	41512	1	FALSE	NA	NA	NA	NA	NA	NA
NC_045512.2	4692	C	T	41665	885	34	1	0	34	2.40004e-05	41666	1	FALSE	NA	NA	NA	NA	NA	NA
NC_045512.2	4693	T	G	41697	885	35	11	0	34	0.0002637	41714	0.999995	FALSE	NA	NA	NA	NA	NA	NA
NC_045512.2	4693	T	C	41697	885	35	4	0	32	9.58911e-05	41714	1	FALSE	NA	NA	NA	NA	NA	NA
NC_045512.2	4693	T	A	41697	885	35	2	0	34	4.79455e-05	41714	1	FALSE	NA	NA	NA	NA	NA	NA
NC_045512.2	4694	G	T	41848	885	34	2	0	34	4.77897e-05	41850	1	FALSE	NA	NA	NA	NA	NA	NA
NC_045512.2	4695	T	C	41704	934	34	2	0	34	4.79547e-05	41706	1	FALSE	NA	NA	NA	NA	NA	NA
NC_045512.2	4696	T	G	42725	943	35	1	0	26	2.34033e-05	42729	1	FALSE	NA	NA	NA	NA	NA	NA
NC_045512.2	4696	T	C	42725	943	35	2	0	34	4.68066e-05	42729	1	FALSE	NA	NA	NA	NA	NA	NA
NC_045512.2	4696	T	A	42725	943	35	1	0	34	2.34033e-05	42729	1	FALSE	NA	NA	NA	NA	NA	NA
NC_045512.2	4697	T	C	42850	939	34	5	0	34	0.00011667	42856	1	FALSE	NA	NA	NA	NA	NA	NA
NC_045512.2	4697	T	A	42850	939	34	1	0	34	2.3334e-05	42856	1	FALSE	NA	NA	NA	NA	NA	NA
NC_045512.2	4698	C	T	42953	954	35	1	0	34	2.32802e-05	42955	1	FALSE	NA	NA	NA	NA	NA	NA
NC_045512.2	4698	C	A	42953	954	35	1	0	34	2.32802e-05	42955	1	FALSE	NA	NA	NA	NA	NA	NA
NC_045512.2	4698	C	-T	42953	954	35	1	0	20	2.32802e-05	42955	1	FALSE	NA	NA	NA	NA	NA	NA
NC_045512.2	4699	T	C	42996	955	35	4	0	34	9.30211e-05	43001	1	FALSE	NA	NA	NA	NA	NA	NA
NC_045512.2	4699	T	A	42996	955	35	1	0	34	2.32553e-05	43001	1	FALSE	NA	NA	NA	NA	NA	NA
NC_045512.2	4700	T	C	42948	985	35	5	0	34	0.000116404	42954	1	FALSE	NA	NA	NA	NA	NA	NA
NC_045512.2	4700	T	A	42948	985	35	1	0	34	2.32807e-05	42954	1	FALSE	NA	NA	NA	NA	NA	NA
NC_045512.2	4701	C	T	43042	984	35	10	0	34	0.000232272	43053	0.999999	FALSE	NA	NA	NA	NA	NA	NA
NC_045512.2	4701	C	A	43042	984	35	1	0	34	2.32272e-05	43053	1	FALSE	NA	NA	NA	NA	NA	NA
NC_045512.2	4702	A	G	43662	1059	35	3	0	34	6.87049e-05	43665	1	FALSE	NA	NA	NA	NA	NA	NA
NC_045512.2	4703	C	A	44186	1246	35	3	0	31	6.78902e-05	44189	1	FALSE	NA	NA	NA	NA	NA	NA
NC_045512.2	4704	C	G	44170	1330	35	4	0	32	9.0551e-05	44174	1	FALSE	NA	NA	NA	NA	NA	NA
NC_045512.2	4705	T	G	44219	1353	35	3	0	34	6.78257e-05	44231	1	FALSE	NA	NA	NA	NA	NA	NA
NC_045512.2	4705	T	C	44219	1353	35	9	0	36	0.000203477	44231	1	FALSE	NA	NA	NA	NA	NA	NA
NC_045512.2	4706	G	T	45082	1363	35	2	0	34	4.43567e-05	45089	1	FALSE	NA	NA	NA	NA	NA	NA
NC_045512.2	4706	G	A	45082	1363	35	5	0	34	0.000110892	45089	1	FALSE	NA	NA	NA	NA	NA	NA
NC_045512.2	4707	A	G	45955	1372	35	2	0	34	4.35189e-05	45957	1	FALSE	NA	NA	NA	NA	NA	NA
NC_045512.2	4708	T	C	46573	1383	35	1	0	34	2.14712e-05	46574	1	FALSE	NA	NA	NA	NA	NA	NA
NC_045512.2	4709	G	A	46710	1383	35	6	0	39	0.000128436	46716	1	FALSE	NA	NA	NA	NA	NA	NA
NC_045512.2	4710	C	T	49665	1534	35	104	3	35	0.00208957	49771	5.07161e-06	TRUE	NA	NA	NA	NA	NA	NA
NC_045512.2	4710	C	G	49665	1534	35	2	0	30	4.0184e-05	49771	1	FALSE	NA	NA	NA	NA	NA	NA
NC_045512.2	4711	T	C	49937	1541	35	16	0	34	0.000320301	49953	0.999992	FALSE	NA	NA	NA	NA	NA	NA
NC_045512.2	4712	G	A	50768	1551	35	3	0	34	5.90888e-05	50771	1	FALSE	NA	NA	NA	NA	NA	NA
NC_045512.2	4713	T	C	50675	1556	35	2	0	34	3.94641e-05	50679	1	FALSE	NA	NA	NA	NA	NA	NA
NC_045512.2	4713	T	A	50675	1556	35	2	0	34	3.94641e-05	50679	1	FALSE	NA	NA	NA	NA	NA	NA
NC_045512.2	4714	T	C	50736	1559	35	3	0	34	5.91261e-05	50739	1	FALSE	NA	NA	NA	NA	NA	NA
NC_045512.2	4715	A	G	51095	1556	35	3	0	34	5.87096e-05	51099	1	FALSE	NA	NA	NA	NA	NA	NA
NC_045512.2	4715	A	C	51095	1556	35	1	0	68	1.95699e-05	51099	0.49999	FALSE	NA	NA	NA	NA	NA	NA
NC_045512.2	4716	C	T	51377	1557	35	4	0	32	7.78483e-05	51382	1	FALSE	NA	NA	NA	NA	NA	NA
NC_045512.2	4716	C	A	51377	1557	35	1	0	34	1.94621e-05	51382	1	FALSE	NA	NA	NA	NA	NA	NA
NC_045512.2	4717	A	T	50916	1559	35	6	2	49	0.000117804	50932	0.49988	FALSE	NA	NA	NA	NA	NA	NA
NC_045512.2	4717	A	G	50916	1559	35	9	0	34	0.000176706	50932	1	FALSE	NA	NA	NA	NA	NA	NA
NC_045512.2	4717	A	C	50916	1559	35	1	0	34	1.9634e-05	50932	1	FALSE	NA	NA	NA	NA	NA	NA
NC_045512.2	4719	C	T	53615	2335	36	6	0	34	0.000111894	53622	1	FALSE	NA	NA	NA	NA	NA	NA
NC_045512.2	4719	C	A	53615	2335	36	1	0	34	1.86491e-05	53622	1	FALSE	NA	NA	NA	NA	NA	NA
NC_045512.2	4720	G	T	58645	2386	36	1	1	68	1.70419e-05	58679	0.499864	FALSE	NA	NA	NA	NA	NA	NA
NC_045512.2	4720	G	C	58645	2386	36	1	0	34	1.70419e-05	58679	1	FALSE	NA	NA	NA	NA	NA	NA
NC_045512.2	4720	G	A	58645	2386	36	32	2	33	0.00054534	58679	0.997924	FALSE	NA	NA	NA	NA	NA	NA
NC_045512.2	4721	T	C	58703	2961	36	6	2	38	0.000102197	58710	1	FALSE	NA	NA	NA	NA	NA	NA
NC_045512.2	4721	T	A	58703	2961	36	1	0	34	1.70329e-05	58710	1	FALSE	NA	NA	NA	NA	NA	NA
NC_045512.2	4722	A	T	58313	2964	36	1	0	34	1.7148e-05	58316	1	FALSE	NA	NA	NA	NA	NA	NA
NC_045512.2	4722	A	G	58313	2964	36	2	1	51	3.42959e-05	58316	0.249998	FALSE	NA	NA	NA	NA	NA	NA
NC_045512.2	4723	T	C	58750	2973	36	7	0	36	0.000119135	58757	1	FALSE	NA	NA	NA	NA	NA	NA
NC_045512.2	4723	T	-A	58750	2973	36	1	0	20	1.70192e-05	58757	1	FALSE	NA	NA	NA	NA	NA	NA
NC_045512.2	4724	A	G	58698	2994	36	2	0	34	3.40716e-05	58700	1	FALSE	NA	NA	NA	NA	NA	NA
NC_045512.2	4725	A	T	58782	3061	36	1	0	26	1.70109e-05	58786	1	FALSE	NA	NA	NA	NA	NA	NA
NC_045512.2	4725	A	G	58782	3061	36	3	0	34	5.10326e-05	58786	1	FALSE	NA	NA	NA	NA	NA	NA
NC_045512.2	4726	T	G	59386	3064	36	3	0	28	5.05127e-05	59391	1	FALSE	NA	NA	NA	NA	NA	NA
NC_045512.2	4726	T	C	59386	3064	36	2	1	30	3.36751e-05	59391	1	FALSE	NA	NA	NA	NA	NA	NA
NC_045512.2	4727	G	A	59527	3063	36	4	0	34	6.71919e-05	59531	1	FALSE	NA	NA	NA	NA	NA	NA
NC_045512.2	4728	G	T	59634	3076	36	3	0	34	5.03035e-05	59638	1	FALSE	NA	NA	NA	NA	NA	NA
NC_045512.2	4728	G	A	59634	3076	36	1	0	34	1.67678e-05	59638	1	FALSE	NA	NA	NA	NA	NA	NA
NC_045512.2	4729	T	G	59575	3324	37	2	0	30	3.35672e-05	59582	1	FALSE	NA	NA	NA	NA	NA	NA
NC_045512.2	4729	T	C	59575	3324	37	5	1	46	8.3918e-05	59582	0.623042	FALSE	NA	NA	NA	NA	NA	NA
NC_045512.2	4730	T	C	59761	3506	37	2	0	34	3.3465e-05	59764	1	FALSE	NA	NA	NA	NA	NA	NA
NC_045512.2	4730	T	A	59761	3506	37	1	0	34	1.67325e-05	59764	1	FALSE	NA	NA	NA	NA	NA	NA
NC_045512.2	4731	A	T	59569	3516	37	1	1	24	1.67867e-05	59571	1	FALSE	NA	NA	NA	NA	NA	NA
NC_045512.2	4731	A	G	59569	3516	37	1	0	34	1.67867e-05	59571	1	FALSE	NA	NA	NA	NA	NA	NA
NC_045512.2	4732	T	C	60733	3718	37	5	0	34	8.2314e-05	60743	1	FALSE	NA	NA	NA	NA	NA	NA
NC_045512.2	4732	T	A	60733	3718	37	5	3	48	8.2314e-05	60743	0.725558	FALSE	NA	NA	NA	NA	NA	NA
NC_045512.2	4733	C	T	58101	4108	37	2	0	34	3.4421e-05	58104	1	FALSE	NA	NA	NA	NA	NA	NA
NC_045512.2	4733	C	G	58101	4108	37	1	0	34	1.72105e-05	58104	1	FALSE	NA	NA	NA	NA	NA	NA
NC_045512.2	4734	T	G	58086	4164	37	3	0	34	5.1636e-05	58099	1	FALSE	NA	NA	NA	NA	NA	NA
NC_045512.2	4734	T	C	58086	4164	37	8	0	34	0.000137696	58099	1	FALSE	NA	NA	NA	NA	NA	NA
NC_045512.2	4734	T	A	58086	4164	37	2	0	34	3.4424e-05	58099	1	FALSE	NA	NA	NA	NA	NA	NA
NC_045512.2	4735	T	G	57848	4163	37	2	0	34	3.4565e-05	57862	1	FALSE	NA	NA	NA	NA	NA	NA
NC_045512.2	4735	T	C	57848	4163	37	10	0	34	0.000172825	57862	1	FALSE	NA	NA	NA	NA	NA	NA
NC_045512.2	4735	T	A	57848	4163	37	2	0	30	3.4565e-05	57862	1	FALSE	NA	NA	NA	NA	NA	NA
NC_045512.2	4736	A	T	58401	4163	37	1	1	27	1.7118e-05	58418	1	FALSE	NA	NA	NA	NA	NA	NA
NC_045512.2	4736	A	G	58401	4163	37	14	0	35	0.000239652	58418	1	FALSE	NA	NA	NA	NA	NA	NA
NC_045512.2	4736	A	C	58401	4163	37	2	1	26	3.4236e-05	58418	1	FALSE	NA	NA	NA	NA	NA	NA
NC_045512.2	4736	A	-CTT	58401	4163	37	2	0	20	3.4236e-05	58418	1	FALSE	NA	NA	NA	NA	NA	NA
NC_045512.2	4737	C	A	57784	4498	37	1	0	34	1.73055e-05	57785	1	FALSE	NA	NA	NA	NA	NA	NA
NC_045512.2	4738	T	G	57645	4485	37	5	0	34	8.67092e-05	57664	1	FALSE	NA	NA	NA	NA	NA	NA
NC_045512.2	4738	T	C	57645	4485	37	8	0	34	0.000138735	57664	1	FALSE	NA	NA	NA	NA	NA	NA
NC_045512.2	4738	T	A	57645	4485	37	6	3	61	0.000104051	57664	0.0156116	FALSE	NA	NA	NA	NA	NA	NA
NC_045512.2	4739	T	G	57389	4608	37	1	0	34	1.74204e-05	57404	1	FALSE	NA	NA	NA	NA	NA	NA
NC_045512.2	4739	T	C	57389	4608	37	13	0	34	0.000226465	57404	1	FALSE	NA	NA	NA	NA	NA	NA
NC_045512.2	4739	T	A	57389	4608	37	1	0	34	1.74204e-05	57404	1	FALSE	NA	NA	NA	NA	NA	NA
NC_045512.2	4740	C	T	57761	4619	37	1	0	26	1.73124e-05	57762	1	FALSE	NA	NA	NA	NA	NA	NA
NC_045512.2	4741	T	G	57681	4563	37	1	0	34	1.73334e-05	57692	1	FALSE	NA	NA	NA	NA	NA	NA
NC_045512.2	4741	T	C	57681	4563	37	10	1	36	0.000173334	57692	1	FALSE	NA	NA	NA	NA	NA	NA
NC_045512.2	4742	T	G	57573	4574	37	1	0	34	1.73671e-05	57580	1	FALSE	NA	NA	NA	NA	NA	NA
NC_045512.2	4742	T	C	57573	4574	37	5	0	40	8.68357e-05	57580	0.623042	FALSE	NA	NA	NA	NA	NA	NA
NC_045512.2	4742	T	A	57573	4574	37	1	0	34	1.73671e-05	57580	1	FALSE	NA	NA	NA	NA	NA	NA
NC_045512.2	4743	C	T	57349	4712	37	6	0	36	0.00010461	57356	1	FALSE	NA	NA	NA	NA	NA	NA
NC_045512.2	4743	C	A	57349	4712	37	1	0	26	1.7435e-05	57356	1	FALSE	NA	NA	NA	NA	NA	NA
NC_045512.2	4744	T	C	57711	5210	38	7	1	42	0.000121279	57718	0.387213	FALSE	NA	NA	NA	NA	NA	NA
NC_045512.2	4745	T	G	57569	5180	38	2	0	30	3.47367e-05	57576	1	FALSE	NA	NA	NA	NA	NA	NA
NC_045512.2	4745	T	C	57569	5180	38	2	0	34	3.47367e-05	57576	1	FALSE	NA	NA	NA	NA	NA	NA
NC_045512.2	4745	T	A	57569	5180	38	3	0	31	5.2105e-05	57576	1	FALSE	NA	NA	NA	NA	NA	NA
NC_045512.2	4747	T	G	56813	5331	38	1	0	34	1.75979e-05	56825	1	FALSE	NA	NA	NA	NA	NA	NA
NC_045512.2	4747	T	C	56813	5331	38	10	0	34	0.000175979	56825	1	FALSE	NA	NA	NA	NA	NA	NA
NC_045512.2	4747	T	A	56813	5331	38	1	0	26	1.75979e-05	56825	1	FALSE	NA	NA	NA	NA	NA	NA
NC_045512.2	4747	T	-A	56813	5331	38	2	0	20	3.51958e-05	56825	1	FALSE	NA	NA	NA	NA	NA	NA
NC_045512.2	4748	A	G	56831	5339	38	9	4	49	0.000158339	56840	0.211951	FALSE	NA	NA	NA	NA	NA	NA
NC_045512.2	4749	A	G	56719	5376	38	4	0	34	7.05181e-05	56723	1	FALSE	NA	NA	NA	NA	NA	NA
NC_045512.2	4750	A	G	56301	5408	38	4	0	31	7.10416e-05	56305	1	FALSE	NA	NA	NA	NA	NA	NA
NC_045512.2	4751	A	G	56131	5430	38	5	0	34	8.90599e-05	56142	1	FALSE	NA	NA	NA	NA	NA	NA
NC_045512.2	4751	A	C	56131	5430	38	6	3	51	0.000106872	56142	0.0156196	FALSE	NA	NA	NA	NA	NA	NA
NC_045512.2	4752	C	G	54916	5609	38	1	0	34	1.8209e-05	54918	1	FALSE	NA	NA	NA	NA	NA	NA
NC_045512.2	4752	C	A	54916	5609	38	1	0	34	1.8209e-05	54918	1	FALSE	NA	NA	NA	NA	NA	NA
NC_045512.2	4753	A	G	55165	5564	38	5	0	32	9.06273e-05	55171	1	FALSE	NA	NA	NA	NA	NA	NA
NC_045512.2	4753	A	C	55165	5564	38	1	1	34	1.81255e-05	55171	1	FALSE	NA	NA	NA	NA	NA	NA
NC_045512.2	4754	C	T	55467	5863	38	1	0	26	1.80278e-05	55470	1	FALSE	NA	NA	NA	NA	NA	NA
NC_045512.2	4754	C	A	55467	5863	38	2	0	34	3.60555e-05	55470	1	FALSE	NA	NA	NA	NA	NA	NA
NC_045512.2	4755	C	G	35812	7805	37	1	0	26	2.79189e-05	35818	1	FALSE	NA	NA	NA	NA	NA	NA
NC_045512.2	4755	C	A	35812	7805	37	5	2	32	0.000139595	35818	1	FALSE	NA	NA	NA	NA	NA	NA
NC_045512.2	4756	T	G	35785	7743	37	1	0	34	2.79337e-05	35799	1	FALSE	NA	NA	NA	NA	NA	NA
NC_045512.2	4756	T	C	35785	7743	37	10	5	40	0.000279337	35799	0.0461133	FALSE	NA	NA	NA	NA	NA	NA
NC_045512.2	4756	T	A	35785	7743	37	3	2	30	8.38012e-05	35799	1	FALSE	NA	NA	NA	NA	NA	NA
NC_045512.2	4757	G	A	36016	7793	37	1	0	34	2.77647e-05	36017	1	FALSE	NA	NA	NA	NA	NA	NA
NC_045512.2	4757	G	-A	36016	7793	37	1	0	20	2.77647e-05	36017	1	FALSE	NA	NA	NA	NA	NA	NA
NC_045512.2	4758	A	G	36903	9004	37	2	0	34	5.41932e-05	36905	1	FALSE	NA	NA	NA	NA	NA	NA
NC_045512.2	4759	A	G	36882	9021	37	1	1	24	2.7112e-05	36884	1	FALSE	NA	NA	NA	NA	NA	NA
NC_045512.2	4759	A	C	36882	9021	37	1	0	34	2.7112e-05	36884	1	FALSE	NA	NA	NA	NA	NA	NA
NC_045512.2	4760	G	T	37537	9101	37	1	0	34	2.66361e-05	37543	1	FALSE	NA	NA	NA	NA	NA	NA
NC_045512.2	4760	G	C	37537	9101	37	1	0	34	2.66361e-05	37543	1	FALSE	NA	NA	NA	NA	NA	NA
NC_045512.2	4760	G	A	37537	9101	37	4	0	34	0.000106544	37543	1	FALSE	NA	NA	NA	NA	NA	NA
NC_045512.2	4761	A	G	36883	9091	37	14	1	32	0.000379435	36897	0.999534	FALSE	NA	NA	NA	NA	NA	NA
NC_045512.2	4762	A	T	38728	9147	37	1	1	46	2.58191e-05	38731	0.937502	FALSE	NA	NA	NA	NA	NA	NA
NC_045512.2	4762	A	G	38728	9147	37	2	0	34	5.16382e-05	38731	1	FALSE	NA	NA	NA	NA	NA	NA
NC_045512.2	4763	C	T	38836	9113	37	1	0	34	2.5748e-05	38838	1	FALSE	NA	NA	NA	NA	NA	NA
NC_045512.2	4763	C	G	38836	9113	37	1	0	34	2.5748e-05	38838	1	FALSE	NA	NA	NA	NA	NA	NA
NC_045512.2	4764	A	G	39600	9743	37	1	1	34	2.52519e-05	39601	1	FALSE	NA	NA	NA	NA	NA	NA
NC_045512.2	4764	A	-T	39600	9743	37	1	0	20	2.52519e-05	39601	1	FALSE	NA	NA	NA	NA	NA	NA
NC_045512.2	4766	T	C	39640	10210	37	5	2	40	0.000126116	39646	0.363274	FALSE	NA	NA	NA	NA	NA	NA
NC_045512.2	4766	T	A	39640	10210	37	1	0	34	2.52232e-05	39646	1	FALSE	NA	NA	NA	NA	NA	NA
NC_045512.2	4767	T	C	39908	10431	37	1	1	24	2.5057e-05	39909	1	FALSE	NA	NA	NA	NA	NA	NA
NC_045512.2	4768	T	G	39693	10337	37	1	1	34	2.51883e-05	39701	1	FALSE	NA	NA	NA	NA	NA	NA
NC_045512.2	4768	T	C	39693	10337	37	6	2	39	0.00015113	39701	1	FALSE	NA	NA	NA	NA	NA	NA
NC_045512.2	4768	T	A	39693	10337	37	1	0	26	2.51883e-05	39701	1	FALSE	NA	NA	NA	NA	NA	NA
NC_045512.2	4769	A	G	39328	10664	37	1	0	34	2.54265e-05	39329	1	FALSE	NA	NA	NA	NA	NA	NA
NC_045512.2	4770	T	G	39174	10558	37	1	0	26	2.55258e-05	39176	1	FALSE	NA	NA	NA	NA	NA	NA
NC_045512.2	4770	T	C	39174	10558	37	1	0	26	2.55258e-05	39176	1	FALSE	NA	NA	NA	NA	NA	NA
NC_045512.2	4771	T	G	38903	10771	37	2	0	34	5.14033e-05	38908	1	FALSE	NA	NA	NA	NA	NA	NA
NC_045512.2	4771	T	C	38903	10771	37	3	2	34	7.7105e-05	38908	1	FALSE	NA	NA	NA	NA	NA	NA
NC_045512.2	4772	G	A	39022	10768	37	2	0	34	5.12505e-05	39024	1	FALSE	NA	NA	NA	NA	NA	NA
NC_045512.2	4772	G	-A	39022	10768	37	1	0	20	2.56253e-05	39024	1	FALSE	NA	NA	NA	NA	NA	NA
NC_045512.2	4773	A	G	39082	10837	37	3	0	34	7.67558e-05	39085	1	FALSE	NA	NA	NA	NA	NA	NA
NC_045512.2	4774	A	G	39495	11287	37	5	2	32	0.000126582	39500	1	FALSE	NA	NA	NA	NA	NA	NA
NC_045512.2	4775	A	G	39379	11311	37	6	3	34	0.000152338	39386	1	FALSE	NA	NA	NA	NA	NA	NA
NC_045512.2	4775	A	C	39379	11311	37	1	1	27	2.53897e-05	39386	1	FALSE	NA	NA	NA	NA	NA	NA
NC_045512.2	4776	C	T	40140	11877	37	2	2	34	4.98206e-05	40144	1	FALSE	NA	NA	NA	NA	NA	NA
NC_045512.2	4776	C	A	40140	11877	37	2	2	34	4.98206e-05	40144	1	FALSE	NA	NA	NA	NA	NA	NA
NC_045512.2	4777	C	T	40384	11872	37	3	1	34	7.42813e-05	40387	1	FALSE	NA	NA	NA	NA	NA	NA
NC_045512.2	4778	A	G	41192	12767	38	2	0	51	4.85496e-05	41195	0.249997	FALSE	NA	NA	NA	NA	NA	NA
NC_045512.2	4778	A	C	41192	12767	38	1	1	34	2.42748e-05	41195	1	FALSE	NA	NA	NA	NA	NA	NA
NC_045512.2	4779	T	C	40987	12512	37	4	0	34	9.75729e-05	40995	1	FALSE	NA	NA	NA	NA	NA	NA
NC_045512.2	4779	T	A	40987	12512	37	4	0	40	9.75729e-05	40995	0.636685	FALSE	NA	NA	NA	NA	NA	NA
NC_045512.2	4780	C	A	40915	12928	38	5	1	34	0.00012219	40920	1	FALSE	NA	NA	NA	NA	NA	NA
NC_045512.2	4781	T	C	41134	13122	38	8	6	34	0.000194439	41144	1	FALSE	NA	NA	NA	NA	NA	NA
NC_045512.2	4781	T	A	41134	13122	38	2	1	34	4.86098e-05	41144	1	FALSE	NA	NA	NA	NA	NA	NA
NC_045512.2	4782	C	T	38987	13502	37	2	0	34	5.12939e-05	38991	1	FALSE	NA	NA	NA	NA	NA	NA
NC_045512.2	4782	C	A	38987	13502	37	2	0	34	5.12939e-05	38991	1	FALSE	NA	NA	NA	NA	NA	NA
NC_045512.2	4784	C	T	38933	13632	37	3	1	34	7.70475e-05	38937	1	FALSE	NA	NA	NA	NA	NA	NA
NC_045512.2	4784	C	A	38933	13632	37	1	0	34	2.56825e-05	38937	1	FALSE	NA	NA	NA	NA	NA	NA
NC_045512.2	4785	T	G	38655	13384	37	3	0	31	7.75976e-05	38661	1	FALSE	NA	NA	NA	NA	NA	NA
NC_045512.2	4785	T	C	38655	13384	37	3	2	40	7.75976e-05	38661	0.656232	FALSE	NA	NA	NA	NA	NA	NA
NC_045512.2	4786	T	C	39807	14628	38	10	2	43	0.000251149	39817	0.0461338	FALSE	NA	NA	NA	NA	NA	NA
NC_045512.2	4787	G	C	39757	14664	38	1	1	34	2.51496e-05	39762	1	FALSE	NA	NA	NA	NA	NA	NA
NC_045512.2	4787	G	A	39757	14664	38	4	2	34	0.000100599	39762	1	FALSE	NA	NA	NA	NA	NA	NA
NC_045512.2	4788	C	T	39494	14944	38	12	1	34	0.000303728	39509	0.999972	FALSE	NA	NA	NA	NA	NA	NA
NC_045512.2	4788	C	G	39494	14944	38	3	0	31	7.59321e-05	39509	1	FALSE	NA	NA	NA	NA	NA	NA
NC_045512.2	4789	T	G	39616	14941	38	3	0	31	7.5704e-05	39628	1	FALSE	NA	NA	NA	NA	NA	NA
NC_045512.2	4789	T	C	39616	14941	38	8	0	41	0.000201877	39628	0.113241	FALSE	NA	NA	NA	NA	NA	NA
NC_045512.2	4789	T	A	39616	14941	38	1	0	34	2.52347e-05	39628	1	FALSE	NA	NA	NA	NA	NA	NA
NC_045512.2	4789	T	-G	39616	14941	38	1	0	20	2.52347e-05	39628	1	FALSE	NA	NA	NA	NA	NA	NA
NC_045512.2	4790	G	T	39952	14933	38	1	1	26	2.50275e-05	39956	1	FALSE	NA	NA	NA	NA	NA	NA
NC_045512.2	4790	G	A	39952	14933	38	3	0	34	7.50826e-05	39956	1	FALSE	NA	NA	NA	NA	NA	NA
NC_045512.2	4791	G	T	40429	14838	38	4	2	32	9.89266e-05	40434	1	FALSE	NA	NA	NA	NA	NA	NA
NC_045512.2	4791	G	A	40429	14838	38	1	1	34	2.47317e-05	40434	1	FALSE	NA	NA	NA	NA	NA	NA
NC_045512.2	4792	T	C	40551	14886	38	3	1	34	7.39754e-05	40554	1	FALSE	NA	NA	NA	NA	NA	NA
NC_045512.2	4793	T	G	41208	15883	38	1	1	34	2.42642e-05	41213	1	FALSE	NA	NA	NA	NA	NA	NA
NC_045512.2	4793	T	C	41208	15883	38	3	2	34	7.27926e-05	41213	1	FALSE	NA	NA	NA	NA	NA	NA
NC_045512.2	4793	T	A	41208	15883	38	1	0	34	2.42642e-05	41213	1	FALSE	NA	NA	NA	NA	NA	NA
NC_045512.2	4794	C	T	41300	15869	38	2	1	51	4.84226e-05	41303	0.249997	FALSE	NA	NA	NA	NA	NA	NA
NC_045512.2	4794	C	A	41300	15869	38	1	0	34	2.42113e-05	41303	1	FALSE	NA	NA	NA	NA	NA	NA
NC_045512.2	4795	C	A	41456	16060	38	3	1	34	7.23606e-05	41459	1	FALSE	NA	NA	NA	NA	NA	NA
NC_045512.2	4796	T	C	41527	16012	38	10	5	40	0.000240743	41538	0.0897643	FALSE	NA	NA	NA	NA	NA	NA
NC_045512.2	4796	T	A	41527	16012	38	1	1	34	2.40743e-05	41538	1	FALSE	NA	NA	NA	NA	NA	NA
NC_045512.2	4796	T	-A	41527	16012	38	1	0	20	2.40743e-05	41538	1	FALSE	NA	NA	NA	NA	NA	NA
NC_045512.2	4797	A	T	41933	16381	38	2	2	34	4.76917e-05	41936	1	FALSE	NA	NA	NA	NA	NA	NA
NC_045512.2	4797	A	G	41933	16381	38	1	1	26	2.38459e-05	41936	1	FALSE	NA	NA	NA	NA	NA	NA
NC_045512.2	4798	T	G	41914	16413	38	1	1	24	2.38561e-05	41918	1	FALSE	NA	NA	NA	NA	NA	NA
NC_045512.2	4798	T	C	41914	16413	38	3	1	30	7.15683e-05	41918	1	FALSE	NA	NA	NA	NA	NA	NA
NC_045512.2	4798	T	-A	41914	16413	38	1	0	20	2.38561e-05	41918	1	FALSE	NA	NA	NA	NA	NA	NA
NC_045512.2	4799	A	G	41614	16390	38	5	1	34	0.000120132	41621	1	FALSE	NA	NA	NA	NA	NA	NA
NC_045512.2	4799	A	C	41614	16390	38	2	2	30	4.80527e-05	41621	1	FALSE	NA	NA	NA	NA	NA	NA
NC_045512.2	4800	A	T	41889	16459	38	1	0	26	2.38709e-05	41892	1	FALSE	NA	NA	NA	NA	NA	NA
NC_045512.2	4800	A	G	41889	16459	38	2	1	51	4.77418e-05	41892	0.249997	FALSE	NA	NA	NA	NA	NA	NA
NC_045512.2	4801	A	G	42086	16385	38	3	2	45	7.12775e-05	42089	0.773457	FALSE	NA	NA	NA	NA	NA	NA
NC_045512.2	4802	G	A	42224	16288	38	1	0	34	2.36827e-05	42225	1	FALSE	NA	NA	NA	NA	NA	NA
NC_045512.2	4803	A	T	41724	16693	38	1	1	34	2.39641e-05	41729	1	FALSE	NA	NA	NA	NA	NA	NA
NC_045512.2	4803	A	G	41724	16693	38	3	1	31	7.18924e-05	41729	1	FALSE	NA	NA	NA	NA	NA	NA
NC_045512.2	4803	A	C	41724	16693	38	1	1	26	2.39641e-05	41729	1	FALSE	NA	NA	NA	NA	NA	NA
NC_045512.2	4804	T	C	41421	16490	38	1	0	34	2.41418e-05	41422	1	FALSE	NA	NA	NA	NA	NA	NA
NC_045512.2	4805	T	G	41282	16576	38	4	1	32	9.68546e-05	41299	1	FALSE	NA	NA	NA	NA	NA	NA
NC_045512.2	4805	T	C	41282	16576	38	13	6	34	0.000314778	41299	0.999974	FALSE	NA	NA	NA	NA	NA	NA
NC_045512.2	4806	G	T	41357	16467	38	2	1	34	4.83536e-05	41362	1	FALSE	NA	NA	NA	NA	NA	NA
NC_045512.2	4806	G	C	41357	16467	38	1	1	34	2.41768e-05	41362	1	FALSE	NA	NA	NA	NA	NA	NA
NC_045512.2	4806	G	A	41357	16467	38	2	2	51	4.83536e-05	41362	0.249985	FALSE	NA	NA	NA	NA	NA	NA
NC_045512.2	4807	G	T	43245	16963	38	1	1	34	2.3123e-05	43247	1	FALSE	NA	NA	NA	NA	NA	NA
NC_045512.2	4807	G	A	43245	16963	38	1	0	34	2.3123e-05	43247	1	FALSE	NA	NA	NA	NA	NA	NA
NC_045512.2	4808	T	C	43800	18491	38	5	0	34	0.000114142	43805	1	FALSE	NA	NA	NA	NA	NA	NA
NC_045512.2	4809	C	T	43201	18541	38	1	1	34	2.31471e-05	43202	1	FALSE	NA	NA	NA	NA	NA	NA
NC_045512.2	4810	C	T	40550	18920	37	2	1	30	4.93182e-05	40553	1	FALSE	NA	NA	NA	NA	NA	NA
NC_045512.2	4810	C	A	40550	18920	37	1	1	34	2.46591e-05	40553	1	FALSE	NA	NA	NA	NA	NA	NA
NC_045512.2	4811	T	G	40654	18709	37	1	0	34	2.45954e-05	40658	1	FALSE	NA	NA	NA	NA	NA	NA
NC_045512.2	4811	T	C	40654	18709	37	3	3	34	7.37862e-05	40658	1	FALSE	NA	NA	NA	NA	NA	NA
NC_045512.2	4813	T	C	42257	19316	37	5	1	32	0.000118307	42263	1	FALSE	NA	NA	NA	NA	NA	NA
NC_045512.2	4813	T	A	42257	19316	37	1	0	34	2.36614e-05	42263	1	FALSE	NA	NA	NA	NA	NA	NA
NC_045512.2	4814	T	G	42213	19265	37	2	0	34	4.73709e-05	42220	1	FALSE	NA	NA	NA	NA	NA	NA
NC_045512.2	4814	T	C	42213	19265	37	5	1	40	0.000118427	42220	0.499985	FALSE	NA	NA	NA	NA	NA	NA
NC_045512.2	4815	C	T	41834	19515	37	5	3	34	0.000119503	41840	1	FALSE	NA	NA	NA	NA	NA	NA
NC_045512.2	4815	C	G	41834	19515	37	1	0	34	2.39006e-05	41840	1	FALSE	NA	NA	NA	NA	NA	NA
NC_045512.2	4816	T	C	40395	18088	37	3	3	34	7.42611e-05	40398	1	FALSE	NA	NA	NA	NA	NA	NA
NC_045512.2	4817	G	C	40723	18241	37	1	0	68	2.45555e-05	40724	0.500006	FALSE	NA	NA	NA	NA	NA	NA
NC_045512.2	4818	G	T	40736	18284	37	1	1	68	2.45471e-05	40738	0.5	FALSE	NA	NA	NA	NA	NA	NA
NC_045512.2	4818	G	C	40736	18284	37	1	1	34	2.45471e-05	40738	1	FALSE	NA	NA	NA	NA	NA	NA
NC_045512.2	4819	A	T	39287	18600	37	1	1	27	2.54518e-05	39290	1	FALSE	NA	NA	NA	NA	NA	NA
NC_045512.2	4819	A	G	39287	18600	37	1	1	38	2.54518e-05	39290	1	FALSE	NA	NA	NA	NA	NA	NA
NC_045512.2	4819	A	C	39287	18600	37	1	0	34	2.54518e-05	39290	1	FALSE	NA	NA	NA	NA	NA	NA
NC_045512.2	4820	C	T	35952	19412	36	5	2	54	0.000139055	35957	0.0312478	FALSE	NA	NA	NA	NA	NA	NA
NC_045512.2	4820	C	-A	35952	19412	36	1	0	20	2.7811e-05	35957	1	FALSE	NA	NA	NA	NA	NA	NA
NC_045512.2	4821	A	G	35778	19200	36	3	2	34	8.38434e-05	35781	1	FALSE	NA	NA	NA	NA	NA	NA
NC_045512.2	4822	A	G	36688	19432	36	6	0	32	0.00016351	36695	1	FALSE	NA	NA	NA	NA	NA	NA
NC_045512.2	4822	A	C	36688	19432	36	1	1	34	2.72517e-05	36695	1	FALSE	NA	NA	NA	NA	NA	NA
NC_045512.2	4823	T	C	36538	19341	36	3	2	34	8.20996e-05	36541	1	FALSE	NA	NA	NA	NA	NA	NA
NC_045512.2	4824	C	T	37190	19531	36	2	0	68	5.3775e-05	37192	0.250003	FALSE	NA	NA	NA	NA	NA	NA
NC_045512.2	4825	T	C	37243	19562	36	4	3	31	0.000107391	37247	1	FALSE	NA	NA	NA	NA	NA	NA
NC_045512.2	4826	A	G	37036	19218	36	4	1	40	0.000107988	37041	0.5	FALSE	NA	NA	NA	NA	NA	NA
NC_045512.2	4826	A	C	37036	19218	36	1	1	34	2.69971e-05	37041	1	FALSE	NA	NA	NA	NA	NA	NA
NC_045512.2	4827	C	T	38660	21307	36	9	8	34	0.000232733	38671	0.999997	FALSE	NA	NA	NA	NA	NA	NA
NC_045512.2	4827	C	G	38660	21307	36	1	0	34	2.58592e-05	38671	1	FALSE	NA	NA	NA	NA	NA	NA
NC_045512.2	4827	C	A	38660	21307	36	1	1	34	2.58592e-05	38671	1	FALSE	NA	NA	NA	NA	NA	NA
NC_045512.2	4828	A	T	39034	21821	36	1	1	34	2.56161e-05	39038	1	FALSE	NA	NA	NA	NA	NA	NA
NC_045512.2	4828	A	G	39034	21821	36	3	0	34	7.68482e-05	39038	1	FALSE	NA	NA	NA	NA	NA	NA
NC_045512.2	4829	C	T	39657	21931	36	1	1	26	2.52137e-05	39661	1	FALSE	NA	NA	NA	NA	NA	NA
NC_045512.2	4829	C	A	39657	21931	36	3	3	45	7.56411e-05	39661	0.656256	FALSE	NA	NA	NA	NA	NA	NA
NC_045512.2	4830	A	T	39188	21467	36	2	2	34	5.10295e-05	39193	1	FALSE	NA	NA	NA	NA	NA	NA
NC_045512.2	4830	A	G	39188	21467	36	2	1	34	5.10295e-05	39193	1	FALSE	NA	NA	NA	NA	NA	NA
NC_045512.2	4830	A	C	39188	21467	36	1	1	34	2.55148e-05	39193	1	FALSE	NA	NA	NA	NA	NA	NA
NC_045512.2	4832	C	T	38732	21486	36	1	0	34	2.58164e-05	38735	1	FALSE	NA	NA	NA	NA	NA	NA
NC_045512.2	4832	C	G	38732	21486	36	1	0	34	2.58164e-05	38735	1	FALSE	NA	NA	NA	NA	NA	NA
NC_045512.2	4832	C	A	38732	21486	36	1	0	34	2.58164e-05	38735	1	FALSE	NA	NA	NA	NA	NA	NA
NC_045512.2	4833	T	C	37900	20655	36	5	2	34	0.000131909	37905	1	FALSE	NA	NA	NA	NA	NA	NA
NC_045512.2	4834	A	G	38066	20837	36	7	5	38	0.000183848	38075	1	FALSE	NA	NA	NA	NA	NA	NA
NC_045512.2	4834	A	C	38066	20837	36	2	2	26	5.25279e-05	38075	1	FALSE	NA	NA	NA	NA	NA	NA
NC_045512.2	4835	G	T	37964	20530	36	1	0	34	2.63366e-05	37970	1	FALSE	NA	NA	NA	NA	NA	NA
NC_045512.2	4835	G	C	37964	20530	36	1	1	34	2.63366e-05	37970	1	FALSE	NA	NA	NA	NA	NA	NA
NC_045512.2	4835	G	A	37964	20530	36	4	0	26	0.000105346	37970	1	FALSE	NA	NA	NA	NA	NA	NA
NC_045512.2	4836	G	T	38841	20770	36	1	1	34	2.5742e-05	38847	1	FALSE	NA	NA	NA	NA	NA	NA
NC_045512.2	4836	G	C	38841	20770	36	1	0	34	2.5742e-05	38847	1	FALSE	NA	NA	NA	NA	NA	NA
NC_045512.2	4836	G	A	38841	20770	36	4	4	34	0.000102968	38847	1	FALSE	NA	NA	NA	NA	NA	NA
NC_045512.2	4837	T	C	38938	20857	36	2	2	34	5.13611e-05	38940	1	FALSE	NA	NA	NA	NA	NA	NA
NC_045512.2	4838	A	G	41093	23434	37	1	1	34	2.43339e-05	41095	1	FALSE	NA	NA	NA	NA	NA	NA
NC_045512.2	4838	A	C	41093	23434	37	1	0	27	2.43339e-05	41095	1	FALSE	NA	NA	NA	NA	NA	NA
NC_045512.2	4839	T	G	41192	23546	37	2	0	30	4.85484e-05	41196	1	FALSE	NA	NA	NA	NA	NA	NA
NC_045512.2	4839	T	C	41192	23546	37	2	1	34	4.85484e-05	41196	1	FALSE	NA	NA	NA	NA	NA	NA
NC_045512.2	4840	A	T	40726	23258	37	11	11	34	0.000269978	40744	0.999993	FALSE	NA	NA	NA	NA	NA	NA
NC_045512.2	4840	A	G	40726	23258	37	7	5	32	0.000171804	40744	1	FALSE	NA	NA	NA	NA	NA	NA
NC_045512.2	4841	G	C	40921	23239	37	1	1	34	2.44361e-05	40923	1	FALSE	NA	NA	NA	NA	NA	NA
NC_045512.2	4841	G	A	40921	23239	37	1	1	34	2.44361e-05	40923	1	FALSE	NA	NA	NA	NA	NA	NA
NC_045512.2	4842	A	C	43577	26236	37	2	2	30	4.58937e-05	43579	1	FALSE	NA	NA	NA	NA	NA	NA
NC_045512.2	4843	A	T	43891	26483	37	1	1	68	2.27811e-05	43896	0.499983	FALSE	NA	NA	NA	NA	NA	NA
NC_045512.2	4843	A	G	43891	26483	37	3	2	30	6.83434e-05	43896	1	FALSE	NA	NA	NA	NA	NA	NA
NC_045512.2	4843	A	C	43891	26483	37	1	1	34	2.27811e-05	43896	1	FALSE	NA	NA	NA	NA	NA	NA
NC_045512.2	4844	T	G	43564	26302	37	2	0	34	4.59063e-05	43567	1	FALSE	NA	NA	NA	NA	NA	NA
NC_045512.2	4844	T	C	43564	26302	37	1	0	34	2.29532e-05	43567	1	FALSE	NA	NA	NA	NA	NA	NA
NC_045512.2	4845	T	G	42592	25542	37	1	1	34	2.34758e-05	42597	1	FALSE	NA	NA	NA	NA	NA	NA
NC_045512.2	4845	T	C	42592	25542	37	2	1	34	4.69517e-05	42597	1	FALSE	NA	NA	NA	NA	NA	NA
NC_045512.2	4845	T	A	42592	25542	37	2	0	30	4.69517e-05	42597	1	FALSE	NA	NA	NA	NA	NA	NA
NC_045512.2	4846	T	C	42429	25011	37	8	4	33	0.000188515	42437	1	FALSE	NA	NA	NA	NA	NA	NA
NC_045512.2	4847	C	T	43195	25896	37	1	1	34	2.31503e-05	43196	1	FALSE	NA	NA	NA	NA	NA	NA
NC_045512.2	4847	C	-T	43195	25896	37	1	0	20	2.31503e-05	43196	1	FALSE	NA	NA	NA	NA	NA	NA
NC_045512.2	4848	T	G	43128	25800	37	1	0	34	2.31825e-05	43136	1	FALSE	NA	NA	NA	NA	NA	NA
NC_045512.2	4848	T	C	43128	25800	37	7	7	31	0.000162277	43136	1	FALSE	NA	NA	NA	NA	NA	NA
NC_045512.2	4849	T	C	43460	26094	37	1	1	34	2.30091e-05	43461	1	FALSE	NA	NA	NA	NA	NA	NA
NC_045512.2	4850	A	G	43327	26022	37	3	2	34	6.92361e-05	43330	1	FALSE	NA	NA	NA	NA	NA	NA
NC_045512.2	4851	A	G	43378	26061	37	2	1	30	4.61042e-05	43380	1	FALSE	NA	NA	NA	NA	NA	NA
NC_045512.2	4852	G	A	43419	26074	37	1	0	68	2.30309e-05	43420	0.500006	FALSE	NA	NA	NA	NA	NA	NA
NC_045512.2	4853	A	T	43046	26092	37	2	1	30	4.64522e-05	43055	1	FALSE	NA	NA	NA	NA	NA	NA
NC_045512.2	4853	A	G	43046	26092	37	6	4	34	0.000139357	43055	1	FALSE	NA	NA	NA	NA	NA	NA
NC_045512.2	4853	A	C	43046	26092	37	1	1	26	2.32261e-05	43055	1	FALSE	NA	NA	NA	NA	NA	NA
NC_045512.2	4854	G	+TCAA	43226	26070	37	1	0	20	2.31342e-05	43226	1	FALSE	NA	NA	NA	NA	NA	NA
NC_045512.2	4855	A	G	42358	25734	37	6	5	34	0.000141626	42365	1	FALSE	NA	NA	NA	NA	NA	NA
NC_045512.2	4855	A	C	42358	25734	37	1	1	46	2.36044e-05	42365	0.968744	FALSE	NA	NA	NA	NA	NA	NA
NC_045512.2	4856	G	A	42902	25701	37	4	4	34	9.32271e-05	42906	1	FALSE	NA	NA	NA	NA	NA	NA
NC_045512.2	4857	G	A	43282	25899	37	1	1	34	2.31038e-05	43283	1	FALSE	NA	NA	NA	NA	NA	NA
NC_045512.2	4858	T	C	43420	26165	37	4	4	34	9.2115e-05	43424	1	FALSE	NA	NA	NA	NA	NA	NA
NC_045512.2	4859	G	T	43139	25808	37	1	1	26	2.31793e-05	43142	1	FALSE	NA	NA	NA	NA	NA	NA
NC_045512.2	4859	G	C	43139	25808	37	2	2	30	4.63585e-05	43142	1	FALSE	NA	NA	NA	NA	NA	NA
NC_045512.2	4860	A	T	43531	26372	37	4	4	34	9.18759e-05	43537	1	FALSE	NA	NA	NA	NA	NA	NA
NC_045512.2	4860	A	G	43531	26372	37	1	1	34	2.2969e-05	43537	1	FALSE	NA	NA	NA	NA	NA	NA
NC_045512.2	4860	A	C	43531	26372	37	1	1	34	2.2969e-05	43537	1	FALSE	NA	NA	NA	NA	NA	NA
NC_045512.2	4861	T	C	42757	26683	37	3	1	42	7.01574e-05	42761	0.773447	FALSE	NA	NA	NA	NA	NA	NA
NC_045512.2	4861	T	A	42757	26683	37	1	0	26	2.33858e-05	42761	1	FALSE	NA	NA	NA	NA	NA	NA
NC_045512.2	4861	T	-A	42757	26683	37	3	0	20	7.01574e-05	42761	1	FALSE	NA	NA	NA	NA	NA	NA
NC_045512.2	4862	A	G	42577	26585	37	3	3	31	7.04556e-05	42580	1	FALSE	NA	NA	NA	NA	NA	NA
NC_045512.2	4863	A	T	42016	27098	37	1	1	26	2.37999e-05	42017	1	FALSE	NA	NA	NA	NA	NA	NA
NC_045512.2	4864	A	G	41779	27087	37	2	1	51	4.78675e-05	41782	0.249997	FALSE	NA	NA	NA	NA	NA	NA
NC_045512.2	4864	A	C	41779	27087	37	1	1	26	2.39338e-05	41782	1	FALSE	NA	NA	NA	NA	NA	NA
NC_045512.2	4865	A	G	41046	26367	37	4	2	34	9.74421e-05	41050	1	FALSE	NA	NA	NA	NA	NA	NA
NC_045512.2	4866	G	A	41293	26327	37	70	49	39	0.00169233	41363	0.00377379	TRUE	NA	NA	NA	NA	NA	NA
NC_045512.2	4867	T	C	41400	26737	37	7	7	34	0.000169054	41407	1	FALSE	NA	NA	NA	NA	NA	NA
NC_045512.2	4868	G	T	41833	26731	37	1	1	34	2.39017e-05	41838	1	FALSE	NA	NA	NA	NA	NA	NA
NC_045512.2	4868	G	A	41833	26731	37	4	4	34	9.56069e-05	41838	1	FALSE	NA	NA	NA	NA	NA	NA
NC_045512.2	4869	T	C	41749	26720	37	5	5	34	0.000119749	41754	1	FALSE	NA	NA	NA	NA	NA	NA
NC_045512.2	4870	A	G	42872	27529	37	6	5	32	0.000139932	42878	1	FALSE	NA	NA	NA	NA	NA	NA
NC_045512.2	4871	T	C	41996	26605	36	1	0	34	2.38107e-05	41998	1	FALSE	NA	NA	NA	NA	NA	NA
NC_045512.2	4871	T	A	41996	26605	36	1	1	34	2.38107e-05	41998	1	FALSE	NA	NA	NA	NA	NA	NA
NC_045512.2	4872	A	T	42809	27452	37	1	0	34	2.33568e-05	42814	1	FALSE	NA	NA	NA	NA	NA	NA
NC_045512.2	4872	A	G	42809	27452	37	4	4	42	9.34274e-05	42814	0.636725	FALSE	NA	NA	NA	NA	NA	NA
NC_045512.2	4873	T	C	47870	33248	38	3	1	34	6.26619e-05	47876	1	FALSE	NA	NA	NA	NA	NA	NA
NC_045512.2	4873	T	A	47870	33248	38	3	2	31	6.26619e-05	47876	1	FALSE	NA	NA	NA	NA	NA	NA
NC_045512.2	4874	T	G	48258	33741	38	1	0	34	2.07202e-05	48262	1	FALSE	NA	NA	NA	NA	NA	NA
NC_045512.2	4874	T	C	48258	33741	38	2	1	34	4.14405e-05	48262	1	FALSE	NA	NA	NA	NA	NA	NA
NC_045512.2	4874	T	A	48258	33741	38	1	1	26	2.07202e-05	48262	1	FALSE	NA	NA	NA	NA	NA	NA
NC_045512.2	4875	A	T	49592	35668	38	2	2	34	4.03242e-05	49598	1	FALSE	NA	NA	NA	NA	NA	NA
NC_045512.2	4875	A	G	49592	35668	38	2	2	51	4.03242e-05	49598	0.249982	FALSE	NA	NA	NA	NA	NA	NA
NC_045512.2	4875	A	C	49592	35668	38	2	2	34	4.03242e-05	49598	1	FALSE	NA	NA	NA	NA	NA	NA
NC_045512.2	4876	C	T	49612	36290	38	7	7	34	0.000141075	49619	1	FALSE	NA	NA	NA	NA	NA	NA
NC_045512.2	4877	A	G	48884	35612	38	1	1	34	2.04562e-05	48885	1	FALSE	NA	NA	NA	NA	NA	NA
NC_045512.2	4878	C	T	49370	35942	38	2	2	34	4.05071e-05	49374	1	FALSE	NA	NA	NA	NA	NA	NA
NC_045512.2	4878	C	G	49370	35942	38	1	0	34	2.02536e-05	49374	1	FALSE	NA	NA	NA	NA	NA	NA
NC_045512.2	4878	C	A	49370	35942	38	1	1	34	2.02536e-05	49374	1	FALSE	NA	NA	NA	NA	NA	NA
NC_045512.2	4879	T	G	48043	34623	38	1	0	34	2.08134e-05	48046	1	FALSE	NA	NA	NA	NA	NA	NA
NC_045512.2	4879	T	C	48043	34623	38	2	2	29	4.16268e-05	48046	1	FALSE	NA	NA	NA	NA	NA	NA
NC_045512.2	4880	A	G	48033	34511	38	3	2	31	6.24532e-05	48036	1	FALSE	NA	NA	NA	NA	NA	NA
NC_045512.2	4881	G	T	48013	34552	38	3	3	34	6.24779e-05	48017	1	FALSE	NA	NA	NA	NA	NA	NA
NC_045512.2	4881	G	C	48013	34552	38	1	1	34	2.0826e-05	48017	1	FALSE	NA	NA	NA	NA	NA	NA
NC_045512.2	4882	T	C	48269	34979	38	4	4	34	8.28621e-05	48273	1	FALSE	NA	NA	NA	NA	NA	NA
NC_045512.2	4882	T	-A	48269	34979	38	1	0	20	2.07155e-05	48273	1	FALSE	NA	NA	NA	NA	NA	NA
NC_045512.2	4883	A	G	52601	40420	39	3	3	31	5.70288e-05	52605	1	FALSE	NA	NA	NA	NA	NA	NA
NC_045512.2	4883	A	C	52601	40420	39	1	1	34	1.90096e-05	52605	1	FALSE	NA	NA	NA	NA	NA	NA
NC_045512.2	4884	A	G	52569	40410	39	3	1	34	5.70603e-05	52576	1	FALSE	NA	NA	NA	NA	NA	NA
NC_045512.2	4884	A	C	52569	40410	39	4	3	30	7.60803e-05	52576	1	FALSE	NA	NA	NA	NA	NA	NA
NC_045512.2	4885	T	C	52904	40491	39	4	3	34	7.56015e-05	52909	1	FALSE	NA	NA	NA	NA	NA	NA
NC_045512.2	4885	T	A	52904	40491	39	1	1	34	1.89004e-05	52909	1	FALSE	NA	NA	NA	NA	NA	NA
NC_045512.2	4886	C	T	53305	41065	39	5	4	34	9.37858e-05	53313	1	FALSE	NA	NA	NA	NA	NA	NA
NC_045512.2	4886	C	G	53305	41065	39	3	1	31	5.62715e-05	53313	1	FALSE	NA	NA	NA	NA	NA	NA
NC_045512.2	4887	C	T	51791	39600	39	1	1	34	1.93076e-05	51793	1	FALSE	NA	NA	NA	NA	NA	NA
NC_045512.2	4887	C	G	51791	39600	39	1	1	34	1.93076e-05	51793	1	FALSE	NA	NA	NA	NA	NA	NA
NC_045512.2	4888	T	C	52273	40197	39	3	3	34	5.73866e-05	52277	1	FALSE	NA	NA	NA	NA	NA	NA
NC_045512.2	4888	T	A	52273	40197	39	1	0	34	1.91289e-05	52277	1	FALSE	NA	NA	NA	NA	NA	NA
NC_045512.2	4889	A	G	52362	40194	39	1	0	26	1.90967e-05	52365	1	FALSE	NA	NA	NA	NA	NA	NA
NC_045512.2	4889	A	C	52362	40194	39	2	1	30	3.81934e-05	52365	1	FALSE	NA	NA	NA	NA	NA	NA
NC_045512.2	4890	C	T	53939	42387	39	3	2	45	5.56143e-05	53943	0.855478	FALSE	NA	NA	NA	NA	NA	NA
NC_045512.2	4890	C	A	53939	42387	39	1	0	24	1.85381e-05	53943	1	FALSE	NA	NA	NA	NA	NA	NA
NC_045512.2	4891	C	T	54298	43281	39	9	9	34	0.000165706	54313	1	FALSE	NA	NA	NA	NA	NA	NA
NC_045512.2	4891	C	G	54298	43281	39	3	0	28	5.52354e-05	54313	1	FALSE	NA	NA	NA	NA	NA	NA
NC_045512.2	4891	C	A	54298	43281	39	3	2	56	5.52354e-05	54313	0.124959	FALSE	NA	NA	NA	NA	NA	NA
NC_045512.2	4892	A	T	54244	43150	39	3	0	68	5.52934e-05	54256	0.124969	FALSE	NA	NA	NA	NA	NA	NA
NC_045512.2	4892	A	G	54244	43150	39	9	8	33	0.00016588	54256	1	FALSE	NA	NA	NA	NA	NA	NA
NC_045512.2	4894	A	T	54881	44060	39	2	2	30	3.64345e-05	54893	1	FALSE	NA	NA	NA	NA	NA	NA
NC_045512.2	4894	A	G	54881	44060	39	3	3	56	5.46518e-05	54893	0.124969	FALSE	NA	NA	NA	NA	NA	NA
NC_045512.2	4894	A	C	54881	44060	39	7	7	30	0.000127521	54893	1	FALSE	NA	NA	NA	NA	NA	NA
NC_045512.2	4895	T	C	55581	45177	39	8	6	35	0.000143913	55589	1	FALSE	NA	NA	NA	NA	NA	NA
NC_045512.2	4896	T	C	55416	45558	39	6	4	31	0.00010826	55422	1	FALSE	NA	NA	NA	NA	NA	NA
NC_045512.2	4897	C	T	55414	45601	39	2	1	30	3.60894e-05	55418	1	FALSE	NA	NA	NA	NA	NA	NA
NC_045512.2	4897	C	G	55414	45601	39	1	1	24	1.80447e-05	55418	1	FALSE	NA	NA	NA	NA	NA	NA
NC_045512.2	4897	C	A	55414	45601	39	1	1	34	1.80447e-05	55418	1	FALSE	NA	NA	NA	NA	NA	NA
NC_045512.2	4898	C	T	55197	45345	39	5	4	39	9.05764e-05	55202	1	FALSE	NA	NA	NA	NA	NA	NA
NC_045512.2	4899	A	T	55117	45314	39	3	3	34	5.44247e-05	55122	1	FALSE	NA	NA	NA	NA	NA	NA
NC_045512.2	4899	A	G	55117	45314	39	2	2	34	3.62832e-05	55122	1	FALSE	NA	NA	NA	NA	NA	NA
NC_045512.2	4900	C	T	63978	55835	40	2	2	40	3.12588e-05	63982	0.964846	FALSE	NA	NA	NA	NA	NA	NA
NC_045512.2	4900	C	A	63978	55835	40	2	2	34	3.12588e-05	63982	1	FALSE	NA	NA	NA	NA	NA	NA
NC_045512.2	4901	C	T	64042	56336	40	2	0	68	3.12271e-05	64047	0.24999	FALSE	NA	NA	NA	NA	NA	NA
NC_045512.2	4901	C	A	64042	56336	40	3	3	34	4.68406e-05	64047	1	FALSE	NA	NA	NA	NA	NA	NA
NC_045512.2	4902	T	G	61979	54311	39	2	2	30	3.22622e-05	61992	1	FALSE	NA	NA	NA	NA	NA	NA
NC_045512.2	4902	T	C	61979	54311	39	9	9	41	0.00014518	61992	0.303575	FALSE	NA	NA	NA	NA	NA	NA
NC_045512.2	4902	T	A	61979	54311	39	2	1	30	3.22622e-05	61992	1	FALSE	NA	NA	NA	NA	NA	NA
NC_045512.2	4903	A	T	63631	55961	40	1	1	34	1.57141e-05	63637	1	FALSE	NA	NA	NA	NA	NA	NA
NC_045512.2	4903	A	G	63631	55961	40	4	3	42	6.28565e-05	63637	0.828128	FALSE	NA	NA	NA	NA	NA	NA
NC_045512.2	4903	A	C	63631	55961	40	1	1	34	1.57141e-05	63637	1	FALSE	NA	NA	NA	NA	NA	NA
NC_045512.2	4904	G	C	63722	56042	40	3	3	31	4.70758e-05	63727	1	FALSE	NA	NA	NA	NA	NA	NA
NC_045512.2	4904	G	A	63722	56042	40	2	2	64	3.13839e-05	63727	0.24999	FALSE	NA	NA	NA	NA	NA	NA
NC_045512.2	4905	A	T	64059	56423	40	1	1	26	1.56096e-05	64063	1	FALSE	NA	NA	NA	NA	NA	NA
NC_045512.2	4905	A	G	64059	56423	40	3	2	30	4.68289e-05	64063	1	FALSE	NA	NA	NA	NA	NA	NA
NC_045512.2	4906	T	C	63848	56216	40	2	2	34	3.13234e-05	63850	1	FALSE	NA	NA	NA	NA	NA	NA
NC_045512.2	4907	G	T	63258	55656	40	4	4	34	6.32271e-05	63264	1	FALSE	NA	NA	NA	NA	NA	NA
NC_045512.2	4907	G	A	63258	55656	40	2	1	51	3.16136e-05	63264	0.249986	FALSE	NA	NA	NA	NA	NA	NA
NC_045512.2	4908	G	C	64523	58355	39	1	1	34	1.54979e-05	64525	1	FALSE	NA	NA	NA	NA	NA	NA
NC_045512.2	4908	G	A	64523	58355	39	1	1	34	1.54979e-05	64525	1	FALSE	NA	NA	NA	NA	NA	NA
NC_045512.2	4909	T	G	63325	57305	39	5	4	47	7.89341e-05	63344	0.725479	FALSE	NA	NA	NA	NA	NA	NA
NC_045512.2	4909	T	C	63325	57305	39	13	11	37	0.000205229	63344	1	FALSE	NA	NA	NA	NA	NA	NA
NC_045512.2	4909	T	A	63325	57305	39	1	0	34	1.57868e-05	63344	1	FALSE	NA	NA	NA	NA	NA	NA
NC_045512.2	4909	T	-GAAGTTATCACCTTTGACA	63325	57305	39	1	0	20	1.57868e-05	63344	1	FALSE	NA	NA	NA	NA	NA	NA
NC_045512.2	4910	G	T	63192	57169	39	3	3	34	4.74691e-05	63199	1	FALSE	NA	NA	NA	NA	NA	NA
NC_045512.2	4910	G	A	63192	57169	39	4	4	42	6.32921e-05	63199	0.828115	FALSE	NA	NA	NA	NA	NA	NA
NC_045512.2	4911	A	T	63911	58039	39	3	3	28	4.69337e-05	63920	1	FALSE	NA	NA	NA	NA	NA	NA
NC_045512.2	4911	A	G	63911	58039	39	3	3	34	4.69337e-05	63920	1	FALSE	NA	NA	NA	NA	NA	NA
NC_045512.2	4911	A	C	63911	58039	39	3	3	34	4.69337e-05	63920	1	FALSE	NA	NA	NA	NA	NA	NA
NC_045512.2	4912	A	T	64057	58316	39	1	1	34	1.56094e-05	64064	1	FALSE	NA	NA	NA	NA	NA	NA
NC_045512.2	4912	A	G	64057	58316	39	6	4	41	9.36563e-05	64064	0.612788	FALSE	NA	NA	NA	NA	NA	NA
NC_045512.2	4913	G	C	63958	58927	39	1	1	34	1.56343e-05	63962	1	FALSE	NA	NA	NA	NA	NA	NA
NC_045512.2	4913	G	A	63958	58927	39	3	3	34	4.69028e-05	63962	1	FALSE	NA	NA	NA	NA	NA	NA
NC_045512.2	4913	G	-T	63958	58927	39	1	0	20	1.5634e-05	63963	1	FALSE	NA	NA	NA	NA	NA	NA
NC_045512.2	4914	T	C	63505	58479	39	5	5	32	7.87278e-05	63510	1	FALSE	NA	NA	NA	NA	NA	NA
NC_045512.2	4915	T	C	62945	57922	38	5	5	32	7.94281e-05	62950	1	FALSE	NA	NA	NA	NA	NA	NA
NC_045512.2	4916	A	T	63463	58452	39	1	1	24	1.57555e-05	63470	1	FALSE	NA	NA	NA	NA	NA	NA
NC_045512.2	4916	A	G	63463	58452	39	5	4	40	7.87774e-05	63470	0.725577	FALSE	NA	NA	NA	NA	NA	NA
NC_045512.2	4916	A	C	63463	58452	39	1	1	26	1.57555e-05	63470	1	FALSE	NA	NA	NA	NA	NA	NA
NC_045512.2	4917	T	C	62883	57876	39	9	7	41	0.0001431	62893	0.303598	FALSE	NA	NA	NA	NA	NA	NA
NC_045512.2	4917	T	A	62883	57876	39	1	1	68	1.59e-05	62893	0.499964	FALSE	NA	NA	NA	NA	NA	NA
NC_045512.2	4918	C	T	63204	58294	39	4	4	42	6.32821e-05	63209	0.828128	FALSE	NA	NA	NA	NA	NA	NA
NC_045512.2	4918	C	A	63204	58294	39	1	1	26	1.58205e-05	63209	1	FALSE	NA	NA	NA	NA	NA	NA
NC_045512.2	4919	A	G	63124	58212	39	5	5	47	7.92016e-05	63130	0.725586	FALSE	NA	NA	NA	NA	NA	NA
NC_045512.2	4919	A	C	63124	58212	39	1	1	34	1.58403e-05	63130	1	FALSE	NA	NA	NA	NA	NA	NA
NC_045512.2	4920	C	+CTTTGA	62971	58118	38	6	0	20	9.52804e-05	62972	1	FALSE	NA	NA	NA	NA	NA	NA
NC_045512.2	4921	C	A	62898	58501	38	1	1	34	1.58985e-05	62899	1	FALSE	NA	NA	NA	NA	NA	NA
NC_045512.2	4922	T	G	61134	56766	38	3	3	31	4.90629e-05	61146	1	FALSE	NA	NA	NA	NA	NA	NA
NC_045512.2	4922	T	C	61134	56766	38	8	8	38	0.000130834	61146	1	FALSE	NA	NA	NA	NA	NA	NA
NC_045512.2	4922	T	A	61134	56766	38	1	1	34	1.63543e-05	61146	1	FALSE	NA	NA	NA	NA	NA	NA
NC_045512.2	4923	T	G	61098	56735	38	1	1	34	1.63642e-05	61109	1	FALSE	NA	NA	NA	NA	NA	NA
NC_045512.2	4923	T	C	61098	56735	38	9	9	33	0.000147278	61109	1	FALSE	NA	NA	NA	NA	NA	NA
NC_045512.2	4923	T	A	61098	56735	38	1	1	34	1.63642e-05	61109	1	FALSE	NA	NA	NA	NA	NA	NA
NC_045512.2	4924	T	C	61649	57285	38	3	3	45	4.86602e-05	61652	0.910164	FALSE	NA	NA	NA	NA	NA	NA
NC_045512.2	4925	G	T	61608	57626	38	1	1	34	1.62311e-05	61610	1	FALSE	NA	NA	NA	NA	NA	NA
NC_045512.2	4925	G	A	61608	57626	38	1	1	34	1.62311e-05	61610	1	FALSE	NA	NA	NA	NA	NA	NA
NC_045512.2	4926	A	G	61483	57508	38	3	3	34	4.87908e-05	61487	1	FALSE	NA	NA	NA	NA	NA	NA
NC_045512.2	4926	A	C	61483	57508	38	1	1	34	1.62636e-05	61487	1	FALSE	NA	NA	NA	NA	NA	NA
NC_045512.2	4927	C	T	61526	57643	38	2	2	34	3.2505e-05	61529	1	FALSE	NA	NA	NA	NA	NA	NA
NC_045512.2	4927	C	G	61526	57643	38	1	1	34	1.62525e-05	61529	1	FALSE	NA	NA	NA	NA	NA	NA
NC_045512.2	4928	A	T	59367	55515	38	8	8	32	0.00013471	59387	1	FALSE	NA	NA	NA	NA	NA	NA
NC_045512.2	4928	A	G	59367	55515	38	6	5	36	0.000101032	59387	1	FALSE	NA	NA	NA	NA	NA	NA
NC_045512.2	4928	A	C	59367	55515	38	6	6	32	0.000101032	59387	1	FALSE	NA	NA	NA	NA	NA	NA
NC_045512.2	4929	A	T	58497	54650	37	4	4	32	6.8362e-05	58512	1	FALSE	NA	NA	NA	NA	NA	NA
NC_045512.2	4929	A	G	58497	54650	37	2	2	34	3.4181e-05	58512	1	FALSE	NA	NA	NA	NA	NA	NA
NC_045512.2	4929	A	C	58497	54650	37	9	9	34	0.000153815	58512	1	FALSE	NA	NA	NA	NA	NA	NA
NC_045512.2	4930	T	C	55370	51801	36	5	5	34	9.02918e-05	55376	1	FALSE	NA	NA	NA	NA	NA	NA
NC_045512.2	4930	T	A	55370	51801	36	1	1	26	1.80584e-05	55376	1	FALSE	NA	NA	NA	NA	NA	NA
NC_045512.2	4931	C	T	58729	55339	37	5	5	32	8.51296e-05	58734	1	FALSE	NA	NA	NA	NA	NA	NA
NC_045512.2	4932	T	C	56401	53010	37	4	3	34	7.09157e-05	56405	1	FALSE	NA	NA	NA	NA	NA	NA
NC_045512.2	4933	T	C	57947	54559	37	11	10	33	0.000189789	57959	1	FALSE	NA	NA	NA	NA	NA	NA
NC_045512.2	4933	T	A	57947	54559	37	1	1	34	1.72536e-05	57959	1	FALSE	NA	NA	NA	NA	NA	NA
NC_045512.2	4934	A	T	58495	55115	37	3	2	42	5.12759e-05	58507	0.855432	FALSE	NA	NA	NA	NA	NA	NA
NC_045512.2	4934	A	G	58495	55115	37	8	8	34	0.000136736	58507	1	FALSE	NA	NA	NA	NA	NA	NA
NC_045512.2	4934	A	C	58495	55115	37	1	1	34	1.7092e-05	58507	1	FALSE	NA	NA	NA	NA	NA	NA
NC_045512.2	4935	A	G	58541	55195	37	6	6	29	0.00010248	58548	1	FALSE	NA	NA	NA	NA	NA	NA
NC_045512.2	4935	A	C	58541	55195	37	1	1	34	1.708e-05	58548	1	FALSE	NA	NA	NA	NA	NA	NA
NC_045512.2	4936	G	T	58509	55229	37	2	2	34	3.41804e-05	58513	1	FALSE	NA	NA	NA	NA	NA	NA
NC_045512.2	4936	G	C	58509	55229	37	2	2	34	3.41804e-05	58513	1	FALSE	NA	NA	NA	NA	NA	NA
NC_045512.2	4937	A	T	58292	55410	36	3	3	34	5.14589e-05	58299	1	FALSE	NA	NA	NA	NA	NA	NA
NC_045512.2	4937	A	G	58292	55410	36	3	3	34	5.14589e-05	58299	1	FALSE	NA	NA	NA	NA	NA	NA
NC_045512.2	4937	A	C	58292	55410	36	1	1	34	1.7153e-05	58299	1	FALSE	NA	NA	NA	NA	NA	NA
NC_045512.2	4938	C	T	58296	55416	37	3	3	34	5.14571e-05	58301	1	FALSE	NA	NA	NA	NA	NA	NA
NC_045512.2	4938	C	G	58296	55416	37	1	1	34	1.71524e-05	58301	1	FALSE	NA	NA	NA	NA	NA	NA
NC_045512.2	4938	C	A	58296	55416	37	1	1	34	1.71524e-05	58301	1	FALSE	NA	NA	NA	NA	NA	NA
NC_045512.2	4939	A	T	54639	51799	37	8	8	31	0.000146389	54649	1	FALSE	NA	NA	NA	NA	NA	NA
NC_045512.2	4939	A	G	54639	51799	37	1	1	34	1.82986e-05	54649	1	FALSE	NA	NA	NA	NA	NA	NA
NC_045512.2	4939	A	C	54639	51799	37	1	1	68	1.82986e-05	54649	0.499963	FALSE	NA	NA	NA	NA	NA	NA
NC_045512.2	4940	C	T	54631	51820	37	2	2	34	3.66079e-05	54633	1	FALSE	NA	NA	NA	NA	NA	NA
NC_045512.2	4941	T	G	51328	48543	37	1	1	34	1.94795e-05	51336	1	FALSE	NA	NA	NA	NA	NA	NA
NC_045512.2	4941	T	C	51328	48543	37	7	7	31	0.000136357	51336	1	FALSE	NA	NA	NA	NA	NA	NA
NC_045512.2	4942	T	C	50298	47511	36	6	6	34	0.000119272	50305	1	FALSE	NA	NA	NA	NA	NA	NA
NC_045512.2	4942	T	A	50298	47511	36	1	1	34	1.98787e-05	50305	1	FALSE	NA	NA	NA	NA	NA	NA
NC_045512.2	4944	T	G	51206	48445	37	1	1	34	1.95263e-05	51213	1	FALSE	NA	NA	NA	NA	NA	NA
NC_045512.2	4944	T	C	51206	48445	37	6	6	34	0.000117158	51213	1	FALSE	NA	NA	NA	NA	NA	NA
NC_045512.2	4945	T	C	51204	48445	37	5	5	34	9.76391e-05	51209	1	FALSE	NA	NA	NA	NA	NA	NA
NC_045512.2	4946	T	C	50465	47712	36	1	1	34	1.98153e-05	50466	1	FALSE	NA	NA	NA	NA	NA	NA
NC_045512.2	4947	C	T	51010	48488	37	1	1	34	1.96036e-05	51011	1	FALSE	NA	NA	NA	NA	NA	NA
NC_045512.2	4948	T	C	50158	47639	36	4	3	42	7.97416e-05	50162	0.746113	FALSE	NA	NA	NA	NA	NA	NA
NC_045512.2	4949	T	C	50485	47970	37	10	10	34	0.000198039	50495	1	FALSE	NA	NA	NA	NA	NA	NA
NC_045512.2	4950	T	C	50387	47913	37	5	5	34	9.92221e-05	50392	1	FALSE	NA	NA	NA	NA	NA	NA
NC_045512.2	4951	G	A	50387	47920	37	5	5	34	9.92221e-05	50392	1	FALSE	NA	NA	NA	NA	NA	NA
NC_045512.2	4952	A	G	50374	47913	37	2	1	51	3.97014e-05	50376	0.250002	FALSE	NA	NA	NA	NA	NA	NA
NC_045512.2	4953	G	T	50331	47871	37	1	1	34	1.98677e-05	50333	1	FALSE	NA	NA	NA	NA	NA	NA
NC_045512.2	4953	G	A	50331	47871	37	1	1	26	1.98677e-05	50333	1	FALSE	NA	NA	NA	NA	NA	NA
NC_045512.2	4954	A	T	50245	47801	37	1	1	34	1.98989e-05	50254	1	FALSE	NA	NA	NA	NA	NA	NA
NC_045512.2	4954	A	G	50245	47801	37	7	6	37	0.000139292	50254	1	FALSE	NA	NA	NA	NA	NA	NA
NC_045512.2	4954	A	C	50245	47801	37	1	1	34	1.98989e-05	50254	1	FALSE	NA	NA	NA	NA	NA	NA
NC_045512.2	4955	G	T	50173	47734	37	1	1	34	1.99306e-05	50174	1	FALSE	NA	NA	NA	NA	NA	NA
NC_045512.2	4955	G	-A	50173	47734	37	1	0	20	1.99306e-05	50174	1	FALSE	NA	NA	NA	NA	NA	NA
NC_045512.2	4956	A	T	50008	47617	36	1	1	34	1.99948e-05	50013	1	FALSE	NA	NA	NA	NA	NA	NA
NC_045512.2	4956	A	G	50008	47617	36	4	4	31	7.99792e-05	50013	1	FALSE	NA	NA	NA	NA	NA	NA
NC_045512.2	4956	A	+AGTG	50008	47617	36	5	0	20	9.9972e-05	50014	1	FALSE	NA	NA	NA	NA	NA	NA
NC_045512.2	4957	A	G	50035	47749	36	3	3	31	5.99508e-05	50041	1	FALSE	NA	NA	NA	NA	NA	NA
NC_045512.2	4957	A	C	50035	47749	36	3	3	34	5.99508e-05	50041	1	FALSE	NA	NA	NA	NA	NA	NA
NC_045512.2	4958	G	C	62339	48414	36	6	3	32	9.6231e-05	62350	1	FALSE	NA	NA	NA	NA	NA	NA
NC_045512.2	4958	G	A	62339	48414	36	5	5	34	8.01925e-05	62350	1	FALSE	NA	NA	NA	NA	NA	NA
NC_045512.2	4959	T	G	60945	47101	36	1	1	34	1.64061e-05	60953	1	FALSE	NA	NA	NA	NA	NA	NA
NC_045512.2	4959	T	C	60945	47101	36	5	4	40	8.20304e-05	60953	0.725577	FALSE	NA	NA	NA	NA	NA	NA
NC_045512.2	4959	T	A	60945	47101	36	2	2	34	3.28122e-05	60953	1	FALSE	NA	NA	NA	NA	NA	NA
NC_045512.2	4960	G	A	61006	46943	36	4	3	31	6.5563e-05	61010	1	FALSE	NA	NA	NA	NA	NA	NA
NC_045512.2	4961	A	T	60353	46450	36	4	2	34	6.62559e-05	60372	1	FALSE	NA	NA	NA	NA	NA	NA
NC_045512.2	4961	A	G	60353	46450	36	11	7	32	0.000182204	60372	1	FALSE	NA	NA	NA	NA	NA	NA
NC_045512.2	4961	A	C	60353	46450	36	4	4	30	6.62559e-05	60372	1	FALSE	NA	NA	NA	NA	NA	NA
NC_045512.2	4962	G	T	61424	46216	36	5	5	34	8.13921e-05	61431	1	FALSE	NA	NA	NA	NA	NA	NA
NC_045512.2	4962	G	C	61424	46216	36	1	1	34	1.62784e-05	61431	1	FALSE	NA	NA	NA	NA	NA	NA
NC_045512.2	4962	G	A	61424	46216	36	1	1	34	1.62784e-05	61431	1	FALSE	NA	NA	NA	NA	NA	NA
NC_045512.2	4963	G	C	61618	46310	36	2	2	30	3.24559e-05	61622	1	FALSE	NA	NA	NA	NA	NA	NA
NC_045512.2	4963	G	A	61618	46310	36	2	2	34	3.24559e-05	61622	1	FALSE	NA	NA	NA	NA	NA	NA
NC_045512.2	4964	A	T	61101	45981	36	4	3	42	6.54504e-05	61115	0.828075	FALSE	NA	NA	NA	NA	NA	NA
NC_045512.2	4964	A	G	61101	45981	36	7	6	32	0.000114538	61115	1	FALSE	NA	NA	NA	NA	NA	NA
NC_045512.2	4964	A	C	61101	45981	36	3	3	31	4.90878e-05	61115	1	FALSE	NA	NA	NA	NA	NA	NA
NC_045512.2	4965	C	T	70459	46293	35	1	1	34	1.41906e-05	70469	1	FALSE	NA	NA	NA	NA	NA	NA
NC_045512.2	4965	C	G	70459	46293	35	4	0	30	5.67625e-05	70469	1	FALSE	NA	NA	NA	NA	NA	NA
NC_045512.2	4965	C	A	70459	46293	35	5	5	34	7.09532e-05	70469	1	FALSE	NA	NA	NA	NA	NA	NA
NC_045512.2	4966	T	C	67836	43516	35	7	5	33	0.000103176	67845	1	FALSE	NA	NA	NA	NA	NA	NA
NC_045512.2	4966	T	A	67836	43516	35	2	0	34	2.9479e-05	67845	1	FALSE	NA	NA	NA	NA	NA	NA
NC_045512.2	4967	A	T	71866	44818	35	1	0	34	1.39127e-05	71877	1	FALSE	NA	NA	NA	NA	NA	NA
NC_045512.2	4967	A	G	71866	44818	35	9	2	34	0.000125214	71877	1	FALSE	NA	NA	NA	NA	NA	NA
NC_045512.2	4967	A	C	71866	44818	35	1	1	34	1.39127e-05	71877	1	FALSE	NA	NA	NA	NA	NA	NA
NC_045512.2	4967	A	-T	71866	44818	35	1	0	20	1.39127e-05	71877	1	FALSE	NA	NA	NA	NA	NA	NA
NC_045512.2	4968	T	G	71694	44539	35	2	0	34	2.78928e-05	71703	1	FALSE	NA	NA	NA	NA	NA	NA
NC_045512.2	4968	T	C	71694	44539	35	3	1	43	4.18393e-05	71703	0.945304	FALSE	NA	NA	NA	NA	NA	NA
NC_045512.2	4968	T	A	71694	44539	35	4	0	28	5.57857e-05	71703	1	FALSE	NA	NA	NA	NA	NA	NA
NC_045512.2	4969	T	C	71786	44793	35	5	3	32	6.96437e-05	71794	1	FALSE	NA	NA	NA	NA	NA	NA
NC_045512.2	4969	T	A	71786	44793	35	3	2	38	4.17862e-05	71794	1	FALSE	NA	NA	NA	NA	NA	NA
NC_045512.2	4969	T	-A	71786	44793	35	2	0	20	2.78575e-05	71794	1	FALSE	NA	NA	NA	NA	NA	NA
NC_045512.2	4970	A	T	71859	44865	35	4	4	34	5.56529e-05	71874	1	FALSE	NA	NA	NA	NA	NA	NA
NC_045512.2	4970	A	G	71859	44865	35	8	4	34	0.000111306	71874	1	FALSE	NA	NA	NA	NA	NA	NA
NC_045512.2	4970	A	C	71859	44865	35	3	3	31	4.17397e-05	71874	1	FALSE	NA	NA	NA	NA	NA	NA
NC_045512.2	4971	A	T	70392	44438	34	8	6	34	0.000113627	70406	1	FALSE	NA	NA	NA	NA	NA	NA
NC_045512.2	4971	A	G	70392	44438	34	5	3	39	7.10167e-05	70406	1	FALSE	NA	NA	NA	NA	NA	NA
NC_045512.2	4971	A	C	70392	44438	34	1	0	34	1.42033e-05	70406	1	FALSE	NA	NA	NA	NA	NA	NA
NC_045512.2	4972	G	T	71394	44301	35	4	1	34	5.60216e-05	71401	1	FALSE	NA	NA	NA	NA	NA	NA
NC_045512.2	4972	G	C	71394	44301	35	3	2	28	4.20162e-05	71401	1	FALSE	NA	NA	NA	NA	NA	NA
NC_045512.2	4973	G	T	71857	44175	35	1	1	34	1.39154e-05	71863	1	FALSE	NA	NA	NA	NA	NA	NA
NC_045512.2	4973	G	C	71857	44175	35	1	0	34	1.39154e-05	71863	1	FALSE	NA	NA	NA	NA	NA	NA
NC_045512.2	4973	G	A	71857	44175	35	4	2	34	5.56615e-05	71863	1	FALSE	NA	NA	NA	NA	NA	NA
NC_045512.2	4974	T	G	63980	36550	35	1	0	26	1.56287e-05	63985	1	FALSE	NA	NA	NA	NA	NA	NA
NC_045512.2	4974	T	C	63980	36550	35	4	3	51	6.25147e-05	63985	0.0624971	FALSE	NA	NA	NA	NA	NA	NA
NC_045512.2	4975	G	C	69320	36649	35	7	7	30	0.000100965	69331	1	FALSE	NA	NA	NA	NA	NA	NA
NC_045512.2	4975	G	A	69320	36649	35	4	2	32	5.76942e-05	69331	1	FALSE	NA	NA	NA	NA	NA	NA
NC_045512.2	4975	G	-T	69320	36649	35	2	0	20	2.88471e-05	69331	1	FALSE	NA	NA	NA	NA	NA	NA
NC_045512.2	4976	T	C	60103	27805	33	6	3	34	9.98187e-05	60109	1	FALSE	NA	NA	NA	NA	NA	NA
NC_045512.2	4977	T	C	66987	34165	35	6	4	32	8.95576e-05	66996	1	FALSE	NA	NA	NA	NA	NA	NA
NC_045512.2	4977	T	A	66987	34165	35	3	0	42	4.47788e-05	66996	0.910145	FALSE	NA	NA	NA	NA	NA	NA
NC_045512.2	4978	T	C	67097	34154	35	12	7	36	0.000178811	67110	1	FALSE	NA	NA	NA	NA	NA	NA
NC_045512.2	4978	T	A	67097	34154	35	1	0	34	1.49009e-05	67110	1	FALSE	NA	NA	NA	NA	NA	NA
NC_045512.2	4979	A	T	66881	34180	34	2	2	30	2.99007e-05	66888	1	FALSE	NA	NA	NA	NA	NA	NA
NC_045512.2	4979	A	G	66881	34180	34	5	5	32	7.47518e-05	66888	1	FALSE	NA	NA	NA	NA	NA	NA
NC_045512.2	4980	C	T	67701	34469	35	3	3	42	4.43099e-05	67705	0.910164	FALSE	NA	NA	NA	NA	NA	NA
NC_045512.2	4980	C	A	67701	34469	35	1	0	34	1.477e-05	67705	1	FALSE	NA	NA	NA	NA	NA	NA
NC_045512.2	4981	A	G	67219	33976	35	5	4	34	7.43771e-05	67225	1	FALSE	NA	NA	NA	NA	NA	NA
NC_045512.2	4981	A	C	67219	33976	35	1	0	34	1.48754e-05	67225	1	FALSE	NA	NA	NA	NA	NA	NA
NC_045512.2	4982	A	G	68286	33482	35	19	5	34	0.00027816	68306	1	FALSE	NA	NA	NA	NA	NA	NA
NC_045512.2	4982	A	C	68286	33482	35	1	1	34	1.464e-05	68306	1	FALSE	NA	NA	NA	NA	NA	NA
NC_045512.2	4983	C	T	68634	33609	35	2	0	34	2.91384e-05	68638	1	FALSE	NA	NA	NA	NA	NA	NA
NC_045512.2	4983	C	G	68634	33609	35	1	0	26	1.45692e-05	68638	1	FALSE	NA	NA	NA	NA	NA	NA
NC_045512.2	4983	C	A	68634	33609	35	1	0	34	1.45692e-05	68638	1	FALSE	NA	NA	NA	NA	NA	NA
NC_045512.2	4984	A	T	62610	27416	35	1	1	26	1.59706e-05	62615	1	FALSE	NA	NA	NA	NA	NA	NA
NC_045512.2	4984	A	G	62610	27416	35	2	1	51	3.19412e-05	62615	0.24999	FALSE	NA	NA	NA	NA	NA	NA
NC_045512.2	4984	A	C	62610	27416	35	2	2	34	3.19412e-05	62615	1	FALSE	NA	NA	NA	NA	NA	NA
NC_045512.2	4985	G	T	63749	27395	35	1	0	34	1.56838e-05	63760	1	FALSE	NA	NA	NA	NA	NA	NA
NC_045512.2	4985	G	A	63749	27395	35	10	5	33	0.000156838	63760	1	FALSE	NA	NA	NA	NA	NA	NA
NC_045512.2	4986	T	C	62873	26752	34	4	1	34	6.36132e-05	62880	1	FALSE	NA	NA	NA	NA	NA	NA
NC_045512.2	4986	T	A	62873	26752	34	3	1	28	4.77099e-05	62880	1	FALSE	NA	NA	NA	NA	NA	NA
NC_045512.2	4986	T	-A	62873	26752	34	1	0	20	1.59033e-05	62880	1	FALSE	NA	NA	NA	NA	NA	NA
NC_045512.2	4987	A	G	63770	26860	35	9	5	34	0.000141112	63779	1	FALSE	NA	NA	NA	NA	NA	NA
NC_045512.2	4988	G	T	63827	26825	35	2	2	30	3.13308e-05	63835	1	FALSE	NA	NA	NA	NA	NA	NA
NC_045512.2	4988	G	C	63827	26825	35	4	0	34	6.26615e-05	63835	1	FALSE	NA	NA	NA	NA	NA	NA
NC_045512.2	4988	G	A	63827	26825	35	2	1	34	3.13308e-05	63835	1	FALSE	NA	NA	NA	NA	NA	NA
NC_045512.2	4989	A	T	62768	25816	34	2	0	51	3.18603e-05	62774	0.249986	FALSE	NA	NA	NA	NA	NA	NA
NC_045512.2	4989	A	G	62768	25816	34	4	3	34	6.37206e-05	62774	1	FALSE	NA	NA	NA	NA	NA	NA
NC_045512.2	4990	C	G	63638	25964	35	3	0	34	4.71372e-05	63644	1	FALSE	NA	NA	NA	NA	NA	NA
NC_045512.2	4990	C	A	63638	25964	35	3	2	31	4.71372e-05	63644	1	FALSE	NA	NA	NA	NA	NA	NA
NC_045512.2	4990	C	-A	63638	25964	35	3	0	20	4.71372e-05	63644	1	FALSE	NA	NA	NA	NA	NA	NA
NC_045512.2	4991	A	G	61152	23527	35	9	3	36	0.000147138	61167	1	FALSE	NA	NA	NA	NA	NA	NA
NC_045512.2	4991	A	C	61152	23527	35	6	1	34	9.80921e-05	61167	1	FALSE	NA	NA	NA	NA	NA	NA
NC_045512.2	4992	A	T	45612	1943	35	1	0	34	2.19226e-05	45615	1	FALSE	NA	NA	NA	NA	NA	NA
NC_045512.2	4992	A	G	45612	1943	35	2	0	34	4.38452e-05	45615	1	FALSE	NA	NA	NA	NA	NA	NA
NC_045512.2	4993	C	T	45867	1950	35	2	0	34	4.36005e-05	45871	1	FALSE	NA	NA	NA	NA	NA	NA
NC_045512.2	4993	C	G	45867	1950	35	1	0	26	2.18003e-05	45871	1	FALSE	NA	NA	NA	NA	NA	NA
NC_045512.2	4993	C	A	45867	1950	35	1	0	34	2.18003e-05	45871	1	FALSE	NA	NA	NA	NA	NA	NA
NC_045512.2	4993	C	-ATTA	45867	1950	35	1	0	20	2.18003e-05	45871	1	FALSE	NA	NA	NA	NA	NA	NA
NC_045512.2	4994	A	G	45844	1949	35	3	0	30	6.5435e-05	45847	1	FALSE	NA	NA	NA	NA	NA	NA
NC_045512.2	4995	T	G	45916	1952	35	1	0	26	2.1777e-05	45920	1	FALSE	NA	NA	NA	NA	NA	NA
NC_045512.2	4995	T	C	45916	1952	35	2	0	34	4.3554e-05	45920	1	FALSE	NA	NA	NA	NA	NA	NA
NC_045512.2	4995	T	A	45916	1952	35	1	0	26	2.1777e-05	45920	1	FALSE	NA	NA	NA	NA	NA	NA
NC_045512.2	4996	T	C	45885	1951	35	5	1	32	0.000108949	45893	1	FALSE	NA	NA	NA	NA	NA	NA
NC_045512.2	4996	T	A	45885	1951	35	3	0	31	6.53694e-05	45893	1	FALSE	NA	NA	NA	NA	NA	NA
NC_045512.2	4996	T	-A	45885	1951	35	1	0	20	2.17893e-05	45894	1	FALSE	NA	NA	NA	NA	NA	NA
NC_045512.2	4997	A	G	46034	1982	35	5	0	34	0.000108604	46039	1	FALSE	NA	NA	NA	NA	NA	NA
NC_045512.2	4998	A	G	45637	2083	34	1	0	34	2.19116e-05	45638	1	FALSE	NA	NA	NA	NA	NA	NA
NC_045512.2	4999	C	T	46387	2088	35	4	0	34	8.62143e-05	46396	1	FALSE	NA	NA	NA	NA	NA	NA
NC_045512.2	4999	C	A	46387	2088	35	5	0	29	0.000107768	46396	1	FALSE	NA	NA	NA	NA	NA	NA
NC_045512.2	5000	C	G	46385	2167	35	1	0	34	2.15578e-05	46387	1	FALSE	NA	NA	NA	NA	NA	NA
NC_045512.2	5000	C	A	46385	2167	35	1	0	34	2.15578e-05	46387	1	FALSE	NA	NA	NA	NA	NA	NA
NC_045512.2	5001	T	G	46461	2166	35	1	0	34	2.15169e-05	46475	1	FALSE	NA	NA	NA	NA	NA	NA
NC_045512.2	5001	T	C	46461	2166	35	8	0	37	0.000172136	46475	1	FALSE	NA	NA	NA	NA	NA	NA
NC_045512.2	5001	T	A	46461	2166	35	5	0	32	0.000107585	46475	1	FALSE	NA	NA	NA	NA	NA	NA
NC_045512.2	5002	C	T	46777	2173	35	5	0	34	0.000106876	46783	1	FALSE	NA	NA	NA	NA	NA	NA
NC_045512.2	5002	C	G	46777	2173	35	1	0	34	2.13753e-05	46783	1	FALSE	NA	NA	NA	NA	NA	NA
NC_045512.2	5003	C	T	46757	2189	35	1	0	34	2.13858e-05	46760	1	FALSE	NA	NA	NA	NA	NA	NA
NC_045512.2	5003	C	G	46757	2189	35	1	0	34	2.13858e-05	46760	1	FALSE	NA	NA	NA	NA	NA	NA
NC_045512.2	5003	C	A	46757	2189	35	1	0	34	2.13858e-05	46760	1	FALSE	NA	NA	NA	NA	NA	NA
NC_045512.2	5004	A	G	46861	2189	35	11	0	33	0.000234682	46872	1	FALSE	NA	NA	NA	NA	NA	NA
NC_045512.2	5005	C	T	47933	2319	35	3	0	34	6.25834e-05	47936	1	FALSE	NA	NA	NA	NA	NA	NA
NC_045512.2	5007	C	T	48392	2327	35	2	0	34	4.13266e-05	48395	1	FALSE	NA	NA	NA	NA	NA	NA
NC_045512.2	5007	C	G	48392	2327	35	1	0	26	2.06633e-05	48395	1	FALSE	NA	NA	NA	NA	NA	NA
NC_045512.2	5008	G	A	48259	2317	35	34	4	34	0.000704036	48293	0.951565	FALSE	NA	NA	NA	NA	NA	NA
NC_045512.2	5009	C	T	48519	2384	35	2	0	34	4.12159e-05	48525	1	FALSE	NA	NA	NA	NA	NA	NA
NC_045512.2	5009	C	A	48519	2384	35	4	0	34	8.24317e-05	48525	1	FALSE	NA	NA	NA	NA	NA	NA
NC_045512.2	5009	C	-A	48519	2384	35	1	0	20	2.06079e-05	48525	1	FALSE	NA	NA	NA	NA	NA	NA
NC_045512.2	5010	A	T	48554	2556	35	1	0	34	2.05944e-05	48557	1	FALSE	NA	NA	NA	NA	NA	NA
NC_045512.2	5010	A	G	48554	2556	35	2	0	34	4.11887e-05	48557	1	FALSE	NA	NA	NA	NA	NA	NA
NC_045512.2	5011	A	G	49036	2562	35	3	1	45	6.11758e-05	49039	0.773454	FALSE	NA	NA	NA	NA	NA	NA
NC_045512.2	5012	G	A	51652	2582	35	4	0	34	7.74353e-05	51656	1	FALSE	NA	NA	NA	NA	NA	NA
NC_045512.2	5013	T	C	51860	2586	35	1	0	24	1.92823e-05	51861	1	FALSE	NA	NA	NA	NA	NA	NA
NC_045512.2	5014	T	G	51969	2591	35	1	0	34	1.92415e-05	51971	1	FALSE	NA	NA	NA	NA	NA	NA
NC_045512.2	5014	T	C	51969	2591	35	1	0	34	1.92415e-05	51971	1	FALSE	NA	NA	NA	NA	NA	NA
NC_045512.2	5015	G	T	52921	2604	35	2	0	34	3.779e-05	52924	1	FALSE	NA	NA	NA	NA	NA	NA
NC_045512.2	5015	G	A	52921	2604	35	1	0	26	1.8895e-05	52924	1	FALSE	NA	NA	NA	NA	NA	NA
NC_045512.2	5016	T	C	52982	2844	35	8	0	33	0.000150969	52991	1	FALSE	NA	NA	NA	NA	NA	NA
NC_045512.2	5016	T	A	52982	2844	35	1	0	34	1.88711e-05	52991	1	FALSE	NA	NA	NA	NA	NA	NA
NC_045512.2	5016	T	+CC	52982	2844	35	2	0	20	3.77423e-05	52991	1	FALSE	NA	NA	NA	NA	NA	NA
NC_045512.2	5017	G	A	53878	2859	35	5	1	47	9.27936e-05	53883	0.623064	FALSE	NA	NA	NA	NA	NA	NA
NC_045512.2	5018	G	T	54064	2996	36	3	0	34	5.54847e-05	54069	1	FALSE	NA	NA	NA	NA	NA	NA
NC_045512.2	5018	G	A	54064	2996	36	2	0	34	3.69898e-05	54069	1	FALSE	NA	NA	NA	NA	NA	NA
NC_045512.2	5019	A	T	54107	2995	36	2	0	34	3.6957e-05	54117	1	FALSE	NA	NA	NA	NA	NA	NA
NC_045512.2	5019	A	G	54107	2995	36	8	0	33	0.000147828	54117	1	FALSE	NA	NA	NA	NA	NA	NA
NC_045512.2	5020	C	T	54193	3008	36	5	1	40	9.22526e-05	54199	0.623053	FALSE	NA	NA	NA	NA	NA	NA
NC_045512.2	5020	C	A	54193	3008	36	1	0	24	1.84505e-05	54199	1	FALSE	NA	NA	NA	NA	NA	NA
NC_045512.2	5021	A	T	54180	3007	36	1	0	34	1.84567e-05	54181	1	FALSE	NA	NA	NA	NA	NA	NA
NC_045512.2	5022	T	G	55072	3017	36	3	0	34	5.44613e-05	55085	1	FALSE	NA	NA	NA	NA	NA	NA
NC_045512.2	5022	T	C	55072	3017	36	10	0	34	0.000181538	55085	1	FALSE	NA	NA	NA	NA	NA	NA
NC_045512.2	5023	G	T	56244	3020	36	2	1	30	3.55556e-05	56250	1	FALSE	NA	NA	NA	NA	NA	NA
NC_045512.2	5023	G	C	56244	3020	36	1	0	34	1.77778e-05	56250	1	FALSE	NA	NA	NA	NA	NA	NA
NC_045512.2	5023	G	A	56244	3020	36	3	1	56	5.33333e-05	56250	0.12499	FALSE	NA	NA	NA	NA	NA	NA
NC_045512.2	5024	T	C	56370	3447	36	6	0	32	0.000106424	56378	1	FALSE	NA	NA	NA	NA	NA	NA
NC_045512.2	5024	T	A	56370	3447	36	2	0	34	3.54748e-05	56378	1	FALSE	NA	NA	NA	NA	NA	NA
NC_045512.2	5025	C	T	56478	3477	36	5	1	32	8.85191e-05	56485	1	FALSE	NA	NA	NA	NA	NA	NA
NC_045512.2	5025	C	G	56478	3477	36	1	0	34	1.77038e-05	56485	1	FALSE	NA	NA	NA	NA	NA	NA
NC_045512.2	5025	C	A	56478	3477	36	1	0	34	1.77038e-05	56485	1	FALSE	NA	NA	NA	NA	NA	NA
NC_045512.2	5026	A	T	56126	3474	36	3	1	31	5.34416e-05	56136	1	FALSE	NA	NA	NA	NA	NA	NA
NC_045512.2	5026	A	G	56126	3474	36	7	1	34	0.000124697	56136	1	FALSE	NA	NA	NA	NA	NA	NA
NC_045512.2	5027	A	G	50748	3487	34	3	0	31	5.9111e-05	50752	1	FALSE	NA	NA	NA	NA	NA	NA
NC_045512.2	5027	A	C	50748	3487	34	1	0	26	1.97037e-05	50752	1	FALSE	NA	NA	NA	NA	NA	NA
NC_045512.2	5028	T	C	56528	3477	36	5	1	32	8.84439e-05	56533	1	FALSE	NA	NA	NA	NA	NA	NA
NC_045512.2	5029	G	A	56759	3495	36	1	0	34	1.7618e-05	56760	1	FALSE	NA	NA	NA	NA	NA	NA
NC_045512.2	5030	A	T	56564	3572	36	1	0	34	1.76785e-05	56566	1	FALSE	NA	NA	NA	NA	NA	NA
NC_045512.2	5030	A	G	56564	3572	36	1	1	34	1.76785e-05	56566	1	FALSE	NA	NA	NA	NA	NA	NA
NC_045512.2	5031	C	T	58587	3696	36	6	1	45	0.000102394	58597	0.499965	FALSE	NA	NA	NA	NA	NA	NA
NC_045512.2	5031	C	G	58587	3696	36	2	0	34	3.41314e-05	58597	1	FALSE	NA	NA	NA	NA	NA	NA
NC_045512.2	5031	C	A	58587	3696	36	2	0	30	3.41314e-05	58597	1	FALSE	NA	NA	NA	NA	NA	NA
NC_045512.2	5032	A	T	58443	3693	36	1	0	34	1.71086e-05	58450	1	FALSE	NA	NA	NA	NA	NA	NA
NC_045512.2	5032	A	G	58443	3693	36	5	0	32	8.55432e-05	58450	1	FALSE	NA	NA	NA	NA	NA	NA
NC_045512.2	5032	A	C	58443	3693	36	1	0	34	1.71086e-05	58450	1	FALSE	NA	NA	NA	NA	NA	NA
NC_045512.2	5033	T	G	58616	3680	36	1	0	34	1.70573e-05	58626	1	FALSE	NA	NA	NA	NA	NA	NA
NC_045512.2	5033	T	C	58616	3680	36	5	1	39	8.52864e-05	58626	1	FALSE	NA	NA	NA	NA	NA	NA
NC_045512.2	5033	T	A	58616	3680	36	4	1	29	6.82291e-05	58626	1	FALSE	NA	NA	NA	NA	NA	NA
NC_045512.2	5033	T	-A	58616	3680	36	1	0	20	1.70573e-05	58626	1	FALSE	NA	NA	NA	NA	NA	NA
NC_045512.2	5034	A	T	59214	3696	36	1	0	34	1.68859e-05	59221	1	FALSE	NA	NA	NA	NA	NA	NA
NC_045512.2	5034	A	G	59214	3696	36	6	0	32	0.000101315	59221	1	FALSE	NA	NA	NA	NA	NA	NA
NC_045512.2	5035	T	C	59201	3707	36	2	0	34	3.37815e-05	59204	1	FALSE	NA	NA	NA	NA	NA	NA
NC_045512.2	5035	T	A	59201	3707	36	1	0	68	1.68908e-05	59204	0.499996	FALSE	NA	NA	NA	NA	NA	NA
NC_045512.2	5036	G	T	59552	3698	36	2	0	29	3.35824e-05	59555	1	FALSE	NA	NA	NA	NA	NA	NA
NC_045512.2	5036	G	A	59552	3698	36	1	0	34	1.67912e-05	59555	1	FALSE	NA	NA	NA	NA	NA	NA
NC_045512.2	5037	G	A	59629	3855	36	5	0	34	8.38448e-05	59634	1	FALSE	NA	NA	NA	NA	NA	NA
NC_045512.2	5038	A	G	59598	3849	36	10	0	40	0.00016776	59609	0.150864	FALSE	NA	NA	NA	NA	NA	NA
NC_045512.2	5038	A	C	59598	3849	36	1	0	34	1.6776e-05	59609	1	FALSE	NA	NA	NA	NA	NA	NA
NC_045512.2	5039	C	T	58933	3962	36	1	0	68	1.69676e-05	58936	0.499996	FALSE	NA	NA	NA	NA	NA	NA
NC_045512.2	5039	C	G	58933	3962	36	2	0	34	3.39351e-05	58936	1	FALSE	NA	NA	NA	NA	NA	NA
NC_045512.2	5040	A	T	58683	3989	36	1	0	34	1.70378e-05	58693	1	FALSE	NA	NA	NA	NA	NA	NA
NC_045512.2	5040	A	G	58683	3989	36	9	4	48	0.00015334	58693	0.211961	FALSE	NA	NA	NA	NA	NA	NA
NC_045512.2	5041	A	G	57651	4066	36	9	0	33	0.000156087	57660	1	FALSE	NA	NA	NA	NA	NA	NA
NC_045512.2	5042	C	T	57750	4072	36	3	1	30	5.19454e-05	57753	1	FALSE	NA	NA	NA	NA	NA	NA
NC_045512.2	5043	A	T	56347	3990	36	5	2	54	8.87233e-05	56355	0.0312445	FALSE	NA	NA	NA	NA	NA	NA
NC_045512.2	5043	A	G	56347	3990	36	3	0	34	5.3234e-05	56355	1	FALSE	NA	NA	NA	NA	NA	NA
NC_045512.2	5044	G	T	57788	4000	36	8	2	34	0.000138406	57801	1	FALSE	NA	NA	NA	NA	NA	NA
NC_045512.2	5044	G	C	57788	4000	36	1	0	34	1.73007e-05	57801	1	FALSE	NA	NA	NA	NA	NA	NA
NC_045512.2	5044	G	A	57788	4000	36	4	2	47	6.9203e-05	57801	0.746034	FALSE	NA	NA	NA	NA	NA	NA
NC_045512.2	5045	T	C	57792	4573	36	1	0	34	1.73028e-05	57794	1	FALSE	NA	NA	NA	NA	NA	NA
NC_045512.2	5045	T	A	57792	4573	36	1	0	34	1.73028e-05	57794	1	FALSE	NA	NA	NA	NA	NA	NA
NC_045512.2	5046	T	C	57642	4695	37	5	2	47	8.67288e-05	57651	0.62302	FALSE	NA	NA	NA	NA	NA	NA
NC_045512.2	5046	T	A	57642	4695	37	4	0	26	6.9383e-05	57651	1	FALSE	NA	NA	NA	NA	NA	NA
NC_045512.2	5047	T	G	57784	4743	37	1	0	34	1.73025e-05	57795	1	FALSE	NA	NA	NA	NA	NA	NA
NC_045512.2	5047	T	C	57784	4743	37	8	0	34	0.00013842	57795	1	FALSE	NA	NA	NA	NA	NA	NA
NC_045512.2	5047	T	A	57784	4743	37	2	0	26	3.46051e-05	57795	1	FALSE	NA	NA	NA	NA	NA	NA
NC_045512.2	5048	G	T	57601	4701	37	2	0	30	3.47192e-05	57605	1	FALSE	NA	NA	NA	NA	NA	NA
NC_045512.2	5048	G	A	57601	4701	37	2	0	30	3.47192e-05	57605	1	FALSE	NA	NA	NA	NA	NA	NA
NC_045512.2	5049	G	A	57752	5041	37	1	0	26	1.73151e-05	57753	1	FALSE	NA	NA	NA	NA	NA	NA
NC_045512.2	5050	T	C	57908	5653	37	7	0	34	0.000120867	57915	1	FALSE	NA	NA	NA	NA	NA	NA
NC_045512.2	5050	T	-C	57908	5653	37	2	0	20	3.45334e-05	57915	1	FALSE	NA	NA	NA	NA	NA	NA
NC_045512.2	5051	C	T	57753	5719	37	2	0	29	3.4629e-05	57755	1	FALSE	NA	NA	NA	NA	NA	NA
NC_045512.2	5052	C	T	56192	5762	37	8	0	38	0.000142341	56203	1	FALSE	NA	NA	NA	NA	NA	NA
NC_045512.2	5052	C	G	56192	5762	37	1	0	34	1.77926e-05	56203	1	FALSE	NA	NA	NA	NA	NA	NA
NC_045512.2	5052	C	A	56192	5762	37	2	0	34	3.55853e-05	56203	1	FALSE	NA	NA	NA	NA	NA	NA
NC_045512.2	5053	A	T	57077	5700	37	1	0	34	1.75e-05	57143	1	FALSE	NA	NA	NA	NA	NA	NA
NC_045512.2	5053	A	G	57077	5700	37	65	4	36	0.0011375	57143	0.263097	FALSE	NA	NA	NA	NA	NA	NA
NC_045512.2	5054	A	T	55784	5786	37	2	1	29	3.58436e-05	55798	1	FALSE	NA	NA	NA	NA	NA	NA
NC_045512.2	5054	A	G	55784	5786	37	12	1	39	0.000215061	55798	1	FALSE	NA	NA	NA	NA	NA	NA
NC_045512.2	5055	C	G	56850	5873	37	1	0	34	1.75898e-05	56851	1	FALSE	NA	NA	NA	NA	NA	NA
NC_045512.2	5056	T	C	56645	6077	37	7	1	32	0.000123559	56653	1	FALSE	NA	NA	NA	NA	NA	NA
NC_045512.2	5056	T	A	56645	6077	37	1	0	26	1.76513e-05	56653	1	FALSE	NA	NA	NA	NA	NA	NA
NC_045512.2	5057	T	C	56922	6118	37	6	1	32	0.000105394	56929	1	FALSE	NA	NA	NA	NA	NA	NA
NC_045512.2	5057	T	A	56922	6118	37	1	0	34	1.75657e-05	56929	1	FALSE	NA	NA	NA	NA	NA	NA
NC_045512.2	5057	T	-A	56922	6118	37	1	0	20	1.75657e-05	56929	1	FALSE	NA	NA	NA	NA	NA	NA
NC_045512.2	5058	A	T	54551	6463	37	1	0	34	1.83301e-05	54555	1	FALSE	NA	NA	NA	NA	NA	NA
NC_045512.2	5058	A	G	54551	6463	37	3	0	30	5.49904e-05	54555	1	FALSE	NA	NA	NA	NA	NA	NA
NC_045512.2	5059	T	G	51922	6627	37	1	0	26	1.92589e-05	51924	1	FALSE	NA	NA	NA	NA	NA	NA
NC_045512.2	5059	T	C	51922	6627	37	1	0	34	1.92589e-05	51924	1	FALSE	NA	NA	NA	NA	NA	NA
NC_045512.2	5060	T	C	52020	6663	37	4	1	31	7.68861e-05	52025	1	FALSE	NA	NA	NA	NA	NA	NA
NC_045512.2	5060	T	A	52020	6663	37	1	0	34	1.92215e-05	52025	1	FALSE	NA	NA	NA	NA	NA	NA
NC_045512.2	5061	T	C	51898	6666	37	2	0	34	3.85356e-05	51900	1	FALSE	NA	NA	NA	NA	NA	NA
NC_045512.2	5062	G	T	52210	6659	37	1	0	34	1.91527e-05	52212	1	FALSE	NA	NA	NA	NA	NA	NA
NC_045512.2	5062	G	A	52210	6659	37	1	0	34	1.91527e-05	52212	1	FALSE	NA	NA	NA	NA	NA	NA
NC_045512.2	5063	G	T	51198	6767	37	2	0	34	3.9061e-05	51202	1	FALSE	NA	NA	NA	NA	NA	NA
NC_045512.2	5063	G	C	51198	6767	37	1	0	34	1.95305e-05	51202	1	FALSE	NA	NA	NA	NA	NA	NA
NC_045512.2	5063	G	A	51198	6767	37	1	0	34	1.95305e-05	51202	1	FALSE	NA	NA	NA	NA	NA	NA
NC_045512.2	5064	A	T	51232	6912	37	1	0	26	1.95171e-05	51237	1	FALSE	NA	NA	NA	NA	NA	NA
NC_045512.2	5064	A	G	51232	6912	37	4	1	34	7.80686e-05	51237	1	FALSE	NA	NA	NA	NA	NA	NA
NC_045512.2	5065	T	C	51264	7090	38	3	2	34	5.85115e-05	51272	1	FALSE	NA	NA	NA	NA	NA	NA
NC_045512.2	5065	T	A	51264	7090	38	5	0	34	9.75191e-05	51272	1	FALSE	NA	NA	NA	NA	NA	NA
NC_045512.2	5067	G	A	45946	7808	37	1	0	26	2.17642e-05	45947	1	FALSE	NA	NA	NA	NA	NA	NA
NC_045512.2	5068	A	T	44205	8972	37	4	1	34	9.03996e-05	44248	1	FALSE	NA	NA	NA	NA	NA	NA
NC_045512.2	5068	A	G	44205	8972	37	39	5	35	0.000881396	44248	0.744795	FALSE	NA	NA	NA	NA	NA	NA
NC_045512.2	5069	G	C	44326	8937	37	1	0	34	2.25555e-05	44335	1	FALSE	NA	NA	NA	NA	NA	NA
NC_045512.2	5069	G	A	44326	8937	37	8	3	42	0.000180444	44335	0.193831	FALSE	NA	NA	NA	NA	NA	NA
NC_045512.2	5070	C	G	44271	9702	37	1	0	34	2.25876e-05	44272	1	FALSE	NA	NA	NA	NA	NA	NA
NC_045512.2	5071	T	G	44225	9611	37	36	8	36	0.000812916	44285	0.842396	FALSE	NA	NA	NA	NA	NA	NA
NC_045512.2	5071	T	C	44225	9611	37	23	5	33	0.000519363	44285	0.996606	FALSE	NA	NA	NA	NA	NA	NA
NC_045512.2	5071	T	A	44225	9611	37	1	0	34	2.2581e-05	44285	1	FALSE	NA	NA	NA	NA	NA	NA
NC_045512.2	5072	G	C	44578	9569	37	1	0	68	2.24316e-05	44580	0.5	FALSE	NA	NA	NA	NA	NA	NA
NC_045512.2	5072	G	A	44578	9569	37	1	1	68	2.24316e-05	44580	0.5	FALSE	NA	NA	NA	NA	NA	NA
NC_045512.2	5073	A	T	44774	9836	38	3	2	34	6.69927e-05	44781	1	FALSE	NA	NA	NA	NA	NA	NA
NC_045512.2	5073	A	G	44774	9836	38	4	0	34	8.93236e-05	44781	1	FALSE	NA	NA	NA	NA	NA	NA
NC_045512.2	5074	T	G	44194	9866	37	1	0	34	2.26229e-05	44203	1	FALSE	NA	NA	NA	NA	NA	NA
NC_045512.2	5074	T	C	44194	9866	37	5	2	46	0.000113114	44203	0.499958	FALSE	NA	NA	NA	NA	NA	NA
NC_045512.2	5074	T	A	44194	9866	37	3	0	34	6.78687e-05	44203	1	FALSE	NA	NA	NA	NA	NA	NA
NC_045512.2	5075	G	A	44264	9842	37	1	1	34	2.25912e-05	44265	1	FALSE	NA	NA	NA	NA	NA	NA
NC_045512.2	5075	G	-T	44264	9842	37	2	0	20	4.51824e-05	44265	1	FALSE	NA	NA	NA	NA	NA	NA
NC_045512.2	5076	T	C	40125	10754	37	6	2	45	0.000149507	40132	0.376915	FALSE	NA	NA	NA	NA	NA	NA
NC_045512.2	5076	T	A	40125	10754	37	1	0	34	2.49178e-05	40132	1	FALSE	NA	NA	NA	NA	NA	NA
NC_045512.2	5077	T	C	40175	10759	37	1	0	34	2.48905e-05	40176	1	FALSE	NA	NA	NA	NA	NA	NA
NC_045512.2	5077	T	-A	40175	10759	37	1	0	20	2.48905e-05	40176	1	FALSE	NA	NA	NA	NA	NA	NA
NC_045512.2	5078	A	T	40210	11642	38	1	0	24	2.48682e-05	40212	1	FALSE	NA	NA	NA	NA	NA	NA
NC_045512.2	5078	A	C	40210	11642	38	1	1	26	2.48682e-05	40212	1	FALSE	NA	NA	NA	NA	NA	NA
NC_045512.2	5079	C	T	39936	12067	38	1	1	34	2.50394e-05	39937	1	FALSE	NA	NA	NA	NA	NA	NA
NC_045512.2	5080	T	C	40229	12273	38	5	2	32	0.000124264	40237	1	FALSE	NA	NA	NA	NA	NA	NA
NC_045512.2	5080	T	A	40229	12273	38	3	3	34	7.45582e-05	40237	1	FALSE	NA	NA	NA	NA	NA	NA
NC_045512.2	5080	T	-A	40229	12273	38	1	0	20	2.48527e-05	40237	1	FALSE	NA	NA	NA	NA	NA	NA
NC_045512.2	5081	A	G	39977	12089	38	9	6	34	0.000225079	39986	0.999998	FALSE	NA	NA	NA	NA	NA	NA
NC_045512.2	5082	A	G	40244	12125	38	3	1	34	7.45397e-05	40247	1	FALSE	NA	NA	NA	NA	NA	NA
NC_045512.2	5083	A	G	39795	12832	38	4	1	32	0.000100503	39800	1	FALSE	NA	NA	NA	NA	NA	NA
NC_045512.2	5083	A	C	39795	12832	38	1	0	34	2.51256e-05	39800	1	FALSE	NA	NA	NA	NA	NA	NA
NC_045512.2	5084	A	T	39579	12939	38	2	0	34	5.05267e-05	39583	1	FALSE	NA	NA	NA	NA	NA	NA
NC_045512.2	5084	A	G	39579	12939	38	1	0	34	2.52634e-05	39583	1	FALSE	NA	NA	NA	NA	NA	NA
NC_045512.2	5084	A	C	39579	12939	38	1	0	26	2.52634e-05	39583	1	FALSE	NA	NA	NA	NA	NA	NA
NC_045512.2	5085	T	C	39289	13034	38	3	2	34	7.63495e-05	39293	1	FALSE	NA	NA	NA	NA	NA	NA
NC_045512.2	5085	T	A	39289	13034	38	1	0	26	2.54498e-05	39293	1	FALSE	NA	NA	NA	NA	NA	NA
NC_045512.2	5085	T	-A	39289	13034	38	2	0	20	5.08997e-05	39293	1	FALSE	NA	NA	NA	NA	NA	NA
NC_045512.2	5086	A	T	38458	13173	37	1	0	34	2.5999e-05	38463	1	FALSE	NA	NA	NA	NA	NA	NA
NC_045512.2	5086	A	G	38458	13173	37	4	1	32	0.000103996	38463	1	FALSE	NA	NA	NA	NA	NA	NA
NC_045512.2	5087	A	T	38638	13177	38	1	0	34	2.58792e-05	38641	1	FALSE	NA	NA	NA	NA	NA	NA
NC_045512.2	5087	A	C	38638	13177	38	2	0	34	5.17585e-05	38641	1	FALSE	NA	NA	NA	NA	NA	NA
NC_045512.2	5088	A	G	37884	13355	37	3	1	34	7.91787e-05	37889	1	FALSE	NA	NA	NA	NA	NA	NA
NC_045512.2	5088	A	C	37884	13355	37	2	0	30	5.27858e-05	37889	1	FALSE	NA	NA	NA	NA	NA	NA
NC_045512.2	5089	A	G	38095	13319	38	1	1	68	2.62495e-05	38096	0.500007	FALSE	NA	NA	NA	NA	NA	NA
NC_045512.2	5091	C	T	32466	13991	37	1	0	34	3.07996e-05	32468	1	FALSE	NA	NA	NA	NA	NA	NA
NC_045512.2	5091	C	A	32466	13991	37	1	0	34	3.07996e-05	32468	1	FALSE	NA	NA	NA	NA	NA	NA
NC_045512.2	5092	T	C	32276	13608	37	7	6	38	0.000216832	32283	0.999993	FALSE	NA	NA	NA	NA	NA	NA
NC_045512.2	5093	C	G	32304	13847	37	1	0	26	3.0954e-05	32306	1	FALSE	NA	NA	NA	NA	NA	NA
NC_045512.2	5093	C	A	32304	13847	37	1	0	26	3.0954e-05	32306	1	FALSE	NA	NA	NA	NA	NA	NA
NC_045512.2	5094	A	T	32327	13900	37	2	2	34	6.1862e-05	32330	1	FALSE	NA	NA	NA	NA	NA	NA
NC_045512.2	5094	A	G	32327	13900	37	1	0	38	3.0931e-05	32330	1	FALSE	NA	NA	NA	NA	NA	NA
NC_045512.2	5095	T	C	32036	13581	37	3	0	34	9.36359e-05	32039	1	FALSE	NA	NA	NA	NA	NA	NA
NC_045512.2	5096	A	T	32416	13945	37	1	1	34	3.08471e-05	32418	1	FALSE	NA	NA	NA	NA	NA	NA
NC_045512.2	5096	A	C	32416	13945	37	1	1	34	3.08471e-05	32418	1	FALSE	NA	NA	NA	NA	NA	NA
NC_045512.2	5097	A	T	32828	14117	37	1	0	34	3.04516e-05	32839	1	FALSE	NA	NA	NA	NA	NA	NA
NC_045512.2	5097	A	G	32828	14117	37	9	6	49	0.000274064	32839	0.0729723	FALSE	NA	NA	NA	NA	NA	NA
NC_045512.2	5097	A	C	32828	14117	37	1	1	34	3.04516e-05	32839	1	FALSE	NA	NA	NA	NA	NA	NA
NC_045512.2	5098	T	C	31680	13056	36	3	1	31	9.4688e-05	31683	1	FALSE	NA	NA	NA	NA	NA	NA
NC_045512.2	5099	T	G	32328	13851	37	2	0	34	6.18544e-05	32334	1	FALSE	NA	NA	NA	NA	NA	NA
NC_045512.2	5099	T	C	32328	13851	37	4	3	42	0.000123709	32334	0.499983	FALSE	NA	NA	NA	NA	NA	NA
NC_045512.2	5100	C	T	32128	13973	37	3	2	56	9.33649e-05	32132	0.124994	FALSE	NA	NA	NA	NA	NA	NA
NC_045512.2	5100	C	G	32128	13973	37	1	1	34	3.11216e-05	32132	1	FALSE	NA	NA	NA	NA	NA	NA
NC_045512.2	5101	A	G	31988	13810	37	3	2	45	9.37764e-05	31991	0.656272	FALSE	NA	NA	NA	NA	NA	NA
NC_045512.2	5102	C	G	32485	14296	37	1	0	34	3.07825e-05	32486	1	FALSE	NA	NA	NA	NA	NA	NA
NC_045512.2	5103	A	T	32942	14800	37	1	1	26	3.03555e-05	32943	1	FALSE	NA	NA	NA	NA	NA	NA
NC_045512.2	5104	T	G	32397	14287	37	1	0	34	3.08642e-05	32400	1	FALSE	NA	NA	NA	NA	NA	NA
NC_045512.2	5104	T	C	32397	14287	37	2	2	34	6.17284e-05	32400	1	FALSE	NA	NA	NA	NA	NA	NA
NC_045512.2	5105	G	C	32856	14855	37	2	1	34	6.0868e-05	32858	1	FALSE	NA	NA	NA	NA	NA	NA
NC_045512.2	5106	A	G	32318	15255	37	7	5	34	0.000216544	32326	0.999993	FALSE	NA	NA	NA	NA	NA	NA
NC_045512.2	5106	A	C	32318	15255	37	1	1	34	3.09349e-05	32326	1	FALSE	NA	NA	NA	NA	NA	NA
NC_045512.2	5107	A	T	32550	15277	37	6	1	34	0.000184258	32563	0.999998	FALSE	NA	NA	NA	NA	NA	NA
NC_045512.2	5107	A	G	32550	15277	37	3	1	31	9.21291e-05	32563	1	FALSE	NA	NA	NA	NA	NA	NA
NC_045512.2	5107	A	C	32550	15277	37	4	4	34	0.000122839	32563	1	FALSE	NA	NA	NA	NA	NA	NA
NC_045512.2	5108	G	A	32498	15215	37	6	5	34	0.000184593	32504	0.999998	FALSE	NA	NA	NA	NA	NA	NA
NC_045512.2	5109	G	A	34874	17923	37	4	3	34	0.000114685	34878	1	FALSE	NA	NA	NA	NA	NA	NA
NC_045512.2	5109	G	-T	34874	17923	37	1	0	20	2.86714e-05	34878	1	FALSE	NA	NA	NA	NA	NA	NA
NC_045512.2	5110	T	G	34756	17891	37	1	0	34	2.87662e-05	34763	1	FALSE	NA	NA	NA	NA	NA	NA
NC_045512.2	5110	T	C	34756	17891	37	5	0	34	0.000143831	34763	1	FALSE	NA	NA	NA	NA	NA	NA
NC_045512.2	5110	T	A	34756	17891	37	1	1	34	2.87662e-05	34763	1	FALSE	NA	NA	NA	NA	NA	NA
NC_045512.2	5110	T	-A	34756	17891	37	2	0	20	5.75308e-05	34764	1	FALSE	NA	NA	NA	NA	NA	NA
NC_045512.2	5111	A	G	34442	17583	37	3	2	34	8.70954e-05	34445	1	FALSE	NA	NA	NA	NA	NA	NA
NC_045512.2	5112	A	T	34170	17681	37	1	0	26	2.92629e-05	34173	1	FALSE	NA	NA	NA	NA	NA	NA
NC_045512.2	5112	A	G	34170	17681	37	1	0	68	2.92629e-05	34173	0.499993	FALSE	NA	NA	NA	NA	NA	NA
NC_045512.2	5112	A	C	34170	17681	37	1	0	34	2.92629e-05	34173	1	FALSE	NA	NA	NA	NA	NA	NA
NC_045512.2	5113	A	G	32188	18377	37	2	1	51	6.21272e-05	32192	0.249988	FALSE	NA	NA	NA	NA	NA	NA
NC_045512.2	5113	A	C	32188	18377	37	2	2	26	6.21272e-05	32192	1	FALSE	NA	NA	NA	NA	NA	NA
NC_045512.2	5114	A	G	33179	18442	37	2	1	34	6.02755e-05	33181	1	FALSE	NA	NA	NA	NA	NA	NA
NC_045512.2	5115	C	G	32937	18566	37	2	0	26	6.07165e-05	32940	1	FALSE	NA	NA	NA	NA	NA	NA
NC_045512.2	5115	C	A	32937	18566	37	1	0	26	3.03582e-05	32940	1	FALSE	NA	NA	NA	NA	NA	NA
NC_045512.2	5117	T	C	32190	17674	36	1	1	34	3.10646e-05	32191	1	FALSE	NA	NA	NA	NA	NA	NA
NC_045512.2	5118	T	G	29108	15442	35	1	1	24	3.43501e-05	29112	1	FALSE	NA	NA	NA	NA	NA	NA
NC_045512.2	5118	T	C	29108	15442	35	3	3	34	0.00010305	29112	1	FALSE	NA	NA	NA	NA	NA	NA
NC_045512.2	5119	T	C	32684	19202	37	4	0	34	0.000122369	32688	1	FALSE	NA	NA	NA	NA	NA	NA
NC_045512.2	5120	T	C	32796	19319	37	3	1	35	9.14662e-05	32799	1	FALSE	NA	NA	NA	NA	NA	NA
NC_045512.2	5121	A	G	32850	19387	37	4	4	49	0.000121751	32854	0.500017	FALSE	NA	NA	NA	NA	NA	NA
NC_045512.2	5123	G	+T	32402	19458	36	1	0	20	3.08623e-05	32402	1	FALSE	NA	NA	NA	NA	NA	NA
NC_045512.2	5124	T	G	31372	19427	36	1	0	34	3.18695e-05	31378	1	FALSE	NA	NA	NA	NA	NA	NA
NC_045512.2	5124	T	C	31372	19427	36	2	1	34	6.37389e-05	31378	1	FALSE	NA	NA	NA	NA	NA	NA
NC_045512.2	5124	T	A	31372	19427	36	3	1	28	9.56084e-05	31378	1	FALSE	NA	NA	NA	NA	NA	NA
NC_045512.2	5125	T	G	30943	19004	36	1	1	34	3.23133e-05	30947	1	FALSE	NA	NA	NA	NA	NA	NA
NC_045512.2	5125	T	C	30943	19004	36	3	1	45	9.69399e-05	30947	0.656258	FALSE	NA	NA	NA	NA	NA	NA
NC_045512.2	5126	T	C	31025	19147	36	4	2	34	0.000128912	31029	1	FALSE	NA	NA	NA	NA	NA	NA
NC_045512.2	5127	T	C	31032	19156	36	4	4	34	0.000128883	31036	1	FALSE	NA	NA	NA	NA	NA	NA
NC_045512.2	5128	A	T	31628	19232	36	1	1	34	3.16146e-05	31631	1	FALSE	NA	NA	NA	NA	NA	NA
NC_045512.2	5128	A	G	31628	19232	36	2	1	30	6.32291e-05	31631	1	FALSE	NA	NA	NA	NA	NA	NA
NC_045512.2	5131	T	C	30503	19706	36	2	2	34	6.55609e-05	30506	1	FALSE	NA	NA	NA	NA	NA	NA
NC_045512.2	5131	T	A	30503	19706	36	1	1	26	3.27804e-05	30506	1	FALSE	NA	NA	NA	NA	NA	NA
NC_045512.2	5132	A	T	30775	19634	36	1	1	26	3.24929e-05	30776	1	FALSE	NA	NA	NA	NA	NA	NA
NC_045512.2	5133	A	G	31077	20047	36	1	1	34	3.21771e-05	31078	1	FALSE	NA	NA	NA	NA	NA	NA
NC_045512.2	5134	T	C	31550	19969	36	3	1	34	9.50751e-05	31554	1	FALSE	NA	NA	NA	NA	NA	NA
NC_045512.2	5134	T	A	31550	19969	36	1	0	34	3.16917e-05	31554	1	FALSE	NA	NA	NA	NA	NA	NA
NC_045512.2	5135	G	T	31398	20201	36	1	1	34	3.18451e-05	31402	1	FALSE	NA	NA	NA	NA	NA	NA
NC_045512.2	5135	G	C	31398	20201	36	2	2	34	6.36902e-05	31402	1	FALSE	NA	NA	NA	NA	NA	NA
NC_045512.2	5135	G	A	31398	20201	36	1	0	68	3.18451e-05	31402	0.499984	FALSE	NA	NA	NA	NA	NA	NA
NC_045512.2	5136	A	T	31695	20358	36	1	0	34	3.15477e-05	31698	1	FALSE	NA	NA	NA	NA	NA	NA
NC_045512.2	5136	A	G	31695	20358	36	2	1	30	6.30955e-05	31698	1	FALSE	NA	NA	NA	NA	NA	NA
NC_045512.2	5137	T	C	31173	20090	36	2	0	34	6.4154e-05	31175	1	FALSE	NA	NA	NA	NA	NA	NA
NC_045512.2	5138	G	A	31149	20115	36	2	2	30	6.42034e-05	31151	1	FALSE	NA	NA	NA	NA	NA	NA
NC_045512.2	5139	A	T	31530	20535	36	1	0	24	3.17078e-05	31538	1	FALSE	NA	NA	NA	NA	NA	NA
NC_045512.2	5139	A	G	31530	20535	36	7	5	37	0.000221954	31538	0.999988	FALSE	NA	NA	NA	NA	NA	NA
NC_045512.2	5140	C	T	31690	20712	35	1	1	34	3.15547e-05	31691	1	FALSE	NA	NA	NA	NA	NA	NA
NC_045512.2	5141	A	G	31358	20426	35	7	3	32	0.000223179	31365	0.999988	FALSE	NA	NA	NA	NA	NA	NA
NC_045512.2	5142	C	T	32212	20518	35	1	1	34	3.10414e-05	32215	1	FALSE	NA	NA	NA	NA	NA	NA
NC_045512.2	5142	C	A	32212	20518	35	2	0	30	6.20829e-05	32215	1	FALSE	NA	NA	NA	NA	NA	NA
NC_045512.2	5143	T	G	31354	19647	35	2	0	34	6.37674e-05	31364	1	FALSE	NA	NA	NA	NA	NA	NA
NC_045512.2	5143	T	C	31354	19647	35	7	4	43	0.000223186	31364	0.171829	FALSE	NA	NA	NA	NA	NA	NA
NC_045512.2	5143	T	A	31354	19647	35	1	0	24	3.18837e-05	31364	1	FALSE	NA	NA	NA	NA	NA	NA
NC_045512.2	5144	C	T	31410	19857	35	1	1	34	3.1836e-05	31411	1	FALSE	NA	NA	NA	NA	NA	NA
NC_045512.2	5145	T	C	30964	19361	35	8	6	38	0.000258289	30973	0.999942	FALSE	NA	NA	NA	NA	NA	NA
NC_045512.2	5145	T	A	30964	19361	35	1	0	34	3.22862e-05	30973	1	FALSE	NA	NA	NA	NA	NA	NA
NC_045512.2	5146	A	T	31657	20103	35	2	1	34	6.31612e-05	31665	1	FALSE	NA	NA	NA	NA	NA	NA
NC_045512.2	5146	A	G	31657	20103	35	6	2	34	0.000189484	31665	0.999996	FALSE	NA	NA	NA	NA	NA	NA
NC_045512.2	5147	C	T	31912	20404	36	3	2	34	9.39967e-05	31916	1	FALSE	NA	NA	NA	NA	NA	NA
NC_045512.2	5147	C	A	31912	20404	36	1	1	34	3.13322e-05	31916	1	FALSE	NA	NA	NA	NA	NA	NA
NC_045512.2	5148	G	A	32044	20330	35	1	0	34	3.12061e-05	32045	1	FALSE	NA	NA	NA	NA	NA	NA
NC_045512.2	5149	T	G	31505	19834	35	1	0	34	3.174e-05	31506	1	FALSE	NA	NA	NA	NA	NA	NA
NC_045512.2	5150	G	A	31529	19845	35	4	4	34	0.000126851	31533	1	FALSE	NA	NA	NA	NA	NA	NA
NC_045512.2	5151	T	A	30619	19003	35	3	0	34	9.79688e-05	30622	1	FALSE	NA	NA	NA	NA	NA	NA
NC_045512.2	5152	T	G	30827	19216	36	2	1	34	6.48529e-05	30839	1	FALSE	NA	NA	NA	NA	NA	NA
NC_045512.2	5152	T	C	30827	19216	36	4	1	32	0.000129706	30839	1	FALSE	NA	NA	NA	NA	NA	NA
NC_045512.2	5152	T	A	30827	19216	36	6	2	34	0.000194559	30839	0.999994	FALSE	NA	NA	NA	NA	NA	NA
NC_045512.2	5153	G	C	30737	19141	36	2	2	30	6.50639e-05	30739	1	FALSE	NA	NA	NA	NA	NA	NA
NC_045512.2	5154	A	G	32591	21312	36	4	2	34	0.000122718	32595	1	FALSE	NA	NA	NA	NA	NA	NA
NC_045512.2	5155	G	C	32444	21216	36	1	1	34	3.08214e-05	32445	1	FALSE	NA	NA	NA	NA	NA	NA
NC_045512.2	5156	G	T	33354	22202	36	2	0	34	5.99538e-05	33359	1	FALSE	NA	NA	NA	NA	NA	NA
NC_045512.2	5156	G	C	33354	22202	36	1	1	34	2.99769e-05	33359	1	FALSE	NA	NA	NA	NA	NA	NA
NC_045512.2	5156	G	A	33354	22202	36	2	2	34	5.99538e-05	33359	1	FALSE	NA	NA	NA	NA	NA	NA
NC_045512.2	5157	C	T	33016	22066	36	2	1	30	6.0573e-05	33018	1	FALSE	NA	NA	NA	NA	NA	NA
NC_045512.2	5157	C	-T	33016	22066	36	7	0	20	0.000212006	33018	1	FALSE	NA	NA	NA	NA	NA	NA
NC_045512.2	5158	T	C	32904	21906	36	31	24	35	0.000941248	32935	0.599113	FALSE	NA	NA	NA	NA	NA	NA
NC_045512.2	5159	T	G	31351	20155	35	2	2	30	6.37836e-05	31356	1	FALSE	NA	NA	NA	NA	NA	NA
NC_045512.2	5159	T	C	31351	20155	35	3	2	35	9.56755e-05	31356	1	FALSE	NA	NA	NA	NA	NA	NA
NC_045512.2	5160	T	C	33925	22820	36	5	3	32	0.000147362	33930	1	FALSE	NA	NA	NA	NA	NA	NA
NC_045512.2	5161	T	C	34472	23430	36	3	2	34	8.70196e-05	34475	1	FALSE	NA	NA	NA	NA	NA	NA
NC_045512.2	5163	A	T	34952	23628	36	1	0	34	2.86008e-05	34964	1	FALSE	NA	NA	NA	NA	NA	NA
NC_045512.2	5163	A	G	34952	23628	36	3	3	45	8.58025e-05	34964	0.656149	FALSE	NA	NA	NA	NA	NA	NA
NC_045512.2	5163	A	C	34952	23628	36	8	7	34	0.000228807	34964	0.999992	FALSE	NA	NA	NA	NA	NA	NA
NC_045512.2	5164	G	A	35184	23677	36	3	2	34	8.52588e-05	35187	1	FALSE	NA	NA	NA	NA	NA	NA
NC_045512.2	5165	T	C	34996	23513	36	9	7	45	0.000257091	35007	0.0729739	FALSE	NA	NA	NA	NA	NA	NA
NC_045512.2	5165	T	A	34996	23513	36	2	0	34	5.71314e-05	35007	1	FALSE	NA	NA	NA	NA	NA	NA
NC_045512.2	5166	A	G	34805	23308	36	4	3	32	0.00011491	34810	1	FALSE	NA	NA	NA	NA	NA	NA
NC_045512.2	5166	A	C	34805	23308	36	1	1	34	2.87274e-05	34810	1	FALSE	NA	NA	NA	NA	NA	NA
NC_045512.2	5167	C	T	34246	24006	35	2	1	34	5.83976e-05	34248	1	FALSE	NA	NA	NA	NA	NA	NA
NC_045512.2	5168	T	G	32926	22685	35	1	1	34	3.03638e-05	32934	1	FALSE	NA	NA	NA	NA	NA	NA
NC_045512.2	5168	T	C	32926	22685	35	5	5	32	0.000151819	32934	0.999999	FALSE	NA	NA	NA	NA	NA	NA
NC_045512.2	5168	T	A	32926	22685	35	2	2	34	6.07275e-05	32934	1	FALSE	NA	NA	NA	NA	NA	NA
NC_045512.2	5169	A	T	33061	22834	35	2	2	34	6.04833e-05	33067	1	FALSE	NA	NA	NA	NA	NA	NA
NC_045512.2	5169	A	G	33061	22834	35	4	1	42	0.000120967	33067	0.499983	FALSE	NA	NA	NA	NA	NA	NA
NC_045512.2	5169	A	-C	33061	22834	35	1	0	20	3.02416e-05	33067	1	FALSE	NA	NA	NA	NA	NA	NA
NC_045512.2	5170	C	T	34632	23741	36	2	2	34	5.77451e-05	34635	1	FALSE	NA	NA	NA	NA	NA	NA
NC_045512.2	5170	C	G	34632	23741	36	1	0	34	2.88725e-05	34635	1	FALSE	NA	NA	NA	NA	NA	NA
NC_045512.2	5171	C	A	33864	23009	36	1	0	34	2.9529e-05	33865	1	FALSE	NA	NA	NA	NA	NA	NA
NC_045512.2	5172	A	G	34031	23038	36	2	1	51	5.87648e-05	34034	0.249996	FALSE	NA	NA	NA	NA	NA	NA
NC_045512.2	5172	A	C	34031	23038	36	1	1	34	2.93824e-05	34034	1	FALSE	NA	NA	NA	NA	NA	NA
NC_045512.2	5173	C	T	33597	22912	36	1	0	34	2.97637e-05	33598	1	FALSE	NA	NA	NA	NA	NA	NA
NC_045512.2	5174	A	G	34521	23963	36	7	3	38	0.000202728	34529	0.999998	FALSE	NA	NA	NA	NA	NA	NA
NC_045512.2	5174	A	C	34521	23963	36	1	1	34	2.89612e-05	34529	1	FALSE	NA	NA	NA	NA	NA	NA
NC_045512.2	5175	C	T	34887	24034	36	4	1	42	0.000114639	34892	0.5	FALSE	NA	NA	NA	NA	NA	NA
NC_045512.2	5175	C	G	34887	24034	36	1	1	34	2.86599e-05	34892	1	FALSE	NA	NA	NA	NA	NA	NA
NC_045512.2	5176	A	T	33388	22538	36	1	1	26	2.99491e-05	33390	1	FALSE	NA	NA	NA	NA	NA	NA
NC_045512.2	5176	A	C	33388	22538	36	1	0	34	2.99491e-05	33390	1	FALSE	NA	NA	NA	NA	NA	NA
NC_045512.2	5177	A	T	33337	22456	36	1	1	34	2.99949e-05	33339	1	FALSE	NA	NA	NA	NA	NA	NA
NC_045512.2	5177	A	G	33337	22456	36	1	1	34	2.99949e-05	33339	1	FALSE	NA	NA	NA	NA	NA	NA
NC_045512.2	5178	C	A	33376	22571	36	1	0	34	2.99608e-05	33377	1	FALSE	NA	NA	NA	NA	NA	NA
NC_045512.2	5179	T	G	31764	21003	36	1	1	34	3.14743e-05	31772	1	FALSE	NA	NA	NA	NA	NA	NA
NC_045512.2	5179	T	C	31764	21003	36	7	3	43	0.00022032	31772	0.171856	FALSE	NA	NA	NA	NA	NA	NA
NC_045512.2	5180	G	T	32014	21166	36	1	1	34	3.12315e-05	32019	1	FALSE	NA	NA	NA	NA	NA	NA
NC_045512.2	5180	G	A	32014	21166	36	4	4	34	0.000124926	32019	1	FALSE	NA	NA	NA	NA	NA	NA
NC_045512.2	5181	A	G	32093	21299	36	1	1	34	3.11565e-05	32096	1	FALSE	NA	NA	NA	NA	NA	NA
NC_045512.2	5181	A	C	32093	21299	36	2	1	34	6.23131e-05	32096	1	FALSE	NA	NA	NA	NA	NA	NA
NC_045512.2	5182	T	C	32178	21319	36	2	2	34	6.21485e-05	32181	1	FALSE	NA	NA	NA	NA	NA	NA
NC_045512.2	5182	T	A	32178	21319	36	1	0	34	3.10742e-05	32181	1	FALSE	NA	NA	NA	NA	NA	NA
NC_045512.2	5184	C	T	34798	24639	36	1	1	34	2.87299e-05	34807	1	FALSE	NA	NA	NA	NA	NA	NA
NC_045512.2	5184	C	A	34798	24639	36	8	0	34	0.000229839	34807	0.999992	FALSE	NA	NA	NA	NA	NA	NA
NC_045512.2	5185	T	C	34758	24567	37	6	6	34	0.000172587	34765	0.999999	FALSE	NA	NA	NA	NA	NA	NA
NC_045512.2	5185	T	A	34758	24567	37	1	1	34	2.87646e-05	34765	1	FALSE	NA	NA	NA	NA	NA	NA
NC_045512.2	5186	A	G	34371	24296	36	5	2	32	0.00014545	34376	1	FALSE	NA	NA	NA	NA	NA	NA
NC_045512.2	5187	G	A	34461	24264	36	1	1	34	2.90175e-05	34462	1	FALSE	NA	NA	NA	NA	NA	NA
NC_045512.2	5187	G	-T	34461	24264	36	1	0	20	2.90175e-05	34462	1	FALSE	NA	NA	NA	NA	NA	NA
NC_045512.2	5187	G	+T	34461	24264	36	1	0	20	2.90175e-05	34462	1	FALSE	NA	NA	NA	NA	NA	NA
NC_045512.2	5188	T	G	36476	26546	36	1	0	34	2.7413e-05	36479	1	FALSE	NA	NA	NA	NA	NA	NA
NC_045512.2	5188	T	C	36476	26546	36	2	2	34	5.48261e-05	36479	1	FALSE	NA	NA	NA	NA	NA	NA
NC_045512.2	5189	T	C	37359	27462	37	4	2	40	0.000107058	37363	0.500015	FALSE	NA	NA	NA	NA	NA	NA
NC_045512.2	5190	T	G	37325	27473	37	1	0	34	2.67895e-05	37328	1	FALSE	NA	NA	NA	NA	NA	NA
NC_045512.2	5190	T	C	37325	27473	37	2	1	34	5.35791e-05	37328	1	FALSE	NA	NA	NA	NA	NA	NA
NC_045512.2	5191	T	C	37860	28289	37	5	3	32	0.000132045	37866	1	FALSE	NA	NA	NA	NA	NA	NA
NC_045512.2	5191	T	A	37860	28289	37	1	0	24	2.64089e-05	37866	1	FALSE	NA	NA	NA	NA	NA	NA
NC_045512.2	5192	C	T	39341	30106	37	2	1	34	5.08311e-05	39346	1	FALSE	NA	NA	NA	NA	NA	NA
NC_045512.2	5192	C	G	39341	30106	37	2	2	34	5.08311e-05	39346	1	FALSE	NA	NA	NA	NA	NA	NA
NC_045512.2	5192	C	A	39341	30106	37	1	1	34	2.54155e-05	39346	1	FALSE	NA	NA	NA	NA	NA	NA
NC_045512.2	5194	G	T	39744	30130	37	1	1	68	2.51585e-05	39748	0.499987	FALSE	NA	NA	NA	NA	NA	NA
NC_045512.2	5194	G	C	39744	30130	37	2	2	29	5.0317e-05	39748	1	FALSE	NA	NA	NA	NA	NA	NA
NC_045512.2	5194	G	A	39744	30130	37	1	0	34	2.51585e-05	39748	1	FALSE	NA	NA	NA	NA	NA	NA
NC_045512.2	5195	G	A	40160	30489	37	4	3	32	9.95917e-05	40164	1	FALSE	NA	NA	NA	NA	NA	NA
NC_045512.2	5196	G	A	40382	30715	37	2	2	34	4.95246e-05	40384	1	FALSE	NA	NA	NA	NA	NA	NA
NC_045512.2	5197	T	C	40958	31359	37	1	1	34	2.44147e-05	40959	1	FALSE	NA	NA	NA	NA	NA	NA
NC_045512.2	5198	A	G	40668	31101	37	2	1	51	4.91703e-05	40675	0.249972	FALSE	NA	NA	NA	NA	NA	NA
NC_045512.2	5198	A	C	40668	31101	37	5	5	31	0.000122926	40675	1	FALSE	NA	NA	NA	NA	NA	NA
NC_045512.2	5199	G	T	40575	30953	37	1	1	34	2.46409e-05	40583	1	FALSE	NA	NA	NA	NA	NA	NA
NC_045512.2	5199	G	C	40575	30953	37	7	7	34	0.000172486	40583	1	FALSE	NA	NA	NA	NA	NA	NA
NC_045512.2	5200	G	A	41766	31567	37	7	7	34	0.000167572	41773	1	FALSE	NA	NA	NA	NA	NA	NA
NC_045512.2	5201	T	G	42102	31922	37	1	0	34	2.37479e-05	42109	1	FALSE	NA	NA	NA	NA	NA	NA
NC_045512.2	5201	T	C	42102	31922	37	5	5	40	0.000118739	42109	0.499985	FALSE	NA	NA	NA	NA	NA	NA
NC_045512.2	5201	T	A	42102	31922	37	1	0	38	2.37479e-05	42109	1	FALSE	NA	NA	NA	NA	NA	NA
NC_045512.2	5202	A	G	41869	31734	37	6	5	32	0.000143284	41875	1	FALSE	NA	NA	NA	NA	NA	NA
NC_045512.2	5203	C	T	42381	32501	37	7	0	34	0.000165141	42388	1	FALSE	NA	NA	NA	NA	NA	NA
NC_045512.2	5204	A	T	41666	31776	37	1	1	26	2.399e-05	41684	1	FALSE	NA	NA	NA	NA	NA	NA
NC_045512.2	5204	A	G	41666	31776	37	17	16	38	0.00040783	41684	0.999571	FALSE	NA	NA	NA	NA	NA	NA
NC_045512.2	5205	T	G	42967	33069	37	1	1	34	2.32683e-05	42977	1	FALSE	NA	NA	NA	NA	NA	NA
NC_045512.2	5205	T	C	42967	33069	37	8	7	31	0.000186146	42977	1	FALSE	NA	NA	NA	NA	NA	NA
NC_045512.2	5205	T	A	42967	33069	37	1	1	34	2.32683e-05	42977	1	FALSE	NA	NA	NA	NA	NA	NA
NC_045512.2	5206	G	A	43012	33115	38	1	1	34	2.32488e-05	43013	1	FALSE	NA	NA	NA	NA	NA	NA
NC_045512.2	5207	T	G	43042	33244	38	1	0	34	2.32293e-05	43049	1	FALSE	NA	NA	NA	NA	NA	NA
NC_045512.2	5207	T	C	43042	33244	38	4	3	32	9.29174e-05	43049	1	FALSE	NA	NA	NA	NA	NA	NA
NC_045512.2	5207	T	A	43042	33244	38	2	1	34	4.64587e-05	43049	1	FALSE	NA	NA	NA	NA	NA	NA
NC_045512.2	5209	A	G	39653	30313	38	2	1	34	5.04312e-05	39658	1	FALSE	NA	NA	NA	NA	NA	NA
NC_045512.2	5209	A	C	39653	30313	38	3	3	34	7.56468e-05	39658	1	FALSE	NA	NA	NA	NA	NA	NA
NC_045512.2	5210	G	C	39568	30037	38	5	5	32	0.000126342	39575	1	FALSE	NA	NA	NA	NA	NA	NA
NC_045512.2	5210	G	A	39568	30037	38	2	2	34	5.0537e-05	39575	1	FALSE	NA	NA	NA	NA	NA	NA
NC_045512.2	5211	C	T	44828	36086	38	5	5	34	0.000111523	44834	1	FALSE	NA	NA	NA	NA	NA	NA
NC_045512.2	5211	C	G	44828	36086	38	1	1	26	2.23045e-05	44834	1	FALSE	NA	NA	NA	NA	NA	NA
NC_045512.2	5212	A	G	47485	39153	39	10	8	34	0.000210544	47496	1	FALSE	NA	NA	NA	NA	NA	NA
NC_045512.2	5212	A	C	47485	39153	39	1	1	34	2.10544e-05	47496	1	FALSE	NA	NA	NA	NA	NA	NA
NC_045512.2	5213	T	C	49374	41376	39	4	4	30	8.10028e-05	49381	1	FALSE	NA	NA	NA	NA	NA	NA
NC_045512.2	5213	T	A	49374	41376	39	3	3	30	6.07521e-05	49381	1	FALSE	NA	NA	NA	NA	NA	NA
NC_045512.2	5214	T	C	51608	44051	39	3	2	42	5.81271e-05	51611	0.855485	FALSE	NA	NA	NA	NA	NA	NA
NC_045512.2	5215	A	G	50707	43650	38	4	3	42	7.88783e-05	50711	0.746113	FALSE	NA	NA	NA	NA	NA	NA
NC_045512.2	5216	A	T	51280	44511	38	1	1	26	1.94996e-05	51283	1	FALSE	NA	NA	NA	NA	NA	NA
NC_045512.2	5216	A	G	51280	44511	38	2	2	34	3.89993e-05	51283	1	FALSE	NA	NA	NA	NA	NA	NA
NC_045512.2	5217	A	G	51417	44704	39	1	1	68	1.94484e-05	51418	0.500005	FALSE	NA	NA	NA	NA	NA	NA
NC_045512.2	5218	T	C	51759	45185	38	4	4	35	7.72723e-05	51765	1	FALSE	NA	NA	NA	NA	NA	NA
NC_045512.2	5218	T	A	51759	45185	38	2	2	34	3.86361e-05	51765	1	FALSE	NA	NA	NA	NA	NA	NA
NC_045512.2	5219	C	T	51235	44704	39	1	1	34	1.95168e-05	51238	1	FALSE	NA	NA	NA	NA	NA	NA
NC_045512.2	5219	C	G	51235	44704	39	1	0	27	1.95168e-05	51238	1	FALSE	NA	NA	NA	NA	NA	NA
NC_045512.2	5219	C	A	51235	44704	39	1	1	34	1.95168e-05	51238	1	FALSE	NA	NA	NA	NA	NA	NA
NC_045512.2	5220	A	T	50735	44199	39	1	1	34	1.97087e-05	50739	1	FALSE	NA	NA	NA	NA	NA	NA
NC_045512.2	5220	A	G	50735	44199	39	3	3	45	5.91261e-05	50739	0.855478	FALSE	NA	NA	NA	NA	NA	NA
NC_045512.2	5221	C	G	50701	44272	39	1	0	26	1.97231e-05	50702	1	FALSE	NA	NA	NA	NA	NA	NA
NC_045512.2	5222	A	G	50652	44220	39	3	2	68	5.92242e-05	50655	0.125	FALSE	NA	NA	NA	NA	NA	NA
NC_045512.2	5223	C	T	50577	44260	39	1	1	26	1.97714e-05	50578	1	FALSE	NA	NA	NA	NA	NA	NA
NC_045512.2	5224	T	C	50264	43937	39	7	7	34	0.000139245	50271	1	FALSE	NA	NA	NA	NA	NA	NA
NC_045512.2	5224	T	-A	50264	43937	39	1	0	20	1.98922e-05	50271	1	FALSE	NA	NA	NA	NA	NA	NA
NC_045512.2	5225	A	G	50388	44064	39	11	7	34	0.000218258	50399	1	FALSE	NA	NA	NA	NA	NA	NA
NC_045512.2	5226	A	G	50302	43988	39	1	0	68	1.98783e-05	50306	0.49999	FALSE	NA	NA	NA	NA	NA	NA
NC_045512.2	5226	A	C	50302	43988	39	3	3	27	5.9635e-05	50306	1	FALSE	NA	NA	NA	NA	NA	NA
NC_045512.2	5227	A	T	50314	43997	39	1	0	34	1.98736e-05	50318	1	FALSE	NA	NA	NA	NA	NA	NA
NC_045512.2	5227	A	G	50314	43997	39	1	1	26	1.98736e-05	50318	1	FALSE	NA	NA	NA	NA	NA	NA
NC_045512.2	5227	A	C	50314	43997	39	2	2	30	3.97472e-05	50318	1	FALSE	NA	NA	NA	NA	NA	NA
NC_045512.2	5228	A	T	49691	43372	38	1	1	26	2.01219e-05	49697	1	FALSE	NA	NA	NA	NA	NA	NA
NC_045512.2	5228	A	G	49691	43372	38	2	2	51	4.02439e-05	49697	0.249982	FALSE	NA	NA	NA	NA	NA	NA
NC_045512.2	5228	A	C	49691	43372	38	3	3	31	6.03658e-05	49697	1	FALSE	NA	NA	NA	NA	NA	NA
NC_045512.2	5229	A	T	49771	43809	38	4	4	49	8.03455e-05	49785	0.636625	FALSE	NA	NA	NA	NA	NA	NA
NC_045512.2	5229	A	G	49771	43809	38	7	7	37	0.000140605	49785	1	FALSE	NA	NA	NA	NA	NA	NA
NC_045512.2	5229	A	C	49771	43809	38	3	3	31	6.02591e-05	49785	1	FALSE	NA	NA	NA	NA	NA	NA
NC_045512.2	5230	G	T	50015	44138	38	2	2	30	3.99864e-05	50017	1	FALSE	NA	NA	NA	NA	NA	NA
NC_045512.2	5231	T	G	49356	43486	38	1	1	34	2.02597e-05	49359	1	FALSE	NA	NA	NA	NA	NA	NA
NC_045512.2	5231	T	C	49356	43486	38	1	1	26	2.02597e-05	49359	1	FALSE	NA	NA	NA	NA	NA	NA
NC_045512.2	5231	T	A	49356	43486	38	1	1	34	2.02597e-05	49359	1	FALSE	NA	NA	NA	NA	NA	NA
NC_045512.2	5231	T	-G	49356	43486	38	2	0	20	4.05195e-05	49359	1	FALSE	NA	NA	NA	NA	NA	NA
NC_045512.2	5232	G	T	49279	43407	38	2	2	34	4.05811e-05	49284	1	FALSE	NA	NA	NA	NA	NA	NA
NC_045512.2	5232	G	C	49279	43407	38	2	2	34	4.05811e-05	49284	1	FALSE	NA	NA	NA	NA	NA	NA
NC_045512.2	5232	G	A	49279	43407	38	1	1	34	2.02906e-05	49284	1	FALSE	NA	NA	NA	NA	NA	NA
NC_045512.2	5233	G	T	49213	43577	38	2	2	34	4.06339e-05	49220	1	FALSE	NA	NA	NA	NA	NA	NA
NC_045512.2	5233	G	C	49213	43577	38	3	3	26	6.09508e-05	49220	1	FALSE	NA	NA	NA	NA	NA	NA
NC_045512.2	5233	G	A	49213	43577	38	2	2	34	4.06339e-05	49220	1	FALSE	NA	NA	NA	NA	NA	NA
NC_045512.2	5234	A	T	48823	43197	38	3	2	34	6.14276e-05	48838	1	FALSE	NA	NA	NA	NA	NA	NA
NC_045512.2	5234	A	G	48823	43197	38	9	7	42	0.000184283	48838	0.133367	FALSE	NA	NA	NA	NA	NA	NA
NC_045512.2	5234	A	C	48823	43197	38	3	3	26	6.14276e-05	48838	1	FALSE	NA	NA	NA	NA	NA	NA
NC_045512.2	5235	A	G	48853	43499	38	3	3	34	6.14024e-05	48858	1	FALSE	NA	NA	NA	NA	NA	NA
NC_045512.2	5235	A	C	48853	43499	38	2	2	34	4.0935e-05	48858	1	FALSE	NA	NA	NA	NA	NA	NA
NC_045512.2	5236	A	G	48810	43511	38	1	1	34	2.04868e-05	48812	1	FALSE	NA	NA	NA	NA	NA	NA
NC_045512.2	5236	A	C	48810	43511	38	1	1	34	2.04868e-05	48812	1	FALSE	NA	NA	NA	NA	NA	NA
NC_045512.2	5237	T	C	48633	43419	38	3	2	42	6.16827e-05	48636	0.773454	FALSE	NA	NA	NA	NA	NA	NA
NC_045512.2	5238	A	G	48519	43439	37	7	6	34	0.00014425	48527	1	FALSE	NA	NA	NA	NA	NA	NA
NC_045512.2	5238	A	C	48519	43439	37	1	1	34	2.06071e-05	48527	1	FALSE	NA	NA	NA	NA	NA	NA
NC_045512.2	5238	A	-C	48519	43439	37	2	0	20	4.12142e-05	48527	1	FALSE	NA	NA	NA	NA	NA	NA
NC_045512.2	5239	C	A	48632	43466	38	1	1	34	2.05622e-05	48633	1	FALSE	NA	NA	NA	NA	NA	NA
NC_045512.2	5240	C	G	48047	43156	37	1	1	34	2.08121e-05	48049	1	FALSE	NA	NA	NA	NA	NA	NA
NC_045512.2	5240	C	A	48047	43156	37	1	1	34	2.08121e-05	48049	1	FALSE	NA	NA	NA	NA	NA	NA
NC_045512.2	5241	C	T	47980	43089	37	1	1	34	2.08407e-05	47983	1	FALSE	NA	NA	NA	NA	NA	NA
NC_045512.2	5241	C	A	47980	43089	37	2	1	68	4.16814e-05	47983	0.249997	FALSE	NA	NA	NA	NA	NA	NA
NC_045512.2	5242	A	T	47757	42863	38	1	1	26	2.09363e-05	47764	1	FALSE	NA	NA	NA	NA	NA	NA
NC_045512.2	5242	A	G	47757	42863	38	6	6	34	0.000125618	47764	1	FALSE	NA	NA	NA	NA	NA	NA
NC_045512.2	5243	C	T	47477	43213	37	1	1	34	2.10624e-05	47478	1	FALSE	NA	NA	NA	NA	NA	NA
NC_045512.2	5244	A	G	46951	42684	37	1	1	68	2.12983e-05	46952	0.500005	FALSE	NA	NA	NA	NA	NA	NA
NC_045512.2	5245	A	G	47206	43037	37	8	8	33	0.000169438	47215	1	FALSE	NA	NA	NA	NA	NA	NA
NC_045512.2	5245	A	C	47206	43037	37	1	1	34	2.11797e-05	47215	1	FALSE	NA	NA	NA	NA	NA	NA
NC_045512.2	5246	G	T	47157	42994	37	1	1	34	2.12031e-05	47163	1	FALSE	NA	NA	NA	NA	NA	NA
NC_045512.2	5246	G	C	47157	42994	37	1	1	34	2.12031e-05	47163	1	FALSE	NA	NA	NA	NA	NA	NA
NC_045512.2	5246	G	A	47157	42994	37	4	4	34	8.48122e-05	47163	1	FALSE	NA	NA	NA	NA	NA	NA
NC_045512.2	5247	T	C	41618	37482	35	5	5	34	0.000120126	41623	1	FALSE	NA	NA	NA	NA	NA	NA
NC_045512.2	5248	T	C	45964	41842	37	5	4	30	0.000108767	45970	1	FALSE	NA	NA	NA	NA	NA	NA
NC_045512.2	5248	T	A	45964	41842	37	1	1	34	2.17533e-05	45970	1	FALSE	NA	NA	NA	NA	NA	NA
NC_045512.2	5249	A	T	46017	42046	37	1	1	34	2.17278e-05	46024	1	FALSE	NA	NA	NA	NA	NA	NA
NC_045512.2	5249	A	G	46017	42046	37	6	6	34	0.000130367	46024	1	FALSE	NA	NA	NA	NA	NA	NA
NC_045512.2	5250	A	T	45888	42013	37	2	2	30	4.35768e-05	45896	1	FALSE	NA	NA	NA	NA	NA	NA
NC_045512.2	5250	A	G	45888	42013	37	6	6	38	0.00013073	45896	1	FALSE	NA	NA	NA	NA	NA	NA
NC_045512.2	5250	A	+C	45888	42013	37	1	0	20	2.17884e-05	45896	1	FALSE	NA	NA	NA	NA	NA	NA
NC_045512.2	5251	T	C	46020	42147	37	5	4	40	0.000108637	46025	0.500013	FALSE	NA	NA	NA	NA	NA	NA
NC_045512.2	5252	G	T	45454	41593	37	1	1	26	2.19978e-05	45459	1	FALSE	NA	NA	NA	NA	NA	NA
NC_045512.2	5252	G	C	45454	41593	37	3	3	34	6.59935e-05	45459	1	FALSE	NA	NA	NA	NA	NA	NA
NC_045512.2	5252	G	A	45454	41593	37	1	1	34	2.19978e-05	45459	1	FALSE	NA	NA	NA	NA	NA	NA
NC_045512.2	5253	G	T	45441	41584	37	1	1	26	2.20056e-05	45443	1	FALSE	NA	NA	NA	NA	NA	NA
NC_045512.2	5253	G	A	45441	41584	37	1	1	34	2.20056e-05	45443	1	FALSE	NA	NA	NA	NA	NA	NA
NC_045512.2	5253	G	-T	45441	41584	37	1	0	20	2.20056e-05	45443	1	FALSE	NA	NA	NA	NA	NA	NA
NC_045512.2	5254	T	G	41027	37233	36	1	0	24	2.43718e-05	41031	1	FALSE	NA	NA	NA	NA	NA	NA
NC_045512.2	5254	T	C	41027	37233	36	2	2	34	4.87436e-05	41031	1	FALSE	NA	NA	NA	NA	NA	NA
NC_045512.2	5254	T	A	41027	37233	36	1	1	34	2.43718e-05	41031	1	FALSE	NA	NA	NA	NA	NA	NA
NC_045512.2	5255	T	G	41969	38194	37	1	1	34	2.38243e-05	41974	1	FALSE	NA	NA	NA	NA	NA	NA
NC_045512.2	5255	T	C	41969	38194	37	4	2	51	9.52971e-05	41974	0.0624955	FALSE	NA	NA	NA	NA	NA	NA
NC_045512.2	5256	T	G	41867	38155	37	3	2	31	7.16401e-05	41876	1	FALSE	NA	NA	NA	NA	NA	NA
NC_045512.2	5256	T	C	41867	38155	37	4	4	42	9.55201e-05	41876	0.636673	FALSE	NA	NA	NA	NA	NA	NA
NC_045512.2	5256	T	A	41867	38155	37	2	2	30	4.77601e-05	41876	1	FALSE	NA	NA	NA	NA	NA	NA
NC_045512.2	5257	A	T	41695	38052	37	2	1	68	4.79628e-05	41699	0.249991	FALSE	NA	NA	NA	NA	NA	NA
NC_045512.2	5257	A	G	41695	38052	37	2	2	34	4.79628e-05	41699	1	FALSE	NA	NA	NA	NA	NA	NA
NC_045512.2	5258	A	G	41665	38145	37	5	5	40	0.00011999	41670	0.500015	FALSE	NA	NA	NA	NA	NA	NA
NC_045512.2	5259	C	G	41714	38266	37	3	3	68	7.19131e-05	41717	0.125	FALSE	NA	NA	NA	NA	NA	NA
NC_045512.2	5259	C	-T	41714	38266	37	1	0	20	2.3971e-05	41717	1	FALSE	NA	NA	NA	NA	NA	NA
NC_045512.2	5260	T	C	41631	38196	37	3	3	34	7.20565e-05	41634	1	FALSE	NA	NA	NA	NA	NA	NA
NC_045512.2	5261	T	C	40283	36865	36	5	5	34	0.000124106	40288	1	FALSE	NA	NA	NA	NA	NA	NA
NC_045512.2	5262	C	T	39689	36648	36	1	1	34	2.51946e-05	39691	1	FALSE	NA	NA	NA	NA	NA	NA
NC_045512.2	5262	C	A	39689	36648	36	1	1	26	2.51946e-05	39691	1	FALSE	NA	NA	NA	NA	NA	NA
NC_045512.2	5264	A	T	52049	37190	36	2	2	30	3.84231e-05	52052	1	FALSE	NA	NA	NA	NA	NA	NA
NC_045512.2	5264	A	C	52049	37190	36	1	1	34	1.92116e-05	52052	1	FALSE	NA	NA	NA	NA	NA	NA
NC_045512.2	5265	T	G	52613	37991	36	1	1	34	1.9006e-05	52615	1	FALSE	NA	NA	NA	NA	NA	NA
NC_045512.2	5265	T	C	52613	37991	36	1	1	34	1.9006e-05	52615	1	FALSE	NA	NA	NA	NA	NA	NA
NC_045512.2	5266	T	C	52683	37852	36	3	3	34	5.6939e-05	52688	1	FALSE	NA	NA	NA	NA	NA	NA
NC_045512.2	5266	T	A	52683	37852	36	2	1	34	3.79593e-05	52688	1	FALSE	NA	NA	NA	NA	NA	NA
NC_045512.2	5266	T	-A	52683	37852	36	1	0	20	1.89797e-05	52688	1	FALSE	NA	NA	NA	NA	NA	NA
NC_045512.2	5267	A	T	52616	37803	36	5	4	27	9.50101e-05	52626	1	FALSE	NA	NA	NA	NA	NA	NA
NC_045512.2	5267	A	G	52616	37803	36	4	3	34	7.60081e-05	52626	1	FALSE	NA	NA	NA	NA	NA	NA
NC_045512.2	5267	A	C	52616	37803	36	1	1	26	1.9002e-05	52626	1	FALSE	NA	NA	NA	NA	NA	NA
NC_045512.2	5268	A	G	52101	37790	35	3	3	34	5.75772e-05	52104	1	FALSE	NA	NA	NA	NA	NA	NA
NC_045512.2	5269	A	G	52045	37707	35	2	2	34	3.84261e-05	52048	1	FALSE	NA	NA	NA	NA	NA	NA
NC_045512.2	5269	A	C	52045	37707	35	1	1	34	1.9213e-05	52048	1	FALSE	NA	NA	NA	NA	NA	NA
NC_045512.2	5270	T	C	52050	37750	35	2	2	30	3.84231e-05	52052	1	FALSE	NA	NA	NA	NA	NA	NA
NC_045512.2	5270	T	-GGG	52050	37750	35	1	0	20	1.92116e-05	52052	1	FALSE	NA	NA	NA	NA	NA	NA
NC_045512.2	5271	G	T	51104	36977	35	2	2	34	3.91313e-05	51110	1	FALSE	NA	NA	NA	NA	NA	NA
NC_045512.2	5271	G	C	51104	36977	35	1	1	26	1.95656e-05	51110	1	FALSE	NA	NA	NA	NA	NA	NA
NC_045512.2	5271	G	A	51104	36977	35	3	0	28	5.86969e-05	51110	1	FALSE	NA	NA	NA	NA	NA	NA
NC_045512.2	5272	G	T	51310	36938	35	4	2	34	7.79499e-05	51315	1	FALSE	NA	NA	NA	NA	NA	NA
NC_045512.2	5272	G	A	51310	36938	35	1	1	34	1.94875e-05	51315	1	FALSE	NA	NA	NA	NA	NA	NA
NC_045512.2	5273	G	T	51539	36902	35	1	1	34	1.93964e-05	51556	1	FALSE	NA	NA	NA	NA	NA	NA
NC_045512.2	5273	G	A	51539	36902	35	16	15	34	0.000310342	51556	0.999997	FALSE	NA	NA	NA	NA	NA	NA
NC_045512.2	5274	C	T	51603	37021	35	2	2	29	3.87529e-05	51609	1	FALSE	NA	NA	NA	NA	NA	NA
NC_045512.2	5274	C	G	51603	37021	35	1	1	34	1.93765e-05	51609	1	FALSE	NA	NA	NA	NA	NA	NA
NC_045512.2	5274	C	A	51603	37021	35	3	3	34	5.81294e-05	51609	1	FALSE	NA	NA	NA	NA	NA	NA
NC_045512.2	5275	A	G	50344	35668	35	2	2	34	3.97227e-05	50349	1	FALSE	NA	NA	NA	NA	NA	NA
NC_045512.2	5275	A	C	50344	35668	35	3	2	34	5.95841e-05	50349	1	FALSE	NA	NA	NA	NA	NA	NA
NC_045512.2	5276	G	A	56233	35754	35	5	0	34	8.89079e-05	56238	1	FALSE	NA	NA	NA	NA	NA	NA
NC_045512.2	5277	A	G	56291	36086	35	10	7	34	0.000177617	56301	1	FALSE	NA	NA	NA	NA	NA	NA
NC_045512.2	5278	T	C	57585	35526	35	5	3	34	8.68191e-05	57591	1	FALSE	NA	NA	NA	NA	NA	NA
NC_045512.2	5278	T	A	57585	35526	35	1	1	26	1.73638e-05	57591	1	FALSE	NA	NA	NA	NA	NA	NA
NC_045512.2	5278	T	-A	57585	35526	35	1	0	20	1.73638e-05	57591	1	FALSE	NA	NA	NA	NA	NA	NA
NC_045512.2	5279	A	G	57837	36026	35	14	10	33	0.000241993	57853	1	FALSE	NA	NA	NA	NA	NA	NA
NC_045512.2	5279	A	C	57837	36026	35	2	2	26	3.45704e-05	57853	1	FALSE	NA	NA	NA	NA	NA	NA
NC_045512.2	5280	A	G	58046	35765	35	2	1	30	3.44537e-05	58049	1	FALSE	NA	NA	NA	NA	NA	NA
NC_045512.2	5280	A	C	58046	35765	35	1	1	34	1.72268e-05	58049	1	FALSE	NA	NA	NA	NA	NA	NA
NC_045512.2	5280	A	-C	58046	35765	35	1	0	20	1.72268e-05	58049	1	FALSE	NA	NA	NA	NA	NA	NA
NC_045512.2	5281	C	T	58833	35928	35	1	1	34	1.69964e-05	58836	1	FALSE	NA	NA	NA	NA	NA	NA
NC_045512.2	5281	C	A	58833	35928	35	2	0	30	3.39928e-05	58836	1	FALSE	NA	NA	NA	NA	NA	NA
NC_045512.2	5282	A	G	58635	35718	35	5	1	30	8.52631e-05	58642	1	FALSE	NA	NA	NA	NA	NA	NA
NC_045512.2	5282	A	C	58635	35718	35	2	2	34	3.41052e-05	58642	1	FALSE	NA	NA	NA	NA	NA	NA
NC_045512.2	5283	A	T	59704	35499	35	1	1	34	1.67479e-05	59709	1	FALSE	NA	NA	NA	NA	NA	NA
NC_045512.2	5283	A	G	59704	35499	35	3	2	34	5.02437e-05	59709	1	FALSE	NA	NA	NA	NA	NA	NA
NC_045512.2	5283	A	C	59704	35499	35	1	1	26	1.67479e-05	59709	1	FALSE	NA	NA	NA	NA	NA	NA
NC_045512.2	5284	C	T	62230	35801	35	3	1	31	4.82052e-05	62234	1	FALSE	NA	NA	NA	NA	NA	NA
NC_045512.2	5284	C	A	62230	35801	35	1	1	34	1.60684e-05	62234	1	FALSE	NA	NA	NA	NA	NA	NA
NC_045512.2	5285	T	G	57757	31362	35	2	0	30	3.46248e-05	57762	1	FALSE	NA	NA	NA	NA	NA	NA
NC_045512.2	5285	T	C	57757	31362	35	3	2	31	5.19373e-05	57762	1	FALSE	NA	NA	NA	NA	NA	NA
NC_045512.2	5286	G	C	58646	31582	35	4	4	32	6.81954e-05	58655	1	FALSE	NA	NA	NA	NA	NA	NA
NC_045512.2	5286	G	A	58646	31582	35	5	2	27	8.52442e-05	58655	1	FALSE	NA	NA	NA	NA	NA	NA
NC_045512.2	5286	G	-T	58646	31582	35	1	0	20	1.70488e-05	58655	1	FALSE	NA	NA	NA	NA	NA	NA
NC_045512.2	5287	T	C	56819	29803	35	8	5	33	0.000140778	56827	1	FALSE	NA	NA	NA	NA	NA	NA
NC_045512.2	5288	T	G	56047	28530	35	1	0	34	1.78374e-05	56062	1	FALSE	NA	NA	NA	NA	NA	NA
NC_045512.2	5288	T	C	56047	28530	35	12	4	33	0.000214049	56062	1	FALSE	NA	NA	NA	NA	NA	NA
NC_045512.2	5288	T	A	56047	28530	35	2	0	26	3.56748e-05	56062	1	FALSE	NA	NA	NA	NA	NA	NA
NC_045512.2	5289	A	T	56371	28796	35	1	1	24	1.77384e-05	56375	1	FALSE	NA	NA	NA	NA	NA	NA
NC_045512.2	5289	A	G	56371	28796	35	2	1	34	3.54767e-05	56375	1	FALSE	NA	NA	NA	NA	NA	NA
NC_045512.2	5289	A	C	56371	28796	35	1	1	26	1.77384e-05	56375	1	FALSE	NA	NA	NA	NA	NA	NA
NC_045512.2	5290	T	G	47538	19589	33	1	1	34	2.10327e-05	47545	1	FALSE	NA	NA	NA	NA	NA	NA
NC_045512.2	5290	T	C	47538	19589	33	5	3	34	0.000105164	47545	1	FALSE	NA	NA	NA	NA	NA	NA
NC_045512.2	5290	T	A	47538	19589	33	1	1	34	2.10327e-05	47545	1	FALSE	NA	NA	NA	NA	NA	NA
NC_045512.2	5291	C	T	56039	28091	35	3	3	34	5.35303e-05	56043	1	FALSE	NA	NA	NA	NA	NA	NA
NC_045512.2	5291	C	A	56039	28091	35	1	0	34	1.78434e-05	56043	1	FALSE	NA	NA	NA	NA	NA	NA
NC_045512.2	5291	C	-T	56039	28091	35	1	0	20	1.78434e-05	56043	1	FALSE	NA	NA	NA	NA	NA	NA
NC_045512.2	5292	T	G	55080	27099	35	3	3	34	5.44583e-05	55088	1	FALSE	NA	NA	NA	NA	NA	NA
NC_045512.2	5292	T	C	55080	27099	35	1	1	34	1.81528e-05	55088	1	FALSE	NA	NA	NA	NA	NA	NA
NC_045512.2	5292	T	A	55080	27099	35	4	2	34	7.26111e-05	55088	1	FALSE	NA	NA	NA	NA	NA	NA
NC_045512.2	5292	T	-TG	55080	27099	35	1	0	20	1.81524e-05	55089	1	FALSE	NA	NA	NA	NA	NA	NA
NC_045512.2	5293	T	G	53200	25112	35	3	0	31	5.63814e-05	53209	1	FALSE	NA	NA	NA	NA	NA	NA
NC_045512.2	5293	T	C	53200	25112	35	5	4	32	9.39691e-05	53209	1	FALSE	NA	NA	NA	NA	NA	NA
NC_045512.2	5293	T	A	53200	25112	35	1	0	34	1.87938e-05	53209	1	FALSE	NA	NA	NA	NA	NA	NA
NC_045512.2	5293	T	-G	53200	25112	35	1	0	20	1.87935e-05	53210	1	FALSE	NA	NA	NA	NA	NA	NA
NC_045512.2	5294	G	T	53077	24939	35	1	0	34	1.88359e-05	53090	1	FALSE	NA	NA	NA	NA	NA	NA
NC_045512.2	5294	G	C	53077	24939	35	1	1	34	1.88359e-05	53090	1	FALSE	NA	NA	NA	NA	NA	NA
NC_045512.2	5294	G	A	53077	24939	35	11	7	34	0.000207195	53090	1	FALSE	NA	NA	NA	NA	NA	NA
NC_045512.2	5295	C	T	53235	24638	35	13	5	34	0.000244122	53252	1	FALSE	NA	NA	NA	NA	NA	NA
NC_045512.2	5295	C	A	53235	24638	35	4	1	34	7.51145e-05	53252	1	FALSE	NA	NA	NA	NA	NA	NA
NC_045512.2	5296	C	T	53257	24606	35	1	0	34	1.87762e-05	53259	1	FALSE	NA	NA	NA	NA	NA	NA
NC_045512.2	5296	C	G	53257	24606	35	1	0	26	1.87762e-05	53259	1	FALSE	NA	NA	NA	NA	NA	NA
NC_045512.2	5297	A	G	52818	23886	35	4	3	32	7.57246e-05	52823	1	FALSE	NA	NA	NA	NA	NA	NA
NC_045512.2	5297	A	C	52818	23886	35	1	0	34	1.89311e-05	52823	1	FALSE	NA	NA	NA	NA	NA	NA
NC_045512.2	5298	C	T	53088	24192	35	6	5	34	0.000113007	53094	1	FALSE	NA	NA	NA	NA	NA	NA
NC_045512.2	5299	T	C	31383	2874	35	8	1	33	0.00025485	31391	0.999965	FALSE	NA	NA	NA	NA	NA	NA
NC_045512.2	5300	G	T	33198	2868	35	4	0	34	0.000120453	33208	1	FALSE	NA	NA	NA	NA	NA	NA
NC_045512.2	5300	G	A	33198	2868	35	6	0	34	0.000180679	33208	0.999999	FALSE	NA	NA	NA	NA	NA	NA
NC_045512.2	5301	C	G	33310	3008	35	1	0	34	3.00201e-05	33311	1	FALSE	NA	NA	NA	NA	NA	NA
NC_045512.2	5302	A	G	35310	3144	35	1	0	34	2.83198e-05	35311	1	FALSE	NA	NA	NA	NA	NA	NA
NC_045512.2	5303	T	G	36166	3153	35	1	0	34	2.7648e-05	36169	1	FALSE	NA	NA	NA	NA	NA	NA
NC_045512.2	5303	T	C	36166	3153	35	1	0	34	2.7648e-05	36169	1	FALSE	NA	NA	NA	NA	NA	NA
NC_045512.2	5303	T	A	36166	3153	35	1	0	34	2.7648e-05	36169	1	FALSE	NA	NA	NA	NA	NA	NA
NC_045512.2	5304	T	G	36510	3150	35	2	0	34	5.4775e-05	36513	1	FALSE	NA	NA	NA	NA	NA	NA
NC_045512.2	5304	T	C	36510	3150	35	1	0	34	2.73875e-05	36513	1	FALSE	NA	NA	NA	NA	NA	NA
NC_045512.2	5305	G	T	39905	3162	35	2	0	34	5.0114e-05	39909	1	FALSE	NA	NA	NA	NA	NA	NA
NC_045512.2	5305	G	A	39905	3162	35	2	0	34	5.0114e-05	39909	1	FALSE	NA	NA	NA	NA	NA	NA
NC_045512.2	5306	T	G	39864	3166	35	1	0	26	2.50834e-05	39867	1	FALSE	NA	NA	NA	NA	NA	NA
NC_045512.2	5306	T	C	39864	3166	35	1	0	34	2.50834e-05	39867	1	FALSE	NA	NA	NA	NA	NA	NA
NC_045512.2	5306	T	A	39864	3166	35	1	0	26	2.50834e-05	39867	1	FALSE	NA	NA	NA	NA	NA	NA
NC_045512.2	5307	T	G	39945	3275	35	1	0	34	2.50263e-05	39958	1	FALSE	NA	NA	NA	NA	NA	NA
NC_045512.2	5307	T	C	39945	3275	35	12	0	36	0.000300315	39958	0.999972	FALSE	NA	NA	NA	NA	NA	NA
NC_045512.2	5308	A	G	40089	3328	35	9	0	34	0.00022445	40098	0.999999	FALSE	NA	NA	NA	NA	NA	NA
NC_045512.2	5309	A	T	38509	3364	33	1	0	34	2.59653e-05	38513	1	FALSE	NA	NA	NA	NA	NA	NA
NC_045512.2	5309	A	G	38509	3364	33	2	1	34	5.19305e-05	38513	1	FALSE	NA	NA	NA	NA	NA	NA
NC_045512.2	5309	A	C	38509	3364	33	1	1	20	2.59653e-05	38513	1	FALSE	NA	NA	NA	NA	NA	NA
NC_045512.2	5310	C	T	40511	3384	35	4	0	34	9.87191e-05	40519	1	FALSE	NA	NA	NA	NA	NA	NA
NC_045512.2	5310	C	G	40511	3384	35	2	0	34	4.93596e-05	40519	1	FALSE	NA	NA	NA	NA	NA	NA
NC_045512.2	5310	C	A	40511	3384	35	2	0	34	4.93596e-05	40519	1	FALSE	NA	NA	NA	NA	NA	NA
NC_045512.2	5311	A	G	40567	3415	35	1	0	34	2.465e-05	40568	1	FALSE	NA	NA	NA	NA	NA	NA
NC_045512.2	5312	C	T	41651	3743	35	2	0	34	4.80157e-05	41653	1	FALSE	NA	NA	NA	NA	NA	NA
NC_045512.2	5312	C	-TCCAACAAA	41651	3743	35	4	0	20	9.60315e-05	41653	1	FALSE	NA	NA	NA	NA	NA	NA
NC_045512.2	5313	T	C	41856	4142	35	3	0	34	7.1664e-05	41862	1	FALSE	NA	NA	NA	NA	NA	NA
NC_045512.2	5313	T	A	41856	4142	35	3	0	34	7.1664e-05	41862	1	FALSE	NA	NA	NA	NA	NA	NA
NC_045512.2	5313	T	-CC	41856	4142	35	1	0	20	2.38857e-05	41866	1	FALSE	NA	NA	NA	NA	NA	NA
NC_045512.2	5314	C	T	42940	4550	36	7	0	34	0.000162992	42947	1	FALSE	NA	NA	NA	NA	NA	NA
NC_045512.2	5316	A	T	43727	4581	36	1	0	34	2.28676e-05	43730	1	FALSE	NA	NA	NA	NA	NA	NA
NC_045512.2	5316	A	C	43727	4581	36	2	0	34	4.57352e-05	43730	1	FALSE	NA	NA	NA	NA	NA	NA
NC_045512.2	5317	A	G	41205	4596	34	5	0	32	0.00012133	41210	1	FALSE	NA	NA	NA	NA	NA	NA
NC_045512.2	5318	C	-A	44226	4682	36	2	0	20	4.52182e-05	44230	1	FALSE	NA	NA	NA	NA	NA	NA
NC_045512.2	5319	A	G	44205	4802	36	10	0	32	0.000226168	44215	1	FALSE	NA	NA	NA	NA	NA	NA
NC_045512.2	5320	A	T	44380	4794	36	1	0	34	2.25306e-05	44384	1	FALSE	NA	NA	NA	NA	NA	NA
NC_045512.2	5320	A	G	44380	4794	36	3	0	34	6.75919e-05	44384	1	FALSE	NA	NA	NA	NA	NA	NA
NC_045512.2	5321	A	G	42541	4828	35	1	0	68	2.35062e-05	42542	0.499982	FALSE	NA	NA	NA	NA	NA	NA
NC_045512.2	5322	T	C	44632	4811	36	5	0	34	0.000112015	44637	1	FALSE	NA	NA	NA	NA	NA	NA
NC_045512.2	5323	A	T	42166	4853	35	3	0	40	7.11305e-05	42176	0.773389	FALSE	NA	NA	NA	NA	NA	NA
NC_045512.2	5323	A	G	42166	4853	35	7	0	34	0.000165971	42176	1	FALSE	NA	NA	NA	NA	NA	NA
NC_045512.2	5324	G	T	45673	4857	36	2	0	34	4.37876e-05	45675	1	FALSE	NA	NA	NA	NA	NA	NA
NC_045512.2	5325	A	G	44596	5016	35	8	2	37	0.000179356	44604	1	FALSE	NA	NA	NA	NA	NA	NA
NC_045512.2	5326	G	C	46429	4997	36	2	0	34	4.30737e-05	46432	1	FALSE	NA	NA	NA	NA	NA	NA
NC_045512.2	5326	G	A	46429	4997	36	1	0	34	2.15369e-05	46432	1	FALSE	NA	NA	NA	NA	NA	NA
NC_045512.2	5327	T	G	45564	4267	35	2	2	23	4.38866e-05	45572	1	FALSE	NA	NA	NA	NA	NA	NA
NC_045512.2	5327	T	C	45564	4267	35	5	0	34	0.000109716	45572	1	FALSE	NA	NA	NA	NA	NA	NA
NC_045512.2	5327	T	A	45564	4267	35	1	0	34	2.19433e-05	45572	1	FALSE	NA	NA	NA	NA	NA	NA
NC_045512.2	5328	T	G	47161	6301	37	2	0	47	4.24007e-05	47169	0.890608	FALSE	NA	NA	NA	NA	NA	NA
NC_045512.2	5328	T	C	47161	6301	37	5	0	34	0.000106002	47169	1	FALSE	NA	NA	NA	NA	NA	NA
NC_045512.2	5328	T	A	47161	6301	37	1	0	34	2.12004e-05	47169	1	FALSE	NA	NA	NA	NA	NA	NA
NC_045512.2	5330	A	T	48464	6333	36	1	0	34	2.0633e-05	48466	1	FALSE	NA	NA	NA	NA	NA	NA
NC_045512.2	5330	A	G	48464	6333	36	1	0	34	2.0633e-05	48466	1	FALSE	NA	NA	NA	NA	NA	NA
NC_045512.2	5331	A	T	48691	6354	36	10	4	34	0.000205288	48712	1	FALSE	NA	NA	NA	NA	NA	NA
NC_045512.2	5331	A	G	48691	6354	36	7	1	34	0.000143702	48712	1	FALSE	NA	NA	NA	NA	NA	NA
NC_045512.2	5331	A	C	48691	6354	36	4	1	34	8.21153e-05	48712	1	FALSE	NA	NA	NA	NA	NA	NA
NC_045512.2	5332	G	T	50051	6381	36	1	1	26	1.99792e-05	50052	1	FALSE	NA	NA	NA	NA	NA	NA
NC_045512.2	5333	T	C	50031	6478	36	5	1	30	9.99281e-05	50036	1	FALSE	NA	NA	NA	NA	NA	NA
NC_045512.2	5334	T	C	50209	6606	37	1	0	34	1.9916e-05	50211	1	FALSE	NA	NA	NA	NA	NA	NA
NC_045512.2	5334	T	A	50209	6606	37	1	0	26	1.9916e-05	50211	1	FALSE	NA	NA	NA	NA	NA	NA
NC_045512.2	5335	T	C	50474	6750	37	5	1	34	9.90511e-05	50479	1	FALSE	NA	NA	NA	NA	NA	NA
NC_045512.2	5336	A	T	50614	6770	37	4	0	32	7.90202e-05	50620	1	FALSE	NA	NA	NA	NA	NA	NA
NC_045512.2	5336	A	G	50614	6770	37	2	0	51	3.95101e-05	50620	0.249983	FALSE	NA	NA	NA	NA	NA	NA
NC_045512.2	5337	A	T	50824	7087	37	2	1	34	3.93476e-05	50829	1	FALSE	NA	NA	NA	NA	NA	NA
NC_045512.2	5337	A	G	50824	7087	37	3	0	31	5.90214e-05	50829	1	FALSE	NA	NA	NA	NA	NA	NA
NC_045512.2	5338	T	C	50794	7111	37	7	1	37	0.000137787	50803	1	FALSE	NA	NA	NA	NA	NA	NA
NC_045512.2	5338	T	A	50794	7111	37	2	0	34	3.93678e-05	50803	1	FALSE	NA	NA	NA	NA	NA	NA
NC_045512.2	5339	C	T	50498	7157	37	5	0	34	9.90021e-05	50504	1	FALSE	NA	NA	NA	NA	NA	NA
NC_045512.2	5339	C	A	50498	7157	37	1	1	34	1.98004e-05	50504	1	FALSE	NA	NA	NA	NA	NA	NA
NC_045512.2	5340	C	T	50870	7213	37	1	0	34	1.9656e-05	50875	1	FALSE	NA	NA	NA	NA	NA	NA
NC_045512.2	5340	C	G	50870	7213	37	4	0	32	7.86241e-05	50875	1	FALSE	NA	NA	NA	NA	NA	NA
NC_045512.2	5341	A	G	51259	7201	37	10	1	31	0.00019505	51269	1	FALSE	NA	NA	NA	NA	NA	NA
NC_045512.2	5342	C	T	51248	7268	37	3	0	30	5.85354e-05	51251	1	FALSE	NA	NA	NA	NA	NA	NA
NC_045512.2	5343	C	T	51389	7652	37	1	0	34	1.94583e-05	51392	1	FALSE	NA	NA	NA	NA	NA	NA
NC_045512.2	5343	C	A	51389	7652	37	2	0	34	3.89166e-05	51392	1	FALSE	NA	NA	NA	NA	NA	NA
NC_045512.2	5343	C	-T	51389	7652	37	1	0	20	1.94583e-05	51392	1	FALSE	NA	NA	NA	NA	NA	NA
NC_045512.2	5344	T	C	51418	7642	37	7	2	48	0.000136121	51425	0.3872	FALSE	NA	NA	NA	NA	NA	NA
NC_045512.2	5345	G	T	54218	7693	37	5	1	51	9.22033e-05	54228	0.0312414	FALSE	NA	NA	NA	NA	NA	NA
NC_045512.2	5345	G	A	54218	7693	37	5	2	54	9.22033e-05	54228	0.0312414	FALSE	NA	NA	NA	NA	NA	NA
NC_045512.2	5346	C	T	53690	8117	37	2	0	34	3.72495e-05	53692	1	FALSE	NA	NA	NA	NA	NA	NA
NC_045512.2	5347	T	G	53905	8142	37	1	0	34	1.85501e-05	53908	1	FALSE	NA	NA	NA	NA	NA	NA
NC_045512.2	5347	T	C	53905	8142	37	2	0	51	3.71002e-05	53908	0.249998	FALSE	NA	NA	NA	NA	NA	NA
NC_045512.2	5348	C	T	54668	8200	37	10	0	34	0.000182872	54683	1	FALSE	NA	NA	NA	NA	NA	NA
NC_045512.2	5348	C	G	54668	8200	37	2	0	34	3.65744e-05	54683	1	FALSE	NA	NA	NA	NA	NA	NA
NC_045512.2	5348	C	A	54668	8200	37	3	0	34	5.48617e-05	54683	1	FALSE	NA	NA	NA	NA	NA	NA
NC_045512.2	5349	T	G	54704	8276	37	1	0	34	1.82765e-05	54715	1	FALSE	NA	NA	NA	NA	NA	NA
NC_045512.2	5349	T	C	54704	8276	37	10	2	43	0.000182765	54715	0.150862	FALSE	NA	NA	NA	NA	NA	NA
NC_045512.2	5350	A	G	55002	8275	37	6	2	35	0.000109075	55008	1	FALSE	NA	NA	NA	NA	NA	NA
NC_045512.2	5351	C	A	54862	8341	37	3	0	34	5.46797e-05	54865	1	FALSE	NA	NA	NA	NA	NA	NA
NC_045512.2	5352	A	G	54601	8329	37	10	0	33	0.000183113	54611	1	FALSE	NA	NA	NA	NA	NA	NA
NC_045512.2	5353	A	T	52271	8644	37	2	0	34	3.82577e-05	52277	1	FALSE	NA	NA	NA	NA	NA	NA
NC_045512.2	5353	A	G	52271	8644	37	4	1	34	7.65155e-05	52277	1	FALSE	NA	NA	NA	NA	NA	NA
NC_045512.2	5354	G	T	50195	8574	37	2	1	64	3.98414e-05	50199	0.249993	FALSE	NA	NA	NA	NA	NA	NA
NC_045512.2	5354	G	C	50195	8574	37	2	2	30	3.98414e-05	50199	1	FALSE	NA	NA	NA	NA	NA	NA
NC_045512.2	5355	A	G	49460	8873	36	6	1	34	0.000121295	49466	1	FALSE	NA	NA	NA	NA	NA	NA
NC_045512.2	5356	T	C	50515	8858	37	3	1	30	5.93848e-05	50518	1	FALSE	NA	NA	NA	NA	NA	NA
NC_045512.2	5357	G	A	54869	8818	37	3	0	34	5.46727e-05	54872	1	FALSE	NA	NA	NA	NA	NA	NA
NC_045512.2	5358	C	T	53763	9020	36	5	1	32	9.29904e-05	53769	1	FALSE	NA	NA	NA	NA	NA	NA
NC_045512.2	5358	C	G	53763	9020	36	1	0	68	1.85981e-05	53769	0.499981	FALSE	NA	NA	NA	NA	NA	NA
NC_045512.2	5358	C	-T	53763	9020	36	1	0	20	1.85981e-05	53769	1	FALSE	NA	NA	NA	NA	NA	NA
NC_045512.2	5359	T	C	54099	8872	37	5	2	40	9.24146e-05	54104	0.623053	FALSE	NA	NA	NA	NA	NA	NA
NC_045512.2	5360	T	G	53871	8707	36	1	0	34	1.85598e-05	53880	1	FALSE	NA	NA	NA	NA	NA	NA
NC_045512.2	5360	T	C	53871	8707	36	8	0	34	0.000148478	53880	1	FALSE	NA	NA	NA	NA	NA	NA
NC_045512.2	5361	A	T	54048	8956	37	1	0	26	1.8499e-05	54057	1	FALSE	NA	NA	NA	NA	NA	NA
NC_045512.2	5361	A	G	54048	8956	37	7	2	34	0.000129493	54057	1	FALSE	NA	NA	NA	NA	NA	NA
NC_045512.2	5361	A	C	54048	8956	37	1	0	34	1.8499e-05	54057	1	FALSE	NA	NA	NA	NA	NA	NA
NC_045512.2	5361	A	-T	54048	8956	37	1	0	20	1.8499e-05	54057	1	FALSE	NA	NA	NA	NA	NA	NA
NC_045512.2	5362	T	G	54725	9018	37	1	0	34	1.82715e-05	54730	1	FALSE	NA	NA	NA	NA	NA	NA
NC_045512.2	5362	T	C	54725	9018	37	4	0	40	7.30861e-05	54730	0.746094	FALSE	NA	NA	NA	NA	NA	NA
NC_045512.2	5363	T	G	52697	9370	36	1	0	34	1.8975e-05	52701	1	FALSE	NA	NA	NA	NA	NA	NA
NC_045512.2	5363	T	C	52697	9370	36	3	0	34	5.69249e-05	52701	1	FALSE	NA	NA	NA	NA	NA	NA
NC_045512.2	5364	A	T	52589	9381	36	1	0	34	1.90147e-05	52591	1	FALSE	NA	NA	NA	NA	NA	NA
NC_045512.2	5364	A	G	52589	9381	36	1	0	34	1.90147e-05	52591	1	FALSE	NA	NA	NA	NA	NA	NA
NC_045512.2	5365	C	T	52472	9402	36	8	4	37	0.000152419	52487	1	FALSE	NA	NA	NA	NA	NA	NA
NC_045512.2	5365	C	G	52472	9402	36	3	1	31	5.7157e-05	52487	1	FALSE	NA	NA	NA	NA	NA	NA
NC_045512.2	5365	C	A	52472	9402	36	4	0	34	7.62093e-05	52487	1	FALSE	NA	NA	NA	NA	NA	NA
NC_045512.2	5366	A	T	51755	8633	36	1	1	34	1.93162e-05	51770	1	FALSE	NA	NA	NA	NA	NA	NA
NC_045512.2	5366	A	G	51755	8633	36	11	1	34	0.000212478	51770	1	FALSE	NA	NA	NA	NA	NA	NA
NC_045512.2	5366	A	C	51755	8633	36	3	3	29	5.79486e-05	51770	1	FALSE	NA	NA	NA	NA	NA	NA
NC_045512.2	5367	G	T	53795	8680	36	1	0	34	1.85874e-05	53800	1	FALSE	NA	NA	NA	NA	NA	NA
NC_045512.2	5367	G	C	53795	8680	36	1	0	34	1.85874e-05	53800	1	FALSE	NA	NA	NA	NA	NA	NA
NC_045512.2	5367	G	A	53795	8680	36	3	0	42	5.57621e-05	53800	0.855472	FALSE	NA	NA	NA	NA	NA	NA
NC_045512.2	5368	A	G	53999	8793	36	1	0	34	1.85182e-05	54001	1	FALSE	NA	NA	NA	NA	NA	NA
NC_045512.2	5368	A	C	53999	8793	36	1	1	27	1.85182e-05	54001	1	FALSE	NA	NA	NA	NA	NA	NA
NC_045512.2	5369	G	A	54009	8761	36	2	1	34	3.70295e-05	54011	1	FALSE	NA	NA	NA	NA	NA	NA
NC_045512.2	5370	C	T	54338	9542	37	1	0	34	1.84026e-05	54340	1	FALSE	NA	NA	NA	NA	NA	NA
NC_045512.2	5370	C	A	54338	9542	37	1	0	34	1.84026e-05	54340	1	FALSE	NA	NA	NA	NA	NA	NA
NC_045512.2	5370	C	-A	54338	9542	37	1	0	20	1.84026e-05	54340	1	FALSE	NA	NA	NA	NA	NA	NA
NC_045512.2	5371	A	T	54193	9317	37	1	1	34	1.84512e-05	54197	1	FALSE	NA	NA	NA	NA	NA	NA
NC_045512.2	5371	A	G	54193	9317	37	3	1	34	5.53536e-05	54197	1	FALSE	NA	NA	NA	NA	NA	NA
NC_045512.2	5372	A	G	54045	9384	37	5	0	32	9.25018e-05	54053	1	FALSE	NA	NA	NA	NA	NA	NA
NC_045512.2	5372	A	C	54045	9384	37	3	0	34	5.55011e-05	54053	1	FALSE	NA	NA	NA	NA	NA	NA
NC_045512.2	5372	A	-G	54045	9384	37	2934	0	20	0.0542801	54053	0	TRUE	NA	NA	NA	NA	NA	NA
NC_045512.2	5373	G	T	51219	8884	36	3	0	34	5.84249e-05	51348	1	FALSE	NA	NA	NA	NA	NA	NA
NC_045512.2	5373	G	C	51219	8884	36	1	0	34	1.9475e-05	51348	1	FALSE	NA	NA	NA	NA	NA	NA
NC_045512.2	5373	G	A	51219	8884	36	125	6	37	0.00243437	51348	6.87322e-09	TRUE	NA	NA	NA	NA	NA	NA
NC_045512.2	5374	G	A	54609	9459	36	4	4	34	7.32426e-05	54613	1	FALSE	NA	NA	NA	NA	NA	NA
NC_045512.2	5375	G	T	54202	9406	36	3	0	34	5.52201e-05	54328	1	FALSE	NA	NA	NA	NA	NA	NA
NC_045512.2	5375	G	C	54202	9406	36	119	111	38	0.0021904	54328	4.18866e-07	TRUE	NA	NA	NA	NA	NA	NA
NC_045512.2	5375	G	A	54202	9406	36	4	0	32	7.36269e-05	54328	1	FALSE	NA	NA	NA	NA	NA	NA
NC_045512.2	5376	C	T	47912	9702	36	8	0	34	0.000166945	47920	1	FALSE	NA	NA	NA	NA	NA	NA
NC_045512.2	5377	T	G	48147	9964	36	2	0	34	4.15274e-05	48161	1	FALSE	NA	NA	NA	NA	NA	NA
NC_045512.2	5377	T	C	48147	9964	36	11	1	34	0.000228401	48161	1	FALSE	NA	NA	NA	NA	NA	NA
NC_045512.2	5377	T	A	48147	9964	36	1	0	34	2.07637e-05	48161	1	FALSE	NA	NA	NA	NA	NA	NA
NC_045512.2	5378	G	A	48546	9926	36	5	1	34	0.000102984	48551	1	FALSE	NA	NA	NA	NA	NA	NA
NC_045512.2	5379	G	A	48691	10088	36	7	4	34	0.000143743	48698	1	FALSE	NA	NA	NA	NA	NA	NA
NC_045512.2	5380	T	C	48583	10118	36	4	0	32	8.23265e-05	48587	1	FALSE	NA	NA	NA	NA	NA	NA
NC_045512.2	5381	G	A	48516	10130	36	4	2	42	8.24402e-05	48520	0.636736	FALSE	NA	NA	NA	NA	NA	NA
NC_045512.2	5381	G	-A	48516	10130	36	1	0	20	2.06101e-05	48520	1	FALSE	NA	NA	NA	NA	NA	NA
NC_045512.2	5382	A	T	47658	10108	36	2	1	46	4.19622e-05	47662	0.890623	FALSE	NA	NA	NA	NA	NA	NA
NC_045512.2	5382	A	G	47658	10108	36	2	0	34	4.19622e-05	47662	1	FALSE	NA	NA	NA	NA	NA	NA
NC_045512.2	5383	A	G	47366	9956	36	7	1	38	0.000147748	47378	1	FALSE	NA	NA	NA	NA	NA	NA
NC_045512.2	5383	A	C	47366	9956	36	5	0	34	0.000105534	47378	1	FALSE	NA	NA	NA	NA	NA	NA
NC_045512.2	5385	C	T	44244	10254	36	10	0	40	0.000225968	44254	0.0897724	FALSE	NA	NA	NA	NA	NA	NA
NC_045512.2	5386	T	G	44222	10159	36	1	1	24	2.26106e-05	44227	1	FALSE	NA	NA	NA	NA	NA	NA
NC_045512.2	5386	T	C	44222	10159	36	4	1	34	9.04425e-05	44227	1	FALSE	NA	NA	NA	NA	NA	NA
NC_045512.2	5387	G	T	44529	10100	36	3	0	34	6.73446e-05	44547	1	FALSE	NA	NA	NA	NA	NA	NA
NC_045512.2	5387	G	A	44529	10100	36	15	1	34	0.000336723	44547	0.999967	FALSE	NA	NA	NA	NA	NA	NA
NC_045512.2	5389	T	C	44116	10345	36	2	0	30	4.5333e-05	44118	1	FALSE	NA	NA	NA	NA	NA	NA
NC_045512.2	5390	A	T	44102	10334	36	1	0	34	2.26721e-05	44107	1	FALSE	NA	NA	NA	NA	NA	NA
NC_045512.2	5390	A	G	44102	10334	36	4	1	34	9.06886e-05	44107	1	FALSE	NA	NA	NA	NA	NA	NA
NC_045512.2	5391	A	G	43784	10603	36	2	0	30	4.56767e-05	43786	1	FALSE	NA	NA	NA	NA	NA	NA
NC_045512.2	5392	C	T	44528	10971	36	1	0	34	2.24573e-05	44529	1	FALSE	NA	NA	NA	NA	NA	NA
NC_045512.2	5393	T	G	44562	11016	36	2	0	30	4.48783e-05	44565	1	FALSE	NA	NA	NA	NA	NA	NA
NC_045512.2	5393	T	C	44562	11016	36	1	0	34	2.24391e-05	44565	1	FALSE	NA	NA	NA	NA	NA	NA
NC_045512.2	5394	T	C	44446	10620	36	7	0	38	0.00015747	44453	1	FALSE	NA	NA	NA	NA	NA	NA
NC_045512.2	5395	T	C	44776	10917	36	1	0	34	2.23329e-05	44777	1	FALSE	NA	NA	NA	NA	NA	NA
NC_045512.2	5397	G	T	43957	10834	36	1	0	34	2.2749e-05	43958	1	FALSE	NA	NA	NA	NA	NA	NA
NC_045512.2	5398	T	C	43696	10860	36	5	2	32	0.000114414	43701	1	FALSE	NA	NA	NA	NA	NA	NA
NC_045512.2	5399	G	T	43556	10875	36	1	0	68	2.2951e-05	43571	0.499925	FALSE	NA	NA	NA	NA	NA	NA
NC_045512.2	5399	G	C	43556	10875	36	2	1	34	4.59021e-05	43571	1	FALSE	NA	NA	NA	NA	NA	NA
NC_045512.2	5399	G	A	43556	10875	36	12	0	33	0.000275413	43571	0.999996	FALSE	NA	NA	NA	NA	NA	NA
NC_045512.2	5400	C	T	42091	11049	36	9	0	34	0.000213772	42101	1	FALSE	NA	NA	NA	NA	NA	NA
NC_045512.2	5400	C	G	42091	11049	36	1	1	34	2.37524e-05	42101	1	FALSE	NA	NA	NA	NA	NA	NA
NC_045512.2	5402	C	T	40383	11724	36	1	0	34	2.47604e-05	40387	1	FALSE	NA	NA	NA	NA	NA	NA
NC_045512.2	5402	C	A	40383	11724	36	3	0	31	7.42813e-05	40387	1	FALSE	NA	NA	NA	NA	NA	NA
NC_045512.2	5403	T	G	39957	11318	36	2	0	34	5.00488e-05	39961	1	FALSE	NA	NA	NA	NA	NA	NA
NC_045512.2	5403	T	C	39957	11318	36	2	0	34	5.00488e-05	39961	1	FALSE	NA	NA	NA	NA	NA	NA
NC_045512.2	5404	T	C	40324	11064	35	3	1	45	7.43918e-05	40327	0.773458	FALSE	NA	NA	NA	NA	NA	NA
NC_045512.2	5406	T	C	38073	10655	35	2	1	34	5.25265e-05	38076	1	FALSE	NA	NA	NA	NA	NA	NA
NC_045512.2	5406	T	A	38073	10655	35	1	0	34	2.62633e-05	38076	1	FALSE	NA	NA	NA	NA	NA	NA
NC_045512.2	5407	C	-T	39146	11984	35	2	0	20	5.10908e-05	39146	1	FALSE	NA	NA	NA	NA	NA	NA
NC_045512.2	5408	T	C	38911	11689	35	2	2	34	5.13927e-05	38916	1	FALSE	NA	NA	NA	NA	NA	NA
NC_045512.2	5408	T	A	38911	11689	35	3	2	34	7.70891e-05	38916	1	FALSE	NA	NA	NA	NA	NA	NA
NC_045512.2	5409	T	C	38275	11774	35	3	1	34	7.83699e-05	38280	1	FALSE	NA	NA	NA	NA	NA	NA
NC_045512.2	5409	T	A	38275	11774	35	2	0	30	5.22466e-05	38280	1	FALSE	NA	NA	NA	NA	NA	NA
NC_045512.2	5410	A	G	39237	11868	36	5	2	40	0.000127415	39242	0.363288	FALSE	NA	NA	NA	NA	NA	NA
NC_045512.2	5411	G	T	39094	11815	35	1	0	34	2.55774e-05	39097	1	FALSE	NA	NA	NA	NA	NA	NA
NC_045512.2	5411	G	A	39094	11815	35	2	0	34	5.11548e-05	39097	1	FALSE	NA	NA	NA	NA	NA	NA
NC_045512.2	5412	C	A	39111	12834	36	2	0	34	5.11339e-05	39113	1	FALSE	NA	NA	NA	NA	NA	NA
NC_045512.2	5414	T	C	37362	11944	35	6	5	39	0.000160565	37368	1	FALSE	NA	NA	NA	NA	NA	NA
NC_045512.2	5415	A	T	37447	11513	36	1	1	34	2.67023e-05	37450	1	FALSE	NA	NA	NA	NA	NA	NA
NC_045512.2	5415	A	G	37447	11513	36	2	1	34	5.34045e-05	37450	1	FALSE	NA	NA	NA	NA	NA	NA
NC_045512.2	5416	C	T	36509	11786	36	4	2	32	0.00010955	36513	1	FALSE	NA	NA	NA	NA	NA	NA
NC_045512.2	5417	T	C	36300	11560	36	3	2	31	8.26355e-05	36304	1	FALSE	NA	NA	NA	NA	NA	NA
NC_045512.2	5417	T	A	36300	11560	36	1	0	34	2.75452e-05	36304	1	FALSE	NA	NA	NA	NA	NA	NA
NC_045512.2	5418	G	A	38821	11753	36	3	0	34	7.72718e-05	38824	1	FALSE	NA	NA	NA	NA	NA	NA
NC_045512.2	5419	T	C	38573	11393	35	1	0	34	2.59242e-05	38574	1	FALSE	NA	NA	NA	NA	NA	NA
NC_045512.2	5419	T	-A	38573	11393	35	1	0	20	2.59242e-05	38574	1	FALSE	NA	NA	NA	NA	NA	NA
NC_045512.2	5420	A	G	38882	11665	36	3	3	42	7.71506e-05	38885	0.656256	FALSE	NA	NA	NA	NA	NA	NA
NC_045512.2	5421	A	T	38865	11712	36	5	5	34	0.000128631	38871	1	FALSE	NA	NA	NA	NA	NA	NA
NC_045512.2	5421	A	G	38865	11712	36	1	0	34	2.57261e-05	38871	1	FALSE	NA	NA	NA	NA	NA	NA
NC_045512.2	5422	T	C	38862	11617	36	4	0	32	0.000102915	38867	1	FALSE	NA	NA	NA	NA	NA	NA
NC_045512.2	5422	T	A	38862	11617	36	1	1	26	2.57288e-05	38867	1	FALSE	NA	NA	NA	NA	NA	NA
NC_045512.2	5423	A	G	38286	11695	35	3	3	34	7.83474e-05	38291	1	FALSE	NA	NA	NA	NA	NA	NA
NC_045512.2	5423	A	C	38286	11695	35	2	2	34	5.22316e-05	38291	1	FALSE	NA	NA	NA	NA	NA	NA
NC_045512.2	5424	A	T	38673	11592	36	2	0	34	5.17036e-05	38682	1	FALSE	NA	NA	NA	NA	NA	NA
NC_045512.2	5424	A	G	38673	11592	36	6	1	42	0.000155111	38682	0.253868	FALSE	NA	NA	NA	NA	NA	NA
NC_045512.2	5424	A	C	38673	11592	36	1	0	34	2.58518e-05	38682	1	FALSE	NA	NA	NA	NA	NA	NA
NC_045512.2	5425	G	A	38301	11562	36	1	1	34	2.61083e-05	38302	1	FALSE	NA	NA	NA	NA	NA	NA
NC_045512.2	5426	A	T	37735	11485	35	2	1	34	5.29886e-05	37744	1	FALSE	NA	NA	NA	NA	NA	NA
NC_045512.2	5426	A	G	37735	11485	35	7	0	34	0.00018546	37744	1	FALSE	NA	NA	NA	NA	NA	NA
NC_045512.2	5427	C	T	37937	11478	35	1	1	34	2.63574e-05	37940	1	FALSE	NA	NA	NA	NA	NA	NA
NC_045512.2	5427	C	G	37937	11478	35	2	0	30	5.27148e-05	37940	1	FALSE	NA	NA	NA	NA	NA	NA
NC_045512.2	5428	A	T	36030	9725	35	1	1	34	2.77531e-05	36032	1	FALSE	NA	NA	NA	NA	NA	NA
NC_045512.2	5428	A	G	36030	9725	35	1	1	46	2.77531e-05	36032	0.937505	FALSE	NA	NA	NA	NA	NA	NA
NC_045512.2	5429	G	T	36906	9738	36	2	0	34	5.41859e-05	36910	1	FALSE	NA	NA	NA	NA	NA	NA
NC_045512.2	5429	G	A	36906	9738	36	2	2	34	5.41859e-05	36910	1	FALSE	NA	NA	NA	NA	NA	NA
NC_045512.2	5430	T	C	37388	11562	36	2	1	34	5.34817e-05	37396	1	FALSE	NA	NA	NA	NA	NA	NA
NC_045512.2	5430	T	A	37388	11562	36	6	4	61	0.000160445	37396	0.0156206	FALSE	NA	NA	NA	NA	NA	NA
NC_045512.2	5431	A	T	37997	11547	36	1	0	34	2.63151e-05	38001	1	FALSE	NA	NA	NA	NA	NA	NA
NC_045512.2	5431	A	G	37997	11547	36	3	2	30	7.89453e-05	38001	1	FALSE	NA	NA	NA	NA	NA	NA
NC_045512.2	5432	G	A	38219	11578	36	5	1	52	0.000130808	38224	0.031248	FALSE	NA	NA	NA	NA	NA	NA
NC_045512.2	5433	G	T	37408	11741	36	1	0	34	2.67308e-05	37410	1	FALSE	NA	NA	NA	NA	NA	NA
NC_045512.2	5433	G	C	37408	11741	36	1	1	34	2.67308e-05	37410	1	FALSE	NA	NA	NA	NA	NA	NA
NC_045512.2	5434	T	G	37289	11791	36	1	1	68	2.68154e-05	37292	0.499993	FALSE	NA	NA	NA	NA	NA	NA
NC_045512.2	5434	T	C	37289	11791	36	2	0	34	5.36308e-05	37292	1	FALSE	NA	NA	NA	NA	NA	NA
NC_045512.2	5436	A	G	37707	11541	36	6	3	34	0.000159096	37713	1	FALSE	NA	NA	NA	NA	NA	NA
NC_045512.2	5437	G	C	38100	11532	36	2	2	34	5.24907e-05	38102	1	FALSE	NA	NA	NA	NA	NA	NA
NC_045512.2	5437	G	-T	38100	11532	36	2	0	20	5.24907e-05	38102	1	FALSE	NA	NA	NA	NA	NA	NA
NC_045512.2	5438	T	C	39136	13066	36	4	2	32	0.000102197	39140	1	FALSE	NA	NA	NA	NA	NA	NA
NC_045512.2	5439	T	C	39486	13475	36	6	3	34	0.00015193	39492	1	FALSE	NA	NA	NA	NA	NA	NA
NC_045512.2	5440	A	G	39462	13386	36	10	2	33	0.000253344	39472	0.999995	FALSE	NA	NA	NA	NA	NA	NA
NC_045512.2	5441	G	T	39358	13288	36	4	2	34	0.000101618	39363	1	FALSE	NA	NA	NA	NA	NA	NA
NC_045512.2	5441	G	A	39358	13288	36	1	0	34	2.54046e-05	39363	1	FALSE	NA	NA	NA	NA	NA	NA
NC_045512.2	5442	G	A	39423	13435	36	1	0	26	2.53653e-05	39424	1	FALSE	NA	NA	NA	NA	NA	NA
NC_045512.2	5443	T	C	39595	13686	37	4	2	32	0.000101008	39601	1	FALSE	NA	NA	NA	NA	NA	NA
NC_045512.2	5443	T	A	39595	13686	37	2	0	34	5.05038e-05	39601	1	FALSE	NA	NA	NA	NA	NA	NA
NC_045512.2	5444	G	T	39001	13093	37	1	1	34	2.56384e-05	39004	1	FALSE	NA	NA	NA	NA	NA	NA
NC_045512.2	5444	G	C	39001	13093	37	1	1	34	2.56384e-05	39004	1	FALSE	NA	NA	NA	NA	NA	NA
NC_045512.2	5444	G	A	39001	13093	37	1	0	34	2.56384e-05	39004	1	FALSE	NA	NA	NA	NA	NA	NA
NC_045512.2	5445	A	T	39923	13852	37	1	1	27	2.5047e-05	39925	1	FALSE	NA	NA	NA	NA	NA	NA
NC_045512.2	5445	A	G	39923	13852	37	1	0	34	2.5047e-05	39925	1	FALSE	NA	NA	NA	NA	NA	NA
NC_045512.2	5446	T	C	37577	13666	36	2	0	34	5.32212e-05	37579	1	FALSE	NA	NA	NA	NA	NA	NA
NC_045512.2	5447	G	T	37262	13735	36	1	0	34	2.68341e-05	37266	1	FALSE	NA	NA	NA	NA	NA	NA
NC_045512.2	5447	G	A	37262	13735	36	3	0	56	8.05023e-05	37266	0.124995	FALSE	NA	NA	NA	NA	NA	NA
NC_045512.2	5447	G	-T	37262	13735	36	1	0	20	2.68341e-05	37266	1	FALSE	NA	NA	NA	NA	NA	NA
NC_045512.2	5448	T	C	37370	13903	36	7	3	34	0.000187281	37377	1	FALSE	NA	NA	NA	NA	NA	NA
NC_045512.2	5449	T	C	37009	14211	36	2	2	34	5.40365e-05	37012	1	FALSE	NA	NA	NA	NA	NA	NA
NC_045512.2	5449	T	A	37009	14211	36	1	0	34	2.70183e-05	37012	1	FALSE	NA	NA	NA	NA	NA	NA
NC_045512.2	5450	A	G	36758	14022	36	5	1	34	0.000136006	36763	1	FALSE	NA	NA	NA	NA	NA	NA
NC_045512.2	5451	G	T	36479	14036	36	1	0	34	2.74123e-05	36480	1	FALSE	NA	NA	NA	NA	NA	NA
NC_045512.2	5452	A	C	36193	14107	36	1	1	68	2.76289e-05	36194	0.500007	FALSE	NA	NA	NA	NA	NA	NA
NC_045512.2	5453	G	A	36556	14066	36	1	1	34	2.73545e-05	36557	1	FALSE	NA	NA	NA	NA	NA	NA
NC_045512.2	5454	A	T	33748	16017	34	1	0	34	2.9627e-05	33753	1	FALSE	NA	NA	NA	NA	NA	NA
NC_045512.2	5454	A	G	33748	16017	34	3	0	34	8.8881e-05	33753	1	FALSE	NA	NA	NA	NA	NA	NA
NC_045512.2	5454	A	C	33748	16017	34	1	1	34	2.9627e-05	33753	1	FALSE	NA	NA	NA	NA	NA	NA
NC_045512.2	5455	A	G	38186	15993	37	10	1	32	0.000261808	38196	0.999992	FALSE	NA	NA	NA	NA	NA	NA
NC_045512.2	5456	A	G	40725	19069	37	6	4	34	0.000147308	40731	1	FALSE	NA	NA	NA	NA	NA	NA
NC_045512.2	5457	C	G	37737	19599	37	8	0	32	0.000211949	37745	0.999998	FALSE	NA	NA	NA	NA	NA	NA
NC_045512.2	5458	A	G	37611	19519	37	11	8	33	0.000292382	37622	0.999969	FALSE	NA	NA	NA	NA	NA	NA
NC_045512.2	5459	A	G	37403	19611	37	1	1	24	2.67351e-05	37404	1	FALSE	NA	NA	NA	NA	NA	NA
NC_045512.2	5460	T	G	37134	19517	37	1	1	34	2.69222e-05	37144	1	FALSE	NA	NA	NA	NA	NA	NA
NC_045512.2	5460	T	C	37134	19517	37	7	0	34	0.000188456	37144	1	FALSE	NA	NA	NA	NA	NA	NA
NC_045512.2	5460	T	A	37134	19517	37	2	0	34	5.38445e-05	37144	1	FALSE	NA	NA	NA	NA	NA	NA
NC_045512.2	5461	G	T	37556	19575	37	3	0	34	7.98594e-05	37566	1	FALSE	NA	NA	NA	NA	NA	NA
NC_045512.2	5461	G	C	37556	19575	37	1	1	34	2.66198e-05	37566	1	FALSE	NA	NA	NA	NA	NA	NA
NC_045512.2	5461	G	A	37556	19575	37	6	4	39	0.000159719	37566	1	FALSE	NA	NA	NA	NA	NA	NA
NC_045512.2	5462	A	T	37327	19505	37	2	2	34	5.3569e-05	37335	1	FALSE	NA	NA	NA	NA	NA	NA
NC_045512.2	5462	A	G	37327	19505	37	6	2	38	0.000160707	37335	1	FALSE	NA	NA	NA	NA	NA	NA
NC_045512.2	5463	G	A	36865	19549	37	3	3	34	8.13714e-05	36868	1	FALSE	NA	NA	NA	NA	NA	NA
NC_045512.2	5464	T	G	38151	21129	37	2	0	34	5.24178e-05	38155	1	FALSE	NA	NA	NA	NA	NA	NA
NC_045512.2	5464	T	C	38151	21129	37	2	1	40	5.24178e-05	38155	0.8125	FALSE	NA	NA	NA	NA	NA	NA
NC_045512.2	5465	T	C	47615	31604	37	6	5	31	0.000125992	47622	1	FALSE	NA	NA	NA	NA	NA	NA
NC_045512.2	5465	T	A	47615	31604	37	1	1	34	2.09987e-05	47622	1	FALSE	NA	NA	NA	NA	NA	NA
NC_045512.2	5466	A	C	47872	31818	38	3	1	34	6.26632e-05	47875	1	FALSE	NA	NA	NA	NA	NA	NA
NC_045512.2	5467	C	T	47214	33093	37	3	3	31	6.35364e-05	47217	1	FALSE	NA	NA	NA	NA	NA	NA
NC_045512.2	5468	T	G	47176	33085	37	1	0	34	2.11959e-05	47179	1	FALSE	NA	NA	NA	NA	NA	NA
NC_045512.2	5468	T	C	47176	33085	37	2	1	34	4.23917e-05	47179	1	FALSE	NA	NA	NA	NA	NA	NA
NC_045512.2	5469	T	G	47138	32771	37	1	1	34	2.12085e-05	47151	1	FALSE	NA	NA	NA	NA	NA	NA
NC_045512.2	5469	T	C	47138	32771	37	10	7	34	0.000212085	47151	1	FALSE	NA	NA	NA	NA	NA	NA
NC_045512.2	5469	T	A	47138	32771	37	2	2	30	4.24169e-05	47151	1	FALSE	NA	NA	NA	NA	NA	NA
NC_045512.2	5470	G	T	46860	32473	37	1	1	34	2.13393e-05	46862	1	FALSE	NA	NA	NA	NA	NA	NA
NC_045512.2	5470	G	A	46860	32473	37	1	1	34	2.13393e-05	46862	1	FALSE	NA	NA	NA	NA	NA	NA
NC_045512.2	5470	G	-T	46860	32473	37	4	0	20	8.5357e-05	46862	1	FALSE	NA	NA	NA	NA	NA	NA
NC_045512.2	5471	T	C	46680	32347	37	2	1	34	4.28412e-05	46684	1	FALSE	NA	NA	NA	NA	NA	NA
NC_045512.2	5471	T	A	46680	32347	37	2	1	30	4.28412e-05	46684	1	FALSE	NA	NA	NA	NA	NA	NA
NC_045512.2	5472	T	C	46890	32615	37	4	2	47	8.52988e-05	46894	0.636736	FALSE	NA	NA	NA	NA	NA	NA
NC_045512.2	5473	T	C	47569	33404	37	3	2	31	6.30623e-05	47572	1	FALSE	NA	NA	NA	NA	NA	NA
NC_045512.2	5474	C	T	46960	33552	37	2	2	51	4.25876e-05	46962	0.250003	FALSE	NA	NA	NA	NA	NA	NA
NC_045512.2	5475	A	G	51203	38337	38	3	2	34	5.85835e-05	51209	1	FALSE	NA	NA	NA	NA	NA	NA
NC_045512.2	5475	A	C	51203	38337	38	3	3	34	5.85835e-05	51209	1	FALSE	NA	NA	NA	NA	NA	NA
NC_045512.2	5476	A	G	50561	38379	37	1	1	34	1.97777e-05	50562	1	FALSE	NA	NA	NA	NA	NA	NA
NC_045512.2	5477	C	T	51295	38537	38	3	3	34	5.84795e-05	51300	1	FALSE	NA	NA	NA	NA	NA	NA
NC_045512.2	5477	C	G	51295	38537	38	2	2	26	3.89864e-05	51300	1	FALSE	NA	NA	NA	NA	NA	NA
NC_045512.2	5478	A	G	51708	39158	38	2	2	34	3.86772e-05	51710	1	FALSE	NA	NA	NA	NA	NA	NA
NC_045512.2	5479	T	C	51611	39185	38	5	2	29	9.68692e-05	51616	1	FALSE	NA	NA	NA	NA	NA	NA
NC_045512.2	5480	G	A	51423	39024	38	3	2	34	5.83363e-05	51426	1	FALSE	NA	NA	NA	NA	NA	NA
NC_045512.2	5481	C	T	54446	42372	38	10	8	43	0.000183628	54458	0.150854	FALSE	NA	NA	NA	NA	NA	NA
NC_045512.2	5481	C	G	54446	42372	38	1	1	34	1.83628e-05	54458	1	FALSE	NA	NA	NA	NA	NA	NA
NC_045512.2	5481	C	A	54446	42372	38	1	1	34	1.83628e-05	54458	1	FALSE	NA	NA	NA	NA	NA	NA
NC_045512.2	5482	C	T	54492	42411	38	2	2	30	3.66999e-05	54496	1	FALSE	NA	NA	NA	NA	NA	NA
NC_045512.2	5482	C	A	54492	42411	38	2	2	30	3.66999e-05	54496	1	FALSE	NA	NA	NA	NA	NA	NA
NC_045512.2	5483	A	G	54320	42180	38	4	4	34	7.36323e-05	54324	1	FALSE	NA	NA	NA	NA	NA	NA
NC_045512.2	5484	A	T	54773	42675	38	1	1	34	1.82555e-05	54778	1	FALSE	NA	NA	NA	NA	NA	NA
NC_045512.2	5484	A	G	54773	42675	38	1	0	34	1.82555e-05	54778	1	FALSE	NA	NA	NA	NA	NA	NA
NC_045512.2	5484	A	C	54773	42675	38	3	2	28	5.47665e-05	54778	1	FALSE	NA	NA	NA	NA	NA	NA
NC_045512.2	5484	A	-T	54773	42675	38	2	0	20	3.6511e-05	54778	1	FALSE	NA	NA	NA	NA	NA	NA
NC_045512.2	5485	T	G	56803	44812	38	1	0	34	1.76022e-05	56811	1	FALSE	NA	NA	NA	NA	NA	NA
NC_045512.2	5485	T	C	56803	44812	38	7	5	34	0.000123216	56811	1	FALSE	NA	NA	NA	NA	NA	NA
NC_045512.2	5486	T	C	57471	45706	38	10	10	30	0.000173968	57482	1	FALSE	NA	NA	NA	NA	NA	NA
NC_045512.2	5486	T	A	57471	45706	38	1	1	26	1.73968e-05	57482	1	FALSE	NA	NA	NA	NA	NA	NA
NC_045512.2	5487	T	C	58245	46565	38	6	5	38	0.000103003	58251	1	FALSE	NA	NA	NA	NA	NA	NA
NC_045512.2	5488	A	T	58029	46619	38	5	3	46	8.6143e-05	58043	0.622967	FALSE	NA	NA	NA	NA	NA	NA
NC_045512.2	5488	A	G	58029	46619	38	7	4	34	0.0001206	58043	1	FALSE	NA	NA	NA	NA	NA	NA
NC_045512.2	5488	A	C	58029	46619	38	2	2	30	3.44572e-05	58043	1	FALSE	NA	NA	NA	NA	NA	NA
NC_045512.2	5489	G	T	57930	46522	38	1	1	34	1.72616e-05	57932	1	FALSE	NA	NA	NA	NA	NA	NA
NC_045512.2	5489	G	C	57930	46522	38	1	1	34	1.72616e-05	57932	1	FALSE	NA	NA	NA	NA	NA	NA
NC_045512.2	5490	A	G	58050	46717	38	3	1	34	5.16769e-05	58053	1	FALSE	NA	NA	NA	NA	NA	NA
NC_045512.2	5491	T	C	57743	46352	38	4	4	34	6.92665e-05	57748	1	FALSE	NA	NA	NA	NA	NA	NA
NC_045512.2	5491	T	A	57743	46352	38	1	1	26	1.73166e-05	57748	1	FALSE	NA	NA	NA	NA	NA	NA
NC_045512.2	5492	T	C	55902	44600	37	5	3	45	8.94294e-05	55910	0.62303	FALSE	NA	NA	NA	NA	NA	NA
NC_045512.2	5492	T	A	55902	44600	37	3	2	27	5.36577e-05	55910	1	FALSE	NA	NA	NA	NA	NA	NA
NC_045512.2	5493	C	T	57766	46826	38	1	1	26	1.73109e-05	57767	1	FALSE	NA	NA	NA	NA	NA	NA
NC_045512.2	5493	C	-T	57766	46826	38	1	0	20	1.73109e-05	57767	1	FALSE	NA	NA	NA	NA	NA	NA
NC_045512.2	5494	T	C	57654	46616	37	6	6	31	0.000104055	57662	1	FALSE	NA	NA	NA	NA	NA	NA
NC_045512.2	5494	T	A	57654	46616	37	2	1	30	3.46849e-05	57662	1	FALSE	NA	NA	NA	NA	NA	NA
NC_045512.2	5495	T	C	57554	46550	37	4	3	34	6.94939e-05	57559	1	FALSE	NA	NA	NA	NA	NA	NA
NC_045512.2	5495	T	A	57554	46550	37	1	1	34	1.73735e-05	57559	1	FALSE	NA	NA	NA	NA	NA	NA
NC_045512.2	5496	G	T	57892	46855	38	1	1	34	1.72685e-05	57909	1	FALSE	NA	NA	NA	NA	NA	NA
NC_045512.2	5496	G	C	57892	46855	38	12	12	31	0.000207222	57909	1	FALSE	NA	NA	NA	NA	NA	NA
NC_045512.2	5496	G	A	57892	46855	38	4	4	34	6.90739e-05	57909	1	FALSE	NA	NA	NA	NA	NA	NA
NC_045512.2	5497	C	T	55402	45141	38	3561	2939	37	0.0603877	58969	0	TRUE	NA	NA	NA	NA	NA	NA
NC_045512.2	5497	C	G	55402	45141	38	6	0	30	0.000101748	58969	1	FALSE	NA	NA	NA	NA	NA	NA
NC_045512.2	5497	C	-A	55402	45141	38	3	0	20	5.08742e-05	58969	1	FALSE	NA	NA	NA	NA	NA	NA
NC_045512.2	5498	A	T	58965	48059	38	1	0	34	1.69584e-05	58968	1	FALSE	NA	NA	NA	NA	NA	NA
NC_045512.2	5498	A	G	58965	48059	38	2	2	34	3.39167e-05	58968	1	FALSE	NA	NA	NA	NA	NA	NA
NC_045512.2	5499	A	G	59018	48050	38	2	2	34	3.38868e-05	59020	1	FALSE	NA	NA	NA	NA	NA	NA
NC_045512.2	5500	A	G	58387	48055	37	4	1	49	6.85037e-05	58391	0.746111	FALSE	NA	NA	NA	NA	NA	NA
NC_045512.2	5501	A	T	58929	48202	38	2	2	30	3.39374e-05	58932	1	FALSE	NA	NA	NA	NA	NA	NA
NC_045512.2	5501	A	C	58929	48202	38	1	1	34	1.69687e-05	58932	1	FALSE	NA	NA	NA	NA	NA	NA
NC_045512.2	5503	A	T	57736	47440	37	2	0	34	3.4635e-05	57745	1	FALSE	NA	NA	NA	NA	NA	NA
NC_045512.2	5503	A	G	57736	47440	37	6	6	34	0.000103905	57745	1	FALSE	NA	NA	NA	NA	NA	NA
NC_045512.2	5503	A	C	57736	47440	37	1	1	26	1.73175e-05	57745	1	FALSE	NA	NA	NA	NA	NA	NA
NC_045512.2	5504	G	T	58588	47545	37	1	1	34	1.7066e-05	58596	1	FALSE	NA	NA	NA	NA	NA	NA
NC_045512.2	5504	G	C	58588	47545	37	4	4	34	6.8264e-05	58596	1	FALSE	NA	NA	NA	NA	NA	NA
NC_045512.2	5504	G	A	58588	47545	37	3	3	34	5.1198e-05	58596	1	FALSE	NA	NA	NA	NA	NA	NA
NC_045512.2	5505	T	C	57678	47192	37	5	1	39	8.66807e-05	57683	1	FALSE	NA	NA	NA	NA	NA	NA
NC_045512.2	5506	C	T	58184	48531	37	2	2	34	3.43713e-05	58188	1	FALSE	NA	NA	NA	NA	NA	NA
NC_045512.2	5506	C	G	58184	48531	37	1	0	26	1.71857e-05	58188	1	FALSE	NA	NA	NA	NA	NA	NA
NC_045512.2	5506	C	A	58184	48531	37	1	1	34	1.71857e-05	58188	1	FALSE	NA	NA	NA	NA	NA	NA
NC_045512.2	5507	T	G	59499	49990	37	1	1	26	1.68042e-05	59509	1	FALSE	NA	NA	NA	NA	NA	NA
NC_045512.2	5507	T	C	59499	49990	37	6	6	34	0.000100825	59509	1	FALSE	NA	NA	NA	NA	NA	NA
NC_045512.2	5507	T	A	59499	49990	37	3	2	45	5.04125e-05	59509	0.855444	FALSE	NA	NA	NA	NA	NA	NA
NC_045512.2	5508	T	G	59403	49875	37	1	0	27	1.68319e-05	59411	1	FALSE	NA	NA	NA	NA	NA	NA
NC_045512.2	5508	T	C	59403	49875	37	7	6	45	0.000117823	59411	0.387201	FALSE	NA	NA	NA	NA	NA	NA
NC_045512.2	5509	G	T	59538	49980	37	3	2	54	5.03821e-05	59545	0.124987	FALSE	NA	NA	NA	NA	NA	NA
NC_045512.2	5509	G	C	59538	49980	37	1	1	26	1.6794e-05	59545	1	FALSE	NA	NA	NA	NA	NA	NA
NC_045512.2	5509	G	A	59538	49980	37	3	3	34	5.03821e-05	59545	1	FALSE	NA	NA	NA	NA	NA	NA
NC_045512.2	5509	G	-A	59538	49980	37	1	0	20	1.6794e-05	59545	1	FALSE	NA	NA	NA	NA	NA	NA
NC_045512.2	5510	A	T	59937	50387	37	3	3	34	5.00425e-05	59949	1	FALSE	NA	NA	NA	NA	NA	NA
NC_045512.2	5510	A	G	59937	50387	37	9	8	32	0.000150128	59949	1	FALSE	NA	NA	NA	NA	NA	NA
NC_045512.2	5511	A	T	59663	50420	37	2	2	34	3.35177e-05	59670	1	FALSE	NA	NA	NA	NA	NA	NA
NC_045512.2	5511	A	G	59663	50420	37	5	5	32	8.37942e-05	59670	1	FALSE	NA	NA	NA	NA	NA	NA
NC_045512.2	5512	C	T	59696	50547	37	2	2	34	3.3502e-05	59698	1	FALSE	NA	NA	NA	NA	NA	NA
NC_045512.2	5513	G	A	58666	49521	37	6	6	32	0.000102263	58672	1	FALSE	NA	NA	NA	NA	NA	NA
NC_045512.2	5514	T	C	58170	49093	37	1	1	34	1.71904e-05	58172	1	FALSE	NA	NA	NA	NA	NA	NA
NC_045512.2	5514	T	A	58170	49093	37	1	1	34	1.71904e-05	58172	1	FALSE	NA	NA	NA	NA	NA	NA
NC_045512.2	5514	T	-G	58170	49093	37	1	0	20	1.71904e-05	58172	1	FALSE	NA	NA	NA	NA	NA	NA
NC_045512.2	5515	G	T	57744	48654	37	4	1	34	6.92653e-05	57749	1	FALSE	NA	NA	NA	NA	NA	NA
NC_045512.2	5515	G	A	57744	48654	37	1	1	34	1.73163e-05	57749	1	FALSE	NA	NA	NA	NA	NA	NA
NC_045512.2	5516	G	C	58415	49585	37	2	2	34	3.42354e-05	58419	1	FALSE	NA	NA	NA	NA	NA	NA
NC_045512.2	5516	G	A	58415	49585	37	2	2	34	3.42354e-05	58419	1	FALSE	NA	NA	NA	NA	NA	NA
NC_045512.2	5517	T	C	58591	50018	37	7	7	38	0.000119456	58599	1	FALSE	NA	NA	NA	NA	NA	NA
NC_045512.2	5517	T	A	58591	50018	37	1	1	34	1.70651e-05	58599	1	FALSE	NA	NA	NA	NA	NA	NA
NC_045512.2	5518	G	T	59088	50115	37	2	2	51	3.38438e-05	59095	0.249981	FALSE	NA	NA	NA	NA	NA	NA
NC_045512.2	5518	G	C	59088	50115	37	1	1	34	1.69219e-05	59095	1	FALSE	NA	NA	NA	NA	NA	NA
NC_045512.2	5518	G	A	59088	50115	37	4	3	42	6.76876e-05	59095	0.746085	FALSE	NA	NA	NA	NA	NA	NA
NC_045512.2	5519	T	C	58854	51755	36	14	9	34	0.00023782	58868	1	FALSE	NA	NA	NA	NA	NA	NA
NC_045512.2	5520	G	T	58995	51968	36	1	1	34	1.69492e-05	59000	1	FALSE	NA	NA	NA	NA	NA	NA
NC_045512.2	5520	G	A	58995	51968	36	4	4	34	6.77966e-05	59000	1	FALSE	NA	NA	NA	NA	NA	NA
NC_045512.2	5521	T	C	61809	55069	36	6	6	39	9.70591e-05	61818	1	FALSE	NA	NA	NA	NA	NA	NA
NC_045512.2	5521	T	A	61809	55069	36	3	3	30	4.85296e-05	61818	1	FALSE	NA	NA	NA	NA	NA	NA
NC_045512.2	5522	A	T	63103	56518	36	1	1	34	1.58448e-05	63112	1	FALSE	NA	NA	NA	NA	NA	NA
NC_045512.2	5522	A	G	63103	56518	36	5	5	34	7.92242e-05	63112	1	FALSE	NA	NA	NA	NA	NA	NA
NC_045512.2	5522	A	C	63103	56518	36	3	3	31	4.75345e-05	63112	1	FALSE	NA	NA	NA	NA	NA	NA
NC_045512.2	5523	A	T	65070	58733	36	2	2	34	3.07338e-05	65075	1	FALSE	NA	NA	NA	NA	NA	NA
NC_045512.2	5523	A	G	65070	58733	36	2	2	34	3.07338e-05	65075	1	FALSE	NA	NA	NA	NA	NA	NA
NC_045512.2	5523	A	C	65070	58733	36	1	1	34	1.53669e-05	65075	1	FALSE	NA	NA	NA	NA	NA	NA
NC_045512.2	5524	A	T	64793	58610	36	4	4	32	6.17255e-05	64803	1	FALSE	NA	NA	NA	NA	NA	NA
NC_045512.2	5524	A	G	64793	58610	36	6	5	32	9.25883e-05	64803	1	FALSE	NA	NA	NA	NA	NA	NA
NC_045512.2	5525	A	T	65913	59695	36	4	4	32	6.06815e-05	65918	1	FALSE	NA	NA	NA	NA	NA	NA
NC_045512.2	5525	A	G	65913	59695	36	1	1	34	1.51704e-05	65918	1	FALSE	NA	NA	NA	NA	NA	NA
NC_045512.2	5526	C	T	65789	60059	36	4	4	32	6.07967e-05	65793	1	FALSE	NA	NA	NA	NA	NA	NA
NC_045512.2	5527	T	G	64255	58552	36	2	2	34	3.11231e-05	64261	1	FALSE	NA	NA	NA	NA	NA	NA
NC_045512.2	5527	T	C	64255	58552	36	4	3	40	6.22462e-05	64261	0.828128	FALSE	NA	NA	NA	NA	NA	NA
NC_045512.2	5528	T	C	64948	59384	36	6	4	34	9.23731e-05	64954	1	FALSE	NA	NA	NA	NA	NA	NA
NC_045512.2	5529	G	C	64974	59342	36	1	1	26	1.53901e-05	64977	1	FALSE	NA	NA	NA	NA	NA	NA
NC_045512.2	5529	G	A	64974	59342	36	2	2	51	3.07801e-05	64977	0.249998	FALSE	NA	NA	NA	NA	NA	NA
NC_045512.2	5530	T	G	74496	70051	36	1	1	26	1.34223e-05	74503	1	FALSE	NA	NA	NA	NA	NA	NA
NC_045512.2	5530	T	C	74496	70051	36	6	6	34	8.05337e-05	74503	1	FALSE	NA	NA	NA	NA	NA	NA
NC_045512.2	5530	T	-G	74496	70051	36	4	0	20	5.36891e-05	74503	1	FALSE	NA	NA	NA	NA	NA	NA
NC_045512.2	5531	G	T	74500	70051	36	9	9	34	0.000120779	74516	1	FALSE	NA	NA	NA	NA	NA	NA
NC_045512.2	5531	G	C	74500	70051	36	1	1	26	1.34199e-05	74516	1	FALSE	NA	NA	NA	NA	NA	NA
NC_045512.2	5531	G	A	74500	70051	36	6	6	45	8.05196e-05	74516	0.709371	FALSE	NA	NA	NA	NA	NA	NA
NC_045512.2	5532	G	T	77564	73812	36	1	1	46	1.28919e-05	77568	0.996094	FALSE	NA	NA	NA	NA	NA	NA
NC_045512.2	5532	G	A	77564	73812	36	3	3	34	3.86757e-05	77568	1	FALSE	NA	NA	NA	NA	NA	NA
NC_045512.2	5533	A	G	77636	74149	36	15	13	34	0.000193172	77651	1	FALSE	NA	NA	NA	NA	NA	NA
NC_045512.2	5534	C	T	78569	75170	36	3	3	34	3.81801e-05	78575	1	FALSE	NA	NA	NA	NA	NA	NA
NC_045512.2	5534	C	G	78569	75170	36	1	1	34	1.27267e-05	78575	1	FALSE	NA	NA	NA	NA	NA	NA
NC_045512.2	5534	C	A	78569	75170	36	2	2	34	2.54534e-05	78575	1	FALSE	NA	NA	NA	NA	NA	NA
NC_045512.2	5535	A	T	78061	74680	36	1	1	24	1.28093e-05	78068	1	FALSE	NA	NA	NA	NA	NA	NA
NC_045512.2	5535	A	G	78061	74680	36	6	5	39	7.68561e-05	78068	1	FALSE	NA	NA	NA	NA	NA	NA
NC_045512.2	5536	A	T	77982	74962	36	1	1	26	1.28223e-05	77989	1	FALSE	NA	NA	NA	NA	NA	NA
NC_045512.2	5536	A	G	77982	74962	36	5	5	32	6.41116e-05	77989	1	FALSE	NA	NA	NA	NA	NA	NA
NC_045512.2	5536	A	C	77982	74962	36	1	1	26	1.28223e-05	77989	1	FALSE	NA	NA	NA	NA	NA	NA
NC_045512.2	5537	C	T	78205	75363	36	8	8	34	0.000102283	78214	1	FALSE	NA	NA	NA	NA	NA	NA
NC_045512.2	5537	C	A	78205	75363	36	1	0	68	1.27854e-05	78214	0.499978	FALSE	NA	NA	NA	NA	NA	NA
NC_045512.2	5538	A	T	75422	72597	36	2	2	34	2.65146e-05	75430	1	FALSE	NA	NA	NA	NA	NA	NA
NC_045512.2	5538	A	G	75422	72597	36	4	4	34	5.30293e-05	75430	1	FALSE	NA	NA	NA	NA	NA	NA
NC_045512.2	5538	A	C	75422	72597	36	2	1	51	2.65146e-05	75430	0.249982	FALSE	NA	NA	NA	NA	NA	NA
NC_045512.2	5539	G	T	75278	72453	36	2	2	34	2.65618e-05	75296	1	FALSE	NA	NA	NA	NA	NA	NA
NC_045512.2	5539	G	C	75278	72453	36	8	8	34	0.000106247	75296	1	FALSE	NA	NA	NA	NA	NA	NA
NC_045512.2	5539	G	A	75278	72453	36	8	8	34	0.000106247	75296	1	FALSE	NA	NA	NA	NA	NA	NA
NC_045512.2	5540	C	T	75356	72574	36	4	4	34	5.30757e-05	75364	1	FALSE	NA	NA	NA	NA	NA	NA
NC_045512.2	5540	C	G	75356	72574	36	2	2	34	2.65379e-05	75364	1	FALSE	NA	NA	NA	NA	NA	NA
NC_045512.2	5540	C	A	75356	72574	36	2	2	34	2.65379e-05	75364	1	FALSE	NA	NA	NA	NA	NA	NA
NC_045512.2	5541	A	T	75303	72517	36	2	2	34	2.6553e-05	75321	1	FALSE	NA	NA	NA	NA	NA	NA
NC_045512.2	5541	A	G	75303	72517	36	16	15	36	0.000212424	75321	1	FALSE	NA	NA	NA	NA	NA	NA
NC_045512.2	5542	G	T	75157	72500	36	72	64	38	0.000956429	75280	0.627739	FALSE	NA	NA	NA	NA	NA	NA
NC_045512.2	5542	G	C	75157	72500	36	1	1	26	1.32837e-05	75280	1	FALSE	NA	NA	NA	NA	NA	NA
NC_045512.2	5542	G	A	75157	72500	36	50	50	34	0.000664187	75280	0.990046	FALSE	NA	NA	NA	NA	NA	NA
NC_045512.2	5543	A	T	74747	72085	36	5	5	32	6.68798e-05	74761	1	FALSE	NA	NA	NA	NA	NA	NA
NC_045512.2	5543	A	G	74747	72085	36	6	6	34	8.02557e-05	74761	1	FALSE	NA	NA	NA	NA	NA	NA
NC_045512.2	5543	A	C	74747	72085	36	3	3	28	4.01279e-05	74761	1	FALSE	NA	NA	NA	NA	NA	NA
NC_045512.2	5543	A	-C	74747	72085	36	1	0	20	1.3376e-05	74761	1	FALSE	NA	NA	NA	NA	NA	NA
NC_045512.2	5544	C	T	74869	72217	36	2	2	34	2.67123e-05	74872	1	FALSE	NA	NA	NA	NA	NA	NA
NC_045512.2	5544	C	A	74869	72217	36	1	1	34	1.33561e-05	74872	1	FALSE	NA	NA	NA	NA	NA	NA
NC_045512.2	5545	A	T	74109	71462	36	2	2	26	2.69847e-05	74116	1	FALSE	NA	NA	NA	NA	NA	NA
NC_045512.2	5545	A	G	74109	71462	36	5	5	34	6.74618e-05	74116	1	FALSE	NA	NA	NA	NA	NA	NA
NC_045512.2	5546	A	T	73701	71251	35	6	6	34	8.13901e-05	73719	1	FALSE	NA	NA	NA	NA	NA	NA
NC_045512.2	5546	A	G	73701	71251	35	6	6	34	8.13901e-05	73719	1	FALSE	NA	NA	NA	NA	NA	NA
NC_045512.2	5546	A	C	73701	71251	35	6	6	32	8.13901e-05	73719	1	FALSE	NA	NA	NA	NA	NA	NA
NC_045512.2	5547	C	T	73846	71422	35	3	2	34	4.06218e-05	73852	1	FALSE	NA	NA	NA	NA	NA	NA
NC_045512.2	5547	C	A	73846	71422	35	3	3	34	4.06218e-05	73852	1	FALSE	NA	NA	NA	NA	NA	NA
NC_045512.2	5548	C	T	73480	71057	35	8	8	32	0.000108857	73491	1	FALSE	NA	NA	NA	NA	NA	NA
NC_045512.2	5548	C	G	73480	71057	35	1	1	34	1.36071e-05	73491	1	FALSE	NA	NA	NA	NA	NA	NA
NC_045512.2	5548	C	A	73480	71057	35	2	2	34	2.72142e-05	73491	1	FALSE	NA	NA	NA	NA	NA	NA
NC_045512.2	5549	C	T	73478	71066	35	3	3	34	4.0823e-05	73488	1	FALSE	NA	NA	NA	NA	NA	NA
NC_045512.2	5549	C	A	73478	71066	35	7	7	32	9.52536e-05	73488	1	FALSE	NA	NA	NA	NA	NA	NA
NC_045512.2	5549	C	-T	73478	71066	35	2	0	20	2.72153e-05	73488	1	FALSE	NA	NA	NA	NA	NA	NA
NC_045512.2	5550	T	G	70127	67718	35	1	0	24	1.42566e-05	70143	1	FALSE	NA	NA	NA	NA	NA	NA
NC_045512.2	5550	T	C	70127	67718	35	13	12	32	0.000185336	70143	1	FALSE	NA	NA	NA	NA	NA	NA
NC_045512.2	5550	T	A	70127	67718	35	2	2	51	2.85132e-05	70143	0.249945	FALSE	NA	NA	NA	NA	NA	NA
NC_045512.2	5551	T	C	72647	70240	35	3	3	34	4.12922e-05	72653	1	FALSE	NA	NA	NA	NA	NA	NA
NC_045512.2	5551	T	A	72647	70240	35	3	3	31	4.12922e-05	72653	1	FALSE	NA	NA	NA	NA	NA	NA
NC_045512.2	5551	T	-A	72647	70240	35	3	0	20	4.12922e-05	72653	1	FALSE	NA	NA	NA	NA	NA	NA
NC_045512.2	5552	A	T	72980	70611	35	1	1	34	1.37005e-05	72990	1	FALSE	NA	NA	NA	NA	NA	NA
NC_045512.2	5552	A	G	72980	70611	35	9	9	34	0.000123305	72990	1	FALSE	NA	NA	NA	NA	NA	NA
NC_045512.2	5553	A	G	73093	70743	35	9	9	34	0.000123114	73103	1	FALSE	NA	NA	NA	NA	NA	NA
NC_045512.2	5553	A	C	73093	70743	35	1	1	34	1.36793e-05	73103	1	FALSE	NA	NA	NA	NA	NA	NA
NC_045512.2	5554	G	T	73030	70713	35	2	1	51	2.73849e-05	73033	0.249998	FALSE	NA	NA	NA	NA	NA	NA
NC_045512.2	5554	G	C	73030	70713	35	1	1	34	1.36924e-05	73033	1	FALSE	NA	NA	NA	NA	NA	NA
NC_045512.2	5555	G	C	69973	67680	35	5	5	34	7.1449e-05	69980	1	FALSE	NA	NA	NA	NA	NA	NA
NC_045512.2	5555	G	A	69973	67680	35	2	2	34	2.85796e-05	69980	1	FALSE	NA	NA	NA	NA	NA	NA
NC_045512.2	5556	G	T	70295	68043	35	1	1	34	1.42252e-05	70298	1	FALSE	NA	NA	NA	NA	NA	NA
NC_045512.2	5556	G	A	70295	68043	35	2	2	34	2.84503e-05	70298	1	FALSE	NA	NA	NA	NA	NA	NA
NC_045512.2	5557	T	C	65411	63231	35	6	6	34	9.17179e-05	65418	1	FALSE	NA	NA	NA	NA	NA	NA
NC_045512.2	5557	T	A	65411	63231	35	1	0	27	1.52863e-05	65418	1	FALSE	NA	NA	NA	NA	NA	NA
NC_045512.2	5558	G	A	66831	64742	35	12	10	36	0.000179525	66843	1	FALSE	NA	NA	NA	NA	NA	NA
NC_045512.2	5559	T	C	66938	64854	35	8	5	45	0.000119496	66948	0.395247	FALSE	NA	NA	NA	NA	NA	NA
NC_045512.2	5559	T	A	66938	64854	35	2	1	30	2.98739e-05	66948	1	FALSE	NA	NA	NA	NA	NA	NA
NC_045512.2	5560	A	T	66817	64750	35	1	1	34	1.49636e-05	66829	1	FALSE	NA	NA	NA	NA	NA	NA
NC_045512.2	5560	A	G	66817	64750	35	5	5	32	7.48178e-05	66829	1	FALSE	NA	NA	NA	NA	NA	NA
NC_045512.2	5560	A	C	66817	64750	35	6	6	34	8.97814e-05	66829	1	FALSE	NA	NA	NA	NA	NA	NA
NC_045512.2	5561	G	T	66840	64781	35	2	2	34	2.99195e-05	66846	1	FALSE	NA	NA	NA	NA	NA	NA
NC_045512.2	5561	G	A	66840	64781	35	4	4	42	5.9839e-05	66846	0.828128	FALSE	NA	NA	NA	NA	NA	NA
NC_045512.2	5561	G	-A	66840	64781	35	1	0	20	1.49598e-05	66846	1	FALSE	NA	NA	NA	NA	NA	NA
NC_045512.2	5562	A	T	66645	64789	35	2	2	34	3.00071e-05	66651	1	FALSE	NA	NA	NA	NA	NA	NA
NC_045512.2	5562	A	G	66645	64789	35	3	3	34	4.50106e-05	66651	1	FALSE	NA	NA	NA	NA	NA	NA
NC_045512.2	5562	A	C	66645	64789	35	1	1	34	1.50035e-05	66651	1	FALSE	NA	NA	NA	NA	NA	NA
NC_045512.2	5563	A	T	66110	64289	35	1	1	26	1.51236e-05	66122	1	FALSE	NA	NA	NA	NA	NA	NA
NC_045512.2	5563	A	G	66110	64289	35	10	8	34	0.000151236	66122	1	FALSE	NA	NA	NA	NA	NA	NA
NC_045512.2	5563	A	C	66110	64289	35	1	1	34	1.51236e-05	66122	1	FALSE	NA	NA	NA	NA	NA	NA
NC_045512.2	5564	G	T	65557	63739	35	3	3	34	4.57582e-05	65562	1	FALSE	NA	NA	NA	NA	NA	NA
NC_045512.2	5564	G	C	65557	63739	35	1	1	26	1.52527e-05	65562	1	FALSE	NA	NA	NA	NA	NA	NA
NC_045512.2	5564	G	A	65557	63739	35	1	1	34	1.52527e-05	65562	1	FALSE	NA	NA	NA	NA	NA	NA
NC_045512.2	5565	C	T	64434	62665	35	4	4	34	6.20742e-05	64439	1	FALSE	NA	NA	NA	NA	NA	NA
NC_045512.2	5565	C	A	64434	62665	35	1	1	34	1.55186e-05	64439	1	FALSE	NA	NA	NA	NA	NA	NA
NC_045512.2	5566	T	G	52365	50654	35	2	2	34	3.81723e-05	52394	1	FALSE	NA	NA	NA	NA	NA	NA
NC_045512.2	5566	T	C	52365	50654	35	25	25	33	0.000477154	52394	0.99937	FALSE	NA	NA	NA	NA	NA	NA
NC_045512.2	5566	T	A	52365	50654	35	2	2	34	3.81723e-05	52394	1	FALSE	NA	NA	NA	NA	NA	NA
NC_045512.2	5567	G	T	52244	50529	35	2	2	34	3.82e-05	52356	1	FALSE	NA	NA	NA	NA	NA	NA
NC_045512.2	5567	G	C	52244	50529	35	109	109	33	0.0020819	52356	4.07502e-06	TRUE	NA	NA	NA	NA	NA	NA
NC_045512.2	5567	G	A	52244	50529	35	1	1	34	1.91e-05	52356	1	FALSE	NA	NA	NA	NA	NA	NA
NC_045512.2	5568	T	C	51837	50132	35	3	3	34	5.78704e-05	51840	1	FALSE	NA	NA	NA	NA	NA	NA
NC_045512.2	5569	T	C	51697	49992	35	1	1	26	1.93427e-05	51699	1	FALSE	NA	NA	NA	NA	NA	NA
NC_045512.2	5569	T	A	51697	49992	35	1	1	34	1.93427e-05	51699	1	FALSE	NA	NA	NA	NA	NA	NA
NC_045512.2	5569	T	-A	51697	49992	35	1	0	20	1.93427e-05	51699	1	FALSE	NA	NA	NA	NA	NA	NA
NC_045512.2	5570	A	T	51568	50020	35	2	2	30	3.87762e-05	51578	1	FALSE	NA	NA	NA	NA	NA	NA
NC_045512.2	5570	A	G	51568	50020	35	2	2	34	3.87762e-05	51578	1	FALSE	NA	NA	NA	NA	NA	NA
NC_045512.2	5570	A	C	51568	50020	35	6	6	30	0.000116329	51578	1	FALSE	NA	NA	NA	NA	NA	NA
NC_045512.2	5571	T	A	51518	50018	35	1	1	34	1.94103e-05	51519	1	FALSE	NA	NA	NA	NA	NA	NA
NC_045512.2	5572	G	T	51380	49881	35	1	1	34	1.94598e-05	51388	1	FALSE	NA	NA	NA	NA	NA	NA
NC_045512.2	5572	G	C	51380	49881	35	2	2	34	3.89196e-05	51388	1	FALSE	NA	NA	NA	NA	NA	NA
NC_045512.2	5572	G	A	51380	49881	35	5	5	34	9.7299e-05	51388	1	FALSE	NA	NA	NA	NA	NA	NA
NC_045512.2	5573	T	C	50931	49433	35	10	10	34	0.000196298	50943	1	FALSE	NA	NA	NA	NA	NA	NA
NC_045512.2	5573	T	A	50931	49433	35	2	2	30	3.92596e-05	50943	1	FALSE	NA	NA	NA	NA	NA	NA
NC_045512.2	5574	A	T	50200	48705	35	1	1	34	1.9914e-05	50216	1	FALSE	NA	NA	NA	NA	NA	NA
NC_045512.2	5574	A	G	50200	48705	35	15	14	36	0.00029871	50216	0.999998	FALSE	NA	NA	NA	NA	NA	NA
NC_045512.2	5575	C	T	50208	48732	35	4	4	32	7.96622e-05	50212	1	FALSE	NA	NA	NA	NA	NA	NA
NC_045512.2	5576	A	T	41031	39709	35	3648	3533	35	0.0816418	44683	0	TRUE	NA	NA	NA	NA	NA	NA
NC_045512.2	5576	A	G	41031	39709	35	3	3	34	6.71396e-05	44683	1	FALSE	NA	NA	NA	NA	NA	NA
NC_045512.2	5576	A	C	41031	39709	35	1	1	34	2.23799e-05	44683	1	FALSE	NA	NA	NA	NA	NA	NA
NC_045512.2	5577	T	G	44552	43112	35	3	3	34	6.73234e-05	44561	1	FALSE	NA	NA	NA	NA	NA	NA
NC_045512.2	5577	T	C	44552	43112	35	6	6	34	0.000134647	44561	1	FALSE	NA	NA	NA	NA	NA	NA
NC_045512.2	5577	T	-G	44552	43112	35	1	0	20	2.24411e-05	44561	1	FALSE	NA	NA	NA	NA	NA	NA
NC_045512.2	5578	G	T	44445	43009	35	6	6	34	0.000134968	44455	1	FALSE	NA	NA	NA	NA	NA	NA
NC_045512.2	5578	G	C	44445	43009	35	1	1	34	2.24947e-05	44455	1	FALSE	NA	NA	NA	NA	NA	NA
NC_045512.2	5578	G	A	44445	43009	35	3	3	34	6.7484e-05	44455	1	FALSE	NA	NA	NA	NA	NA	NA
NC_045512.2	5580	G	T	43066	41682	35	1	1	34	2.31938e-05	43115	1	FALSE	NA	NA	NA	NA	NA	NA
NC_045512.2	5580	G	C	43066	41682	35	1	1	34	2.31938e-05	43115	1	FALSE	NA	NA	NA	NA	NA	NA
NC_045512.2	5580	G	A	43066	41682	35	47	46	34	0.00109011	43115	0.375912	FALSE	NA	NA	NA	NA	NA	NA
NC_045512.2	5581	C	T	39821	38462	35	9	9	33	0.00022596	39830	0.999998	FALSE	NA	NA	NA	NA	NA	NA
NC_045512.2	5582	A	T	39650	38291	35	1	1	34	2.522e-05	39651	1	FALSE	NA	NA	NA	NA	NA	NA
NC_045512.2	5583	C	T	39640	38327	35	1	1	34	2.52258e-05	39642	1	FALSE	NA	NA	NA	NA	NA	NA
NC_045512.2	5583	C	G	39640	38327	35	1	1	26	2.52258e-05	39642	1	FALSE	NA	NA	NA	NA	NA	NA
NC_045512.2	5584	A	T	39181	37872	35	2	2	30	5.10399e-05	39185	1	FALSE	NA	NA	NA	NA	NA	NA
NC_045512.2	5584	A	G	39181	37872	35	1	1	34	2.552e-05	39185	1	FALSE	NA	NA	NA	NA	NA	NA
NC_045512.2	5584	A	C	39181	37872	35	1	1	34	2.552e-05	39185	1	FALSE	NA	NA	NA	NA	NA	NA
NC_045512.2	5584	A	+C	39181	37872	35	1	0	20	2.552e-05	39185	1	FALSE	NA	NA	NA	NA	NA	NA
NC_045512.2	5585	C	T	39208	37989	35	2	2	34	5.10074e-05	39210	1	FALSE	NA	NA	NA	NA	NA	NA
NC_045512.2	5586	T	G	36237	35040	35	1	1	26	2.75931e-05	36241	1	FALSE	NA	NA	NA	NA	NA	NA
NC_045512.2	5586	T	C	36237	35040	35	2	2	34	5.51861e-05	36241	1	FALSE	NA	NA	NA	NA	NA	NA
NC_045512.2	5586	T	A	36237	35040	35	1	1	34	2.75931e-05	36241	1	FALSE	NA	NA	NA	NA	NA	NA
NC_045512.2	5587	T	G	35783	34590	35	1	1	34	2.78699e-05	35881	1	FALSE	NA	NA	NA	NA	NA	NA
NC_045512.2	5587	T	C	35783	34590	35	97	97	33	0.00270338	35881	3.09499e-08	TRUE	NA	NA	NA	NA	NA	NA
NC_045512.2	5588	T	G	34654	33467	35	1	1	34	2.88509e-05	34661	1	FALSE	NA	NA	NA	NA	NA	NA
NC_045512.2	5588	T	C	34654	33467	35	3	3	34	8.65526e-05	34661	1	FALSE	NA	NA	NA	NA	NA	NA
NC_045512.2	5588	T	A	34654	33467	35	3	3	34	8.65526e-05	34661	1	FALSE	NA	NA	NA	NA	NA	NA
NC_045512.2	5589	C	T	74090	34506	34	2	2	34	2.69924e-05	74095	1	FALSE	NA	NA	NA	NA	NA	NA
NC_045512.2	5589	C	G	74090	34506	34	1	0	34	1.34962e-05	74095	1	FALSE	NA	NA	NA	NA	NA	NA
NC_045512.2	5589	C	A	74090	34506	34	2	1	34	2.69924e-05	74095	1	FALSE	NA	NA	NA	NA	NA	NA
NC_045512.2	5589	C	-T	74090	34506	34	1	0	20	1.34962e-05	74095	1	FALSE	NA	NA	NA	NA	NA	NA
NC_045512.2	5590	T	C	74137	34511	34	4	3	40	5.39505e-05	74142	0.886723	FALSE	NA	NA	NA	NA	NA	NA
NC_045512.2	5590	T	A	74137	34511	34	1	0	34	1.34876e-05	74142	1	FALSE	NA	NA	NA	NA	NA	NA
NC_045512.2	5591	T	G	74111	34418	34	1	1	34	1.3492e-05	74118	1	FALSE	NA	NA	NA	NA	NA	NA
NC_045512.2	5591	T	C	74111	34418	34	5	2	40	6.746e-05	74118	0.806156	FALSE	NA	NA	NA	NA	NA	NA
NC_045512.2	5591	T	A	74111	34418	34	1	0	26	1.3492e-05	74118	1	FALSE	NA	NA	NA	NA	NA	NA
NC_045512.2	5592	A	G	74213	34464	34	8	2	32	0.000107786	74221	1	FALSE	NA	NA	NA	NA	NA	NA
NC_045512.2	5593	T	C	73183	33499	34	3	1	34	4.09914e-05	73186	1	FALSE	NA	NA	NA	NA	NA	NA
NC_045512.2	5594	G	C	73781	33994	34	1	0	34	1.35534e-05	73782	1	FALSE	NA	NA	NA	NA	NA	NA
NC_045512.2	5595	A	T	73458	33975	34	3	0	34	4.08352e-05	73466	1	FALSE	NA	NA	NA	NA	NA	NA
NC_045512.2	5595	A	G	73458	33975	34	5	3	32	6.80587e-05	73466	1	FALSE	NA	NA	NA	NA	NA	NA
NC_045512.2	5596	A	G	71904	33969	34	6	3	32	8.34353e-05	71912	1	FALSE	NA	NA	NA	NA	NA	NA
NC_045512.2	5596	A	C	71904	33969	34	2	2	26	2.78118e-05	71912	1	FALSE	NA	NA	NA	NA	NA	NA
NC_045512.2	5597	C	T	71569	32082	35	3484	1941	34	0.0464193	75055	0	TRUE	NA	NA	NA	NA	NA	NA
NC_045512.2	5597	C	G	71569	32082	35	2	0	26	2.66471e-05	75055	1	FALSE	NA	NA	NA	NA	NA	NA
NC_045512.2	5598	A	G	73764	32814	34	8	6	34	0.000108442	73772	1	FALSE	NA	NA	NA	NA	NA	NA
NC_045512.2	5599	A	G	77632	32898	35	3	1	31	3.86419e-05	77636	1	FALSE	NA	NA	NA	NA	NA	NA
NC_045512.2	5599	A	C	77632	32898	35	1	0	34	1.28806e-05	77636	1	FALSE	NA	NA	NA	NA	NA	NA
NC_045512.2	5599	A	-T	77632	32898	35	1	0	20	1.28806e-05	77636	1	FALSE	NA	NA	NA	NA	NA	NA
NC_045512.2	5600	T	G	75658	30833	34	1	0	27	1.32167e-05	75662	1	FALSE	NA	NA	NA	NA	NA	NA
NC_045512.2	5600	T	C	75658	30833	34	2	0	34	2.64333e-05	75662	1	FALSE	NA	NA	NA	NA	NA	NA
NC_045512.2	5600	T	A	75658	30833	34	1	1	34	1.32167e-05	75662	1	FALSE	NA	NA	NA	NA	NA	NA
NC_045512.2	5601	T	C	77574	32767	34	4	1	34	5.15564e-05	77585	1	FALSE	NA	NA	NA	NA	NA	NA
NC_045512.2	5601	T	A	77574	32767	34	7	1	34	9.02236e-05	77585	1	FALSE	NA	NA	NA	NA	NA	NA
NC_045512.2	5602	T	G	78429	32826	35	3	1	31	3.82468e-05	78438	1	FALSE	NA	NA	NA	NA	NA	NA
NC_045512.2	5602	T	C	78429	32826	35	2	2	26	2.54978e-05	78438	1	FALSE	NA	NA	NA	NA	NA	NA
NC_045512.2	5602	T	A	78429	32826	35	4	0	34	5.09957e-05	78438	1	FALSE	NA	NA	NA	NA	NA	NA
NC_045512.2	5602	T	+A	78429	32826	35	1	0	20	1.27489e-05	78438	1	FALSE	NA	NA	NA	NA	NA	NA
NC_045512.2	5603	A	T	78738	33008	35	1	0	34	1.26997e-05	78742	1	FALSE	NA	NA	NA	NA	NA	NA
NC_045512.2	5603	A	G	78738	33008	35	3	2	31	3.80991e-05	78742	1	FALSE	NA	NA	NA	NA	NA	NA
NC_045512.2	5604	A	T	78908	33069	35	3	0	34	3.80117e-05	78923	1	FALSE	NA	NA	NA	NA	NA	NA
NC_045512.2	5604	A	G	78908	33069	35	8	3	34	0.000101365	78923	1	FALSE	NA	NA	NA	NA	NA	NA
NC_045512.2	5604	A	C	78908	33069	35	4	3	38	5.06823e-05	78923	1	FALSE	NA	NA	NA	NA	NA	NA
NC_045512.2	5605	G	T	78926	33263	34	1	0	26	1.26696e-05	78929	1	FALSE	NA	NA	NA	NA	NA	NA
NC_045512.2	5605	G	C	78926	33263	34	1	1	34	1.26696e-05	78929	1	FALSE	NA	NA	NA	NA	NA	NA
NC_045512.2	5605	G	A	78926	33263	34	1	0	34	1.26696e-05	78929	1	FALSE	NA	NA	NA	NA	NA	NA
NC_045512.2	5606	A	G	78065	32820	34	9	2	43	0.000115275	78074	0.401815	FALSE	NA	NA	NA	NA	NA	NA
NC_045512.2	5607	A	G	78965	32914	35	9	4	33	0.00011396	78975	1	FALSE	NA	NA	NA	NA	NA	NA
NC_045512.2	5607	A	C	78965	32914	35	1	0	34	1.26622e-05	78975	1	FALSE	NA	NA	NA	NA	NA	NA
NC_045512.2	5608	A	T	78087	31168	35	2	0	34	2.56026e-05	78117	1	FALSE	NA	NA	NA	NA	NA	NA
NC_045512.2	5608	A	G	78087	31168	35	27	5	34	0.000345635	78117	1	FALSE	NA	NA	NA	NA	NA	NA
NC_045512.2	5608	A	C	78087	31168	35	1	1	34	1.28013e-05	78117	1	FALSE	NA	NA	NA	NA	NA	NA
NC_045512.2	5609	G	T	83033	31164	34	2	0	34	2.40848e-05	83040	1	FALSE	NA	NA	NA	NA	NA	NA
NC_045512.2	5609	G	C	83033	31164	34	3	3	31	3.61272e-05	83040	1	FALSE	NA	NA	NA	NA	NA	NA
NC_045512.2	5609	G	A	83033	31164	34	2	2	34	2.40848e-05	83040	1	FALSE	NA	NA	NA	NA	NA	NA
NC_045512.2	5610	G	T	85330	31261	34	1	0	34	1.17191e-05	85331	1	FALSE	NA	NA	NA	NA	NA	NA
NC_045512.2	5611	T	G	84751	30695	34	2	1	34	2.35935e-05	84769	1	FALSE	NA	NA	NA	NA	NA	NA
NC_045512.2	5611	T	C	84751	30695	34	13	6	32	0.000153358	84769	1	FALSE	NA	NA	NA	NA	NA	NA
NC_045512.2	5611	T	A	84751	30695	34	3	1	31	3.53903e-05	84769	1	FALSE	NA	NA	NA	NA	NA	NA
NC_045512.2	5612	G	A	87979	30729	34	2	1	34	2.27322e-05	87981	1	FALSE	NA	NA	NA	NA	NA	NA
NC_045512.2	5613	T	C	88074	31575	35	13	3	34	0.00014758	88088	1	FALSE	NA	NA	NA	NA	NA	NA
NC_045512.2	5613	T	A	88074	31575	35	1	1	34	1.13523e-05	88088	1	FALSE	NA	NA	NA	NA	NA	NA
NC_045512.2	5614	T	G	88677	31836	35	2	0	30	2.25515e-05	88686	1	FALSE	NA	NA	NA	NA	NA	NA
NC_045512.2	5614	T	C	88677	31836	35	6	0	34	6.76544e-05	88686	1	FALSE	NA	NA	NA	NA	NA	NA
NC_045512.2	5614	T	A	88677	31836	35	1	1	34	1.12757e-05	88686	1	FALSE	NA	NA	NA	NA	NA	NA
NC_045512.2	5615	C	T	90336	31863	35	3	0	34	3.32075e-05	90341	1	FALSE	NA	NA	NA	NA	NA	NA
NC_045512.2	5615	C	G	90336	31863	35	1	1	34	1.10692e-05	90341	1	FALSE	NA	NA	NA	NA	NA	NA
NC_045512.2	5615	C	A	90336	31863	35	1	1	34	1.10692e-05	90341	1	FALSE	NA	NA	NA	NA	NA	NA
NC_045512.2	5616	A	T	90041	31503	35	3	3	45	3.33082e-05	90068	0.980695	FALSE	NA	NA	NA	NA	NA	NA
NC_045512.2	5616	A	G	90041	31503	35	21	7	33	0.000233157	90068	1	FALSE	NA	NA	NA	NA	NA	NA
NC_045512.2	5616	A	C	90041	31503	35	3	3	34	3.33082e-05	90068	1	FALSE	NA	NA	NA	NA	NA	NA
NC_045512.2	5617	G	C	62414	3263	35	4	0	34	6.408e-05	62422	1	FALSE	NA	NA	NA	NA	NA	NA
NC_045512.2	5617	G	A	62414	3263	35	4	0	49	6.408e-05	62422	0.828115	FALSE	NA	NA	NA	NA	NA	NA
NC_045512.2	5618	A	G	62264	3587	35	2	0	30	3.21203e-05	62266	1	FALSE	NA	NA	NA	NA	NA	NA
NC_045512.2	5619	T	G	62660	3726	36	1	0	34	1.59553e-05	62675	1	FALSE	NA	NA	NA	NA	NA	NA
NC_045512.2	5619	T	C	62660	3726	36	14	1	33	0.000223375	62675	1	FALSE	NA	NA	NA	NA	NA	NA
NC_045512.2	5620	A	G	63025	3740	35	5	0	32	7.93273e-05	63030	1	FALSE	NA	NA	NA	NA	NA	NA
NC_045512.2	5621	C	T	70531	3859	36	2	0	34	2.83539e-05	70537	1	FALSE	NA	NA	NA	NA	NA	NA
NC_045512.2	5621	C	G	70531	3859	36	1	0	34	1.4177e-05	70537	1	FALSE	NA	NA	NA	NA	NA	NA
NC_045512.2	5621	C	A	70531	3859	36	3	0	31	4.25309e-05	70537	1	FALSE	NA	NA	NA	NA	NA	NA
NC_045512.2	5622	C	T	70701	3872	36	1	0	34	1.41431e-05	70706	1	FALSE	NA	NA	NA	NA	NA	NA
NC_045512.2	5622	C	G	70701	3872	36	2	0	34	2.82861e-05	70706	1	FALSE	NA	NA	NA	NA	NA	NA
NC_045512.2	5622	C	A	70701	3872	36	2	0	34	2.82861e-05	70706	1	FALSE	NA	NA	NA	NA	NA	NA
NC_045512.2	5623	T	G	72463	3908	36	2	0	34	2.75904e-05	72489	1	FALSE	NA	NA	NA	NA	NA	NA
NC_045512.2	5623	T	C	72463	3908	36	21	0	34	0.000289699	72489	1	FALSE	NA	NA	NA	NA	NA	NA
NC_045512.2	5623	T	A	72463	3908	36	3	0	45	4.13856e-05	72489	0.945265	FALSE	NA	NA	NA	NA	NA	NA
NC_045512.2	5624	T	G	72508	4003	36	1	0	34	1.3791e-05	72511	1	FALSE	NA	NA	NA	NA	NA	NA
NC_045512.2	5624	T	C	72508	4003	36	2	0	34	2.7582e-05	72511	1	FALSE	NA	NA	NA	NA	NA	NA
NC_045512.2	5625	G	T	72952	4011	36	8	0	34	0.000109642	72965	1	FALSE	NA	NA	NA	NA	NA	NA
NC_045512.2	5625	G	A	72952	4011	36	5	0	34	6.8526e-05	72965	1	FALSE	NA	NA	NA	NA	NA	NA
NC_045512.2	5626	T	G	72993	4053	36	1	0	34	1.36984e-05	73001	1	FALSE	NA	NA	NA	NA	NA	NA
NC_045512.2	5626	T	C	72993	4053	36	7	0	32	9.58891e-05	73001	1	FALSE	NA	NA	NA	NA	NA	NA
NC_045512.2	5627	A	T	72602	4109	36	1	0	34	1.37714e-05	72614	1	FALSE	NA	NA	NA	NA	NA	NA
NC_045512.2	5627	A	G	72602	4109	36	11	0	33	0.000151486	72614	1	FALSE	NA	NA	NA	NA	NA	NA
NC_045512.2	5628	C	T	73583	4126	36	6	0	34	8.15317e-05	73591	1	FALSE	NA	NA	NA	NA	NA	NA
NC_045512.2	5628	C	G	73583	4126	36	1	0	34	1.35886e-05	73591	1	FALSE	NA	NA	NA	NA	NA	NA
NC_045512.2	5628	C	A	73583	4126	36	1	0	26	1.35886e-05	73591	1	FALSE	NA	NA	NA	NA	NA	NA
NC_045512.2	5629	G	T	73645	4133	36	3	0	34	4.07288e-05	73658	1	FALSE	NA	NA	NA	NA	NA	NA
NC_045512.2	5629	G	A	73645	4133	36	10	0	34	0.000135763	73658	1	FALSE	NA	NA	NA	NA	NA	NA
NC_045512.2	5630	T	G	73767	4452	36	1	0	34	1.3554e-05	73779	1	FALSE	NA	NA	NA	NA	NA	NA
NC_045512.2	5630	T	C	73767	4452	36	5	0	32	6.777e-05	73779	1	FALSE	NA	NA	NA	NA	NA	NA
NC_045512.2	5630	T	A	73767	4452	36	6	0	31	8.1324e-05	73779	1	FALSE	NA	NA	NA	NA	NA	NA
NC_045512.2	5631	G	T	75503	4487	36	2	1	34	2.64834e-05	75519	1	FALSE	NA	NA	NA	NA	NA	NA
NC_045512.2	5631	G	A	75503	4487	36	14	3	45	0.000185384	75519	0.094603	FALSE	NA	NA	NA	NA	NA	NA
NC_045512.2	5632	T	C	75680	4731	36	15	0	36	0.000198158	75697	1	FALSE	NA	NA	NA	NA	NA	NA
NC_045512.2	5632	T	A	75680	4731	36	2	0	46	2.64211e-05	75697	0.980459	FALSE	NA	NA	NA	NA	NA	NA
NC_045512.2	5632	T	-G	75680	4731	36	1	0	20	1.32106e-05	75697	1	FALSE	NA	NA	NA	NA	NA	NA
NC_045512.2	5633	G	T	75992	4715	36	4	1	51	5.26316e-05	76000	0.062491	FALSE	NA	NA	NA	NA	NA	NA
NC_045512.2	5633	G	C	75992	4715	36	4	3	32	5.26316e-05	76000	1	FALSE	NA	NA	NA	NA	NA	NA
NC_045512.2	5634	G	A	76331	4913	36	7	0	34	9.16975e-05	76338	1	FALSE	NA	NA	NA	NA	NA	NA
NC_045512.2	5635	T	C	76367	4920	36	12	0	33	0.000157107	76381	1	FALSE	NA	NA	NA	NA	NA	NA
NC_045512.2	5635	T	A	76367	4920	36	2	1	51	2.61845e-05	76381	0.249962	FALSE	NA	NA	NA	NA	NA	NA
NC_045512.2	5635	T	-A	76367	4920	36	1	0	20	1.30923e-05	76381	1	FALSE	NA	NA	NA	NA	NA	NA
NC_045512.2	5636	A	G	76517	5010	36	7	0	34	9.14746e-05	76524	1	FALSE	NA	NA	NA	NA	NA	NA
NC_045512.2	5637	A	G	76562	5025	36	3	0	34	3.91809e-05	76568	1	FALSE	NA	NA	NA	NA	NA	NA
NC_045512.2	5637	A	C	76562	5025	36	3	3	27	3.91809e-05	76568	1	FALSE	NA	NA	NA	NA	NA	NA
NC_045512.2	5638	A	G	66797	5030	34	2	0	34	2.99401e-05	66800	1	FALSE	NA	NA	NA	NA	NA	NA
NC_045512.2	5638	A	C	66797	5030	34	1	1	27	1.49701e-05	66800	1	FALSE	NA	NA	NA	NA	NA	NA
NC_045512.2	5639	C	T	76687	5055	36	1	1	68	1.30398e-05	76688	0.500003	FALSE	NA	NA	NA	NA	NA	NA
NC_045512.2	5640	A	G	76700	5047	36	4	1	32	5.21485e-05	76704	1	FALSE	NA	NA	NA	NA	NA	NA
NC_045512.2	5641	A	T	77281	5062	36	2	0	34	2.58729e-05	77301	1	FALSE	NA	NA	NA	NA	NA	NA
NC_045512.2	5641	A	G	77281	5062	36	13	0	39	0.000168174	77301	1	FALSE	NA	NA	NA	NA	NA	NA
NC_045512.2	5641	A	C	77281	5062	36	5	1	40	6.46822e-05	77301	0.806074	FALSE	NA	NA	NA	NA	NA	NA
NC_045512.2	5642	G	T	78676	5070	36	2	1	51	2.54178e-05	78685	0.249979	FALSE	NA	NA	NA	NA	NA	NA
NC_045512.2	5642	G	C	78676	5070	36	1	0	34	1.27089e-05	78685	1	FALSE	NA	NA	NA	NA	NA	NA
NC_045512.2	5642	G	A	78676	5070	36	6	0	31	7.62534e-05	78685	1	FALSE	NA	NA	NA	NA	NA	NA
NC_045512.2	5643	C	G	79057	5807	37	1	0	34	1.26489e-05	79058	1	FALSE	NA	NA	NA	NA	NA	NA
NC_045512.2	5644	T	G	79219	5861	37	2	0	30	2.5243e-05	79230	1	FALSE	NA	NA	NA	NA	NA	NA
NC_045512.2	5644	T	C	79219	5861	37	9	0	34	0.000113593	79230	1	FALSE	NA	NA	NA	NA	NA	NA
NC_045512.2	5645	A	T	79542	5863	37	3	0	34	3.77121e-05	79550	1	FALSE	NA	NA	NA	NA	NA	NA
NC_045512.2	5645	A	G	79542	5863	37	5	0	40	6.28536e-05	79550	0.806149	FALSE	NA	NA	NA	NA	NA	NA
NC_045512.2	5646	C	T	80112	6576	37	2	0	34	2.49638e-05	80116	1	FALSE	NA	NA	NA	NA	NA	NA
NC_045512.2	5646	C	G	80112	6576	37	2	0	30	2.49638e-05	80116	1	FALSE	NA	NA	NA	NA	NA	NA
NC_045512.2	5646	C	-A	80112	6576	37	3	0	20	3.74457e-05	80116	1	FALSE	NA	NA	NA	NA	NA	NA
NC_045512.2	5647	A	G	79940	6578	37	2	0	34	2.50181e-05	79942	1	FALSE	NA	NA	NA	NA	NA	NA
NC_045512.2	5648	A	T	80644	8256	39	1	1	60	1.23991e-05	80651	0.499985	FALSE	NA	NA	NA	NA	NA	NA
NC_045512.2	5648	A	G	80644	8256	39	4	0	34	4.95964e-05	80651	1	FALSE	NA	NA	NA	NA	NA	NA
NC_045512.2	5648	A	C	80644	8256	39	2	0	30	2.47982e-05	80651	1	FALSE	NA	NA	NA	NA	NA	NA
NC_045512.2	5649	A	G	77571	8377	38	7	1	36	9.02318e-05	77578	1	FALSE	NA	NA	NA	NA	NA	NA
NC_045512.2	5650	A	G	80984	8385	39	4	0	40	4.939e-05	80988	0.927012	FALSE	NA	NA	NA	NA	NA	NA
NC_045512.2	5651	T	G	81131	8685	39	7	2	33	8.62717e-05	81139	1	FALSE	NA	NA	NA	NA	NA	NA
NC_045512.2	5651	T	C	81131	8685	39	1	0	34	1.23245e-05	81139	1	FALSE	NA	NA	NA	NA	NA	NA
NC_045512.2	5652	A	T	82397	8776	39	1	0	34	1.21358e-05	82401	1	FALSE	NA	NA	NA	NA	NA	NA
NC_045512.2	5652	A	G	82397	8776	39	3	0	34	3.64073e-05	82401	1	FALSE	NA	NA	NA	NA	NA	NA
NC_045512.2	5653	T	C	82721	8679	39	4	1	31	4.83512e-05	82728	1	FALSE	NA	NA	NA	NA	NA	NA
NC_045512.2	5653	T	A	82721	8679	39	3	0	27	3.62634e-05	82728	1	FALSE	NA	NA	NA	NA	NA	NA
NC_045512.2	5654	C	T	82821	9013	39	1	0	68	1.20738e-05	82824	0.499997	FALSE	NA	NA	NA	NA	NA	NA
NC_045512.2	5654	C	G	82821	9013	39	2	1	51	2.41476e-05	82824	0.249998	FALSE	NA	NA	NA	NA	NA	NA
NC_045512.2	5654	C	-T	82821	9013	39	1	0	20	1.20738e-05	82824	1	FALSE	NA	NA	NA	NA	NA	NA
NC_045512.2	5655	T	G	83095	8966	39	1	0	34	1.20337e-05	83100	1	FALSE	NA	NA	NA	NA	NA	NA
NC_045512.2	5655	T	C	83095	8966	39	4	0	42	4.81348e-05	83100	0.927006	FALSE	NA	NA	NA	NA	NA	NA
NC_045512.2	5655	T	-A	83095	8966	39	2	0	20	2.40671e-05	83101	1	FALSE	NA	NA	NA	NA	NA	NA
NC_045512.2	5656	A	T	83227	9018	39	1	0	34	1.20136e-05	83239	1	FALSE	NA	NA	NA	NA	NA	NA
NC_045512.2	5656	A	G	83227	9018	39	11	2	38	0.00013215	83239	1	FALSE	NA	NA	NA	NA	NA	NA
NC_045512.2	5657	G	A	84779	9073	39	7	0	34	8.25608e-05	84786	1	FALSE	NA	NA	NA	NA	NA	NA
NC_045512.2	5658	T	G	84562	9212	39	2	0	30	2.36485e-05	84572	1	FALSE	NA	NA	NA	NA	NA	NA
NC_045512.2	5658	T	C	84562	9212	39	6	0	39	7.09455e-05	84572	1	FALSE	NA	NA	NA	NA	NA	NA
NC_045512.2	5658	T	A	84562	9212	39	2	0	34	2.36485e-05	84572	1	FALSE	NA	NA	NA	NA	NA	NA
NC_045512.2	5659	A	G	85114	10619	40	6	1	39	7.04887e-05	85120	1	FALSE	NA	NA	NA	NA	NA	NA
NC_045512.2	5660	C	T	86551	10716	40	2	0	34	2.3107e-05	86554	1	FALSE	NA	NA	NA	NA	NA	NA
NC_045512.2	5660	C	A	86551	10716	40	1	0	26	1.15535e-05	86554	1	FALSE	NA	NA	NA	NA	NA	NA
NC_045512.2	5661	A	G	86745	10742	40	6	0	45	6.91635e-05	86751	0.788041	FALSE	NA	NA	NA	NA	NA	NA
NC_045512.2	5662	A	G	86859	10757	40	9	1	33	0.000103605	86868	1	FALSE	NA	NA	NA	NA	NA	NA
NC_045512.2	5662	A	-C	86859	10757	40	1	0	20	1.15117e-05	86868	1	FALSE	NA	NA	NA	NA	NA	NA
NC_045512.2	5663	C	T	86385	10753	40	2	0	30	2.31508e-05	86390	1	FALSE	NA	NA	NA	NA	NA	NA
NC_045512.2	5663	C	A	86385	10753	40	3	0	34	3.47262e-05	86390	1	FALSE	NA	NA	NA	NA	NA	NA
NC_045512.2	5663	C	-A	86385	10753	40	1	0	20	1.15753e-05	86391	1	FALSE	NA	NA	NA	NA	NA	NA
NC_045512.2	5664	A	G	86555	10767	40	9	2	40	0.000103969	86564	0.5	FALSE	NA	NA	NA	NA	NA	NA
NC_045512.2	5665	G	A	87866	10799	40	1	0	34	1.13808e-05	87867	1	FALSE	NA	NA	NA	NA	NA	NA
NC_045512.2	5666	G	C	87848	11325	40	1	0	34	1.13824e-05	87855	1	FALSE	NA	NA	NA	NA	NA	NA
NC_045512.2	5666	G	A	87848	11325	40	6	0	32	6.82943e-05	87855	1	FALSE	NA	NA	NA	NA	NA	NA
NC_045512.2	5667	A	T	87858	11448	40	2	0	34	2.27604e-05	87872	1	FALSE	NA	NA	NA	NA	NA	NA
NC_045512.2	5667	A	G	87858	11448	40	12	2	39	0.000136562	87872	1	FALSE	NA	NA	NA	NA	NA	NA
NC_045512.2	5668	G	T	88401	11435	40	7	0	34	7.91766e-05	88410	1	FALSE	NA	NA	NA	NA	NA	NA
NC_045512.2	5668	G	A	88401	11435	40	2	1	47	2.26219e-05	88410	0.989257	FALSE	NA	NA	NA	NA	NA	NA
NC_045512.2	5669	T	C	87467	11304	40	8	0	34	9.14516e-05	87478	1	FALSE	NA	NA	NA	NA	NA	NA
NC_045512.2	5669	T	A	87467	11304	40	3	0	31	3.42943e-05	87478	1	FALSE	NA	NA	NA	NA	NA	NA
NC_045512.2	5670	C	G	79238	13171	40	1	0	34	1.26199e-05	79240	1	FALSE	NA	NA	NA	NA	NA	NA
NC_045512.2	5670	C	A	79238	13171	40	1	0	26	1.26199e-05	79240	1	FALSE	NA	NA	NA	NA	NA	NA
NC_045512.2	5671	A	G	78904	13217	40	2	0	34	2.53466e-05	78906	1	FALSE	NA	NA	NA	NA	NA	NA
NC_045512.2	5672	C	T	71665	14687	39	4	2	59	5.58121e-05	71669	0.0624991	FALSE	NA	NA	NA	NA	NA	NA
NC_045512.2	5673	C	T	71278	14934	39	2	0	34	2.80568e-05	71284	1	FALSE	NA	NA	NA	NA	NA	NA
NC_045512.2	5673	C	A	71278	14934	39	4	0	34	5.61136e-05	71284	1	FALSE	NA	NA	NA	NA	NA	NA
NC_045512.2	5673	C	-T	71278	14934	39	13	0	20	0.000182369	71284	1	FALSE	NA	NA	NA	NA	NA	NA
NC_045512.2	5674	T	C	71490	14856	39	21	7	38	0.000293661	71511	1	FALSE	NA	NA	NA	NA	NA	NA
NC_045512.2	5675	T	C	70806	14141	38	4	1	34	5.64892e-05	70810	1	FALSE	NA	NA	NA	NA	NA	NA
NC_045512.2	5676	T	G	69921	15242	39	1	0	34	1.4301e-05	69925	1	FALSE	NA	NA	NA	NA	NA	NA
NC_045512.2	5676	T	C	69921	15242	39	3	1	34	4.29031e-05	69925	1	FALSE	NA	NA	NA	NA	NA	NA
NC_045512.2	5677	T	G	69876	15365	39	3	2	34	4.29209e-05	69896	1	FALSE	NA	NA	NA	NA	NA	NA
NC_045512.2	5677	T	C	69876	15365	39	13	1	34	0.000185991	69896	1	FALSE	NA	NA	NA	NA	NA	NA
NC_045512.2	5677	T	A	69876	15365	39	4	0	34	5.72279e-05	69896	1	FALSE	NA	NA	NA	NA	NA	NA
NC_045512.2	5677	T	-G	69876	15365	39	1	0	20	1.4307e-05	69896	1	FALSE	NA	NA	NA	NA	NA	NA
NC_045512.2	5678	G	A	69362	15771	39	1	0	26	1.44169e-05	69363	1	FALSE	NA	NA	NA	NA	NA	NA
NC_045512.2	5679	T	C	69969	18332	40	7	4	35	0.000100034	69976	1	FALSE	NA	NA	NA	NA	NA	NA
NC_045512.2	5680	T	C	69039	18544	39	9	3	31	0.000130342	69049	1	FALSE	NA	NA	NA	NA	NA	NA
NC_045512.2	5680	T	A	69039	18544	39	1	0	34	1.44825e-05	69049	1	FALSE	NA	NA	NA	NA	NA	NA
NC_045512.2	5681	A	G	68481	18525	39	4	0	34	5.84052e-05	68487	1	FALSE	NA	NA	NA	NA	NA	NA
NC_045512.2	5681	A	C	68481	18525	39	2	2	30	2.92026e-05	68487	1	FALSE	NA	NA	NA	NA	NA	NA
NC_045512.2	5682	T	G	68682	18551	39	1	0	34	1.45592e-05	68685	1	FALSE	NA	NA	NA	NA	NA	NA
NC_045512.2	5682	T	C	68682	18551	39	1	1	26	1.45592e-05	68685	1	FALSE	NA	NA	NA	NA	NA	NA
NC_045512.2	5682	T	A	68682	18551	39	1	0	34	1.45592e-05	68685	1	FALSE	NA	NA	NA	NA	NA	NA
NC_045512.2	5683	G	A	68849	18536	39	4	2	40	5.80948e-05	68853	0.82814	FALSE	NA	NA	NA	NA	NA	NA
NC_045512.2	5684	A	T	68067	19559	39	1	1	68	1.46886e-05	68080	0.49996	FALSE	NA	NA	NA	NA	NA	NA
NC_045512.2	5684	A	G	68067	19559	39	11	5	47	0.000161575	68080	0.16613	FALSE	NA	NA	NA	NA	NA	NA
NC_045512.2	5684	A	C	68067	19559	39	1	1	27	1.46886e-05	68080	1	FALSE	NA	NA	NA	NA	NA	NA
NC_045512.2	5685	T	C	70028	19875	39	3	1	56	4.28382e-05	70031	0.125	FALSE	NA	NA	NA	NA	NA	NA
NC_045512.2	5686	G	C	69742	20302	39	1	1	46	1.43382e-05	69744	0.992189	FALSE	NA	NA	NA	NA	NA	NA
NC_045512.2	5686	G	A	69742	20302	39	1	0	34	1.43382e-05	69744	1	FALSE	NA	NA	NA	NA	NA	NA
NC_045512.2	5687	T	C	69490	20150	39	7	3	51	0.000100721	69499	0.00781093	TRUE	NA	NA	NA	NA	NA	NA
NC_045512.2	5687	T	A	69490	20150	39	2	1	43	2.87774e-05	69499	0.964838	FALSE	NA	NA	NA	NA	NA	NA
NC_045512.2	5688	C	T	70097	20182	39	2	1	34	2.85254e-05	70113	1	FALSE	NA	NA	NA	NA	NA	NA
NC_045512.2	5688	C	G	70097	20182	39	10	0	34	0.000142627	70113	1	FALSE	NA	NA	NA	NA	NA	NA
NC_045512.2	5688	C	A	70097	20182	39	4	0	32	5.70508e-05	70113	1	FALSE	NA	NA	NA	NA	NA	NA
NC_045512.2	5689	A	T	70166	20168	39	1	0	34	1.42485e-05	70183	1	FALSE	NA	NA	NA	NA	NA	NA
NC_045512.2	5689	A	G	70166	20168	39	14	2	36	0.000199479	70183	1	FALSE	NA	NA	NA	NA	NA	NA
NC_045512.2	5689	A	C	70166	20168	39	2	0	34	2.84969e-05	70183	1	FALSE	NA	NA	NA	NA	NA	NA
NC_045512.2	5690	G	A	67933	20591	39	19	6	35	0.000279609	67952	1	FALSE	NA	NA	NA	NA	NA	NA
NC_045512.2	5691	C	T	67880	20725	39	10	1	43	0.000147288	67894	0.227209	FALSE	NA	NA	NA	NA	NA	NA
NC_045512.2	5691	C	G	67880	20725	39	3	0	31	4.41865e-05	67894	1	FALSE	NA	NA	NA	NA	NA	NA
NC_045512.2	5691	C	A	67880	20725	39	1	0	34	1.47288e-05	67894	1	FALSE	NA	NA	NA	NA	NA	NA
NC_045512.2	5692	A	G	68206	21018	39	17	2	36	0.000249183	68223	1	FALSE	NA	NA	NA	NA	NA	NA
NC_045512.2	5692	A	-C	68206	21018	39	1	0	20	1.46578e-05	68223	1	FALSE	NA	NA	NA	NA	NA	NA
NC_045512.2	5693	C	T	68755	21023	39	5	1	40	7.27167e-05	68760	0.725594	FALSE	NA	NA	NA	NA	NA	NA
NC_045512.2	5694	C	T	68880	20659	39	3	1	45	4.35515e-05	68884	0.910163	FALSE	NA	NA	NA	NA	NA	NA
NC_045512.2	5694	C	G	68880	20659	39	1	0	34	1.45172e-05	68884	1	FALSE	NA	NA	NA	NA	NA	NA
NC_045512.2	5695	A	T	69024	20614	39	2	0	30	2.89641e-05	69051	1	FALSE	NA	NA	NA	NA	NA	NA
NC_045512.2	5695	A	G	69024	20614	39	24	5	44	0.000347569	69051	0.000714445	TRUE	NA	NA	NA	NA	NA	NA
NC_045512.2	5695	A	C	69024	20614	39	1	0	26	1.4482e-05	69051	1	FALSE	NA	NA	NA	NA	NA	NA
NC_045512.2	5696	C	T	69847	21485	39	4	1	34	5.72639e-05	69852	1	FALSE	NA	NA	NA	NA	NA	NA
NC_045512.2	5696	C	A	69847	21485	39	1	1	26	1.4316e-05	69852	1	FALSE	NA	NA	NA	NA	NA	NA
NC_045512.2	5697	C	T	66136	22286	39	3	0	34	4.53563e-05	66143	1	FALSE	NA	NA	NA	NA	NA	NA
NC_045512.2	5697	C	G	66136	22286	39	1	0	26	1.51188e-05	66143	1	FALSE	NA	NA	NA	NA	NA	NA
NC_045512.2	5697	C	A	66136	22286	39	3	2	45	4.53563e-05	66143	0.910153	FALSE	NA	NA	NA	NA	NA	NA
NC_045512.2	5698	T	G	65968	22264	39	2	1	34	3.03108e-05	65983	1	FALSE	NA	NA	NA	NA	NA	NA
NC_045512.2	5698	T	C	65968	22264	39	10	2	42	0.000151554	65983	0.227198	FALSE	NA	NA	NA	NA	NA	NA
NC_045512.2	5698	T	A	65968	22264	39	3	0	34	4.54663e-05	65983	1	FALSE	NA	NA	NA	NA	NA	NA
NC_045512.2	5699	G	C	66904	22202	39	2	1	30	2.98829e-05	66928	1	FALSE	NA	NA	NA	NA	NA	NA
NC_045512.2	5699	G	A	66904	22202	39	22	5	46	0.000328711	66928	0.00185762	TRUE	NA	NA	NA	NA	NA	NA
NC_045512.2	5700	C	T	67038	22326	39	1	0	34	1.49158e-05	67043	1	FALSE	NA	NA	NA	NA	NA	NA
NC_045512.2	5700	C	G	67038	22326	39	3	0	29	4.47474e-05	67043	1	FALSE	NA	NA	NA	NA	NA	NA
NC_045512.2	5700	C	A	67038	22326	39	1	0	34	1.49158e-05	67043	1	FALSE	NA	NA	NA	NA	NA	NA
NC_045512.2	5701	T	C	67106	22343	39	11	4	42	0.000163893	67117	0.166145	FALSE	NA	NA	NA	NA	NA	NA
NC_045512.2	5702	C	T	66513	22478	39	4	1	32	6.01314e-05	66521	1	FALSE	NA	NA	NA	NA	NA	NA
NC_045512.2	5702	C	G	66513	22478	39	3	0	34	4.50985e-05	66521	1	FALSE	NA	NA	NA	NA	NA	NA
NC_045512.2	5702	C	A	66513	22478	39	1	0	34	1.50328e-05	66521	1	FALSE	NA	NA	NA	NA	NA	NA
NC_045512.2	5703	A	G	65530	22000	38	5	0	32	7.62951e-05	65535	1	FALSE	NA	NA	NA	NA	NA	NA
NC_045512.2	5704	G	A	70712	22024	38	3	0	34	4.24238e-05	70715	1	FALSE	NA	NA	NA	NA	NA	NA
NC_045512.2	5705	T	C	70847	22632	38	8	5	37	0.000112902	70858	1	FALSE	NA	NA	NA	NA	NA	NA
NC_045512.2	5705	T	A	70847	22632	38	3	0	26	4.23382e-05	70858	1	FALSE	NA	NA	NA	NA	NA	NA
NC_045512.2	5706	A	T	70790	22725	38	1	0	34	1.41251e-05	70796	1	FALSE	NA	NA	NA	NA	NA	NA
NC_045512.2	5706	A	G	70790	22725	38	5	2	34	7.06255e-05	70796	1	FALSE	NA	NA	NA	NA	NA	NA
NC_045512.2	5707	T	G	70928	22673	38	1	0	34	1.40974e-05	70935	1	FALSE	NA	NA	NA	NA	NA	NA
NC_045512.2	5707	T	C	70928	22673	38	6	1	34	8.45845e-05	70935	1	FALSE	NA	NA	NA	NA	NA	NA
NC_045512.2	5708	G	A	70364	22379	38	4	1	32	5.6844e-05	70368	1	FALSE	NA	NA	NA	NA	NA	NA
NC_045512.2	5709	A	T	70207	23439	38	1	0	34	1.42418e-05	70216	1	FALSE	NA	NA	NA	NA	NA	NA
NC_045512.2	5709	A	G	70207	23439	38	7	2	34	9.96924e-05	70216	1	FALSE	NA	NA	NA	NA	NA	NA
NC_045512.2	5709	A	C	70207	23439	38	1	1	34	1.42418e-05	70216	1	FALSE	NA	NA	NA	NA	NA	NA
NC_045512.2	5710	A	G	63275	24201	37	11	0	34	0.000173806	63289	1	FALSE	NA	NA	NA	NA	NA	NA
NC_045512.2	5710	A	C	63275	24201	37	3	0	28	4.74016e-05	63289	1	FALSE	NA	NA	NA	NA	NA	NA
NC_045512.2	5711	C	T	64068	24845	38	2	0	35	3.12159e-05	64070	1	FALSE	NA	NA	NA	NA	NA	NA
NC_045512.2	5711	C	-T	64068	24845	38	1	0	20	1.56079e-05	64070	1	FALSE	NA	NA	NA	NA	NA	NA
NC_045512.2	5712	T	C	64273	25126	38	3	2	34	4.66737e-05	64276	1	FALSE	NA	NA	NA	NA	NA	NA
NC_045512.2	5713	T	G	62769	24189	38	1	0	26	1.59312e-05	62770	1	FALSE	NA	NA	NA	NA	NA	NA
NC_045512.2	5714	A	T	63245	24740	38	3	2	42	4.74256e-05	63257	0.910133	FALSE	NA	NA	NA	NA	NA	NA
NC_045512.2	5714	A	G	63245	24740	38	8	1	34	0.000126468	63257	1	FALSE	NA	NA	NA	NA	NA	NA
NC_045512.2	5714	A	C	63245	24740	38	1	0	26	1.58085e-05	63257	1	FALSE	NA	NA	NA	NA	NA	NA
NC_045512.2	5715	A	G	62777	24827	38	4	4	41	6.37135e-05	62781	0.828141	FALSE	NA	NA	NA	NA	NA	NA
NC_045512.2	5716	G	C	62183	24997	38	1	1	34	1.60798e-05	62190	1	FALSE	NA	NA	NA	NA	NA	NA
NC_045512.2	5716	G	A	62183	24997	38	6	0	28	9.64785e-05	62190	1	FALSE	NA	NA	NA	NA	NA	NA
NC_045512.2	5717	C	T	61652	25386	38	1	0	26	1.6219e-05	61656	1	FALSE	NA	NA	NA	NA	NA	NA
NC_045512.2	5717	C	G	61652	25386	38	1	1	34	1.6219e-05	61656	1	FALSE	NA	NA	NA	NA	NA	NA
NC_045512.2	5717	C	A	61652	25386	38	2	2	34	3.2438e-05	61656	1	FALSE	NA	NA	NA	NA	NA	NA
NC_045512.2	5718	A	G	61523	25326	38	1	0	34	1.62538e-05	61524	1	FALSE	NA	NA	NA	NA	NA	NA
NC_045512.2	5719	T	G	61760	25183	38	3	0	28	4.8572e-05	61764	1	FALSE	NA	NA	NA	NA	NA	NA
NC_045512.2	5719	T	A	61760	25183	38	1	1	68	1.61907e-05	61764	0.499992	FALSE	NA	NA	NA	NA	NA	NA
NC_045512.2	5720	G	T	61234	24761	38	4	2	42	6.53179e-05	61239	0.828135	FALSE	NA	NA	NA	NA	NA	NA
NC_045512.2	5720	G	A	61234	24761	38	1	1	34	1.63295e-05	61239	1	FALSE	NA	NA	NA	NA	NA	NA
NC_045512.2	5721	G	T	61666	25222	38	5	3	54	8.10649e-05	61679	0.0312386	FALSE	NA	NA	NA	NA	NA	NA
NC_045512.2	5721	G	C	61666	25222	38	2	1	34	3.24259e-05	61679	1	FALSE	NA	NA	NA	NA	NA	NA
NC_045512.2	5721	G	A	61666	25222	38	6	5	34	9.72778e-05	61679	1	FALSE	NA	NA	NA	NA	NA	NA
NC_045512.2	5722	T	G	58697	28188	37	1	0	27	1.70314e-05	58715	1	FALSE	NA	NA	NA	NA	NA	NA
NC_045512.2	5722	T	C	58697	28188	37	17	1	35	0.000289534	58715	1	FALSE	NA	NA	NA	NA	NA	NA
NC_045512.2	5723	A	T	58345	27475	36	1	1	34	1.71377e-05	58351	1	FALSE	NA	NA	NA	NA	NA	NA
NC_045512.2	5723	A	G	58345	27475	36	4	3	37	6.85507e-05	58351	1	FALSE	NA	NA	NA	NA	NA	NA
NC_045512.2	5723	A	C	58345	27475	36	1	1	34	1.71377e-05	58351	1	FALSE	NA	NA	NA	NA	NA	NA
NC_045512.2	5724	C	T	58263	28768	37	3	2	31	5.1488e-05	58266	1	FALSE	NA	NA	NA	NA	NA	NA
NC_045512.2	5725	A	G	58442	28686	37	4	1	40	6.84392e-05	58446	0.746111	FALSE	NA	NA	NA	NA	NA	NA
NC_045512.2	5726	T	C	57383	27826	36	8	4	38	0.000139395	57391	1	FALSE	NA	NA	NA	NA	NA	NA
NC_045512.2	5727	T	G	58322	28792	37	1	0	34	1.7145e-05	58326	1	FALSE	NA	NA	NA	NA	NA	NA
NC_045512.2	5727	T	C	58322	28792	37	3	2	34	5.1435e-05	58326	1	FALSE	NA	NA	NA	NA	NA	NA
NC_045512.2	5728	T	G	58278	28621	37	1	0	27	1.7158e-05	58282	1	FALSE	NA	NA	NA	NA	NA	NA
NC_045512.2	5728	T	A	58278	28621	37	3	1	30	5.14739e-05	58282	1	FALSE	NA	NA	NA	NA	NA	NA
NC_045512.2	5729	A	T	57973	28714	37	1	0	34	1.72473e-05	57980	1	FALSE	NA	NA	NA	NA	NA	NA
NC_045512.2	5729	A	G	57973	28714	37	4	2	32	6.89893e-05	57980	1	FALSE	NA	NA	NA	NA	NA	NA
NC_045512.2	5729	A	C	57973	28714	37	2	2	34	3.44947e-05	57980	1	FALSE	NA	NA	NA	NA	NA	NA
NC_045512.2	5730	C	T	57317	29681	37	3	2	49	5.23378e-05	57320	0.855483	FALSE	NA	NA	NA	NA	NA	NA
NC_045512.2	5731	T	G	56989	29290	37	1	0	26	1.7546e-05	56993	1	FALSE	NA	NA	NA	NA	NA	NA
NC_045512.2	5731	T	C	56989	29290	37	3	0	40	5.2638e-05	56993	0.855477	FALSE	NA	NA	NA	NA	NA	NA
NC_045512.2	5732	T	C	56546	28917	37	6	3	34	0.000106093	56554	1	FALSE	NA	NA	NA	NA	NA	NA
NC_045512.2	5732	T	A	56546	28917	37	2	2	34	3.53644e-05	56554	1	FALSE	NA	NA	NA	NA	NA	NA
NC_045512.2	5733	G	T	58119	28987	37	1	1	34	1.72046e-05	58124	1	FALSE	NA	NA	NA	NA	NA	NA
NC_045512.2	5733	G	A	58119	28987	37	4	1	32	6.88184e-05	58124	1	FALSE	NA	NA	NA	NA	NA	NA
NC_045512.2	5734	T	C	57704	28745	37	4	2	30	6.93133e-05	57709	1	FALSE	NA	NA	NA	NA	NA	NA
NC_045512.2	5734	T	A	57704	28745	37	1	1	34	1.73283e-05	57709	1	FALSE	NA	NA	NA	NA	NA	NA
NC_045512.2	5735	G	C	57534	28791	37	4	4	30	6.9512e-05	57544	1	FALSE	NA	NA	NA	NA	NA	NA
NC_045512.2	5735	G	A	57534	28791	37	6	0	39	0.000104268	57544	1	FALSE	NA	NA	NA	NA	NA	NA
NC_045512.2	5736	C	T	57585	28895	37	4	1	42	6.94577e-05	57589	0.746111	FALSE	NA	NA	NA	NA	NA	NA
NC_045512.2	5737	T	C	57444	28735	37	10	2	33	0.000174052	57454	1	FALSE	NA	NA	NA	NA	NA	NA
NC_045512.2	5737	T	-A	57444	28735	37	1	0	20	1.74052e-05	57454	1	FALSE	NA	NA	NA	NA	NA	NA
NC_045512.2	5738	A	G	58746	28669	36	5	4	34	8.51035e-05	58752	1	FALSE	NA	NA	NA	NA	NA	NA
NC_045512.2	5738	A	C	58746	28669	36	1	1	34	1.70207e-05	58752	1	FALSE	NA	NA	NA	NA	NA	NA
NC_045512.2	5739	G	T	59075	28756	37	8	4	34	0.000135394	59087	1	FALSE	NA	NA	NA	NA	NA	NA
NC_045512.2	5739	G	C	59075	28756	37	2	2	34	3.38484e-05	59087	1	FALSE	NA	NA	NA	NA	NA	NA
NC_045512.2	5739	G	A	59075	28756	37	2	2	34	3.38484e-05	59087	1	FALSE	NA	NA	NA	NA	NA	NA
NC_045512.2	5740	T	G	60962	30439	37	1	0	34	1.64023e-05	60967	1	FALSE	NA	NA	NA	NA	NA	NA
NC_045512.2	5740	T	C	60962	30439	37	1	1	34	1.64023e-05	60967	1	FALSE	NA	NA	NA	NA	NA	NA
NC_045512.2	5740	T	A	60962	30439	37	3	1	31	4.92069e-05	60967	1	FALSE	NA	NA	NA	NA	NA	NA
NC_045512.2	5741	G	T	61308	30480	37	1	1	26	1.63106e-05	61310	1	FALSE	NA	NA	NA	NA	NA	NA
NC_045512.2	5741	G	A	61308	30480	37	1	1	34	1.63106e-05	61310	1	FALSE	NA	NA	NA	NA	NA	NA
NC_045512.2	5742	A	T	59208	29313	37	1	1	24	1.68865e-05	59219	1	FALSE	NA	NA	NA	NA	NA	NA
NC_045512.2	5742	A	G	59208	29313	37	9	3	34	0.000151978	59219	1	FALSE	NA	NA	NA	NA	NA	NA
NC_045512.2	5742	A	C	59208	29313	37	1	1	34	1.68865e-05	59219	1	FALSE	NA	NA	NA	NA	NA	NA
NC_045512.2	5743	G	C	58857	28971	37	392	367	37	0.00661559	59254	6.72814e-62	TRUE	NA	NA	NA	NA	NA	NA
NC_045512.2	5743	G	A	58857	28971	37	5	1	34	8.43825e-05	59254	1	FALSE	NA	NA	NA	NA	NA	NA
NC_045512.2	5744	T	G	58592	29157	36	1	0	34	1.69532e-05	58986	1	FALSE	NA	NA	NA	NA	NA	NA
NC_045512.2	5744	T	C	58592	29157	36	392	366	37	0.00664564	58986	1.76129e-62	TRUE	NA	NA	NA	NA	NA	NA
NC_045512.2	5744	T	A	58592	29157	36	1	1	60	1.69532e-05	58986	0.498333	FALSE	NA	NA	NA	NA	NA	NA
NC_045512.2	5745	A	T	61224	32091	37	2	1	30	3.26637e-05	61230	1	FALSE	NA	NA	NA	NA	NA	NA
NC_045512.2	5745	A	G	61224	32091	37	4	2	34	6.53275e-05	61230	1	FALSE	NA	NA	NA	NA	NA	NA
NC_045512.2	5746	C	T	61332	32665	37	2	2	51	3.26078e-05	61335	0.249998	FALSE	NA	NA	NA	NA	NA	NA
NC_045512.2	5746	C	A	61332	32665	37	1	1	26	1.63039e-05	61335	1	FALSE	NA	NA	NA	NA	NA	NA
NC_045512.2	5747	A	G	60917	32475	37	8	3	34	0.000131309	60925	1	FALSE	NA	NA	NA	NA	NA	NA
NC_045512.2	5747	A	-C	60917	32475	37	3	0	20	4.92393e-05	60927	1	FALSE	NA	NA	NA	NA	NA	NA
NC_045512.2	5748	C	T	60842	32775	37	1	1	34	1.64347e-05	60847	1	FALSE	NA	NA	NA	NA	NA	NA
NC_045512.2	5748	C	G	60842	32775	37	1	0	34	1.64347e-05	60847	1	FALSE	NA	NA	NA	NA	NA	NA
NC_045512.2	5748	C	A	60842	32775	37	3	0	31	4.9304e-05	60847	1	FALSE	NA	NA	NA	NA	NA	NA
NC_045512.2	5749	T	G	57726	29751	37	6	1	32	0.000103884	57757	1	FALSE	NA	NA	NA	NA	NA	NA
NC_045512.2	5749	T	C	57726	29751	37	18	6	38	0.000311651	57757	0.999999	FALSE	NA	NA	NA	NA	NA	NA
NC_045512.2	5749	T	A	57726	29751	37	7	2	42	0.000121197	57757	0.386932	FALSE	NA	NA	NA	NA	NA	NA
NC_045512.2	5750	G	C	64469	29725	37	4	3	34	6.20367e-05	64478	1	FALSE	NA	NA	NA	NA	NA	NA
NC_045512.2	5750	G	A	64469	29725	37	5	3	40	7.75458e-05	64478	0.725568	FALSE	NA	NA	NA	NA	NA	NA
NC_045512.2	5751	G	C	65026	30107	37	1	1	26	1.5378e-05	65028	1	FALSE	NA	NA	NA	NA	NA	NA
NC_045512.2	5751	G	A	65026	30107	37	1	1	34	1.5378e-05	65028	1	FALSE	NA	NA	NA	NA	NA	NA
NC_045512.2	5751	G	-T	65026	30107	37	1	0	20	1.5378e-05	65028	1	FALSE	NA	NA	NA	NA	NA	NA
NC_045512.2	5752	T	C	64268	29438	37	11	7	37	0.000171129	64279	1	FALSE	NA	NA	NA	NA	NA	NA
NC_045512.2	5753	A	T	63307	29662	37	1	0	34	1.57928e-05	63320	1	FALSE	NA	NA	NA	NA	NA	NA
NC_045512.2	5753	A	G	63307	29662	37	11	4	33	0.000173721	63320	1	FALSE	NA	NA	NA	NA	NA	NA
NC_045512.2	5753	A	C	63307	29662	37	1	1	34	1.57928e-05	63320	1	FALSE	NA	NA	NA	NA	NA	NA
NC_045512.2	5754	A	G	63796	30225	37	2	1	34	3.13489e-05	63798	1	FALSE	NA	NA	NA	NA	NA	NA
NC_045512.2	5755	T	C	64957	30917	37	2	2	30	3.07887e-05	64959	1	FALSE	NA	NA	NA	NA	NA	NA
NC_045512.2	5756	T	C	64943	31049	37	6	4	36	9.23802e-05	64949	1	FALSE	NA	NA	NA	NA	NA	NA
NC_045512.2	5756	T	-A	64943	31049	37	1	0	20	1.53967e-05	64949	1	FALSE	NA	NA	NA	NA	NA	NA
NC_045512.2	5757	A	G	64723	30948	37	3	1	34	4.63492e-05	64726	1	FALSE	NA	NA	NA	NA	NA	NA
NC_045512.2	5758	C	T	64326	31703	37	9	2	41	0.000139888	64337	0.303598	FALSE	NA	NA	NA	NA	NA	NA
NC_045512.2	5758	C	A	64326	31703	37	2	0	34	3.10863e-05	64337	1	FALSE	NA	NA	NA	NA	NA	NA
NC_045512.2	5759	C	T	64082	31508	37	2	0	34	3.12032e-05	64096	1	FALSE	NA	NA	NA	NA	NA	NA
NC_045512.2	5759	C	G	64082	31508	37	2	1	47	3.12032e-05	64096	0.964829	FALSE	NA	NA	NA	NA	NA	NA
NC_045512.2	5759	C	A	64082	31508	37	10	3	34	0.000156016	64096	1	FALSE	NA	NA	NA	NA	NA	NA
NC_045512.2	5760	A	T	61515	28831	37	5	3	32	8.12691e-05	61524	1	FALSE	NA	NA	NA	NA	NA	NA
NC_045512.2	5760	A	G	61515	28831	37	4	1	42	6.50153e-05	61524	0.828108	FALSE	NA	NA	NA	NA	NA	NA
NC_045512.2	5761	G	C	61764	29163	37	1	1	34	1.61896e-05	61768	1	FALSE	NA	NA	NA	NA	NA	NA
NC_045512.2	5761	G	A	61764	29163	37	3	2	43	4.85688e-05	61768	0.910164	FALSE	NA	NA	NA	NA	NA	NA
NC_045512.2	5762	T	C	75448	45572	39	1	0	34	1.32538e-05	75450	1	FALSE	NA	NA	NA	NA	NA	NA
NC_045512.2	5762	T	A	75448	45572	39	1	0	34	1.32538e-05	75450	1	FALSE	NA	NA	NA	NA	NA	NA
NC_045512.2	5763	G	A	75442	45573	39	9	7	33	0.000119283	75451	1	FALSE	NA	NA	NA	NA	NA	NA
NC_045512.2	5764	T	C	74724	44974	39	1	0	34	1.33822e-05	74726	1	FALSE	NA	NA	NA	NA	NA	NA
NC_045512.2	5764	T	A	74724	44974	39	1	0	34	1.33822e-05	74726	1	FALSE	NA	NA	NA	NA	NA	NA
NC_045512.2	5764	T	-G	74724	44974	39	2	0	20	2.67644e-05	74726	1	FALSE	NA	NA	NA	NA	NA	NA
NC_045512.2	5765	G	T	73851	44015	38	3	2	31	4.06042e-05	73884	1	FALSE	NA	NA	NA	NA	NA	NA
NC_045512.2	5765	G	C	73851	44015	38	1	1	26	1.35347e-05	73884	1	FALSE	NA	NA	NA	NA	NA	NA
NC_045512.2	5765	G	A	73851	44015	38	29	19	33	0.000392507	73884	0.999997	FALSE	NA	NA	NA	NA	NA	NA
NC_045512.2	5766	G	T	74122	45130	39	3	3	31	4.04563e-05	74154	1	FALSE	NA	NA	NA	NA	NA	NA
NC_045512.2	5766	G	C	74122	45130	39	28	28	32	0.000377593	74154	0.999999	FALSE	NA	NA	NA	NA	NA	NA
NC_045512.2	5766	G	A	74122	45130	39	1	0	24	1.34854e-05	74154	1	FALSE	NA	NA	NA	NA	NA	NA
NC_045512.2	5767	T	G	73900	45198	39	4	0	34	5.41191e-05	73911	1	FALSE	NA	NA	NA	NA	NA	NA
NC_045512.2	5767	T	C	73900	45198	39	6	5	39	8.11787e-05	73911	1	FALSE	NA	NA	NA	NA	NA	NA
NC_045512.2	5767	T	A	73900	45198	39	1	0	34	1.35298e-05	73911	1	FALSE	NA	NA	NA	NA	NA	NA
NC_045512.2	5768	C	T	74092	45346	39	5	3	32	6.74755e-05	74101	1	FALSE	NA	NA	NA	NA	NA	NA
NC_045512.2	5768	C	G	74092	45346	39	4	1	32	5.39804e-05	74101	1	FALSE	NA	NA	NA	NA	NA	NA
NC_045512.2	5769	A	T	74490	46013	39	5	2	32	6.71069e-05	74508	1	FALSE	NA	NA	NA	NA	NA	NA
NC_045512.2	5769	A	G	74490	46013	39	4	3	34	5.36855e-05	74508	1	FALSE	NA	NA	NA	NA	NA	NA
NC_045512.2	5769	A	C	74490	46013	39	9	1	33	0.000120792	74508	1	FALSE	NA	NA	NA	NA	NA	NA
NC_045512.2	5770	C	T	80061	46426	39	2	1	51	2.49797e-05	80065	0.249995	FALSE	NA	NA	NA	NA	NA	NA
NC_045512.2	5770	C	G	80061	46426	39	1	0	34	1.24899e-05	80065	1	FALSE	NA	NA	NA	NA	NA	NA
NC_045512.2	5770	C	A	80061	46426	39	1	1	24	1.24899e-05	80065	1	FALSE	NA	NA	NA	NA	NA	NA
NC_045512.2	5771	T	C	79619	45988	38	3	2	31	3.76776e-05	79623	1	FALSE	NA	NA	NA	NA	NA	NA
NC_045512.2	5771	T	A	79619	45988	38	1	0	26	1.25592e-05	79623	1	FALSE	NA	NA	NA	NA	NA	NA
NC_045512.2	5772	A	T	79800	46101	39	1	1	34	1.25307e-05	79804	1	FALSE	NA	NA	NA	NA	NA	NA
NC_045512.2	5772	A	G	79800	46101	39	3	2	31	3.75921e-05	79804	1	FALSE	NA	NA	NA	NA	NA	NA
NC_045512.2	5773	T	G	79851	46389	39	2	0	30	2.50448e-05	79857	1	FALSE	NA	NA	NA	NA	NA	NA
NC_045512.2	5773	T	C	79851	46389	39	2	2	34	2.50448e-05	79857	1	FALSE	NA	NA	NA	NA	NA	NA
NC_045512.2	5773	T	A	79851	46389	39	2	0	34	2.50448e-05	79857	1	FALSE	NA	NA	NA	NA	NA	NA
NC_045512.2	5773	T	-A	79851	46389	39	2	0	20	2.50448e-05	79857	1	FALSE	NA	NA	NA	NA	NA	NA
NC_045512.2	5774	A	G	79173	46086	38	8	3	49	0.000101034	79181	0.49999	FALSE	NA	NA	NA	NA	NA	NA
NC_045512.2	5775	A	G	79482	46110	39	10	5	39	0.000125799	79492	1	FALSE	NA	NA	NA	NA	NA	NA
NC_045512.2	5776	A	T	72435	46266	37	1	1	34	1.38043e-05	72441	1	FALSE	NA	NA	NA	NA	NA	NA
NC_045512.2	5776	A	G	72435	46266	37	3	2	30	4.1413e-05	72441	1	FALSE	NA	NA	NA	NA	NA	NA
NC_045512.2	5776	A	C	72435	46266	37	2	1	26	2.76087e-05	72441	1	FALSE	NA	NA	NA	NA	NA	NA
NC_045512.2	5777	C	T	80256	46225	39	2	2	34	2.4919e-05	80260	1	FALSE	NA	NA	NA	NA	NA	NA
NC_045512.2	5777	C	A	80256	46225	39	2	0	34	2.4919e-05	80260	1	FALSE	NA	NA	NA	NA	NA	NA
NC_045512.2	5778	A	T	80277	46307	39	1	1	68	1.24561e-05	80282	0.499991	FALSE	NA	NA	NA	NA	NA	NA
NC_045512.2	5778	A	G	80277	46307	39	4	2	34	4.98244e-05	80282	1	FALSE	NA	NA	NA	NA	NA	NA
NC_045512.2	5779	T	G	76165	43245	38	3	2	31	3.93835e-05	76174	1	FALSE	NA	NA	NA	NA	NA	NA
NC_045512.2	5779	T	C	76165	43245	38	6	4	34	7.8767e-05	76174	1	FALSE	NA	NA	NA	NA	NA	NA
NC_045512.2	5780	A	G	76183	43414	39	19	5	34	0.000249337	76202	1	FALSE	NA	NA	NA	NA	NA	NA
NC_045512.2	5781	T	C	76664	43982	39	1	1	24	1.30436e-05	76666	1	FALSE	NA	NA	NA	NA	NA	NA
NC_045512.2	5781	T	A	76664	43982	39	1	1	34	1.30436e-05	76666	1	FALSE	NA	NA	NA	NA	NA	NA
NC_045512.2	5781	T	-A	76664	43982	39	1	0	20	1.30436e-05	76666	1	FALSE	NA	NA	NA	NA	NA	NA
NC_045512.2	5782	A	T	76572	43922	39	1	1	26	1.3056e-05	76593	1	FALSE	NA	NA	NA	NA	NA	NA
NC_045512.2	5782	A	G	76572	43922	39	4	1	34	5.22241e-05	76593	1	FALSE	NA	NA	NA	NA	NA	NA
NC_045512.2	5782	A	C	76572	43922	39	16	16	29	0.000208896	76593	1	FALSE	NA	NA	NA	NA	NA	NA
NC_045512.2	5783	A	T	76632	43916	39	1	1	34	1.30477e-05	76642	1	FALSE	NA	NA	NA	NA	NA	NA
NC_045512.2	5783	A	G	76632	43916	39	7	3	41	9.13337e-05	76642	0.604722	FALSE	NA	NA	NA	NA	NA	NA
NC_045512.2	5783	A	C	76632	43916	39	2	2	30	2.60954e-05	76642	1	FALSE	NA	NA	NA	NA	NA	NA
NC_045512.2	5785	T	C	74871	43486	38	3	0	30	4.00668e-05	74875	1	FALSE	NA	NA	NA	NA	NA	NA
NC_045512.2	5785	T	A	74871	43486	38	1	1	34	1.33556e-05	74875	1	FALSE	NA	NA	NA	NA	NA	NA
NC_045512.2	5786	T	C	75344	44702	38	8	7	34	0.000106167	75353	1	FALSE	NA	NA	NA	NA	NA	NA
NC_045512.2	5786	T	A	75344	44702	38	1	0	24	1.32709e-05	75353	1	FALSE	NA	NA	NA	NA	NA	NA
NC_045512.2	5787	C	T	75814	45736	39	2	1	34	2.6379e-05	75818	1	FALSE	NA	NA	NA	NA	NA	NA
NC_045512.2	5787	C	G	75814	45736	39	2	0	30	2.6379e-05	75818	1	FALSE	NA	NA	NA	NA	NA	NA
NC_045512.2	5788	T	C	76775	46878	39	1	1	34	1.30249e-05	76776	1	FALSE	NA	NA	NA	NA	NA	NA
NC_045512.2	5788	T	-AA	76775	46878	39	1	0	20	1.30249e-05	76776	1	FALSE	NA	NA	NA	NA	NA	NA
NC_045512.2	5788	T	-A	76775	46878	39	1	0	20	1.30249e-05	76776	1	FALSE	NA	NA	NA	NA	NA	NA
NC_045512.2	5789	A	G	77188	47314	39	5	2	40	6.47727e-05	77193	0.806155	FALSE	NA	NA	NA	NA	NA	NA
NC_045512.2	5790	A	G	77027	47305	39	2	0	26	2.59639e-05	77030	1	FALSE	NA	NA	NA	NA	NA	NA
NC_045512.2	5790	A	C	77027	47305	39	1	1	24	1.2982e-05	77030	1	FALSE	NA	NA	NA	NA	NA	NA
NC_045512.2	5791	A	G	77037	47440	39	3	2	31	3.89408e-05	77040	1	FALSE	NA	NA	NA	NA	NA	NA
NC_045512.2	5792	G	A	76887	47350	39	1	1	34	1.30059e-05	76888	1	FALSE	NA	NA	NA	NA	NA	NA
NC_045512.2	5793	A	G	77246	47963	39	6	5	36	7.76679e-05	77252	1	FALSE	NA	NA	NA	NA	NA	NA
NC_045512.2	5794	A	G	77288	48484	39	10	8	37	0.000129369	77298	1	FALSE	NA	NA	NA	NA	NA	NA
NC_045512.2	5795	A	G	77013	48616	39	4	4	38	5.19352e-05	77019	1	FALSE	NA	NA	NA	NA	NA	NA
NC_045512.2	5795	A	C	77013	48616	39	2	2	47	2.59676e-05	77019	0.980469	FALSE	NA	NA	NA	NA	NA	NA
NC_045512.2	5797	T	G	72053	44001	38	2	1	30	2.77554e-05	72058	1	FALSE	NA	NA	NA	NA	NA	NA
NC_045512.2	5797	T	C	72053	44001	38	2	2	34	2.77554e-05	72058	1	FALSE	NA	NA	NA	NA	NA	NA
NC_045512.2	5797	T	A	72053	44001	38	1	1	26	1.38777e-05	72058	1	FALSE	NA	NA	NA	NA	NA	NA
NC_045512.2	5798	T	G	75665	47630	39	1	0	68	1.32148e-05	75673	0.49998	FALSE	NA	NA	NA	NA	NA	NA
NC_045512.2	5798	T	C	75665	47630	39	6	5	39	7.92885e-05	75673	1	FALSE	NA	NA	NA	NA	NA	NA
NC_045512.2	5798	T	A	75665	47630	39	1	1	34	1.32148e-05	75673	1	FALSE	NA	NA	NA	NA	NA	NA
NC_045512.2	5799	T	C	75413	47417	39	13	4	41	0.000172354	75426	0.131578	FALSE	NA	NA	NA	NA	NA	NA
NC_045512.2	5800	G	A	75545	47749	39	3	3	34	3.97099e-05	75548	1	FALSE	NA	NA	NA	NA	NA	NA
NC_045512.2	5801	T	C	79394	52742	39	5	4	34	6.29715e-05	79401	1	FALSE	NA	NA	NA	NA	NA	NA
NC_045512.2	5801	T	A	79394	52742	39	2	2	47	2.51886e-05	79401	0.980468	FALSE	NA	NA	NA	NA	NA	NA
NC_045512.2	5802	A	G	79706	53078	39	4	3	34	5.01813e-05	79711	1	FALSE	NA	NA	NA	NA	NA	NA
NC_045512.2	5802	A	C	79706	53078	39	1	1	27	1.25453e-05	79711	1	FALSE	NA	NA	NA	NA	NA	NA
NC_045512.2	5802	A	-T	79706	53078	39	1	0	20	1.25453e-05	79711	1	FALSE	NA	NA	NA	NA	NA	NA
NC_045512.2	5803	T	G	79853	53209	39	1	1	34	1.25224e-05	79857	1	FALSE	NA	NA	NA	NA	NA	NA
NC_045512.2	5803	T	C	79853	53209	39	3	2	28	3.75672e-05	79857	1	FALSE	NA	NA	NA	NA	NA	NA
NC_045512.2	5804	T	C	78974	52359	39	5	3	38	6.3308e-05	78979	1	FALSE	NA	NA	NA	NA	NA	NA
NC_045512.2	5804	T	-G	78974	52359	39	1	0	20	1.26616e-05	78979	1	FALSE	NA	NA	NA	NA	NA	NA
NC_045512.2	5805	G	T	77350	53511	38	2	2	51	2.58542e-05	77357	0.249982	FALSE	NA	NA	NA	NA	NA	NA
NC_045512.2	5805	G	C	77350	53511	38	1	0	34	1.29271e-05	77357	1	FALSE	NA	NA	NA	NA	NA	NA
NC_045512.2	5805	G	A	77350	53511	38	4	2	31	5.17083e-05	77357	1	FALSE	NA	NA	NA	NA	NA	NA
NC_045512.2	5806	C	T	77481	53716	38	4	3	49	5.16209e-05	77488	0.886719	FALSE	NA	NA	NA	NA	NA	NA
NC_045512.2	5806	C	A	77481	53716	38	3	3	56	3.87157e-05	77488	0.12499	FALSE	NA	NA	NA	NA	NA	NA
NC_045512.2	5807	A	T	78027	54428	39	2	2	30	2.56266e-05	78044	1	FALSE	NA	NA	NA	NA	NA	NA
NC_045512.2	5807	A	G	78027	54428	39	13	3	37	0.000166573	78044	1	FALSE	NA	NA	NA	NA	NA	NA
NC_045512.2	5807	A	C	78027	54428	39	2	2	34	2.56266e-05	78044	1	FALSE	NA	NA	NA	NA	NA	NA
NC_045512.2	5808	T	C	77826	54123	38	8	8	34	0.00010278	77836	1	FALSE	NA	NA	NA	NA	NA	NA
NC_045512.2	5808	T	A	77826	54123	38	2	0	34	2.56951e-05	77836	1	FALSE	NA	NA	NA	NA	NA	NA
NC_045512.2	5809	A	T	76753	53392	39	1	1	34	1.3028e-05	76758	1	FALSE	NA	NA	NA	NA	NA	NA
NC_045512.2	5809	A	G	76753	53392	39	4	3	31	5.21118e-05	76758	1	FALSE	NA	NA	NA	NA	NA	NA
NC_045512.2	5810	G	T	76705	53570	38	1	1	26	1.30368e-05	76706	1	FALSE	NA	NA	NA	NA	NA	NA
NC_045512.2	5811	A	G	76595	53680	38	6	6	34	7.8328e-05	76601	1	FALSE	NA	NA	NA	NA	NA	NA
NC_045512.2	5811	A	-C	76595	53680	38	1	0	20	1.30547e-05	76601	1	FALSE	NA	NA	NA	NA	NA	NA
NC_045512.2	5812	C	T	76476	53897	38	5	3	34	6.53714e-05	76486	1	FALSE	NA	NA	NA	NA	NA	NA
NC_045512.2	5812	C	G	76476	53897	38	1	0	27	1.30743e-05	76486	1	FALSE	NA	NA	NA	NA	NA	NA
NC_045512.2	5812	C	A	76476	53897	38	4	4	34	5.22972e-05	76486	1	FALSE	NA	NA	NA	NA	NA	NA
NC_045512.2	5813	G	A	75626	53064	38	8	6	38	0.000105773	75634	1	FALSE	NA	NA	NA	NA	NA	NA
NC_045512.2	5814	G	T	75345	52167	38	1	0	68	1.32712e-05	75351	0.499987	FALSE	NA	NA	NA	NA	NA	NA
NC_045512.2	5814	G	A	75345	52167	38	5	4	40	6.63561e-05	75351	0.806162	FALSE	NA	NA	NA	NA	NA	NA
NC_045512.2	5815	T	C	77683	55483	39	6	6	34	7.723e-05	77690	1	FALSE	NA	NA	NA	NA	NA	NA
NC_045512.2	5815	T	A	77683	55483	39	1	1	34	1.28717e-05	77690	1	FALSE	NA	NA	NA	NA	NA	NA
NC_045512.2	5816	G	A	77592	55303	39	1	0	68	1.28878e-05	77593	0.500003	FALSE	NA	NA	NA	NA	NA	NA
NC_045512.2	5817	C	T	77531	55726	39	12	11	33	0.000154751	77544	1	FALSE	NA	NA	NA	NA	NA	NA
NC_045512.2	5817	C	A	77531	55726	39	1	1	34	1.28959e-05	77544	1	FALSE	NA	NA	NA	NA	NA	NA
NC_045512.2	5817	C	-T	77531	55726	39	2	0	20	2.57918e-05	77544	1	FALSE	NA	NA	NA	NA	NA	NA
NC_045512.2	5818	T	C	77151	55177	39	9	4	40	0.000116641	77160	0.401794	FALSE	NA	NA	NA	NA	NA	NA
NC_045512.2	5819	T	C	77098	55117	39	10	3	40	0.000129685	77110	0.31451	FALSE	NA	NA	NA	NA	NA	NA
NC_045512.2	5819	T	A	77098	55117	39	2	2	34	2.5937e-05	77110	1	FALSE	NA	NA	NA	NA	NA	NA
NC_045512.2	5820	T	C	77287	55599	39	3	3	31	3.88149e-05	77290	1	FALSE	NA	NA	NA	NA	NA	NA
NC_045512.2	5821	A	T	77193	55576	39	2	1	34	2.59027e-05	77212	1	FALSE	NA	NA	NA	NA	NA	NA
NC_045512.2	5821	A	G	77193	55576	39	13	7	44	0.000168368	77212	0.131541	FALSE	NA	NA	NA	NA	NA	NA
NC_045512.2	5821	A	C	77193	55576	39	4	4	30	5.18054e-05	77212	1	FALSE	NA	NA	NA	NA	NA	NA
NC_045512.2	5822	C	T	77571	56887	39	7	7	34	9.02306e-05	77579	1	FALSE	NA	NA	NA	NA	NA	NA
NC_045512.2	5822	C	G	77571	56887	39	1	1	34	1.28901e-05	77579	1	FALSE	NA	NA	NA	NA	NA	NA
NC_045512.2	5823	T	G	75133	54476	39	1	1	26	1.33085e-05	75140	1	FALSE	NA	NA	NA	NA	NA	NA
NC_045512.2	5823	T	C	75133	54476	39	3	1	34	3.99255e-05	75140	1	FALSE	NA	NA	NA	NA	NA	NA
NC_045512.2	5823	T	A	75133	54476	39	3	2	34	3.99255e-05	75140	1	FALSE	NA	NA	NA	NA	NA	NA
NC_045512.2	5824	T	G	75029	54391	39	1	0	34	1.33252e-05	75046	1	FALSE	NA	NA	NA	NA	NA	NA
NC_045512.2	5824	T	C	75029	54391	39	11	6	34	0.000146577	75046	1	FALSE	NA	NA	NA	NA	NA	NA
NC_045512.2	5824	T	A	75029	54391	39	5	1	56	6.66258e-05	75046	0.0312365	FALSE	NA	NA	NA	NA	NA	NA
NC_045512.2	5825	A	T	75760	55463	39	1	1	34	1.31984e-05	75767	1	FALSE	NA	NA	NA	NA	NA	NA
NC_045512.2	5825	A	G	75760	55463	39	6	1	42	7.91901e-05	75767	0.709481	FALSE	NA	NA	NA	NA	NA	NA
NC_045512.2	5826	C	T	75622	55574	39	1	1	34	1.32235e-05	75623	1	FALSE	NA	NA	NA	NA	NA	NA
NC_045512.2	5826	C	+A	75622	55574	39	2	0	20	2.6447e-05	75623	1	FALSE	NA	NA	NA	NA	NA	NA
NC_045512.2	5827	A	T	76044	56112	39	1	1	34	1.31473e-05	76061	1	FALSE	NA	NA	NA	NA	NA	NA
NC_045512.2	5827	A	G	76044	56112	39	16	16	34	0.000210357	76061	1	FALSE	NA	NA	NA	NA	NA	NA
NC_045512.2	5828	A	T	75975	56025	39	2	2	30	2.63203e-05	75987	1	FALSE	NA	NA	NA	NA	NA	NA
NC_045512.2	5828	A	G	75975	56025	39	9	6	32	0.000118441	75987	1	FALSE	NA	NA	NA	NA	NA	NA
NC_045512.2	5828	A	C	75975	56025	39	1	1	34	1.31601e-05	75987	1	FALSE	NA	NA	NA	NA	NA	NA
NC_045512.2	5829	A	T	74485	56149	38	5	4	39	6.71132e-05	74501	1	FALSE	NA	NA	NA	NA	NA	NA
NC_045512.2	5829	A	G	74485	56149	38	10	5	38	0.000134226	74501	1	FALSE	NA	NA	NA	NA	NA	NA
NC_045512.2	5829	A	C	74485	56149	38	1	1	34	1.34226e-05	74501	1	FALSE	NA	NA	NA	NA	NA	NA
NC_045512.2	5830	G	A	76102	56094	39	2	2	51	2.62798e-05	76104	0.250002	FALSE	NA	NA	NA	NA	NA	NA
NC_045512.2	5831	T	C	82613	64928	40	5	4	40	6.05195e-05	82618	0.866591	FALSE	NA	NA	NA	NA	NA	NA
NC_045512.2	5832	C	T	82740	65057	40	1	1	34	1.20858e-05	82742	1	FALSE	NA	NA	NA	NA	NA	NA
NC_045512.2	5832	C	A	82740	65057	40	1	0	34	1.20858e-05	82742	1	FALSE	NA	NA	NA	NA	NA	NA
NC_045512.2	5833	C	T	82306	65695	40	2	2	47	2.42969e-05	82315	0.989256	FALSE	NA	NA	NA	NA	NA	NA
NC_045512.2	5833	C	A	82306	65695	40	7	5	48	8.50392e-05	82315	0.696381	FALSE	NA	NA	NA	NA	NA	NA
NC_045512.2	5834	T	C	84784	68909	40	17	14	39	0.000200469	84801	1	FALSE	NA	NA	NA	NA	NA	NA
NC_045512.2	5835	C	T	84679	68810	40	4	3	49	4.72339e-05	84685	0.927006	FALSE	NA	NA	NA	NA	NA	NA
NC_045512.2	5835	C	A	84679	68810	40	2	2	34	2.36169e-05	84685	1	FALSE	NA	NA	NA	NA	NA	NA
NC_045512.2	5836	A	T	84682	68862	40	2	2	34	2.36139e-05	84696	1	FALSE	NA	NA	NA	NA	NA	NA
NC_045512.2	5836	A	G	84682	68862	40	10	7	39	0.000118069	84696	1	FALSE	NA	NA	NA	NA	NA	NA
NC_045512.2	5836	A	C	84682	68862	40	2	2	30	2.36139e-05	84696	1	FALSE	NA	NA	NA	NA	NA	NA
NC_045512.2	5837	G	T	85042	68762	40	3	3	31	3.52738e-05	85049	1	FALSE	NA	NA	NA	NA	NA	NA
NC_045512.2	5837	G	C	85042	68762	40	3	3	31	3.52738e-05	85049	1	FALSE	NA	NA	NA	NA	NA	NA
NC_045512.2	5837	G	A	85042	68762	40	1	1	34	1.17579e-05	85049	1	FALSE	NA	NA	NA	NA	NA	NA
NC_045512.2	5838	A	T	85329	69125	40	1	0	24	1.17181e-05	85338	1	FALSE	NA	NA	NA	NA	NA	NA
NC_045512.2	5838	A	G	85329	69125	40	7	5	31	8.20268e-05	85338	1	FALSE	NA	NA	NA	NA	NA	NA
NC_045512.2	5838	A	C	85329	69125	40	1	1	34	1.17181e-05	85338	1	FALSE	NA	NA	NA	NA	NA	NA
NC_045512.2	5839	A	G	86442	71593	41	1	0	34	1.15683e-05	86443	1	FALSE	NA	NA	NA	NA	NA	NA
NC_045512.2	5840	T	G	86776	72177	40	1	0	34	1.15231e-05	86782	1	FALSE	NA	NA	NA	NA	NA	NA
NC_045512.2	5840	T	C	86776	72177	40	4	1	59	4.60925e-05	86782	0.0624964	FALSE	NA	NA	NA	NA	NA	NA
NC_045512.2	5840	T	A	86776	72177	40	1	1	34	1.15231e-05	86782	1	FALSE	NA	NA	NA	NA	NA	NA
NC_045512.2	5841	A	T	86014	71946	40	3	3	30	3.48752e-05	86021	1	FALSE	NA	NA	NA	NA	NA	NA
NC_045512.2	5841	A	G	86014	71946	40	2	1	51	2.32501e-05	86021	0.249987	FALSE	NA	NA	NA	NA	NA	NA
NC_045512.2	5841	A	C	86014	71946	40	2	2	30	2.32501e-05	86021	1	FALSE	NA	NA	NA	NA	NA	NA
NC_045512.2	5842	C	T	86249	72380	40	4	3	40	4.63725e-05	86258	0.926998	FALSE	NA	NA	NA	NA	NA	NA
NC_045512.2	5842	C	A	86249	72380	40	5	1	40	5.79656e-05	86258	0.866573	FALSE	NA	NA	NA	NA	NA	NA
NC_045512.2	5843	A	T	85956	72088	40	4	4	34	4.65289e-05	85968	1	FALSE	NA	NA	NA	NA	NA	NA
NC_045512.2	5843	A	G	85956	72088	40	8	4	37	9.30579e-05	85968	1	FALSE	NA	NA	NA	NA	NA	NA
NC_045512.2	5844	A	T	89597	77242	40	2	2	30	2.23179e-05	89614	1	FALSE	NA	NA	NA	NA	NA	NA
NC_045512.2	5844	A	G	89597	77242	40	9	5	49	0.000100431	89614	0.499935	FALSE	NA	NA	NA	NA	NA	NA
NC_045512.2	5844	A	C	89597	77242	40	6	6	34	6.69538e-05	89614	1	FALSE	NA	NA	NA	NA	NA	NA
NC_045512.2	5845	A	T	89506	77535	40	10	9	33	0.000111682	89540	1	FALSE	NA	NA	NA	NA	NA	NA
NC_045512.2	5845	A	G	89506	77535	40	18	15	39	0.000201027	89540	1	FALSE	NA	NA	NA	NA	NA	NA
NC_045512.2	5845	A	C	89506	77535	40	6	5	39	6.70092e-05	89540	1	FALSE	NA	NA	NA	NA	NA	NA
NC_045512.2	5846	G	T	85941	73725	41	4	3	42	4.65398e-05	85948	0.927003	FALSE	NA	NA	NA	NA	NA	NA
NC_045512.2	5846	G	C	85941	73725	41	2	2	30	2.32699e-05	85948	1	FALSE	NA	NA	NA	NA	NA	NA
NC_045512.2	5846	G	A	85941	73725	41	1	1	34	1.16349e-05	85948	1	FALSE	NA	NA	NA	NA	NA	NA
NC_045512.2	5847	G	T	88211	76658	41	3	3	30	3.40074e-05	88216	1	FALSE	NA	NA	NA	NA	NA	NA
NC_045512.2	5847	G	A	88211	76658	41	2	2	51	2.26716e-05	88216	0.249993	FALSE	NA	NA	NA	NA	NA	NA
NC_045512.2	5848	T	G	86599	75172	41	1	1	34	1.15453e-05	86615	1	FALSE	NA	NA	NA	NA	NA	NA
NC_045512.2	5848	T	C	86599	75172	41	14	12	49	0.000161635	86615	0.143118	FALSE	NA	NA	NA	NA	NA	NA
NC_045512.2	5848	T	A	86599	75172	41	1	1	24	1.15453e-05	86615	1	FALSE	NA	NA	NA	NA	NA	NA
NC_045512.2	5849	C	T	86175	74847	41	6	6	40	6.96209e-05	86181	0.788041	FALSE	NA	NA	NA	NA	NA	NA
NC_045512.2	5850	C	T	85689	77951	39	2	1	51	2.33391e-05	85693	0.249996	FALSE	NA	NA	NA	NA	NA	NA
NC_045512.2	5850	C	G	85689	77951	39	1	0	34	1.16696e-05	85693	1	FALSE	NA	NA	NA	NA	NA	NA
NC_045512.2	5850	C	A	85689	77951	39	1	1	68	1.16696e-05	85693	0.499994	FALSE	NA	NA	NA	NA	NA	NA
NC_045512.2	5851	T	C	82752	75016	38	19	18	32	0.000229546	82772	1	FALSE	NA	NA	NA	NA	NA	NA
NC_045512.2	5851	T	A	82752	75016	38	1	0	24	1.20814e-05	82772	1	FALSE	NA	NA	NA	NA	NA	NA
NC_045512.2	5852	A	T	85235	77505	39	2	2	34	2.34632e-05	85240	1	FALSE	NA	NA	NA	NA	NA	NA
NC_045512.2	5852	A	G	85235	77505	39	1	1	34	1.17316e-05	85240	1	FALSE	NA	NA	NA	NA	NA	NA
NC_045512.2	5852	A	C	85235	77505	39	2	2	34	2.34632e-05	85240	1	FALSE	NA	NA	NA	NA	NA	NA
NC_045512.2	5852	A	-T	85235	77505	39	2	0	20	2.34632e-05	85240	1	FALSE	NA	NA	NA	NA	NA	NA
NC_045512.2	5853	T	G	85362	77633	39	1	1	34	1.1714e-05	85368	1	FALSE	NA	NA	NA	NA	NA	NA
NC_045512.2	5853	T	C	85362	77633	39	4	2	59	4.6856e-05	85368	0.0624934	FALSE	NA	NA	NA	NA	NA	NA
NC_045512.2	5853	T	A	85362	77633	39	1	1	34	1.1714e-05	85368	1	FALSE	NA	NA	NA	NA	NA	NA
NC_045512.2	5854	T	C	85265	77573	39	6	6	32	7.03639e-05	85271	1	FALSE	NA	NA	NA	NA	NA	NA
NC_045512.2	5855	A	T	84513	76888	39	1	1	34	1.18311e-05	84523	1	FALSE	NA	NA	NA	NA	NA	NA
NC_045512.2	5855	A	G	84513	76888	39	7	3	47	8.28177e-05	84523	0.696372	FALSE	NA	NA	NA	NA	NA	NA
NC_045512.2	5855	A	C	84513	76888	39	2	2	30	2.36622e-05	84523	1	FALSE	NA	NA	NA	NA	NA	NA
NC_045512.2	5856	C	T	83074	75890	38	22	21	39	0.000264748	83098	1	FALSE	NA	NA	NA	NA	NA	NA
NC_045512.2	5856	C	A	83074	75890	38	2	2	34	2.4068e-05	83098	1	FALSE	NA	NA	NA	NA	NA	NA
NC_045512.2	5857	G	C	82679	75493	38	2	2	34	2.41879e-05	82686	1	FALSE	NA	NA	NA	NA	NA	NA
NC_045512.2	5857	G	A	82679	75493	38	5	5	34	6.04697e-05	82686	1	FALSE	NA	NA	NA	NA	NA	NA
NC_045512.2	5858	G	T	82529	75346	38	3	3	42	3.63465e-05	82539	0.967281	FALSE	NA	NA	NA	NA	NA	NA
NC_045512.2	5858	G	A	82529	75346	38	7	6	38	8.48084e-05	82539	1	FALSE	NA	NA	NA	NA	NA	NA
NC_045512.2	5859	A	T	82330	75210	38	5	5	32	6.07253e-05	82338	1	FALSE	NA	NA	NA	NA	NA	NA
NC_045512.2	5859	A	G	82330	75210	38	1	1	34	1.21451e-05	82338	1	FALSE	NA	NA	NA	NA	NA	NA
NC_045512.2	5859	A	C	82330	75210	38	2	2	34	2.42901e-05	82338	1	FALSE	NA	NA	NA	NA	NA	NA
NC_045512.2	5860	T	C	82041	74940	38	8	7	32	9.75015e-05	82050	1	FALSE	NA	NA	NA	NA	NA	NA
NC_045512.2	5860	T	A	82041	74940	38	1	1	26	1.21877e-05	82050	1	FALSE	NA	NA	NA	NA	NA	NA
NC_045512.2	5861	G	C	81360	74305	38	3	3	26	3.68709e-05	81365	1	FALSE	NA	NA	NA	NA	NA	NA
NC_045512.2	5861	G	A	81360	74305	38	2	2	34	2.45806e-05	81365	1	FALSE	NA	NA	NA	NA	NA	NA
NC_045512.2	5862	T	G	64675	58477	39	1	1	34	1.54579e-05	64692	1	FALSE	NA	NA	NA	NA	NA	NA
NC_045512.2	5862	T	C	64675	58477	39	15	15	33	0.000231868	64692	1	FALSE	NA	NA	NA	NA	NA	NA
NC_045512.2	5862	T	A	64675	58477	39	1	1	34	1.54579e-05	64692	1	FALSE	NA	NA	NA	NA	NA	NA
NC_045512.2	5863	T	C	62344	56183	39	29	26	37	0.000464855	62385	0.999844	FALSE	NA	NA	NA	NA	NA	NA
NC_045512.2	5863	T	A	62344	56183	39	12	12	34	0.000192354	62385	1	FALSE	NA	NA	NA	NA	NA	NA
NC_045512.2	5864	T	G	62279	56141	39	3	3	34	4.81618e-05	62290	1	FALSE	NA	NA	NA	NA	NA	NA
NC_045512.2	5864	T	C	62279	56141	39	7	7	37	0.000112378	62290	1	FALSE	NA	NA	NA	NA	NA	NA
NC_045512.2	5864	T	A	62279	56141	39	1	1	34	1.60539e-05	62290	1	FALSE	NA	NA	NA	NA	NA	NA
NC_045512.2	5865	T	G	61174	55044	38	5	5	40	8.17127e-05	61190	0.725503	FALSE	NA	NA	NA	NA	NA	NA
NC_045512.2	5865	T	C	61174	55044	38	10	9	33	0.000163425	61190	1	FALSE	NA	NA	NA	NA	NA	NA
NC_045512.2	5865	T	A	61174	55044	38	1	1	34	1.63425e-05	61190	1	FALSE	NA	NA	NA	NA	NA	NA
NC_045512.2	5866	C	T	62058	55988	39	1	1	68	1.61124e-05	62064	0.499984	FALSE	NA	NA	NA	NA	NA	NA
NC_045512.2	5866	C	G	62058	55988	39	1	0	34	1.61124e-05	62064	1	FALSE	NA	NA	NA	NA	NA	NA
NC_045512.2	5866	C	A	62058	55988	39	4	4	34	6.44496e-05	62064	1	FALSE	NA	NA	NA	NA	NA	NA
NC_045512.2	5867	T	C	61826	55756	39	3	2	45	4.85209e-05	61829	0.910168	FALSE	NA	NA	NA	NA	NA	NA
NC_045512.2	5868	A	T	61680	55616	39	1	1	34	1.62101e-05	61690	1	FALSE	NA	NA	NA	NA	NA	NA
NC_045512.2	5868	A	G	61680	55616	39	7	7	31	0.000113471	61690	1	FALSE	NA	NA	NA	NA	NA	NA
NC_045512.2	5868	A	C	61680	55616	39	2	2	34	3.24202e-05	61690	1	FALSE	NA	NA	NA	NA	NA	NA
NC_045512.2	5869	C	T	61704	55698	39	1	1	34	1.62061e-05	61705	1	FALSE	NA	NA	NA	NA	NA	NA
NC_045512.2	5870	A	T	60372	54429	39	1	0	68	1.6562e-05	60379	0.499979	FALSE	NA	NA	NA	NA	NA	NA
NC_045512.2	5870	A	G	60372	54429	39	4	4	42	6.62482e-05	60379	0.828122	FALSE	NA	NA	NA	NA	NA	NA
NC_045512.2	5870	A	C	60372	54429	39	2	2	34	3.31241e-05	60379	1	FALSE	NA	NA	NA	NA	NA	NA
NC_045512.2	5871	A	G	59920	56638	36	7	6	31	0.000116807	59928	1	FALSE	NA	NA	NA	NA	NA	NA
NC_045512.2	5871	A	C	59920	56638	36	1	1	34	1.66867e-05	59928	1	FALSE	NA	NA	NA	NA	NA	NA
NC_045512.2	5872	A	G	59736	56527	36	2	2	51	3.34795e-05	59738	0.250002	FALSE	NA	NA	NA	NA	NA	NA
NC_045512.2	5873	G	T	59575	56371	36	1	1	34	1.67853e-05	59576	1	FALSE	NA	NA	NA	NA	NA	NA
NC_045512.2	5873	G	-A	59575	56371	36	28	0	20	0.000469988	59576	1	FALSE	NA	NA	NA	NA	NA	NA
NC_045512.2	5875	A	T	59532	56332	36	1	1	34	1.6796e-05	59538	1	FALSE	NA	NA	NA	NA	NA	NA
NC_045512.2	5875	A	G	59532	56332	36	4	3	29	6.7184e-05	59538	1	FALSE	NA	NA	NA	NA	NA	NA
NC_045512.2	5875	A	C	59532	56332	36	1	1	26	1.6796e-05	59538	1	FALSE	NA	NA	NA	NA	NA	NA
NC_045512.2	5876	A	G	59463	56266	36	7	7	31	0.000117698	59474	1	FALSE	NA	NA	NA	NA	NA	NA
NC_045512.2	5876	A	C	59463	56266	36	4	4	34	6.72563e-05	59474	1	FALSE	NA	NA	NA	NA	NA	NA
NC_045512.2	5877	A	T	59220	56283	36	3	3	28	5.06526e-05	59227	1	FALSE	NA	NA	NA	NA	NA	NA
NC_045512.2	5877	A	C	59220	56283	36	4	4	34	6.75368e-05	59227	1	FALSE	NA	NA	NA	NA	NA	NA
NC_045512.2	5878	C	T	59355	56601	36	6	6	34	0.000101076	59361	1	FALSE	NA	NA	NA	NA	NA	NA
NC_045512.2	5879	A	G	57080	54322	34	7	7	34	0.000122618	57088	1	FALSE	NA	NA	NA	NA	NA	NA
NC_045512.2	5879	A	C	57080	54322	34	1	1	27	1.75168e-05	57088	1	FALSE	NA	NA	NA	NA	NA	NA
NC_045512.2	5880	G	T	58524	55776	36	1	1	34	1.70809e-05	58545	1	FALSE	NA	NA	NA	NA	NA	NA
NC_045512.2	5880	G	C	58524	55776	36	1	1	34	1.70809e-05	58545	1	FALSE	NA	NA	NA	NA	NA	NA
NC_045512.2	5880	G	A	58524	55776	36	19	19	34	0.000324537	58545	0.999998	FALSE	NA	NA	NA	NA	NA	NA
NC_045512.2	5880	G	-T	58524	55776	36	1	0	20	1.70809e-05	58545	1	FALSE	NA	NA	NA	NA	NA	NA
NC_045512.2	5881	T	C	58766	56023	36	4	4	32	6.80619e-05	58770	1	FALSE	NA	NA	NA	NA	NA	NA
NC_045512.2	5882	T	C	57887	55151	36	3	3	34	5.18224e-05	57890	1	FALSE	NA	NA	NA	NA	NA	NA
NC_045512.2	5883	A	G	57524	54791	36	3	3	34	5.21494e-05	57527	1	FALSE	NA	NA	NA	NA	NA	NA
NC_045512.2	5884	C	G	57722	55164	36	1	1	34	1.73241e-05	57723	1	FALSE	NA	NA	NA	NA	NA	NA
NC_045512.2	5885	A	T	57573	55016	36	1	1	24	1.73671e-05	57580	1	FALSE	NA	NA	NA	NA	NA	NA
NC_045512.2	5885	A	G	57573	55016	36	6	6	34	0.000104203	57580	1	FALSE	NA	NA	NA	NA	NA	NA
NC_045512.2	5886	C	A	57599	55042	36	1	1	26	1.73611e-05	57600	1	FALSE	NA	NA	NA	NA	NA	NA
NC_045512.2	5887	A	T	54116	51583	36	1	1	34	1.84751e-05	54127	1	FALSE	NA	NA	NA	NA	NA	NA
NC_045512.2	5887	A	G	54116	51583	36	9	9	41	0.000166276	54127	0.21195	FALSE	NA	NA	NA	NA	NA	NA
NC_045512.2	5887	A	C	54116	51583	36	1	1	34	1.84751e-05	54127	1	FALSE	NA	NA	NA	NA	NA	NA
NC_045512.2	5888	A	G	54075	51559	36	6	6	32	0.000110936	54085	1	FALSE	NA	NA	NA	NA	NA	NA
NC_045512.2	5888	A	C	54075	51559	36	4	4	34	7.39577e-05	54085	1	FALSE	NA	NA	NA	NA	NA	NA
NC_045512.2	5889	C	T	52419	49943	36	1	1	34	1.90767e-05	52420	1	FALSE	NA	NA	NA	NA	NA	NA
NC_045512.2	5890	A	T	52114	49633	36	2	2	34	3.83722e-05	52121	1	FALSE	NA	NA	NA	NA	NA	NA
NC_045512.2	5890	A	G	52114	49633	36	3	3	34	5.75584e-05	52121	1	FALSE	NA	NA	NA	NA	NA	NA
NC_045512.2	5890	A	C	52114	49633	36	2	2	34	3.83722e-05	52121	1	FALSE	NA	NA	NA	NA	NA	NA
NC_045512.2	5891	A	T	52004	49528	36	1	1	26	1.92271e-05	52010	1	FALSE	NA	NA	NA	NA	NA	NA
NC_045512.2	5891	A	G	52004	49528	36	4	4	34	7.69083e-05	52010	1	FALSE	NA	NA	NA	NA	NA	NA
NC_045512.2	5891	A	C	52004	49528	36	1	1	34	1.92271e-05	52010	1	FALSE	NA	NA	NA	NA	NA	NA
NC_045512.2	5892	C	T	51904	49441	36	1	1	34	1.92641e-05	51910	1	FALSE	NA	NA	NA	NA	NA	NA
NC_045512.2	5892	C	A	51904	49441	36	5	5	34	9.63206e-05	51910	1	FALSE	NA	NA	NA	NA	NA	NA
NC_045512.2	5893	C	T	50618	48181	36	1	1	34	1.97539e-05	50623	1	FALSE	NA	NA	NA	NA	NA	NA
NC_045512.2	5893	C	A	50618	48181	36	4	4	34	7.90155e-05	50623	1	FALSE	NA	NA	NA	NA	NA	NA
NC_045512.2	5895	T	C	49806	47383	36	10	10	37	0.000200735	49817	1	FALSE	NA	NA	NA	NA	NA	NA
NC_045512.2	5895	T	A	49806	47383	36	1	1	26	2.00735e-05	49817	1	FALSE	NA	NA	NA	NA	NA	NA
NC_045512.2	5895	T	-A	49806	47383	36	1	0	20	2.00735e-05	49817	1	FALSE	NA	NA	NA	NA	NA	NA
NC_045512.2	5896	A	G	50122	47826	36	6	6	32	0.000119694	50128	1	FALSE	NA	NA	NA	NA	NA	NA
NC_045512.2	5897	A	T	49970	47676	36	2	2	34	4.00192e-05	49976	1	FALSE	NA	NA	NA	NA	NA	NA
NC_045512.2	5897	A	G	49970	47676	36	2	2	34	4.00192e-05	49976	1	FALSE	NA	NA	NA	NA	NA	NA
NC_045512.2	5897	A	C	49970	47676	36	2	2	30	4.00192e-05	49976	1	FALSE	NA	NA	NA	NA	NA	NA
NC_045512.2	5898	A	T	49681	47421	36	3	3	34	6.03719e-05	49692	1	FALSE	NA	NA	NA	NA	NA	NA
NC_045512.2	5898	A	G	49681	47421	36	5	5	39	0.00010062	49692	1	FALSE	NA	NA	NA	NA	NA	NA
NC_045512.2	5898	A	C	49681	47421	36	3	3	26	6.03719e-05	49692	1	FALSE	NA	NA	NA	NA	NA	NA
NC_045512.2	5899	A	T	56042	46647	35	2	2	34	3.56818e-05	56051	1	FALSE	NA	NA	NA	NA	NA	NA
NC_045512.2	5899	A	G	56042	46647	35	6	5	34	0.000107045	56051	1	FALSE	NA	NA	NA	NA	NA	NA
NC_045512.2	5899	A	C	56042	46647	35	1	1	34	1.78409e-05	56051	1	FALSE	NA	NA	NA	NA	NA	NA
NC_045512.2	5900	C	T	57046	47812	35	2	2	30	3.50582e-05	57048	1	FALSE	NA	NA	NA	NA	NA	NA
NC_045512.2	5901	C	A	53027	43873	35	1	1	34	1.8858e-05	53028	1	FALSE	NA	NA	NA	NA	NA	NA
NC_045512.2	5902	A	T	50235	41160	35	1	1	27	1.99049e-05	50239	1	FALSE	NA	NA	NA	NA	NA	NA
NC_045512.2	5902	A	G	50235	41160	35	3	2	45	5.97146e-05	50239	0.855479	FALSE	NA	NA	NA	NA	NA	NA
NC_045512.2	5903	G	T	50397	41187	35	1	0	34	1.98413e-05	50400	1	FALSE	NA	NA	NA	NA	NA	NA
NC_045512.2	5903	G	C	50397	41187	35	1	1	34	1.98413e-05	50400	1	FALSE	NA	NA	NA	NA	NA	NA
NC_045512.2	5903	G	A	50397	41187	35	1	1	34	1.98413e-05	50400	1	FALSE	NA	NA	NA	NA	NA	NA
NC_045512.2	5903	G	-T	50397	41187	35	1	0	20	1.98413e-05	50400	1	FALSE	NA	NA	NA	NA	NA	NA
NC_045512.2	5904	T	C	49893	40734	35	1	1	34	2.00417e-05	49896	1	FALSE	NA	NA	NA	NA	NA	NA
NC_045512.2	5904	T	A	49893	40734	35	2	1	30	4.00834e-05	49896	1	FALSE	NA	NA	NA	NA	NA	NA
NC_045512.2	5905	T	C	50325	41171	35	2	2	30	3.97393e-05	50328	1	FALSE	NA	NA	NA	NA	NA	NA
NC_045512.2	5905	T	A	50325	41171	35	1	1	34	1.98697e-05	50328	1	FALSE	NA	NA	NA	NA	NA	NA
NC_045512.2	5905	T	-A	50325	41171	35	2	0	20	3.97393e-05	50328	1	FALSE	NA	NA	NA	NA	NA	NA
NC_045512.2	5906	A	T	50207	41408	35	4	4	32	7.96591e-05	50214	1	FALSE	NA	NA	NA	NA	NA	NA
NC_045512.2	5906	A	G	50207	41408	35	3	2	34	5.97443e-05	50214	1	FALSE	NA	NA	NA	NA	NA	NA
NC_045512.2	5907	C	T	50953	41257	35	2	2	30	3.92495e-05	50956	1	FALSE	NA	NA	NA	NA	NA	NA
NC_045512.2	5907	C	G	50953	41257	35	1	1	34	1.96248e-05	50956	1	FALSE	NA	NA	NA	NA	NA	NA
NC_045512.2	5907	C	-T	50953	41257	35	2	0	20	3.92495e-05	50956	1	FALSE	NA	NA	NA	NA	NA	NA
NC_045512.2	5908	T	C	50022	40342	35	4	4	32	7.99584e-05	50026	1	FALSE	NA	NA	NA	NA	NA	NA
NC_045512.2	5909	T	C	49675	39967	35	2	0	34	4.02601e-05	49677	1	FALSE	NA	NA	NA	NA	NA	NA
NC_045512.2	5910	A	T	50080	40398	35	1	1	34	1.99669e-05	50083	1	FALSE	NA	NA	NA	NA	NA	NA
NC_045512.2	5910	A	C	50080	40398	35	2	2	34	3.99337e-05	50083	1	FALSE	NA	NA	NA	NA	NA	NA
NC_045512.2	5911	T	C	50001	40414	35	2	2	34	3.99976e-05	50003	1	FALSE	NA	NA	NA	NA	NA	NA
NC_045512.2	5911	T	-A	50001	40414	35	1	0	20	1.99988e-05	50003	1	FALSE	NA	NA	NA	NA	NA	NA
NC_045512.2	5912	A	T	49811	40140	35	1	1	26	2.00739e-05	49816	1	FALSE	NA	NA	NA	NA	NA	NA
NC_045512.2	5912	A	G	49811	40140	35	3	3	34	6.02216e-05	49816	1	FALSE	NA	NA	NA	NA	NA	NA
NC_045512.2	5912	A	C	49811	40140	35	1	1	34	2.00739e-05	49816	1	FALSE	NA	NA	NA	NA	NA	NA
NC_045512.2	5913	A	G	49830	40138	35	2	2	34	4.0134e-05	49833	1	FALSE	NA	NA	NA	NA	NA	NA
NC_045512.2	5913	A	C	49830	40138	35	1	1	34	2.0067e-05	49833	1	FALSE	NA	NA	NA	NA	NA	NA
NC_045512.2	5914	A	T	49552	39962	35	1	1	26	2.018e-05	49554	1	FALSE	NA	NA	NA	NA	NA	NA
NC_045512.2	5914	A	G	49552	39962	35	1	1	34	2.018e-05	49554	1	FALSE	NA	NA	NA	NA	NA	NA
NC_045512.2	5914	A	-T	49552	39962	35	1	0	20	2.018e-05	49554	1	FALSE	NA	NA	NA	NA	NA	NA
NC_045512.2	5915	T	C	48421	38983	34	4	4	30	8.2602e-05	48425	1	FALSE	NA	NA	NA	NA	NA	NA
NC_045512.2	5915	T	-TG	48421	38983	34	5	0	20	0.00010325	48426	1	FALSE	NA	NA	NA	NA	NA	NA
NC_045512.2	5916	T	C	41866	32490	34	1	1	26	2.38852e-05	41867	1	FALSE	NA	NA	NA	NA	NA	NA
NC_045512.2	5916	T	-G	41866	32490	34	1	0	20	2.38823e-05	41872	1	FALSE	NA	NA	NA	NA	NA	NA
NC_045512.2	5917	G	T	45196	35280	35	2	2	25	4.42497e-05	45198	1	FALSE	NA	NA	NA	NA	NA	NA
NC_045512.2	5918	G	T	45383	35438	35	1	0	34	2.20342e-05	45384	1	FALSE	NA	NA	NA	NA	NA	NA
NC_045512.2	5919	A	T	45483	35470	35	1	1	34	2.19814e-05	45493	1	FALSE	NA	NA	NA	NA	NA	NA
NC_045512.2	5919	A	G	45483	35470	35	9	9	37	0.000197833	45493	1	FALSE	NA	NA	NA	NA	NA	NA
NC_045512.2	5920	T	C	45229	35223	35	5	5	30	0.000110531	45236	1	FALSE	NA	NA	NA	NA	NA	NA
NC_045512.2	5920	T	A	45229	35223	35	2	2	34	4.42126e-05	45236	1	FALSE	NA	NA	NA	NA	NA	NA
NC_045512.2	5921	G	C	44851	34730	35	3	3	31	6.68807e-05	44856	1	FALSE	NA	NA	NA	NA	NA	NA
NC_045512.2	5921	G	A	44851	34730	35	2	1	34	4.45871e-05	44856	1	FALSE	NA	NA	NA	NA	NA	NA
NC_045512.2	5922	G	T	46007	34726	35	1	1	34	2.17339e-05	46011	1	FALSE	NA	NA	NA	NA	NA	NA
NC_045512.2	5922	G	A	46007	34726	35	3	1	34	6.52018e-05	46011	1	FALSE	NA	NA	NA	NA	NA	NA
NC_045512.2	5923	T	C	44856	33687	35	6	5	34	0.000133743	44862	1	FALSE	NA	NA	NA	NA	NA	NA
NC_045512.2	5924	G	C	45170	33946	35	4	3	32	8.85445e-05	45175	1	FALSE	NA	NA	NA	NA	NA	NA
NC_045512.2	5924	G	A	45170	33946	35	1	1	34	2.21361e-05	45175	1	FALSE	NA	NA	NA	NA	NA	NA
NC_045512.2	5925	T	C	45213	34011	35	1	0	34	2.2117e-05	45214	1	FALSE	NA	NA	NA	NA	NA	NA
NC_045512.2	5926	T	C	43707	32260	35	4	3	32	9.15101e-05	43711	1	FALSE	NA	NA	NA	NA	NA	NA
NC_045512.2	5927	G	T	43678	32154	35	3	3	34	6.8675e-05	43684	1	FALSE	NA	NA	NA	NA	NA	NA
NC_045512.2	5927	G	A	43678	32154	35	3	1	31	6.8675e-05	43684	1	FALSE	NA	NA	NA	NA	NA	NA
NC_045512.2	5928	T	C	39376	27928	33	2	2	68	5.07898e-05	39378	0.250003	FALSE	NA	NA	NA	NA	NA	NA
NC_045512.2	5929	T	G	10966	403	35	2	0	34	0.000182299	10971	0.99683	FALSE	NA	NA	NA	NA	NA	NA
NC_045512.2	5929	T	C	10966	403	35	3	0	34	0.000273448	10971	0.988784	FALSE	NA	NA	NA	NA	NA	NA
NC_045512.2	5930	T	C	11014	408	35	2	0	34	0.000181554	11016	0.998296	FALSE	NA	NA	NA	NA	NA	NA
NC_045512.2	5931	G	A	11229	408	35	1	0	34	8.90472e-05	11230	0.999757	FALSE	NA	NA	NA	NA	NA	NA
NC_045512.2	5932	T	C	11221	426	35	3	0	34	0.000267284	11224	0.993547	FALSE	NA	NA	NA	NA	NA	NA
NC_045512.2	5933	A	T	11207	426	35	1	0	34	8.9222e-05	11208	0.999757	FALSE	NA	NA	NA	NA	NA	NA
NC_045512.2	5935	A	T	11254	424	35	1	0	34	8.88257e-05	11258	0.999756	FALSE	NA	NA	NA	NA	NA	NA
NC_045512.2	5935	A	G	11254	424	35	3	0	34	0.000266477	11258	0.993544	FALSE	NA	NA	NA	NA	NA	NA
NC_045512.2	5936	G	T	11504	426	35	3	0	34	0.000260688	11508	0.993543	FALSE	NA	NA	NA	NA	NA	NA
NC_045512.2	5936	G	A	11504	426	35	1	0	34	8.68961e-05	11508	0.999756	FALSE	NA	NA	NA	NA	NA	NA
NC_045512.2	5938	A	G	11611	439	35	2	0	34	0.000172221	11613	0.998296	FALSE	NA	NA	NA	NA	NA	NA
NC_045512.2	5939	A	G	11593	447	35	2	0	34	0.000172488	11595	0.998296	FALSE	NA	NA	NA	NA	NA	NA
NC_045512.2	5941	T	G	11580	446	35	1	0	34	8.63036e-05	11587	0.999756	FALSE	NA	NA	NA	NA	NA	NA
NC_045512.2	5941	T	C	11580	446	35	6	0	34	0.000517822	11587	0.928342	FALSE	NA	NA	NA	NA	NA	NA
NC_045512.2	5943	A	G	11933	456	35	1	0	34	8.37942e-05	11934	0.999757	FALSE	NA	NA	NA	NA	NA	NA
NC_045512.2	5946	C	A	12048	462	35	1	0	34	8.29944e-05	12049	0.999878	FALSE	NA	NA	NA	NA	NA	NA
NC_045512.2	5947	T	A	12104	463	35	1	0	34	8.26105e-05	12105	0.999878	FALSE	NA	NA	NA	NA	NA	NA
NC_045512.2	5948	A	C	12301	462	35	2	1	30	0.000162562	12303	0.999087	FALSE	NA	NA	NA	NA	NA	NA
NC_045512.2	5949	A	G	12249	463	35	2	0	34	0.000163252	12251	0.999087	FALSE	NA	NA	NA	NA	NA	NA
NC_045512.2	5950	G	A	12409	462	35	1	0	34	8.05802e-05	12410	0.999878	FALSE	NA	NA	NA	NA	NA	NA
NC_045512.2	5951	T	-TGGA	12388	466	35	1	0	20	8.07233e-05	12388	1	FALSE	NA	NA	NA	NA	NA	NA
NC_045512.2	5952	T	G	12399	493	35	3	0	26	0.000241818	12406	1	FALSE	NA	NA	NA	NA	NA	NA
NC_045512.2	5952	T	C	12399	493	35	4	2	34	0.000322425	12406	0.989371	FALSE	NA	NA	NA	NA	NA	NA
NC_045512.2	5953	G	T	12986	498	35	11	0	33	0.000846219	12999	0.729277	FALSE	NA	NA	NA	NA	NA	NA
NC_045512.2	5953	G	C	12986	498	35	1	0	34	7.6929e-05	12999	0.999939	FALSE	NA	NA	NA	NA	NA	NA
NC_045512.2	5953	G	A	12986	498	35	1	0	34	7.6929e-05	12999	0.999939	FALSE	NA	NA	NA	NA	NA	NA
NC_045512.2	5955	A	T	13094	539	35	1	0	34	7.63301e-05	13101	0.999939	FALSE	NA	NA	NA	NA	NA	NA
NC_045512.2	5955	A	G	13094	539	35	6	0	34	0.00045798	13101	0.968251	FALSE	NA	NA	NA	NA	NA	NA
NC_045512.2	5956	C	T	11382	461	35	1974	77	36	0.147766	13359	0	TRUE	NA	NA	NA	NA	NA	NA
NC_045512.2	5956	C	A	11382	461	35	3	0	34	0.000224568	13359	0.99471	FALSE	NA	NA	NA	NA	NA	NA
NC_045512.2	5957	A	G	13213	539	35	1	0	34	7.56773e-05	13214	0.999939	FALSE	NA	NA	NA	NA	NA	NA
NC_045512.2	5960	T	C	13564	570	35	5	0	34	0.00036846	13570	0.984585	FALSE	NA	NA	NA	NA	NA	NA
NC_045512.2	5960	T	A	13564	570	35	1	0	34	7.3692e-05	13570	0.999939	FALSE	NA	NA	NA	NA	NA	NA
NC_045512.2	5961	A	G	13583	570	35	1	0	34	7.3616e-05	13584	0.999939	FALSE	NA	NA	NA	NA	NA	NA
NC_045512.2	5962	T	G	13628	573	35	1	0	34	7.33676e-05	13630	0.999939	FALSE	NA	NA	NA	NA	NA	NA
NC_045512.2	5962	T	A	13628	573	35	1	0	34	7.33676e-05	13630	0.999939	FALSE	NA	NA	NA	NA	NA	NA
NC_045512.2	5963	T	C	13556	570	35	1	0	34	7.37572e-05	13558	0.999939	FALSE	NA	NA	NA	NA	NA	NA
NC_045512.2	5963	T	A	13556	570	35	1	0	34	7.37572e-05	13558	0.999939	FALSE	NA	NA	NA	NA	NA	NA
NC_045512.2	5964	A	G	13656	639	36	1	0	34	7.32225e-05	13657	0.999939	FALSE	NA	NA	NA	NA	NA	NA
NC_045512.2	5965	T	C	13601	639	36	1	0	34	7.35132e-05	13603	0.999939	FALSE	NA	NA	NA	NA	NA	NA
NC_045512.2	5965	T	A	13601	639	36	1	1	24	7.35132e-05	13603	1	FALSE	NA	NA	NA	NA	NA	NA
NC_045512.2	5966	A	G	13695	644	36	1	0	34	7.3014e-05	13696	0.999939	FALSE	NA	NA	NA	NA	NA	NA
NC_045512.2	5967	A	G	13716	642	36	2	0	34	0.000145794	13718	0.999513	FALSE	NA	NA	NA	NA	NA	NA
NC_045512.2	5969	A	G	13585	677	35	2	1	34	0.0001472	13587	0.999513	FALSE	NA	NA	NA	NA	NA	NA
NC_045512.2	5970	A	G	13797	683	36	2	0	30	0.000144938	13799	0.999513	FALSE	NA	NA	NA	NA	NA	NA
NC_045512.2	5971	A	G	13871	685	36	4	0	34	0.000288288	13875	0.993653	FALSE	NA	NA	NA	NA	NA	NA
NC_045512.2	5972	G	C	13916	687	36	1	0	34	7.18546e-05	13917	0.999939	FALSE	NA	NA	NA	NA	NA	NA
NC_045512.2	5973	A	G	13813	686	36	2	0	34	0.00014477	13815	0.999513	FALSE	NA	NA	NA	NA	NA	NA
NC_045512.2	5975	A	G	13885	716	36	4	0	34	0.000287998	13889	0.993653	FALSE	NA	NA	NA	NA	NA	NA
NC_045512.2	5976	A	G	13995	715	36	1	0	34	7.14439e-05	13997	0.999939	FALSE	NA	NA	NA	NA	NA	NA
NC_045512.2	5976	A	C	13995	715	36	1	0	26	7.14439e-05	13997	1	FALSE	NA	NA	NA	NA	NA	NA
NC_045512.2	5977	T	C	13986	714	36	1	0	34	7.1495e-05	13987	0.999939	FALSE	NA	NA	NA	NA	NA	NA
NC_045512.2	5981	T	C	11541	846	36	3	1	31	0.000259875	11544	0.993546	FALSE	NA	NA	NA	NA	NA	NA
NC_045512.2	5983	T	C	12022	854	36	3	0	34	0.00024948	12025	0.996318	FALSE	NA	NA	NA	NA	NA	NA
NC_045512.2	5984	T	C	11935	852	36	1	0	34	8.37802e-05	11936	0.999757	FALSE	NA	NA	NA	NA	NA	NA
NC_045512.2	5987	A	T	11186	893	36	1	0	34	8.93735e-05	11189	0.999756	FALSE	NA	NA	NA	NA	NA	NA
NC_045512.2	5987	A	G	11186	893	36	2	0	34	0.000178747	11189	0.998295	FALSE	NA	NA	NA	NA	NA	NA
NC_045512.2	5988	C	T	11159	888	36	2	2	34	0.000179195	11161	0.998296	FALSE	NA	NA	NA	NA	NA	NA
NC_045512.2	5991	A	G	11272	867	36	2	0	34	0.000177399	11274	0.998296	FALSE	NA	NA	NA	NA	NA	NA
NC_045512.2	5995	A	G	8757	1132	36	1	0	68	0.000114181	8758	0.500029	FALSE	NA	NA	NA	NA	NA	NA
NC_045512.2	5998	A	G	9001	1130	36	2	0	34	0.000222148	9003	0.994156	FALSE	NA	NA	NA	NA	NA	NA
NC_045512.2	6000	T	A	8893	1189	36	1	0	34	0.000112435	8894	0.998052	FALSE	NA	NA	NA	NA	NA	NA
NC_045512.2	6001	T	G	8951	1360	36	3	0	29	0.000334971	8956	1	FALSE	NA	NA	NA	NA	NA	NA
NC_045512.2	6001	T	C	8951	1360	36	2	2	29	0.000223314	8956	1	FALSE	NA	NA	NA	NA	NA	NA
NC_045512.2	6003	A	G	9413	1461	36	1	0	34	0.000106225	9414	0.999026	FALSE	NA	NA	NA	NA	NA	NA
NC_045512.2	6007	T	G	9351	1392	36	1	0	34	0.000106918	9353	0.999026	FALSE	NA	NA	NA	NA	NA	NA
NC_045512.2	6007	T	C	9351	1392	36	1	0	34	0.000106918	9353	0.999026	FALSE	NA	NA	NA	NA	NA	NA
NC_045512.2	6011	C	G	9089	1716	36	1	0	34	0.000110011	9090	0.999026	FALSE	NA	NA	NA	NA	NA	NA
NC_045512.2	6012	C	G	8835	1620	36	6	0	32	0.00067858	8842	0.788118	FALSE	NA	NA	NA	NA	NA	NA
NC_045512.2	6012	C	A	8835	1620	36	1	0	34	0.000113097	8842	0.998046	FALSE	NA	NA	NA	NA	NA	NA
NC_045512.2	6013	A	G	8949	1617	36	5	0	30	0.00055841	8954	0.866709	FALSE	NA	NA	NA	NA	NA	NA
NC_045512.2	6015	A	G	8680	1754	36	2	0	34	0.000230362	8682	0.989281	FALSE	NA	NA	NA	NA	NA	NA
NC_045512.2	6016	C	T	9087	1755	37	4	0	34	0.000439996	9091	0.953934	FALSE	NA	NA	NA	NA	NA	NA
NC_045512.2	6018	A	G	8600	1741	36	1	1	34	0.000116266	8601	0.998052	FALSE	NA	NA	NA	NA	NA	NA
NC_045512.2	6019	A	G	8488	1759	36	1	0	34	0.0001178	8489	0.998052	FALSE	NA	NA	NA	NA	NA	NA
NC_045512.2	6021	C	T	8609	1781	36	1	1	68	0.000116144	8610	0.500029	FALSE	NA	NA	NA	NA	NA	NA
NC_045512.2	6022	A	G	8616	1745	36	1	0	34	0.00011605	8617	0.998052	FALSE	NA	NA	NA	NA	NA	NA
NC_045512.2	6025	T	G	7819	2102	36	2	0	34	0.000255689	7822	0.980496	FALSE	NA	NA	NA	NA	NA	NA
NC_045512.2	6025	T	C	7819	2102	36	1	1	34	0.000127845	7822	0.996099	FALSE	NA	NA	NA	NA	NA	NA
NC_045512.2	6026	C	A	7587	2132	36	1	0	26	0.000131787	7588	1	FALSE	NA	NA	NA	NA	NA	NA
NC_045512.2	6028	A	G	7465	2064	36	1	0	34	0.000133941	7466	0.996103	FALSE	NA	NA	NA	NA	NA	NA
NC_045512.2	6030	A	G	5906	2067	34	1	0	34	0.000169262	5908	0.984395	FALSE	NA	NA	NA	NA	NA	NA
NC_045512.2	6030	A	C	5906	2067	34	1	1	27	0.000169262	5908	1	FALSE	NA	NA	NA	NA	NA	NA
NC_045512.2	6032	G	T	7325	2036	36	1	0	34	0.0001365	7326	0.996103	FALSE	NA	NA	NA	NA	NA	NA
NC_045512.2	6033	C	T	7237	2022	36	2	0	34	0.000276281	7239	0.980508	FALSE	NA	NA	NA	NA	NA	NA
NC_045512.2	6034	A	T	7326	2070	36	1	1	68	0.000136482	7327	0.500034	FALSE	NA	NA	NA	NA	NA	NA
NC_045512.2	6035	A	G	7313	2070	36	1	1	34	0.000136724	7314	0.996103	FALSE	NA	NA	NA	NA	NA	NA
NC_045512.2	6039	T	C	7242	2270	36	1	1	34	0.000138064	7243	0.996103	FALSE	NA	NA	NA	NA	NA	NA
NC_045512.2	6040	C	T	7315	2348	36	1	0	26	0.000136687	7316	1	FALSE	NA	NA	NA	NA	NA	NA
NC_045512.2	6045	A	G	6976	2416	36	1	0	34	0.000143328	6977	0.992203	FALSE	NA	NA	NA	NA	NA	NA
NC_045512.2	6049	T	C	9621	5442	37	2	0	51	0.000207814	9624	0.249987	FALSE	NA	NA	NA	NA	NA	NA
NC_045512.2	6049	T	A	9621	5442	37	1	0	26	0.000103907	9624	1	FALSE	NA	NA	NA	NA	NA	NA
NC_045512.2	6050	A	G	9619	5448	37	1	0	27	0.00010395	9620	1	FALSE	NA	NA	NA	NA	NA	NA
NC_045512.2	6052	G	T	9648	5443	37	3	3	31	0.000310849	9651	0.98075	FALSE	NA	NA	NA	NA	NA	NA
NC_045512.2	6057	T	C	9261	5735	37	1	1	34	0.000107956	9263	0.999026	FALSE	NA	NA	NA	NA	NA	NA
NC_045512.2	6057	T	A	9261	5735	37	1	1	26	0.000107956	9263	1	FALSE	NA	NA	NA	NA	NA	NA
NC_045512.2	6059	T	C	9377	6031	37	2	2	34	0.000213242	9379	0.994155	FALSE	NA	NA	NA	NA	NA	NA
NC_045512.2	6063	A	G	9357	6001	37	2	1	51	0.000213698	9359	0.250013	FALSE	NA	NA	NA	NA	NA	NA
NC_045512.2	6064	T	C	9344	5982	37	1	1	34	0.000107009	9345	0.999026	FALSE	NA	NA	NA	NA	NA	NA
NC_045512.2	6065	A	G	9139	5951	36	2	2	34	0.000218794	9141	0.994155	FALSE	NA	NA	NA	NA	NA	NA
NC_045512.2	6067	T	C	9357	6009	37	1	0	34	0.000106849	9359	0.999026	FALSE	NA	NA	NA	NA	NA	NA
NC_045512.2	6067	T	A	9357	6009	37	1	1	26	0.000106849	9359	1	FALSE	NA	NA	NA	NA	NA	NA
NC_045512.2	6068	A	T	9077	6257	36	2	1	30	0.00022024	9081	0.994149	FALSE	NA	NA	NA	NA	NA	NA
NC_045512.2	6068	A	C	9077	6257	36	2	2	34	0.00022024	9081	0.994149	FALSE	NA	NA	NA	NA	NA	NA
NC_045512.2	6071	A	G	9527	6278	37	2	0	27	0.000209886	9529	1	FALSE	NA	NA	NA	NA	NA	NA
NC_045512.2	6072	A	G	9445	6415	37	1	1	34	0.000105854	9447	0.999026	FALSE	NA	NA	NA	NA	NA	NA
NC_045512.2	6072	A	C	9445	6415	37	1	0	34	0.000105854	9447	0.999026	FALSE	NA	NA	NA	NA	NA	NA
NC_045512.2	6074	T	C	9510	6369	37	2	1	34	0.000210261	9512	0.994155	FALSE	NA	NA	NA	NA	NA	NA
NC_045512.2	6078	C	T	9467	6495	37	1	1	68	0.000105619	9468	0.500026	FALSE	NA	NA	NA	NA	NA	NA
NC_045512.2	6079	T	C	9457	6466	37	4	3	42	0.000422788	9461	0.0624934	FALSE	NA	NA	NA	NA	NA	NA
NC_045512.2	6084	A	G	9355	6619	37	1	0	34	0.000106883	9356	0.999026	FALSE	NA	NA	NA	NA	NA	NA
NC_045512.2	6086	T	C	9580	6944	37	1	0	68	0.000104373	9581	0.500026	FALSE	NA	NA	NA	NA	NA	NA
NC_045512.2	6087	T	G	10906	8458	37	2	0	34	0.000183335	10909	0.996833	FALSE	NA	NA	NA	NA	NA	NA
NC_045512.2	6087	T	C	10906	8458	37	1	0	68	9.16674e-05	10909	0.499977	FALSE	NA	NA	NA	NA	NA	NA
NC_045512.2	6088	A	T	10914	8446	37	1	1	34	9.16086e-05	10916	0.999513	FALSE	NA	NA	NA	NA	NA	NA
NC_045512.2	6088	A	C	10914	8446	37	1	1	26	9.16086e-05	10916	1	FALSE	NA	NA	NA	NA	NA	NA
NC_045512.2	6089	A	T	10916	8452	37	2	2	34	0.000183167	10919	0.996833	FALSE	NA	NA	NA	NA	NA	NA
NC_045512.2	6089	A	G	10916	8452	37	1	1	34	9.15835e-05	10919	0.999513	FALSE	NA	NA	NA	NA	NA	NA
NC_045512.2	6090	A	G	10899	8543	37	2	2	34	0.000183469	10901	0.996834	FALSE	NA	NA	NA	NA	NA	NA
NC_045512.2	6091	C	T	10974	8581	37	1	1	34	9.11162e-05	10975	0.999513	FALSE	NA	NA	NA	NA	NA	NA
NC_045512.2	6093	A	G	10766	8376	37	1	1	34	9.28764e-05	10767	0.999513	FALSE	NA	NA	NA	NA	NA	NA
NC_045512.2	6094	G	A	10800	8362	37	1	1	34	9.2584e-05	10801	0.999513	FALSE	NA	NA	NA	NA	NA	NA
NC_045512.2	6096	T	C	11900	9641	38	1	0	34	8.40266e-05	11901	0.999757	FALSE	NA	NA	NA	NA	NA	NA
NC_045512.2	6096	T	-A	11900	9641	38	1	0	20	8.40266e-05	11901	1	FALSE	NA	NA	NA	NA	NA	NA
NC_045512.2	6097	A	G	11945	9701	38	1	1	26	8.371e-05	11946	1	FALSE	NA	NA	NA	NA	NA	NA
NC_045512.2	6098	A	C	11840	9804	37	1	1	34	8.44523e-05	11841	0.999757	FALSE	NA	NA	NA	NA	NA	NA
NC_045512.2	6099	C	T	11877	9849	37	5	5	32	0.000420805	11882	0.961657	FALSE	NA	NA	NA	NA	NA	NA
NC_045512.2	6100	T	C	11703	9670	37	1	1	34	8.54409e-05	11704	0.999757	FALSE	NA	NA	NA	NA	NA	NA
NC_045512.2	6101	G	A	11921	9668	37	1	1	34	8.38785e-05	11922	0.999757	FALSE	NA	NA	NA	NA	NA	NA
NC_045512.2	6102	G	C	11837	9568	37	1	1	34	8.44737e-05	11838	0.999757	FALSE	NA	NA	NA	NA	NA	NA
NC_045512.2	6103	T	C	11779	9526	37	3	2	31	0.000254626	11782	0.993546	FALSE	NA	NA	NA	NA	NA	NA
NC_045512.2	6104	T	C	11569	9592	36	1	1	34	8.64304e-05	11570	0.999757	FALSE	NA	NA	NA	NA	NA	NA
NC_045512.2	6105	A	T	11644	9697	37	5	5	34	0.000429221	11649	0.961658	FALSE	NA	NA	NA	NA	NA	NA
NC_045512.2	6107	A	T	11885	9985	37	1	1	26	8.41255e-05	11887	1	FALSE	NA	NA	NA	NA	NA	NA
NC_045512.2	6107	A	G	11885	9985	37	1	1	34	8.41255e-05	11887	0.999757	FALSE	NA	NA	NA	NA	NA	NA
NC_045512.2	6108	A	T	11937	9996	37	1	1	26	8.37591e-05	11939	1	FALSE	NA	NA	NA	NA	NA	NA
NC_045512.2	6108	A	C	11937	9996	37	1	1	34	8.37591e-05	11939	0.999757	FALSE	NA	NA	NA	NA	NA	NA
NC_045512.2	6110	A	G	11477	9765	36	4	4	32	0.000348402	11481	0.982458	FALSE	NA	NA	NA	NA	NA	NA
NC_045512.2	6112	A	G	11502	9740	36	1	0	34	8.69338e-05	11503	0.999757	FALSE	NA	NA	NA	NA	NA	NA
NC_045512.2	6116	G	C	11309	9641	36	1	1	26	8.84173e-05	11310	1	FALSE	NA	NA	NA	NA	NA	NA
NC_045512.2	6118	T	C	12088	10416	36	2	2	34	0.000165426	12090	0.999087	FALSE	NA	NA	NA	NA	NA	NA
NC_045512.2	6119	T	C	12170	10511	36	2	2	34	0.000164312	12172	0.999087	FALSE	NA	NA	NA	NA	NA	NA
NC_045512.2	6122	A	C	12348	10841	36	3	3	34	0.000242895	12351	0.996317	FALSE	NA	NA	NA	NA	NA	NA
NC_045512.2	6124	A	G	12265	10858	36	3	2	34	0.000244539	12268	0.996318	FALSE	NA	NA	NA	NA	NA	NA
NC_045512.2	6126	A	G	11939	10535	36	1	1	34	8.37521e-05	11940	0.999757	FALSE	NA	NA	NA	NA	NA	NA
NC_045512.2	6127	G	C	11979	10470	36	1	1	34	8.34725e-05	11980	0.999757	FALSE	NA	NA	NA	NA	NA	NA
NC_045512.2	6129	T	C	12136	10668	36	2	2	34	0.000164772	12138	0.999087	FALSE	NA	NA	NA	NA	NA	NA
NC_045512.2	6132	A	T	12471	11068	36	1	1	34	8.01796e-05	12472	0.999878	FALSE	NA	NA	NA	NA	NA	NA
NC_045512.2	6133	A	T	12484	11104	36	1	1	34	8.00961e-05	12485	0.999878	FALSE	NA	NA	NA	NA	NA	NA
NC_045512.2	6134	G	A	12469	11056	36	1	0	24	8.01925e-05	12470	1	FALSE	NA	NA	NA	NA	NA	NA
NC_045512.2	6134	G	-T	12469	11056	36	1	0	20	8.01925e-05	12470	1	FALSE	NA	NA	NA	NA	NA	NA
NC_045512.2	6135	T	C	12444	11036	36	3	3	45	0.000241022	12447	0.312485	FALSE	NA	NA	NA	NA	NA	NA
NC_045512.2	6136	T	C	13039	11738	36	4	4	34	0.000306678	13043	0.993654	FALSE	NA	NA	NA	NA	NA	NA
NC_045512.2	6137	A	T	13083	11787	36	1	1	26	7.64234e-05	13085	1	FALSE	NA	NA	NA	NA	NA	NA
NC_045512.2	6137	A	C	13083	11787	36	1	1	34	7.64234e-05	13085	0.999939	FALSE	NA	NA	NA	NA	NA	NA
NC_045512.2	6138	C	T	13183	11887	36	3	3	34	0.000227514	13186	0.997916	FALSE	NA	NA	NA	NA	NA	NA
NC_045512.2	6139	A	-T	13236	11945	36	17	0	20	0.00128438	13236	1	FALSE	NA	NA	NA	NA	NA	NA
NC_045512.2	6140	T	C	13182	11888	36	1	1	34	7.58553e-05	13183	0.999939	FALSE	NA	NA	NA	NA	NA	NA
NC_045512.2	6141	T	C	13048	11766	36	5	4	32	0.000383054	13053	0.984593	FALSE	NA	NA	NA	NA	NA	NA
NC_045512.2	6143	T	C	13165	11883	36	1	1	34	7.59532e-05	13166	0.999939	FALSE	NA	NA	NA	NA	NA	NA
NC_045512.2	6144	T	C	13230	11964	36	5	5	34	0.000377786	13235	0.984592	FALSE	NA	NA	NA	NA	NA	NA
NC_045512.2	6145	C	T	13265	12073	36	2	2	26	0.00015075	13267	1	FALSE	NA	NA	NA	NA	NA	NA
NC_045512.2	6146	C	T	13225	12054	36	1	1	26	7.56086e-05	13226	1	FALSE	NA	NA	NA	NA	NA	NA
NC_045512.2	6148	T	C	9940	8778	37	5	5	34	0.000502715	9946	0.910294	FALSE	NA	NA	NA	NA	NA	NA
NC_045512.2	6148	T	A	9940	8778	37	1	1	34	0.000100543	9946	0.999024	FALSE	NA	NA	NA	NA	NA	NA
NC_045512.2	6149	G	A	9998	8810	37	1	0	68	0.00010001	9999	0.500025	FALSE	NA	NA	NA	NA	NA	NA
NC_045512.2	6150	A	G	10535	9398	37	2	2	34	0.000189807	10537	0.996835	FALSE	NA	NA	NA	NA	NA	NA
NC_045512.2	6151	C	A	10609	9486	37	1	1	34	9.42507e-05	10610	0.999513	FALSE	NA	NA	NA	NA	NA	NA
NC_045512.2	6154	A	G	11140	10102	37	1	1	34	8.97585e-05	11141	0.999757	FALSE	NA	NA	NA	NA	NA	NA
NC_045512.2	6155	A	G	11376	10380	37	1	1	34	8.78966e-05	11377	0.999757	FALSE	NA	NA	NA	NA	NA	NA
NC_045512.2	6157	T	C	11383	10476	37	1	1	34	8.78426e-05	11384	0.999757	FALSE	NA	NA	NA	NA	NA	NA
NC_045512.2	6157	T	-G	11383	10476	37	1	0	20	8.78426e-05	11384	1	FALSE	NA	NA	NA	NA	NA	NA
NC_045512.2	6160	T	C	11302	10454	38	1	1	34	8.84721e-05	11303	0.999757	FALSE	NA	NA	NA	NA	NA	NA
NC_045512.2	6161	G	A	11283	10444	37	1	0	34	8.86211e-05	11284	0.999757	FALSE	NA	NA	NA	NA	NA	NA
NC_045512.2	6165	T	-G	11408	10607	37	1	0	20	8.76578e-05	11408	1	FALSE	NA	NA	NA	NA	NA	NA
NC_045512.2	6168	T	C	11032	10282	37	1	1	34	9.06372e-05	11033	0.999757	FALSE	NA	NA	NA	NA	NA	NA
NC_045512.2	6170	G	A	10937	10188	37	1	1	34	9.14244e-05	10938	0.999513	FALSE	NA	NA	NA	NA	NA	NA
NC_045512.2	6172	T	C	10809	10066	37	1	1	34	9.24984e-05	10811	0.999513	FALSE	NA	NA	NA	NA	NA	NA
NC_045512.2	6172	T	A	10809	10066	37	1	1	24	9.24984e-05	10811	1	FALSE	NA	NA	NA	NA	NA	NA
NC_045512.2	6173	A	G	10750	10010	37	5	5	32	0.000464814	10757	0.940808	FALSE	NA	NA	NA	NA	NA	NA
NC_045512.2	6173	A	C	10750	10010	37	2	2	27	0.000185925	10757	1	FALSE	NA	NA	NA	NA	NA	NA
NC_045512.2	6175	T	C	10743	10003	37	4	4	34	0.000372197	10747	0.971365	FALSE	NA	NA	NA	NA	NA	NA
NC_045512.2	6178	T	C	10660	9928	37	1	1	34	9.37998e-05	10661	0.999513	FALSE	NA	NA	NA	NA	NA	NA
NC_045512.2	6180	A	G	10618	9889	37	1	1	34	9.41708e-05	10619	0.999513	FALSE	NA	NA	NA	NA	NA	NA
NC_045512.2	6181	T	C	10596	9867	37	3	3	34	0.000283046	10599	0.988794	FALSE	NA	NA	NA	NA	NA	NA
NC_045512.2	6182	A	T	10592	9865	37	1	1	34	9.43931e-05	10594	0.999513	FALSE	NA	NA	NA	NA	NA	NA
NC_045512.2	6182	A	G	10592	9865	37	1	1	68	9.43931e-05	10594	0.5	FALSE	NA	NA	NA	NA	NA	NA
NC_045512.2	6184	A	C	10532	9921	36	1	1	34	9.49397e-05	10533	0.999513	FALSE	NA	NA	NA	NA	NA	NA
NC_045512.2	6185	C	T	10541	9945	37	2	2	34	0.000189699	10543	0.996835	FALSE	NA	NA	NA	NA	NA	NA
NC_045512.2	6186	A	C	10152	9572	37	2	2	34	0.000196967	10154	0.996835	FALSE	NA	NA	NA	NA	NA	NA
NC_045512.2	6188	T	C	8401	7838	37	2	2	34	0.00023801	8403	0.989281	FALSE	NA	NA	NA	NA	NA	NA
NC_045512.2	6189	A	G	8414	7849	37	3	3	31	0.000356422	8417	0.967343	FALSE	NA	NA	NA	NA	NA	NA
NC_045512.2	6190	C	T	8421	7861	37	3	2	46	0.000356125	8424	0.125	FALSE	NA	NA	NA	NA	NA	NA
NC_045512.2	6191	A	G	8313	7753	37	2	2	34	0.000240529	8315	0.989282	FALSE	NA	NA	NA	NA	NA	NA
NC_045512.2	6193	A	C	7688	7172	37	1	1	34	0.000130056	7689	0.996103	FALSE	NA	NA	NA	NA	NA	NA
NC_045512.2	6194	C	A	7656	7179	37	1	1	34	0.000130599	7657	0.996103	FALSE	NA	NA	NA	NA	NA	NA
NC_045512.2	6195	C	A	7573	7097	37	1	1	34	0.000132031	7574	0.996103	FALSE	NA	NA	NA	NA	NA	NA
NC_045512.2	6196	C	A	6959	6491	37	1	1	34	0.000143678	6960	0.992203	FALSE	NA	NA	NA	NA	NA	NA
NC_045512.2	6200	T	C	6580	6118	36	2	2	34	0.000303859	6582	0.964902	FALSE	NA	NA	NA	NA	NA	NA
NC_045512.2	6201	T	C	6733	6270	37	1	1	34	0.0001485	6734	0.992204	FALSE	NA	NA	NA	NA	NA	NA
NC_045512.2	6206	A	T	6551	6219	36	1	1	26	0.000152579	6554	1	FALSE	NA	NA	NA	NA	NA	NA
NC_045512.2	6206	A	G	6551	6219	36	1	1	34	0.000152579	6554	0.992196	FALSE	NA	NA	NA	NA	NA	NA
NC_045512.2	6206	A	C	6551	6219	36	1	1	26	0.000152579	6554	1	FALSE	NA	NA	NA	NA	NA	NA
NC_045512.2	6207	A	G	6294	5989	36	3	3	34	0.000476417	6297	0.910273	FALSE	NA	NA	NA	NA	NA	NA
NC_045512.2	6211	A	G	6200	5903	36	1	1	34	0.000161264	6201	0.992205	FALSE	NA	NA	NA	NA	NA	NA
NC_045512.2	6212	G	A	6194	5903	36	1	1	34	0.000161421	6195	0.992205	FALSE	NA	NA	NA	NA	NA	NA
NC_045512.2	6214	T	C	6177	5889	36	1	1	34	0.000161865	6178	0.992205	FALSE	NA	NA	NA	NA	NA	NA
NC_045512.2	6217	A	T	6262	5900	36	1	1	34	0.000159591	6266	0.992192	FALSE	NA	NA	NA	NA	NA	NA
NC_045512.2	6217	A	G	6262	5900	36	2	2	34	0.000319183	6266	0.96487	FALSE	NA	NA	NA	NA	NA	NA
NC_045512.2	6217	A	C	6262	5900	36	1	1	34	0.000159591	6266	0.992192	FALSE	NA	NA	NA	NA	NA	NA
NC_045512.2	6221	T	C	5056	4771	36	1	1	34	0.000197707	5058	0.984398	FALSE	NA	NA	NA	NA	NA	NA
NC_045512.2	6221	T	A	5056	4771	36	1	1	34	0.000197707	5058	0.984398	FALSE	NA	NA	NA	NA	NA	NA
NC_045512.2	6223	A	G	5042	4755	35	1	0	46	0.000198295	5043	0.50005	FALSE	NA	NA	NA	NA	NA	NA
NC_045512.2	6226	T	C	4977	4689	35	2	2	34	0.000401687	4979	0.890743	FALSE	NA	NA	NA	NA	NA	NA
NC_045512.2	6227	A	C	4793	4519	35	1	1	34	0.000208594	4794	0.968799	FALSE	NA	NA	NA	NA	NA	NA
NC_045512.2	6228	A	G	4809	4537	35	1	1	68	0.000207857	4811	0.5	FALSE	NA	NA	NA	NA	NA	NA
NC_045512.2	6228	A	C	4809	4537	35	1	1	34	0.000207857	4811	0.968782	FALSE	NA	NA	NA	NA	NA	NA
NC_045512.2	6233	A	T	4356	4088	35	2	2	30	0.000458821	4359	0.890706	FALSE	NA	NA	NA	NA	NA	NA
NC_045512.2	6233	A	G	4356	4088	35	1	1	34	0.00022941	4359	0.968768	FALSE	NA	NA	NA	NA	NA	NA
NC_045512.2	6236	G	A	4311	4045	35	1	1	34	0.000231911	4312	0.968804	FALSE	NA	NA	NA	NA	NA	NA
NC_045512.2	6238	T	A	3201	2952	34	1	1	34	0.000312305	3202	0.937598	FALSE	NA	NA	NA	NA	NA	NA
NC_045512.2	6239	T	C	3164	2921	35	1	1	68	0.000315956	3165	0.500079	FALSE	NA	NA	NA	NA	NA	NA
NC_045512.2	6240	G	A	3109	2869	35	2	2	34	0.00064288	3111	0.812701	FALSE	NA	NA	NA	NA	NA	NA
NC_045512.2	6243	A	G	3033	2785	35	1	1	34	0.000329598	3034	0.937603	FALSE	NA	NA	NA	NA	NA	NA
NC_045512.2	6313	A	G	159	36	38	1	0	34	0.00625	160	0.501567	FALSE	NA	NA	NA	NA	NA	NA
NC_045512.2	6334	T	C	123	46	38	1	0	34	0.00806452	124	0.502024	FALSE	NA	NA	NA	NA	NA	NA
NC_045512.2	6524	A	C	152	80	34	3	3	34	0.0193548	155	0.124996	FALSE	NA	NA	NA	NA	NA	NA
NC_045512.2	6541	C	T	151	67	33	11	11	33	0.0679012	162	0.000424096	TRUE	NA	NA	NA	NA	NA	NA
NC_045512.2	6566	G	A	129	33	37	1	0	34	0.00769231	130	0.501931	FALSE	NA	NA	NA	NA	NA	NA
NC_045512.2	6647	G	T	205	80	35	4	4	34	0.0191388	209	0.062197	FALSE	NA	NA	NA	NA	NA	NA
NC_045512.2	6739	A	C	272	75	37	1	1	68	0.003663	273	0.500917	FALSE	NA	NA	NA	NA	NA	NA
NC_045512.2	6744	G	C	282	68	37	1	1	26	0.00353357	283	0.876326	FALSE	NA	NA	NA	NA	NA	NA
NC_045512.2	6751	C	T	266	88	35	3	3	68	0.0111524	269	0.124999	FALSE	NA	NA	NA	NA	NA	NA
NC_045512.2	6779	T	C	275	193	37	1	1	34	0.00362319	276	0.500907	FALSE	NA	NA	NA	NA	NA	NA
NC_045512.2	6784	T	C	1942	193	33	2	2	34	0.00102881	1944	0.500193	FALSE	NA	NA	NA	NA	NA	NA
NC_045512.2	6797	C	T	2402	220	34	1	0	34	0.000416146	2403	0.875156	FALSE	NA	NA	NA	NA	NA	NA
NC_045512.2	6802	G	A	2680	229	34	1	0	34	0.000372995	2681	0.87514	FALSE	NA	NA	NA	NA	NA	NA
NC_045512.2	6810	T	A	3006	235	34	1	0	34	0.000332557	3007	0.937604	FALSE	NA	NA	NA	NA	NA	NA
NC_045512.2	6813	C	T	2654	237	34	386	4	34	0.126974	3040	2.15234e-116	TRUE	NA	NA	NA	NA	NA	NA
NC_045512.2	6814	T	C	3045	244	34	1	0	34	0.000328299	3046	0.937603	FALSE	NA	NA	NA	NA	NA	NA
NC_045512.2	6821	A	G	3262	251	34	1	0	34	0.000306466	3263	0.937596	FALSE	NA	NA	NA	NA	NA	NA
NC_045512.2	6828	C	G	3590	264	34	1	0	34	0.000278474	3591	0.937587	FALSE	NA	NA	NA	NA	NA	NA
NC_045512.2	6829	T	C	3598	261	34	1	1	26	0.000277855	3599	1	FALSE	NA	NA	NA	NA	NA	NA
NC_045512.2	6834	T	C	3733	268	34	1	0	34	0.000267809	3734	0.937584	FALSE	NA	NA	NA	NA	NA	NA
NC_045512.2	6838	A	G	3781	272	34	2	0	34	0.000528681	3783	0.812665	FALSE	NA	NA	NA	NA	NA	NA
NC_045512.2	6841	A	G	5207	283	34	1	0	34	0.000192012	5208	0.984406	FALSE	NA	NA	NA	NA	NA	NA
NC_045512.2	6845	A	G	5315	287	34	2	0	34	0.000376152	5317	0.937593	FALSE	NA	NA	NA	NA	NA	NA
NC_045512.2	6847	G	A	5327	284	34	1	0	34	0.000187688	5328	0.984406	FALSE	NA	NA	NA	NA	NA	NA
NC_045512.2	6848	C	T	5317	288	34	6	0	34	0.00112697	5324	0.5	FALSE	NA	NA	NA	NA	NA	NA
NC_045512.2	6848	C	G	5317	288	34	1	0	26	0.000187829	5324	1	FALSE	NA	NA	NA	NA	NA	NA
NC_045512.2	6850	G	A	5396	291	34	5	0	34	0.000925754	5401	0.623218	FALSE	NA	NA	NA	NA	NA	NA
NC_045512.2	6856	T	C	5649	183	35	2	0	34	0.00035392	5651	0.937587	FALSE	NA	NA	NA	NA	NA	NA
NC_045512.2	6858	T	C	5653	197	35	1	0	34	0.000176866	5654	0.984404	FALSE	NA	NA	NA	NA	NA	NA
NC_045512.2	6860	G	A	5718	198	35	2	0	34	0.00034965	5720	0.937586	FALSE	NA	NA	NA	NA	NA	NA
NC_045512.2	6862	A	G	5755	210	35	2	0	34	0.000347403	5757	0.937585	FALSE	NA	NA	NA	NA	NA	NA
NC_045512.2	6863	A	G	5711	217	35	1	0	34	0.00017507	5712	0.984404	FALSE	NA	NA	NA	NA	NA	NA
NC_045512.2	6865	G	T	6010	227	35	1	0	34	0.000166362	6011	0.992206	FALSE	NA	NA	NA	NA	NA	NA
NC_045512.2	6869	A	G	5408	264	34	1	0	34	0.000184877	5409	0.984405	FALSE	NA	NA	NA	NA	NA	NA
NC_045512.2	6870	C	A	5724	285	34	2	0	34	0.000349284	5726	0.937586	FALSE	NA	NA	NA	NA	NA	NA
NC_045512.2	6871	T	C	5762	279	34	1	0	34	0.000173521	5763	0.984403	FALSE	NA	NA	NA	NA	NA	NA
NC_045512.2	6873	T	C	5963	281	34	3	0	31	0.000502849	5966	0.855606	FALSE	NA	NA	NA	NA	NA	NA
NC_045512.2	6875	A	G	5984	303	35	3	0	31	0.000501086	5987	0.855606	FALSE	NA	NA	NA	NA	NA	NA
NC_045512.2	6878	A	G	5863	342	34	2	0	34	0.000341006	5865	0.937584	FALSE	NA	NA	NA	NA	NA	NA
NC_045512.2	6880	T	G	5964	362	35	2	0	30	0.000335233	5966	0.937582	FALSE	NA	NA	NA	NA	NA	NA
NC_045512.2	6883	C	T	6118	397	35	6	0	39	0.000979752	6124	0.612959	FALSE	NA	NA	NA	NA	NA	NA
NC_045512.2	6883	C	+G	6118	397	35	3	0	20	0.000489876	6124	1	FALSE	NA	NA	NA	NA	NA	NA
NC_045512.2	6885	G	A	6564	407	35	2	0	34	0.000304599	6566	0.964902	FALSE	NA	NA	NA	NA	NA	NA
NC_045512.2	6886	T	C	6539	416	35	1	0	34	0.000152905	6540	0.992204	FALSE	NA	NA	NA	NA	NA	NA
NC_045512.2	6887	A	G	6268	418	35	2	0	34	0.000318979	6270	0.964905	FALSE	NA	NA	NA	NA	NA	NA
NC_045512.2	6889	A	G	6449	447	35	3	0	34	0.000464972	6452	0.910271	FALSE	NA	NA	NA	NA	NA	NA
NC_045512.2	6891	T	C	6520	452	35	1	0	34	0.000153351	6521	0.992204	FALSE	NA	NA	NA	NA	NA	NA
NC_045512.2	6892	T	A	6538	448	35	1	0	34	0.000152929	6539	0.992204	FALSE	NA	NA	NA	NA	NA	NA
NC_045512.2	6902	G	T	6204	538	36	1	0	34	0.000161134	6206	0.992201	FALSE	NA	NA	NA	NA	NA	NA
NC_045512.2	6902	G	A	6204	538	36	1	0	34	0.000161134	6206	0.992201	FALSE	NA	NA	NA	NA	NA	NA
NC_045512.2	6904	T	G	6101	533	36	1	0	24	0.000163827	6104	1	FALSE	NA	NA	NA	NA	NA	NA
NC_045512.2	6904	T	C	6101	533	36	1	0	34	0.000163827	6104	0.992196	FALSE	NA	NA	NA	NA	NA	NA
NC_045512.2	6904	T	A	6101	533	36	1	0	34	0.000163827	6104	0.992196	FALSE	NA	NA	NA	NA	NA	NA
NC_045512.2	6908	T	C	6066	606	36	1	1	34	0.000164826	6067	0.992206	FALSE	NA	NA	NA	NA	NA	NA
NC_045512.2	6911	A	T	5954	607	36	1	0	34	0.000167926	5955	0.984403	FALSE	NA	NA	NA	NA	NA	NA
NC_045512.2	6913	T	C	6038	629	36	4	0	32	0.000662032	6042	0.828295	FALSE	NA	NA	NA	NA	NA	NA
NC_045512.2	6916	T	C	6108	602	36	1	0	34	0.000163693	6109	0.992205	FALSE	NA	NA	NA	NA	NA	NA
NC_045512.2	6917	T	C	6120	632	36	2	1	34	0.000326691	6122	0.964906	FALSE	NA	NA	NA	NA	NA	NA
NC_045512.2	6918	T	G	6142	699	37	1	0	34	0.000162787	6143	0.992205	FALSE	NA	NA	NA	NA	NA	NA
NC_045512.2	6920	A	G	6017	725	36	3	0	34	0.000498339	6020	0.910279	FALSE	NA	NA	NA	NA	NA	NA
NC_045512.2	6921	A	G	5943	726	36	1	0	24	0.000168237	5944	1	FALSE	NA	NA	NA	NA	NA	NA
NC_045512.2	6927	C	T	5776	772	36	1	0	34	0.0001731	5777	0.984403	FALSE	NA	NA	NA	NA	NA	NA
NC_045512.2	6928	T	C	5650	766	36	2	0	34	0.000353857	5652	0.937587	FALSE	NA	NA	NA	NA	NA	NA
NC_045512.2	6934	T	C	5744	783	36	2	0	25	0.000348068	5746	1	FALSE	NA	NA	NA	NA	NA	NA
NC_045512.2	6935	T	C	5786	841	37	2	0	34	0.000345543	5788	0.937585	FALSE	NA	NA	NA	NA	NA	NA
NC_045512.2	6937	T	-A	5746	846	36	1	0	20	0.000174034	5746	1	FALSE	NA	NA	NA	NA	NA	NA
NC_045512.2	6938	A	C	5750	844	37	2	2	34	0.000347705	5752	0.937557	FALSE	NA	NA	NA	NA	NA	NA
NC_045512.2	6939	A	G	5756	876	37	2	0	34	0.000347343	5758	0.937585	FALSE	NA	NA	NA	NA	NA	NA
NC_045512.2	6941	C	T	4484	983	36	1	1	34	0.000222965	4485	0.968802	FALSE	NA	NA	NA	NA	NA	NA
NC_045512.2	6942	T	C	4471	967	36	1	0	34	0.000223614	4472	0.968802	FALSE	NA	NA	NA	NA	NA	NA
NC_045512.2	6946	A	G	4718	1483	36	3	0	31	0.000635459	4721	0.773611	FALSE	NA	NA	NA	NA	NA	NA
NC_045512.2	6949	T	C	5151	1468	37	3	0	34	0.000582072	5154	0.855628	FALSE	NA	NA	NA	NA	NA	NA
NC_045512.2	6954	T	C	5037	1616	37	1	0	34	0.000198491	5038	0.984408	FALSE	NA	NA	NA	NA	NA	NA
NC_045512.2	6955	A	G	4954	1611	37	1	0	34	0.000201816	4955	0.968797	FALSE	NA	NA	NA	NA	NA	NA
NC_045512.2	6956	A	C	5033	1806	38	1	1	34	0.000198649	5034	0.984408	FALSE	NA	NA	NA	NA	NA	NA
NC_045512.2	6959	T	C	5366	2202	38	1	1	68	0.000186324	5367	0.500047	FALSE	NA	NA	NA	NA	NA	NA
NC_045512.2	6961	G	A	5630	2483	38	1	1	34	0.000177588	5631	0.984404	FALSE	NA	NA	NA	NA	NA	NA
NC_045512.2	6962	T	G	5651	2570	38	1	1	24	0.000176897	5653	1	FALSE	NA	NA	NA	NA	NA	NA
NC_045512.2	6962	T	C	5651	2570	38	1	1	68	0.000176897	5653	0.5	FALSE	NA	NA	NA	NA	NA	NA
NC_045512.2	6963	T	C	5745	2722	39	1	1	34	0.000174034	5746	0.984404	FALSE	NA	NA	NA	NA	NA	NA
NC_045512.2	6964	T	C	5672	2649	38	1	1	34	0.000176274	5673	0.984404	FALSE	NA	NA	NA	NA	NA	NA
NC_045512.2	6965	T	C	5780	2782	39	4	4	32	0.000691563	5784	0.746264	FALSE	NA	NA	NA	NA	NA	NA
NC_045512.2	6966	T	C	5467	2901	38	1	1	34	0.000182882	5468	0.984405	FALSE	NA	NA	NA	NA	NA	NA
NC_045512.2	6967	A	T	5565	2974	38	2	0	34	0.00035926	5567	0.937588	FALSE	NA	NA	NA	NA	NA	NA
NC_045512.2	6972	T	C	5331	3192	37	1	0	34	0.000187547	5332	0.984406	FALSE	NA	NA	NA	NA	NA	NA
NC_045512.2	6973	A	G	5187	3227	37	3	1	34	0.000578035	5190	0.855627	FALSE	NA	NA	NA	NA	NA	NA
NC_045512.2	6976	T	A	5280	3239	37	1	1	34	0.000189358	5281	0.984406	FALSE	NA	NA	NA	NA	NA	NA
NC_045512.2	6978	T	G	4693	2673	35	1	1	34	0.000213038	4694	0.9688	FALSE	NA	NA	NA	NA	NA	NA
NC_045512.2	6981	G	C	5306	3253	37	3	3	34	0.000565078	5309	0.855623	FALSE	NA	NA	NA	NA	NA	NA
NC_045512.2	6982	C	T	4580	2932	36	778	479	36	0.145203	5358	4.51231e-237	TRUE	NA	NA	NA	NA	NA	NA
NC_045512.2	6985	A	G	5171	3375	36	1	0	34	0.000193349	5172	0.984407	FALSE	NA	NA	NA	NA	NA	NA
NC_045512.2	6988	T	C	5008	3447	36	2	0	34	0.000399202	5010	0.937598	FALSE	NA	NA	NA	NA	NA	NA
NC_045512.2	6989	T	C	5009	3380	36	1	1	34	0.000199601	5010	0.984408	FALSE	NA	NA	NA	NA	NA	NA
NC_045512.2	6991	T	C	5419	3844	36	1	1	34	0.000184502	5420	0.984405	FALSE	NA	NA	NA	NA	NA	NA
NC_045512.2	6994	A	T	5636	4013	36	1	0	34	0.000177399	5637	0.984404	FALSE	NA	NA	NA	NA	NA	NA
NC_045512.2	6996	T	C	5613	4034	36	1	0	34	0.000178126	5614	0.984404	FALSE	NA	NA	NA	NA	NA	NA
NC_045512.2	6999	A	G	5640	3992	36	1	1	34	0.000177274	5641	0.984404	FALSE	NA	NA	NA	NA	NA	NA
NC_045512.2	7005	C	T	5773	4211	36	2	2	34	0.00034626	5776	0.937557	FALSE	NA	NA	NA	NA	NA	NA
NC_045512.2	7005	C	A	5773	4211	36	1	0	34	0.00017313	5776	0.984387	FALSE	NA	NA	NA	NA	NA	NA
NC_045512.2	7007	G	A	5696	4166	36	9	2	34	0.00157756	5705	0.211927	FALSE	NA	NA	NA	NA	NA	NA
NC_045512.2	7010	G	C	5768	4150	36	1	1	26	0.00017334	5769	1	FALSE	NA	NA	NA	NA	NA	NA
NC_045512.2	7014	T	G	6172	4763	37	1	1	34	0.000161996	6173	0.992205	FALSE	NA	NA	NA	NA	NA	NA
NC_045512.2	7019	G	-T	6413	5063	37	5	0	20	0.000779666	6413	1	FALSE	NA	NA	NA	NA	NA	NA
NC_045512.2	7020	T	G	6474	5145	37	5	5	34	0.000771724	6479	0.725325	FALSE	NA	NA	NA	NA	NA	NA
NC_045512.2	7021	T	C	6392	5062	36	1	0	34	0.000156421	6393	0.992205	FALSE	NA	NA	NA	NA	NA	NA
NC_045512.2	7023	T	A	6503	5194	37	1	1	68	0.000153752	6504	0.500038	FALSE	NA	NA	NA	NA	NA	NA
NC_045512.2	7025	A	T	8426	7327	38	1	1	34	0.000118666	8427	0.998052	FALSE	NA	NA	NA	NA	NA	NA
NC_045512.2	7026	T	C	8457	7369	38	1	1	34	0.000118231	8458	0.998052	FALSE	NA	NA	NA	NA	NA	NA
NC_045512.2	7027	G	C	8462	7361	38	1	1	34	0.000118147	8464	0.998051	FALSE	NA	NA	NA	NA	NA	NA
NC_045512.2	7027	G	A	8462	7361	38	1	1	34	0.000118147	8464	0.998051	FALSE	NA	NA	NA	NA	NA	NA
NC_045512.2	7028	T	A	8392	7288	37	1	0	24	0.000119147	8393	1	FALSE	NA	NA	NA	NA	NA	NA
NC_045512.2	7030	T	C	8496	7399	38	1	1	34	0.000117689	8497	0.998052	FALSE	NA	NA	NA	NA	NA	NA
NC_045512.2	7034	T	C	9125	8165	38	1	1	34	0.000109565	9127	0.999026	FALSE	NA	NA	NA	NA	NA	NA
NC_045512.2	7034	T	A	9125	8165	38	1	1	34	0.000109565	9127	0.999026	FALSE	NA	NA	NA	NA	NA	NA
NC_045512.2	7036	A	C	9049	8086	38	2	2	30	0.00022097	9051	0.994155	FALSE	NA	NA	NA	NA	NA	NA
NC_045512.2	7038	G	T	9094	8146	38	1	1	34	0.000109951	9095	0.999026	FALSE	NA	NA	NA	NA	NA	NA
NC_045512.2	7039	C	T	9442	8538	38	1	1	34	0.000105899	9443	0.999026	FALSE	NA	NA	NA	NA	NA	NA
NC_045512.2	7041	T	C	9384	8480	38	2	2	34	0.000213083	9386	0.994155	FALSE	NA	NA	NA	NA	NA	NA
NC_045512.2	7042	G	A	9368	8493	38	3	3	34	0.000320137	9371	0.980752	FALSE	NA	NA	NA	NA	NA	NA
NC_045512.2	7045	T	C	8711	7891	38	1	1	34	0.000114784	8712	0.998052	FALSE	NA	NA	NA	NA	NA	NA
NC_045512.2	7046	T	C	6350	5531	35	1	1	34	0.000157456	6351	0.992205	FALSE	NA	NA	NA	NA	NA	NA
NC_045512.2	7047	C	G	8703	8002	38	2	1	30	0.000229727	8706	0.989275	FALSE	NA	NA	NA	NA	NA	NA
NC_045512.2	7047	C	A	8703	8002	38	1	1	68	0.000114863	8706	0.499971	FALSE	NA	NA	NA	NA	NA	NA
NC_045512.2	7048	T	C	8719	8013	38	2	2	30	0.000229331	8721	0.98928	FALSE	NA	NA	NA	NA	NA	NA
NC_045512.2	7049	T	C	8612	7905	37	1	1	34	0.000116104	8613	0.998052	FALSE	NA	NA	NA	NA	NA	NA
NC_045512.2	7051	C	T	8713	8025	37	5	5	34	0.000573526	8718	0.866712	FALSE	NA	NA	NA	NA	NA	NA
NC_045512.2	7052	T	C	8529	7841	37	1	1	34	0.000117233	8530	0.998052	FALSE	NA	NA	NA	NA	NA	NA
NC_045512.2	7057	T	G	8234	7560	37	1	1	34	0.000121433	8235	0.998052	FALSE	NA	NA	NA	NA	NA	NA
NC_045512.2	7059	G	A	8277	7603	38	1	1	34	0.000120802	8278	0.998052	FALSE	NA	NA	NA	NA	NA	NA
NC_045512.2	7059	G	-T	8277	7603	38	2	0	20	0.000241604	8278	1	FALSE	NA	NA	NA	NA	NA	NA
NC_045512.2	7066	A	G	7050	6438	38	3	3	34	0.000425351	7053	0.9454	FALSE	NA	NA	NA	NA	NA	NA
NC_045512.2	7067	G	-A	6961	6352	38	1	0	20	0.000143658	6961	1	FALSE	NA	NA	NA	NA	NA	NA
NC_045512.2	7069	A	G	6827	6328	37	1	1	34	0.000146456	6828	0.992204	FALSE	NA	NA	NA	NA	NA	NA
NC_045512.2	7070	G	T	6814	6323	37	2	2	34	0.000293427	6816	0.9649	FALSE	NA	NA	NA	NA	NA	NA
NC_045512.2	7073	T	C	6437	5998	35	2	2	34	0.000310607	6439	0.964903	FALSE	NA	NA	NA	NA	NA	NA
NC_045512.2	7074	A	G	6672	6233	37	1	1	34	0.000149858	6673	0.992204	FALSE	NA	NA	NA	NA	NA	NA
NC_045512.2	7076	T	C	6710	6317	36	2	2	34	0.000297974	6712	0.964901	FALSE	NA	NA	NA	NA	NA	NA
NC_045512.2	7077	T	C	6680	6288	36	2	2	34	0.000299312	6682	0.964901	FALSE	NA	NA	NA	NA	NA	NA
NC_045512.2	7080	A	G	6550	6208	36	1	1	34	0.000152648	6551	0.992204	FALSE	NA	NA	NA	NA	NA	NA
NC_045512.2	7082	T	C	6409	6075	36	4	4	34	0.000623733	6413	0.828285	FALSE	NA	NA	NA	NA	NA	NA
NC_045512.2	7091	G	A	12790	6318	35	1	0	34	7.818e-05	12791	0.999878	FALSE	NA	NA	NA	NA	NA	NA
NC_045512.2	7092	T	C	12315	5808	35	2	2	34	0.000162377	12317	0.999087	FALSE	NA	NA	NA	NA	NA	NA
NC_045512.2	7094	A	C	12314	5688	35	1	1	34	8.12018e-05	12315	0.999878	FALSE	NA	NA	NA	NA	NA	NA
NC_045512.2	7095	C	G	12629	5709	35	3	0	31	0.000237492	12632	0.996317	FALSE	NA	NA	NA	NA	NA	NA
NC_045512.2	7096	T	C	12489	5565	34	2	0	34	0.000160115	12491	0.999087	FALSE	NA	NA	NA	NA	NA	NA
NC_045512.2	7097	A	T	12860	5667	35	1	0	34	7.77484e-05	12862	0.999878	FALSE	NA	NA	NA	NA	NA	NA
NC_045512.2	7097	A	G	12860	5667	35	1	0	38	7.77484e-05	12862	0.999878	FALSE	NA	NA	NA	NA	NA	NA
NC_045512.2	7098	T	G	12985	5720	35	1	0	34	7.7006e-05	12986	0.999878	FALSE	NA	NA	NA	NA	NA	NA
NC_045512.2	7099	T	C	12947	5673	35	1	0	34	7.7232e-05	12948	0.999878	FALSE	NA	NA	NA	NA	NA	NA
NC_045512.2	7100	G	A	13097	5703	35	1	0	34	7.63475e-05	13098	0.999939	FALSE	NA	NA	NA	NA	NA	NA
NC_045512.2	7101	C	T	13058	5685	34	4	2	34	0.000306232	13062	0.993654	FALSE	NA	NA	NA	NA	NA	NA
NC_045512.2	7102	A	G	13135	5682	35	2	1	34	0.000152242	13137	0.999513	FALSE	NA	NA	NA	NA	NA	NA
NC_045512.2	7106	T	C	15101	5480	35	2	2	34	0.000132415	15104	0.999863	FALSE	NA	NA	NA	NA	NA	NA
NC_045512.2	7106	T	A	15101	5480	35	1	1	34	6.62076e-05	15104	0.999985	FALSE	NA	NA	NA	NA	NA	NA
NC_045512.2	7107	A	G	15317	5448	35	1	0	34	6.52827e-05	15318	0.999985	FALSE	NA	NA	NA	NA	NA	NA
NC_045512.2	7108	C	T	15391	5493	34	1	0	34	6.49646e-05	15393	0.999985	FALSE	NA	NA	NA	NA	NA	NA
NC_045512.2	7108	C	A	15391	5493	34	1	0	26	6.49646e-05	15393	1	FALSE	NA	NA	NA	NA	NA	NA
NC_045512.2	7109	T	C	15396	5488	34	2	0	34	0.000129887	15398	0.999863	FALSE	NA	NA	NA	NA	NA	NA
NC_045512.2	7110	G	C	16649	5480	34	1	0	34	6.00565e-05	16651	0.999992	FALSE	NA	NA	NA	NA	NA	NA
NC_045512.2	7110	G	A	16649	5480	34	1	1	34	6.00565e-05	16651	0.999992	FALSE	NA	NA	NA	NA	NA	NA
NC_045512.2	7111	T	A	16627	5490	34	1	0	34	6.01395e-05	16628	0.999992	FALSE	NA	NA	NA	NA	NA	NA
NC_045512.2	7112	A	T	16560	5439	34	1	0	34	6.03792e-05	16562	0.999992	FALSE	NA	NA	NA	NA	NA	NA
NC_045512.2	7112	A	G	16560	5439	34	1	0	26	6.03792e-05	16562	1	FALSE	NA	NA	NA	NA	NA	NA
NC_045512.2	7113	C	T	16600	5445	34	1	0	34	6.02373e-05	16601	0.999992	FALSE	NA	NA	NA	NA	NA	NA
NC_045512.2	7114	T	G	16019	4865	34	1	0	34	6.23908e-05	16028	0.999992	FALSE	NA	NA	NA	NA	NA	NA
NC_045512.2	7114	T	C	16019	4865	34	2	1	34	0.000124782	16028	0.999928	FALSE	NA	NA	NA	NA	NA	NA
NC_045512.2	7114	T	A	16019	4865	34	6	0	34	0.000374345	16028	0.991561	FALSE	NA	NA	NA	NA	NA	NA
NC_045512.2	7117	T	G	19010	4735	34	1	1	24	5.25984e-05	19012	1	FALSE	NA	NA	NA	NA	NA	NA
NC_045512.2	7117	T	C	19010	4735	34	1	0	34	5.25984e-05	19012	0.999999	FALSE	NA	NA	NA	NA	NA	NA
NC_045512.2	7118	T	C	19152	4724	34	3	1	31	0.000156609	19156	0.99994	FALSE	NA	NA	NA	NA	NA	NA
NC_045512.2	7118	T	A	19152	4724	34	1	0	34	5.2203e-05	19156	0.999999	FALSE	NA	NA	NA	NA	NA	NA
NC_045512.2	7119	C	G	14830	450	34	2	1	34	0.000134825	14834	0.999741	FALSE	NA	NA	NA	NA	NA	NA
NC_045512.2	7119	C	A	14830	450	34	2	0	30	0.000134825	14834	0.999741	FALSE	NA	NA	NA	NA	NA	NA
NC_045512.2	7122	T	G	15056	660	35	2	0	34	0.00013282	15058	0.999863	FALSE	NA	NA	NA	NA	NA	NA
NC_045512.2	7123	A	G	15389	687	34	8	0	34	0.000519582	15397	0.953506	FALSE	NA	NA	NA	NA	NA	NA
NC_045512.2	7125	C	G	15961	697	35	2	0	30	0.00012529	15963	0.999863	FALSE	NA	NA	NA	NA	NA	NA
NC_045512.2	7126	T	A	16135	709	35	3	0	34	0.000185897	16138	0.999637	FALSE	NA	NA	NA	NA	NA	NA
NC_045512.2	7127	T	C	16139	712	35	1	0	34	6.19579e-05	16140	0.999992	FALSE	NA	NA	NA	NA	NA	NA
NC_045512.2	7129	T	C	16236	710	35	2	0	34	0.000123168	16238	0.999928	FALSE	NA	NA	NA	NA	NA	NA
NC_045512.2	7130	A	G	16192	712	35	4	0	34	0.000246975	16196	0.998716	FALSE	NA	NA	NA	NA	NA	NA
NC_045512.2	7131	G	T	16727	718	35	3	0	34	0.000179319	16730	0.999637	FALSE	NA	NA	NA	NA	NA	NA
NC_045512.2	7133	G	A	16891	907	35	1	0	34	5.91996e-05	16892	0.999992	FALSE	NA	NA	NA	NA	NA	NA
NC_045512.2	7134	T	C	16769	818	35	3	1	42	0.00017887	16772	0.312511	FALSE	NA	NA	NA	NA	NA	NA
NC_045512.2	7136	T	C	17059	935	35	7	0	34	0.000410172	17066	0.9887	FALSE	NA	NA	NA	NA	NA	NA
NC_045512.2	7138	T	C	17531	942	35	3	1	34	0.000171086	17535	0.999799	FALSE	NA	NA	NA	NA	NA	NA
NC_045512.2	7138	T	A	17531	942	35	1	0	34	5.70288e-05	17535	0.999996	FALSE	NA	NA	NA	NA	NA	NA
NC_045512.2	7139	C	T	17501	970	35	1	0	34	5.71363e-05	17502	0.999996	FALSE	NA	NA	NA	NA	NA	NA
NC_045512.2	7139	C	-T	17501	970	35	1	0	20	5.71363e-05	17502	1	FALSE	NA	NA	NA	NA	NA	NA
NC_045512.2	7140	T	C	17537	967	35	2	0	30	0.000114032	17539	0.999962	FALSE	NA	NA	NA	NA	NA	NA
NC_045512.2	7141	T	G	17612	1042	35	1	0	34	5.6773e-05	17614	0.999996	FALSE	NA	NA	NA	NA	NA	NA
NC_045512.2	7141	T	C	17612	1042	35	1	0	34	5.6773e-05	17614	0.999996	FALSE	NA	NA	NA	NA	NA	NA
NC_045512.2	7143	G	A	17701	1043	35	1	0	34	5.64908e-05	17702	0.999996	FALSE	NA	NA	NA	NA	NA	NA
NC_045512.2	7144	T	G	17784	1217	36	1	0	34	5.62272e-05	17785	0.999996	FALSE	NA	NA	NA	NA	NA	NA
NC_045512.2	7147	T	C	18870	1250	36	2	0	34	0.000105977	18872	0.99998	FALSE	NA	NA	NA	NA	NA	NA
NC_045512.2	7148	T	C	18899	1273	36	1	0	34	5.29101e-05	18900	0.999998	FALSE	NA	NA	NA	NA	NA	NA
NC_045512.2	7149	T	C	18943	1390	36	1	0	34	5.27872e-05	18944	0.999998	FALSE	NA	NA	NA	NA	NA	NA
NC_045512.2	7150	A	T	18997	1388	36	1	0	34	5.26288e-05	19001	0.999999	FALSE	NA	NA	NA	NA	NA	NA
NC_045512.2	7150	A	G	18997	1388	36	3	0	34	0.000157886	19001	0.99994	FALSE	NA	NA	NA	NA	NA	NA
NC_045512.2	7152	A	G	18754	1432	36	1	0	26	5.33191e-05	18755	1	FALSE	NA	NA	NA	NA	NA	NA
NC_045512.2	7153	T	C	19437	1464	36	3	0	34	0.000154321	19440	0.99994	FALSE	NA	NA	NA	NA	NA	NA
NC_045512.2	7154	T	C	19538	1543	36	2	0	34	0.000102349	19541	0.99999	FALSE	NA	NA	NA	NA	NA	NA
NC_045512.2	7154	T	A	19538	1543	36	1	0	26	5.11745e-05	19541	1	FALSE	NA	NA	NA	NA	NA	NA
NC_045512.2	7155	C	A	19692	1567	36	2	0	34	0.000101554	19694	0.99999	FALSE	NA	NA	NA	NA	NA	NA
NC_045512.2	7156	T	C	19808	1563	36	4	1	34	0.000201877	19814	0.999757	FALSE	NA	NA	NA	NA	NA	NA
NC_045512.2	7156	T	A	19808	1563	36	2	0	30	0.000100939	19814	0.99999	FALSE	NA	NA	NA	NA	NA	NA
NC_045512.2	7157	T	C	19884	1568	36	3	0	34	0.000150845	19888	0.99994	FALSE	NA	NA	NA	NA	NA	NA
NC_045512.2	7157	T	A	19884	1568	36	1	0	34	5.02816e-05	19888	0.999999	FALSE	NA	NA	NA	NA	NA	NA
NC_045512.2	7158	T	A	19865	1571	36	1	0	34	5.03373e-05	19866	0.999999	FALSE	NA	NA	NA	NA	NA	NA
NC_045512.2	7159	A	G	19936	1572	36	1	0	34	5.0158e-05	19937	0.999999	FALSE	NA	NA	NA	NA	NA	NA
NC_045512.2	7161	A	T	19412	1651	35	1	1	68	5.15066e-05	19415	0.499987	FALSE	NA	NA	NA	NA	NA	NA
NC_045512.2	7161	A	G	19412	1651	35	2	0	34	0.000103013	19415	0.99999	FALSE	NA	NA	NA	NA	NA	NA
NC_045512.2	7162	C	T	20381	2009	37	1	0	34	4.90557e-05	20385	1	FALSE	NA	NA	NA	NA	NA	NA
NC_045512.2	7162	C	G	20381	2009	37	3	0	31	0.000147167	20385	0.999967	FALSE	NA	NA	NA	NA	NA	NA
NC_045512.2	7163	A	G	20369	2016	37	5	0	40	0.000245411	20374	0.226562	FALSE	NA	NA	NA	NA	NA	NA
NC_045512.2	7164	C	T	20577	2021	37	1	0	24	4.85932e-05	20579	1	FALSE	NA	NA	NA	NA	NA	NA
NC_045512.2	7164	C	A	20577	2021	37	1	0	34	4.85932e-05	20579	1	FALSE	NA	NA	NA	NA	NA	NA
NC_045512.2	7165	C	A	20609	2118	37	1	0	34	4.85201e-05	20610	1	FALSE	NA	NA	NA	NA	NA	NA
NC_045512.2	7166	T	G	20621	2113	37	2	0	34	9.69509e-05	20629	0.999995	FALSE	NA	NA	NA	NA	NA	NA
NC_045512.2	7166	T	C	20621	2113	37	5	0	34	0.000242377	20629	0.999546	FALSE	NA	NA	NA	NA	NA	NA
NC_045512.2	7166	T	A	20621	2113	37	1	1	68	4.84754e-05	20629	0.499927	FALSE	NA	NA	NA	NA	NA	NA
NC_045512.2	7168	T	-C	20677	2147	37	1	0	20	4.83629e-05	20677	1	FALSE	NA	NA	NA	NA	NA	NA
NC_045512.2	7170	C	A	19145	2317	37	1	0	34	5.22302e-05	19146	0.999999	FALSE	NA	NA	NA	NA	NA	NA
NC_045512.2	7171	T	C	19103	2268	37	2	1	29	0.000104679	19106	1	FALSE	NA	NA	NA	NA	NA	NA
NC_045512.2	7171	T	A	19103	2268	37	1	0	34	5.23396e-05	19106	0.999999	FALSE	NA	NA	NA	NA	NA	NA
NC_045512.2	7172	T	C	19057	2234	37	4	1	42	0.000209853	19061	0.1875	FALSE	NA	NA	NA	NA	NA	NA
NC_045512.2	7173	C	T	18433	2298	37	2	0	34	0.000108489	18435	0.99998	FALSE	NA	NA	NA	NA	NA	NA
NC_045512.2	7174	T	C	18473	2322	37	1	0	34	5.41301e-05	18474	0.999998	FALSE	NA	NA	NA	NA	NA	NA
NC_045512.2	7175	T	C	18463	2339	37	1	0	68	5.41594e-05	18464	0.500014	FALSE	NA	NA	NA	NA	NA	NA
NC_045512.2	7176	T	A	18411	2339	37	1	0	26	5.43124e-05	18412	1	FALSE	NA	NA	NA	NA	NA	NA
NC_045512.2	7177	A	G	18471	2333	37	1	0	34	5.4136e-05	18472	0.999998	FALSE	NA	NA	NA	NA	NA	NA
NC_045512.2	7178	G	C	18415	2326	37	1	0	34	5.43006e-05	18416	0.999998	FALSE	NA	NA	NA	NA	NA	NA
NC_045512.2	7180	A	G	18428	2436	38	2	0	26	0.000108519	18430	1	FALSE	NA	NA	NA	NA	NA	NA
NC_045512.2	7181	A	G	18359	2582	38	3	0	31	0.000163381	18362	0.99989	FALSE	NA	NA	NA	NA	NA	NA
NC_045512.2	7182	C	A	16399	2860	37	1	0	24	6.09756e-05	16400	1	FALSE	NA	NA	NA	NA	NA	NA
NC_045512.2	7183	T	G	16420	2894	37	1	1	34	6.08791e-05	16426	0.999992	FALSE	NA	NA	NA	NA	NA	NA
NC_045512.2	7183	T	C	16420	2894	37	5	0	34	0.000304395	16426	0.99641	FALSE	NA	NA	NA	NA	NA	NA
NC_045512.2	7184	A	G	16574	2947	38	4	1	34	0.000241284	16578	0.998716	FALSE	NA	NA	NA	NA	NA	NA
NC_045512.2	7185	T	A	16552	2951	38	1	0	34	6.0412e-05	16553	0.999992	FALSE	NA	NA	NA	NA	NA	NA
NC_045512.2	7189	A	G	16568	3088	38	9	0	30	0.000542921	16577	0.946207	FALSE	NA	NA	NA	NA	NA	NA
NC_045512.2	7191	T	A	16253	3114	38	1	0	34	6.15233e-05	16254	0.999992	FALSE	NA	NA	NA	NA	NA	NA
NC_045512.2	7192	T	G	16257	3287	38	1	0	34	6.15082e-05	16258	0.999992	FALSE	NA	NA	NA	NA	NA	NA
NC_045512.2	7193	A	G	16366	3316	38	2	0	34	0.00012219	16368	0.999928	FALSE	NA	NA	NA	NA	NA	NA
NC_045512.2	7194	C	T	16321	3376	38	1	1	38	6.12595e-05	16324	0.999992	FALSE	NA	NA	NA	NA	NA	NA
NC_045512.2	7194	C	G	16321	3376	38	2	0	26	0.000122519	16324	1	FALSE	NA	NA	NA	NA	NA	NA
NC_045512.2	7197	T	C	16103	3535	38	2	1	34	0.000124185	16105	0.999928	FALSE	NA	NA	NA	NA	NA	NA
NC_045512.2	7198	T	C	15931	3595	38	1	0	26	6.27668e-05	15932	1	FALSE	NA	NA	NA	NA	NA	NA
NC_045512.2	7202	T	G	16011	3986	38	3	0	34	0.000187313	16016	0.999637	FALSE	NA	NA	NA	NA	NA	NA
NC_045512.2	7202	T	C	16011	3986	38	2	2	51	0.000124875	16016	0.249961	FALSE	NA	NA	NA	NA	NA	NA
NC_045512.2	7203	C	T	15623	4112	38	1	0	34	6.40041e-05	15624	0.999985	FALSE	NA	NA	NA	NA	NA	NA
NC_045512.2	7203	C	+T	15623	4112	38	1	0	20	6.40041e-05	15624	1	FALSE	NA	NA	NA	NA	NA	NA
NC_045512.2	7204	T	C	15638	4117	38	7	1	46	0.000447399	15646	0.0351388	FALSE	NA	NA	NA	NA	NA	NA
NC_045512.2	7204	T	A	15638	4117	38	1	0	34	6.39141e-05	15646	0.999985	FALSE	NA	NA	NA	NA	NA	NA
NC_045512.2	7207	T	A	14340	4342	38	1	0	34	6.97301e-05	14341	0.99997	FALSE	NA	NA	NA	NA	NA	NA
NC_045512.2	7210	A	G	13844	4434	37	1	0	34	7.22178e-05	13847	0.999939	FALSE	NA	NA	NA	NA	NA	NA
NC_045512.2	7210	A	C	13844	4434	37	2	1	29	0.000144436	13847	1	FALSE	NA	NA	NA	NA	NA	NA
NC_045512.2	7212	G	A	13081	4485	38	2	0	34	0.00015287	13083	0.999513	FALSE	NA	NA	NA	NA	NA	NA
NC_045512.2	7213	G	T	13540	4589	38	1	0	34	7.38334e-05	13544	0.999939	FALSE	NA	NA	NA	NA	NA	NA
NC_045512.2	7213	G	C	13540	4589	38	1	1	34	7.38334e-05	13544	0.999939	FALSE	NA	NA	NA	NA	NA	NA
NC_045512.2	7213	G	A	13540	4589	38	2	0	51	0.000147667	13544	0.249972	FALSE	NA	NA	NA	NA	NA	NA
NC_045512.2	7214	G	C	13563	4588	38	4	4	34	0.000294746	13571	0.993642	FALSE	NA	NA	NA	NA	NA	NA
NC_045512.2	7214	G	A	13563	4588	38	4	0	34	0.000294746	13571	0.993642	FALSE	NA	NA	NA	NA	NA	NA
NC_045512.2	7215	A	T	13742	4635	38	1	0	24	7.27643e-05	13743	1	FALSE	NA	NA	NA	NA	NA	NA
NC_045512.2	7215	A	-T	13742	4635	38	1	0	20	7.27643e-05	13743	1	FALSE	NA	NA	NA	NA	NA	NA
NC_045512.2	7216	T	G	13112	4727	38	1	0	34	7.62602e-05	13113	0.999939	FALSE	NA	NA	NA	NA	NA	NA
NC_045512.2	7217	T	G	11208	4916	37	1	0	26	8.91822e-05	11213	1	FALSE	NA	NA	NA	NA	NA	NA
NC_045512.2	7217	T	C	11208	4916	37	3	0	56	0.000267547	11213	0.124967	FALSE	NA	NA	NA	NA	NA	NA
NC_045512.2	7217	T	A	11208	4916	37	1	1	34	8.91822e-05	11213	0.999756	FALSE	NA	NA	NA	NA	NA	NA
NC_045512.2	7218	T	C	11212	4974	37	1	0	34	8.91822e-05	11213	0.999757	FALSE	NA	NA	NA	NA	NA	NA
NC_045512.2	7219	A	G	11172	4938	37	1	0	68	8.95015e-05	11173	0.500022	FALSE	NA	NA	NA	NA	NA	NA
NC_045512.2	7220	A	T	11140	4967	37	1	0	34	8.97585e-05	11141	0.999757	FALSE	NA	NA	NA	NA	NA	NA
NC_045512.2	7222	T	C	10261	4764	36	4	1	34	0.000389674	10265	0.971367	FALSE	NA	NA	NA	NA	NA	NA
NC_045512.2	7223	G	T	10384	4746	36	1	0	34	9.61816e-05	10397	0.99951	FALSE	NA	NA	NA	NA	NA	NA
NC_045512.2	7223	G	A	10384	4746	36	12	8	34	0.00115418	10397	0.415861	FALSE	NA	NA	NA	NA	NA	NA
NC_045512.2	7224	C	G	10048	4775	36	1	0	27	9.95124e-05	10049	1	FALSE	NA	NA	NA	NA	NA	NA
NC_045512.2	7225	T	G	10099	4762	36	1	1	24	9.90099e-05	10100	1	FALSE	NA	NA	NA	NA	NA	NA
NC_045512.2	7228	T	C	10098	4804	36	2	1	34	0.00019802	10100	0.996835	FALSE	NA	NA	NA	NA	NA	NA
NC_045512.2	7229	G	A	10042	4792	36	1	0	34	9.95718e-05	10043	0.999513	FALSE	NA	NA	NA	NA	NA	NA
NC_045512.2	7230	G	T	10122	4889	36	3	2	42	0.000296267	10126	0.312481	FALSE	NA	NA	NA	NA	NA	NA
NC_045512.2	7230	G	C	10122	4889	36	1	0	34	9.87557e-05	10126	0.999513	FALSE	NA	NA	NA	NA	NA	NA
NC_045512.2	7231	C	T	9997	5230	36	12	6	42	0.0011988	10010	0.00170423	TRUE	NA	NA	NA	NA	NA	NA
NC_045512.2	7231	C	G	9997	5230	36	1	1	24	9.99001e-05	10010	1	FALSE	NA	NA	NA	NA	NA	NA
NC_045512.2	7232	T	G	9779	5021	36	1	0	34	0.000102249	9780	0.999026	FALSE	NA	NA	NA	NA	NA	NA
NC_045512.2	7233	T	G	9880	5029	36	1	0	34	0.000101184	9883	0.999025	FALSE	NA	NA	NA	NA	NA	NA
NC_045512.2	7233	T	C	9880	5029	36	2	1	34	0.000202368	9883	0.994151	FALSE	NA	NA	NA	NA	NA	NA
NC_045512.2	7236	T	G	10116	5183	36	1	0	34	9.88142e-05	10120	0.999513	FALSE	NA	NA	NA	NA	NA	NA
NC_045512.2	7236	T	C	10116	5183	36	2	2	34	0.000197628	10120	0.996832	FALSE	NA	NA	NA	NA	NA	NA
NC_045512.2	7236	T	A	10116	5183	36	1	0	34	9.88142e-05	10120	0.999513	FALSE	NA	NA	NA	NA	NA	NA
NC_045512.2	7237	T	G	10011	5211	36	1	0	68	9.98702e-05	10013	0.5	FALSE	NA	NA	NA	NA	NA	NA
NC_045512.2	7237	T	C	10011	5211	36	1	0	34	9.98702e-05	10013	0.999513	FALSE	NA	NA	NA	NA	NA	NA
NC_045512.2	7239	C	T	9573	5224	36	1	0	34	0.00010445	9574	0.999026	FALSE	NA	NA	NA	NA	NA	NA
NC_045512.2	7240	A	T	9589	5220	36	1	0	34	0.000104264	9591	0.999026	FALSE	NA	NA	NA	NA	NA	NA
NC_045512.2	7240	A	C	9589	5220	36	1	1	34	0.000104264	9591	0.999026	FALSE	NA	NA	NA	NA	NA	NA
NC_045512.2	7242	A	G	9669	5284	36	1	0	34	0.000103413	9670	0.999026	FALSE	NA	NA	NA	NA	NA	NA
NC_045512.2	7243	G	A	9788	5284	36	2	0	30	0.00020429	9790	0.994154	FALSE	NA	NA	NA	NA	NA	NA
NC_045512.2	7245	G	A	9527	5101	36	1	0	34	0.000104954	9528	0.999026	FALSE	NA	NA	NA	NA	NA	NA
NC_045512.2	7246	G	-T	8889	5269	35	12	0	20	0.00134998	8889	1	FALSE	NA	NA	NA	NA	NA	NA
NC_045512.2	7248	T	C	8394	5303	34	1	0	34	0.000119119	8395	0.998052	FALSE	NA	NA	NA	NA	NA	NA
NC_045512.2	7251	T	C	8779	5289	35	3	3	34	0.000341608	8782	0.96734	FALSE	NA	NA	NA	NA	NA	NA
NC_045512.2	7253	G	C	8440	5242	35	2	2	34	0.000236911	8442	0.989281	FALSE	NA	NA	NA	NA	NA	NA
NC_045512.2	7254	C	T	8297	5219	34	3	3	31	0.000361446	8300	0.967343	FALSE	NA	NA	NA	NA	NA	NA
NC_045512.2	7255	A	G	8191	5205	34	1	1	34	0.00012207	8192	0.998052	FALSE	NA	NA	NA	NA	NA	NA
NC_045512.2	7257	A	T	8133	5489	34	1	0	26	0.000122941	8134	1	FALSE	NA	NA	NA	NA	NA	NA
NC_045512.2	7260	T	C	8553	5516	35	1	1	34	0.000116904	8554	0.998052	FALSE	NA	NA	NA	NA	NA	NA
NC_045512.2	7261	T	C	8699	5646	35	7	6	34	0.000804043	8706	0.696539	FALSE	NA	NA	NA	NA	NA	NA
NC_045512.2	7262	C	A	7855	5819	34	1	0	26	0.000127291	7856	1	FALSE	NA	NA	NA	NA	NA	NA
NC_045512.2	7263	T	C	8070	5430	35	1	1	34	0.0001239	8071	0.998052	FALSE	NA	NA	NA	NA	NA	NA
NC_045512.2	7268	A	T	7974	5357	35	1	1	34	0.000125392	7975	0.996103	FALSE	NA	NA	NA	NA	NA	NA
NC_045512.2	7270	T	C	7690	5414	34	1	1	34	0.000130022	7691	0.996103	FALSE	NA	NA	NA	NA	NA	NA
NC_045512.2	7271	A	T	8073	5398	35	1	0	26	0.000123854	8074	1	FALSE	NA	NA	NA	NA	NA	NA
NC_045512.2	7272	G	A	7769	5367	34	1	0	34	0.0001287	7770	0.996103	FALSE	NA	NA	NA	NA	NA	NA
NC_045512.2	7273	G	A	8359	5514	35	1	1	34	0.000119617	8360	0.998052	FALSE	NA	NA	NA	NA	NA	NA
NC_045512.2	7273	G	-T	8359	5514	35	2	0	20	0.000239234	8360	1	FALSE	NA	NA	NA	NA	NA	NA
NC_045512.2	7273	G	+T	8359	5514	35	1	0	20	0.000119617	8360	1	FALSE	NA	NA	NA	NA	NA	NA
NC_045512.2	7274	T	C	8102	5351	34	1	1	34	0.000123411	8103	0.99805	FALSE	NA	NA	NA	NA	NA	NA
NC_045512.2	7275	T	C	8427	5634	35	1	1	34	0.000118652	8428	0.998052	FALSE	NA	NA	NA	NA	NA	NA
NC_045512.2	7276	T	A	8610	5814	35	1	0	26	0.000116131	8611	1	FALSE	NA	NA	NA	NA	NA	NA
NC_045512.2	7277	T	C	8893	6108	35	1	0	34	0.000112435	8894	0.998052	FALSE	NA	NA	NA	NA	NA	NA
NC_045512.2	7278	T	C	8927	6100	35	1	0	34	0.000112007	8928	0.998052	FALSE	NA	NA	NA	NA	NA	NA
NC_045512.2	7279	C	A	8305	6117	34	2	1	30	0.000240761	8307	0.989282	FALSE	NA	NA	NA	NA	NA	NA
NC_045512.2	7280	T	C	8575	5940	34	1	0	34	0.000116604	8576	0.998052	FALSE	NA	NA	NA	NA	NA	NA
NC_045512.2	7282	T	C	8604	6121	35	1	1	34	0.000116212	8605	0.998052	FALSE	NA	NA	NA	NA	NA	NA
NC_045512.2	7284	T	C	8914	6277	35	4	1	54	0.000448531	8918	0.062493	FALSE	NA	NA	NA	NA	NA	NA
NC_045512.2	7285	A	G	9003	6420	35	1	0	34	0.000111062	9004	0.999026	FALSE	NA	NA	NA	NA	NA	NA
NC_045512.2	7288	T	C	10034	7499	35	3	3	34	0.000298894	10037	0.988796	FALSE	NA	NA	NA	NA	NA	NA
NC_045512.2	7289	G	C	9961	7515	35	1	1	26	0.000100381	9962	1	FALSE	NA	NA	NA	NA	NA	NA
NC_045512.2	7291	A	G	10071	7546	35	1	1	34	9.92359e-05	10077	0.999512	FALSE	NA	NA	NA	NA	NA	NA
NC_045512.2	7291	A	C	10071	7546	35	5	5	34	0.000496179	10077	0.940834	FALSE	NA	NA	NA	NA	NA	NA
NC_045512.2	7292	T	G	9723	7226	35	1	0	26	0.000102817	9726	1	FALSE	NA	NA	NA	NA	NA	NA
NC_045512.2	7292	T	C	9723	7226	35	2	2	34	0.000205634	9726	0.994152	FALSE	NA	NA	NA	NA	NA	NA
NC_045512.2	7294	G	A	9632	7080	35	1	0	26	0.00010381	9633	1	FALSE	NA	NA	NA	NA	NA	NA
NC_045512.2	7295	G	T	9735	7039	35	1	0	68	0.000102575	9749	0.499692	FALSE	NA	NA	NA	NA	NA	NA
NC_045512.2	7295	G	A	9735	7039	35	13	10	36	0.00133347	9749	0.261615	FALSE	NA	NA	NA	NA	NA	NA
NC_045512.2	7296	C	T	9938	7265	35	1	0	34	0.000100614	9939	0.999026	FALSE	NA	NA	NA	NA	NA	NA
NC_045512.2	7297	T	C	9711	7080	35	1	1	34	0.000102965	9712	0.999026	FALSE	NA	NA	NA	NA	NA	NA
NC_045512.2	7298	G	C	9689	7028	35	1	1	34	0.000103189	9691	0.999026	FALSE	NA	NA	NA	NA	NA	NA
NC_045512.2	7298	G	A	9689	7028	35	1	1	68	0.000103189	9691	0.5	FALSE	NA	NA	NA	NA	NA	NA
NC_045512.2	7299	C	T	9724	7054	35	1	0	34	0.000102828	9725	0.999026	FALSE	NA	NA	NA	NA	NA	NA
NC_045512.2	7300	A	G	9781	7062	35	1	1	34	0.000102218	9783	0.999026	FALSE	NA	NA	NA	NA	NA	NA
NC_045512.2	7300	A	C	9781	7062	35	1	1	34	0.000102218	9783	0.999026	FALSE	NA	NA	NA	NA	NA	NA
NC_045512.2	7301	A	G	10105	7401	36	3	3	30	0.000296795	10108	0.988795	FALSE	NA	NA	NA	NA	NA	NA
NC_045512.2	7302	T	C	9970	7408	35	1	0	34	0.000100281	9972	0.999026	FALSE	NA	NA	NA	NA	NA	NA
NC_045512.2	7302	T	A	9970	7408	35	1	1	24	0.000100281	9972	1	FALSE	NA	NA	NA	NA	NA	NA
NC_045512.2	7303	C	T	9528	6941	35	1	0	34	0.000104943	9529	0.999026	FALSE	NA	NA	NA	NA	NA	NA
NC_045512.2	7305	T	C	9559	6934	36	7	7	32	0.000731758	9566	0.772911	FALSE	NA	NA	NA	NA	NA	NA
NC_045512.2	7306	G	C	9536	6897	35	1	1	26	0.000104855	9537	1	FALSE	NA	NA	NA	NA	NA	NA
NC_045512.2	7307	C	A	9814	7189	36	1	1	34	0.000101885	9815	0.999026	FALSE	NA	NA	NA	NA	NA	NA
NC_045512.2	7308	A	G	9955	7366	36	2	1	34	0.000200844	9958	0.994151	FALSE	NA	NA	NA	NA	NA	NA
NC_045512.2	7308	A	C	9955	7366	36	1	1	34	0.000100422	9958	0.999025	FALSE	NA	NA	NA	NA	NA	NA
NC_045512.2	7312	G	T	10020	7404	36	2	1	30	0.000199561	10022	0.996835	FALSE	NA	NA	NA	NA	NA	NA
NC_045512.2	7312	G	-T	10020	7404	36	1	0	20	9.97805e-05	10022	1	FALSE	NA	NA	NA	NA	NA	NA
NC_045512.2	7315	T	C	11820	9583	36	4	4	34	0.000338295	11824	0.982457	FALSE	NA	NA	NA	NA	NA	NA
NC_045512.2	7316	T	G	11745	9631	36	2	2	30	0.000170256	11747	0.998296	FALSE	NA	NA	NA	NA	NA	NA
NC_045512.2	7318	C	A	11716	9710	35	1	1	34	8.53461e-05	11717	0.999757	FALSE	NA	NA	NA	NA	NA	NA
NC_045512.2	7319	A	G	11784	9689	36	14	14	34	0.00118664	11798	0.345019	FALSE	NA	NA	NA	NA	NA	NA
NC_045512.2	7320	G	C	11692	9606	35	1	1	34	8.55139e-05	11694	0.999757	FALSE	NA	NA	NA	NA	NA	NA
NC_045512.2	7320	G	A	11692	9606	35	1	1	34	8.55139e-05	11694	0.999757	FALSE	NA	NA	NA	NA	NA	NA
NC_045512.2	7322	T	C	12928	10889	36	1	1	68	7.73455e-05	12929	0.500019	FALSE	NA	NA	NA	NA	NA	NA
NC_045512.2	7323	A	G	13887	11818	36	1	1	34	7.20046e-05	13888	0.999939	FALSE	NA	NA	NA	NA	NA	NA
NC_045512.2	7323	A	-T	13887	11818	36	1	0	20	7.20046e-05	13888	1	FALSE	NA	NA	NA	NA	NA	NA
NC_045512.2	7324	T	C	14059	12085	36	3	3	34	0.000213341	14062	0.998828	FALSE	NA	NA	NA	NA	NA	NA
NC_045512.2	7326	T	C	14245	12247	36	1	1	34	7.01951e-05	14246	0.99997	FALSE	NA	NA	NA	NA	NA	NA
NC_045512.2	7327	T	C	14246	12249	36	3	3	34	0.000210541	14249	0.998829	FALSE	NA	NA	NA	NA	NA	NA
NC_045512.2	7328	G	A	14147	12177	36	2	0	34	0.000141353	14149	0.999742	FALSE	NA	NA	NA	NA	NA	NA
NC_045512.2	7330	A	G	14178	12206	36	5	3	44	0.00035251	14184	0.10935	FALSE	NA	NA	NA	NA	NA	NA
NC_045512.2	7330	A	C	14178	12206	36	1	1	34	7.0502e-05	14184	0.99997	FALSE	NA	NA	NA	NA	NA	NA
NC_045512.2	7331	G	C	14139	12144	36	1	1	34	7.07214e-05	14140	0.99997	FALSE	NA	NA	NA	NA	NA	NA
NC_045512.2	7332	T	C	14155	12156	36	1	1	34	7.06414e-05	14156	0.99997	FALSE	NA	NA	NA	NA	NA	NA
NC_045512.2	7333	A	G	14005	11994	36	2	2	34	0.000142786	14007	0.999742	FALSE	NA	NA	NA	NA	NA	NA
NC_045512.2	7335	A	G	13966	12007	36	2	2	34	0.000143184	13968	0.999513	FALSE	NA	NA	NA	NA	NA	NA
NC_045512.2	7336	T	C	13990	12151	36	1	1	26	7.14694e-05	13992	1	FALSE	NA	NA	NA	NA	NA	NA
NC_045512.2	7336	T	A	13990	12151	36	1	1	34	7.14694e-05	13992	0.999939	FALSE	NA	NA	NA	NA	NA	NA
NC_045512.2	7337	T	C	13629	11785	34	1	1	34	7.33676e-05	13630	0.999939	FALSE	NA	NA	NA	NA	NA	NA
NC_045512.2	7339	T	C	14222	12405	35	1	1	34	7.03087e-05	14223	0.99997	FALSE	NA	NA	NA	NA	NA	NA
NC_045512.2	7341	T	C	15807	14089	35	1	1	34	6.32591e-05	15808	0.999985	FALSE	NA	NA	NA	NA	NA	NA
NC_045512.2	7342	T	C	15973	14332	36	2	2	34	0.000125196	15975	0.999863	FALSE	NA	NA	NA	NA	NA	NA
NC_045512.2	7342	T	-A	15973	14332	36	1	0	20	6.25978e-05	15975	1	FALSE	NA	NA	NA	NA	NA	NA
NC_045512.2	7343	A	G	15855	14212	36	1	1	34	6.30676e-05	15856	0.999985	FALSE	NA	NA	NA	NA	NA	NA
NC_045512.2	7344	G	T	15817	14189	36	1	1	34	6.32111e-05	15820	0.999985	FALSE	NA	NA	NA	NA	NA	NA
NC_045512.2	7344	G	A	15817	14189	36	2	2	34	0.000126422	15820	0.999863	FALSE	NA	NA	NA	NA	NA	NA
NC_045512.2	7345	T	C	16054	14454	36	3	3	34	0.000186834	16057	0.999637	FALSE	NA	NA	NA	NA	NA	NA
NC_045512.2	7346	A	G	15986	14429	36	1	1	34	6.25508e-05	15987	0.999985	FALSE	NA	NA	NA	NA	NA	NA
NC_045512.2	7347	A	G	16033	14504	36	1	1	34	6.23675e-05	16034	0.999992	FALSE	NA	NA	NA	NA	NA	NA
NC_045512.2	7348	T	C	16352	14798	36	1	1	68	6.11509e-05	16353	0.500015	FALSE	NA	NA	NA	NA	NA	NA
NC_045512.2	7349	T	C	15908	14353	35	1	1	34	6.28575e-05	15909	0.999985	FALSE	NA	NA	NA	NA	NA	NA
NC_045512.2	7351	T	C	16463	14953	36	3	2	34	0.000182183	16467	0.999637	FALSE	NA	NA	NA	NA	NA	NA
NC_045512.2	7351	T	A	16463	14953	36	1	1	34	6.07275e-05	16467	0.999992	FALSE	NA	NA	NA	NA	NA	NA
NC_045512.2	7352	T	C	16953	15441	36	2	2	34	0.000117959	16955	0.999928	FALSE	NA	NA	NA	NA	NA	NA
NC_045512.2	7353	G	T	16920	15403	36	1	1	26	5.90947e-05	16922	1	FALSE	NA	NA	NA	NA	NA	NA
NC_045512.2	7353	G	A	16920	15403	36	1	0	34	5.90947e-05	16922	0.999992	FALSE	NA	NA	NA	NA	NA	NA
NC_045512.2	7354	G	A	17028	15523	36	1	1	34	5.87234e-05	17029	0.999996	FALSE	NA	NA	NA	NA	NA	NA
NC_045512.2	7356	T	-TA	17848	16493	36	2047	0	20	0.114691	17848	0	TRUE	NA	NA	NA	NA	NA	NA
NC_045512.2	7357	T	C	18346	17230	36	5	4	39	0.000272465	18351	0.998891	FALSE	NA	NA	NA	NA	NA	NA
NC_045512.2	7358	A	T	18239	17208	36	3	3	34	0.000164294	18260	0.99991	FALSE	NA	NA	NA	NA	NA	NA
NC_045512.2	7358	A	G	18239	17208	36	18	2	34	0.000985761	18260	0.560876	FALSE	NA	NA	NA	NA	NA	NA
NC_045512.2	7360	G	C	20309	19152	36	1	1	34	4.92368e-05	20310	1	FALSE	NA	NA	NA	NA	NA	NA
NC_045512.2	7361	T	A	20288	19137	36	1	1	34	4.92878e-05	20289	1	FALSE	NA	NA	NA	NA	NA	NA
NC_045512.2	7361	T	-G	20288	19137	36	1	0	20	4.92878e-05	20289	1	FALSE	NA	NA	NA	NA	NA	NA
NC_045512.2	7362	G	A	19915	18772	35	1	0	68	5.02109e-05	19916	0.5	FALSE	NA	NA	NA	NA	NA	NA
NC_045512.2	7363	G	A	20032	18894	36	1	1	34	4.99176e-05	20033	1	FALSE	NA	NA	NA	NA	NA	NA
NC_045512.2	7364	T	C	17446	16313	34	3	3	34	0.00017193	17449	0.9998	FALSE	NA	NA	NA	NA	NA	NA
NC_045512.2	7365	T	C	19564	18434	36	5	5	34	0.000255506	19569	0.999231	FALSE	NA	NA	NA	NA	NA	NA
NC_045512.2	7366	A	G	19580	18453	36	6	5	39	0.000306341	19586	0.997968	FALSE	NA	NA	NA	NA	NA	NA
NC_045512.2	7367	A	T	19592	18478	36	1	1	34	5.10308e-05	19596	0.999999	FALSE	NA	NA	NA	NA	NA	NA
NC_045512.2	7367	A	G	19592	18478	36	3	3	34	0.000153092	19596	0.99994	FALSE	NA	NA	NA	NA	NA	NA
NC_045512.2	7368	T	C	19571	18465	36	3	3	34	0.000153265	19574	0.99994	FALSE	NA	NA	NA	NA	NA	NA
NC_045512.2	7369	A	T	19470	18381	35	1	1	34	5.13584e-05	19471	0.999999	FALSE	NA	NA	NA	NA	NA	NA
NC_045512.2	7370	A	G	19545	18444	36	1	1	34	5.11614e-05	19546	0.999999	FALSE	NA	NA	NA	NA	NA	NA
NC_045512.2	7371	T	C	19239	18139	35	1	1	34	5.19724e-05	19241	0.999999	FALSE	NA	NA	NA	NA	NA	NA
NC_045512.2	7371	T	A	19239	18139	35	1	1	34	5.19724e-05	19241	0.999999	FALSE	NA	NA	NA	NA	NA	NA
NC_045512.2	7372	T	C	19266	18229	35	3	3	34	0.00015569	19269	0.99994	FALSE	NA	NA	NA	NA	NA	NA
NC_045512.2	7373	A	T	19189	18151	35	1	1	34	5.20996e-05	19194	0.999999	FALSE	NA	NA	NA	NA	NA	NA
NC_045512.2	7373	A	G	19189	18151	35	3	3	45	0.000156299	19194	0.312471	FALSE	NA	NA	NA	NA	NA	NA
NC_045512.2	7373	A	C	19189	18151	35	1	1	26	5.20996e-05	19194	1	FALSE	NA	NA	NA	NA	NA	NA
NC_045512.2	7374	A	G	19254	18283	35	1	1	34	5.19346e-05	19255	0.999999	FALSE	NA	NA	NA	NA	NA	NA
NC_045512.2	7375	T	G	19003	18031	35	2	0	30	0.000105235	19005	0.99999	FALSE	NA	NA	NA	NA	NA	NA
NC_045512.2	7379	G	T	18487	17584	35	1	1	26	5.40833e-05	18490	1	FALSE	NA	NA	NA	NA	NA	NA
NC_045512.2	7379	G	A	18487	17584	35	2	2	34	0.000108167	18490	0.99998	FALSE	NA	NA	NA	NA	NA	NA
NC_045512.2	7380	T	A	18471	17576	35	3	3	34	0.00016239	18474	0.99989	FALSE	NA	NA	NA	NA	NA	NA
NC_045512.2	7383	A	C	17989	17139	35	1	1	34	5.55864e-05	17990	0.999996	FALSE	NA	NA	NA	NA	NA	NA
NC_045512.2	7384	A	G	17941	17185	35	1	1	34	5.57258e-05	17945	0.999996	FALSE	NA	NA	NA	NA	NA	NA
NC_045512.2	7384	A	C	17941	17185	35	3	3	31	0.000167177	17945	0.999799	FALSE	NA	NA	NA	NA	NA	NA
NC_045512.2	7385	A	G	17885	17162	35	1	0	34	5.59034e-05	17888	0.999996	FALSE	NA	NA	NA	NA	NA	NA
NC_045512.2	7385	A	C	17885	17162	35	2	2	34	0.000111807	17888	0.999962	FALSE	NA	NA	NA	NA	NA	NA
NC_045512.2	7385	A	+C	17885	17162	35	1	0	20	5.59034e-05	17888	1	FALSE	NA	NA	NA	NA	NA	NA
NC_045512.2	7387	G	T	16646	15966	35	1	1	34	6.00637e-05	16649	0.999992	FALSE	NA	NA	NA	NA	NA	NA
NC_045512.2	7387	G	A	16646	15966	35	2	2	34	0.000120127	16649	0.999928	FALSE	NA	NA	NA	NA	NA	NA
NC_045512.2	7388	G	A	16226	15556	35	3	2	35	0.000184854	16229	0.999637	FALSE	NA	NA	NA	NA	NA	NA
NC_045512.2	7389	C	T	16218	15567	35	11	11	34	0.000677799	16229	0.876237	FALSE	NA	NA	NA	NA	NA	NA
NC_045512.2	7392	C	T	16106	15475	35	1	1	34	6.20848e-05	16107	0.999992	FALSE	NA	NA	NA	NA	NA	NA
NC_045512.2	7394	A	G	16085	15459	35	1	1	34	6.21659e-05	16086	0.999992	FALSE	NA	NA	NA	NA	NA	NA
NC_045512.2	7395	T	C	16025	15499	34	1	1	34	6.23986e-05	16026	0.999992	FALSE	NA	NA	NA	NA	NA	NA
NC_045512.2	7397	T	C	15813	15314	34	2	2	34	0.000126462	15815	0.999863	FALSE	NA	NA	NA	NA	NA	NA
NC_045512.2	7401	C	T	15755	15296	34	1	1	34	6.34679e-05	15756	0.999985	FALSE	NA	NA	NA	NA	NA	NA
NC_045512.2	7402	T	C	15186	14730	34	3	2	45	0.000197511	15189	0.312512	FALSE	NA	NA	NA	NA	NA	NA
NC_045512.2	7403	A	G	15277	14820	34	1	1	26	6.54536e-05	15278	1	FALSE	NA	NA	NA	NA	NA	NA
NC_045512.2	7404	T	C	15259	14806	34	3	3	31	0.000196567	15262	0.999346	FALSE	NA	NA	NA	NA	NA	NA
NC_045512.2	7405	G	A	15175	14735	34	1	1	34	6.58935e-05	15176	0.999985	FALSE	NA	NA	NA	NA	NA	NA
NC_045512.2	7408	T	C	34464	15214	34	2	0	34	5.80265e-05	34467	1	FALSE	NA	NA	NA	NA	NA	NA
NC_045512.2	7408	T	A	34464	15214	34	1	0	34	2.90133e-05	34467	1	FALSE	NA	NA	NA	NA	NA	NA
NC_045512.2	7408	T	-A	34464	15214	34	1	0	20	2.90133e-05	34467	1	FALSE	NA	NA	NA	NA	NA	NA
NC_045512.2	7409	A	G	34399	14897	34	6	0	34	0.000174393	34405	0.999999	FALSE	NA	NA	NA	NA	NA	NA
NC_045512.2	7410	G	A	36790	14875	34	4	1	34	0.000108713	36794	1	FALSE	NA	NA	NA	NA	NA	NA
NC_045512.2	7411	A	T	35479	14922	32	4	3	34	0.000112727	35484	1	FALSE	NA	NA	NA	NA	NA	NA
NC_045512.2	7411	A	G	35479	14922	32	1	1	34	2.81817e-05	35484	1	FALSE	NA	NA	NA	NA	NA	NA
NC_045512.2	7412	A	G	39598	14947	34	1	0	34	2.52532e-05	39599	1	FALSE	NA	NA	NA	NA	NA	NA
NC_045512.2	7413	T	C	39144	14489	34	2	1	34	5.10869e-05	39149	1	FALSE	NA	NA	NA	NA	NA	NA
NC_045512.2	7413	T	A	39144	14489	34	3	0	28	7.66303e-05	39149	1	FALSE	NA	NA	NA	NA	NA	NA
NC_045512.2	7414	G	T	41079	13747	34	3	3	34	7.30229e-05	41083	1	FALSE	NA	NA	NA	NA	NA	NA
NC_045512.2	7414	G	A	41079	13747	34	1	0	34	2.4341e-05	41083	1	FALSE	NA	NA	NA	NA	NA	NA
NC_045512.2	7415	T	G	40013	12807	34	3	0	31	7.49494e-05	40027	1	FALSE	NA	NA	NA	NA	NA	NA
NC_045512.2	7415	T	C	40013	12807	34	9	3	34	0.000224848	40027	0.999999	FALSE	NA	NA	NA	NA	NA	NA
NC_045512.2	7415	T	A	40013	12807	34	2	0	26	4.99663e-05	40027	1	FALSE	NA	NA	NA	NA	NA	NA
NC_045512.2	7416	A	G	40190	12729	34	4	0	32	9.95173e-05	40194	1	FALSE	NA	NA	NA	NA	NA	NA
NC_045512.2	7417	C	T	40934	12739	34	8	2	34	0.000195394	40943	1	FALSE	NA	NA	NA	NA	NA	NA
NC_045512.2	7417	C	A	40934	12739	34	1	0	34	2.44242e-05	40943	1	FALSE	NA	NA	NA	NA	NA	NA
NC_045512.2	7418	A	T	40775	12752	34	1	0	26	2.45224e-05	40779	1	FALSE	NA	NA	NA	NA	NA	NA
NC_045512.2	7418	A	G	40775	12752	34	3	0	31	7.35673e-05	40779	1	FALSE	NA	NA	NA	NA	NA	NA
NC_045512.2	7419	T	C	40497	12049	34	4	0	32	9.87557e-05	40504	1	FALSE	NA	NA	NA	NA	NA	NA
NC_045512.2	7419	T	A	40497	12049	34	3	2	34	7.40668e-05	40504	1	FALSE	NA	NA	NA	NA	NA	NA
NC_045512.2	7420	C	T	40634	12099	34	2	2	34	4.92162e-05	40637	1	FALSE	NA	NA	NA	NA	NA	NA
NC_045512.2	7420	C	G	40634	12099	34	1	0	27	2.46081e-05	40637	1	FALSE	NA	NA	NA	NA	NA	NA
NC_045512.2	7421	T	C	39956	11385	35	4	2	31	0.000100098	39961	1	FALSE	NA	NA	NA	NA	NA	NA
NC_045512.2	7421	T	A	39956	11385	35	1	0	34	2.50244e-05	39961	1	FALSE	NA	NA	NA	NA	NA	NA
NC_045512.2	7422	T	G	40252	11084	34	1	0	34	2.48429e-05	40253	1	FALSE	NA	NA	NA	NA	NA	NA
NC_045512.2	7423	C	T	40558	11335	35	1	0	34	2.46542e-05	40561	1	FALSE	NA	NA	NA	NA	NA	NA
NC_045512.2	7423	C	G	40558	11335	35	1	0	26	2.46542e-05	40561	1	FALSE	NA	NA	NA	NA	NA	NA
NC_045512.2	7423	C	A	40558	11335	35	1	1	68	2.46542e-05	40561	0.499994	FALSE	NA	NA	NA	NA	NA	NA
NC_045512.2	7424	T	G	38887	9711	34	1	0	26	2.57116e-05	38893	1	FALSE	NA	NA	NA	NA	NA	NA
NC_045512.2	7424	T	C	38887	9711	34	4	1	34	0.000102846	38893	1	FALSE	NA	NA	NA	NA	NA	NA
NC_045512.2	7424	T	A	38887	9711	34	1	0	34	2.57116e-05	38893	1	FALSE	NA	NA	NA	NA	NA	NA
NC_045512.2	7425	T	G	39619	10362	35	1	1	34	2.5234e-05	39629	1	FALSE	NA	NA	NA	NA	NA	NA
NC_045512.2	7425	T	C	39619	10362	35	8	2	32	0.000201872	39629	0.999999	FALSE	NA	NA	NA	NA	NA	NA
NC_045512.2	7425	T	A	39619	10362	35	1	0	34	2.5234e-05	39629	1	FALSE	NA	NA	NA	NA	NA	NA
NC_045512.2	7426	T	C	39440	10187	35	5	1	34	0.000126759	39445	1	FALSE	NA	NA	NA	NA	NA	NA
NC_045512.2	7427	G	T	39576	10109	35	6	2	34	0.000151573	39585	1	FALSE	NA	NA	NA	NA	NA	NA
NC_045512.2	7427	G	C	39576	10109	35	1	1	34	2.52621e-05	39585	1	FALSE	NA	NA	NA	NA	NA	NA
NC_045512.2	7427	G	A	39576	10109	35	2	2	34	5.05242e-05	39585	1	FALSE	NA	NA	NA	NA	NA	NA
NC_045512.2	7427	G	-CAT	39576	10109	35	1	0	20	2.52621e-05	39585	1	FALSE	NA	NA	NA	NA	NA	NA
NC_045512.2	7428	C	T	39454	10144	35	4	0	34	0.000101374	39458	1	FALSE	NA	NA	NA	NA	NA	NA
NC_045512.2	7429	A	G	39523	10138	35	7	2	34	0.000177081	39530	1	FALSE	NA	NA	NA	NA	NA	NA
NC_045512.2	7430	T	G	40136	10111	35	1	0	26	2.49103e-05	40144	1	FALSE	NA	NA	NA	NA	NA	NA
NC_045512.2	7430	T	C	40136	10111	35	6	0	34	0.000149462	40144	1	FALSE	NA	NA	NA	NA	NA	NA
NC_045512.2	7430	T	A	40136	10111	35	1	0	34	2.49103e-05	40144	1	FALSE	NA	NA	NA	NA	NA	NA
NC_045512.2	7432	A	G	42916	9864	35	2	0	30	4.65994e-05	42919	1	FALSE	NA	NA	NA	NA	NA	NA
NC_045512.2	7432	A	C	42916	9864	35	1	1	26	2.32997e-05	42919	1	FALSE	NA	NA	NA	NA	NA	NA
NC_045512.2	7432	A	-T	42916	9864	35	10	0	20	0.000232997	42919	1	FALSE	NA	NA	NA	NA	NA	NA
NC_045512.2	7433	T	G	43246	9889	35	2	1	29	4.62374e-05	43255	1	FALSE	NA	NA	NA	NA	NA	NA
NC_045512.2	7433	T	C	43246	9889	35	1	0	34	2.31187e-05	43255	1	FALSE	NA	NA	NA	NA	NA	NA
NC_045512.2	7433	T	A	43246	9889	35	6	0	31	0.000138712	43255	1	FALSE	NA	NA	NA	NA	NA	NA
NC_045512.2	7434	T	G	42208	8743	34	1	1	26	2.36911e-05	42210	1	FALSE	NA	NA	NA	NA	NA	NA
NC_045512.2	7434	T	C	42208	8743	34	1	0	34	2.36911e-05	42210	1	FALSE	NA	NA	NA	NA	NA	NA
NC_045512.2	7435	T	C	43826	9915	35	2	0	34	4.56329e-05	43828	1	FALSE	NA	NA	NA	NA	NA	NA
NC_045512.2	7436	T	G	43753	9788	35	1	0	34	2.28551e-05	43754	1	FALSE	NA	NA	NA	NA	NA	NA
NC_045512.2	7437	A	T	35592	1532	35	2	0	34	5.61877e-05	35595	1	FALSE	NA	NA	NA	NA	NA	NA
NC_045512.2	7437	A	G	35592	1532	35	1	0	34	2.80938e-05	35595	1	FALSE	NA	NA	NA	NA	NA	NA
NC_045512.2	7438	T	G	35620	1537	35	2	0	34	5.61451e-05	35622	1	FALSE	NA	NA	NA	NA	NA	NA
NC_045512.2	7439	T	G	35607	1657	35	1	0	26	2.80804e-05	35612	1	FALSE	NA	NA	NA	NA	NA	NA
NC_045512.2	7439	T	C	35607	1657	35	3	2	32	8.42413e-05	35612	1	FALSE	NA	NA	NA	NA	NA	NA
NC_045512.2	7439	T	A	35607	1657	35	1	0	34	2.80804e-05	35612	1	FALSE	NA	NA	NA	NA	NA	NA
NC_045512.2	7440	A	G	35814	1677	35	2	0	34	5.5841e-05	35816	1	FALSE	NA	NA	NA	NA	NA	NA
NC_045512.2	7441	T	C	35945	1801	35	4	1	34	0.000111266	35950	1	FALSE	NA	NA	NA	NA	NA	NA
NC_045512.2	7441	T	A	35945	1801	35	1	0	34	2.78164e-05	35950	1	FALSE	NA	NA	NA	NA	NA	NA
NC_045512.2	7443	T	G	36644	1814	35	1	0	34	2.72859e-05	36649	1	FALSE	NA	NA	NA	NA	NA	NA
NC_045512.2	7443	T	C	36644	1814	35	4	0	34	0.000109143	36649	1	FALSE	NA	NA	NA	NA	NA	NA
NC_045512.2	7444	A	G	37027	1920	36	1	0	34	2.70066e-05	37028	1	FALSE	NA	NA	NA	NA	NA	NA
NC_045512.2	7445	T	C	37165	1932	36	2	0	47	5.38097e-05	37168	0.812508	FALSE	NA	NA	NA	NA	NA	NA
NC_045512.2	7445	T	A	37165	1932	36	1	0	26	2.69049e-05	37168	1	FALSE	NA	NA	NA	NA	NA	NA
NC_045512.2	7446	G	A	37092	1935	36	5	0	32	0.000134782	37097	1	FALSE	NA	NA	NA	NA	NA	NA
NC_045512.2	7447	G	A	37931	1974	36	1	0	26	2.6363e-05	37932	1	FALSE	NA	NA	NA	NA	NA	NA
NC_045512.2	7447	G	-A	37931	1974	36	5	0	20	0.000131815	37932	1	FALSE	NA	NA	NA	NA	NA	NA
NC_045512.2	7448	A	G	38094	2013	36	3	0	34	7.87464e-05	38097	1	FALSE	NA	NA	NA	NA	NA	NA
NC_045512.2	7449	A	T	38494	2134	36	1	0	34	2.59754e-05	38498	1	FALSE	NA	NA	NA	NA	NA	NA
NC_045512.2	7449	A	G	38494	2134	36	3	0	45	7.79261e-05	38498	0.656256	FALSE	NA	NA	NA	NA	NA	NA
NC_045512.2	7450	A	G	38888	2135	36	4	0	34	0.000102849	38892	1	FALSE	NA	NA	NA	NA	NA	NA
NC_045512.2	7451	A	G	39565	2147	36	4	0	42	0.000101074	39575	0.499931	FALSE	NA	NA	NA	NA	NA	NA
NC_045512.2	7451	A	C	39565	2147	36	6	0	34	0.000151611	39575	1	FALSE	NA	NA	NA	NA	NA	NA
NC_045512.2	7452	G	-T	42609	2170	36	1	0	20	2.34692e-05	42609	1	FALSE	NA	NA	NA	NA	NA	NA
NC_045512.2	7453	T	C	42548	2428	36	2	0	34	4.70024e-05	42551	1	FALSE	NA	NA	NA	NA	NA	NA
NC_045512.2	7453	T	A	42548	2428	36	1	0	26	2.35012e-05	42551	1	FALSE	NA	NA	NA	NA	NA	NA
NC_045512.2	7454	T	G	42556	2426	36	1	0	34	2.34924e-05	42567	1	FALSE	NA	NA	NA	NA	NA	NA
NC_045512.2	7454	T	C	42556	2426	36	9	4	36	0.000211431	42567	1	FALSE	NA	NA	NA	NA	NA	NA
NC_045512.2	7454	T	A	42556	2426	36	1	0	34	2.34924e-05	42567	1	FALSE	NA	NA	NA	NA	NA	NA
NC_045512.2	7455	A	T	42785	2436	36	2	0	34	4.67344e-05	42795	1	FALSE	NA	NA	NA	NA	NA	NA
NC_045512.2	7455	A	G	42785	2436	36	8	0	38	0.000186938	42795	1	FALSE	NA	NA	NA	NA	NA	NA
NC_045512.2	7456	T	A	43011	2439	36	2	0	34	4.64976e-05	43013	1	FALSE	NA	NA	NA	NA	NA	NA
NC_045512.2	7457	G	C	43160	2445	36	2	0	34	4.63317e-05	43167	1	FALSE	NA	NA	NA	NA	NA	NA
NC_045512.2	7457	G	A	43160	2445	36	5	0	34	0.000115829	43167	1	FALSE	NA	NA	NA	NA	NA	NA
NC_045512.2	7458	T	C	43273	2525	36	7	0	38	0.000161715	43286	1	FALSE	NA	NA	NA	NA	NA	NA
NC_045512.2	7458	T	A	43273	2525	36	6	0	32	0.000138613	43286	1	FALSE	NA	NA	NA	NA	NA	NA
NC_045512.2	7459	G	C	43639	2538	36	1	0	34	2.29085e-05	43652	1	FALSE	NA	NA	NA	NA	NA	NA
NC_045512.2	7459	G	A	43639	2538	36	12	0	32	0.000274901	43652	0.999996	FALSE	NA	NA	NA	NA	NA	NA
NC_045512.2	7460	C	T	43434	3165	37	2	0	34	4.60405e-05	43440	1	FALSE	NA	NA	NA	NA	NA	NA
NC_045512.2	7460	C	G	43434	3165	37	2	0	34	4.60405e-05	43440	1	FALSE	NA	NA	NA	NA	NA	NA
NC_045512.2	7460	C	A	43434	3165	37	2	0	30	4.60405e-05	43440	1	FALSE	NA	NA	NA	NA	NA	NA
NC_045512.2	7461	A	G	43912	3358	37	1	1	68	2.27707e-05	43916	0.499989	FALSE	NA	NA	NA	NA	NA	NA
NC_045512.2	7461	A	C	43912	3358	37	3	0	34	6.83122e-05	43916	1	FALSE	NA	NA	NA	NA	NA	NA
NC_045512.2	7462	T	G	44581	3373	37	1	0	34	2.24271e-05	44589	1	FALSE	NA	NA	NA	NA	NA	NA
NC_045512.2	7462	T	C	44581	3373	37	6	0	34	0.000134562	44589	1	FALSE	NA	NA	NA	NA	NA	NA
NC_045512.2	7462	T	A	44581	3373	37	1	1	24	2.24271e-05	44589	1	FALSE	NA	NA	NA	NA	NA	NA
NC_045512.2	7463	G	A	48478	3413	37	2	0	34	4.12541e-05	48480	1	FALSE	NA	NA	NA	NA	NA	NA
NC_045512.2	7464	T	G	49973	3496	37	1	0	34	2.00072e-05	49982	1	FALSE	NA	NA	NA	NA	NA	NA
NC_045512.2	7464	T	C	49973	3496	37	7	0	32	0.00014005	49982	1	FALSE	NA	NA	NA	NA	NA	NA
NC_045512.2	7464	T	A	49973	3496	37	1	0	26	2.00072e-05	49982	1	FALSE	NA	NA	NA	NA	NA	NA
NC_045512.2	7465	T	G	50165	3501	37	1	0	34	1.99287e-05	50179	1	FALSE	NA	NA	NA	NA	NA	NA
NC_045512.2	7465	T	C	50165	3501	37	8	2	45	0.000159429	50179	0.290452	FALSE	NA	NA	NA	NA	NA	NA
NC_045512.2	7465	T	A	50165	3501	37	5	0	34	9.96433e-05	50179	1	FALSE	NA	NA	NA	NA	NA	NA
NC_045512.2	7466	G	T	51526	3509	37	7	4	57	0.000135833	51534	0.00781091	TRUE	NA	NA	NA	NA	NA	NA
NC_045512.2	7466	G	A	51526	3509	37	1	0	34	1.94047e-05	51534	1	FALSE	NA	NA	NA	NA	NA	NA
NC_045512.2	7467	T	C	51496	3517	37	2	0	30	3.88357e-05	51499	1	FALSE	NA	NA	NA	NA	NA	NA
NC_045512.2	7467	T	A	51496	3517	37	1	0	26	1.94179e-05	51499	1	FALSE	NA	NA	NA	NA	NA	NA
NC_045512.2	7468	A	G	51717	3517	37	4	0	34	7.73365e-05	51722	1	FALSE	NA	NA	NA	NA	NA	NA
NC_045512.2	7468	A	C	51717	3517	37	1	0	34	1.93341e-05	51722	1	FALSE	NA	NA	NA	NA	NA	NA
NC_045512.2	7469	G	A	51664	3515	37	2	0	30	3.87102e-05	51666	1	FALSE	NA	NA	NA	NA	NA	NA
NC_045512.2	7470	A	G	51465	3664	37	3	0	34	5.82886e-05	51468	1	FALSE	NA	NA	NA	NA	NA	NA
NC_045512.2	7471	C	T	52190	3902	37	7	0	34	0.000134107	52197	1	FALSE	NA	NA	NA	NA	NA	NA
NC_045512.2	7472	G	T	52299	3900	37	1	0	34	1.91175e-05	52308	1	FALSE	NA	NA	NA	NA	NA	NA
NC_045512.2	7472	G	A	52299	3900	37	8	3	42	0.00015294	52308	0.290515	FALSE	NA	NA	NA	NA	NA	NA
NC_045512.2	7473	G	T	54597	3982	37	1	0	34	1.83154e-05	54599	1	FALSE	NA	NA	NA	NA	NA	NA
NC_045512.2	7473	G	A	54597	3982	37	1	0	34	1.83154e-05	54599	1	FALSE	NA	NA	NA	NA	NA	NA
NC_045512.2	7473	G	-T	54597	3982	37	1	0	20	1.83154e-05	54599	1	FALSE	NA	NA	NA	NA	NA	NA
NC_045512.2	7474	T	G	54668	4160	38	1	0	34	1.82906e-05	54673	1	FALSE	NA	NA	NA	NA	NA	NA
NC_045512.2	7474	T	C	54668	4160	38	4	1	34	7.31623e-05	54673	1	FALSE	NA	NA	NA	NA	NA	NA
NC_045512.2	7475	T	C	54604	4156	37	7	0	40	0.000128177	54612	0.387201	FALSE	NA	NA	NA	NA	NA	NA
NC_045512.2	7475	T	A	54604	4156	37	1	0	24	1.8311e-05	54612	1	FALSE	NA	NA	NA	NA	NA	NA
NC_045512.2	7476	G	T	54796	4154	38	1	0	68	1.82478e-05	54801	0.499986	FALSE	NA	NA	NA	NA	NA	NA
NC_045512.2	7476	G	A	54796	4154	38	4	1	34	7.29914e-05	54801	1	FALSE	NA	NA	NA	NA	NA	NA
NC_045512.2	7477	T	G	54738	4167	37	1	0	34	1.82652e-05	54749	1	FALSE	NA	NA	NA	NA	NA	NA
NC_045512.2	7477	T	C	54738	4167	37	9	0	37	0.000164387	54749	1	FALSE	NA	NA	NA	NA	NA	NA
NC_045512.2	7477	T	A	54738	4167	37	1	0	26	1.82652e-05	54749	1	FALSE	NA	NA	NA	NA	NA	NA
NC_045512.2	7478	A	G	54822	4252	38	6	1	45	0.000109433	54828	0.500012	FALSE	NA	NA	NA	NA	NA	NA
NC_045512.2	7479	A	G	54867	4458	38	6	0	34	0.000109343	54873	1	FALSE	NA	NA	NA	NA	NA	NA
NC_045512.2	7480	T	C	55006	4460	38	7	1	31	0.000127243	55013	1	FALSE	NA	NA	NA	NA	NA	NA
NC_045512.2	7481	T	G	54992	4465	38	2	0	30	3.63603e-05	55005	1	FALSE	NA	NA	NA	NA	NA	NA
NC_045512.2	7481	T	C	54992	4465	38	4	0	34	7.27207e-05	55005	1	FALSE	NA	NA	NA	NA	NA	NA
NC_045512.2	7481	T	A	54992	4465	38	7	2	31	0.000127261	55005	1	FALSE	NA	NA	NA	NA	NA	NA
NC_045512.2	7482	C	T	55067	4468	38	3	0	34	5.44751e-05	55071	1	FALSE	NA	NA	NA	NA	NA	NA
NC_045512.2	7482	C	A	55067	4468	38	1	0	34	1.81584e-05	55071	1	FALSE	NA	NA	NA	NA	NA	NA
NC_045512.2	7483	A	T	54962	4631	38	1	1	68	1.81917e-05	54970	0.499973	FALSE	NA	NA	NA	NA	NA	NA
NC_045512.2	7483	A	G	54962	4631	38	7	0	32	0.000127342	54970	1	FALSE	NA	NA	NA	NA	NA	NA
NC_045512.2	7484	T	G	55307	4903	38	2	0	30	3.61572e-05	55314	1	FALSE	NA	NA	NA	NA	NA	NA
NC_045512.2	7484	T	C	55307	4903	38	5	1	47	9.0393e-05	55314	0.623041	FALSE	NA	NA	NA	NA	NA	NA
NC_045512.2	7485	C	T	55480	4910	38	5	3	32	9.01144e-05	55485	1	FALSE	NA	NA	NA	NA	NA	NA
NC_045512.2	7486	A	T	55810	4927	38	1	0	26	1.79154e-05	55818	1	FALSE	NA	NA	NA	NA	NA	NA
NC_045512.2	7486	A	G	55810	4927	38	7	2	48	0.000125408	55818	0.387189	FALSE	NA	NA	NA	NA	NA	NA
NC_045512.2	7487	A	G	51381	4946	36	6	0	32	0.000116761	51387	1	FALSE	NA	NA	NA	NA	NA	NA
NC_045512.2	7488	C	A	57407	5140	38	5	1	34	8.70898e-05	57412	1	FALSE	NA	NA	NA	NA	NA	NA
NC_045512.2	7488	C	-TTGTATGATGTGTTACAAA	57407	5140	38	1	0	20	1.7418e-05	57412	1	FALSE	NA	NA	NA	NA	NA	NA
NC_045512.2	7488	C	-T	57407	5140	38	2	0	20	3.48359e-05	57412	1	FALSE	NA	NA	NA	NA	NA	NA
NC_045512.2	7489	T	G	57517	5123	38	6	0	34	0.000104302	57525	1	FALSE	NA	NA	NA	NA	NA	NA
NC_045512.2	7489	T	C	57517	5123	38	2	0	29	3.47675e-05	57525	1	FALSE	NA	NA	NA	NA	NA	NA
NC_045512.2	7490	T	G	57927	5120	38	2	0	30	3.45232e-05	57932	1	FALSE	NA	NA	NA	NA	NA	NA
NC_045512.2	7490	T	C	57927	5120	38	3	0	34	5.17849e-05	57932	1	FALSE	NA	NA	NA	NA	NA	NA
NC_045512.2	7491	G	T	58659	5152	38	3	2	34	5.11378e-05	58665	1	FALSE	NA	NA	NA	NA	NA	NA
NC_045512.2	7491	G	C	58659	5152	38	2	0	51	3.40919e-05	58665	0.249981	FALSE	NA	NA	NA	NA	NA	NA
NC_045512.2	7491	G	A	58659	5152	38	1	0	34	1.70459e-05	58665	1	FALSE	NA	NA	NA	NA	NA	NA
NC_045512.2	7492	T	G	58657	5168	38	1	1	34	1.70465e-05	58663	1	FALSE	NA	NA	NA	NA	NA	NA
NC_045512.2	7492	T	C	58657	5168	38	5	1	32	8.52326e-05	58663	1	FALSE	NA	NA	NA	NA	NA	NA
NC_045512.2	7493	A	G	58541	5257	38	9	2	36	0.000153715	58550	1	FALSE	NA	NA	NA	NA	NA	NA
NC_045512.2	7494	T	C	54877	6187	38	4	1	34	7.2885e-05	54881	1	FALSE	NA	NA	NA	NA	NA	NA
NC_045512.2	7496	A	T	54142	6297	38	1	0	26	1.84672e-05	54150	1	FALSE	NA	NA	NA	NA	NA	NA
NC_045512.2	7496	A	G	54142	6297	38	6	2	38	0.000110803	54150	1	FALSE	NA	NA	NA	NA	NA	NA
NC_045512.2	7496	A	C	54142	6297	38	1	1	34	1.84672e-05	54150	1	FALSE	NA	NA	NA	NA	NA	NA
NC_045512.2	7497	T	C	54318	6061	38	5	0	39	9.2042e-05	54323	1	FALSE	NA	NA	NA	NA	NA	NA
NC_045512.2	7498	G	T	55060	6065	38	3	1	34	5.44801e-05	55066	1	FALSE	NA	NA	NA	NA	NA	NA
NC_045512.2	7498	G	C	55060	6065	38	2	2	27	3.63201e-05	55066	1	FALSE	NA	NA	NA	NA	NA	NA
NC_045512.2	7498	G	A	55060	6065	38	1	1	68	1.816e-05	55066	0.499977	FALSE	NA	NA	NA	NA	NA	NA
NC_045512.2	7499	T	C	53366	6179	38	3	0	30	5.62114e-05	53370	1	FALSE	NA	NA	NA	NA	NA	NA
NC_045512.2	7499	T	A	53366	6179	38	1	0	34	1.87371e-05	53370	1	FALSE	NA	NA	NA	NA	NA	NA
NC_045512.2	7500	G	T	54042	6094	38	1	0	34	1.85028e-05	54046	1	FALSE	NA	NA	NA	NA	NA	NA
NC_045512.2	7500	G	A	54042	6094	38	3	0	45	5.55083e-05	54046	0.855472	FALSE	NA	NA	NA	NA	NA	NA
NC_045512.2	7501	T	C	52450	6476	38	4	1	34	7.62558e-05	52455	1	FALSE	NA	NA	NA	NA	NA	NA
NC_045512.2	7501	T	A	52450	6476	38	1	0	34	1.9064e-05	52455	1	FALSE	NA	NA	NA	NA	NA	NA
NC_045512.2	7502	T	G	52434	6488	38	1	0	34	1.90694e-05	52440	1	FALSE	NA	NA	NA	NA	NA	NA
NC_045512.2	7502	T	C	52434	6488	38	4	3	59	7.62777e-05	52440	0.0624917	FALSE	NA	NA	NA	NA	NA	NA
NC_045512.2	7502	T	A	52434	6488	38	1	0	26	1.90694e-05	52440	1	FALSE	NA	NA	NA	NA	NA	NA
NC_045512.2	7503	A	T	52392	6489	38	1	0	34	1.90847e-05	52398	1	FALSE	NA	NA	NA	NA	NA	NA
NC_045512.2	7503	A	G	52392	6489	38	5	3	40	9.54235e-05	52398	0.623041	FALSE	NA	NA	NA	NA	NA	NA
NC_045512.2	7504	C	T	50711	6823	38	2	1	68	3.9433e-05	50719	0.249968	FALSE	NA	NA	NA	NA	NA	NA
NC_045512.2	7504	C	A	50711	6823	38	6	0	42	0.000118299	50719	0.499973	FALSE	NA	NA	NA	NA	NA	NA
NC_045512.2	7504	C	+A	50711	6823	38	1	0	20	1.97161e-05	50720	1	FALSE	NA	NA	NA	NA	NA	NA
NC_045512.2	7505	A	T	50646	6755	37	1	0	34	1.97418e-05	50654	1	FALSE	NA	NA	NA	NA	NA	NA
NC_045512.2	7505	A	G	50646	6755	37	5	4	34	9.87089e-05	50654	1	FALSE	NA	NA	NA	NA	NA	NA
NC_045512.2	7505	A	C	50646	6755	37	2	0	34	3.94836e-05	50654	1	FALSE	NA	NA	NA	NA	NA	NA
NC_045512.2	7506	A	G	48023	7209	37	2	1	29	4.1645e-05	48025	1	FALSE	NA	NA	NA	NA	NA	NA
NC_045512.2	7507	A	G	39306	7460	35	3	0	34	7.63184e-05	39309	1	FALSE	NA	NA	NA	NA	NA	NA
NC_045512.2	7508	C	T	49567	7452	37	2	0	34	4.03437e-05	49574	1	FALSE	NA	NA	NA	NA	NA	NA
NC_045512.2	7508	C	G	49567	7452	37	2	0	30	4.03437e-05	49574	1	FALSE	NA	NA	NA	NA	NA	NA
NC_045512.2	7508	C	A	49567	7452	37	3	3	34	6.05156e-05	49574	1	FALSE	NA	NA	NA	NA	NA	NA
NC_045512.2	7509	G	T	49621	7331	37	4	0	34	8.06013e-05	49627	1	FALSE	NA	NA	NA	NA	NA	NA
NC_045512.2	7509	G	A	49621	7331	37	2	0	34	4.03006e-05	49627	1	FALSE	NA	NA	NA	NA	NA	NA
NC_045512.2	7510	T	C	49988	7622	37	4	2	38	8.00096e-05	49994	1	FALSE	NA	NA	NA	NA	NA	NA
NC_045512.2	7510	T	A	49988	7622	37	2	0	51	4.00048e-05	49994	0.249982	FALSE	NA	NA	NA	NA	NA	NA
NC_045512.2	7510	T	-A	49988	7622	37	2	0	20	4.00048e-05	49994	1	FALSE	NA	NA	NA	NA	NA	NA
NC_045512.2	7511	A	G	48325	7860	37	9	4	32	0.000186204	48334	1	FALSE	NA	NA	NA	NA	NA	NA
NC_045512.2	7512	A	T	48227	8376	37	1	0	34	2.07331e-05	48232	1	FALSE	NA	NA	NA	NA	NA	NA
NC_045512.2	7512	A	G	48227	8376	37	3	0	31	6.21994e-05	48232	1	FALSE	NA	NA	NA	NA	NA	NA
NC_045512.2	7512	A	C	48227	8376	37	1	1	34	2.07331e-05	48232	1	FALSE	NA	NA	NA	NA	NA	NA
NC_045512.2	7513	T	C	46552	8644	37	3	0	34	6.44399e-05	46555	1	FALSE	NA	NA	NA	NA	NA	NA
NC_045512.2	7514	A	T	45550	8590	37	3	1	31	6.58472e-05	45560	1	FALSE	NA	NA	NA	NA	NA	NA
NC_045512.2	7514	A	G	45550	8590	37	7	1	38	0.000153644	45560	1	FALSE	NA	NA	NA	NA	NA	NA
NC_045512.2	7515	G	T	44843	8822	37	1	0	34	2.22985e-05	44846	1	FALSE	NA	NA	NA	NA	NA	NA
NC_045512.2	7515	G	A	44843	8822	37	2	0	30	4.45971e-05	44846	1	FALSE	NA	NA	NA	NA	NA	NA
NC_045512.2	7516	A	G	44466	8629	36	2	1	51	4.49741e-05	44470	0.249992	FALSE	NA	NA	NA	NA	NA	NA
NC_045512.2	7516	A	C	44466	8629	36	2	0	34	4.49741e-05	44470	1	FALSE	NA	NA	NA	NA	NA	NA
NC_045512.2	7517	G	C	44474	8607	37	1	1	34	2.24835e-05	44477	1	FALSE	NA	NA	NA	NA	NA	NA
NC_045512.2	7517	G	A	44474	8607	37	2	0	34	4.49671e-05	44477	1	FALSE	NA	NA	NA	NA	NA	NA
NC_045512.2	7520	A	T	44199	9247	37	1	0	34	2.26229e-05	44203	1	FALSE	NA	NA	NA	NA	NA	NA
NC_045512.2	7520	A	G	44199	9247	37	3	1	34	6.78687e-05	44203	1	FALSE	NA	NA	NA	NA	NA	NA
NC_045512.2	7521	C	A	44027	9258	37	3	1	34	6.81354e-05	44030	1	FALSE	NA	NA	NA	NA	NA	NA
NC_045512.2	7522	A	G	44047	9209	37	3	1	32	6.81044e-05	44050	1	FALSE	NA	NA	NA	NA	NA	NA
NC_045512.2	7523	A	T	43815	9307	37	1	0	34	2.28212e-05	43819	1	FALSE	NA	NA	NA	NA	NA	NA
NC_045512.2	7523	A	C	43815	9307	37	3	3	31	6.84635e-05	43819	1	FALSE	NA	NA	NA	NA	NA	NA
NC_045512.2	7525	A	G	42893	9251	36	3	0	34	6.99366e-05	42896	1	FALSE	NA	NA	NA	NA	NA	NA
NC_045512.2	7526	G	A	44134	9258	37	5	2	68	0.000113279	44139	0.0312482	FALSE	NA	NA	NA	NA	NA	NA
NC_045512.2	7527	T	C	42972	8503	36	2	0	34	4.65398e-05	42974	1	FALSE	NA	NA	NA	NA	NA	NA
NC_045512.2	7529	G	T	44010	9317	37	2	1	34	4.5436e-05	44018	1	FALSE	NA	NA	NA	NA	NA	NA
NC_045512.2	7529	G	A	44010	9317	37	6	0	32	0.000136308	44018	1	FALSE	NA	NA	NA	NA	NA	NA
NC_045512.2	7530	A	G	43862	10059	37	4	1	34	9.11868e-05	43866	1	FALSE	NA	NA	NA	NA	NA	NA
NC_045512.2	7531	A	T	44687	10126	37	1	0	26	2.23739e-05	44695	1	FALSE	NA	NA	NA	NA	NA	NA
NC_045512.2	7531	A	G	44687	10126	37	5	0	28	0.000111869	44695	1	FALSE	NA	NA	NA	NA	NA	NA
NC_045512.2	7531	A	C	44687	10126	37	2	1	30	4.47477e-05	44695	1	FALSE	NA	NA	NA	NA	NA	NA
NC_045512.2	7532	T	A	44790	10087	37	1	1	26	2.23259e-05	44791	1	FALSE	NA	NA	NA	NA	NA	NA
NC_045512.2	7533	G	C	42951	10428	37	2	2	34	4.65604e-05	42955	1	FALSE	NA	NA	NA	NA	NA	NA
NC_045512.2	7533	G	A	42951	10428	37	2	0	34	4.65604e-05	42955	1	FALSE	NA	NA	NA	NA	NA	NA
NC_045512.2	7534	T	C	42784	10488	37	15	1	38	0.000350467	42800	0.999923	FALSE	NA	NA	NA	NA	NA	NA
NC_045512.2	7534	T	A	42784	10488	37	1	0	34	2.33645e-05	42800	1	FALSE	NA	NA	NA	NA	NA	NA
NC_045512.2	7535	A	G	43078	10792	37	12	6	39	0.00027848	43091	0.999996	FALSE	NA	NA	NA	NA	NA	NA
NC_045512.2	7535	A	C	43078	10792	37	1	1	34	2.32067e-05	43091	1	FALSE	NA	NA	NA	NA	NA	NA
NC_045512.2	7536	C	T	43421	10867	37	3	1	34	6.90862e-05	43424	1	FALSE	NA	NA	NA	NA	NA	NA
NC_045512.2	7537	A	T	43871	11469	37	1	0	26	2.27925e-05	43874	1	FALSE	NA	NA	NA	NA	NA	NA
NC_045512.2	7537	A	G	43871	11469	37	2	1	34	4.55851e-05	43874	1	FALSE	NA	NA	NA	NA	NA	NA
NC_045512.2	7538	A	T	43475	11525	37	1	0	26	2.29996e-05	43479	1	FALSE	NA	NA	NA	NA	NA	NA
NC_045512.2	7538	A	G	43475	11525	37	3	2	34	6.89988e-05	43479	1	FALSE	NA	NA	NA	NA	NA	NA
NC_045512.2	7539	C	G	44518	12326	37	1	0	34	2.24608e-05	44522	1	FALSE	NA	NA	NA	NA	NA	NA
NC_045512.2	7539	C	A	44518	12326	37	3	3	34	6.73824e-05	44522	1	FALSE	NA	NA	NA	NA	NA	NA
NC_045512.2	7540	T	C	44192	12001	37	5	0	40	0.00011313	44197	0.500014	FALSE	NA	NA	NA	NA	NA	NA
NC_045512.2	7541	A	C	44116	12060	37	1	1	34	2.2667e-05	44117	1	FALSE	NA	NA	NA	NA	NA	NA
NC_045512.2	7542	T	G	44795	11850	37	3	0	34	6.69613e-05	44802	1	FALSE	NA	NA	NA	NA	NA	NA
NC_045512.2	7542	T	C	44795	11850	37	3	0	28	6.69613e-05	44802	1	FALSE	NA	NA	NA	NA	NA	NA
NC_045512.2	7542	T	A	44795	11850	37	1	0	26	2.23204e-05	44802	1	FALSE	NA	NA	NA	NA	NA	NA
NC_045512.2	7543	T	G	44805	11952	37	4	0	30	8.92618e-05	44812	1	FALSE	NA	NA	NA	NA	NA	NA
NC_045512.2	7543	T	C	44805	11952	37	2	2	34	4.46309e-05	44812	1	FALSE	NA	NA	NA	NA	NA	NA
NC_045512.2	7543	T	A	44805	11952	37	1	0	34	2.23155e-05	44812	1	FALSE	NA	NA	NA	NA	NA	NA
NC_045512.2	7543	T	-G	44805	11952	37	1	0	20	2.23155e-05	44812	1	FALSE	NA	NA	NA	NA	NA	NA
NC_045512.2	7544	G	T	45038	11906	37	16	6	42	0.000355122	45055	0.00590363	TRUE	NA	NA	NA	NA	NA	NA
NC_045512.2	7544	G	A	45038	11906	37	1	0	34	2.21951e-05	45055	1	FALSE	NA	NA	NA	NA	NA	NA
NC_045512.2	7545	T	C	45209	12810	37	3	0	34	6.63526e-05	45213	1	FALSE	NA	NA	NA	NA	NA	NA
NC_045512.2	7545	T	A	45209	12810	37	1	1	34	2.21175e-05	45213	1	FALSE	NA	NA	NA	NA	NA	NA
NC_045512.2	7546	T	C	45518	13260	38	13	2	33	0.00028552	45531	0.999996	FALSE	NA	NA	NA	NA	NA	NA
NC_045512.2	7547	A	G	45123	13114	38	3	1	34	6.64805e-05	45126	1	FALSE	NA	NA	NA	NA	NA	NA
NC_045512.2	7548	A	G	43490	13371	37	4	1	32	9.19667e-05	43494	1	FALSE	NA	NA	NA	NA	NA	NA
NC_045512.2	7549	T	G	45001	13565	38	1	0	26	2.22193e-05	45006	1	FALSE	NA	NA	NA	NA	NA	NA
NC_045512.2	7549	T	C	45001	13565	38	4	2	40	8.8877e-05	45006	0.636725	FALSE	NA	NA	NA	NA	NA	NA
NC_045512.2	7550	G	T	44593	13290	38	1	0	34	2.24245e-05	44594	1	FALSE	NA	NA	NA	NA	NA	NA
NC_045512.2	7551	G	T	47053	13732	38	3	0	34	6.37525e-05	47057	1	FALSE	NA	NA	NA	NA	NA	NA
NC_045512.2	7551	G	C	47053	13732	38	1	1	68	2.12508e-05	47057	0.499989	FALSE	NA	NA	NA	NA	NA	NA
NC_045512.2	7552	T	G	46031	13388	37	2	0	34	4.34424e-05	46038	1	FALSE	NA	NA	NA	NA	NA	NA
NC_045512.2	7552	T	C	46031	13388	37	3	0	34	6.51636e-05	46038	1	FALSE	NA	NA	NA	NA	NA	NA
NC_045512.2	7552	T	A	46031	13388	37	2	1	34	4.34424e-05	46038	1	FALSE	NA	NA	NA	NA	NA	NA
NC_045512.2	7553	G	A	44449	13782	37	4	2	32	8.99827e-05	44453	1	FALSE	NA	NA	NA	NA	NA	NA
NC_045512.2	7553	G	-T	44449	13782	37	1	0	20	2.24957e-05	44453	1	FALSE	NA	NA	NA	NA	NA	NA
NC_045512.2	7555	T	C	44914	14495	38	2	0	34	4.45276e-05	44916	1	FALSE	NA	NA	NA	NA	NA	NA
NC_045512.2	7556	A	T	44138	14512	37	1	0	26	2.26552e-05	44140	1	FALSE	NA	NA	NA	NA	NA	NA
NC_045512.2	7556	A	G	44138	14512	37	1	1	34	2.26552e-05	44140	1	FALSE	NA	NA	NA	NA	NA	NA
NC_045512.2	7557	G	T	44799	14492	37	2	0	34	4.46409e-05	44802	1	FALSE	NA	NA	NA	NA	NA	NA
NC_045512.2	7557	G	A	44799	14492	37	1	0	34	2.23204e-05	44802	1	FALSE	NA	NA	NA	NA	NA	NA
NC_045512.2	7558	A	T	41890	14743	36	2	1	30	4.77327e-05	41900	1	FALSE	NA	NA	NA	NA	NA	NA
NC_045512.2	7558	A	G	41890	14743	36	6	2	38	0.000143198	41900	1	FALSE	NA	NA	NA	NA	NA	NA
NC_045512.2	7558	A	C	41890	14743	36	2	2	26	4.77327e-05	41900	1	FALSE	NA	NA	NA	NA	NA	NA
NC_045512.2	7559	A	T	44611	14619	38	1	0	68	2.24145e-05	44614	0.499994	FALSE	NA	NA	NA	NA	NA	NA
NC_045512.2	7559	A	G	44611	14619	38	2	1	51	4.4829e-05	44614	0.249997	FALSE	NA	NA	NA	NA	NA	NA
NC_045512.2	7560	G	C	43268	13459	37	1	1	34	2.31112e-05	43269	1	FALSE	NA	NA	NA	NA	NA	NA
NC_045512.2	7561	G	C	43771	13702	38	2	2	34	4.5685e-05	43778	1	FALSE	NA	NA	NA	NA	NA	NA
NC_045512.2	7561	G	A	43771	13702	38	5	2	40	0.000114213	43778	0.499986	FALSE	NA	NA	NA	NA	NA	NA
NC_045512.2	7562	T	C	43796	14167	38	6	2	39	0.000136977	43803	1	FALSE	NA	NA	NA	NA	NA	NA
NC_045512.2	7562	T	A	43796	14167	38	1	0	24	2.28295e-05	43803	1	FALSE	NA	NA	NA	NA	NA	NA
NC_045512.2	7563	C	T	41404	14738	37	2	0	30	4.8301e-05	41407	1	FALSE	NA	NA	NA	NA	NA	NA
NC_045512.2	7563	C	G	41404	14738	37	1	0	26	2.41505e-05	41407	1	FALSE	NA	NA	NA	NA	NA	NA
NC_045512.2	7564	C	A	40410	14979	37	3	0	34	7.42335e-05	40413	1	FALSE	NA	NA	NA	NA	NA	NA
NC_045512.2	7564	C	-T	40410	14979	37	10	0	20	0.000247445	40413	1	FALSE	NA	NA	NA	NA	NA	NA
NC_045512.2	7565	T	C	40720	14950	37	13	5	32	0.000319144	40734	0.999959	FALSE	NA	NA	NA	NA	NA	NA
NC_045512.2	7565	T	A	40720	14950	37	1	0	34	2.45495e-05	40734	1	FALSE	NA	NA	NA	NA	NA	NA
NC_045512.2	7566	T	G	40192	14396	36	1	0	34	2.48781e-05	40196	1	FALSE	NA	NA	NA	NA	NA	NA
NC_045512.2	7566	T	C	40192	14396	36	2	0	34	4.97562e-05	40196	1	FALSE	NA	NA	NA	NA	NA	NA
NC_045512.2	7566	T	A	40192	14396	36	1	0	26	2.48781e-05	40196	1	FALSE	NA	NA	NA	NA	NA	NA
NC_045512.2	7567	T	C	39822	15150	37	2	2	34	5.02197e-05	39825	1	FALSE	NA	NA	NA	NA	NA	NA
NC_045512.2	7567	T	A	39822	15150	37	1	0	34	2.51099e-05	39825	1	FALSE	NA	NA	NA	NA	NA	NA
NC_045512.2	7568	T	C	39778	15103	37	6	3	34	0.000150807	39786	1	FALSE	NA	NA	NA	NA	NA	NA
NC_045512.2	7568	T	A	39778	15103	37	2	1	29	5.02689e-05	39786	1	FALSE	NA	NA	NA	NA	NA	NA
NC_045512.2	7569	A	G	39760	15100	37	1	0	34	2.51496e-05	39762	1	FALSE	NA	NA	NA	NA	NA	NA
NC_045512.2	7569	A	C	39760	15100	37	1	1	27	2.51496e-05	39762	1	FALSE	NA	NA	NA	NA	NA	NA
NC_045512.2	7570	T	C	39963	15130	37	2	1	34	5.00425e-05	39966	1	FALSE	NA	NA	NA	NA	NA	NA
NC_045512.2	7570	T	A	39963	15130	37	1	0	34	2.50213e-05	39966	1	FALSE	NA	NA	NA	NA	NA	NA
NC_045512.2	7571	G	A	40550	15203	37	2	2	30	4.93194e-05	40552	1	FALSE	NA	NA	NA	NA	NA	NA
NC_045512.2	7572	T	C	39697	14864	37	4	2	34	0.000100751	39702	1	FALSE	NA	NA	NA	NA	NA	NA
NC_045512.2	7572	T	A	39697	14864	37	1	0	34	2.51876e-05	39702	1	FALSE	NA	NA	NA	NA	NA	NA
NC_045512.2	7573	C	T	38148	15453	37	3	0	34	7.86308e-05	38153	1	FALSE	NA	NA	NA	NA	NA	NA
NC_045512.2	7573	C	G	38148	15453	37	2	0	26	5.24205e-05	38153	1	FALSE	NA	NA	NA	NA	NA	NA
NC_045512.2	7574	T	G	37713	15024	37	1	0	34	2.65139e-05	37716	1	FALSE	NA	NA	NA	NA	NA	NA
NC_045512.2	7574	T	C	37713	15024	37	2	0	34	5.30279e-05	37716	1	FALSE	NA	NA	NA	NA	NA	NA
NC_045512.2	7575	A	T	38737	15354	37	1	0	34	2.58118e-05	38742	1	FALSE	NA	NA	NA	NA	NA	NA
NC_045512.2	7575	A	G	38737	15354	37	2	1	34	5.16236e-05	38742	1	FALSE	NA	NA	NA	NA	NA	NA
NC_045512.2	7575	A	C	38737	15354	37	2	1	30	5.16236e-05	38742	1	FALSE	NA	NA	NA	NA	NA	NA
NC_045512.2	7576	T	G	39114	15359	37	1	0	34	2.55578e-05	39127	1	FALSE	NA	NA	NA	NA	NA	NA
NC_045512.2	7576	T	C	39114	15359	37	10	6	32	0.000255578	39127	0.999995	FALSE	NA	NA	NA	NA	NA	NA
NC_045512.2	7576	T	A	39114	15359	37	2	0	34	5.11156e-05	39127	1	FALSE	NA	NA	NA	NA	NA	NA
NC_045512.2	7577	G	T	39021	15328	37	1	0	34	2.56266e-05	39022	1	FALSE	NA	NA	NA	NA	NA	NA
NC_045512.2	7578	C	T	39231	15779	37	4	1	34	0.000101945	39237	1	FALSE	NA	NA	NA	NA	NA	NA
NC_045512.2	7578	C	G	39231	15779	37	2	0	34	5.09723e-05	39237	1	FALSE	NA	NA	NA	NA	NA	NA
NC_045512.2	7579	T	G	39008	15376	37	1	0	34	2.56325e-05	39013	1	FALSE	NA	NA	NA	NA	NA	NA
NC_045512.2	7579	T	C	39008	15376	37	4	1	34	0.00010253	39013	1	FALSE	NA	NA	NA	NA	NA	NA
NC_045512.2	7579	T	-A	39008	15376	37	1	0	20	2.56325e-05	39013	1	FALSE	NA	NA	NA	NA	NA	NA
NC_045512.2	7580	A	G	38983	15211	37	4	2	34	0.000102598	38987	1	FALSE	NA	NA	NA	NA	NA	NA
NC_045512.2	7581	A	T	39171	15897	37	1	1	24	2.55271e-05	39174	1	FALSE	NA	NA	NA	NA	NA	NA
NC_045512.2	7581	A	G	39171	15897	37	2	2	34	5.10543e-05	39174	1	FALSE	NA	NA	NA	NA	NA	NA
NC_045512.2	7582	T	G	39296	15905	37	1	0	34	2.54466e-05	39298	1	FALSE	NA	NA	NA	NA	NA	NA
NC_045512.2	7582	T	C	39296	15905	37	1	1	34	2.54466e-05	39298	1	FALSE	NA	NA	NA	NA	NA	NA
NC_045512.2	7583	G	A	39219	15909	37	1	1	34	2.54972e-05	39220	1	FALSE	NA	NA	NA	NA	NA	NA
NC_045512.2	7585	A	G	38695	15122	37	8	3	34	0.000206702	38703	0.999999	FALSE	NA	NA	NA	NA	NA	NA
NC_045512.2	7586	G	T	39109	15063	37	1	0	68	2.55676e-05	39112	0.499994	FALSE	NA	NA	NA	NA	NA	NA
NC_045512.2	7586	G	C	39109	15063	37	1	0	34	2.55676e-05	39112	1	FALSE	NA	NA	NA	NA	NA	NA
NC_045512.2	7586	G	A	39109	15063	37	1	1	34	2.55676e-05	39112	1	FALSE	NA	NA	NA	NA	NA	NA
NC_045512.2	7587	G	A	39049	15380	37	2	0	34	5.12151e-05	39051	1	FALSE	NA	NA	NA	NA	NA	NA
NC_045512.2	7588	T	C	39065	15599	37	2	1	34	5.11941e-05	39067	1	FALSE	NA	NA	NA	NA	NA	NA
NC_045512.2	7588	T	-A	39065	15599	37	1	0	20	2.55971e-05	39067	1	FALSE	NA	NA	NA	NA	NA	NA
NC_045512.2	7589	A	G	37841	15959	37	7	0	34	0.000184945	37849	1	FALSE	NA	NA	NA	NA	NA	NA
NC_045512.2	7589	A	C	37841	15959	37	1	0	34	2.64208e-05	37849	1	FALSE	NA	NA	NA	NA	NA	NA
NC_045512.2	7590	A	T	37844	15971	37	1	1	34	2.64215e-05	37848	1	FALSE	NA	NA	NA	NA	NA	NA
NC_045512.2	7590	A	G	37844	15971	37	2	1	34	5.2843e-05	37848	1	FALSE	NA	NA	NA	NA	NA	NA
NC_045512.2	7590	A	C	37844	15971	37	1	0	26	2.64215e-05	37848	1	FALSE	NA	NA	NA	NA	NA	NA
NC_045512.2	7591	A	T	37019	16068	36	1	0	34	2.70059e-05	37029	1	FALSE	NA	NA	NA	NA	NA	NA
NC_045512.2	7591	A	G	37019	16068	36	8	0	34	0.000216047	37029	0.999998	FALSE	NA	NA	NA	NA	NA	NA
NC_045512.2	7591	A	C	37019	16068	36	1	1	34	2.70059e-05	37029	1	FALSE	NA	NA	NA	NA	NA	NA
NC_045512.2	7592	G	A	37427	16112	36	2	1	34	5.34345e-05	37429	1	FALSE	NA	NA	NA	NA	NA	NA
NC_045512.2	7593	G	T	39453	18613	37	1	1	34	2.53421e-05	39460	1	FALSE	NA	NA	NA	NA	NA	NA
NC_045512.2	7593	G	A	39453	18613	37	6	3	51	0.000152053	39460	0.015622	FALSE	NA	NA	NA	NA	NA	NA
NC_045512.2	7594	C	-TT	39917	19279	37	1	0	20	2.5052e-05	39917	1	FALSE	NA	NA	NA	NA	NA	NA
NC_045512.2	7594	C	-T	39917	19279	37	2	0	20	5.0104e-05	39917	1	FALSE	NA	NA	NA	NA	NA	NA
NC_045512.2	7595	T	G	39329	18616	37	1	0	34	2.54214e-05	39337	1	FALSE	NA	NA	NA	NA	NA	NA
NC_045512.2	7595	T	C	39329	18616	37	7	4	32	0.00017795	39337	1	FALSE	NA	NA	NA	NA	NA	NA
NC_045512.2	7596	T	G	38376	17650	37	2	0	26	5.21105e-05	38380	1	FALSE	NA	NA	NA	NA	NA	NA
NC_045512.2	7596	T	C	38376	17650	37	2	1	30	5.21105e-05	38380	1	FALSE	NA	NA	NA	NA	NA	NA
NC_045512.2	7597	T	C	39324	18934	37	8	1	34	0.000203397	39332	0.999999	FALSE	NA	NA	NA	NA	NA	NA
NC_045512.2	7598	T	G	39289	18900	37	1	0	26	2.54485e-05	39295	1	FALSE	NA	NA	NA	NA	NA	NA
NC_045512.2	7598	T	C	39289	18900	37	5	3	51	0.000127243	39295	0.031246	FALSE	NA	NA	NA	NA	NA	NA
NC_045512.2	7599	G	A	38638	18916	37	14	9	41	0.000362206	38652	0.00635916	TRUE	NA	NA	NA	NA	NA	NA
NC_045512.2	7600	C	T	38171	19339	37	5	0	34	0.000130972	38176	1	FALSE	NA	NA	NA	NA	NA	NA
NC_045512.2	7601	A	G	39860	20964	38	4	4	34	0.000100341	39864	1	FALSE	NA	NA	NA	NA	NA	NA
NC_045512.2	7602	A	G	39848	21007	38	3	1	34	7.52804e-05	39851	1	FALSE	NA	NA	NA	NA	NA	NA
NC_045512.2	7603	A	G	35270	21071	36	1	0	34	2.83519e-05	35271	1	FALSE	NA	NA	NA	NA	NA	NA
NC_045512.2	7604	C	T	40315	21555	37	1	0	68	2.4804e-05	40316	0.500006	FALSE	NA	NA	NA	NA	NA	NA
NC_045512.2	7605	T	G	40429	21451	37	4	2	34	9.89242e-05	40435	1	FALSE	NA	NA	NA	NA	NA	NA
NC_045512.2	7605	T	C	40429	21451	37	2	2	43	4.94621e-05	40435	0.890616	FALSE	NA	NA	NA	NA	NA	NA
NC_045512.2	7606	A	G	40651	21432	38	3	0	34	7.37935e-05	40654	1	FALSE	NA	NA	NA	NA	NA	NA
NC_045512.2	7607	C	A	39402	21681	37	2	1	34	5.07563e-05	39404	1	FALSE	NA	NA	NA	NA	NA	NA
NC_045512.2	7608	A	G	39211	21409	37	1	0	34	2.55017e-05	39213	1	FALSE	NA	NA	NA	NA	NA	NA
NC_045512.2	7608	A	C	39211	21409	37	1	1	26	2.55017e-05	39213	1	FALSE	NA	NA	NA	NA	NA	NA
NC_045512.2	7609	C	T	38788	21792	37	1	0	34	2.57752e-05	38797	1	FALSE	NA	NA	NA	NA	NA	NA
NC_045512.2	7609	C	A	38788	21792	37	8	5	33	0.000206202	38797	0.999999	FALSE	NA	NA	NA	NA	NA	NA
NC_045512.2	7610	A	T	38328	21325	37	1	0	34	2.60879e-05	38332	1	FALSE	NA	NA	NA	NA	NA	NA
NC_045512.2	7610	A	G	38328	21325	37	3	2	45	7.82636e-05	38332	0.656256	FALSE	NA	NA	NA	NA	NA	NA
NC_045512.2	7611	A	G	38397	21641	37	3	1	34	7.8125e-05	38400	1	FALSE	NA	NA	NA	NA	NA	NA
NC_045512.2	7612	T	C	38678	21989	37	3	2	34	7.75575e-05	38681	1	FALSE	NA	NA	NA	NA	NA	NA
NC_045512.2	7613	T	C	38549	21944	37	1	1	34	2.59397e-05	38551	1	FALSE	NA	NA	NA	NA	NA	NA
NC_045512.2	7613	T	A	38549	21944	37	1	0	68	2.59397e-05	38551	0.5	FALSE	NA	NA	NA	NA	NA	NA
NC_045512.2	7614	G	T	38410	21787	37	4	4	30	0.000104129	38414	1	FALSE	NA	NA	NA	NA	NA	NA
NC_045512.2	7615	G	T	38441	21632	37	1	1	26	2.60105e-05	38446	1	FALSE	NA	NA	NA	NA	NA	NA
NC_045512.2	7615	G	C	38441	21632	37	4	4	32	0.000104042	38446	1	FALSE	NA	NA	NA	NA	NA	NA
NC_045512.2	7616	A	T	38677	22358	37	1	1	26	2.58518e-05	38682	1	FALSE	NA	NA	NA	NA	NA	NA
NC_045512.2	7616	A	G	38677	22358	37	4	3	34	0.000103407	38682	1	FALSE	NA	NA	NA	NA	NA	NA
NC_045512.2	7616	A	-ATT	38677	22358	37	1	0	20	2.58518e-05	38682	1	FALSE	NA	NA	NA	NA	NA	NA
NC_045512.2	7617	A	G	38638	22544	37	2	2	30	5.17585e-05	38641	1	FALSE	NA	NA	NA	NA	NA	NA
NC_045512.2	7617	A	C	38638	22544	37	1	1	26	2.58792e-05	38641	1	FALSE	NA	NA	NA	NA	NA	NA
NC_045512.2	7618	T	C	38770	22767	37	3	2	38	7.73734e-05	38773	1	FALSE	NA	NA	NA	NA	NA	NA
NC_045512.2	7619	T	C	38306	22389	37	2	2	34	5.22084e-05	38308	1	FALSE	NA	NA	NA	NA	NA	NA
NC_045512.2	7620	G	T	38903	22348	37	1	1	68	2.56997e-05	38911	0.499961	FALSE	NA	NA	NA	NA	NA	NA
NC_045512.2	7620	G	C	38903	22348	37	1	1	27	2.56997e-05	38911	1	FALSE	NA	NA	NA	NA	NA	NA
NC_045512.2	7620	G	A	38903	22348	37	6	2	32	0.000154198	38911	1	FALSE	NA	NA	NA	NA	NA	NA
NC_045512.2	7621	T	C	40560	24331	38	3	2	31	7.39554e-05	40565	1	FALSE	NA	NA	NA	NA	NA	NA
NC_045512.2	7621	T	A	40560	24331	38	2	2	34	4.93036e-05	40565	1	FALSE	NA	NA	NA	NA	NA	NA
NC_045512.2	7622	G	T	40512	24200	37	1	1	34	2.46804e-05	40518	1	FALSE	NA	NA	NA	NA	NA	NA
NC_045512.2	7622	G	C	40512	24200	37	4	4	28	9.87216e-05	40518	1	FALSE	NA	NA	NA	NA	NA	NA
NC_045512.2	7622	G	A	40512	24200	37	1	0	34	2.46804e-05	40518	1	FALSE	NA	NA	NA	NA	NA	NA
NC_045512.2	7623	T	G	40100	23806	37	1	1	26	2.49352e-05	40104	1	FALSE	NA	NA	NA	NA	NA	NA
NC_045512.2	7623	T	C	40100	23806	37	3	1	34	7.48055e-05	40104	1	FALSE	NA	NA	NA	NA	NA	NA
NC_045512.2	7624	T	C	40459	24303	37	3	2	29	7.41418e-05	40463	1	FALSE	NA	NA	NA	NA	NA	NA
NC_045512.2	7624	T	A	40459	24303	37	1	0	34	2.47139e-05	40463	1	FALSE	NA	NA	NA	NA	NA	NA
NC_045512.2	7625	A	T	40092	24218	37	1	1	26	2.4937e-05	40101	1	FALSE	NA	NA	NA	NA	NA	NA
NC_045512.2	7625	A	G	40092	24218	37	7	4	53	0.000174559	40101	0.00780977	TRUE	NA	NA	NA	NA	NA	NA
NC_045512.2	7625	A	C	40092	24218	37	1	1	34	2.4937e-05	40101	1	FALSE	NA	NA	NA	NA	NA	NA
NC_045512.2	7627	T	C	41105	25259	38	2	1	51	4.86535e-05	41107	0.250003	FALSE	NA	NA	NA	NA	NA	NA
NC_045512.2	7628	T	A	41149	25381	38	1	0	34	2.43013e-05	41150	1	FALSE	NA	NA	NA	NA	NA	NA
NC_045512.2	7629	G	C	41595	25347	38	2	2	34	4.80804e-05	41597	1	FALSE	NA	NA	NA	NA	NA	NA
NC_045512.2	7630	T	C	40479	24274	38	6	4	45	0.000148199	40486	0.376946	FALSE	NA	NA	NA	NA	NA	NA
NC_045512.2	7630	T	A	40479	24274	38	1	1	34	2.46999e-05	40486	1	FALSE	NA	NA	NA	NA	NA	NA
NC_045512.2	7631	G	A	40951	24307	38	3	3	31	7.32529e-05	40954	1	FALSE	NA	NA	NA	NA	NA	NA
NC_045512.2	7632	A	T	43878	28488	38	2	1	30	4.55674e-05	43891	1	FALSE	NA	NA	NA	NA	NA	NA
NC_045512.2	7632	A	G	43878	28488	38	11	4	44	0.000250621	43891	0.0592137	FALSE	NA	NA	NA	NA	NA	NA
NC_045512.2	7633	T	C	44254	28850	38	3	2	32	6.77859e-05	44257	1	FALSE	NA	NA	NA	NA	NA	NA
NC_045512.2	7634	A	G	44801	30516	38	16	11	46	0.000356999	44818	0.00590443	TRUE	NA	NA	NA	NA	NA	NA
NC_045512.2	7634	A	C	44801	30516	38	1	1	26	2.23125e-05	44818	1	FALSE	NA	NA	NA	NA	NA	NA
NC_045512.2	7635	C	T	45425	31000	38	2	1	34	4.40238e-05	45430	1	FALSE	NA	NA	NA	NA	NA	NA
NC_045512.2	7635	C	G	45425	31000	38	2	0	30	4.40238e-05	45430	1	FALSE	NA	NA	NA	NA	NA	NA
NC_045512.2	7635	C	A	45425	31000	38	1	1	34	2.20119e-05	45430	1	FALSE	NA	NA	NA	NA	NA	NA
NC_045512.2	7636	A	T	45864	30788	38	1	1	34	2.18017e-05	45868	1	FALSE	NA	NA	NA	NA	NA	NA
NC_045512.2	7636	A	G	45864	30788	38	2	2	34	4.36034e-05	45868	1	FALSE	NA	NA	NA	NA	NA	NA
NC_045512.2	7636	A	C	45864	30788	38	1	1	34	2.18017e-05	45868	1	FALSE	NA	NA	NA	NA	NA	NA
NC_045512.2	7637	T	C	45593	31016	38	5	2	47	0.000109652	45599	0.5	FALSE	NA	NA	NA	NA	NA	NA
NC_045512.2	7637	T	A	45593	31016	38	1	1	34	2.19303e-05	45599	1	FALSE	NA	NA	NA	NA	NA	NA
NC_045512.2	7638	T	C	44737	30263	38	4	3	34	8.93995e-05	44743	1	FALSE	NA	NA	NA	NA	NA	NA
NC_045512.2	7638	T	A	44737	30263	38	2	2	34	4.46997e-05	44743	1	FALSE	NA	NA	NA	NA	NA	NA
NC_045512.2	7639	C	T	42905	30549	36	3	3	45	6.9917e-05	42908	0.773457	FALSE	NA	NA	NA	NA	NA	NA
NC_045512.2	7640	T	C	43042	29591	38	3	3	56	6.96945e-05	43045	0.125	FALSE	NA	NA	NA	NA	NA	NA
NC_045512.2	7641	G	T	43222	29551	38	1	1	34	2.31326e-05	43229	1	FALSE	NA	NA	NA	NA	NA	NA
NC_045512.2	7641	G	A	43222	29551	38	6	0	34	0.000138796	43229	1	FALSE	NA	NA	NA	NA	NA	NA
NC_045512.2	7642	T	G	43761	30187	38	4	2	32	9.13868e-05	43770	1	FALSE	NA	NA	NA	NA	NA	NA
NC_045512.2	7642	T	C	43761	30187	38	4	3	42	9.13868e-05	43770	0.636675	FALSE	NA	NA	NA	NA	NA	NA
NC_045512.2	7642	T	A	43761	30187	38	1	0	34	2.28467e-05	43770	1	FALSE	NA	NA	NA	NA	NA	NA
NC_045512.2	7644	C	T	45425	32903	38	5	4	30	0.000110059	45430	1	FALSE	NA	NA	NA	NA	NA	NA
NC_045512.2	7645	T	C	44316	31900	38	2	0	34	4.51274e-05	44319	1	FALSE	NA	NA	NA	NA	NA	NA
NC_045512.2	7645	T	A	44316	31900	38	1	0	34	2.25637e-05	44319	1	FALSE	NA	NA	NA	NA	NA	NA
NC_045512.2	7646	G	T	44295	31687	38	1	1	26	2.25729e-05	44301	1	FALSE	NA	NA	NA	NA	NA	NA
NC_045512.2	7646	G	A	44295	31687	38	5	3	50	0.000112864	44301	0.0312447	FALSE	NA	NA	NA	NA	NA	NA
NC_045512.2	7647	G	T	44681	31925	38	1	1	34	2.23779e-05	44687	1	FALSE	NA	NA	NA	NA	NA	NA
NC_045512.2	7647	G	A	44681	31925	38	5	5	40	0.000111889	44687	0.5	FALSE	NA	NA	NA	NA	NA	NA
NC_045512.2	7648	T	C	44870	32153	38	6	5	38	0.000133702	44876	1	FALSE	NA	NA	NA	NA	NA	NA
NC_045512.2	7649	A	T	44646	31986	38	1	0	34	2.23959e-05	44651	1	FALSE	NA	NA	NA	NA	NA	NA
NC_045512.2	7649	A	G	44646	31986	38	4	2	34	8.95837e-05	44651	1	FALSE	NA	NA	NA	NA	NA	NA
NC_045512.2	7650	G	T	44547	31708	38	1	1	34	2.24477e-05	44548	1	FALSE	NA	NA	NA	NA	NA	NA
NC_045512.2	7651	T	C	55396	44917	40	10	10	34	0.000180483	55407	1	FALSE	NA	NA	NA	NA	NA	NA
NC_045512.2	7651	T	A	55396	44917	40	1	0	34	1.80483e-05	55407	1	FALSE	NA	NA	NA	NA	NA	NA
NC_045512.2	7652	A	T	55090	46246	39	3	3	31	5.44395e-05	55107	1	FALSE	NA	NA	NA	NA	NA	NA
NC_045512.2	7652	A	G	55090	46246	39	13	10	47	0.000235905	55107	0.0481012	FALSE	NA	NA	NA	NA	NA	NA
NC_045512.2	7652	A	C	55090	46246	39	1	1	34	1.81465e-05	55107	1	FALSE	NA	NA	NA	NA	NA	NA
NC_045512.2	7653	C	T	55232	46662	38	5	5	34	9.05174e-05	55238	1	FALSE	NA	NA	NA	NA	NA	NA
NC_045512.2	7653	C	A	55232	46662	38	1	1	34	1.81035e-05	55238	1	FALSE	NA	NA	NA	NA	NA	NA
NC_045512.2	7654	A	T	55655	46994	39	1	1	34	1.79662e-05	55660	1	FALSE	NA	NA	NA	NA	NA	NA
NC_045512.2	7654	A	G	55655	46994	39	4	3	35	7.18649e-05	55660	1	FALSE	NA	NA	NA	NA	NA	NA
NC_045512.2	7655	T	C	54884	46192	38	7	6	34	0.000127523	54892	1	FALSE	NA	NA	NA	NA	NA	NA
NC_045512.2	7655	T	A	54884	46192	38	1	0	27	1.82176e-05	54892	1	FALSE	NA	NA	NA	NA	NA	NA
NC_045512.2	7656	T	C	55879	47356	39	2	1	30	3.57903e-05	55881	1	FALSE	NA	NA	NA	NA	NA	NA
NC_045512.2	7657	T	C	55155	46675	38	1	1	34	1.81304e-05	55156	1	FALSE	NA	NA	NA	NA	NA	NA
NC_045512.2	7658	A	G	56109	47679	39	1	1	34	1.78221e-05	56110	1	FALSE	NA	NA	NA	NA	NA	NA
NC_045512.2	7658	A	-T	56109	47679	39	1	0	20	1.78221e-05	56110	1	FALSE	NA	NA	NA	NA	NA	NA
NC_045512.2	7659	T	G	62363	55034	39	1	1	34	1.60346e-05	62365	1	FALSE	NA	NA	NA	NA	NA	NA
NC_045512.2	7659	T	C	62363	55034	39	1	0	38	1.60346e-05	62365	1	FALSE	NA	NA	NA	NA	NA	NA
NC_045512.2	7660	T	C	62834	55547	40	4	3	42	6.36557e-05	62838	0.828141	FALSE	NA	NA	NA	NA	NA	NA
NC_045512.2	7661	A	G	62360	55177	39	13	12	36	0.00020842	62374	1	FALSE	NA	NA	NA	NA	NA	NA
NC_045512.2	7661	A	C	62360	55177	39	1	1	34	1.60323e-05	62374	1	FALSE	NA	NA	NA	NA	NA	NA
NC_045512.2	7662	G	A	62429	55439	39	4	3	34	6.40687e-05	62433	1	FALSE	NA	NA	NA	NA	NA	NA
NC_045512.2	7663	T	C	63813	57216	39	2	1	32	3.13401e-05	63816	1	FALSE	NA	NA	NA	NA	NA	NA
NC_045512.2	7663	T	A	63813	57216	39	1	1	34	1.56701e-05	63816	1	FALSE	NA	NA	NA	NA	NA	NA
NC_045512.2	7664	G	C	63911	57764	39	5	5	32	7.82252e-05	63918	1	FALSE	NA	NA	NA	NA	NA	NA
NC_045512.2	7664	G	A	63911	57764	39	2	2	34	3.12901e-05	63918	1	FALSE	NA	NA	NA	NA	NA	NA
NC_045512.2	7665	A	G	63947	57916	39	2	2	40	3.12739e-05	63951	0.964846	FALSE	NA	NA	NA	NA	NA	NA
NC_045512.2	7665	A	C	63947	57916	39	2	2	34	3.12739e-05	63951	1	FALSE	NA	NA	NA	NA	NA	NA
NC_045512.2	7666	T	C	63790	57928	39	7	7	38	0.000109721	63798	1	FALSE	NA	NA	NA	NA	NA	NA
NC_045512.2	7666	T	A	63790	57928	39	1	1	34	1.56745e-05	63798	1	FALSE	NA	NA	NA	NA	NA	NA
NC_045512.2	7667	G	T	63832	57994	39	2	2	34	3.13308e-05	63835	1	FALSE	NA	NA	NA	NA	NA	NA
NC_045512.2	7667	G	A	63832	57994	39	1	1	34	1.56654e-05	63835	1	FALSE	NA	NA	NA	NA	NA	NA
NC_045512.2	7668	A	G	63729	57892	39	3	3	34	4.70721e-05	63732	1	FALSE	NA	NA	NA	NA	NA	NA
NC_045512.2	7669	A	T	63787	57951	39	3	1	42	4.70219e-05	63800	0.910129	FALSE	NA	NA	NA	NA	NA	NA
NC_045512.2	7669	A	G	63787	57951	39	7	4	46	0.000109718	63800	0.499943	FALSE	NA	NA	NA	NA	NA	NA
NC_045512.2	7669	A	C	63787	57951	39	3	3	34	4.70219e-05	63800	1	FALSE	NA	NA	NA	NA	NA	NA
NC_045512.2	7670	G	T	63632	57818	39	5	5	34	7.85694e-05	63638	1	FALSE	NA	NA	NA	NA	NA	NA
NC_045512.2	7670	G	C	63632	57818	39	1	1	34	1.57139e-05	63638	1	FALSE	NA	NA	NA	NA	NA	NA
NC_045512.2	7671	T	C	62776	57121	38	2	1	29	3.18583e-05	62778	1	FALSE	NA	NA	NA	NA	NA	NA
NC_045512.2	7672	T	C	62930	57573	38	18	16	36	0.00028595	62948	1	FALSE	NA	NA	NA	NA	NA	NA
NC_045512.2	7673	G	C	62964	57604	38	1	1	34	1.58816e-05	62966	1	FALSE	NA	NA	NA	NA	NA	NA
NC_045512.2	7673	G	A	62964	57604	38	1	1	34	1.58816e-05	62966	1	FALSE	NA	NA	NA	NA	NA	NA
NC_045512.2	7674	C	T	62769	57437	38	16	15	35	0.000254834	62786	1	FALSE	NA	NA	NA	NA	NA	NA
NC_045512.2	7674	C	A	62769	57437	38	1	1	34	1.59271e-05	62786	1	FALSE	NA	NA	NA	NA	NA	NA
NC_045512.2	7675	G	A	62239	56897	38	1	1	34	1.60668e-05	62240	1	FALSE	NA	NA	NA	NA	NA	NA
NC_045512.2	7676	A	T	62481	57527	38	1	1	34	1.60031e-05	62488	1	FALSE	NA	NA	NA	NA	NA	NA
NC_045512.2	7676	A	G	62481	57527	38	5	5	40	8.00154e-05	62488	0.725586	FALSE	NA	NA	NA	NA	NA	NA
NC_045512.2	7676	A	C	62481	57527	38	1	1	68	1.60031e-05	62488	0.49998	FALSE	NA	NA	NA	NA	NA	NA
NC_045512.2	7677	G	T	62388	57629	38	1	1	34	1.60285e-05	62389	1	FALSE	NA	NA	NA	NA	NA	NA
NC_045512.2	7678	A	G	62060	57405	37	1	1	34	1.61132e-05	62061	1	FALSE	NA	NA	NA	NA	NA	NA
NC_045512.2	7679	G	T	61934	57215	38	2	1	68	3.22893e-05	61940	0.249986	FALSE	NA	NA	NA	NA	NA	NA
NC_045512.2	7679	G	C	61934	57215	38	2	2	30	3.22893e-05	61940	1	FALSE	NA	NA	NA	NA	NA	NA
NC_045512.2	7679	G	A	61934	57215	38	2	2	51	3.22893e-05	61940	0.249986	FALSE	NA	NA	NA	NA	NA	NA
NC_045512.2	7680	A	G	61714	57116	37	11	9	47	0.000178201	61728	0.166119	FALSE	NA	NA	NA	NA	NA	NA
NC_045512.2	7680	A	C	61714	57116	37	3	3	27	4.86003e-05	61728	1	FALSE	NA	NA	NA	NA	NA	NA
NC_045512.2	7680	A	-CTTGT	61714	57116	37	1	0	20	1.62001e-05	61728	1	FALSE	NA	NA	NA	NA	NA	NA
NC_045512.2	7682	T	G	60978	56386	38	4	2	51	6.55813e-05	60993	0.0624744	FALSE	NA	NA	NA	NA	NA	NA
NC_045512.2	7682	T	C	60978	56386	38	8	8	33	0.000131163	60993	1	FALSE	NA	NA	NA	NA	NA	NA
NC_045512.2	7682	T	A	60978	56386	38	3	3	34	4.9186e-05	60993	1	FALSE	NA	NA	NA	NA	NA	NA
NC_045512.2	7683	T	C	60480	55895	38	11	10	40	0.000181842	60492	0.166127	FALSE	NA	NA	NA	NA	NA	NA
NC_045512.2	7683	T	A	60480	55895	38	1	1	34	1.65311e-05	60492	1	FALSE	NA	NA	NA	NA	NA	NA
NC_045512.2	7684	G	C	60993	56404	38	1	1	26	1.63951e-05	60994	1	FALSE	NA	NA	NA	NA	NA	NA
NC_045512.2	7685	T	C	60806	56272	38	3	3	34	4.93348e-05	60809	1	FALSE	NA	NA	NA	NA	NA	NA
NC_045512.2	7686	C	T	60920	56845	37	8	7	35	0.0001313	60929	1	FALSE	NA	NA	NA	NA	NA	NA
NC_045512.2	7686	C	A	60920	56845	37	1	1	34	1.64125e-05	60929	1	FALSE	NA	NA	NA	NA	NA	NA
NC_045512.2	7687	A	T	60477	56411	37	3	2	45	4.95983e-05	60486	0.910144	FALSE	NA	NA	NA	NA	NA	NA
NC_045512.2	7687	A	G	60477	56411	37	5	5	39	8.26638e-05	60486	1	FALSE	NA	NA	NA	NA	NA	NA
NC_045512.2	7687	A	C	60477	56411	37	1	1	26	1.65328e-05	60486	1	FALSE	NA	NA	NA	NA	NA	NA
NC_045512.2	7688	C	T	60540	56505	37	4	4	34	6.60677e-05	60544	1	FALSE	NA	NA	NA	NA	NA	NA
NC_045512.2	7689	T	C	60376	56344	37	7	6	38	0.000115927	60383	1	FALSE	NA	NA	NA	NA	NA	NA
NC_045512.2	7690	A	T	59697	55678	37	3	2	28	5.02479e-05	59704	1	FALSE	NA	NA	NA	NA	NA	NA
NC_045512.2	7690	A	G	59697	55678	37	4	3	42	6.69972e-05	59704	0.746086	FALSE	NA	NA	NA	NA	NA	NA
NC_045512.2	7691	C	T	59944	55926	37	5	5	34	8.34014e-05	59951	1	FALSE	NA	NA	NA	NA	NA	NA
NC_045512.2	7691	C	G	59944	55926	37	1	1	34	1.66803e-05	59951	1	FALSE	NA	NA	NA	NA	NA	NA
NC_045512.2	7691	C	A	59944	55926	37	1	1	34	1.66803e-05	59951	1	FALSE	NA	NA	NA	NA	NA	NA
NC_045512.2	7692	A	G	56963	52999	37	3	3	45	5.26611e-05	56968	0.855472	FALSE	NA	NA	NA	NA	NA	NA
NC_045512.2	7692	A	C	56963	52999	37	2	2	30	3.51074e-05	56968	1	FALSE	NA	NA	NA	NA	NA	NA
NC_045512.2	7693	G	C	56505	52844	37	1	1	68	1.76972e-05	56506	0.500004	FALSE	NA	NA	NA	NA	NA	NA
NC_045512.2	7693	G	-T	56505	52844	37	1	0	20	1.76972e-05	56506	1	FALSE	NA	NA	NA	NA	NA	NA
NC_045512.2	7694	T	C	49326	45695	35	7	6	33	0.000141893	49333	1	FALSE	NA	NA	NA	NA	NA	NA
NC_045512.2	7695	T	G	55952	52330	37	1	1	34	1.78702e-05	55959	1	FALSE	NA	NA	NA	NA	NA	NA
NC_045512.2	7695	T	C	55952	52330	37	6	5	39	0.000107221	55959	1	FALSE	NA	NA	NA	NA	NA	NA
NC_045512.2	7696	T	C	55990	52368	37	2	2	34	3.57188e-05	55993	1	FALSE	NA	NA	NA	NA	NA	NA
NC_045512.2	7696	T	A	55990	52368	37	1	1	34	1.78594e-05	55993	1	FALSE	NA	NA	NA	NA	NA	NA
NC_045512.2	7696	T	-A	55990	52368	37	5	0	20	8.92969e-05	55993	1	FALSE	NA	NA	NA	NA	NA	NA
NC_045512.2	7697	A	T	55573	52006	37	3	3	38	5.39782e-05	55578	1	FALSE	NA	NA	NA	NA	NA	NA
NC_045512.2	7697	A	G	55573	52006	37	1	1	26	1.79927e-05	55578	1	FALSE	NA	NA	NA	NA	NA	NA
NC_045512.2	7697	A	C	55573	52006	37	1	0	68	1.79927e-05	55578	0.499964	FALSE	NA	NA	NA	NA	NA	NA
NC_045512.2	7698	A	G	55545	51978	37	7	7	38	0.000126008	55552	1	FALSE	NA	NA	NA	NA	NA	NA
NC_045512.2	7699	A	G	55421	51876	37	4	4	32	7.21696e-05	55425	1	FALSE	NA	NA	NA	NA	NA	NA
NC_045512.2	7700	A	T	73444	52164	36	3	3	34	4.08291e-05	73477	1	FALSE	NA	NA	NA	NA	NA	NA
NC_045512.2	7700	A	G	73444	52164	36	22	21	36	0.000299413	73477	1	FALSE	NA	NA	NA	NA	NA	NA
NC_045512.2	7700	A	C	73444	52164	36	8	4	34	0.000108878	73477	1	FALSE	NA	NA	NA	NA	NA	NA
NC_045512.2	7701	G	A	73653	52128	36	3	3	34	4.07299e-05	73656	1	FALSE	NA	NA	NA	NA	NA	NA
NC_045512.2	7702	A	T	71448	50076	36	2	2	34	2.79889e-05	71457	1	FALSE	NA	NA	NA	NA	NA	NA
NC_045512.2	7702	A	G	71448	50076	36	7	3	33	9.7961e-05	71457	1	FALSE	NA	NA	NA	NA	NA	NA
NC_045512.2	7702	A	+C	71448	50076	36	4	0	20	5.59777e-05	71457	1	FALSE	NA	NA	NA	NA	NA	NA
NC_045512.2	7703	C	T	71982	50103	36	3	2	34	4.1673e-05	71989	1	FALSE	NA	NA	NA	NA	NA	NA
NC_045512.2	7703	C	G	71982	50103	36	2	0	30	2.7782e-05	71989	1	FALSE	NA	NA	NA	NA	NA	NA
NC_045512.2	7703	C	A	71982	50103	36	2	2	34	2.7782e-05	71989	1	FALSE	NA	NA	NA	NA	NA	NA
NC_045512.2	7704	C	T	72626	50295	36	14	6	35	0.000192721	72644	1	FALSE	NA	NA	NA	NA	NA	NA
NC_045512.2	7704	C	A	72626	50295	36	4	4	34	5.5063e-05	72644	1	FALSE	NA	NA	NA	NA	NA	NA
NC_045512.2	7704	C	+A	72626	50295	36	1	0	20	1.37658e-05	72644	1	FALSE	NA	NA	NA	NA	NA	NA
NC_045512.2	7705	A	T	72623	49747	36	1	0	34	1.37665e-05	72640	1	FALSE	NA	NA	NA	NA	NA	NA
NC_045512.2	7705	A	G	72623	49747	36	13	8	35	0.000178965	72640	1	FALSE	NA	NA	NA	NA	NA	NA
NC_045512.2	7705	A	C	72623	49747	36	3	2	31	4.12996e-05	72640	1	FALSE	NA	NA	NA	NA	NA	NA
NC_045512.2	7706	A	G	72762	49869	36	5	3	32	6.87096e-05	72770	1	FALSE	NA	NA	NA	NA	NA	NA
NC_045512.2	7706	A	C	72762	49869	36	3	3	34	4.12258e-05	72770	1	FALSE	NA	NA	NA	NA	NA	NA
NC_045512.2	7707	T	C	72695	49830	36	2	2	34	2.75115e-05	72697	1	FALSE	NA	NA	NA	NA	NA	NA
NC_045512.2	7707	T	-A	72695	49830	36	1	0	20	1.37557e-05	72697	1	FALSE	NA	NA	NA	NA	NA	NA
NC_045512.2	7708	A	G	73015	49908	36	4	3	49	5.47795e-05	73020	0.886723	FALSE	NA	NA	NA	NA	NA	NA
NC_045512.2	7708	A	C	73015	49908	36	1	0	34	1.36949e-05	73020	1	FALSE	NA	NA	NA	NA	NA	NA
NC_045512.2	7709	A	T	73497	49814	36	3	2	34	4.0813e-05	73506	1	FALSE	NA	NA	NA	NA	NA	NA
NC_045512.2	7709	A	G	73497	49814	36	5	4	37	6.80217e-05	73506	1	FALSE	NA	NA	NA	NA	NA	NA
NC_045512.2	7709	A	C	73497	49814	36	1	1	26	1.36043e-05	73506	1	FALSE	NA	NA	NA	NA	NA	NA
NC_045512.2	7710	A	G	73616	49759	36	4	3	34	5.43323e-05	73621	1	FALSE	NA	NA	NA	NA	NA	NA
NC_045512.2	7710	A	C	73616	49759	36	1	0	34	1.35831e-05	73621	1	FALSE	NA	NA	NA	NA	NA	NA
NC_045512.2	7711	T	C	73705	49770	36	5	5	30	6.78334e-05	73710	1	FALSE	NA	NA	NA	NA	NA	NA
NC_045512.2	7712	C	T	73566	49829	36	2	0	34	2.7185e-05	73570	1	FALSE	NA	NA	NA	NA	NA	NA
NC_045512.2	7712	C	G	73566	49829	36	2	2	34	2.7185e-05	73570	1	FALSE	NA	NA	NA	NA	NA	NA
NC_045512.2	7713	C	G	74445	49169	36	2	2	34	2.68644e-05	74448	1	FALSE	NA	NA	NA	NA	NA	NA
NC_045512.2	7713	C	A	74445	49169	36	1	1	34	1.34322e-05	74448	1	FALSE	NA	NA	NA	NA	NA	NA
NC_045512.2	7714	T	G	74026	48656	36	3	0	28	4.05208e-05	74036	1	FALSE	NA	NA	NA	NA	NA	NA
NC_045512.2	7714	T	C	74026	48656	36	5	3	30	6.75347e-05	74036	1	FALSE	NA	NA	NA	NA	NA	NA
NC_045512.2	7714	T	A	74026	48656	36	2	2	34	2.70139e-05	74036	1	FALSE	NA	NA	NA	NA	NA	NA
NC_045512.2	7715	A	T	74293	48751	36	1	1	34	1.34593e-05	74298	1	FALSE	NA	NA	NA	NA	NA	NA
NC_045512.2	7715	A	G	74293	48751	36	4	2	34	5.38372e-05	74298	1	FALSE	NA	NA	NA	NA	NA	NA
NC_045512.2	7716	C	T	74240	48907	36	5	1	34	6.73419e-05	74248	1	FALSE	NA	NA	NA	NA	NA	NA
NC_045512.2	7716	C	G	74240	48907	36	1	0	34	1.34684e-05	74248	1	FALSE	NA	NA	NA	NA	NA	NA
NC_045512.2	7716	C	A	74240	48907	36	2	2	47	2.69368e-05	74248	0.980467	FALSE	NA	NA	NA	NA	NA	NA
NC_045512.2	7717	T	C	73275	47955	36	1	0	46	1.3647e-05	73276	0.996095	FALSE	NA	NA	NA	NA	NA	NA
NC_045512.2	7718	G	T	74070	48148	36	1	0	34	1.34989e-05	74080	1	FALSE	NA	NA	NA	NA	NA	NA
NC_045512.2	7718	G	C	74070	48148	36	6	6	31	8.09935e-05	74080	1	FALSE	NA	NA	NA	NA	NA	NA
NC_045512.2	7718	G	A	74070	48148	36	3	2	45	4.04968e-05	74080	0.945304	FALSE	NA	NA	NA	NA	NA	NA
NC_045512.2	7719	A	T	73520	47616	36	2	2	34	2.72009e-05	73527	1	FALSE	NA	NA	NA	NA	NA	NA
NC_045512.2	7719	A	G	73520	47616	36	3	2	31	4.08013e-05	73527	1	FALSE	NA	NA	NA	NA	NA	NA
NC_045512.2	7719	A	C	73520	47616	36	2	2	34	2.72009e-05	73527	1	FALSE	NA	NA	NA	NA	NA	NA
NC_045512.2	7719	A	-C	73520	47616	36	1	0	20	1.36004e-05	73527	1	FALSE	NA	NA	NA	NA	NA	NA
NC_045512.2	7720	C	T	73605	47973	35	1	0	34	1.35855e-05	73608	1	FALSE	NA	NA	NA	NA	NA	NA
NC_045512.2	7720	C	G	73605	47973	35	2	1	34	2.7171e-05	73608	1	FALSE	NA	NA	NA	NA	NA	NA
NC_045512.2	7721	C	T	73197	47675	35	5	4	40	6.83032e-05	73203	0.806162	FALSE	NA	NA	NA	NA	NA	NA
NC_045512.2	7721	C	A	73197	47675	35	1	1	34	1.36606e-05	73203	1	FALSE	NA	NA	NA	NA	NA	NA
NC_045512.2	7722	A	T	70941	45357	35	6	5	34	8.45547e-05	70960	1	FALSE	NA	NA	NA	NA	NA	NA
NC_045512.2	7722	A	G	70941	45357	35	11	6	37	0.000155017	70960	1	FALSE	NA	NA	NA	NA	NA	NA
NC_045512.2	7722	A	C	70941	45357	35	2	2	34	2.81849e-05	70960	1	FALSE	NA	NA	NA	NA	NA	NA
NC_045512.2	7723	G	T	74270	45461	35	5	4	61	6.73156e-05	74277	0.0312468	FALSE	NA	NA	NA	NA	NA	NA
NC_045512.2	7723	G	C	74270	45461	35	1	1	34	1.34631e-05	74277	1	FALSE	NA	NA	NA	NA	NA	NA
NC_045512.2	7723	G	A	74270	45461	35	1	0	34	1.34631e-05	74277	1	FALSE	NA	NA	NA	NA	NA	NA
NC_045512.2	7724	T	G	73902	45147	35	1	1	26	1.35305e-05	73907	1	FALSE	NA	NA	NA	NA	NA	NA
NC_045512.2	7724	T	C	73902	45147	35	4	2	34	5.41221e-05	73907	1	FALSE	NA	NA	NA	NA	NA	NA
NC_045512.2	7725	C	G	74520	45431	35	1	0	34	1.34189e-05	74522	1	FALSE	NA	NA	NA	NA	NA	NA
NC_045512.2	7725	C	A	74520	45431	35	1	1	68	1.34189e-05	74522	0.5	FALSE	NA	NA	NA	NA	NA	NA
NC_045512.2	7726	T	G	75319	45460	35	1	0	34	1.32755e-05	75327	1	FALSE	NA	NA	NA	NA	NA	NA
NC_045512.2	7726	T	C	75319	45460	35	7	5	32	9.29282e-05	75327	1	FALSE	NA	NA	NA	NA	NA	NA
NC_045512.2	7727	T	C	74165	43938	35	5	1	34	6.74127e-05	74170	1	FALSE	NA	NA	NA	NA	NA	NA
NC_045512.2	7728	C	T	74812	44838	35	5	1	47	6.68288e-05	74818	0.806162	FALSE	NA	NA	NA	NA	NA	NA
NC_045512.2	7728	C	A	74812	44838	35	1	1	34	1.33658e-05	74818	1	FALSE	NA	NA	NA	NA	NA	NA
NC_045512.2	7728	C	-T	74812	44838	35	1	0	20	1.33658e-05	74818	1	FALSE	NA	NA	NA	NA	NA	NA
NC_045512.2	7729	T	C	74647	44630	35	7	3	38	9.37647e-05	74655	1	FALSE	NA	NA	NA	NA	NA	NA
NC_045512.2	7729	T	A	74647	44630	35	1	0	34	1.3395e-05	74655	1	FALSE	NA	NA	NA	NA	NA	NA
NC_045512.2	7730	T	G	74642	44647	35	2	0	34	2.67906e-05	74653	1	FALSE	NA	NA	NA	NA	NA	NA
NC_045512.2	7730	T	C	74642	44647	35	9	7	34	0.000120558	74653	1	FALSE	NA	NA	NA	NA	NA	NA
NC_045512.2	7731	A	T	74517	44483	35	2	1	30	2.68374e-05	74523	1	FALSE	NA	NA	NA	NA	NA	NA
NC_045512.2	7731	A	G	74517	44483	35	4	2	34	5.36747e-05	74523	1	FALSE	NA	NA	NA	NA	NA	NA
NC_045512.2	7732	C	T	73381	43515	35	2	1	34	2.72539e-05	73384	1	FALSE	NA	NA	NA	NA	NA	NA
NC_045512.2	7732	C	G	73381	43515	35	1	0	34	1.36269e-05	73384	1	FALSE	NA	NA	NA	NA	NA	NA
NC_045512.2	7733	A	G	69809	39939	35	7	3	34	0.000100264	69816	1	FALSE	NA	NA	NA	NA	NA	NA
NC_045512.2	7734	T	G	69860	39656	35	2	1	30	2.86258e-05	69867	1	FALSE	NA	NA	NA	NA	NA	NA
NC_045512.2	7734	T	C	69860	39656	35	5	3	34	7.15645e-05	69867	1	FALSE	NA	NA	NA	NA	NA	NA
NC_045512.2	7735	C	T	68490	37766	35	3	1	34	4.37982e-05	68496	1	FALSE	NA	NA	NA	NA	NA	NA
NC_045512.2	7735	C	G	68490	37766	35	1	1	34	1.45994e-05	68496	1	FALSE	NA	NA	NA	NA	NA	NA
NC_045512.2	7735	C	A	68490	37766	35	2	2	34	2.91988e-05	68496	1	FALSE	NA	NA	NA	NA	NA	NA
NC_045512.2	7736	G	T	68413	37241	35	1	1	34	1.46154e-05	68421	1	FALSE	NA	NA	NA	NA	NA	NA
NC_045512.2	7736	G	C	68413	37241	35	2	2	34	2.92308e-05	68421	1	FALSE	NA	NA	NA	NA	NA	NA
NC_045512.2	7736	G	A	68413	37241	35	5	4	47	7.3077e-05	68421	0.725578	FALSE	NA	NA	NA	NA	NA	NA
NC_045512.2	7737	T	G	62682	31705	33	1	0	26	1.5953e-05	62684	1	FALSE	NA	NA	NA	NA	NA	NA
NC_045512.2	7737	T	C	62682	31705	33	1	1	34	1.5953e-05	62684	1	FALSE	NA	NA	NA	NA	NA	NA
NC_045512.2	7738	T	G	68313	37368	35	1	1	34	1.46355e-05	68327	1	FALSE	NA	NA	NA	NA	NA	NA
NC_045512.2	7738	T	C	68313	37368	35	12	7	34	0.000175626	68327	1	FALSE	NA	NA	NA	NA	NA	NA
NC_045512.2	7738	T	A	68313	37368	35	1	0	26	1.46355e-05	68327	1	FALSE	NA	NA	NA	NA	NA	NA
NC_045512.2	7739	G	T	68365	37292	35	3	3	34	4.38795e-05	68369	1	FALSE	NA	NA	NA	NA	NA	NA
NC_045512.2	7739	G	A	68365	37292	35	1	1	34	1.46265e-05	68369	1	FALSE	NA	NA	NA	NA	NA	NA
NC_045512.2	7740	A	T	68357	37455	35	1	0	34	1.46276e-05	68364	1	FALSE	NA	NA	NA	NA	NA	NA
NC_045512.2	7740	A	G	68357	37455	35	5	3	39	7.31379e-05	68364	1	FALSE	NA	NA	NA	NA	NA	NA
NC_045512.2	7740	A	C	68357	37455	35	1	1	26	1.46276e-05	68364	1	FALSE	NA	NA	NA	NA	NA	NA
NC_045512.2	7741	T	G	68696	37331	35	1	0	26	1.45541e-05	68709	1	FALSE	NA	NA	NA	NA	NA	NA
NC_045512.2	7741	T	C	68696	37331	35	11	3	31	0.000160095	68709	1	FALSE	NA	NA	NA	NA	NA	NA
NC_045512.2	7741	T	A	68696	37331	35	1	0	34	1.45541e-05	68709	1	FALSE	NA	NA	NA	NA	NA	NA
NC_045512.2	7742	A	T	67452	36799	35	5	4	29	7.41004e-05	67476	1	FALSE	NA	NA	NA	NA	NA	NA
NC_045512.2	7742	A	G	67452	36799	35	18	7	34	0.000266762	67476	1	FALSE	NA	NA	NA	NA	NA	NA
NC_045512.2	7742	A	C	67452	36799	35	1	1	34	1.48201e-05	67476	1	FALSE	NA	NA	NA	NA	NA	NA
NC_045512.2	7743	G	T	72807	36780	35	1	0	68	1.37344e-05	72810	0.499997	FALSE	NA	NA	NA	NA	NA	NA
NC_045512.2	7743	G	C	72807	36780	35	2	2	34	2.74688e-05	72810	1	FALSE	NA	NA	NA	NA	NA	NA
NC_045512.2	7744	T	G	36904	1546	35	1	0	34	2.70929e-05	36910	1	FALSE	NA	NA	NA	NA	NA	NA
NC_045512.2	7744	T	C	36904	1546	35	5	0	40	0.000135465	36910	0.363274	FALSE	NA	NA	NA	NA	NA	NA
NC_045512.2	7745	G	T	37201	1554	35	2	0	34	5.37548e-05	37206	1	FALSE	NA	NA	NA	NA	NA	NA
NC_045512.2	7745	G	A	37201	1554	35	3	0	31	8.06322e-05	37206	1	FALSE	NA	NA	NA	NA	NA	NA
NC_045512.2	7745	G	-T	37201	1554	35	2	0	20	5.37548e-05	37206	1	FALSE	NA	NA	NA	NA	NA	NA
NC_045512.2	7746	T	A	37259	1581	35	2	0	34	5.36754e-05	37261	1	FALSE	NA	NA	NA	NA	NA	NA
NC_045512.2	7747	T	C	37247	1583	35	2	1	51	5.36927e-05	37249	0.250003	FALSE	NA	NA	NA	NA	NA	NA
NC_045512.2	7748	A	G	37052	1586	35	5	0	34	0.000134927	37057	1	FALSE	NA	NA	NA	NA	NA	NA
NC_045512.2	7749	C	T	37464	1588	35	4	1	42	0.000106758	37468	0.500015	FALSE	NA	NA	NA	NA	NA	NA
NC_045512.2	7750	A	G	37399	1588	35	5	0	30	0.000133676	37404	1	FALSE	NA	NA	NA	NA	NA	NA
NC_045512.2	7751	G	A	38994	1607	35	2	0	34	5.12873e-05	38996	1	FALSE	NA	NA	NA	NA	NA	NA
NC_045512.2	7752	T	G	39046	1987	36	1	0	26	2.56082e-05	39050	1	FALSE	NA	NA	NA	NA	NA	NA
NC_045512.2	7752	T	C	39046	1987	36	2	0	29	5.12164e-05	39050	1	FALSE	NA	NA	NA	NA	NA	NA
NC_045512.2	7752	T	A	39046	1987	36	1	0	34	2.56082e-05	39050	1	FALSE	NA	NA	NA	NA	NA	NA
NC_045512.2	7753	G	T	39505	1996	36	2	1	51	5.06227e-05	39508	0.249997	FALSE	NA	NA	NA	NA	NA	NA
NC_045512.2	7753	G	A	39505	1996	36	1	0	34	2.53113e-05	39508	1	FALSE	NA	NA	NA	NA	NA	NA
NC_045512.2	7753	G	-A	39505	1996	36	1	0	20	2.53113e-05	39508	1	FALSE	NA	NA	NA	NA	NA	NA
NC_045512.2	7754	A	G	39515	1999	36	10	0	37	0.000253004	39525	0.999995	FALSE	NA	NA	NA	NA	NA	NA
NC_045512.2	7755	A	G	39257	2004	35	2	0	34	5.09424e-05	39260	1	FALSE	NA	NA	NA	NA	NA	NA
NC_045512.2	7755	A	C	39257	2004	35	1	0	26	2.54712e-05	39260	1	FALSE	NA	NA	NA	NA	NA	NA
NC_045512.2	7757	A	G	39699	2118	35	3	0	34	7.55629e-05	39702	1	FALSE	NA	NA	NA	NA	NA	NA
NC_045512.2	7758	A	G	40419	2407	36	3	0	34	7.4217e-05	40422	1	FALSE	NA	NA	NA	NA	NA	NA
NC_045512.2	7759	T	G	40634	2409	36	1	0	34	2.46075e-05	40638	1	FALSE	NA	NA	NA	NA	NA	NA
NC_045512.2	7759	T	C	40634	2409	36	3	0	34	7.38225e-05	40638	1	FALSE	NA	NA	NA	NA	NA	NA
NC_045512.2	7761	G	A	41542	2614	37	1	0	34	2.40714e-05	41543	1	FALSE	NA	NA	NA	NA	NA	NA
NC_045512.2	7762	T	G	41561	2643	37	4	0	34	9.62279e-05	41568	1	FALSE	NA	NA	NA	NA	NA	NA
NC_045512.2	7762	T	C	41561	2643	37	3	1	42	7.21709e-05	41568	0.773418	FALSE	NA	NA	NA	NA	NA	NA
NC_045512.2	7763	T	G	41596	2666	37	2	0	26	4.80723e-05	41604	1	FALSE	NA	NA	NA	NA	NA	NA
NC_045512.2	7763	T	C	41596	2666	37	4	0	34	9.61446e-05	41604	1	FALSE	NA	NA	NA	NA	NA	NA
NC_045512.2	7763	T	A	41596	2666	37	2	0	30	4.80723e-05	41604	1	FALSE	NA	NA	NA	NA	NA	NA
NC_045512.2	7764	C	T	41575	2666	37	1	0	34	2.40523e-05	41576	1	FALSE	NA	NA	NA	NA	NA	NA
NC_045512.2	7765	C	T	41795	2679	37	1	0	34	2.39246e-05	41798	1	FALSE	NA	NA	NA	NA	NA	NA
NC_045512.2	7765	C	G	41795	2679	37	1	0	34	2.39246e-05	41798	1	FALSE	NA	NA	NA	NA	NA	NA
NC_045512.2	7765	C	A	41795	2679	37	1	0	34	2.39246e-05	41798	1	FALSE	NA	NA	NA	NA	NA	NA
NC_045512.2	7766	A	T	42289	3200	38	1	0	34	2.36451e-05	42292	1	FALSE	NA	NA	NA	NA	NA	NA
NC_045512.2	7766	A	G	42289	3200	38	2	1	29	4.72903e-05	42292	1	FALSE	NA	NA	NA	NA	NA	NA
NC_045512.2	7767	T	C	42310	3237	38	12	1	41	0.00028354	42322	0.0383965	FALSE	NA	NA	NA	NA	NA	NA
NC_045512.2	7768	C	G	43122	3264	37	1	0	34	2.31889e-05	43124	1	FALSE	NA	NA	NA	NA	NA	NA
NC_045512.2	7768	C	A	43122	3264	37	1	0	34	2.31889e-05	43124	1	FALSE	NA	NA	NA	NA	NA	NA
NC_045512.2	7769	C	T	43813	3319	37	1	0	68	2.28206e-05	43820	0.499971	FALSE	NA	NA	NA	NA	NA	NA
NC_045512.2	7769	C	G	43813	3319	37	2	0	30	4.56413e-05	43820	1	FALSE	NA	NA	NA	NA	NA	NA
NC_045512.2	7769	C	A	43813	3319	37	4	0	34	9.12825e-05	43820	1	FALSE	NA	NA	NA	NA	NA	NA
NC_045512.2	7770	A	G	43985	3323	37	1	0	34	2.2734e-05	43987	1	FALSE	NA	NA	NA	NA	NA	NA
NC_045512.2	7770	A	C	43985	3323	37	1	0	34	2.2734e-05	43987	1	FALSE	NA	NA	NA	NA	NA	NA
NC_045512.2	7771	T	G	44410	3328	37	1	0	34	2.25159e-05	44413	1	FALSE	NA	NA	NA	NA	NA	NA
NC_045512.2	7771	T	C	44410	3328	37	2	0	34	4.50319e-05	44413	1	FALSE	NA	NA	NA	NA	NA	NA
NC_045512.2	7772	C	G	44490	3348	38	2	0	30	4.49509e-05	44493	1	FALSE	NA	NA	NA	NA	NA	NA
NC_045512.2	7772	C	A	44490	3348	38	1	0	34	2.24754e-05	44493	1	FALSE	NA	NA	NA	NA	NA	NA
NC_045512.2	7773	T	G	44473	3435	38	2	2	68	4.49681e-05	44476	0.249997	FALSE	NA	NA	NA	NA	NA	NA
NC_045512.2	7773	T	C	44473	3435	38	1	0	34	2.2484e-05	44476	1	FALSE	NA	NA	NA	NA	NA	NA
NC_045512.2	7774	T	C	44492	3581	38	1	0	34	2.24749e-05	44494	1	FALSE	NA	NA	NA	NA	NA	NA
NC_045512.2	7774	T	A	44492	3581	38	1	0	34	2.24749e-05	44494	1	FALSE	NA	NA	NA	NA	NA	NA
NC_045512.2	7775	T	G	44500	3626	38	1	0	34	2.24689e-05	44506	1	FALSE	NA	NA	NA	NA	NA	NA
NC_045512.2	7775	T	C	44500	3626	38	2	1	68	4.49378e-05	44506	0.24998	FALSE	NA	NA	NA	NA	NA	NA
NC_045512.2	7775	T	A	44500	3626	38	3	0	31	6.74066e-05	44506	1	FALSE	NA	NA	NA	NA	NA	NA
NC_045512.2	7776	A	T	44537	3615	38	1	0	26	2.24522e-05	44539	1	FALSE	NA	NA	NA	NA	NA	NA
NC_045512.2	7776	A	G	44537	3615	38	1	0	68	2.24522e-05	44539	0.5	FALSE	NA	NA	NA	NA	NA	NA
NC_045512.2	7777	C	T	44598	3627	38	3	0	34	6.72631e-05	44601	1	FALSE	NA	NA	NA	NA	NA	NA
NC_045512.2	7778	T	G	44646	3625	38	1	1	27	2.23949e-05	44653	1	FALSE	NA	NA	NA	NA	NA	NA
NC_045512.2	7778	T	C	44646	3625	38	5	1	47	0.000111975	44653	0.499986	FALSE	NA	NA	NA	NA	NA	NA
NC_045512.2	7778	T	A	44646	3625	38	1	0	26	2.23949e-05	44653	1	FALSE	NA	NA	NA	NA	NA	NA
NC_045512.2	7779	T	A	44650	3633	38	1	0	34	2.23959e-05	44651	1	FALSE	NA	NA	NA	NA	NA	NA
NC_045512.2	7780	T	G	44749	3606	38	2	0	30	4.46857e-05	44757	1	FALSE	NA	NA	NA	NA	NA	NA
NC_045512.2	7780	T	C	44749	3606	38	4	1	42	8.93715e-05	44757	0.636688	FALSE	NA	NA	NA	NA	NA	NA
NC_045512.2	7780	T	A	44749	3606	38	2	0	30	4.46857e-05	44757	1	FALSE	NA	NA	NA	NA	NA	NA
NC_045512.2	7781	G	C	44825	3648	38	1	0	34	2.2308e-05	44827	1	FALSE	NA	NA	NA	NA	NA	NA
NC_045512.2	7781	G	A	44825	3648	38	1	0	34	2.2308e-05	44827	1	FALSE	NA	NA	NA	NA	NA	NA
NC_045512.2	7782	A	T	43929	3885	38	2	0	34	4.55208e-05	43936	1	FALSE	NA	NA	NA	NA	NA	NA
NC_045512.2	7782	A	G	43929	3885	38	5	0	34	0.000113802	43936	1	FALSE	NA	NA	NA	NA	NA	NA
NC_045512.2	7783	T	G	43973	4345	38	2	1	26	4.54742e-05	43981	1	FALSE	NA	NA	NA	NA	NA	NA
NC_045512.2	7783	T	C	43973	4345	38	5	0	34	0.000113685	43981	1	FALSE	NA	NA	NA	NA	NA	NA
NC_045512.2	7783	T	A	43973	4345	38	1	0	34	2.27371e-05	43981	1	FALSE	NA	NA	NA	NA	NA	NA
NC_045512.2	7784	A	G	37080	5119	37	12	0	36	0.00032352	37092	0.999929	FALSE	NA	NA	NA	NA	NA	NA
NC_045512.2	7785	A	T	37228	5210	38	1	1	24	2.68586e-05	37232	1	FALSE	NA	NA	NA	NA	NA	NA
NC_045512.2	7785	A	G	37228	5210	38	3	1	30	8.05758e-05	37232	1	FALSE	NA	NA	NA	NA	NA	NA
NC_045512.2	7786	A	G	35971	5327	37	4	0	34	0.000111185	35976	1	FALSE	NA	NA	NA	NA	NA	NA
NC_045512.2	7786	A	C	35971	5327	37	1	1	68	2.77963e-05	35976	0.499979	FALSE	NA	NA	NA	NA	NA	NA
NC_045512.2	7787	G	C	36596	5345	38	1	1	27	2.73246e-05	36597	1	FALSE	NA	NA	NA	NA	NA	NA
NC_045512.2	7788	C	T	35620	5481	38	3	2	53	8.42153e-05	35623	0.125	FALSE	NA	NA	NA	NA	NA	NA
NC_045512.2	7789	T	C	35686	5788	38	2	0	34	5.60412e-05	35688	1	FALSE	NA	NA	NA	NA	NA	NA
NC_045512.2	7789	T	-G	35686	5788	38	1	0	20	2.80206e-05	35688	1	FALSE	NA	NA	NA	NA	NA	NA
NC_045512.2	7790	G	A	36096	5775	38	5	1	30	0.0001385	36101	1	FALSE	NA	NA	NA	NA	NA	NA
NC_045512.2	7791	G	A	36409	5875	38	5	1	46	0.00013731	36414	0.363289	FALSE	NA	NA	NA	NA	NA	NA
NC_045512.2	7792	T	G	36136	6185	38	2	0	34	5.5322e-05	36152	1	FALSE	NA	NA	NA	NA	NA	NA
NC_045512.2	7792	T	C	36136	6185	38	12	0	34	0.000331932	36152	0.999889	FALSE	NA	NA	NA	NA	NA	NA
NC_045512.2	7792	T	A	36136	6185	38	2	0	30	5.5322e-05	36152	1	FALSE	NA	NA	NA	NA	NA	NA
NC_045512.2	7793	C	T	33087	6586	38	7	0	34	0.0002115	33097	0.999996	FALSE	NA	NA	NA	NA	NA	NA
NC_045512.2	7793	C	A	33087	6586	38	3	1	31	9.06427e-05	33097	1	FALSE	NA	NA	NA	NA	NA	NA
NC_045512.2	7793	C	-A	33087	6586	38	5	0	20	0.000151071	33097	1	FALSE	NA	NA	NA	NA	NA	NA
NC_045512.2	7794	A	T	32970	6502	38	1	1	46	3.03269e-05	32974	0.937483	FALSE	NA	NA	NA	NA	NA	NA
NC_045512.2	7794	A	G	32970	6502	38	3	0	42	9.09808e-05	32974	0.6562	FALSE	NA	NA	NA	NA	NA	NA
NC_045512.2	7795	A	G	32913	6556	38	2	0	30	6.07607e-05	32916	1	FALSE	NA	NA	NA	NA	NA	NA
NC_045512.2	7795	A	C	32913	6556	38	1	0	34	3.03804e-05	32916	1	FALSE	NA	NA	NA	NA	NA	NA
NC_045512.2	7796	A	G	32925	6569	38	7	3	34	0.000212559	32932	0.999993	FALSE	NA	NA	NA	NA	NA	NA
NC_045512.2	7797	A	G	33014	6577	38	12	0	35	0.000363339	33027	0.99959	FALSE	NA	NA	NA	NA	NA	NA
NC_045512.2	7797	A	C	33014	6577	38	1	0	34	3.02783e-05	33027	1	FALSE	NA	NA	NA	NA	NA	NA
NC_045512.2	7798	G	A	33184	6580	38	1	0	68	3.01341e-05	33185	0.500008	FALSE	NA	NA	NA	NA	NA	NA
NC_045512.2	7799	A	G	32835	6824	38	2	0	30	6.09069e-05	32837	1	FALSE	NA	NA	NA	NA	NA	NA
NC_045512.2	7801	T	C	33103	6826	38	2	1	34	6.04138e-05	33105	1	FALSE	NA	NA	NA	NA	NA	NA
NC_045512.2	7802	T	G	33037	6798	38	6	0	31	0.000181565	33046	0.999999	FALSE	NA	NA	NA	NA	NA	NA
NC_045512.2	7802	T	C	33037	6798	38	3	1	34	9.07825e-05	33046	1	FALSE	NA	NA	NA	NA	NA	NA
NC_045512.2	7803	A	G	33368	6817	38	1	0	34	2.99679e-05	33369	1	FALSE	NA	NA	NA	NA	NA	NA
NC_045512.2	7804	T	C	32895	6849	38	2	1	51	6.07921e-05	32899	0.249989	FALSE	NA	NA	NA	NA	NA	NA
NC_045512.2	7804	T	A	32895	6849	38	2	1	34	6.07921e-05	32899	1	FALSE	NA	NA	NA	NA	NA	NA
NC_045512.2	7805	G	T	32255	6927	38	1	0	34	3.1002e-05	32256	1	FALSE	NA	NA	NA	NA	NA	NA
NC_045512.2	7807	A	G	32076	7057	38	12	1	36	0.000373972	32088	0.999373	FALSE	NA	NA	NA	NA	NA	NA
NC_045512.2	7808	A	G	32164	7058	38	2	1	51	6.21775e-05	32166	0.250004	FALSE	NA	NA	NA	NA	NA	NA
NC_045512.2	7809	G	A	31860	7154	38	2	0	34	6.27707e-05	31862	1	FALSE	NA	NA	NA	NA	NA	NA
NC_045512.2	7810	A	G	31788	7191	37	3	1	34	9.43515e-05	31796	1	FALSE	NA	NA	NA	NA	NA	NA
NC_045512.2	7810	A	C	31788	7191	37	5	5	31	0.000157252	31796	0.999999	FALSE	NA	NA	NA	NA	NA	NA
NC_045512.2	7811	C	T	31802	7612	38	2	0	68	6.28792e-05	31807	0.24998	FALSE	NA	NA	NA	NA	NA	NA
NC_045512.2	7811	C	G	31802	7612	38	1	0	27	3.14396e-05	31807	1	FALSE	NA	NA	NA	NA	NA	NA
NC_045512.2	7811	C	A	31802	7612	38	2	1	46	6.28792e-05	31807	0.81249	FALSE	NA	NA	NA	NA	NA	NA
NC_045512.2	7812	A	T	31092	7500	37	2	1	34	6.4319e-05	31095	1	FALSE	NA	NA	NA	NA	NA	NA
NC_045512.2	7812	A	G	31092	7500	37	1	0	26	3.21595e-05	31095	1	FALSE	NA	NA	NA	NA	NA	NA
NC_045512.2	7813	T	C	31642	7481	38	1	0	34	3.16026e-05	31643	1	FALSE	NA	NA	NA	NA	NA	NA
NC_045512.2	7813	T	-TC	31642	7481	38	17	0	20	0.000537244	31643	1	FALSE	NA	NA	NA	NA	NA	NA
NC_045512.2	7813	T	+TC	31642	7481	38	1	0	20	3.16026e-05	31643	1	FALSE	NA	NA	NA	NA	NA	NA
NC_045512.2	7814	T	C	30205	7392	37	2	0	51	6.62076e-05	30208	0.249855	FALSE	NA	NA	NA	NA	NA	NA
NC_045512.2	7814	T	A	30205	7392	37	1	0	34	3.31038e-05	30208	1	FALSE	NA	NA	NA	NA	NA	NA
NC_045512.2	7815	C	T	30442	7687	37	1	0	34	3.2845e-05	30446	1	FALSE	NA	NA	NA	NA	NA	NA
NC_045512.2	7815	C	A	30442	7687	37	3	0	34	9.85351e-05	30446	1	FALSE	NA	NA	NA	NA	NA	NA
NC_045512.2	7816	T	C	30252	7439	37	4	1	34	0.000132201	30257	1	FALSE	NA	NA	NA	NA	NA	NA
NC_045512.2	7816	T	A	30252	7439	37	1	0	34	3.30502e-05	30257	1	FALSE	NA	NA	NA	NA	NA	NA
NC_045512.2	7818	T	C	29953	7563	37	6	1	32	0.000200267	29960	0.999989	FALSE	NA	NA	NA	NA	NA	NA
NC_045512.2	7818	T	A	29953	7563	37	1	0	34	3.33778e-05	29960	1	FALSE	NA	NA	NA	NA	NA	NA
NC_045512.2	7820	T	C	30106	7654	37	4	2	32	0.000132846	30110	1	FALSE	NA	NA	NA	NA	NA	NA
NC_045512.2	7822	T	G	30306	7782	37	1	0	34	3.29881e-05	30314	1	FALSE	NA	NA	NA	NA	NA	NA
NC_045512.2	7822	T	C	30306	7782	37	2	0	34	6.59761e-05	30314	1	FALSE	NA	NA	NA	NA	NA	NA
NC_045512.2	7822	T	A	30306	7782	37	5	4	34	0.00016494	30314	0.999998	FALSE	NA	NA	NA	NA	NA	NA
NC_045512.2	7823	C	A	27921	8409	37	3	0	31	0.000107434	27924	1	FALSE	NA	NA	NA	NA	NA	NA
NC_045512.2	7824	A	-T	28184	8826	37	3	0	20	0.000106443	28184	1	FALSE	NA	NA	NA	NA	NA	NA
NC_045512.2	7825	T	C	28217	8843	37	1	0	34	3.54384e-05	28218	1	FALSE	NA	NA	NA	NA	NA	NA
NC_045512.2	7826	T	C	27706	8627	37	3	2	31	0.000108264	27710	1	FALSE	NA	NA	NA	NA	NA	NA
NC_045512.2	7826	T	A	27706	8627	37	1	0	34	3.60881e-05	27710	1	FALSE	NA	NA	NA	NA	NA	NA
NC_045512.2	7827	T	C	27463	8962	37	1	0	34	3.64113e-05	27464	1	FALSE	NA	NA	NA	NA	NA	NA
NC_045512.2	7828	T	C	26986	8880	37	1	1	34	3.70549e-05	26987	1	FALSE	NA	NA	NA	NA	NA	NA
NC_045512.2	7829	G	A	26874	8827	37	1	1	26	3.72093e-05	26875	1	FALSE	NA	NA	NA	NA	NA	NA
NC_045512.2	7830	T	G	26781	8763	37	1	0	34	3.73357e-05	26784	1	FALSE	NA	NA	NA	NA	NA	NA
NC_045512.2	7830	T	C	26781	8763	37	2	1	29	7.46714e-05	26784	1	FALSE	NA	NA	NA	NA	NA	NA
NC_045512.2	7832	A	G	27407	8968	37	8	4	38	0.000291811	27415	0.999747	FALSE	NA	NA	NA	NA	NA	NA
NC_045512.2	7833	A	T	26975	9002	37	1	1	34	3.707e-05	26976	1	FALSE	NA	NA	NA	NA	NA	NA
NC_045512.2	7834	C	T	26693	9125	37	1	0	34	3.74602e-05	26695	1	FALSE	NA	NA	NA	NA	NA	NA
NC_045512.2	7834	C	A	26693	9125	37	1	0	26	3.74602e-05	26695	1	FALSE	NA	NA	NA	NA	NA	NA
NC_045512.2	7834	C	-T	26693	9125	37	1	0	20	3.74602e-05	26695	1	FALSE	NA	NA	NA	NA	NA	NA
NC_045512.2	7835	T	G	26724	9115	37	1	0	34	3.74181e-05	26725	1	FALSE	NA	NA	NA	NA	NA	NA
NC_045512.2	7836	T	C	26898	9382	37	6	6	45	0.000223015	26904	0.144525	FALSE	NA	NA	NA	NA	NA	NA
NC_045512.2	7837	A	G	26658	9425	37	2	2	34	7.50188e-05	26660	1	FALSE	NA	NA	NA	NA	NA	NA
NC_045512.2	7839	A	G	26529	9508	37	3	0	29	0.000113071	26532	1	FALSE	NA	NA	NA	NA	NA	NA
NC_045512.2	7840	C	A	26684	9531	37	1	0	24	3.74742e-05	26685	1	FALSE	NA	NA	NA	NA	NA	NA
NC_045512.2	7841	A	G	26048	9074	37	1	1	68	3.83892e-05	26049	0.50001	FALSE	NA	NA	NA	NA	NA	NA
NC_045512.2	7842	A	G	26051	9126	37	2	1	30	7.67666e-05	26053	1	FALSE	NA	NA	NA	NA	NA	NA
NC_045512.2	7843	C	G	22765	9681	36	1	0	34	4.39252e-05	22766	1	FALSE	NA	NA	NA	NA	NA	NA
NC_045512.2	7844	C	T	22629	9699	36	3	0	34	0.000132556	22632	0.99999	FALSE	NA	NA	NA	NA	NA	NA
NC_045512.2	7845	T	G	22447	9522	36	1	0	34	4.45395e-05	22452	1	FALSE	NA	NA	NA	NA	NA	NA
NC_045512.2	7845	T	C	22447	9522	36	4	0	34	0.000178158	22452	0.999956	FALSE	NA	NA	NA	NA	NA	NA
NC_045512.2	7846	G	A	22484	9570	36	1	1	34	4.44741e-05	22485	1	FALSE	NA	NA	NA	NA	NA	NA
NC_045512.2	7847	A	G	22615	9631	36	2	0	34	8.84291e-05	22617	0.999999	FALSE	NA	NA	NA	NA	NA	NA
NC_045512.2	7848	G	T	23056	9594	36	2	1	34	8.6734e-05	23059	0.999999	FALSE	NA	NA	NA	NA	NA	NA
NC_045512.2	7848	G	A	23056	9594	36	1	1	34	4.3367e-05	23059	1	FALSE	NA	NA	NA	NA	NA	NA
NC_045512.2	7849	A	T	24364	11537	36	1	1	34	4.10324e-05	24371	1	FALSE	NA	NA	NA	NA	NA	NA
NC_045512.2	7849	A	G	24364	11537	36	6	3	45	0.000246194	24371	0.144511	FALSE	NA	NA	NA	NA	NA	NA
NC_045512.2	7850	G	A	25252	11488	36	2	1	68	7.91954e-05	25254	0.250005	FALSE	NA	NA	NA	NA	NA	NA
NC_045512.2	7851	C	T	24286	11819	36	1	1	68	4.11726e-05	24288	0.5	FALSE	NA	NA	NA	NA	NA	NA
NC_045512.2	7851	C	A	24286	11819	36	1	0	34	4.11726e-05	24288	1	FALSE	NA	NA	NA	NA	NA	NA
NC_045512.2	7851	C	-T	24286	11819	36	1	0	20	4.11726e-05	24288	1	FALSE	NA	NA	NA	NA	NA	NA
NC_045512.2	7852	T	C	24181	11629	36	11	7	33	0.000454696	24192	0.991682	FALSE	NA	NA	NA	NA	NA	NA
NC_045512.2	7853	A	G	24264	11620	36	1	1	34	4.12116e-05	24265	1	FALSE	NA	NA	NA	NA	NA	NA
NC_045512.2	7854	A	G	23938	11701	36	1	0	34	4.17728e-05	23939	1	FALSE	NA	NA	NA	NA	NA	NA
NC_045512.2	7856	A	G	23991	11918	36	6	2	34	0.000250031	23997	0.999728	FALSE	NA	NA	NA	NA	NA	NA
NC_045512.2	7857	A	G	23297	11914	36	17	8	36	0.000729144	23315	0.866009	FALSE	NA	NA	NA	NA	NA	NA
NC_045512.2	7857	A	C	23297	11914	36	1	1	34	4.28908e-05	23315	1	FALSE	NA	NA	NA	NA	NA	NA
NC_045512.2	7860	C	G	23413	11905	36	2	0	30	8.54153e-05	23415	0.999999	FALSE	NA	NA	NA	NA	NA	NA
NC_045512.2	7861	T	C	23016	11524	36	1	0	34	4.34461e-05	23017	1	FALSE	NA	NA	NA	NA	NA	NA
NC_045512.2	7862	A	G	23935	12594	36	1	0	34	4.17781e-05	23936	1	FALSE	NA	NA	NA	NA	NA	NA
NC_045512.2	7864	A	G	23393	12627	36	2	1	30	8.54884e-05	23395	0.999999	FALSE	NA	NA	NA	NA	NA	NA
NC_045512.2	7867	T	G	22766	11596	36	2	0	34	8.78233e-05	22773	0.999999	FALSE	NA	NA	NA	NA	NA	NA
NC_045512.2	7867	T	C	22766	11596	36	5	1	34	0.000219558	22773	0.999845	FALSE	NA	NA	NA	NA	NA	NA
NC_045512.2	7868	T	G	23223	12187	36	1	0	34	4.30589e-05	23224	1	FALSE	NA	NA	NA	NA	NA	NA
NC_045512.2	7869	C	A	22126	12465	36	3	3	34	0.000135569	22129	0.99999	FALSE	NA	NA	NA	NA	NA	NA
NC_045512.2	7870	A	G	22024	12423	36	2	1	34	9.07935e-05	22028	0.999999	FALSE	NA	NA	NA	NA	NA	NA
NC_045512.2	7870	A	C	22024	12423	36	2	2	34	9.07935e-05	22028	0.999999	FALSE	NA	NA	NA	NA	NA	NA
NC_045512.2	7871	T	C	21977	12377	36	3	3	31	0.000136488	21980	0.999982	FALSE	NA	NA	NA	NA	NA	NA
NC_045512.2	7872	T	A	21705	12505	36	1	1	34	4.60702e-05	21706	1	FALSE	NA	NA	NA	NA	NA	NA
NC_045512.2	7873	G	T	21774	12469	36	1	0	34	4.59179e-05	21778	1	FALSE	NA	NA	NA	NA	NA	NA
NC_045512.2	7873	G	A	21774	12469	36	3	2	34	0.000137754	21778	0.999982	FALSE	NA	NA	NA	NA	NA	NA
NC_045512.2	7876	T	C	26626	17354	37	7	5	34	0.000262812	26635	0.999839	FALSE	NA	NA	NA	NA	NA	NA
NC_045512.2	7876	T	A	26626	17354	37	2	2	34	7.50892e-05	26635	1	FALSE	NA	NA	NA	NA	NA	NA
NC_045512.2	7877	A	G	26716	17514	37	2	2	34	7.48559e-05	26718	1	FALSE	NA	NA	NA	NA	NA	NA
NC_045512.2	7878	T	C	26633	17491	37	1	1	68	3.7546e-05	26634	0.500009	FALSE	NA	NA	NA	NA	NA	NA
NC_045512.2	7879	T	C	26859	17706	37	8	3	38	0.000297763	26867	0.999591	FALSE	NA	NA	NA	NA	NA	NA
NC_045512.2	7880	A	G	26900	17967	37	2	1	34	7.43439e-05	26902	1	FALSE	NA	NA	NA	NA	NA	NA
NC_045512.2	7881	A	C	27118	18302	37	1	1	34	3.68745e-05	27119	1	FALSE	NA	NA	NA	NA	NA	NA
NC_045512.2	7882	T	C	26892	18168	37	3	3	34	0.000111545	26895	0.999999	FALSE	NA	NA	NA	NA	NA	NA
NC_045512.2	7884	T	C	27154	18396	37	2	0	36	7.36458e-05	27157	1	FALSE	NA	NA	NA	NA	NA	NA
NC_045512.2	7884	T	A	27154	18396	37	1	1	34	3.68229e-05	27157	1	FALSE	NA	NA	NA	NA	NA	NA
NC_045512.2	7885	T	G	28279	19670	37	1	0	34	3.53607e-05	28280	1	FALSE	NA	NA	NA	NA	NA	NA
NC_045512.2	7886	A	G	28366	19854	37	2	2	34	7.0502e-05	28368	1	FALSE	NA	NA	NA	NA	NA	NA
NC_045512.2	7887	T	C	28507	19933	37	5	5	32	0.000175365	28512	0.999995	FALSE	NA	NA	NA	NA	NA	NA
NC_045512.2	7888	A	G	28154	19943	37	4	2	34	0.000142056	28158	0.999999	FALSE	NA	NA	NA	NA	NA	NA
NC_045512.2	7889	G	T	28274	19891	37	1	1	34	3.53644e-05	28277	1	FALSE	NA	NA	NA	NA	NA	NA
NC_045512.2	7889	G	A	28274	19891	37	2	1	30	7.07289e-05	28277	1	FALSE	NA	NA	NA	NA	NA	NA
NC_045512.2	7889	G	-T	28274	19891	37	7	0	20	0.000247551	28277	1	FALSE	NA	NA	NA	NA	NA	NA
NC_045512.2	7889	G	+T	28274	19891	37	1	0	20	3.53644e-05	28277	1	FALSE	NA	NA	NA	NA	NA	NA
NC_045512.2	7890	T	A	27004	18740	36	1	0	27	3.70302e-05	27005	1	FALSE	NA	NA	NA	NA	NA	NA
NC_045512.2	7891	T	C	27570	19618	37	2	1	30	7.25347e-05	27573	1	FALSE	NA	NA	NA	NA	NA	NA
NC_045512.2	7891	T	A	27570	19618	37	1	0	27	3.62674e-05	27573	1	FALSE	NA	NA	NA	NA	NA	NA
NC_045512.2	7892	T	C	27133	19345	37	4	4	34	0.0001474	27137	0.999998	FALSE	NA	NA	NA	NA	NA	NA
NC_045512.2	7893	T	C	25572	17790	36	1	0	24	3.91037e-05	25573	1	FALSE	NA	NA	NA	NA	NA	NA
NC_045512.2	7894	T	C	27731	20039	37	4	2	34	0.000144222	27735	0.999998	FALSE	NA	NA	NA	NA	NA	NA
NC_045512.2	7895	G	T	27783	20053	37	1	1	34	3.59919e-05	27784	1	FALSE	NA	NA	NA	NA	NA	NA
NC_045512.2	7896	A	G	28584	20953	37	15	6	35	0.000524421	28603	0.984248	FALSE	NA	NA	NA	NA	NA	NA
NC_045512.2	7896	A	C	28584	20953	37	4	4	32	0.000139845	28603	0.999999	FALSE	NA	NA	NA	NA	NA	NA
NC_045512.2	7897	T	A	28682	21036	37	1	0	34	3.48639e-05	28683	1	FALSE	NA	NA	NA	NA	NA	NA
NC_045512.2	7899	G	C	28598	21161	37	3	3	34	0.000104888	28602	1	FALSE	NA	NA	NA	NA	NA	NA
NC_045512.2	7899	G	A	28598	21161	37	1	0	38	3.49626e-05	28602	1	FALSE	NA	NA	NA	NA	NA	NA
NC_045512.2	7901	A	G	28446	21134	37	15	13	33	0.000527018	28462	0.984262	FALSE	NA	NA	NA	NA	NA	NA
NC_045512.2	7901	A	C	28446	21134	37	1	1	34	3.51346e-05	28462	1	FALSE	NA	NA	NA	NA	NA	NA
NC_045512.2	7902	A	T	28507	21211	37	1	0	34	3.50779e-05	28508	1	FALSE	NA	NA	NA	NA	NA	NA
NC_045512.2	7903	A	G	28954	22192	37	2	1	51	6.90703e-05	28956	0.250004	FALSE	NA	NA	NA	NA	NA	NA
NC_045512.2	7904	T	C	29833	22801	37	4	4	34	0.000134062	29837	0.999999	FALSE	NA	NA	NA	NA	NA	NA
NC_045512.2	7906	A	T	29622	22604	37	1	1	68	3.37553e-05	29625	0.499992	FALSE	NA	NA	NA	NA	NA	NA
NC_045512.2	7906	A	C	29622	22604	37	2	2	34	6.75105e-05	29625	1	FALSE	NA	NA	NA	NA	NA	NA
NC_045512.2	7907	A	G	29714	22682	37	8	8	37	0.000269161	29722	0.999905	FALSE	NA	NA	NA	NA	NA	NA
NC_045512.2	7908	A	G	29603	22711	37	2	2	34	6.75562e-05	29605	1	FALSE	NA	NA	NA	NA	NA	NA
NC_045512.2	7909	A	T	29973	23119	37	7	7	34	0.000233489	29980	0.999965	FALSE	NA	NA	NA	NA	NA	NA
NC_045512.2	7911	G	T	29850	23255	37	1	1	26	3.34986e-05	29852	1	FALSE	NA	NA	NA	NA	NA	NA
NC_045512.2	7911	G	A	29850	23255	37	1	1	34	3.34986e-05	29852	1	FALSE	NA	NA	NA	NA	NA	NA
NC_045512.2	7912	T	G	30774	24381	37	1	1	34	3.24897e-05	30779	1	FALSE	NA	NA	NA	NA	NA	NA
NC_045512.2	7912	T	C	30774	24381	37	4	0	40	0.000129959	30779	0.5	FALSE	NA	NA	NA	NA	NA	NA
NC_045512.2	7913	G	T	30707	24280	37	1	0	34	3.25616e-05	30711	1	FALSE	NA	NA	NA	NA	NA	NA
NC_045512.2	7913	G	A	30707	24280	37	3	0	68	9.76849e-05	30711	0.124994	FALSE	NA	NA	NA	NA	NA	NA
NC_045512.2	7914	A	G	31460	25147	37	3	0	34	9.53501e-05	31463	1	FALSE	NA	NA	NA	NA	NA	NA
NC_045512.2	7915	A	G	31461	25213	37	4	3	34	0.000127125	31465	1	FALSE	NA	NA	NA	NA	NA	NA
NC_045512.2	7916	G	A	31722	25223	37	2	2	34	6.30438e-05	31724	1	FALSE	NA	NA	NA	NA	NA	NA
NC_045512.2	7917	A	G	31596	25207	37	4	2	42	0.000126578	31601	0.5	FALSE	NA	NA	NA	NA	NA	NA
NC_045512.2	7917	A	C	31596	25207	37	1	1	26	3.16446e-05	31601	1	FALSE	NA	NA	NA	NA	NA	NA
NC_045512.2	7918	A	T	31672	25374	37	1	1	26	3.15706e-05	31675	1	FALSE	NA	NA	NA	NA	NA	NA
NC_045512.2	7918	A	G	31672	25374	37	2	2	34	6.31413e-05	31675	1	FALSE	NA	NA	NA	NA	NA	NA
NC_045512.2	7919	T	C	31738	25390	37	2	2	34	6.301e-05	31741	1	FALSE	NA	NA	NA	NA	NA	NA
NC_045512.2	7919	T	A	31738	25390	37	1	1	34	3.1505e-05	31741	1	FALSE	NA	NA	NA	NA	NA	NA
NC_045512.2	7920	C	T	28581	22887	37	1	1	26	3.19254e-05	31323	1	FALSE	NA	NA	NA	NA	NA	NA
NC_045512.2	7920	C	G	28581	22887	37	2740	2262	37	0.0874757	31323	0	TRUE	NA	NA	NA	NA	NA	NA
NC_045512.2	7920	C	A	28581	22887	37	1	1	26	3.19254e-05	31323	1	FALSE	NA	NA	NA	NA	NA	NA
NC_045512.2	7921	A	G	32085	26043	37	5	2	32	0.000155812	32090	0.999999	FALSE	NA	NA	NA	NA	NA	NA
NC_045512.2	7922	T	C	31930	25942	37	2	2	30	6.26331e-05	31932	1	FALSE	NA	NA	NA	NA	NA	NA
NC_045512.2	7923	C	T	31985	26075	37	10	6	34	0.000312549	31995	0.999786	FALSE	NA	NA	NA	NA	NA	NA
NC_045512.2	7924	T	C	31550	25602	37	12	9	36	0.00038018	31564	0.999046	FALSE	NA	NA	NA	NA	NA	NA
NC_045512.2	7924	T	A	31550	25602	37	2	2	34	6.33633e-05	31564	1	FALSE	NA	NA	NA	NA	NA	NA
NC_045512.2	7925	G	A	30960	25001	37	4	4	34	0.000129182	30964	1	FALSE	NA	NA	NA	NA	NA	NA
NC_045512.2	7926	C	T	31080	25157	37	6	3	39	0.000193013	31086	0.999996	FALSE	NA	NA	NA	NA	NA	NA
NC_045512.2	7927	A	G	31531	25617	37	3	2	34	9.51354e-05	31534	1	FALSE	NA	NA	NA	NA	NA	NA
NC_045512.2	7928	A	G	32080	26250	37	4	3	57	0.000124669	32085	0.0624942	FALSE	NA	NA	NA	NA	NA	NA
NC_045512.2	7928	A	C	32080	26250	37	1	1	34	3.11672e-05	32085	1	FALSE	NA	NA	NA	NA	NA	NA
NC_045512.2	7929	A	G	31707	26261	37	3	3	34	9.46044e-05	31711	1	FALSE	NA	NA	NA	NA	NA	NA
NC_045512.2	7929	A	C	31707	26261	37	1	1	34	3.15348e-05	31711	1	FALSE	NA	NA	NA	NA	NA	NA
NC_045512.2	7930	A	G	32150	26295	37	3	3	31	9.33039e-05	32153	1	FALSE	NA	NA	NA	NA	NA	NA
NC_045512.2	7932	C	T	31772	26419	37	2	2	34	6.29445e-05	31774	1	FALSE	NA	NA	NA	NA	NA	NA
NC_045512.2	7933	A	G	31560	26196	37	10	10	34	0.000316746	31571	0.999785	FALSE	NA	NA	NA	NA	NA	NA
NC_045512.2	7933	A	C	31560	26196	37	1	1	26	3.16746e-05	31571	1	FALSE	NA	NA	NA	NA	NA	NA
NC_045512.2	7934	G	C	31463	26115	37	3	3	29	9.5338e-05	31467	1	FALSE	NA	NA	NA	NA	NA	NA
NC_045512.2	7934	G	A	31463	26115	37	1	1	34	3.17793e-05	31467	1	FALSE	NA	NA	NA	NA	NA	NA
NC_045512.2	7935	C	T	32446	27253	37	4	4	34	0.000123267	32450	1	FALSE	NA	NA	NA	NA	NA	NA
NC_045512.2	7936	G	T	32440	27254	37	1	1	34	3.08252e-05	32441	1	FALSE	NA	NA	NA	NA	NA	NA
NC_045512.2	7937	T	C	32302	27191	37	2	2	34	6.19099e-05	32305	1	FALSE	NA	NA	NA	NA	NA	NA
NC_045512.2	7937	T	A	32302	27191	37	1	1	34	3.0955e-05	32305	1	FALSE	NA	NA	NA	NA	NA	NA
NC_045512.2	7938	C	G	32255	27242	37	2	2	29	6.2002e-05	32257	1	FALSE	NA	NA	NA	NA	NA	NA
NC_045512.2	7939	T	C	32089	27066	37	1	1	34	3.11614e-05	32091	1	FALSE	NA	NA	NA	NA	NA	NA
NC_045512.2	7939	T	A	32089	27066	37	1	1	26	3.11614e-05	32091	1	FALSE	NA	NA	NA	NA	NA	NA
NC_045512.2	7941	T	G	27853	22388	35	3	3	26	0.000107693	27857	1	FALSE	NA	NA	NA	NA	NA	NA
NC_045512.2	7941	T	C	27853	22388	35	1	1	34	3.58976e-05	27857	1	FALSE	NA	NA	NA	NA	NA	NA
NC_045512.2	7942	T	C	32988	27513	37	1	1	26	3.03131e-05	32989	1	FALSE	NA	NA	NA	NA	NA	NA
NC_045512.2	7943	T	G	33284	28125	37	4	0	32	0.000120145	33293	1	FALSE	NA	NA	NA	NA	NA	NA
NC_045512.2	7943	T	C	33284	28125	37	4	4	34	0.000120145	33293	1	FALSE	NA	NA	NA	NA	NA	NA
NC_045512.2	7943	T	A	33284	28125	37	1	0	26	3.00363e-05	33293	1	FALSE	NA	NA	NA	NA	NA	NA
NC_045512.2	7944	A	T	33131	28231	37	2	2	34	6.03573e-05	33136	1	FALSE	NA	NA	NA	NA	NA	NA
NC_045512.2	7944	A	G	33131	28231	37	2	2	34	6.03573e-05	33136	1	FALSE	NA	NA	NA	NA	NA	NA
NC_045512.2	7944	A	C	33131	28231	37	1	1	34	3.01787e-05	33136	1	FALSE	NA	NA	NA	NA	NA	NA
NC_045512.2	7945	C	T	33155	28275	37	2	2	34	6.03191e-05	33157	1	FALSE	NA	NA	NA	NA	NA	NA
NC_045512.2	7946	T	C	33120	28226	37	4	4	32	0.000120758	33124	1	FALSE	NA	NA	NA	NA	NA	NA
NC_045512.2	7947	A	T	32979	28066	37	1	1	26	3.03186e-05	32983	1	FALSE	NA	NA	NA	NA	NA	NA
NC_045512.2	7947	A	G	32979	28066	37	3	3	34	9.09559e-05	32983	1	FALSE	NA	NA	NA	NA	NA	NA
NC_045512.2	7948	C	T	32691	28177	36	7	6	48	0.000214061	32701	0.171831	FALSE	NA	NA	NA	NA	NA	NA
NC_045512.2	7948	C	G	32691	28177	36	3	3	34	9.17403e-05	32701	1	FALSE	NA	NA	NA	NA	NA	NA
NC_045512.2	7949	A	G	30440	25924	37	2	2	34	6.56987e-05	30442	1	FALSE	NA	NA	NA	NA	NA	NA
NC_045512.2	7950	G	C	30426	25940	37	1	1	34	3.28655e-05	30427	1	FALSE	NA	NA	NA	NA	NA	NA
NC_045512.2	7952	C	A	31294	27586	36	1	1	34	3.1954e-05	31295	1	FALSE	NA	NA	NA	NA	NA	NA
NC_045512.2	7953	A	G	30886	27234	36	4	4	34	0.000129492	30890	1	FALSE	NA	NA	NA	NA	NA	NA
NC_045512.2	7954	G	T	31076	27257	36	1	1	34	3.2173e-05	31082	1	FALSE	NA	NA	NA	NA	NA	NA
NC_045512.2	7954	G	C	31076	27257	36	1	1	34	3.2173e-05	31082	1	FALSE	NA	NA	NA	NA	NA	NA
NC_045512.2	7954	G	A	31076	27257	36	4	4	34	0.000128692	31082	1	FALSE	NA	NA	NA	NA	NA	NA
NC_045512.2	7955	C	T	34121	30632	36	4	4	30	0.000117216	34125	1	FALSE	NA	NA	NA	NA	NA	NA
NC_045512.2	7956	T	G	34539	31097	37	4	3	51	0.000115774	34550	0.0624729	FALSE	NA	NA	NA	NA	NA	NA
NC_045512.2	7956	T	C	34539	31097	37	4	4	34	0.000115774	34550	1	FALSE	NA	NA	NA	NA	NA	NA
NC_045512.2	7956	T	A	34539	31097	37	3	3	34	8.68307e-05	34550	1	FALSE	NA	NA	NA	NA	NA	NA
NC_045512.2	7957	T	C	34549	31129	37	4	4	34	0.000115764	34553	1	FALSE	NA	NA	NA	NA	NA	NA
NC_045512.2	7958	A	G	34405	31026	37	5	5	34	0.000145307	34410	1	FALSE	NA	NA	NA	NA	NA	NA
NC_045512.2	7959	T	C	34330	31519	36	2	2	34	5.82547e-05	34332	1	FALSE	NA	NA	NA	NA	NA	NA
NC_045512.2	7961	T	C	34028	31186	36	1	1	34	2.93867e-05	34029	1	FALSE	NA	NA	NA	NA	NA	NA
NC_045512.2	7962	G	C	33943	31104	36	3	3	31	8.83704e-05	33948	1	FALSE	NA	NA	NA	NA	NA	NA
NC_045512.2	7962	G	A	33943	31104	36	2	1	51	5.89136e-05	33948	0.249982	FALSE	NA	NA	NA	NA	NA	NA
NC_045512.2	7963	T	C	32787	29974	36	7	5	34	0.000213447	32795	0.999993	FALSE	NA	NA	NA	NA	NA	NA
NC_045512.2	7963	T	A	32787	29974	36	1	1	34	3.04925e-05	32795	1	FALSE	NA	NA	NA	NA	NA	NA
NC_045512.2	7964	C	T	33037	30274	36	3	3	34	9.0799e-05	33040	1	FALSE	NA	NA	NA	NA	NA	NA
NC_045512.2	7965	A	T	33306	30297	36	1	1	34	3.00201e-05	33311	1	FALSE	NA	NA	NA	NA	NA	NA
NC_045512.2	7965	A	G	33306	30297	36	3	3	34	9.00603e-05	33311	1	FALSE	NA	NA	NA	NA	NA	NA
NC_045512.2	7965	A	C	33306	30297	36	1	1	26	3.00201e-05	33311	1	FALSE	NA	NA	NA	NA	NA	NA
NC_045512.2	7966	A	G	33150	30417	36	1	1	34	3.01632e-05	33153	1	FALSE	NA	NA	NA	NA	NA	NA
NC_045512.2	7966	A	C	33150	30417	36	2	2	34	6.03264e-05	33153	1	FALSE	NA	NA	NA	NA	NA	NA
NC_045512.2	7968	C	G	33822	30840	36	1	0	27	2.95596e-05	33830	1	FALSE	NA	NA	NA	NA	NA	NA
NC_045512.2	7968	C	A	33822	30840	36	7	2	68	0.000206917	33830	0.00781008	TRUE	NA	NA	NA	NA	NA	NA
NC_045512.2	7969	T	C	33503	30577	36	13	12	32	0.000387863	33517	0.999182	FALSE	NA	NA	NA	NA	NA	NA
NC_045512.2	7969	T	A	33503	30577	36	1	1	34	2.98356e-05	33517	1	FALSE	NA	NA	NA	NA	NA	NA
NC_045512.2	7970	A	T	33511	30551	36	1	1	34	2.98392e-05	33513	1	FALSE	NA	NA	NA	NA	NA	NA
NC_045512.2	7970	A	G	33511	30551	36	1	1	34	2.98392e-05	33513	1	FALSE	NA	NA	NA	NA	NA	NA
NC_045512.2	7971	T	C	33391	30434	36	1	1	34	2.99455e-05	33394	1	FALSE	NA	NA	NA	NA	NA	NA
NC_045512.2	7971	T	A	33391	30434	36	2	2	26	5.9891e-05	33394	1	FALSE	NA	NA	NA	NA	NA	NA
NC_045512.2	7972	A	G	33374	30415	36	1	1	34	2.99625e-05	33375	1	FALSE	NA	NA	NA	NA	NA	NA
NC_045512.2	7973	C	T	33262	30694	36	1	0	34	3.00634e-05	33263	1	FALSE	NA	NA	NA	NA	NA	NA
NC_045512.2	7974	T	C	32444	30123	36	3	3	34	9.24585e-05	32447	1	FALSE	NA	NA	NA	NA	NA	NA
NC_045512.2	7975	G	T	32693	30339	36	1	1	34	3.05867e-05	32694	1	FALSE	NA	NA	NA	NA	NA	NA
NC_045512.2	7975	G	-T	32693	30339	36	1	0	20	3.05867e-05	32694	1	FALSE	NA	NA	NA	NA	NA	NA
NC_045512.2	7976	T	C	31569	29441	37	3	3	34	9.50209e-05	31572	1	FALSE	NA	NA	NA	NA	NA	NA
NC_045512.2	7977	T	C	31623	29479	37	3	3	34	9.48587e-05	31626	1	FALSE	NA	NA	NA	NA	NA	NA
NC_045512.2	7978	A	G	31676	29548	37	1	1	34	3.15657e-05	31680	1	FALSE	NA	NA	NA	NA	NA	NA
NC_045512.2	7978	A	C	31676	29548	37	3	3	31	9.4697e-05	31680	1	FALSE	NA	NA	NA	NA	NA	NA
NC_045512.2	7980	T	C	31476	29392	37	2	2	34	6.35364e-05	31478	1	FALSE	NA	NA	NA	NA	NA	NA
NC_045512.2	7981	A	G	31412	29331	37	1	1	34	3.1834e-05	31413	1	FALSE	NA	NA	NA	NA	NA	NA
NC_045512.2	7983	A	G	31050	29168	36	3	3	34	9.66028e-05	31055	1	FALSE	NA	NA	NA	NA	NA	NA
NC_045512.2	7983	A	C	31050	29168	36	2	2	34	6.44019e-05	31055	1	FALSE	NA	NA	NA	NA	NA	NA
NC_045512.2	7984	T	C	30442	28603	36	1	1	26	3.28483e-05	30443	1	FALSE	NA	NA	NA	NA	NA	NA
NC_045512.2	7985	C	T	29855	28027	37	1	1	26	3.34941e-05	29856	1	FALSE	NA	NA	NA	NA	NA	NA
NC_045512.2	7986	A	G	28248	26430	37	12	11	36	0.000424538	28266	0.99679	FALSE	NA	NA	NA	NA	NA	NA
NC_045512.2	7986	A	C	28248	26430	37	6	4	56	0.000212269	28266	0.0156026	FALSE	NA	NA	NA	NA	NA	NA
NC_045512.2	7989	C	T	28174	26428	37	1	1	34	3.54925e-05	28175	1	FALSE	NA	NA	NA	NA	NA	NA
NC_045512.2	7990	A	G	28118	26371	37	2	2	34	7.11238e-05	28120	1	FALSE	NA	NA	NA	NA	NA	NA
NC_045512.2	7990	A	-T	28118	26371	37	2	0	20	7.11238e-05	28120	1	FALSE	NA	NA	NA	NA	NA	NA
NC_045512.2	7991	T	G	27465	25719	36	4	4	34	0.000145613	27470	0.999998	FALSE	NA	NA	NA	NA	NA	NA
NC_045512.2	7991	T	C	27465	25719	36	1	1	34	3.64033e-05	27470	1	FALSE	NA	NA	NA	NA	NA	NA
NC_045512.2	7993	A	T	27732	25992	37	1	1	26	3.60542e-05	27736	1	FALSE	NA	NA	NA	NA	NA	NA
NC_045512.2	7993	A	G	27732	25992	37	3	3	34	0.000108163	27736	1	FALSE	NA	NA	NA	NA	NA	NA
NC_045512.2	7994	G	C	27778	26040	37	1	1	34	3.59984e-05	27779	1	FALSE	NA	NA	NA	NA	NA	NA
NC_045512.2	7995	T	C	26785	25060	37	6	6	31	0.000223956	26791	0.999944	FALSE	NA	NA	NA	NA	NA	NA
NC_045512.2	7997	T	C	25859	24168	37	1	1	34	3.86683e-05	25861	1	FALSE	NA	NA	NA	NA	NA	NA
NC_045512.2	7997	T	A	25859	24168	37	1	1	34	3.86683e-05	25861	1	FALSE	NA	NA	NA	NA	NA	NA
NC_045512.2	7997	T	+CTGATGTTGGTGATAGTGCGG	25859	24168	37	1	0	20	3.86683e-05	25861	1	FALSE	NA	NA	NA	NA	NA	NA
NC_045512.2	7999	T	G	25367	23709	37	3	0	68	0.000118199	25381	0.124919	FALSE	NA	NA	NA	NA	NA	NA
NC_045512.2	7999	T	C	25367	23709	37	10	10	34	0.000393996	25381	0.997011	FALSE	NA	NA	NA	NA	NA	NA
NC_045512.2	7999	T	A	25367	23709	37	1	1	34	3.93996e-05	25381	1	FALSE	NA	NA	NA	NA	NA	NA
NC_045512.2	8000	G	T	25257	23597	37	1	1	34	3.95789e-05	25266	1	FALSE	NA	NA	NA	NA	NA	NA
NC_045512.2	8000	G	C	25257	23597	37	3	3	34	0.000118737	25266	0.999998	FALSE	NA	NA	NA	NA	NA	NA
NC_045512.2	8000	G	A	25257	23597	37	5	5	32	0.000197894	25266	0.99997	FALSE	NA	NA	NA	NA	NA	NA
NC_045512.2	8002	T	C	25154	23503	37	4	4	34	0.000158995	25158	0.999992	FALSE	NA	NA	NA	NA	NA	NA
NC_045512.2	8004	T	G	23535	21959	36	1	1	34	4.24809e-05	23540	1	FALSE	NA	NA	NA	NA	NA	NA
NC_045512.2	8004	T	C	23535	21959	36	3	3	31	0.000127443	23540	0.999995	FALSE	NA	NA	NA	NA	NA	NA
NC_045512.2	8004	T	A	23535	21959	36	1	1	34	4.24809e-05	23540	1	FALSE	NA	NA	NA	NA	NA	NA
NC_045512.2	8005	T	C	23357	21791	37	5	5	34	0.000214023	23362	0.99991	FALSE	NA	NA	NA	NA	NA	NA
NC_045512.2	8006	G	A	23197	21630	37	1	1	34	4.31072e-05	23198	1	FALSE	NA	NA	NA	NA	NA	NA
NC_045512.2	8008	T	C	23216	21677	37	21	19	39	0.000903731	23237	0.674335	FALSE	NA	NA	NA	NA	NA	NA
NC_045512.2	8009	G	A	23072	21540	37	2	2	34	8.66776e-05	23074	0.999999	FALSE	NA	NA	NA	NA	NA	NA
NC_045512.2	8010	A	C	22742	21231	37	2	2	26	8.79353e-05	22744	1	FALSE	NA	NA	NA	NA	NA	NA
NC_045512.2	8011	T	C	22302	20807	36	4	4	34	0.000179324	22306	0.999956	FALSE	NA	NA	NA	NA	NA	NA
NC_045512.2	8012	A	T	21065	19634	37	1	1	34	4.74608e-05	21070	1	FALSE	NA	NA	NA	NA	NA	NA
NC_045512.2	8012	A	G	21065	19634	37	3	2	42	0.000142383	21070	0.499978	FALSE	NA	NA	NA	NA	NA	NA
NC_045512.2	8012	A	C	21065	19634	37	1	1	34	4.74608e-05	21070	1	FALSE	NA	NA	NA	NA	NA	NA
NC_045512.2	8013	G	C	21024	19587	37	6	6	34	0.000285293	21031	0.999246	FALSE	NA	NA	NA	NA	NA	NA
NC_045512.2	8013	G	A	21024	19587	37	1	1	34	4.75489e-05	21031	1	FALSE	NA	NA	NA	NA	NA	NA
NC_045512.2	8014	T	C	20161	18754	37	4	4	31	0.000198354	20166	0.999862	FALSE	NA	NA	NA	NA	NA	NA
NC_045512.2	8014	T	A	20161	18754	37	1	1	34	4.95884e-05	20166	1	FALSE	NA	NA	NA	NA	NA	NA
NC_045512.2	8015	G	A	20097	18690	37	1	1	34	4.97562e-05	20098	1	FALSE	NA	NA	NA	NA	NA	NA
NC_045512.2	8016	C	T	20019	18759	36	9	9	34	0.000449348	20029	0.987965	FALSE	NA	NA	NA	NA	NA	NA
NC_045512.2	8016	C	A	20019	18759	36	1	1	34	4.99276e-05	20029	1	FALSE	NA	NA	NA	NA	NA	NA
NC_045512.2	8017	G	A	19949	18689	36	4	4	34	0.000200471	19953	0.999757	FALSE	NA	NA	NA	NA	NA	NA
NC_045512.2	8018	G	C	19976	18719	36	1	1	34	5.00576e-05	19977	0.999999	FALSE	NA	NA	NA	NA	NA	NA
NC_045512.2	8019	A	G	19942	18692	36	4	4	34	0.000200541	19946	0.999757	FALSE	NA	NA	NA	NA	NA	NA
NC_045512.2	8020	A	G	19900	18650	37	1	1	26	5.02487e-05	19901	1	FALSE	NA	NA	NA	NA	NA	NA
NC_045512.2	8022	T	C	18792	17563	37	1	0	68	5.32113e-05	18793	0.500013	FALSE	NA	NA	NA	NA	NA	NA
NC_045512.2	8023	T	C	18777	17549	37	1	1	26	5.32538e-05	18778	1	FALSE	NA	NA	NA	NA	NA	NA
NC_045512.2	8024	G	A	22956	17560	36	5	3	34	0.000217761	22961	0.999845	FALSE	NA	NA	NA	NA	NA	NA
NC_045512.2	8025	C	T	23102	17625	36	2	2	34	8.65651e-05	23104	0.999999	FALSE	NA	NA	NA	NA	NA	NA
NC_045512.2	8026	A	G	23145	17650	36	4	1	34	0.000172794	23149	0.999976	FALSE	NA	NA	NA	NA	NA	NA
NC_045512.2	8027	G	A	23607	17503	36	4	3	34	0.000169413	23611	0.999976	FALSE	NA	NA	NA	NA	NA	NA
NC_045512.2	8028	T	C	22899	16813	36	1	1	34	4.36681e-05	22900	1	FALSE	NA	NA	NA	NA	NA	NA
NC_045512.2	8029	T	C	22485	16387	36	2	2	34	8.89403e-05	22487	0.999999	FALSE	NA	NA	NA	NA	NA	NA
NC_045512.2	8029	T	-A	22485	16387	36	1	0	20	4.44701e-05	22487	1	FALSE	NA	NA	NA	NA	NA	NA
NC_045512.2	8030	A	T	22374	16287	36	2	2	34	8.93655e-05	22380	0.999999	FALSE	NA	NA	NA	NA	NA	NA
NC_045512.2	8030	A	G	22374	16287	36	1	1	68	4.46828e-05	22380	0.499944	FALSE	NA	NA	NA	NA	NA	NA
NC_045512.2	8030	A	C	22374	16287	36	3	3	34	0.000134048	22380	0.99999	FALSE	NA	NA	NA	NA	NA	NA
NC_045512.2	8031	A	T	22382	16307	36	1	1	34	4.46768e-05	22383	1	FALSE	NA	NA	NA	NA	NA	NA
NC_045512.2	8032	A	T	22392	16291	36	1	1	34	4.46508e-05	22396	1	FALSE	NA	NA	NA	NA	NA	NA
NC_045512.2	8032	A	G	22392	16291	36	2	1	34	8.93017e-05	22396	0.999999	FALSE	NA	NA	NA	NA	NA	NA
NC_045512.2	8032	A	C	22392	16291	36	1	1	34	4.46508e-05	22396	1	FALSE	NA	NA	NA	NA	NA	NA
NC_045512.2	8033	A	G	22416	16271	36	3	2	34	0.000133815	22419	0.99999	FALSE	NA	NA	NA	NA	NA	NA
NC_045512.2	8034	T	C	22406	16149	36	2	2	29	8.92538e-05	22408	1	FALSE	NA	NA	NA	NA	NA	NA
NC_045512.2	8035	G	A	22717	16119	36	1	0	26	4.4018e-05	22718	1	FALSE	NA	NA	NA	NA	NA	NA
NC_045512.2	8036	T	G	21494	14924	36	1	0	34	4.65116e-05	21500	1	FALSE	NA	NA	NA	NA	NA	NA
NC_045512.2	8036	T	C	21494	14924	36	5	5	34	0.000232558	21500	0.999734	FALSE	NA	NA	NA	NA	NA	NA
NC_045512.2	8037	T	A	20772	14278	35	78	0	34	0.00374101	20850	1.38144e-09	TRUE	NA	NA	NA	NA	NA	NA
NC_045512.2	8038	T	C	21409	14845	36	6	3	34	0.000280164	21416	0.999246	FALSE	NA	NA	NA	NA	NA	NA
NC_045512.2	8038	T	A	21409	14845	36	1	1	34	4.66941e-05	21416	1	FALSE	NA	NA	NA	NA	NA	NA
NC_045512.2	8039	G	A	21384	14833	36	1	0	68	4.67617e-05	21385	0.500012	FALSE	NA	NA	NA	NA	NA	NA
NC_045512.2	8040	A	T	21612	14888	36	3	1	34	0.00013878	21617	0.999982	FALSE	NA	NA	NA	NA	NA	NA
NC_045512.2	8040	A	G	21612	14888	36	2	1	34	9.25198e-05	21617	0.999997	FALSE	NA	NA	NA	NA	NA	NA
NC_045512.2	8041	T	C	21525	15015	35	1	1	34	4.64554e-05	21526	1	FALSE	NA	NA	NA	NA	NA	NA
NC_045512.2	8042	G	C	21651	14949	35	1	1	34	4.61808e-05	21654	1	FALSE	NA	NA	NA	NA	NA	NA
NC_045512.2	8042	G	A	21651	14949	35	2	0	34	9.23617e-05	21654	0.999997	FALSE	NA	NA	NA	NA	NA	NA
NC_045512.2	8043	C	A	21377	14752	35	4	4	34	0.000187082	21381	0.999922	FALSE	NA	NA	NA	NA	NA	NA
NC_045512.2	8045	T	C	20701	14063	35	3	3	31	0.0001449	20704	0.999967	FALSE	NA	NA	NA	NA	NA	NA
NC_045512.2	8046	A	T	20771	14197	36	1	1	34	4.81394e-05	20773	1	FALSE	NA	NA	NA	NA	NA	NA
NC_045512.2	8046	A	G	20771	14197	36	1	0	34	4.81394e-05	20773	1	FALSE	NA	NA	NA	NA	NA	NA
NC_045512.2	8047	C	T	21742	14193	36	2	1	34	9.19794e-05	21744	0.999997	FALSE	NA	NA	NA	NA	NA	NA
NC_045512.2	8048	G	T	21626	13997	36	2	0	34	9.24556e-05	21632	0.999997	FALSE	NA	NA	NA	NA	NA	NA
NC_045512.2	8048	G	C	21626	13997	36	1	1	34	4.62278e-05	21632	1	FALSE	NA	NA	NA	NA	NA	NA
NC_045512.2	8048	G	A	21626	13997	36	3	3	34	0.000138683	21632	0.999982	FALSE	NA	NA	NA	NA	NA	NA
NC_045512.2	8049	T	C	19728	12130	35	1	1	34	5.06868e-05	19729	0.999999	FALSE	NA	NA	NA	NA	NA	NA
NC_045512.2	8051	A	G	19975	12346	36	5	5	40	0.00025025	19980	0.109369	FALSE	NA	NA	NA	NA	NA	NA
NC_045512.2	8052	A	G	19973	12359	36	3	2	34	0.00015018	19976	0.99994	FALSE	NA	NA	NA	NA	NA	NA
NC_045512.2	8053	T	C	19816	12248	35	1	0	34	5.04617e-05	19817	0.999999	FALSE	NA	NA	NA	NA	NA	NA
NC_045512.2	8054	A	G	19829	12304	35	3	2	34	0.000151271	19832	0.99994	FALSE	NA	NA	NA	NA	NA	NA
NC_045512.2	8055	C	T	19905	12352	35	2	2	34	0.000100467	19907	0.99999	FALSE	NA	NA	NA	NA	NA	NA
NC_045512.2	8056	G	-T	16126	8581	36	1	0	20	6.20117e-05	16126	1	FALSE	NA	NA	NA	NA	NA	NA
NC_045512.2	8057	T	G	15274	7754	35	1	0	34	6.54622e-05	15276	0.999985	FALSE	NA	NA	NA	NA	NA	NA
NC_045512.2	8057	T	C	15274	7754	35	1	1	26	6.54622e-05	15276	1	FALSE	NA	NA	NA	NA	NA	NA
NC_045512.2	8058	T	G	15439	7962	36	1	1	34	6.47626e-05	15441	0.999985	FALSE	NA	NA	NA	NA	NA	NA
NC_045512.2	8058	T	C	15439	7962	36	1	1	34	6.47626e-05	15441	0.999985	FALSE	NA	NA	NA	NA	NA	NA
NC_045512.2	8059	T	C	15468	7945	36	2	0	34	0.000129274	15471	0.999863	FALSE	NA	NA	NA	NA	NA	NA
NC_045512.2	8059	T	A	15468	7945	36	1	1	34	6.46371e-05	15471	0.999985	FALSE	NA	NA	NA	NA	NA	NA
NC_045512.2	8060	T	C	7577	430	36	1	0	34	0.000131961	7578	0.996103	FALSE	NA	NA	NA	NA	NA	NA
NC_045512.2	8062	A	G	7596	430	36	1	0	34	0.000131631	7597	0.996103	FALSE	NA	NA	NA	NA	NA	NA
NC_045512.2	8064	C	T	7605	433	36	1	0	34	0.000131475	7606	0.996103	FALSE	NA	NA	NA	NA	NA	NA
NC_045512.2	8066	A	G	7812	445	35	1	0	34	0.000127992	7813	0.996103	FALSE	NA	NA	NA	NA	NA	NA
NC_045512.2	8067	C	A	8365	476	36	7	0	32	0.00083612	8372	0.696545	FALSE	NA	NA	NA	NA	NA	NA
NC_045512.2	8068	T	C	8384	476	36	3	0	34	0.000357696	8387	0.967343	FALSE	NA	NA	NA	NA	NA	NA
NC_045512.2	8071	T	C	8445	482	36	6	0	34	0.000709807	8453	0.788057	FALSE	NA	NA	NA	NA	NA	NA
NC_045512.2	8071	T	A	8445	482	36	2	0	34	0.000236602	8453	0.98925	FALSE	NA	NA	NA	NA	NA	NA
NC_045512.2	8072	A	G	8438	504	36	1	1	68	0.000118497	8439	0.50003	FALSE	NA	NA	NA	NA	NA	NA
NC_045512.2	8074	C	A	8487	505	36	1	0	34	0.000117813	8488	0.998052	FALSE	NA	NA	NA	NA	NA	NA
NC_045512.2	8076	T	C	8628	509	36	2	0	34	0.00023175	8630	0.989281	FALSE	NA	NA	NA	NA	NA	NA
NC_045512.2	8079	C	A	8612	516	36	1	0	34	0.000116104	8613	0.998052	FALSE	NA	NA	NA	NA	NA	NA
NC_045512.2	8080	A	G	8706	518	36	1	0	34	0.00011485	8707	0.998052	FALSE	NA	NA	NA	NA	NA	NA
NC_045512.2	8084	G	-A	8780	533	36	2	0	20	0.00022779	8780	1	FALSE	NA	NA	NA	NA	NA	NA
NC_045512.2	8085	A	G	8820	581	37	1	0	34	0.000113366	8821	0.99805	FALSE	NA	NA	NA	NA	NA	NA
NC_045512.2	8086	A	G	8840	583	37	1	0	34	0.000113109	8841	0.998052	FALSE	NA	NA	NA	NA	NA	NA
NC_045512.2	8087	A	G	8820	586	37	1	0	34	0.000113366	8821	0.998052	FALSE	NA	NA	NA	NA	NA	NA
NC_045512.2	8088	A	G	8894	590	37	1	0	34	0.00011241	8896	0.998051	FALSE	NA	NA	NA	NA	NA	NA
NC_045512.2	8088	A	C	8894	590	37	1	0	34	0.00011241	8896	0.998051	FALSE	NA	NA	NA	NA	NA	NA
NC_045512.2	8091	T	G	10237	616	36	1	0	34	9.76467e-05	10241	0.999513	FALSE	NA	NA	NA	NA	NA	NA
NC_045512.2	8091	T	C	10237	616	36	3	0	34	0.00029294	10241	0.98879	FALSE	NA	NA	NA	NA	NA	NA
NC_045512.2	8092	C	G	10280	674	37	3	0	34	0.000291744	10283	0.988795	FALSE	NA	NA	NA	NA	NA	NA
NC_045512.2	8092	C	-A	10280	674	37	1	0	20	9.72479e-05	10283	1	FALSE	NA	NA	NA	NA	NA	NA
NC_045512.2	8098	A	G	10501	720	37	1	0	34	9.522e-05	10502	0.999513	FALSE	NA	NA	NA	NA	NA	NA
NC_045512.2	8100	T	A	10571	729	37	1	0	34	9.45895e-05	10572	0.999513	FALSE	NA	NA	NA	NA	NA	NA
NC_045512.2	8101	A	G	10745	731	37	2	1	47	0.000186098	10747	0.500035	FALSE	NA	NA	NA	NA	NA	NA
NC_045512.2	8103	T	C	10832	747	37	1	0	34	9.23105e-05	10833	0.999513	FALSE	NA	NA	NA	NA	NA	NA
NC_045512.2	8104	T	C	10378	801	37	3	0	34	0.00028899	10381	0.988795	FALSE	NA	NA	NA	NA	NA	NA
NC_045512.2	8106	C	T	9117	955	37	1	0	34	0.000109673	9118	0.999026	FALSE	NA	NA	NA	NA	NA	NA
NC_045512.2	8107	A	G	9197	952	37	1	0	68	0.000108719	9198	0.500027	FALSE	NA	NA	NA	NA	NA	NA
NC_045512.2	8108	A	G	9043	973	37	1	0	34	0.000110571	9044	0.999026	FALSE	NA	NA	NA	NA	NA	NA
NC_045512.2	8110	T	G	9015	976	37	1	0	26	0.000110914	9016	1	FALSE	NA	NA	NA	NA	NA	NA
NC_045512.2	8111	G	A	9046	983	37	4	0	34	0.000441989	9050	0.953935	FALSE	NA	NA	NA	NA	NA	NA
NC_045512.2	8112	C	T	8950	993	37	1	0	26	0.000111719	8951	1	FALSE	NA	NA	NA	NA	NA	NA
NC_045512.2	8115	A	G	7893	1130	36	1	0	34	0.000126678	7894	0.996103	FALSE	NA	NA	NA	NA	NA	NA
NC_045512.2	8116	A	G	7853	1134	36	1	0	34	0.000127324	7854	0.996103	FALSE	NA	NA	NA	NA	NA	NA
NC_045512.2	8117	G	A	7886	1130	36	3	0	34	0.000380276	7889	0.94539	FALSE	NA	NA	NA	NA	NA	NA
NC_045512.2	8119	T	C	7745	1209	37	4	1	42	0.000516196	7749	0.0624919	FALSE	NA	NA	NA	NA	NA	NA
NC_045512.2	8121	A	G	7771	1197	37	1	0	34	0.000128667	7772	0.996103	FALSE	NA	NA	NA	NA	NA	NA
NC_045512.2	8123	C	T	7775	1238	37	1	0	34	0.000128601	7776	0.996103	FALSE	NA	NA	NA	NA	NA	NA
NC_045512.2	8124	T	C	7791	1263	37	3	0	34	0.000384911	7794	0.945391	FALSE	NA	NA	NA	NA	NA	NA
NC_045512.2	8125	T	C	7844	1260	37	1	0	34	0.00012747	7845	0.996103	FALSE	NA	NA	NA	NA	NA	NA
NC_045512.2	8126	G	C	7770	1271	37	1	0	34	0.000128684	7771	0.996103	FALSE	NA	NA	NA	NA	NA	NA
NC_045512.2	8127	C	T	7298	1367	37	2	0	34	0.000273973	7300	0.980507	FALSE	NA	NA	NA	NA	NA	NA
NC_045512.2	8128	A	G	7331	1366	37	3	1	56	0.000409054	7334	0.125	FALSE	NA	NA	NA	NA	NA	NA
NC_045512.2	8129	A	G	7379	1369	37	5	0	34	0.00067714	7384	0.806316	FALSE	NA	NA	NA	NA	NA	NA
NC_045512.2	8133	A	G	7619	1367	36	1	0	34	0.000131234	7620	0.996103	FALSE	NA	NA	NA	NA	NA	NA
NC_045512.2	8134	T	C	7714	1505	37	1	1	34	0.000129618	7715	0.996103	FALSE	NA	NA	NA	NA	NA	NA
NC_045512.2	8135	G	C	7615	1528	37	1	0	34	0.000131303	7616	0.996103	FALSE	NA	NA	NA	NA	NA	NA
NC_045512.2	8137	G	A	7526	1584	37	1	0	34	0.000132855	7527	0.996103	FALSE	NA	NA	NA	NA	NA	NA
NC_045512.2	8141	T	C	7820	1523	36	2	0	34	0.000255689	7822	0.980505	FALSE	NA	NA	NA	NA	NA	NA
NC_045512.2	8145	A	G	7717	1550	36	1	0	27	0.000129567	7718	1	FALSE	NA	NA	NA	NA	NA	NA
NC_045512.2	8148	A	G	6724	1473	36	3	0	34	0.000445964	6727	0.910266	FALSE	NA	NA	NA	NA	NA	NA
NC_045512.2	8151	T	C	7004	1473	36	1	0	34	0.000142755	7005	0.996104	FALSE	NA	NA	NA	NA	NA	NA
NC_045512.2	8152	C	G	7036	1482	36	1	0	34	0.000142106	7037	0.996104	FALSE	NA	NA	NA	NA	NA	NA
NC_045512.2	8152	C	-T	7036	1482	36	2	0	20	0.000284212	7037	1	FALSE	NA	NA	NA	NA	NA	NA
NC_045512.2	8154	T	G	7006	1457	36	1	1	34	0.000142694	7008	0.996102	FALSE	NA	NA	NA	NA	NA	NA
NC_045512.2	8154	T	C	7006	1457	36	1	1	68	0.000142694	7008	0.5	FALSE	NA	NA	NA	NA	NA	NA
NC_045512.2	8155	A	G	6981	1476	36	2	1	29	0.00028641	6983	1	FALSE	NA	NA	NA	NA	NA	NA
NC_045512.2	8161	T	C	7130	1656	36	1	0	34	0.000140233	7131	0.996104	FALSE	NA	NA	NA	NA	NA	NA
NC_045512.2	8162	T	C	7073	1605	36	1	0	34	0.000141363	7074	0.996104	FALSE	NA	NA	NA	NA	NA	NA
NC_045512.2	8164	T	C	7180	1657	36	2	0	34	0.000278474	7182	0.980508	FALSE	NA	NA	NA	NA	NA	NA
NC_045512.2	8166	T	C	7250	1723	36	1	0	34	0.000137912	7251	0.996103	FALSE	NA	NA	NA	NA	NA	NA
NC_045512.2	8167	T	A	6861	1771	36	1	0	34	0.00014573	6862	0.992203	FALSE	NA	NA	NA	NA	NA	NA
NC_045512.2	8169	C	G	6576	1746	36	2	0	30	0.000304044	6578	0.964902	FALSE	NA	NA	NA	NA	NA	NA
NC_045512.2	8170	A	C	6576	1734	36	1	0	34	0.000152045	6577	0.992204	FALSE	NA	NA	NA	NA	NA	NA
NC_045512.2	8171	G	A	6582	1734	36	3	0	34	0.000455581	6585	0.910268	FALSE	NA	NA	NA	NA	NA	NA
NC_045512.2	8174	G	T	6598	1720	36	4	4	34	0.000605877	6602	0.82828	FALSE	NA	NA	NA	NA	NA	NA
NC_045512.2	8176	T	G	6553	1857	36	1	0	34	0.000152579	6554	0.992204	FALSE	NA	NA	NA	NA	NA	NA
NC_045512.2	8179	G	T	6659	1891	36	2	2	30	0.000300165	6663	0.964868	FALSE	NA	NA	NA	NA	NA	NA
NC_045512.2	8179	G	A	6659	1891	36	2	0	34	0.000300165	6663	0.964868	FALSE	NA	NA	NA	NA	NA	NA
NC_045512.2	8180	C	A	6723	1961	36	2	2	34	0.000297398	6725	0.964901	FALSE	NA	NA	NA	NA	NA	NA
NC_045512.2	8181	A	G	6774	2039	36	1	1	24	0.000147601	6775	1	FALSE	NA	NA	NA	NA	NA	NA
NC_045512.2	8185	G	A	7105	2084	36	1	0	34	0.000140726	7106	0.996104	FALSE	NA	NA	NA	NA	NA	NA
NC_045512.2	8186	T	G	6579	1575	35	2	2	34	0.000303905	6581	0.964902	FALSE	NA	NA	NA	NA	NA	NA
NC_045512.2	8189	G	A	7380	2537	37	1	0	34	0.000135483	7381	0.996103	FALSE	NA	NA	NA	NA	NA	NA
NC_045512.2	8190	T	C	7077	2755	37	1	0	68	0.000141283	7078	0.500035	FALSE	NA	NA	NA	NA	NA	NA
NC_045512.2	8191	T	C	6487	2839	37	2	2	30	0.000308214	6489	0.964903	FALSE	NA	NA	NA	NA	NA	NA
NC_045512.2	8192	G	C	6533	2838	37	1	1	26	0.000152975	6537	1	FALSE	NA	NA	NA	NA	NA	NA
NC_045512.2	8192	G	A	6533	2838	37	3	0	34	0.000458926	6537	0.910232	FALSE	NA	NA	NA	NA	NA	NA
NC_045512.2	8194	T	G	5923	2650	37	1	0	34	0.000151561	6598	0.988746	FALSE	NA	NA	NA	NA	NA	NA
NC_045512.2	8194	T	C	5923	2650	37	674	312	37	0.102152	6598	4.97269e-199	TRUE	NA	NA	NA	NA	NA	NA
NC_045512.2	8195	T	C	6541	2940	37	2	1	68	0.00030567	6543	0.250019	FALSE	NA	NA	NA	NA	NA	NA
NC_045512.2	8203	A	G	6689	3351	37	1	0	34	0.000149477	6690	0.992204	FALSE	NA	NA	NA	NA	NA	NA
NC_045512.2	8206	A	T	6860	3446	37	1	1	26	0.000145751	6861	1	FALSE	NA	NA	NA	NA	NA	NA
NC_045512.2	8208	C	T	6779	3365	37	2	0	68	0.000294942	6781	0.250018	FALSE	NA	NA	NA	NA	NA	NA
NC_045512.2	8209	T	-A	6798	3356	37	1	0	20	0.000147102	6798	1	FALSE	NA	NA	NA	NA	NA	NA
NC_045512.2	8210	A	G	6762	3322	37	1	0	26	0.000147863	6763	1	FALSE	NA	NA	NA	NA	NA	NA
NC_045512.2	8211	A	G	6905	3491	37	1	0	34	0.000144802	6906	0.992203	FALSE	NA	NA	NA	NA	NA	NA
NC_045512.2	8214	A	T	6897	3486	37	1	1	26	0.000144949	6899	1	FALSE	NA	NA	NA	NA	NA	NA
NC_045512.2	8214	A	G	6897	3486	37	1	0	34	0.000144949	6899	0.992199	FALSE	NA	NA	NA	NA	NA	NA
NC_045512.2	8217	T	G	6812	3437	37	3	0	31	0.000439367	6828	0.909795	FALSE	NA	NA	NA	NA	NA	NA
NC_045512.2	8217	T	C	6812	3437	37	12	4	39	0.00175747	6828	0.1186	FALSE	NA	NA	NA	NA	NA	NA
NC_045512.2	8217	T	A	6812	3437	37	1	1	34	0.000146456	6828	0.992143	FALSE	NA	NA	NA	NA	NA	NA
NC_045512.2	8219	G	-T	7064	3691	37	1	0	20	0.000141563	7064	1	FALSE	NA	NA	NA	NA	NA	NA
NC_045512.2	8221	T	A	7189	3856	38	1	0	26	0.000139082	7190	1	FALSE	NA	NA	NA	NA	NA	NA
NC_045512.2	8222	G	T	7192	3855	38	1	1	26	0.000139024	7193	1	FALSE	NA	NA	NA	NA	NA	NA
NC_045512.2	8224	A	G	7130	3843	38	1	0	34	0.000140233	7131	0.996104	FALSE	NA	NA	NA	NA	NA	NA
NC_045512.2	8225	T	C	7085	3794	38	1	0	68	0.000141123	7086	0.500035	FALSE	NA	NA	NA	NA	NA	NA
NC_045512.2	8229	T	G	7932	4693	38	4	0	34	0.000503905	7938	0.886759	FALSE	NA	NA	NA	NA	NA	NA
NC_045512.2	8229	T	C	7932	4693	38	2	2	34	0.000251953	7938	0.980469	FALSE	NA	NA	NA	NA	NA	NA
NC_045512.2	8230	T	C	7926	4687	38	1	0	34	0.000126151	7927	0.996103	FALSE	NA	NA	NA	NA	NA	NA
NC_045512.2	8231	A	G	7940	4695	38	1	1	34	0.000125929	7941	0.996103	FALSE	NA	NA	NA	NA	NA	NA
NC_045512.2	8232	A	T	7750	4752	38	1	1	34	0.000128999	7752	0.996101	FALSE	NA	NA	NA	NA	NA	NA
NC_045512.2	8232	A	C	7750	4752	38	1	1	34	0.000128999	7752	0.996101	FALSE	NA	NA	NA	NA	NA	NA
NC_045512.2	8235	T	C	7892	5003	38	5	2	34	0.000633152	7897	0.806305	FALSE	NA	NA	NA	NA	NA	NA
NC_045512.2	8236	G	A	7937	5004	38	1	1	34	0.000125976	7938	0.996103	FALSE	NA	NA	NA	NA	NA	NA
NC_045512.2	8237	T	G	7909	4978	38	1	1	34	0.00012639	7912	0.996099	FALSE	NA	NA	NA	NA	NA	NA
NC_045512.2	8237	T	C	7909	4978	38	2	2	51	0.000252781	7912	0.249984	FALSE	NA	NA	NA	NA	NA	NA
NC_045512.2	8238	C	T	7479	5144	37	1	1	34	0.00013369	7480	0.996103	FALSE	NA	NA	NA	NA	NA	NA
NC_045512.2	8239	A	G	7494	5180	37	3	3	45	0.00040016	7497	0.125	FALSE	NA	NA	NA	NA	NA	NA
NC_045512.2	8240	C	T	7665	5355	37	2	2	34	0.000260858	7667	0.980505	FALSE	NA	NA	NA	NA	NA	NA
NC_045512.2	8241	A	G	7651	5344	37	1	0	34	0.000130685	7652	0.996103	FALSE	NA	NA	NA	NA	NA	NA
NC_045512.2	8242	T	C	7807	5506	37	2	2	34	0.000256115	7809	0.980505	FALSE	NA	NA	NA	NA	NA	NA
NC_045512.2	8248	T	C	8499	6474	38	1	1	68	0.000117633	8501	0.5	FALSE	NA	NA	NA	NA	NA	NA
NC_045512.2	8248	T	A	8499	6474	38	1	1	68	0.000117633	8501	0.5	FALSE	NA	NA	NA	NA	NA	NA
NC_045512.2	8249	G	A	8449	6387	38	2	2	34	0.000236658	8451	0.989281	FALSE	NA	NA	NA	NA	NA	NA
NC_045512.2	8250	A	T	9099	7019	38	1	1	34	0.000109878	9101	0.999026	FALSE	NA	NA	NA	NA	NA	NA
NC_045512.2	8250	A	G	9099	7019	38	1	1	34	0.000109878	9101	0.999026	FALSE	NA	NA	NA	NA	NA	NA
NC_045512.2	8251	C	T	9309	7456	38	2	2	34	0.0002148	9311	0.994155	FALSE	NA	NA	NA	NA	NA	NA
NC_045512.2	8254	A	G	9615	7890	38	1	1	34	0.000103993	9616	0.999026	FALSE	NA	NA	NA	NA	NA	NA
NC_045512.2	8255	G	T	9626	7902	38	2	2	34	0.000207727	9628	0.994155	FALSE	NA	NA	NA	NA	NA	NA
NC_045512.2	8257	A	G	10006	8349	38	1	0	68	9.993e-05	10007	0.500025	FALSE	NA	NA	NA	NA	NA	NA
NC_045512.2	8259	T	C	9741	8089	38	1	1	34	0.000102648	9742	0.999026	FALSE	NA	NA	NA	NA	NA	NA
NC_045512.2	8261	A	G	9738	8186	38	1	1	34	0.00010268	9739	0.999026	FALSE	NA	NA	NA	NA	NA	NA
NC_045512.2	8262	C	T	10071	8606	38	4	3	40	0.000397022	10075	0.1875	FALSE	NA	NA	NA	NA	NA	NA
NC_045512.2	8263	T	C	10066	8604	38	1	1	34	9.93345e-05	10067	0.999513	FALSE	NA	NA	NA	NA	NA	NA
NC_045512.2	8265	G	C	10531	9108	38	2	2	34	0.000189861	10534	0.996833	FALSE	NA	NA	NA	NA	NA	NA
NC_045512.2	8265	G	A	10531	9108	38	1	1	34	9.49307e-05	10534	0.999513	FALSE	NA	NA	NA	NA	NA	NA
NC_045512.2	8266	C	T	11594	10282	38	1	1	34	8.62441e-05	11595	0.999757	FALSE	NA	NA	NA	NA	NA	NA
NC_045512.2	8267	G	A	11569	10256	39	2	2	34	0.000172846	11571	0.998296	FALSE	NA	NA	NA	NA	NA	NA
NC_045512.2	8268	A	G	11641	10342	39	1	1	68	8.58959e-05	11642	0.500021	FALSE	NA	NA	NA	NA	NA	NA
NC_045512.2	8270	A	G	11706	10451	38	4	1	68	0.000341588	11710	0.0624947	FALSE	NA	NA	NA	NA	NA	NA
NC_045512.2	8272	T	C	11822	10541	38	1	1	26	8.45809e-05	11823	1	FALSE	NA	NA	NA	NA	NA	NA
NC_045512.2	8273	T	C	11808	10534	39	5	5	30	0.000423263	11813	0.961657	FALSE	NA	NA	NA	NA	NA	NA
NC_045512.2	8274	G	C	11807	10524	39	1	1	27	8.46812e-05	11809	1	FALSE	NA	NA	NA	NA	NA	NA
NC_045512.2	8274	G	A	11807	10524	39	1	1	34	8.46812e-05	11809	0.999757	FALSE	NA	NA	NA	NA	NA	NA
NC_045512.2	8275	T	C	11760	10518	38	2	2	34	0.000170039	11762	0.998296	FALSE	NA	NA	NA	NA	NA	NA
NC_045512.2	8275	T	-A	11760	10518	38	1	0	20	8.50196e-05	11762	1	FALSE	NA	NA	NA	NA	NA	NA
NC_045512.2	8276	A	G	11785	10549	38	1	1	34	8.48464e-05	11786	0.999757	FALSE	NA	NA	NA	NA	NA	NA
NC_045512.2	8277	A	C	11823	10592	38	1	1	34	8.45737e-05	11824	0.999757	FALSE	NA	NA	NA	NA	NA	NA
NC_045512.2	8279	A	C	12061	10955	38	1	1	34	8.2905e-05	12062	0.999878	FALSE	NA	NA	NA	NA	NA	NA
NC_045512.2	8280	A	G	12226	11115	38	3	2	30	0.000245319	12229	0.996318	FALSE	NA	NA	NA	NA	NA	NA
NC_045512.2	8282	T	C	12252	11152	38	1	1	34	8.16127e-05	12253	0.999878	FALSE	NA	NA	NA	NA	NA	NA
NC_045512.2	8283	A	C	12309	11237	39	3	3	34	0.000243665	12312	0.996318	FALSE	NA	NA	NA	NA	NA	NA
NC_045512.2	8285	A	G	12367	11499	38	2	2	34	0.000161695	12369	0.999087	FALSE	NA	NA	NA	NA	NA	NA
NC_045512.2	8287	G	T	12310	11444	38	1	1	26	8.12282e-05	12311	1	FALSE	NA	NA	NA	NA	NA	NA
NC_045512.2	8287	G	+CTCAC	12310	11444	38	6	0	20	0.000487369	12311	1	FALSE	NA	NA	NA	NA	NA	NA
NC_045512.2	8288	C	T	12332	11497	38	9	9	34	0.000729276	12341	0.808498	FALSE	NA	NA	NA	NA	NA	NA
NC_045512.2	8290	C	T	11495	10668	38	1	1	34	8.69868e-05	11496	0.999757	FALSE	NA	NA	NA	NA	NA	NA
NC_045512.2	8291	A	T	11465	10645	38	1	1	34	8.72144e-05	11466	0.999757	FALSE	NA	NA	NA	NA	NA	NA
NC_045512.2	8292	C	G	11462	10657	38	1	1	34	8.72372e-05	11463	0.999757	FALSE	NA	NA	NA	NA	NA	NA
NC_045512.2	8293	C	T	11432	10656	38	1	1	34	8.74661e-05	11433	0.999757	FALSE	NA	NA	NA	NA	NA	NA
NC_045512.2	8294	T	C	10954	10180	37	6	5	32	0.000547395	10961	0.895027	FALSE	NA	NA	NA	NA	NA	NA
NC_045512.2	8294	T	A	10954	10180	37	1	1	26	9.12326e-05	10961	1	FALSE	NA	NA	NA	NA	NA	NA
NC_045512.2	8295	A	G	11241	10466	38	1	1	34	8.89521e-05	11242	0.999757	FALSE	NA	NA	NA	NA	NA	NA
NC_045512.2	8299	C	-A	11205	10503	37	1	0	20	8.92459e-05	11205	1	FALSE	NA	NA	NA	NA	NA	NA
NC_045512.2	8300	A	C	10905	10209	37	1	1	34	9.16926e-05	10906	0.999513	FALSE	NA	NA	NA	NA	NA	NA
NC_045512.2	8301	A	G	10696	10011	37	1	0	34	9.34842e-05	10697	0.999513	FALSE	NA	NA	NA	NA	NA	NA
NC_045512.2	8302	A	G	10650	9984	37	1	1	68	9.38879e-05	10651	0.500023	FALSE	NA	NA	NA	NA	NA	NA
NC_045512.2	8304	T	C	10444	9770	37	1	1	34	9.57396e-05	10445	0.999513	FALSE	NA	NA	NA	NA	NA	NA
NC_045512.2	8305	T	C	10593	9928	37	1	1	26	9.43931e-05	10594	1	FALSE	NA	NA	NA	NA	NA	NA
NC_045512.2	8306	G	-A	10580	9928	37	1	0	20	9.4518e-05	10580	1	FALSE	NA	NA	NA	NA	NA	NA
NC_045512.2	8307	A	G	10546	9921	37	1	1	34	9.48137e-05	10547	0.999513	FALSE	NA	NA	NA	NA	NA	NA
NC_045512.2	8308	A	G	10532	9911	37	3	2	45	0.000284549	10543	0.312233	FALSE	NA	NA	NA	NA	NA	NA
NC_045512.2	8308	A	C	10532	9911	37	8	8	34	0.000758797	10543	0.759627	FALSE	NA	NA	NA	NA	NA	NA
NC_045512.2	8310	A	G	10522	9978	37	2	2	30	0.000190042	10524	0.996835	FALSE	NA	NA	NA	NA	NA	NA
NC_045512.2	8311	C	T	10530	9989	37	1	1	24	9.49577e-05	10531	1	FALSE	NA	NA	NA	NA	NA	NA
NC_045512.2	8312	A	T	10323	9781	37	2	2	34	0.00019363	10329	0.996829	FALSE	NA	NA	NA	NA	NA	NA
NC_045512.2	8312	A	G	10323	9781	37	1	1	34	9.68148e-05	10329	0.999512	FALSE	NA	NA	NA	NA	NA	NA
NC_045512.2	8312	A	C	10323	9781	37	3	3	34	0.000290444	10329	0.98878	FALSE	NA	NA	NA	NA	NA	NA
NC_045512.2	8313	T	C	10313	9783	37	2	2	34	0.000193892	10315	0.996835	FALSE	NA	NA	NA	NA	NA	NA
NC_045512.2	8315	A	G	10327	9824	36	7	7	34	0.000677376	10334	0.833998	FALSE	NA	NA	NA	NA	NA	NA
NC_045512.2	8318	C	T	10245	9769	36	5	3	46	0.000487805	10250	0.109364	FALSE	NA	NA	NA	NA	NA	NA
NC_045512.2	8319	C	T	9882	9437	36	1	1	34	0.000101163	9885	0.999025	FALSE	NA	NA	NA	NA	NA	NA
NC_045512.2	8319	C	A	9882	9437	36	2	1	30	0.000202327	9885	0.994151	FALSE	NA	NA	NA	NA	NA	NA
NC_045512.2	8323	T	C	8643	8235	36	1022	988	35	0.105742	9665	9.53409e-302	TRUE	NA	NA	NA	NA	NA	NA
NC_045512.2	8325	A	G	9682	9246	36	2	2	34	0.000206526	9684	0.994154	FALSE	NA	NA	NA	NA	NA	NA
NC_045512.2	8325	A	-C	9682	9246	36	1	0	20	0.000103263	9684	1	FALSE	NA	NA	NA	NA	NA	NA
NC_045512.2	8327	C	G	9490	9175	35	1	1	34	0.000105363	9491	0.999026	FALSE	NA	NA	NA	NA	NA	NA
NC_045512.2	8328	T	C	8526	8216	35	1	1	34	0.000117247	8529	0.99805	FALSE	NA	NA	NA	NA	NA	NA
NC_045512.2	8328	T	A	8526	8216	35	2	2	34	0.000234494	8529	0.989276	FALSE	NA	NA	NA	NA	NA	NA
NC_045512.2	8330	G	A	8605	8295	36	4	4	34	0.00046463	8609	0.9271	FALSE	NA	NA	NA	NA	NA	NA
NC_045512.2	8331	G	T	48368	8835	34	1	0	34	2.0674e-05	48370	1	FALSE	NA	NA	NA	NA	NA	NA
NC_045512.2	8331	G	C	48368	8835	34	1	1	26	2.0674e-05	48370	1	FALSE	NA	NA	NA	NA	NA	NA
NC_045512.2	8332	T	G	49649	8835	34	1	0	26	2.01406e-05	49651	1	FALSE	NA	NA	NA	NA	NA	NA
NC_045512.2	8332	T	C	49649	8835	34	1	1	34	2.01406e-05	49651	1	FALSE	NA	NA	NA	NA	NA	NA
NC_045512.2	8333	G	C	50021	8830	34	1	1	34	1.99904e-05	50024	1	FALSE	NA	NA	NA	NA	NA	NA
NC_045512.2	8333	G	A	50021	8830	34	2	1	34	3.99808e-05	50024	1	FALSE	NA	NA	NA	NA	NA	NA
NC_045512.2	8334	C	T	51507	8576	34	7	0	34	0.000135877	51517	1	FALSE	NA	NA	NA	NA	NA	NA
NC_045512.2	8334	C	G	51507	8576	34	1	0	34	1.94111e-05	51517	1	FALSE	NA	NA	NA	NA	NA	NA
NC_045512.2	8334	C	A	51507	8576	34	2	0	34	3.88221e-05	51517	1	FALSE	NA	NA	NA	NA	NA	NA
NC_045512.2	8334	C	-T	51507	8576	34	1	0	20	1.94111e-05	51517	1	FALSE	NA	NA	NA	NA	NA	NA
NC_045512.2	8335	T	G	51734	8543	34	5	0	34	9.66072e-05	51756	1	FALSE	NA	NA	NA	NA	NA	NA
NC_045512.2	8335	T	C	51734	8543	34	13	2	33	0.000251179	51756	1	FALSE	NA	NA	NA	NA	NA	NA
NC_045512.2	8335	T	A	51734	8543	34	4	1	34	7.72857e-05	51756	1	FALSE	NA	NA	NA	NA	NA	NA
NC_045512.2	8336	T	G	55781	8578	34	4	0	34	7.16897e-05	55796	1	FALSE	NA	NA	NA	NA	NA	NA
NC_045512.2	8336	T	C	55781	8578	34	11	0	34	0.000197147	55796	1	FALSE	NA	NA	NA	NA	NA	NA
NC_045512.2	8337	G	A	61058	8609	34	9	0	34	0.000147379	61067	1	FALSE	NA	NA	NA	NA	NA	NA
NC_045512.2	8338	T	G	61118	8608	34	2	0	30	3.27204e-05	61124	1	FALSE	NA	NA	NA	NA	NA	NA
NC_045512.2	8338	T	C	61118	8608	34	4	0	32	6.54407e-05	61124	1	FALSE	NA	NA	NA	NA	NA	NA
NC_045512.2	8339	A	T	62730	8682	34	1	0	34	1.59401e-05	62735	1	FALSE	NA	NA	NA	NA	NA	NA
NC_045512.2	8339	A	G	62730	8682	34	4	0	32	6.37603e-05	62735	1	FALSE	NA	NA	NA	NA	NA	NA
NC_045512.2	8340	T	C	62804	8389	34	8	4	32	0.000127364	62812	1	FALSE	NA	NA	NA	NA	NA	NA
NC_045512.2	8341	T	G	68712	8599	34	1	0	26	1.45503e-05	68727	1	FALSE	NA	NA	NA	NA	NA	NA
NC_045512.2	8341	T	C	68712	8599	34	12	0	34	0.000174604	68727	1	FALSE	NA	NA	NA	NA	NA	NA
NC_045512.2	8341	T	A	68712	8599	34	2	1	34	2.91006e-05	68727	1	FALSE	NA	NA	NA	NA	NA	NA
NC_045512.2	8342	G	T	69929	8599	34	3	0	34	4.28945e-05	69939	1	FALSE	NA	NA	NA	NA	NA	NA
NC_045512.2	8342	G	C	69929	8599	34	3	0	34	4.28945e-05	69939	1	FALSE	NA	NA	NA	NA	NA	NA
NC_045512.2	8342	G	A	69929	8599	34	4	0	32	5.71927e-05	69939	1	FALSE	NA	NA	NA	NA	NA	NA
NC_045512.2	8343	A	T	71598	8431	34	4	0	34	5.58612e-05	71606	1	FALSE	NA	NA	NA	NA	NA	NA
NC_045512.2	8343	A	G	71598	8431	34	4	0	32	5.58612e-05	71606	1	FALSE	NA	NA	NA	NA	NA	NA
NC_045512.2	8344	C	T	76098	8483	34	6	0	34	7.88374e-05	76106	1	FALSE	NA	NA	NA	NA	NA	NA
NC_045512.2	8344	C	G	76098	8483	34	1	0	34	1.31396e-05	76106	1	FALSE	NA	NA	NA	NA	NA	NA
NC_045512.2	8344	C	A	76098	8483	34	1	0	34	1.31396e-05	76106	1	FALSE	NA	NA	NA	NA	NA	NA
NC_045512.2	8345	T	G	75787	8090	34	3	0	31	3.95778e-05	75800	1	FALSE	NA	NA	NA	NA	NA	NA
NC_045512.2	8345	T	C	75787	8090	34	4	0	34	5.27704e-05	75800	1	FALSE	NA	NA	NA	NA	NA	NA
NC_045512.2	8345	T	A	75787	8090	34	6	0	32	7.91557e-05	75800	1	FALSE	NA	NA	NA	NA	NA	NA
NC_045512.2	8346	G	T	78466	7687	34	1	0	26	1.27432e-05	78473	1	FALSE	NA	NA	NA	NA	NA	NA
NC_045512.2	8346	G	A	78466	7687	34	6	0	34	7.64594e-05	78473	1	FALSE	NA	NA	NA	NA	NA	NA
NC_045512.2	8347	T	G	78499	7658	34	2	0	30	2.54751e-05	78508	1	FALSE	NA	NA	NA	NA	NA	NA
NC_045512.2	8347	T	C	78499	7658	34	4	0	34	5.09502e-05	78508	1	FALSE	NA	NA	NA	NA	NA	NA
NC_045512.2	8347	T	A	78499	7658	34	3	1	30	3.82127e-05	78508	1	FALSE	NA	NA	NA	NA	NA	NA
NC_045512.2	8348	A	T	78556	7518	34	1	0	34	1.27275e-05	78570	1	FALSE	NA	NA	NA	NA	NA	NA
NC_045512.2	8348	A	G	78556	7518	34	13	0	36	0.000165458	78570	1	FALSE	NA	NA	NA	NA	NA	NA
NC_045512.2	8349	G	A	79107	7513	34	9	0	33	0.000113757	79116	1	FALSE	NA	NA	NA	NA	NA	NA
NC_045512.2	8350	T	G	78200	6777	34	1	0	26	1.27872e-05	78203	1	FALSE	NA	NA	NA	NA	NA	NA
NC_045512.2	8350	T	C	78200	6777	34	2	0	34	2.55745e-05	78203	1	FALSE	NA	NA	NA	NA	NA	NA
NC_045512.2	8351	G	T	78513	6844	34	1	0	34	1.27354e-05	78521	1	FALSE	NA	NA	NA	NA	NA	NA
NC_045512.2	8351	G	C	78513	6844	34	1	0	20	1.27354e-05	78521	1	FALSE	NA	NA	NA	NA	NA	NA
NC_045512.2	8351	G	A	78513	6844	34	6	0	34	7.64127e-05	78521	1	FALSE	NA	NA	NA	NA	NA	NA
NC_045512.2	8352	C	T	77465	6440	34	18	1	32	0.0002323	77486	1	FALSE	NA	NA	NA	NA	NA	NA
NC_045512.2	8352	C	G	77465	6440	34	1	0	26	1.29056e-05	77486	1	FALSE	NA	NA	NA	NA	NA	NA
NC_045512.2	8352	C	A	77465	6440	34	2	0	34	2.58111e-05	77486	1	FALSE	NA	NA	NA	NA	NA	NA
NC_045512.2	8353	G	T	77850	5868	34	1	1	34	1.28441e-05	77857	1	FALSE	NA	NA	NA	NA	NA	NA
NC_045512.2	8353	G	A	77850	5868	34	6	2	34	7.70644e-05	77857	1	FALSE	NA	NA	NA	NA	NA	NA
NC_045512.2	8354	C	T	50673	6436	33	3	0	34	5.5967e-05	53603	1	FALSE	NA	NA	NA	NA	NA	NA
NC_045512.2	8354	C	G	50673	6436	33	2926	0	28	0.0545865	53603	0	TRUE	NA	NA	NA	NA	NA	NA
NC_045512.2	8354	C	A	50673	6436	33	1	0	34	1.86557e-05	53603	1	FALSE	NA	NA	NA	NA	NA	NA
NC_045512.2	8355	G	T	80234	5552	34	2	0	34	2.49231e-05	80247	1	FALSE	NA	NA	NA	NA	NA	NA
NC_045512.2	8355	G	A	80234	5552	34	11	2	39	0.000137077	80247	1	FALSE	NA	NA	NA	NA	NA	NA
NC_045512.2	8356	T	G	82752	6029	35	1	0	34	1.2082e-05	82768	1	FALSE	NA	NA	NA	NA	NA	NA
NC_045512.2	8356	T	C	82752	6029	35	15	1	33	0.000181229	82768	1	FALSE	NA	NA	NA	NA	NA	NA
NC_045512.2	8357	C	T	82095	6173	35	5	0	34	6.08984e-05	82104	1	FALSE	NA	NA	NA	NA	NA	NA
NC_045512.2	8357	C	G	82095	6173	35	1	0	34	1.21797e-05	82104	1	FALSE	NA	NA	NA	NA	NA	NA
NC_045512.2	8357	C	A	82095	6173	35	3	0	31	3.6539e-05	82104	1	FALSE	NA	NA	NA	NA	NA	NA
NC_045512.2	8358	A	T	87775	6176	35	1	0	26	1.13924e-05	87778	1	FALSE	NA	NA	NA	NA	NA	NA
NC_045512.2	8358	A	C	87775	6176	35	2	2	26	2.27848e-05	87778	1	FALSE	NA	NA	NA	NA	NA	NA
NC_045512.2	8359	T	G	89046	6167	35	1	0	34	1.12278e-05	89065	1	FALSE	NA	NA	NA	NA	NA	NA
NC_045512.2	8359	T	C	89046	6167	35	16	0	34	0.000179644	89065	1	FALSE	NA	NA	NA	NA	NA	NA
NC_045512.2	8359	T	A	89046	6167	35	2	0	34	2.24555e-05	89065	1	FALSE	NA	NA	NA	NA	NA	NA
NC_045512.2	8360	A	G	86780	6799	35	17	1	33	0.000195859	86797	1	FALSE	NA	NA	NA	NA	NA	NA
NC_045512.2	8361	T	G	89563	6776	35	1	0	34	1.11637e-05	89576	1	FALSE	NA	NA	NA	NA	NA	NA
NC_045512.2	8361	T	C	89563	6776	35	6	2	39	6.69822e-05	89576	1	FALSE	NA	NA	NA	NA	NA	NA
NC_045512.2	8361	T	A	89563	6776	35	6	0	31	6.69822e-05	89576	1	FALSE	NA	NA	NA	NA	NA	NA
NC_045512.2	8362	T	C	89421	6726	35	6	1	39	6.70923e-05	89429	1	FALSE	NA	NA	NA	NA	NA	NA
NC_045512.2	8362	T	A	89421	6726	35	2	1	34	2.23641e-05	89429	1	FALSE	NA	NA	NA	NA	NA	NA
NC_045512.2	8362	T	+G	89421	6726	35	4	0	20	4.47282e-05	89429	1	FALSE	NA	NA	NA	NA	NA	NA
NC_045512.2	8362	T	+A	89421	6726	35	1	0	20	1.11821e-05	89429	1	FALSE	NA	NA	NA	NA	NA	NA
NC_045512.2	8363	A	G	88029	6317	35	6	1	32	6.81547e-05	88035	1	FALSE	NA	NA	NA	NA	NA	NA
NC_045512.2	8364	A	G	83926	2823	35	10	0	33	0.000119138	83936	1	FALSE	NA	NA	NA	NA	NA	NA
NC_045512.2	8365	T	G	86060	3152	36	2	0	34	2.32361e-05	86073	1	FALSE	NA	NA	NA	NA	NA	NA
NC_045512.2	8365	T	C	86060	3152	36	9	1	41	0.000104562	86073	0.499971	FALSE	NA	NA	NA	NA	NA	NA
NC_045512.2	8365	T	A	86060	3152	36	2	0	34	2.32361e-05	86073	1	FALSE	NA	NA	NA	NA	NA	NA
NC_045512.2	8366	G	T	86019	3162	36	4	0	32	4.64965e-05	86028	1	FALSE	NA	NA	NA	NA	NA	NA
NC_045512.2	8366	G	A	86019	3162	36	5	0	32	5.81206e-05	86028	1	FALSE	NA	NA	NA	NA	NA	NA
NC_045512.2	8367	C	T	85719	3159	35	48	6	39	0.000559617	85773	0.999545	FALSE	NA	NA	NA	NA	NA	NA
NC_045512.2	8367	C	A	85719	3159	35	6	0	34	6.99521e-05	85773	1	FALSE	NA	NA	NA	NA	NA	NA
NC_045512.2	8368	G	C	86084	3158	36	3	0	45	3.48452e-05	86095	0.96728	FALSE	NA	NA	NA	NA	NA	NA
NC_045512.2	8368	G	A	86084	3158	36	8	0	34	9.29206e-05	86095	1	FALSE	NA	NA	NA	NA	NA	NA
NC_045512.2	8369	C	T	86825	3213	36	11	0	34	0.000126673	86838	1	FALSE	NA	NA	NA	NA	NA	NA
NC_045512.2	8369	C	G	86825	3213	36	1	0	34	1.15157e-05	86838	1	FALSE	NA	NA	NA	NA	NA	NA
NC_045512.2	8369	C	A	86825	3213	36	1	0	34	1.15157e-05	86838	1	FALSE	NA	NA	NA	NA	NA	NA
NC_045512.2	8369	C	-A	86825	3213	36	1	0	20	1.15157e-05	86838	1	FALSE	NA	NA	NA	NA	NA	NA
NC_045512.2	8370	A	T	86163	3212	35	1	0	68	1.16036e-05	86180	0.499954	FALSE	NA	NA	NA	NA	NA	NA
NC_045512.2	8370	A	G	86163	3212	35	16	0	37	0.000185658	86180	1	FALSE	NA	NA	NA	NA	NA	NA
NC_045512.2	8370	A	-G	86163	3212	35	1	0	20	1.16035e-05	86181	1	FALSE	NA	NA	NA	NA	NA	NA
NC_045512.2	8371	G	T	88807	3249	36	4	0	34	4.50374e-05	88815	1	FALSE	NA	NA	NA	NA	NA	NA
NC_045512.2	8371	G	A	88807	3249	36	4	0	34	4.50374e-05	88815	1	FALSE	NA	NA	NA	NA	NA	NA
NC_045512.2	8372	G	T	88797	3586	36	5	0	34	5.63031e-05	88805	1	FALSE	NA	NA	NA	NA	NA	NA
NC_045512.2	8372	G	A	88797	3586	36	3	1	34	3.37819e-05	88805	1	FALSE	NA	NA	NA	NA	NA	NA
NC_045512.2	8373	T	C	88761	3644	36	8	0	34	9.01205e-05	88770	1	FALSE	NA	NA	NA	NA	NA	NA
NC_045512.2	8373	T	A	88761	3644	36	1	0	26	1.12651e-05	88770	1	FALSE	NA	NA	NA	NA	NA	NA
NC_045512.2	8374	A	G	89294	3648	36	10	1	37	0.000111977	89304	1	FALSE	NA	NA	NA	NA	NA	NA
NC_045512.2	8375	G	C	89687	3662	36	1	0	34	1.11444e-05	89731	1	FALSE	NA	NA	NA	NA	NA	NA
NC_045512.2	8375	G	A	89687	3662	36	43	0	34	0.00047921	89731	0.999982	FALSE	NA	NA	NA	NA	NA	NA
NC_045512.2	8376	C	T	89564	3805	36	17	0	34	0.000189768	89583	1	FALSE	NA	NA	NA	NA	NA	NA
NC_045512.2	8376	C	G	89564	3805	36	1	0	34	1.11628e-05	89583	1	FALSE	NA	NA	NA	NA	NA	NA
NC_045512.2	8376	C	A	89564	3805	36	1	0	34	1.11628e-05	89583	1	FALSE	NA	NA	NA	NA	NA	NA
NC_045512.2	8376	C	-A	89564	3805	36	88	0	20	0.000982329	89583	1	FALSE	NA	NA	NA	NA	NA	NA
NC_045512.2	8376	C	+A	89564	3805	36	2	0	20	2.23257e-05	89583	1	FALSE	NA	NA	NA	NA	NA	NA
NC_045512.2	8377	A	G	89834	3809	36	11	1	36	0.000122433	89845	1	FALSE	NA	NA	NA	NA	NA	NA
NC_045512.2	8378	A	T	89979	3992	36	1	0	26	1.11128e-05	89986	1	FALSE	NA	NA	NA	NA	NA	NA
NC_045512.2	8378	A	G	89979	3992	36	6	0	38	6.6677e-05	89986	1	FALSE	NA	NA	NA	NA	NA	NA
NC_045512.2	8379	A	G	87651	3995	35	7	0	36	7.98558e-05	87658	1	FALSE	NA	NA	NA	NA	NA	NA
NC_045512.2	8380	A	T	90073	4007	36	1	0	34	1.1101e-05	90082	1	FALSE	NA	NA	NA	NA	NA	NA
NC_045512.2	8380	A	G	90073	4007	36	7	0	32	7.7707e-05	90082	1	FALSE	NA	NA	NA	NA	NA	NA
NC_045512.2	8380	A	C	90073	4007	36	1	0	34	1.1101e-05	90082	1	FALSE	NA	NA	NA	NA	NA	NA
NC_045512.2	8381	A	T	90622	4029	35	1	0	34	1.1034e-05	90629	1	FALSE	NA	NA	NA	NA	NA	NA
NC_045512.2	8381	A	G	90622	4029	35	3	0	31	3.3102e-05	90629	1	FALSE	NA	NA	NA	NA	NA	NA
NC_045512.2	8381	A	C	90622	4029	35	3	2	29	3.3102e-05	90629	1	FALSE	NA	NA	NA	NA	NA	NA
NC_045512.2	8382	G	T	92471	4037	36	1	0	34	1.08135e-05	92477	1	FALSE	NA	NA	NA	NA	NA	NA
NC_045512.2	8382	G	A	92471	4037	36	5	0	32	5.40675e-05	92477	1	FALSE	NA	NA	NA	NA	NA	NA
NC_045512.2	8383	T	G	92120	4260	36	3	0	34	3.2563e-05	92129	1	FALSE	NA	NA	NA	NA	NA	NA
NC_045512.2	8383	T	C	92120	4260	36	5	0	37	5.42717e-05	92129	1	FALSE	NA	NA	NA	NA	NA	NA
NC_045512.2	8383	T	A	92120	4260	36	1	0	26	1.08543e-05	92129	1	FALSE	NA	NA	NA	NA	NA	NA
NC_045512.2	8384	C	T	92553	4276	36	1	0	34	1.08036e-05	92562	1	FALSE	NA	NA	NA	NA	NA	NA
NC_045512.2	8384	C	G	92553	4276	36	7	0	34	7.5625e-05	92562	1	FALSE	NA	NA	NA	NA	NA	NA
NC_045512.2	8384	C	A	92553	4276	36	1	0	34	1.08036e-05	92562	1	FALSE	NA	NA	NA	NA	NA	NA
NC_045512.2	8385	A	G	92467	4276	36	10	0	34	0.000108135	92477	1	FALSE	NA	NA	NA	NA	NA	NA
NC_045512.2	8385	A	-C	92467	4276	36	1	0	20	1.08135e-05	92477	1	FALSE	NA	NA	NA	NA	NA	NA
NC_045512.2	8386	C	T	94120	4304	36	1	0	34	1.06233e-05	94133	1	FALSE	NA	NA	NA	NA	NA	NA
NC_045512.2	8386	C	A	94120	4304	36	12	0	34	0.000127479	94133	1	FALSE	NA	NA	NA	NA	NA	NA
NC_045512.2	8387	A	T	94000	4312	36	29	0	33	0.000308317	94059	1	FALSE	NA	NA	NA	NA	NA	NA
NC_045512.2	8387	A	G	94000	4312	36	23	0	35	0.000244527	94059	1	FALSE	NA	NA	NA	NA	NA	NA
NC_045512.2	8387	A	C	94000	4312	36	7	0	34	7.44214e-05	94059	1	FALSE	NA	NA	NA	NA	NA	NA
NC_045512.2	8388	A	T	105380	4729	36	2	0	34	1.89773e-05	105389	1	FALSE	NA	NA	NA	NA	NA	NA
NC_045512.2	8388	A	G	105380	4729	36	7	1	37	6.64206e-05	105389	1	FALSE	NA	NA	NA	NA	NA	NA
NC_045512.2	8389	C	T	113250	4870	36	6	0	34	5.29759e-05	113259	1	FALSE	NA	NA	NA	NA	NA	NA
NC_045512.2	8389	C	G	113250	4870	36	3	0	31	2.6488e-05	113259	1	FALSE	NA	NA	NA	NA	NA	NA
NC_045512.2	8390	A	T	113153	4886	36	4	1	31	3.5346e-05	113167	1	FALSE	NA	NA	NA	NA	NA	NA
NC_045512.2	8390	A	G	113153	4886	36	10	0	34	8.8365e-05	113167	1	FALSE	NA	NA	NA	NA	NA	NA
NC_045512.2	8391	T	G	121150	4936	36	4	0	32	3.3012e-05	121168	1	FALSE	NA	NA	NA	NA	NA	NA
NC_045512.2	8391	T	C	121150	4936	36	4	0	35	3.3012e-05	121168	1	FALSE	NA	NA	NA	NA	NA	NA
NC_045512.2	8391	T	A	121150	4936	36	10	0	34	8.253e-05	121168	1	FALSE	NA	NA	NA	NA	NA	NA
NC_045512.2	8392	T	G	121932	4934	36	2	0	34	1.63999e-05	121952	1	FALSE	NA	NA	NA	NA	NA	NA
NC_045512.2	8392	T	C	121932	4934	36	16	0	34	0.000131199	121952	1	FALSE	NA	NA	NA	NA	NA	NA
NC_045512.2	8392	T	A	121932	4934	36	2	0	34	1.63999e-05	121952	1	FALSE	NA	NA	NA	NA	NA	NA
NC_045512.2	8392	T	-G	121932	4934	36	1	0	20	8.19995e-06	121952	1	FALSE	NA	NA	NA	NA	NA	NA
NC_045512.2	8393	G	T	124641	4964	36	1	0	34	8.02285e-06	124644	1	FALSE	NA	NA	NA	NA	NA	NA
NC_045512.2	8393	G	A	124641	4964	36	2	0	34	1.60457e-05	124644	1	FALSE	NA	NA	NA	NA	NA	NA
NC_045512.2	8394	C	T	124257	5257	36	13	0	34	0.000104608	124273	1	FALSE	NA	NA	NA	NA	NA	NA
NC_045512.2	8394	C	G	124257	5257	36	3	1	56	2.41404e-05	124273	0.312462	FALSE	NA	NA	NA	NA	NA	NA
NC_045512.2	8395	T	G	124475	5255	36	4	0	34	3.21321e-05	124486	1	FALSE	NA	NA	NA	NA	NA	NA
NC_045512.2	8395	T	C	124475	5255	36	7	0	42	5.62312e-05	124486	0.916466	FALSE	NA	NA	NA	NA	NA	NA
NC_045512.2	8396	T	G	124878	5405	36	9	0	34	7.20582e-05	124899	1	FALSE	NA	NA	NA	NA	NA	NA
NC_045512.2	8396	T	C	124878	5405	36	8	0	35	6.40518e-05	124899	1	FALSE	NA	NA	NA	NA	NA	NA
NC_045512.2	8396	T	A	124878	5405	36	4	0	32	3.20259e-05	124899	1	FALSE	NA	NA	NA	NA	NA	NA
NC_045512.2	8397	T	G	125075	5415	36	8	0	33	6.39545e-05	125089	1	FALSE	NA	NA	NA	NA	NA	NA
NC_045512.2	8397	T	C	125075	5415	36	6	2	38	4.79658e-05	125089	1	FALSE	NA	NA	NA	NA	NA	NA
NC_045512.2	8398	G	T	128080	5437	36	4	0	34	3.12278e-05	128091	1	FALSE	NA	NA	NA	NA	NA	NA
NC_045512.2	8398	G	A	128080	5437	36	7	0	32	5.46486e-05	128091	1	FALSE	NA	NA	NA	NA	NA	NA
NC_045512.2	8399	A	T	128641	5696	36	1	0	34	7.77285e-06	128653	1	FALSE	NA	NA	NA	NA	NA	NA
NC_045512.2	8399	A	G	128641	5696	36	10	0	34	7.77285e-05	128653	1	FALSE	NA	NA	NA	NA	NA	NA
NC_045512.2	8399	A	C	128641	5696	36	1	0	34	7.77285e-06	128653	1	FALSE	NA	NA	NA	NA	NA	NA
NC_045512.2	8400	T	G	128657	5695	36	8	3	58	6.21731e-05	128673	0.0195258	FALSE	NA	NA	NA	NA	NA	NA
NC_045512.2	8400	T	C	128657	5695	36	7	1	38	5.44015e-05	128673	1	FALSE	NA	NA	NA	NA	NA	NA
NC_045512.2	8400	T	A	128657	5695	36	1	0	26	7.77164e-06	128673	1	FALSE	NA	NA	NA	NA	NA	NA
NC_045512.2	8401	A	T	127143	5806	36	1	0	34	7.86411e-06	127160	1	FALSE	NA	NA	NA	NA	NA	NA
NC_045512.2	8401	A	G	127143	5806	36	16	4	48	0.000125826	127160	0.285783	FALSE	NA	NA	NA	NA	NA	NA
NC_045512.2	8402	T	C	128627	5859	36	3	0	34	2.33223e-05	128632	1	FALSE	NA	NA	NA	NA	NA	NA
NC_045512.2	8402	T	A	128627	5859	36	2	0	34	1.55482e-05	128632	1	FALSE	NA	NA	NA	NA	NA	NA
NC_045512.2	8402	T	-G	128627	5859	36	1	0	20	7.77412e-06	128632	1	FALSE	NA	NA	NA	NA	NA	NA
NC_045512.2	8403	G	T	128571	5845	36	8	0	34	6.22166e-05	128583	1	FALSE	NA	NA	NA	NA	NA	NA
NC_045512.2	8403	G	A	128571	5845	36	4	0	42	3.11083e-05	128583	0.989363	FALSE	NA	NA	NA	NA	NA	NA
NC_045512.2	8404	G	T	128604	5881	36	5	0	34	3.88754e-05	128616	1	FALSE	NA	NA	NA	NA	NA	NA
NC_045512.2	8404	G	C	128604	5881	36	3	0	34	2.33252e-05	128616	1	FALSE	NA	NA	NA	NA	NA	NA
NC_045512.2	8404	G	A	128604	5881	36	4	0	34	3.11003e-05	128616	1	FALSE	NA	NA	NA	NA	NA	NA
NC_045512.2	8405	A	T	129077	6660	37	3	0	34	2.32337e-05	129123	1	FALSE	NA	NA	NA	NA	NA	NA
NC_045512.2	8405	A	G	129077	6660	37	43	3	37	0.000333016	129123	1	FALSE	NA	NA	NA	NA	NA	NA
NC_045512.2	8406	A	T	129448	6706	37	1	1	27	7.72451e-06	129458	1	FALSE	NA	NA	NA	NA	NA	NA
NC_045512.2	8406	A	G	129448	6706	37	9	0	37	6.95206e-05	129458	1	FALSE	NA	NA	NA	NA	NA	NA
NC_045512.2	8407	C	T	129870	6724	37	8	0	33	6.15958e-05	129879	1	FALSE	NA	NA	NA	NA	NA	NA
NC_045512.2	8407	C	A	129870	6724	37	1	0	34	7.69947e-06	129879	1	FALSE	NA	NA	NA	NA	NA	NA
NC_045512.2	8408	G	T	131102	6744	37	3	0	34	2.28812e-05	131112	1	FALSE	NA	NA	NA	NA	NA	NA
NC_045512.2	8408	G	C	131102	6744	37	3	0	34	2.28812e-05	131112	1	FALSE	NA	NA	NA	NA	NA	NA
NC_045512.2	8408	G	A	131102	6744	37	4	1	42	3.05083e-05	131112	0.993637	FALSE	NA	NA	NA	NA	NA	NA
NC_045512.2	8408	G	-T	131102	6744	37	1	0	20	7.62707e-06	131112	1	FALSE	NA	NA	NA	NA	NA	NA
NC_045512.2	8409	T	G	130985	6728	37	3	0	31	2.29015e-05	130996	1	FALSE	NA	NA	NA	NA	NA	NA
NC_045512.2	8409	T	C	130985	6728	37	8	2	38	6.10706e-05	130996	1	FALSE	NA	NA	NA	NA	NA	NA
NC_045512.2	8410	T	G	131018	8381	37	3	0	31	2.28939e-05	131039	1	FALSE	NA	NA	NA	NA	NA	NA
NC_045512.2	8410	T	C	131018	8381	37	13	0	34	9.92071e-05	131039	1	FALSE	NA	NA	NA	NA	NA	NA
NC_045512.2	8410	T	A	131018	8381	37	5	0	34	3.81566e-05	131039	1	FALSE	NA	NA	NA	NA	NA	NA
NC_045512.2	8410	T	-A	131018	8381	37	1	0	20	7.63132e-06	131039	1	FALSE	NA	NA	NA	NA	NA	NA
NC_045512.2	8411	A	T	128946	8644	37	1	0	20	7.75452e-06	128957	1	FALSE	NA	NA	NA	NA	NA	NA
NC_045512.2	8411	A	G	128946	8644	37	10	1	39	7.75452e-05	128957	1	FALSE	NA	NA	NA	NA	NA	NA
NC_045512.2	8412	A	T	127692	8799	37	4	3	33	3.13219e-05	127706	1	FALSE	NA	NA	NA	NA	NA	NA
NC_045512.2	8412	A	G	127692	8799	37	8	2	38	6.26439e-05	127706	1	FALSE	NA	NA	NA	NA	NA	NA
NC_045512.2	8412	A	C	127692	8799	37	2	1	47	1.5661e-05	127706	0.999084	FALSE	NA	NA	NA	NA	NA	NA
NC_045512.2	8413	A	T	125868	9025	37	1	0	34	7.94407e-06	125880	1	FALSE	NA	NA	NA	NA	NA	NA
NC_045512.2	8413	A	G	125868	9025	37	11	2	38	8.73848e-05	125880	1	FALSE	NA	NA	NA	NA	NA	NA
NC_045512.2	8414	G	T	127934	9118	37	9	0	34	7.03378e-05	127954	1	FALSE	NA	NA	NA	NA	NA	NA
NC_045512.2	8414	G	A	127934	9118	37	11	5	47	8.59684e-05	127954	0.661132	FALSE	NA	NA	NA	NA	NA	NA
NC_045512.2	8415	A	T	124382	9997	36	1	0	34	8.03917e-06	124391	1	FALSE	NA	NA	NA	NA	NA	NA
NC_045512.2	8415	A	G	124382	9997	36	8	1	33	6.43133e-05	124391	1	FALSE	NA	NA	NA	NA	NA	NA
NC_045512.2	8416	T	G	128131	10152	38	10	0	32	7.80336e-05	128150	1	FALSE	NA	NA	NA	NA	NA	NA
NC_045512.2	8416	T	C	128131	10152	38	8	1	32	6.24268e-05	128150	1	FALSE	NA	NA	NA	NA	NA	NA
NC_045512.2	8416	T	A	128131	10152	38	1	0	34	7.80336e-06	128150	1	FALSE	NA	NA	NA	NA	NA	NA
NC_045512.2	8417	T	G	127015	9920	37	3	1	24	2.36152e-05	127037	1	FALSE	NA	NA	NA	NA	NA	NA
NC_045512.2	8417	T	C	127015	9920	37	18	4	39	0.000141691	127037	1	FALSE	NA	NA	NA	NA	NA	NA
NC_045512.2	8417	T	A	127015	9920	37	1	0	34	7.87172e-06	127037	1	FALSE	NA	NA	NA	NA	NA	NA
NC_045512.2	8418	T	G	127114	10175	38	6	0	34	4.71921e-05	127140	1	FALSE	NA	NA	NA	NA	NA	NA
NC_045512.2	8418	T	C	127114	10175	38	16	0	36	0.000125846	127140	1	FALSE	NA	NA	NA	NA	NA	NA
NC_045512.2	8418	T	A	127114	10175	38	4	0	32	3.14614e-05	127140	1	FALSE	NA	NA	NA	NA	NA	NA
NC_045512.2	8419	C	T	113472	11928	37	7	0	32	6.16843e-05	113481	1	FALSE	NA	NA	NA	NA	NA	NA
NC_045512.2	8419	C	G	113472	11928	37	1	0	34	8.81205e-06	113481	1	FALSE	NA	NA	NA	NA	NA	NA
NC_045512.2	8419	C	A	113472	11928	37	1	0	26	8.81205e-06	113481	1	FALSE	NA	NA	NA	NA	NA	NA
NC_045512.2	8420	A	G	114070	12032	37	22	1	34	0.000192827	114092	1	FALSE	NA	NA	NA	NA	NA	NA
NC_045512.2	8421	T	G	113276	12994	38	2	0	34	1.76546e-05	113285	1	FALSE	NA	NA	NA	NA	NA	NA
NC_045512.2	8421	T	C	113276	12994	38	7	2	37	6.17911e-05	113285	1	FALSE	NA	NA	NA	NA	NA	NA
NC_045512.2	8422	G	T	117097	13087	37	1	0	26	8.53942e-06	117104	1	FALSE	NA	NA	NA	NA	NA	NA
NC_045512.2	8422	G	C	117097	13087	37	2	1	30	1.70788e-05	117104	1	FALSE	NA	NA	NA	NA	NA	NA
NC_045512.2	8422	G	A	117097	13087	37	4	0	34	3.41577e-05	117104	1	FALSE	NA	NA	NA	NA	NA	NA
NC_045512.2	8423	T	G	117774	13751	38	5	0	30	4.24473e-05	117793	1	FALSE	NA	NA	NA	NA	NA	NA
NC_045512.2	8423	T	C	117774	13751	38	8	0	36	6.79158e-05	117793	1	FALSE	NA	NA	NA	NA	NA	NA
NC_045512.2	8423	T	A	117774	13751	38	6	0	30	5.09368e-05	117793	1	FALSE	NA	NA	NA	NA	NA	NA
NC_045512.2	8424	C	T	117828	13874	38	5	1	34	4.24319e-05	117836	1	FALSE	NA	NA	NA	NA	NA	NA
NC_045512.2	8424	C	G	117828	13874	38	1	0	27	8.48637e-06	117836	1	FALSE	NA	NA	NA	NA	NA	NA
NC_045512.2	8424	C	A	117828	13874	38	2	0	23	1.69727e-05	117836	1	FALSE	NA	NA	NA	NA	NA	NA
NC_045512.2	8425	A	T	117770	13979	38	4	0	34	3.39602e-05	117785	1	FALSE	NA	NA	NA	NA	NA	NA
NC_045512.2	8425	A	G	117770	13979	38	11	2	35	9.33905e-05	117785	1	FALSE	NA	NA	NA	NA	NA	NA
NC_045512.2	8425	A	-T	117770	13979	38	1	0	20	8.49005e-06	117785	1	FALSE	NA	NA	NA	NA	NA	NA
NC_045512.2	8426	T	G	113635	14650	37	1	0	34	8.7998e-06	113639	1	FALSE	NA	NA	NA	NA	NA	NA
NC_045512.2	8426	T	C	113635	14650	37	2	1	30	1.75996e-05	113639	1	FALSE	NA	NA	NA	NA	NA	NA
NC_045512.2	8426	T	A	113635	14650	37	1	0	34	8.7998e-06	113639	1	FALSE	NA	NA	NA	NA	NA	NA
NC_045512.2	8427	T	G	111909	14965	37	1	0	34	8.93439e-06	111927	1	FALSE	NA	NA	NA	NA	NA	NA
NC_045512.2	8427	T	C	111909	14965	37	16	1	38	0.00014295	111927	1	FALSE	NA	NA	NA	NA	NA	NA
NC_045512.2	8427	T	A	111909	14965	37	1	0	34	8.93439e-06	111927	1	FALSE	NA	NA	NA	NA	NA	NA
NC_045512.2	8428	G	T	112406	15019	37	4	1	34	3.55828e-05	112414	1	FALSE	NA	NA	NA	NA	NA	NA
NC_045512.2	8428	G	A	112406	15019	37	4	1	42	3.55828e-05	112414	0.982423	FALSE	NA	NA	NA	NA	NA	NA
NC_045512.2	8429	T	C	112640	15554	37	6	0	39	5.32637e-05	112647	1	FALSE	NA	NA	NA	NA	NA	NA
NC_045512.2	8429	T	A	112640	15554	37	1	0	34	8.87729e-06	112647	1	FALSE	NA	NA	NA	NA	NA	NA
NC_045512.2	8430	C	T	110036	15963	37	2	1	34	1.81747e-05	110043	1	FALSE	NA	NA	NA	NA	NA	NA
NC_045512.2	8430	C	A	110036	15963	37	5	1	54	4.54368e-05	110043	0.10937	FALSE	NA	NA	NA	NA	NA	NA
NC_045512.2	8431	T	G	110301	15812	37	6	0	34	5.43769e-05	110341	1	FALSE	NA	NA	NA	NA	NA	NA
NC_045512.2	8431	T	C	110301	15812	37	33	3	37	0.000299073	110341	1	FALSE	NA	NA	NA	NA	NA	NA
NC_045512.2	8431	T	A	110301	15812	37	1	0	34	9.06281e-06	110341	1	FALSE	NA	NA	NA	NA	NA	NA
NC_045512.2	8432	G	T	110581	15769	37	5	3	54	4.521e-05	110595	0.109355	FALSE	NA	NA	NA	NA	NA	NA
NC_045512.2	8432	G	A	110581	15769	37	9	0	35	8.1378e-05	110595	1	FALSE	NA	NA	NA	NA	NA	NA
NC_045512.2	8432	G	-A	110581	15769	37	1	0	20	9.042e-06	110595	1	FALSE	NA	NA	NA	NA	NA	NA
NC_045512.2	8433	A	T	110835	15893	37	2	1	47	1.80426e-05	110849	0.99829	FALSE	NA	NA	NA	NA	NA	NA
NC_045512.2	8433	A	G	110835	15893	37	12	1	32	0.000108255	110849	1	FALSE	NA	NA	NA	NA	NA	NA
NC_045512.2	8434	A	G	110230	15950	37	12	2	39	0.00010885	110243	1	FALSE	NA	NA	NA	NA	NA	NA
NC_045512.2	8434	A	C	110230	15950	37	1	1	26	9.07087e-06	110243	1	FALSE	NA	NA	NA	NA	NA	NA
NC_045512.2	8435	C	T	108669	16151	37	3	1	31	2.76058e-05	108673	1	FALSE	NA	NA	NA	NA	NA	NA
NC_045512.2	8435	C	A	108669	16151	37	1	0	34	9.20192e-06	108673	1	FALSE	NA	NA	NA	NA	NA	NA
NC_045512.2	8436	A	T	108293	15866	37	1	1	24	9.23353e-06	108301	1	FALSE	NA	NA	NA	NA	NA	NA
NC_045512.2	8436	A	G	108293	15866	37	6	0	34	5.54012e-05	108301	1	FALSE	NA	NA	NA	NA	NA	NA
NC_045512.2	8436	A	C	108293	15866	37	1	1	34	9.23353e-06	108301	1	FALSE	NA	NA	NA	NA	NA	NA
NC_045512.2	8437	A	G	105729	16646	37	16	1	30	0.000151307	105745	1	FALSE	NA	NA	NA	NA	NA	NA
NC_045512.2	8438	C	T	100684	18404	37	2	0	34	1.98627e-05	100691	1	FALSE	NA	NA	NA	NA	NA	NA
NC_045512.2	8438	C	G	100684	18404	37	3	0	34	2.97941e-05	100691	1	FALSE	NA	NA	NA	NA	NA	NA
NC_045512.2	8438	C	A	100684	18404	37	2	1	34	1.98627e-05	100691	1	FALSE	NA	NA	NA	NA	NA	NA
NC_045512.2	8439	T	C	100727	18240	37	17	2	39	0.000168745	100744	1	FALSE	NA	NA	NA	NA	NA	NA
NC_045512.2	8439	T	-A	100727	18240	37	1	0	20	9.92615e-06	100744	1	FALSE	NA	NA	NA	NA	NA	NA
NC_045512.2	8440	A	G	100278	18390	37	6	0	34	5.98301e-05	100284	1	FALSE	NA	NA	NA	NA	NA	NA
NC_045512.2	8441	C	T	96089	18938	37	8	3	51	8.32475e-05	96099	0.00390552	TRUE	NA	NA	NA	NA	NA	NA
NC_045512.2	8441	C	G	96089	18938	37	2	0	30	2.08119e-05	96099	1	FALSE	NA	NA	NA	NA	NA	NA
NC_045512.2	8442	G	T	95996	18881	37	2	0	34	2.08333e-05	96000	1	FALSE	NA	NA	NA	NA	NA	NA
NC_045512.2	8442	G	C	95996	18881	37	1	1	34	1.04167e-05	96000	1	FALSE	NA	NA	NA	NA	NA	NA
NC_045512.2	8442	G	A	95996	18881	37	1	1	68	1.04167e-05	96000	0.499995	FALSE	NA	NA	NA	NA	NA	NA
NC_045512.2	8442	G	-A	95996	18881	37	3	0	20	3.125e-05	96000	1	FALSE	NA	NA	NA	NA	NA	NA
NC_045512.2	8443	A	T	96740	20987	37	1	1	34	1.03361e-05	96748	1	FALSE	NA	NA	NA	NA	NA	NA
NC_045512.2	8443	A	G	96740	20987	37	7	0	32	7.23529e-05	96748	1	FALSE	NA	NA	NA	NA	NA	NA
NC_045512.2	8444	A	T	90378	21367	36	1	0	34	1.10639e-05	90384	1	FALSE	NA	NA	NA	NA	NA	NA
NC_045512.2	8444	A	G	90378	21367	36	4	0	32	4.42556e-05	90384	1	FALSE	NA	NA	NA	NA	NA	NA
NC_045512.2	8444	A	C	90378	21367	36	1	1	26	1.10639e-05	90384	1	FALSE	NA	NA	NA	NA	NA	NA
NC_045512.2	8445	A	G	92432	21732	37	7	2	40	7.57256e-05	92439	0.772767	FALSE	NA	NA	NA	NA	NA	NA
NC_045512.2	8446	A	G	88694	21857	36	8	2	38	9.01896e-05	88702	1	FALSE	NA	NA	NA	NA	NA	NA
NC_045512.2	8447	C	G	92866	22066	37	1	0	26	1.07674e-05	92873	1	FALSE	NA	NA	NA	NA	NA	NA
NC_045512.2	8447	C	A	92866	22066	37	6	1	39	6.46044e-05	92873	1	FALSE	NA	NA	NA	NA	NA	NA
NC_045512.2	8447	C	+A	92866	22066	37	2	0	20	2.15348e-05	92873	1	FALSE	NA	NA	NA	NA	NA	NA
NC_045512.2	8448	A	T	94190	23962	37	1	0	68	1.06155e-05	94202	0.499973	FALSE	NA	NA	NA	NA	NA	NA
NC_045512.2	8448	A	G	94190	23962	37	9	4	34	9.55394e-05	94202	1	FALSE	NA	NA	NA	NA	NA	NA
NC_045512.2	8448	A	C	94190	23962	37	2	0	34	2.1231e-05	94202	1	FALSE	NA	NA	NA	NA	NA	NA
NC_045512.2	8449	A	T	95483	24302	37	2	1	30	2.0945e-05	95488	1	FALSE	NA	NA	NA	NA	NA	NA
NC_045512.2	8449	A	G	95483	24302	37	3	1	56	3.14176e-05	95488	0.124996	FALSE	NA	NA	NA	NA	NA	NA
NC_045512.2	8450	A	G	96517	28687	37	8	1	41	8.28801e-05	96525	0.685486	FALSE	NA	NA	NA	NA	NA	NA
NC_045512.2	8451	T	G	98639	29384	38	1	0	34	1.01371e-05	98648	1	FALSE	NA	NA	NA	NA	NA	NA
NC_045512.2	8451	T	C	98639	29384	38	8	0	37	8.10964e-05	98648	1	FALSE	NA	NA	NA	NA	NA	NA
NC_045512.2	8452	A	T	101149	29525	38	2	1	51	1.97691e-05	101168	0.499941	FALSE	NA	NA	NA	NA	NA	NA
NC_045512.2	8452	A	G	101149	29525	38	16	6	38	0.000158153	101168	1	FALSE	NA	NA	NA	NA	NA	NA
NC_045512.2	8452	A	C	101149	29525	38	1	1	34	9.88455e-06	101168	1	FALSE	NA	NA	NA	NA	NA	NA
NC_045512.2	8453	C	T	101315	29604	38	6	1	34	5.92148e-05	101326	1	FALSE	NA	NA	NA	NA	NA	NA
NC_045512.2	8453	C	G	101315	29604	38	1	1	34	9.86914e-06	101326	1	FALSE	NA	NA	NA	NA	NA	NA
NC_045512.2	8453	C	A	101315	29604	38	4	0	34	3.94765e-05	101326	1	FALSE	NA	NA	NA	NA	NA	NA
NC_045512.2	8454	G	C	100871	29260	38	1	0	68	9.91267e-06	100881	0.49998	FALSE	NA	NA	NA	NA	NA	NA
NC_045512.2	8454	G	A	100871	29260	38	9	0	33	8.9214e-05	100881	1	FALSE	NA	NA	NA	NA	NA	NA
NC_045512.2	8455	T	C	98593	29477	38	15	9	43	0.00015211	98613	0.15369	FALSE	NA	NA	NA	NA	NA	NA
NC_045512.2	8455	T	A	98593	29477	38	5	1	30	5.07033e-05	98613	1	FALSE	NA	NA	NA	NA	NA	NA
NC_045512.2	8456	A	G	98007	28781	38	25	3	39	0.000255019	98032	1	FALSE	NA	NA	NA	NA	NA	NA
NC_045512.2	8457	G	T	102268	29226	37	1	0	34	9.77766e-06	102274	1	FALSE	NA	NA	NA	NA	NA	NA
NC_045512.2	8457	G	C	102268	29226	37	1	0	34	9.77766e-06	102274	1	FALSE	NA	NA	NA	NA	NA	NA
NC_045512.2	8457	G	A	102268	29226	37	4	0	51	3.91106e-05	102274	0.187494	FALSE	NA	NA	NA	NA	NA	NA
NC_045512.2	8458	T	G	102244	29326	38	1	0	34	9.77995e-06	102250	1	FALSE	NA	NA	NA	NA	NA	NA
NC_045512.2	8458	T	C	102244	29326	38	5	3	37	4.88998e-05	102250	1	FALSE	NA	NA	NA	NA	NA	NA
NC_045512.2	8459	G	T	97906	29819	37	2	1	34	2.04269e-05	97910	1	FALSE	NA	NA	NA	NA	NA	NA
NC_045512.2	8459	G	C	97906	29819	37	1	0	34	1.02135e-05	97910	1	FALSE	NA	NA	NA	NA	NA	NA
NC_045512.2	8459	G	A	97906	29819	37	1	0	34	1.02135e-05	97910	1	FALSE	NA	NA	NA	NA	NA	NA
NC_045512.2	8460	C	T	97030	30421	37	18	5	35	0.000185456	97058	1	FALSE	NA	NA	NA	NA	NA	NA
NC_045512.2	8460	C	G	97030	30421	37	2	0	30	2.06062e-05	97058	1	FALSE	NA	NA	NA	NA	NA	NA
NC_045512.2	8460	C	A	97030	30421	37	8	2	33	8.24249e-05	97058	1	FALSE	NA	NA	NA	NA	NA	NA
NC_045512.2	8461	T	G	97498	30529	37	1	0	34	1.02548e-05	97515	1	FALSE	NA	NA	NA	NA	NA	NA
NC_045512.2	8461	T	C	97498	30529	37	14	3	34	0.000143568	97515	1	FALSE	NA	NA	NA	NA	NA	NA
NC_045512.2	8461	T	A	97498	30529	37	2	0	30	2.05097e-05	97515	1	FALSE	NA	NA	NA	NA	NA	NA
NC_045512.2	8462	G	T	98731	30242	37	1	1	34	1.01268e-05	98748	1	FALSE	NA	NA	NA	NA	NA	NA
NC_045512.2	8462	G	C	98731	30242	37	2	0	51	2.02536e-05	98748	0.249963	FALSE	NA	NA	NA	NA	NA	NA
NC_045512.2	8462	G	A	98731	30242	37	14	6	38	0.000141775	98748	1	FALSE	NA	NA	NA	NA	NA	NA
NC_045512.2	8463	C	T	98646	30566	37	2	1	51	2.02737e-05	98650	0.249996	FALSE	NA	NA	NA	NA	NA	NA
NC_045512.2	8463	C	G	98646	30566	37	2	1	34	2.02737e-05	98650	1	FALSE	NA	NA	NA	NA	NA	NA
NC_045512.2	8464	T	C	98959	30631	37	6	1	35	6.06275e-05	98965	1	FALSE	NA	NA	NA	NA	NA	NA
NC_045512.2	8464	T	-A	98959	30631	37	5	0	20	5.05229e-05	98965	1	FALSE	NA	NA	NA	NA	NA	NA
NC_045512.2	8464	T	+A	98959	30631	37	1	0	20	1.01046e-05	98965	1	FALSE	NA	NA	NA	NA	NA	NA
NC_045512.2	8465	A	T	98894	30591	37	2	2	29	2.02196e-05	98914	1	FALSE	NA	NA	NA	NA	NA	NA
NC_045512.2	8465	A	G	98894	30591	37	18	1	34	0.000181976	98914	1	FALSE	NA	NA	NA	NA	NA	NA
NC_045512.2	8466	A	T	98271	30198	37	1	0	34	1.01752e-05	98278	1	FALSE	NA	NA	NA	NA	NA	NA
NC_045512.2	8466	A	G	98271	30198	37	3	0	34	3.05257e-05	98278	1	FALSE	NA	NA	NA	NA	NA	NA
NC_045512.2	8466	A	C	98271	30198	37	3	3	34	3.05257e-05	98278	1	FALSE	NA	NA	NA	NA	NA	NA
NC_045512.2	8467	A	T	98622	30226	37	1	1	24	1.01381e-05	98638	1	FALSE	NA	NA	NA	NA	NA	NA
NC_045512.2	8467	A	G	98622	30226	37	15	0	32	0.000152071	98638	1	FALSE	NA	NA	NA	NA	NA	NA
NC_045512.2	8468	A	T	99098	30264	37	2	0	34	2.01774e-05	99121	1	FALSE	NA	NA	NA	NA	NA	NA
NC_045512.2	8468	A	G	99098	30264	37	19	1	31	0.000191685	99121	1	FALSE	NA	NA	NA	NA	NA	NA
NC_045512.2	8468	A	C	99098	30264	37	2	1	30	2.01774e-05	99121	1	FALSE	NA	NA	NA	NA	NA	NA
NC_045512.2	8469	A	G	99027	30223	37	7	3	35	7.06807e-05	99037	1	FALSE	NA	NA	NA	NA	NA	NA
NC_045512.2	8469	A	C	99027	30223	37	3	3	31	3.02917e-05	99037	1	FALSE	NA	NA	NA	NA	NA	NA
NC_045512.2	8470	G	+A	99286	30159	37	1	0	20	1.00719e-05	99286	1	FALSE	NA	NA	NA	NA	NA	NA
NC_045512.2	8471	A	T	99084	31064	37	2	0	34	2.01812e-05	99102	1	FALSE	NA	NA	NA	NA	NA	NA
NC_045512.2	8471	A	G	99084	31064	37	14	6	33	0.000141269	99102	1	FALSE	NA	NA	NA	NA	NA	NA
NC_045512.2	8471	A	C	99084	31064	37	2	2	26	2.01812e-05	99102	1	FALSE	NA	NA	NA	NA	NA	NA
NC_045512.2	8472	A	T	98813	31395	37	2	1	34	2.02388e-05	98820	1	FALSE	NA	NA	NA	NA	NA	NA
NC_045512.2	8472	A	G	98813	31395	37	3	0	34	3.03582e-05	98820	1	FALSE	NA	NA	NA	NA	NA	NA
NC_045512.2	8472	A	C	98813	31395	37	2	2	34	2.02388e-05	98820	1	FALSE	NA	NA	NA	NA	NA	NA
NC_045512.2	8473	T	C	98298	31099	37	4	3	34	4.06901e-05	98304	1	FALSE	NA	NA	NA	NA	NA	NA
NC_045512.2	8473	T	A	98298	31099	37	2	1	47	2.03451e-05	98304	0.994141	FALSE	NA	NA	NA	NA	NA	NA
NC_045512.2	8474	A	T	98824	31920	37	3	2	42	3.03533e-05	98836	0.980709	FALSE	NA	NA	NA	NA	NA	NA
NC_045512.2	8474	A	G	98824	31920	37	9	1	33	9.10599e-05	98836	1	FALSE	NA	NA	NA	NA	NA	NA
NC_045512.2	8475	A	T	99592	31957	37	3	1	56	3.01193e-05	99604	0.124983	FALSE	NA	NA	NA	NA	NA	NA
NC_045512.2	8475	A	G	99592	31957	37	8	3	37	8.03181e-05	99604	1	FALSE	NA	NA	NA	NA	NA	NA
NC_045512.2	8475	A	C	99592	31957	37	1	0	34	1.00398e-05	99604	1	FALSE	NA	NA	NA	NA	NA	NA
NC_045512.2	8476	C	T	99303	32022	37	1	1	34	1.00699e-05	99306	1	FALSE	NA	NA	NA	NA	NA	NA
NC_045512.2	8476	C	G	99303	32022	37	1	0	34	1.00699e-05	99306	1	FALSE	NA	NA	NA	NA	NA	NA
NC_045512.2	8476	C	A	99303	32022	37	1	1	34	1.00699e-05	99306	1	FALSE	NA	NA	NA	NA	NA	NA
NC_045512.2	8476	C	-T	99303	32022	37	1	0	20	1.00699e-05	99306	1	FALSE	NA	NA	NA	NA	NA	NA
NC_045512.2	8477	T	G	98426	31072	37	4	0	30	4.06343e-05	98439	1	FALSE	NA	NA	NA	NA	NA	NA
NC_045512.2	8477	T	C	98426	31072	37	7	4	35	7.111e-05	98439	1	FALSE	NA	NA	NA	NA	NA	NA
NC_045512.2	8477	T	A	98426	31072	37	2	0	34	2.03172e-05	98439	1	FALSE	NA	NA	NA	NA	NA	NA
NC_045512.2	8478	T	G	98755	31570	37	1	0	34	1.01255e-05	98761	1	FALSE	NA	NA	NA	NA	NA	NA
NC_045512.2	8478	T	C	98755	31570	37	5	2	39	5.06273e-05	98761	1	FALSE	NA	NA	NA	NA	NA	NA
NC_045512.2	8479	A	T	99446	33021	37	1	1	68	1.00554e-05	99449	0.499997	FALSE	NA	NA	NA	NA	NA	NA
NC_045512.2	8479	A	G	99446	33021	37	2	0	34	2.01108e-05	99449	1	FALSE	NA	NA	NA	NA	NA	NA
NC_045512.2	8480	C	T	101165	33034	37	3	0	34	2.96519e-05	101174	1	FALSE	NA	NA	NA	NA	NA	NA
NC_045512.2	8480	C	G	101165	33034	37	3	1	38	2.96519e-05	101174	1	FALSE	NA	NA	NA	NA	NA	NA
NC_045512.2	8480	C	A	101165	33034	37	3	1	31	2.96519e-05	101174	1	FALSE	NA	NA	NA	NA	NA	NA
NC_045512.2	8481	C	T	99245	33399	37	3	0	34	3.02267e-05	99250	1	FALSE	NA	NA	NA	NA	NA	NA
NC_045512.2	8481	C	G	99245	33399	37	1	0	34	1.00756e-05	99250	1	FALSE	NA	NA	NA	NA	NA	NA
NC_045512.2	8481	C	A	99245	33399	37	1	0	34	1.00756e-05	99250	1	FALSE	NA	NA	NA	NA	NA	NA
NC_045512.2	8481	C	-T	99245	33399	37	1	0	20	1.00756e-05	99250	1	FALSE	NA	NA	NA	NA	NA	NA
NC_045512.2	8482	T	G	98977	32808	37	2	0	34	2.02041e-05	98990	1	FALSE	NA	NA	NA	NA	NA	NA
NC_045512.2	8482	T	C	98977	32808	37	10	7	37	0.00010102	98990	1	FALSE	NA	NA	NA	NA	NA	NA
NC_045512.2	8482	T	A	98977	32808	37	1	0	68	1.0102e-05	98990	0.49997	FALSE	NA	NA	NA	NA	NA	NA
NC_045512.2	8483	T	G	97279	31147	37	1	0	26	1.02791e-05	97285	1	FALSE	NA	NA	NA	NA	NA	NA
NC_045512.2	8483	T	C	97279	31147	37	5	1	30	5.13954e-05	97285	1	FALSE	NA	NA	NA	NA	NA	NA
NC_045512.2	8484	T	G	99150	33021	37	1	0	24	1.00847e-05	99160	1	FALSE	NA	NA	NA	NA	NA	NA
NC_045512.2	8484	T	C	99150	33021	37	9	4	37	9.07624e-05	99160	1	FALSE	NA	NA	NA	NA	NA	NA
NC_045512.2	8485	T	G	98894	32970	37	3	0	31	3.03321e-05	98905	1	FALSE	NA	NA	NA	NA	NA	NA
NC_045512.2	8485	T	C	98894	32970	37	7	2	34	7.0775e-05	98905	1	FALSE	NA	NA	NA	NA	NA	NA
NC_045512.2	8485	T	A	98894	32970	37	1	0	34	1.01107e-05	98905	1	FALSE	NA	NA	NA	NA	NA	NA
NC_045512.2	8486	A	T	100334	33085	37	4	2	34	3.98617e-05	100347	1	FALSE	NA	NA	NA	NA	NA	NA
NC_045512.2	8486	A	G	100334	33085	37	7	0	38	6.97579e-05	100347	1	FALSE	NA	NA	NA	NA	NA	NA
NC_045512.2	8486	A	C	100334	33085	37	2	2	34	1.99308e-05	100347	1	FALSE	NA	NA	NA	NA	NA	NA
NC_045512.2	8487	A	T	99096	33256	37	1	0	34	1.00888e-05	99120	1	FALSE	NA	NA	NA	NA	NA	NA
NC_045512.2	8487	A	G	99096	33256	37	10	6	42	0.000100888	99120	0.499884	FALSE	NA	NA	NA	NA	NA	NA
NC_045512.2	8487	A	C	99096	33256	37	13	5	36	0.000131154	99120	1	FALSE	NA	NA	NA	NA	NA	NA
NC_045512.2	8488	G	T	99170	33206	37	1	0	34	1.00836e-05	99171	1	FALSE	NA	NA	NA	NA	NA	NA
NC_045512.2	8489	T	C	86665	30975	36	11	6	32	0.000126908	86677	1	FALSE	NA	NA	NA	NA	NA	NA
NC_045512.2	8489	T	A	86665	30975	36	1	0	34	1.15371e-05	86677	1	FALSE	NA	NA	NA	NA	NA	NA
NC_045512.2	8490	T	C	83568	35082	37	6	2	34	7.17927e-05	83574	1	FALSE	NA	NA	NA	NA	NA	NA
NC_045512.2	8491	G	T	83500	35106	36	1	0	34	1.19756e-05	83503	1	FALSE	NA	NA	NA	NA	NA	NA
NC_045512.2	8491	G	A	83500	35106	36	2	2	34	2.39512e-05	83503	1	FALSE	NA	NA	NA	NA	NA	NA
NC_045512.2	8492	A	T	78539	37098	37	1	1	34	1.27298e-05	78556	1	FALSE	NA	NA	NA	NA	NA	NA
NC_045512.2	8492	A	G	78539	37098	37	16	5	35	0.000203676	78556	1	FALSE	NA	NA	NA	NA	NA	NA
NC_045512.2	8493	C	T	76896	37668	36	8	3	34	0.000104012	76914	1	FALSE	NA	NA	NA	NA	NA	NA
NC_045512.2	8493	C	G	76896	37668	36	4	2	32	5.20061e-05	76914	1	FALSE	NA	NA	NA	NA	NA	NA
NC_045512.2	8493	C	A	76896	37668	36	6	5	32	7.80092e-05	76914	1	FALSE	NA	NA	NA	NA	NA	NA
NC_045512.2	8494	A	T	77058	37666	36	1	0	34	1.29744e-05	77075	1	FALSE	NA	NA	NA	NA	NA	NA
NC_045512.2	8494	A	G	77058	37666	36	15	6	46	0.000194616	77075	0.0668824	FALSE	NA	NA	NA	NA	NA	NA
NC_045512.2	8494	A	C	77058	37666	36	1	1	34	1.29744e-05	77075	1	FALSE	NA	NA	NA	NA	NA	NA
NC_045512.2	8495	T	G	76434	37063	36	1	0	34	1.30816e-05	76443	1	FALSE	NA	NA	NA	NA	NA	NA
NC_045512.2	8495	T	C	76434	37063	36	8	1	42	0.000104653	76443	0.5	FALSE	NA	NA	NA	NA	NA	NA
NC_045512.2	8496	G	A	78359	37124	36	1	1	34	1.27616e-05	78360	1	FALSE	NA	NA	NA	NA	NA	NA
NC_045512.2	8497	T	C	79558	38648	36	7	5	38	8.79773e-05	79566	1	FALSE	NA	NA	NA	NA	NA	NA
NC_045512.2	8497	T	A	79558	38648	36	1	1	34	1.25682e-05	79566	1	FALSE	NA	NA	NA	NA	NA	NA
NC_045512.2	8498	G	T	79491	38546	36	1	0	34	1.25788e-05	79499	1	FALSE	NA	NA	NA	NA	NA	NA
NC_045512.2	8498	G	A	79491	38546	36	7	2	32	8.80514e-05	79499	1	FALSE	NA	NA	NA	NA	NA	NA
NC_045512.2	8499	C	T	77909	40041	36	13	4	33	0.000166829	77924	1	FALSE	NA	NA	NA	NA	NA	NA
NC_045512.2	8499	C	G	77909	40041	36	2	0	30	2.5666e-05	77924	1	FALSE	NA	NA	NA	NA	NA	NA
NC_045512.2	8500	A	T	77951	40259	36	1	1	34	1.28263e-05	77965	1	FALSE	NA	NA	NA	NA	NA	NA
NC_045512.2	8500	A	G	77951	40259	36	12	5	36	0.000153915	77965	1	FALSE	NA	NA	NA	NA	NA	NA
NC_045512.2	8500	A	C	77951	40259	36	1	0	34	1.28263e-05	77965	1	FALSE	NA	NA	NA	NA	NA	NA
NC_045512.2	8501	A	T	77834	40259	36	2	2	68	2.56927e-05	77843	0.249979	FALSE	NA	NA	NA	NA	NA	NA
NC_045512.2	8501	A	G	77834	40259	36	6	1	31	7.70782e-05	77843	1	FALSE	NA	NA	NA	NA	NA	NA
NC_045512.2	8501	A	C	77834	40259	36	1	0	34	1.28464e-05	77843	1	FALSE	NA	NA	NA	NA	NA	NA
NC_045512.2	8502	C	T	81835	40386	36	2	2	34	2.4437e-05	81843	1	FALSE	NA	NA	NA	NA	NA	NA
NC_045512.2	8502	C	G	81835	40386	36	3	0	31	3.66555e-05	81843	1	FALSE	NA	NA	NA	NA	NA	NA
NC_045512.2	8502	C	A	81835	40386	36	3	0	34	3.66555e-05	81843	1	FALSE	NA	NA	NA	NA	NA	NA
NC_045512.2	8503	T	C	83101	41572	36	4	3	34	4.81319e-05	83105	1	FALSE	NA	NA	NA	NA	NA	NA
NC_045512.2	8503	T	-A	83101	41572	36	1	0	20	1.2033e-05	83105	1	FALSE	NA	NA	NA	NA	NA	NA
NC_045512.2	8504	A	T	82949	41514	36	4	2	38	4.82154e-05	82961	1	FALSE	NA	NA	NA	NA	NA	NA
NC_045512.2	8504	A	G	82949	41514	36	6	0	34	7.23231e-05	82961	1	FALSE	NA	NA	NA	NA	NA	NA
NC_045512.2	8504	A	C	82949	41514	36	2	2	34	2.41077e-05	82961	1	FALSE	NA	NA	NA	NA	NA	NA
NC_045512.2	8505	C	T	83131	42198	36	1	1	34	1.20291e-05	83132	1	FALSE	NA	NA	NA	NA	NA	NA
NC_045512.2	8506	T	G	82680	41774	36	3	0	28	3.62805e-05	82689	1	FALSE	NA	NA	NA	NA	NA	NA
NC_045512.2	8506	T	C	82680	41774	36	6	6	32	7.2561e-05	82689	1	FALSE	NA	NA	NA	NA	NA	NA
NC_045512.2	8507	A	T	82424	41747	36	2	2	34	2.4261e-05	82437	1	FALSE	NA	NA	NA	NA	NA	NA
NC_045512.2	8507	A	G	82424	41747	36	10	4	32	0.000121305	82437	1	FALSE	NA	NA	NA	NA	NA	NA
NC_045512.2	8507	A	C	82424	41747	36	1	1	27	1.21305e-05	82437	1	FALSE	NA	NA	NA	NA	NA	NA
NC_045512.2	8508	G	T	82589	41727	36	2	2	34	2.42154e-05	82592	1	FALSE	NA	NA	NA	NA	NA	NA
NC_045512.2	8508	G	C	82589	41727	36	1	0	34	1.21077e-05	82592	1	FALSE	NA	NA	NA	NA	NA	NA
NC_045512.2	8509	A	T	81799	42274	36	3	3	34	3.66712e-05	81808	1	FALSE	NA	NA	NA	NA	NA	NA
NC_045512.2	8509	A	G	81799	42274	36	6	2	38	7.33425e-05	81808	1	FALSE	NA	NA	NA	NA	NA	NA
NC_045512.2	8510	C	T	82198	42361	36	5	3	34	6.08236e-05	82205	1	FALSE	NA	NA	NA	NA	NA	NA
NC_045512.2	8510	C	A	82198	42361	36	2	0	34	2.43294e-05	82205	1	FALSE	NA	NA	NA	NA	NA	NA
NC_045512.2	8510	C	-A	82198	42361	36	1	0	20	1.21647e-05	82205	1	FALSE	NA	NA	NA	NA	NA	NA
NC_045512.2	8511	A	T	78915	39065	36	4	3	34	5.06778e-05	78930	1	FALSE	NA	NA	NA	NA	NA	NA
NC_045512.2	8511	A	G	78915	39065	36	11	1	33	0.000139364	78930	1	FALSE	NA	NA	NA	NA	NA	NA
NC_045512.2	8512	A	T	79036	39008	36	5	5	32	6.32495e-05	79052	1	FALSE	NA	NA	NA	NA	NA	NA
NC_045512.2	8512	A	G	79036	39008	36	8	2	36	0.000101199	79052	1	FALSE	NA	NA	NA	NA	NA	NA
NC_045512.2	8512	A	C	79036	39008	36	3	3	34	3.79497e-05	79052	1	FALSE	NA	NA	NA	NA	NA	NA
NC_045512.2	8513	G	T	80389	39018	36	2	2	30	2.48769e-05	80396	1	FALSE	NA	NA	NA	NA	NA	NA
NC_045512.2	8513	G	A	80389	39018	36	5	0	66	6.21921e-05	80396	0.0312471	FALSE	NA	NA	NA	NA	NA	NA
NC_045512.2	8514	T	G	81072	39493	36	4	1	28	4.93297e-05	81087	1	FALSE	NA	NA	NA	NA	NA	NA
NC_045512.2	8514	T	C	81072	39493	36	10	4	32	0.000123324	81087	1	FALSE	NA	NA	NA	NA	NA	NA
NC_045512.2	8514	T	A	81072	39493	36	1	0	34	1.23324e-05	81087	1	FALSE	NA	NA	NA	NA	NA	NA
NC_045512.2	8515	T	C	78710	39009	36	9	8	33	0.000114328	78721	1	FALSE	NA	NA	NA	NA	NA	NA
NC_045512.2	8515	T	A	78710	39009	36	2	2	34	2.54062e-05	78721	1	FALSE	NA	NA	NA	NA	NA	NA
NC_045512.2	8516	G	T	78905	38837	36	1	1	68	1.26731e-05	78907	0.5	FALSE	NA	NA	NA	NA	NA	NA
NC_045512.2	8516	G	A	78905	38837	36	1	0	34	1.26731e-05	78907	1	FALSE	NA	NA	NA	NA	NA	NA
NC_045512.2	8517	T	C	83205	43866	36	6	4	32	7.2105e-05	83212	1	FALSE	NA	NA	NA	NA	NA	NA
NC_045512.2	8517	T	A	83205	43866	36	1	0	34	1.20175e-05	83212	1	FALSE	NA	NA	NA	NA	NA	NA
NC_045512.2	8518	T	C	83366	44057	36	11	7	30	0.000131931	83377	1	FALSE	NA	NA	NA	NA	NA	NA
NC_045512.2	8519	A	T	83124	43890	36	2	2	47	2.40578e-05	83133	0.989256	FALSE	NA	NA	NA	NA	NA	NA
NC_045512.2	8519	A	G	83124	43890	36	7	5	43	8.42024e-05	83133	0.696381	FALSE	NA	NA	NA	NA	NA	NA
NC_045512.2	8520	A	T	83657	44182	37	1	1	26	1.19527e-05	83663	1	FALSE	NA	NA	NA	NA	NA	NA
NC_045512.2	8520	A	G	83657	44182	37	5	1	34	5.97636e-05	83663	1	FALSE	NA	NA	NA	NA	NA	NA
NC_045512.2	8521	T	C	83730	44143	36	3	2	31	3.58277e-05	83734	1	FALSE	NA	NA	NA	NA	NA	NA
NC_045512.2	8521	T	A	83730	44143	36	1	0	24	1.19426e-05	83734	1	FALSE	NA	NA	NA	NA	NA	NA
NC_045512.2	8522	G	T	82274	42887	36	2	0	30	2.43064e-05	82283	1	FALSE	NA	NA	NA	NA	NA	NA
NC_045512.2	8522	G	A	82274	42887	36	7	5	38	8.50723e-05	82283	1	FALSE	NA	NA	NA	NA	NA	NA
NC_045512.2	8522	G	-T	82274	42887	36	1	0	20	1.21532e-05	82283	1	FALSE	NA	NA	NA	NA	NA	NA
NC_045512.2	8523	T	G	78982	42879	36	3	0	34	3.79766e-05	78996	1	FALSE	NA	NA	NA	NA	NA	NA
NC_045512.2	8523	T	C	78982	42879	36	11	6	40	0.000139248	78996	0.240303	FALSE	NA	NA	NA	NA	NA	NA
NC_045512.2	8524	T	G	77751	42262	36	1	0	34	1.28591e-05	77766	1	FALSE	NA	NA	NA	NA	NA	NA
NC_045512.2	8524	T	C	77751	42262	36	12	9	34	0.000154309	77766	1	FALSE	NA	NA	NA	NA	NA	NA
NC_045512.2	8524	T	A	77751	42262	36	2	1	30	2.57182e-05	77766	1	FALSE	NA	NA	NA	NA	NA	NA
NC_045512.2	8525	G	T	77809	42375	36	1	1	34	1.28505e-05	77818	1	FALSE	NA	NA	NA	NA	NA	NA
NC_045512.2	8525	G	A	77809	42375	36	8	6	42	0.000102804	77818	0.5	FALSE	NA	NA	NA	NA	NA	NA
NC_045512.2	8525	G	-T	77809	42375	36	1	0	20	1.28505e-05	77818	1	FALSE	NA	NA	NA	NA	NA	NA
NC_045512.2	8526	T	G	78303	43059	36	4	1	30	5.10764e-05	78314	1	FALSE	NA	NA	NA	NA	NA	NA
NC_045512.2	8526	T	C	78303	43059	36	7	5	38	8.93838e-05	78314	1	FALSE	NA	NA	NA	NA	NA	NA
NC_045512.2	8526	T	-A	78303	43059	36	1	0	20	1.27689e-05	78315	1	FALSE	NA	NA	NA	NA	NA	NA
NC_045512.2	8527	A	G	78501	43236	36	8	3	41	0.000101899	78509	0.5	FALSE	NA	NA	NA	NA	NA	NA
NC_045512.2	8528	A	T	77779	43393	36	3	2	31	3.85669e-05	77787	1	FALSE	NA	NA	NA	NA	NA	NA
NC_045512.2	8528	A	G	77779	43393	36	4	2	32	5.14225e-05	77787	1	FALSE	NA	NA	NA	NA	NA	NA
NC_045512.2	8528	A	C	77779	43393	36	1	0	34	1.28556e-05	77787	1	FALSE	NA	NA	NA	NA	NA	NA
NC_045512.2	8529	C	T	78788	44026	36	3	1	34	3.80749e-05	78792	1	FALSE	NA	NA	NA	NA	NA	NA
NC_045512.2	8529	C	A	78788	44026	36	1	0	34	1.26916e-05	78792	1	FALSE	NA	NA	NA	NA	NA	NA
NC_045512.2	8530	A	G	77673	43262	36	4	1	34	5.14953e-05	77677	1	FALSE	NA	NA	NA	NA	NA	NA
NC_045512.2	8531	A	T	79475	43486	36	4	2	32	5.0324e-05	79485	1	FALSE	NA	NA	NA	NA	NA	NA
NC_045512.2	8531	A	G	79475	43486	36	5	0	29	6.2905e-05	79485	1	FALSE	NA	NA	NA	NA	NA	NA
NC_045512.2	8531	A	C	79475	43486	36	1	0	34	1.2581e-05	79485	1	FALSE	NA	NA	NA	NA	NA	NA
NC_045512.2	8532	C	T	79722	43593	36	1	1	34	1.25434e-05	79723	1	FALSE	NA	NA	NA	NA	NA	NA
NC_045512.2	8533	A	T	79509	43309	36	5	0	34	6.28788e-05	79518	1	FALSE	NA	NA	NA	NA	NA	NA
NC_045512.2	8533	A	G	79509	43309	36	4	2	34	5.03031e-05	79518	1	FALSE	NA	NA	NA	NA	NA	NA
NC_045512.2	8534	A	T	79936	43739	36	5	4	32	6.25422e-05	79946	1	FALSE	NA	NA	NA	NA	NA	NA
NC_045512.2	8534	A	G	79936	43739	36	3	2	34	3.75253e-05	79946	1	FALSE	NA	NA	NA	NA	NA	NA
NC_045512.2	8534	A	C	79936	43739	36	2	2	26	2.50169e-05	79946	1	FALSE	NA	NA	NA	NA	NA	NA
NC_045512.2	8535	A	T	76843	43877	35	2	2	34	2.60234e-05	76854	1	FALSE	NA	NA	NA	NA	NA	NA
NC_045512.2	8535	A	C	76843	43877	35	9	9	34	0.000117105	76854	1	FALSE	NA	NA	NA	NA	NA	NA
NC_045512.2	8536	G	T	81656	43846	36	1	1	34	1.22454e-05	81663	1	FALSE	NA	NA	NA	NA	NA	NA
NC_045512.2	8536	G	C	81656	43846	36	3	3	31	3.67363e-05	81663	1	FALSE	NA	NA	NA	NA	NA	NA
NC_045512.2	8536	G	A	81656	43846	36	3	3	45	3.67363e-05	81663	0.967285	FALSE	NA	NA	NA	NA	NA	NA
NC_045512.2	8537	A	T	81481	44462	36	1	0	34	1.22713e-05	81491	1	FALSE	NA	NA	NA	NA	NA	NA
NC_045512.2	8537	A	G	81481	44462	36	5	4	40	6.13565e-05	81491	0.866568	FALSE	NA	NA	NA	NA	NA	NA
NC_045512.2	8537	A	C	81481	44462	36	4	4	34	4.90852e-05	81491	1	FALSE	NA	NA	NA	NA	NA	NA
NC_045512.2	8538	T	G	80554	43022	36	5	0	30	6.20601e-05	80567	1	FALSE	NA	NA	NA	NA	NA	NA
NC_045512.2	8538	T	C	80554	43022	36	5	2	34	6.20601e-05	80567	1	FALSE	NA	NA	NA	NA	NA	NA
NC_045512.2	8538	T	A	80554	43022	36	3	1	31	3.72361e-05	80567	1	FALSE	NA	NA	NA	NA	NA	NA
NC_045512.2	8539	A	G	79110	42202	36	20	14	35	0.000252736	79134	1	FALSE	NA	NA	NA	NA	NA	NA
NC_045512.2	8539	A	C	79110	42202	36	4	3	32	5.05472e-05	79134	1	FALSE	NA	NA	NA	NA	NA	NA
NC_045512.2	8540	G	T	80579	41871	36	1	1	34	1.24091e-05	80586	1	FALSE	NA	NA	NA	NA	NA	NA
NC_045512.2	8540	G	C	80579	41871	36	2	2	34	2.48182e-05	80586	1	FALSE	NA	NA	NA	NA	NA	NA
NC_045512.2	8540	G	A	80579	41871	36	4	2	49	4.96364e-05	80586	0.927003	FALSE	NA	NA	NA	NA	NA	NA
NC_045512.2	8541	C	T	83504	44859	36	8	4	34	9.57854e-05	83520	1	FALSE	NA	NA	NA	NA	NA	NA
NC_045512.2	8541	C	G	83504	44859	36	5	1	32	5.98659e-05	83520	1	FALSE	NA	NA	NA	NA	NA	NA
NC_045512.2	8541	C	A	83504	44859	36	3	3	56	3.59195e-05	83520	0.124971	FALSE	NA	NA	NA	NA	NA	NA
NC_045512.2	8542	A	G	85055	44821	36	12	8	41	0.000141062	85069	0.251701	FALSE	NA	NA	NA	NA	NA	NA
NC_045512.2	8542	A	C	85055	44821	36	2	2	26	2.35103e-05	85069	1	FALSE	NA	NA	NA	NA	NA	NA
NC_045512.2	8543	C	T	86207	44874	36	2	2	47	2.31989e-05	86211	0.989259	FALSE	NA	NA	NA	NA	NA	NA
NC_045512.2	8543	C	G	86207	44874	36	1	0	34	1.15994e-05	86211	1	FALSE	NA	NA	NA	NA	NA	NA
NC_045512.2	8543	C	A	86207	44874	36	1	1	68	1.15994e-05	86211	0.499994	FALSE	NA	NA	NA	NA	NA	NA
NC_045512.2	8543	C	-T	86207	44874	36	2	0	20	2.31989e-05	86211	1	FALSE	NA	NA	NA	NA	NA	NA
NC_045512.2	8544	T	G	83308	42024	36	1	0	34	1.20031e-05	83312	1	FALSE	NA	NA	NA	NA	NA	NA
NC_045512.2	8544	T	C	83308	42024	36	3	2	42	3.60092e-05	83312	0.967287	FALSE	NA	NA	NA	NA	NA	NA
NC_045512.2	8545	T	G	86353	45690	37	2	0	30	2.31575e-05	86365	1	FALSE	NA	NA	NA	NA	NA	NA
NC_045512.2	8545	T	C	86353	45690	37	5	2	37	5.78938e-05	86365	1	FALSE	NA	NA	NA	NA	NA	NA
NC_045512.2	8545	T	A	86353	45690	37	5	0	32	5.78938e-05	86365	1	FALSE	NA	NA	NA	NA	NA	NA
NC_045512.2	8545	T	-A	86353	45690	37	2	0	20	2.31575e-05	86365	1	FALSE	NA	NA	NA	NA	NA	NA
NC_045512.2	8546	A	T	85474	45663	36	2	2	34	2.33981e-05	85477	1	FALSE	NA	NA	NA	NA	NA	NA
NC_045512.2	8546	A	G	85474	45663	36	1	0	34	1.16991e-05	85477	1	FALSE	NA	NA	NA	NA	NA	NA
NC_045512.2	8547	A	T	84661	45780	36	4	2	34	4.72417e-05	84671	1	FALSE	NA	NA	NA	NA	NA	NA
NC_045512.2	8547	A	G	84661	45780	36	5	5	30	5.90521e-05	84671	1	FALSE	NA	NA	NA	NA	NA	NA
NC_045512.2	8547	A	C	84661	45780	36	1	1	26	1.18104e-05	84671	1	FALSE	NA	NA	NA	NA	NA	NA
NC_045512.2	8547	A	+C	84661	45780	36	2	0	20	2.36208e-05	84671	1	FALSE	NA	NA	NA	NA	NA	NA
NC_045512.2	8548	G	T	83536	45969	36	5	3	47	5.98466e-05	83547	0.866563	FALSE	NA	NA	NA	NA	NA	NA
NC_045512.2	8548	G	C	83536	45969	36	2	2	34	2.39386e-05	83547	1	FALSE	NA	NA	NA	NA	NA	NA
NC_045512.2	8548	G	A	83536	45969	36	4	0	34	4.78772e-05	83547	1	FALSE	NA	NA	NA	NA	NA	NA
NC_045512.2	8549	G	C	81636	44320	36	1	1	26	1.22493e-05	81637	1	FALSE	NA	NA	NA	NA	NA	NA
NC_045512.2	8550	G	T	81025	44272	36	1	1	34	1.2341e-05	81031	1	FALSE	NA	NA	NA	NA	NA	NA
NC_045512.2	8550	G	C	81025	44272	36	1	0	34	1.2341e-05	81031	1	FALSE	NA	NA	NA	NA	NA	NA
NC_045512.2	8550	G	A	81025	44272	36	4	1	42	4.93638e-05	81031	0.927006	FALSE	NA	NA	NA	NA	NA	NA
NC_045512.2	8551	T	C	80343	44635	37	7	6	37	8.71156e-05	80353	1	FALSE	NA	NA	NA	NA	NA	NA
NC_045512.2	8551	T	A	80343	44635	37	3	0	34	3.73353e-05	80353	1	FALSE	NA	NA	NA	NA	NA	NA
NC_045512.2	8552	G	T	78938	43124	37	1	1	26	1.26656e-05	78954	1	FALSE	NA	NA	NA	NA	NA	NA
NC_045512.2	8552	G	C	78938	43124	37	5	5	30	6.3328e-05	78954	1	FALSE	NA	NA	NA	NA	NA	NA
NC_045512.2	8552	G	A	78938	43124	37	10	9	36	0.000126656	78954	1	FALSE	NA	NA	NA	NA	NA	NA
NC_045512.2	8553	G	C	77668	44046	37	1	1	34	1.28743e-05	77674	1	FALSE	NA	NA	NA	NA	NA	NA
NC_045512.2	8553	G	A	77668	44046	37	5	0	47	6.43716e-05	77674	0.806162	FALSE	NA	NA	NA	NA	NA	NA
NC_045512.2	8554	T	C	78014	44400	37	5	3	47	6.40853e-05	78021	0.806155	FALSE	NA	NA	NA	NA	NA	NA
NC_045512.2	8554	T	A	78014	44400	37	2	2	51	2.56341e-05	78021	0.249986	FALSE	NA	NA	NA	NA	NA	NA
NC_045512.2	8554	T	-A	78014	44400	37	7	0	20	8.97194e-05	78021	1	FALSE	NA	NA	NA	NA	NA	NA
NC_045512.2	8554	T	+A	78014	44400	37	1	0	20	1.28171e-05	78021	1	FALSE	NA	NA	NA	NA	NA	NA
NC_045512.2	8555	A	T	78145	44737	37	2	1	30	2.55885e-05	78160	1	FALSE	NA	NA	NA	NA	NA	NA
NC_045512.2	8555	A	G	78145	44737	37	12	6	45	0.000153531	78160	0.179561	FALSE	NA	NA	NA	NA	NA	NA
NC_045512.2	8555	A	C	78145	44737	37	1	0	38	1.27943e-05	78160	1	FALSE	NA	NA	NA	NA	NA	NA
NC_045512.2	8556	A	T	78690	45302	37	1	1	34	1.27074e-05	78694	1	FALSE	NA	NA	NA	NA	NA	NA
NC_045512.2	8556	A	G	78690	45302	37	3	1	34	3.81223e-05	78694	1	FALSE	NA	NA	NA	NA	NA	NA
NC_045512.2	8557	A	G	78121	45098	37	4	1	34	5.12e-05	78125	1	FALSE	NA	NA	NA	NA	NA	NA
NC_045512.2	8558	A	T	74297	45895	36	2	2	30	2.69168e-05	74303	1	FALSE	NA	NA	NA	NA	NA	NA
NC_045512.2	8558	A	G	74297	45895	36	4	3	34	5.38336e-05	74303	1	FALSE	NA	NA	NA	NA	NA	NA
NC_045512.2	8559	T	G	73966	45563	36	1	0	26	1.3519e-05	73970	1	FALSE	NA	NA	NA	NA	NA	NA
NC_045512.2	8559	T	C	73966	45563	36	3	3	31	4.0557e-05	73970	1	FALSE	NA	NA	NA	NA	NA	NA
NC_045512.2	8560	T	G	81950	54791	37	2	0	34	2.44016e-05	81962	1	FALSE	NA	NA	NA	NA	NA	NA
NC_045512.2	8560	T	C	81950	54791	37	9	6	41	0.000109807	81962	0.49998	FALSE	NA	NA	NA	NA	NA	NA
NC_045512.2	8560	T	A	81950	54791	37	1	1	34	1.22008e-05	81962	1	FALSE	NA	NA	NA	NA	NA	NA
NC_045512.2	8561	G	T	82471	54868	37	3	0	34	3.63725e-05	82480	1	FALSE	NA	NA	NA	NA	NA	NA
NC_045512.2	8561	G	C	82471	54868	37	4	4	32	4.84966e-05	82480	1	FALSE	NA	NA	NA	NA	NA	NA
NC_045512.2	8561	G	A	82471	54868	37	2	0	34	2.42483e-05	82480	1	FALSE	NA	NA	NA	NA	NA	NA
NC_045512.2	8561	G	-T	82471	54868	37	1	0	20	1.21242e-05	82480	1	FALSE	NA	NA	NA	NA	NA	NA
NC_045512.2	8562	T	G	79665	52243	36	2	0	34	2.51023e-05	79674	1	FALSE	NA	NA	NA	NA	NA	NA
NC_045512.2	8562	T	C	79665	52243	36	7	6	34	8.7858e-05	79674	1	FALSE	NA	NA	NA	NA	NA	NA
NC_045512.2	8563	T	C	81508	55351	37	5	3	40	6.13392e-05	81514	0.866587	FALSE	NA	NA	NA	NA	NA	NA
NC_045512.2	8563	T	A	81508	55351	37	1	1	34	1.22678e-05	81514	1	FALSE	NA	NA	NA	NA	NA	NA
NC_045512.2	8564	A	G	81876	55968	37	5	4	34	6.10642e-05	81881	1	FALSE	NA	NA	NA	NA	NA	NA
NC_045512.2	8565	A	G	82447	56756	37	6	4	31	7.27687e-05	82453	1	FALSE	NA	NA	NA	NA	NA	NA
NC_045512.2	8566	T	C	83045	56766	37	8	8	32	9.63229e-05	83054	1	FALSE	NA	NA	NA	NA	NA	NA
NC_045512.2	8566	T	A	83045	56766	37	1	1	26	1.20404e-05	83054	1	FALSE	NA	NA	NA	NA	NA	NA
NC_045512.2	8566	T	-A	83045	56766	37	3	0	20	3.61211e-05	83054	1	FALSE	NA	NA	NA	NA	NA	NA
NC_045512.2	8567	A	T	82107	56365	37	4	3	32	4.87128e-05	82114	1	FALSE	NA	NA	NA	NA	NA	NA
NC_045512.2	8567	A	G	82107	56365	37	3	1	28	3.65346e-05	82114	1	FALSE	NA	NA	NA	NA	NA	NA
NC_045512.2	8568	A	G	84024	58272	37	4	3	34	4.76032e-05	84028	1	FALSE	NA	NA	NA	NA	NA	NA
NC_045512.2	8569	T	C	83014	57494	37	7	4	42	8.43109e-05	83026	0.696356	FALSE	NA	NA	NA	NA	NA	NA
NC_045512.2	8569	T	A	83014	57494	37	5	2	32	6.02221e-05	83026	1	FALSE	NA	NA	NA	NA	NA	NA
NC_045512.2	8570	T	C	82159	56679	37	11	7	33	0.000133866	82172	1	FALSE	NA	NA	NA	NA	NA	NA
NC_045512.2	8570	T	A	82159	56679	37	2	0	34	2.43392e-05	82172	1	FALSE	NA	NA	NA	NA	NA	NA
NC_045512.2	8571	G	C	82148	56806	37	8	8	31	9.73745e-05	82157	1	FALSE	NA	NA	NA	NA	NA	NA
NC_045512.2	8571	G	A	82148	56806	37	1	0	34	1.21718e-05	82157	1	FALSE	NA	NA	NA	NA	NA	NA
NC_045512.2	8572	G	T	82455	57104	37	2	1	34	2.42551e-05	82457	1	FALSE	NA	NA	NA	NA	NA	NA
NC_045512.2	8572	G	-T	82455	57104	37	1	0	20	1.21275e-05	82457	1	FALSE	NA	NA	NA	NA	NA	NA
NC_045512.2	8573	T	G	76352	50997	36	1	1	34	1.30962e-05	76358	1	FALSE	NA	NA	NA	NA	NA	NA
NC_045512.2	8573	T	C	76352	50997	36	5	4	32	6.5481e-05	76358	1	FALSE	NA	NA	NA	NA	NA	NA
NC_045512.2	8574	T	G	81873	56925	37	2	0	30	2.44257e-05	81881	1	FALSE	NA	NA	NA	NA	NA	NA
NC_045512.2	8574	T	C	81873	56925	37	6	4	37	7.32771e-05	81881	1	FALSE	NA	NA	NA	NA	NA	NA
NC_045512.2	8575	G	C	81425	56738	37	1	1	68	1.22811e-05	81426	0.500003	FALSE	NA	NA	NA	NA	NA	NA
NC_045512.2	8575	G	-A	81425	56738	37	1	0	20	1.22811e-05	81426	1	FALSE	NA	NA	NA	NA	NA	NA
NC_045512.2	8576	A	T	82314	57749	37	1	1	34	1.21474e-05	82322	1	FALSE	NA	NA	NA	NA	NA	NA
NC_045512.2	8576	A	G	82314	57749	37	5	4	32	6.07371e-05	82322	1	FALSE	NA	NA	NA	NA	NA	NA
NC_045512.2	8576	A	C	82314	57749	37	2	2	34	2.42948e-05	82322	1	FALSE	NA	NA	NA	NA	NA	NA
NC_045512.2	8577	A	T	82236	57765	37	1	1	26	1.21566e-05	82260	1	FALSE	NA	NA	NA	NA	NA	NA
NC_045512.2	8577	A	G	82236	57765	37	20	14	40	0.000243132	82260	0.0178371	FALSE	NA	NA	NA	NA	NA	NA
NC_045512.2	8577	A	C	82236	57765	37	3	3	31	3.64697e-05	82260	1	FALSE	NA	NA	NA	NA	NA	NA
NC_045512.2	8578	G	T	81767	57310	37	2	0	68	2.44559e-05	81780	0.249968	FALSE	NA	NA	NA	NA	NA	NA
NC_045512.2	8578	G	C	81767	57310	37	1	0	34	1.22279e-05	81780	1	FALSE	NA	NA	NA	NA	NA	NA
NC_045512.2	8578	G	A	81767	57310	37	10	10	34	0.000122279	81780	1	FALSE	NA	NA	NA	NA	NA	NA
NC_045512.2	8579	C	T	82332	57926	37	13	9	36	0.000157872	82345	1	FALSE	NA	NA	NA	NA	NA	NA
NC_045512.2	8580	A	T	80340	55999	37	2	2	30	2.48914e-05	80349	1	FALSE	NA	NA	NA	NA	NA	NA
NC_045512.2	8580	A	G	80340	55999	37	6	5	34	7.46742e-05	80349	1	FALSE	NA	NA	NA	NA	NA	NA
NC_045512.2	8580	A	C	80340	55999	37	1	0	34	1.24457e-05	80349	1	FALSE	NA	NA	NA	NA	NA	NA
NC_045512.2	8581	G	T	79685	56028	37	2	1	34	2.50947e-05	79698	1	FALSE	NA	NA	NA	NA	NA	NA
NC_045512.2	8581	G	C	79685	56028	37	10	10	31	0.000125474	79698	1	FALSE	NA	NA	NA	NA	NA	NA
NC_045512.2	8581	G	A	79685	56028	37	1	1	34	1.25474e-05	79698	1	FALSE	NA	NA	NA	NA	NA	NA
NC_045512.2	8581	G	-T	79685	56028	37	1	0	20	1.25474e-05	79698	1	FALSE	NA	NA	NA	NA	NA	NA
NC_045512.2	8582	T	G	77039	53475	36	3	3	34	3.89347e-05	77052	1	FALSE	NA	NA	NA	NA	NA	NA
NC_045512.2	8582	T	C	77039	53475	36	7	5	37	9.08477e-05	77052	1	FALSE	NA	NA	NA	NA	NA	NA
NC_045512.2	8582	T	A	77039	53475	36	3	2	34	3.89347e-05	77052	1	FALSE	NA	NA	NA	NA	NA	NA
NC_045512.2	8583	T	C	80507	56748	37	6	5	34	7.45203e-05	80515	1	FALSE	NA	NA	NA	NA	NA	NA
NC_045512.2	8583	T	A	80507	56748	37	2	1	34	2.48401e-05	80515	1	FALSE	NA	NA	NA	NA	NA	NA
NC_045512.2	8584	A	T	80485	56636	37	1	1	34	1.24244e-05	80487	1	FALSE	NA	NA	NA	NA	NA	NA
NC_045512.2	8584	A	G	80485	56636	37	1	0	24	1.24244e-05	80487	1	FALSE	NA	NA	NA	NA	NA	NA
NC_045512.2	8585	A	T	80668	56812	37	1	1	34	1.23954e-05	80675	1	FALSE	NA	NA	NA	NA	NA	NA
NC_045512.2	8585	A	G	80668	56812	37	5	1	52	6.19771e-05	80675	0.0312471	FALSE	NA	NA	NA	NA	NA	NA
NC_045512.2	8585	A	C	80668	56812	37	1	0	34	1.23954e-05	80675	1	FALSE	NA	NA	NA	NA	NA	NA
NC_045512.2	8586	T	C	80279	56467	37	5	3	34	6.2275e-05	80289	1	FALSE	NA	NA	NA	NA	NA	NA
NC_045512.2	8586	T	A	80279	56467	37	5	4	34	6.2275e-05	80289	1	FALSE	NA	NA	NA	NA	NA	NA
NC_045512.2	8587	T	C	80344	57828	37	9	4	37	0.000112006	80353	1	FALSE	NA	NA	NA	NA	NA	NA
NC_045512.2	8588	A	T	80666	58062	36	2	1	29	2.47902e-05	80677	1	FALSE	NA	NA	NA	NA	NA	NA
NC_045512.2	8588	A	G	80666	58062	36	7	4	58	8.67657e-05	80677	0.00781047	TRUE	NA	NA	NA	NA	NA	NA
NC_045512.2	8588	A	C	80666	58062	36	2	2	34	2.47902e-05	80677	1	FALSE	NA	NA	NA	NA	NA	NA
NC_045512.2	8589	A	G	82052	59162	37	6	4	38	7.31181e-05	82059	1	FALSE	NA	NA	NA	NA	NA	NA
NC_045512.2	8589	A	C	82052	59162	37	1	1	34	1.21864e-05	82059	1	FALSE	NA	NA	NA	NA	NA	NA
NC_045512.2	8590	A	T	81584	58455	37	1	1	34	1.22558e-05	81594	1	FALSE	NA	NA	NA	NA	NA	NA
NC_045512.2	8590	A	G	81584	58455	37	6	3	33	7.35348e-05	81594	1	FALSE	NA	NA	NA	NA	NA	NA
NC_045512.2	8590	A	C	81584	58455	37	3	3	34	3.67674e-05	81594	1	FALSE	NA	NA	NA	NA	NA	NA
NC_045512.2	8591	G	T	81396	58226	37	3	1	34	3.68523e-05	81406	1	FALSE	NA	NA	NA	NA	NA	NA
NC_045512.2	8591	G	C	81396	58226	37	4	4	28	4.91364e-05	81406	1	FALSE	NA	NA	NA	NA	NA	NA
NC_045512.2	8591	G	A	81396	58226	37	3	3	31	3.68523e-05	81406	1	FALSE	NA	NA	NA	NA	NA	NA
NC_045512.2	8592	T	G	81984	59633	37	1	0	26	1.2196e-05	81994	1	FALSE	NA	NA	NA	NA	NA	NA
NC_045512.2	8592	T	C	81984	59633	37	7	4	38	8.53721e-05	81994	1	FALSE	NA	NA	NA	NA	NA	NA
NC_045512.2	8592	T	A	81984	59633	37	2	2	34	2.4392e-05	81994	1	FALSE	NA	NA	NA	NA	NA	NA
NC_045512.2	8593	T	C	81547	59189	37	23	19	38	0.000281966	81570	1	FALSE	NA	NA	NA	NA	NA	NA
NC_045512.2	8594	A	T	81251	59137	37	2	2	30	2.46133e-05	81257	1	FALSE	NA	NA	NA	NA	NA	NA
NC_045512.2	8594	A	G	81251	59137	37	4	3	34	4.92265e-05	81257	1	FALSE	NA	NA	NA	NA	NA	NA
NC_045512.2	8595	C	T	86699	65400	37	3	2	34	3.46005e-05	86704	1	FALSE	NA	NA	NA	NA	NA	NA
NC_045512.2	8595	C	A	86699	65400	37	2	2	34	2.3067e-05	86704	1	FALSE	NA	NA	NA	NA	NA	NA
NC_045512.2	8596	A	T	87689	66579	37	1	1	26	1.14021e-05	87703	1	FALSE	NA	NA	NA	NA	NA	NA
NC_045512.2	8596	A	G	87689	66579	37	10	7	40	0.000114021	87703	0.407231	FALSE	NA	NA	NA	NA	NA	NA
NC_045512.2	8596	A	C	87689	66579	37	3	3	34	3.42064e-05	87703	1	FALSE	NA	NA	NA	NA	NA	NA
NC_045512.2	8597	C	T	102133	84101	37	9	9	32	8.81075e-05	102148	1	FALSE	NA	NA	NA	NA	NA	NA
NC_045512.2	8597	C	G	102133	84101	37	2	1	34	1.95794e-05	102148	1	FALSE	NA	NA	NA	NA	NA	NA
NC_045512.2	8597	C	A	102133	84101	37	4	1	42	3.91589e-05	102148	0.971306	FALSE	NA	NA	NA	NA	NA	NA
NC_045512.2	8598	T	G	100148	82111	37	1	1	26	9.98413e-06	100159	1	FALSE	NA	NA	NA	NA	NA	NA
NC_045512.2	8598	T	C	100148	82111	37	9	7	33	8.98571e-05	100159	1	FALSE	NA	NA	NA	NA	NA	NA
NC_045512.2	8598	T	A	100148	82111	37	1	1	34	9.98413e-06	100159	1	FALSE	NA	NA	NA	NA	NA	NA
NC_045512.2	8599	T	C	99199	81208	37	6	5	44	6.04808e-05	99205	0.849135	FALSE	NA	NA	NA	NA	NA	NA
NC_045512.2	8599	T	-G	99199	81208	37	1	0	20	1.00801e-05	99205	1	FALSE	NA	NA	NA	NA	NA	NA
NC_045512.2	8600	G	T	98935	80952	37	1	1	34	1.01067e-05	98944	1	FALSE	NA	NA	NA	NA	NA	NA
NC_045512.2	8600	G	A	98935	80952	37	8	7	41	8.08538e-05	98944	0.685471	FALSE	NA	NA	NA	NA	NA	NA
NC_045512.2	8601	T	C	98809	80914	38	7	6	32	7.08366e-05	98819	1	FALSE	NA	NA	NA	NA	NA	NA
NC_045512.2	8601	T	A	98809	80914	38	3	1	34	3.03585e-05	98819	1	FALSE	NA	NA	NA	NA	NA	NA
NC_045512.2	8602	G	A	98498	80648	37	10	9	40	0.000101515	98508	0.500009	FALSE	NA	NA	NA	NA	NA	NA
NC_045512.2	8603	T	G	110632	96435	37	3	1	30	2.71128e-05	110649	1	FALSE	NA	NA	NA	NA	NA	NA
NC_045512.2	8603	T	C	110632	96435	37	13	13	35	0.000117489	110649	1	FALSE	NA	NA	NA	NA	NA	NA
NC_045512.2	8603	T	A	110632	96435	37	1	1	34	9.03759e-06	110649	1	FALSE	NA	NA	NA	NA	NA	NA
NC_045512.2	8604	T	G	118390	105089	37	1	1	34	8.44595e-06	118400	1	FALSE	NA	NA	NA	NA	NA	NA
NC_045512.2	8604	T	C	118390	105089	37	8	8	34	6.75676e-05	118400	1	FALSE	NA	NA	NA	NA	NA	NA
NC_045512.2	8604	T	A	118390	105089	37	1	1	34	8.44595e-06	118400	1	FALSE	NA	NA	NA	NA	NA	NA
NC_045512.2	8605	C	T	118398	105536	37	3	3	34	2.53368e-05	118405	1	FALSE	NA	NA	NA	NA	NA	NA
NC_045512.2	8605	C	G	118398	105536	37	4	3	34	3.37824e-05	118405	1	FALSE	NA	NA	NA	NA	NA	NA
NC_045512.2	8606	C	T	119764	107129	37	5	5	34	4.17453e-05	119774	1	FALSE	NA	NA	NA	NA	NA	NA
NC_045512.2	8606	C	G	119764	107129	37	1	1	34	8.34906e-06	119774	1	FALSE	NA	NA	NA	NA	NA	NA
NC_045512.2	8606	C	A	119764	107129	37	4	4	34	3.33962e-05	119774	1	FALSE	NA	NA	NA	NA	NA	NA
NC_045512.2	8606	C	-T	119764	107129	37	35	0	20	0.000292217	119774	1	FALSE	NA	NA	NA	NA	NA	NA
NC_045512.2	8606	C	+T	119764	107129	37	5	0	20	4.17453e-05	119774	1	FALSE	NA	NA	NA	NA	NA	NA
NC_045512.2	8607	T	G	125285	113576	36	3	3	34	2.39368e-05	125330	1	FALSE	NA	NA	NA	NA	NA	NA
NC_045512.2	8607	T	C	125285	113576	36	41	40	34	0.000327136	125330	1	FALSE	NA	NA	NA	NA	NA	NA
NC_045512.2	8607	T	A	125285	113576	36	1	1	68	7.97894e-06	125330	0.49984	FALSE	NA	NA	NA	NA	NA	NA
NC_045512.2	8608	T	G	133735	122375	37	5	5	32	3.73818e-05	133755	1	FALSE	NA	NA	NA	NA	NA	NA
NC_045512.2	8608	T	C	133735	122375	37	13	13	36	9.71926e-05	133755	1	FALSE	NA	NA	NA	NA	NA	NA
NC_045512.2	8608	T	A	133735	122375	37	2	2	34	1.49527e-05	133755	1	FALSE	NA	NA	NA	NA	NA	NA
NC_045512.2	8609	T	G	132005	120770	37	2	1	30	1.51499e-05	132014	1	FALSE	NA	NA	NA	NA	NA	NA
NC_045512.2	8609	T	C	132005	120770	37	6	6	38	4.54497e-05	132014	1	FALSE	NA	NA	NA	NA	NA	NA
NC_045512.2	8609	T	A	132005	120770	37	1	1	34	7.57495e-06	132014	1	FALSE	NA	NA	NA	NA	NA	NA
NC_045512.2	8610	T	C	133361	122117	37	4	4	32	2.99929e-05	133365	1	FALSE	NA	NA	NA	NA	NA	NA
NC_045512.2	8611	T	C	132300	121084	37	2	2	34	1.51169e-05	132302	1	FALSE	NA	NA	NA	NA	NA	NA
NC_045512.2	8612	G	T	132351	121149	37	2	2	30	1.5111e-05	132354	1	FALSE	NA	NA	NA	NA	NA	NA
NC_045512.2	8612	G	A	132351	121149	37	1	1	68	7.5555e-06	132354	0.499998	FALSE	NA	NA	NA	NA	NA	NA
NC_045512.2	8613	T	C	132688	121599	37	7	7	38	5.27526e-05	132695	1	FALSE	NA	NA	NA	NA	NA	NA
NC_045512.2	8614	T	G	131707	121381	37	4	0	27	3.03665e-05	131724	1	FALSE	NA	NA	NA	NA	NA	NA
NC_045512.2	8614	T	C	131707	121381	37	12	10	35	9.10996e-05	131724	1	FALSE	NA	NA	NA	NA	NA	NA
NC_045512.2	8614	T	A	131707	121381	37	1	0	27	7.59163e-06	131724	1	FALSE	NA	NA	NA	NA	NA	NA
NC_045512.2	8615	G	T	130803	120709	37	3	3	34	2.29328e-05	130817	1	FALSE	NA	NA	NA	NA	NA	NA
NC_045512.2	8615	G	C	130803	120709	37	1	1	26	7.64427e-06	130817	1	FALSE	NA	NA	NA	NA	NA	NA
NC_045512.2	8615	G	A	130803	120709	37	10	10	33	7.64427e-05	130817	1	FALSE	NA	NA	NA	NA	NA	NA
NC_045512.2	8616	C	T	131297	121577	37	16	16	42	0.000121842	131318	0.355497	FALSE	NA	NA	NA	NA	NA	NA
NC_045512.2	8616	C	G	131297	121577	37	1	1	34	7.6151e-06	131318	1	FALSE	NA	NA	NA	NA	NA	NA
NC_045512.2	8616	C	A	131297	121577	37	4	4	34	3.04604e-05	131318	1	FALSE	NA	NA	NA	NA	NA	NA
NC_045512.2	8617	T	G	125217	115508	37	1	0	34	7.98346e-06	125259	1	FALSE	NA	NA	NA	NA	NA	NA
NC_045512.2	8617	T	C	125217	115508	37	35	34	36	0.000279421	125259	1	FALSE	NA	NA	NA	NA	NA	NA
NC_045512.2	8617	T	A	125217	115508	37	6	6	34	4.79007e-05	125259	1	FALSE	NA	NA	NA	NA	NA	NA
NC_045512.2	8618	G	T	123990	114279	37	3	3	34	2.41865e-05	124036	1	FALSE	NA	NA	NA	NA	NA	NA
NC_045512.2	8618	G	C	123990	114279	37	26	26	33	0.000209617	124036	1	FALSE	NA	NA	NA	NA	NA	NA
NC_045512.2	8618	G	A	123990	114279	37	17	17	36	0.000137057	124036	1	FALSE	NA	NA	NA	NA	NA	NA
NC_045512.2	8619	C	T	124978	115415	37	8	8	32	6.40056e-05	124989	1	FALSE	NA	NA	NA	NA	NA	NA
NC_045512.2	8619	C	A	124978	115415	37	3	2	45	2.40021e-05	124989	0.996307	FALSE	NA	NA	NA	NA	NA	NA
NC_045512.2	8620	T	C	124828	115240	37	11	10	33	8.81135e-05	124839	1	FALSE	NA	NA	NA	NA	NA	NA
NC_045512.2	8621	A	T	124463	114938	37	6	5	31	4.82032e-05	124473	1	FALSE	NA	NA	NA	NA	NA	NA
NC_045512.2	8621	A	G	124463	114938	37	3	2	31	2.41016e-05	124473	1	FALSE	NA	NA	NA	NA	NA	NA
NC_045512.2	8621	A	C	124463	114938	37	1	1	34	8.03387e-06	124473	1	FALSE	NA	NA	NA	NA	NA	NA
NC_045512.2	8621	A	-T	124463	114938	37	4	0	20	3.21355e-05	124473	1	FALSE	NA	NA	NA	NA	NA	NA
NC_045512.2	8622	T	G	125005	115675	37	2	1	30	1.59986e-05	125011	1	FALSE	NA	NA	NA	NA	NA	NA
NC_045512.2	8622	T	C	125005	115675	37	4	3	42	3.19972e-05	125011	0.989364	FALSE	NA	NA	NA	NA	NA	NA
NC_045512.2	8623	T	C	124967	115695	37	16	16	32	0.000128017	124983	1	FALSE	NA	NA	NA	NA	NA	NA
NC_045512.2	8624	T	G	125030	115756	37	1	1	34	7.99687e-06	125049	1	FALSE	NA	NA	NA	NA	NA	NA
NC_045512.2	8624	T	C	125030	115756	37	17	17	34	0.000135947	125049	1	FALSE	NA	NA	NA	NA	NA	NA
NC_045512.2	8624	T	A	125030	115756	37	1	1	34	7.99687e-06	125049	1	FALSE	NA	NA	NA	NA	NA	NA
NC_045512.2	8625	T	G	123966	114751	36	1	1	26	8.06439e-06	124002	1	FALSE	NA	NA	NA	NA	NA	NA
NC_045512.2	8625	T	C	123966	114751	36	34	34	34	0.000274189	124002	1	FALSE	NA	NA	NA	NA	NA	NA
NC_045512.2	8625	T	A	123966	114751	36	1	1	26	8.06439e-06	124002	1	FALSE	NA	NA	NA	NA	NA	NA
NC_045512.2	8626	C	T	124461	115295	37	2	2	30	1.60689e-05	124464	1	FALSE	NA	NA	NA	NA	NA	NA
NC_045512.2	8626	C	A	124461	115295	37	1	1	34	8.03445e-06	124464	1	FALSE	NA	NA	NA	NA	NA	NA
NC_045512.2	8627	T	C	122841	113694	37	8	7	38	6.51206e-05	122849	1	FALSE	NA	NA	NA	NA	NA	NA
NC_045512.2	8628	A	T	123378	114223	37	3	3	28	2.43118e-05	123397	1	FALSE	NA	NA	NA	NA	NA	NA
NC_045512.2	8628	A	G	123378	114223	37	4	3	42	3.24157e-05	123397	0.98936	FALSE	NA	NA	NA	NA	NA	NA
NC_045512.2	8628	A	C	123378	114223	37	12	12	32	9.72471e-05	123397	1	FALSE	NA	NA	NA	NA	NA	NA
NC_045512.2	8628	A	-T	123378	114223	37	4	0	20	3.24157e-05	123397	1	FALSE	NA	NA	NA	NA	NA	NA
NC_045512.2	8628	A	+T	123378	114223	37	1	0	20	8.10392e-06	123397	1	FALSE	NA	NA	NA	NA	NA	NA
NC_045512.2	8629	T	G	122541	113435	36	1	1	26	8.1596e-06	122555	1	FALSE	NA	NA	NA	NA	NA	NA
NC_045512.2	8629	T	C	122541	113435	36	13	11	33	0.000106075	122555	1	FALSE	NA	NA	NA	NA	NA	NA
NC_045512.2	8630	T	G	117801	109273	35	1	1	26	8.48832e-06	117809	1	FALSE	NA	NA	NA	NA	NA	NA
NC_045512.2	8630	T	C	117801	109273	35	6	6	34	5.09299e-05	117809	1	FALSE	NA	NA	NA	NA	NA	NA
NC_045512.2	8630	T	A	117801	109273	35	1	1	34	8.48832e-06	117809	1	FALSE	NA	NA	NA	NA	NA	NA
NC_045512.2	8631	T	C	121523	113085	36	9	9	34	7.40534e-05	121534	1	FALSE	NA	NA	NA	NA	NA	NA
NC_045512.2	8631	T	A	121523	113085	36	2	2	34	1.64563e-05	121534	1	FALSE	NA	NA	NA	NA	NA	NA
NC_045512.2	8632	A	T	122192	114429	36	3	3	34	2.45491e-05	122204	1	FALSE	NA	NA	NA	NA	NA	NA
NC_045512.2	8632	A	G	122192	114429	36	8	8	34	6.54643e-05	122204	1	FALSE	NA	NA	NA	NA	NA	NA
NC_045512.2	8632	A	C	122192	114429	36	1	1	34	8.18304e-06	122204	1	FALSE	NA	NA	NA	NA	NA	NA
NC_045512.2	8633	A	G	122272	114824	36	7	7	32	5.72457e-05	122280	1	FALSE	NA	NA	NA	NA	NA	NA
NC_045512.2	8633	A	C	122272	114824	36	1	0	24	8.17795e-06	122280	1	FALSE	NA	NA	NA	NA	NA	NA
NC_045512.2	8634	T	C	121616	114189	36	2	2	34	1.64448e-05	121619	1	FALSE	NA	NA	NA	NA	NA	NA
NC_045512.2	8634	T	A	121616	114189	36	1	1	26	8.2224e-06	121619	1	FALSE	NA	NA	NA	NA	NA	NA
NC_045512.2	8634	T	-A	121616	114189	36	1	0	20	8.2224e-06	121619	1	FALSE	NA	NA	NA	NA	NA	NA
NC_045512.2	8635	A	T	121636	114258	36	1	1	26	8.21916e-06	121667	1	FALSE	NA	NA	NA	NA	NA	NA
NC_045512.2	8635	A	G	121636	114258	36	26	26	34	0.000213698	121667	1	FALSE	NA	NA	NA	NA	NA	NA
NC_045512.2	8635	A	C	121636	114258	36	4	4	34	3.28766e-05	121667	1	FALSE	NA	NA	NA	NA	NA	NA
NC_045512.2	8636	A	G	121584	115083	35	9	9	37	7.40162e-05	121595	1	FALSE	NA	NA	NA	NA	NA	NA
NC_045512.2	8636	A	C	121584	115083	35	2	2	34	1.6448e-05	121595	1	FALSE	NA	NA	NA	NA	NA	NA
NC_045512.2	8637	C	T	121106	114706	35	5	5	32	4.12821e-05	121118	1	FALSE	NA	NA	NA	NA	NA	NA
NC_045512.2	8637	C	G	121106	114706	35	2	1	36	1.65128e-05	121118	1	FALSE	NA	NA	NA	NA	NA	NA
NC_045512.2	8637	C	A	121106	114706	35	5	5	34	4.12821e-05	121118	1	FALSE	NA	NA	NA	NA	NA	NA
NC_045512.2	8638	A	T	120774	114366	35	2	2	34	1.65582e-05	120786	1	FALSE	NA	NA	NA	NA	NA	NA
NC_045512.2	8638	A	G	120774	114366	35	9	8	35	7.45119e-05	120786	1	FALSE	NA	NA	NA	NA	NA	NA
NC_045512.2	8638	A	C	120774	114366	35	1	1	34	8.27911e-06	120786	1	FALSE	NA	NA	NA	NA	NA	NA
NC_045512.2	8639	C	T	120692	114316	35	7	7	32	5.7995e-05	120700	1	FALSE	NA	NA	NA	NA	NA	NA
NC_045512.2	8639	C	A	120692	114316	35	1	0	26	8.285e-06	120700	1	FALSE	NA	NA	NA	NA	NA	NA
NC_045512.2	8640	C	T	119618	115633	34	3	3	34	2.5079e-05	119622	1	FALSE	NA	NA	NA	NA	NA	NA
NC_045512.2	8640	C	G	119618	115633	34	1	1	34	8.35967e-06	119622	1	FALSE	NA	NA	NA	NA	NA	NA
NC_045512.2	8641	T	G	117423	113453	34	1	1	34	8.51578e-06	117429	1	FALSE	NA	NA	NA	NA	NA	NA
NC_045512.2	8641	T	C	117423	113453	34	5	5	34	4.25789e-05	117429	1	FALSE	NA	NA	NA	NA	NA	NA
NC_045512.2	8642	G	C	117375	113411	34	1	1	34	8.51905e-06	117384	1	FALSE	NA	NA	NA	NA	NA	NA
NC_045512.2	8642	G	A	117375	113411	34	8	8	34	6.81524e-05	117384	1	FALSE	NA	NA	NA	NA	NA	NA
NC_045512.2	8643	T	C	107717	103754	32	11	10	34	0.000102106	107731	1	FALSE	NA	NA	NA	NA	NA	NA
NC_045512.2	8643	T	A	107717	103754	32	3	3	34	2.78471e-05	107731	1	FALSE	NA	NA	NA	NA	NA	NA
NC_045512.2	8644	T	C	117434	113459	34	11	11	34	9.36601e-05	117446	1	FALSE	NA	NA	NA	NA	NA	NA
NC_045512.2	8644	T	A	117434	113459	34	1	1	26	8.51455e-06	117446	1	FALSE	NA	NA	NA	NA	NA	NA
NC_045512.2	8645	C	T	117259	113307	34	14	14	34	0.000119372	117280	1	FALSE	NA	NA	NA	NA	NA	NA
NC_045512.2	8645	C	A	117259	113307	34	7	7	34	5.96862e-05	117280	1	FALSE	NA	NA	NA	NA	NA	NA
NC_045512.2	8646	A	G	113412	109469	34	5	5	34	4.40847e-05	113418	1	FALSE	NA	NA	NA	NA	NA	NA
NC_045512.2	8646	A	C	113412	109469	34	1	1	34	8.81694e-06	113418	1	FALSE	NA	NA	NA	NA	NA	NA
NC_045512.2	8647	T	C	113385	109465	34	6	6	34	5.2911e-05	113398	1	FALSE	NA	NA	NA	NA	NA	NA
NC_045512.2	8647	T	A	113385	109465	34	7	7	34	6.17295e-05	113398	1	FALSE	NA	NA	NA	NA	NA	NA
NC_045512.2	8648	G	T	113088	109165	34	5	5	32	4.42083e-05	113101	1	FALSE	NA	NA	NA	NA	NA	NA
NC_045512.2	8648	G	C	113088	109165	34	4	4	34	3.53666e-05	113101	1	FALSE	NA	NA	NA	NA	NA	NA
NC_045512.2	8648	G	A	113088	109165	34	4	4	34	3.53666e-05	113101	1	FALSE	NA	NA	NA	NA	NA	NA
NC_045512.2	8649	T	C	112251	108390	34	29	29	34	0.000258246	112296	1	FALSE	NA	NA	NA	NA	NA	NA
NC_045512.2	8649	T	A	112251	108390	34	16	15	36	0.000142481	112296	1	FALSE	NA	NA	NA	NA	NA	NA
NC_045512.2	8650	C	T	111936	108158	34	9	9	33	8.03938e-05	111949	1	FALSE	NA	NA	NA	NA	NA	NA
NC_045512.2	8650	C	G	111936	108158	34	3	3	34	2.67979e-05	111949	1	FALSE	NA	NA	NA	NA	NA	NA
NC_045512.2	8650	C	A	111936	108158	34	1	1	34	8.93264e-06	111949	1	FALSE	NA	NA	NA	NA	NA	NA
NC_045512.2	8651	A	T	105375	101619	34	1	1	34	9.48857e-06	105390	1	FALSE	NA	NA	NA	NA	NA	NA
NC_045512.2	8651	A	G	105375	101619	34	12	12	34	0.000113863	105390	1	FALSE	NA	NA	NA	NA	NA	NA
NC_045512.2	8651	A	C	105375	101619	34	2	2	26	1.89771e-05	105390	1	FALSE	NA	NA	NA	NA	NA	NA
NC_045512.2	8652	T	G	104534	100827	34	1	1	26	9.56535e-06	104544	1	FALSE	NA	NA	NA	NA	NA	NA
NC_045512.2	8652	T	C	104534	100827	34	5	5	32	4.78268e-05	104544	1	FALSE	NA	NA	NA	NA	NA	NA
NC_045512.2	8652	T	A	104534	100827	34	4	4	34	3.82614e-05	104544	1	FALSE	NA	NA	NA	NA	NA	NA
NC_045512.2	8653	G	C	104831	101179	34	4	4	34	3.81541e-05	104838	1	FALSE	NA	NA	NA	NA	NA	NA
NC_045512.2	8653	G	A	104831	101179	34	3	3	34	2.86156e-05	104838	1	FALSE	NA	NA	NA	NA	NA	NA
NC_045512.2	8654	T	C	103396	99873	33	7	7	33	6.7695e-05	103405	1	FALSE	NA	NA	NA	NA	NA	NA
NC_045512.2	8654	T	A	103396	99873	33	2	2	30	1.93414e-05	103405	1	FALSE	NA	NA	NA	NA	NA	NA
NC_045512.2	8655	C	T	104722	101217	34	3	3	31	2.86459e-05	104727	1	FALSE	NA	NA	NA	NA	NA	NA
NC_045512.2	8655	C	A	104722	101217	34	2	2	34	1.90973e-05	104727	1	FALSE	NA	NA	NA	NA	NA	NA
NC_045512.2	8656	T	G	103638	100134	34	1	1	34	9.64832e-06	103645	1	FALSE	NA	NA	NA	NA	NA	NA
NC_045512.2	8656	T	C	103638	100134	34	4	4	34	3.85933e-05	103645	1	FALSE	NA	NA	NA	NA	NA	NA
NC_045512.2	8656	T	A	103638	100134	34	2	2	34	1.92966e-05	103645	1	FALSE	NA	NA	NA	NA	NA	NA
NC_045512.2	8656	T	-A	103638	100134	34	4	0	20	3.85933e-05	103645	1	FALSE	NA	NA	NA	NA	NA	NA
NC_045512.2	8657	A	T	103400	99907	34	1	1	34	9.66959e-06	103417	1	FALSE	NA	NA	NA	NA	NA	NA
NC_045512.2	8657	A	G	103400	99907	34	15	15	33	0.000145044	103417	1	FALSE	NA	NA	NA	NA	NA	NA
NC_045512.2	8657	A	C	103400	99907	34	1	1	34	9.66959e-06	103417	1	FALSE	NA	NA	NA	NA	NA	NA
NC_045512.2	8658	A	G	103310	99865	34	10	10	33	9.67867e-05	103320	1	FALSE	NA	NA	NA	NA	NA	NA
NC_045512.2	8659	A	T	103038	99687	34	1	1	26	9.70459e-06	103044	1	FALSE	NA	NA	NA	NA	NA	NA
NC_045512.2	8659	A	G	103038	99687	34	5	5	34	4.8523e-05	103044	1	FALSE	NA	NA	NA	NA	NA	NA
NC_045512.2	8660	C	T	103183	99802	34	4	4	34	3.87623e-05	103193	1	FALSE	NA	NA	NA	NA	NA	NA
NC_045512.2	8660	C	G	103183	99802	34	4	1	32	3.87623e-05	103193	1	FALSE	NA	NA	NA	NA	NA	NA
NC_045512.2	8660	C	A	103183	99802	34	2	2	34	1.93812e-05	103193	1	FALSE	NA	NA	NA	NA	NA	NA
NC_045512.2	8661	A	T	92428	89098	34	1	1	34	1.08185e-05	92434	1	FALSE	NA	NA	NA	NA	NA	NA
NC_045512.2	8661	A	G	92428	89098	34	4	4	34	4.32741e-05	92434	1	FALSE	NA	NA	NA	NA	NA	NA
NC_045512.2	8661	A	C	92428	89098	34	1	1	26	1.08185e-05	92434	1	FALSE	NA	NA	NA	NA	NA	NA
NC_045512.2	8662	T	C	90537	87477	34	5	5	32	5.5223e-05	90542	1	FALSE	NA	NA	NA	NA	NA	NA
NC_045512.2	8663	A	T	90026	86973	34	3	2	34	3.33185e-05	90040	1	FALSE	NA	NA	NA	NA	NA	NA
NC_045512.2	8663	A	G	90026	86973	34	11	11	34	0.000122168	90040	1	FALSE	NA	NA	NA	NA	NA	NA
NC_045512.2	8664	C	T	89848	87113	34	9	5	34	0.000100156	89860	1	FALSE	NA	NA	NA	NA	NA	NA
NC_045512.2	8664	C	A	89848	87113	34	3	3	34	3.33853e-05	89860	1	FALSE	NA	NA	NA	NA	NA	NA
NC_045512.2	8665	T	C	88659	85933	34	20	20	34	0.000225533	88679	1	FALSE	NA	NA	NA	NA	NA	NA
NC_045512.2	8666	G	T	88409	85692	34	3	2	31	3.39309e-05	88415	1	FALSE	NA	NA	NA	NA	NA	NA
NC_045512.2	8666	G	C	88409	85692	34	1	1	26	1.13103e-05	88415	1	FALSE	NA	NA	NA	NA	NA	NA
NC_045512.2	8666	G	A	88409	85692	34	2	1	34	2.26206e-05	88415	1	FALSE	NA	NA	NA	NA	NA	NA
NC_045512.2	8667	A	T	88319	85582	34	2	2	26	2.26431e-05	88327	1	FALSE	NA	NA	NA	NA	NA	NA
NC_045512.2	8667	A	G	88319	85582	34	6	6	34	6.79294e-05	88327	1	FALSE	NA	NA	NA	NA	NA	NA
NC_045512.2	8668	C	T	88341	85661	34	1	1	26	1.13196e-05	88342	1	FALSE	NA	NA	NA	NA	NA	NA
NC_045512.2	8668	C	-T	88341	85661	34	8	0	20	9.05572e-05	88342	1	FALSE	NA	NA	NA	NA	NA	NA
NC_045512.2	8669	T	G	86503	83838	34	2	2	34	2.31187e-05	86510	1	FALSE	NA	NA	NA	NA	NA	NA
NC_045512.2	8669	T	C	86503	83838	34	5	5	34	5.77968e-05	86510	1	FALSE	NA	NA	NA	NA	NA	NA
NC_045512.2	8670	T	G	86191	83522	34	1	1	34	1.16008e-05	86201	1	FALSE	NA	NA	NA	NA	NA	NA
NC_045512.2	8670	T	C	86191	83522	34	9	9	33	0.000104407	86201	1	FALSE	NA	NA	NA	NA	NA	NA
NC_045512.2	8671	T	C	85969	83286	33	8	8	34	9.30481e-05	85977	1	FALSE	NA	NA	NA	NA	NA	NA
NC_045512.2	8672	T	C	85514	83486	34	6	6	34	7.0159e-05	85520	1	FALSE	NA	NA	NA	NA	NA	NA
NC_045512.2	8673	C	T	85272	83286	34	3	3	34	3.51799e-05	85276	1	FALSE	NA	NA	NA	NA	NA	NA
NC_045512.2	8673	C	A	85272	83286	34	1	1	34	1.17266e-05	85276	1	FALSE	NA	NA	NA	NA	NA	NA
NC_045512.2	8673	C	-A	85272	83286	34	2	0	20	2.34533e-05	85276	1	FALSE	NA	NA	NA	NA	NA	NA
NC_045512.2	8674	A	T	85165	83207	34	2	1	34	2.34772e-05	85189	1	FALSE	NA	NA	NA	NA	NA	NA
NC_045512.2	8674	A	G	85165	83207	34	21	14	34	0.000246511	85189	1	FALSE	NA	NA	NA	NA	NA	NA
NC_045512.2	8674	A	C	85165	83207	34	1	1	34	1.17386e-05	85189	1	FALSE	NA	NA	NA	NA	NA	NA
NC_045512.2	8675	A	T	85040	83058	34	3	3	34	3.52721e-05	85053	1	FALSE	NA	NA	NA	NA	NA	NA
NC_045512.2	8675	A	G	85040	83058	34	8	8	33	9.4059e-05	85053	1	FALSE	NA	NA	NA	NA	NA	NA
NC_045512.2	8675	A	C	85040	83058	34	2	2	34	2.35147e-05	85053	1	FALSE	NA	NA	NA	NA	NA	NA
NC_045512.2	8676	G	T	84725	82745	33	1	1	34	1.18028e-05	84726	1	FALSE	NA	NA	NA	NA	NA	NA
NC_045512.2	8677	T	C	83655	81745	33	10	10	33	0.000119523	83666	1	FALSE	NA	NA	NA	NA	NA	NA
NC_045512.2	8677	T	A	83655	81745	33	1	1	34	1.19523e-05	83666	1	FALSE	NA	NA	NA	NA	NA	NA
NC_045512.2	8678	G	C	83587	81673	33	3	3	34	3.58877e-05	83594	1	FALSE	NA	NA	NA	NA	NA	NA
NC_045512.2	8678	G	A	83587	81673	33	4	4	34	4.78503e-05	83594	1	FALSE	NA	NA	NA	NA	NA	NA
NC_045512.2	8678	G	-A	83587	81673	33	1	0	20	1.19626e-05	83594	1	FALSE	NA	NA	NA	NA	NA	NA
NC_045512.2	8679	A	T	83313	81431	33	1	1	34	1.20018e-05	83321	1	FALSE	NA	NA	NA	NA	NA	NA
NC_045512.2	8679	A	G	83313	81431	33	7	6	32	8.40124e-05	83321	1	FALSE	NA	NA	NA	NA	NA	NA
NC_045512.2	8680	A	T	83335	81555	33	1	1	34	1.19977e-05	83349	1	FALSE	NA	NA	NA	NA	NA	NA
NC_045512.2	8680	A	G	83335	81555	33	11	11	33	0.000131975	83349	1	FALSE	NA	NA	NA	NA	NA	NA
NC_045512.2	8680	A	C	83335	81555	33	2	2	30	2.39955e-05	83349	1	FALSE	NA	NA	NA	NA	NA	NA
NC_045512.2	8681	A	G	83371	81592	34	5	4	34	5.99693e-05	83376	1	FALSE	NA	NA	NA	NA	NA	NA
NC_045512.2	8682	T	C	83089	81606	33	9	9	32	0.000108302	83101	1	FALSE	NA	NA	NA	NA	NA	NA
NC_045512.2	8682	T	A	83089	81606	33	3	3	34	3.61006e-05	83101	1	FALSE	NA	NA	NA	NA	NA	NA
NC_045512.2	8683	C	T	82687	81466	33	2	2	34	2.41858e-05	82693	1	FALSE	NA	NA	NA	NA	NA	NA
NC_045512.2	8683	C	G	82687	81466	33	1	1	34	1.20929e-05	82693	1	FALSE	NA	NA	NA	NA	NA	NA
NC_045512.2	8683	C	A	82687	81466	33	3	3	34	3.62788e-05	82693	1	FALSE	NA	NA	NA	NA	NA	NA
NC_045512.2	8684	A	T	81952	80777	33	2	2	26	2.44018e-05	81961	1	FALSE	NA	NA	NA	NA	NA	NA
NC_045512.2	8684	A	G	81952	80777	33	6	6	34	7.32055e-05	81961	1	FALSE	NA	NA	NA	NA	NA	NA
NC_045512.2	8684	A	C	81952	80777	33	1	1	34	1.22009e-05	81961	1	FALSE	NA	NA	NA	NA	NA	NA
NC_045512.2	8685	T	C	82020	80927	34	9	8	34	0.000109717	82029	1	FALSE	NA	NA	NA	NA	NA	NA
NC_045512.2	8685	T	-AG	82020	80927	34	5	0	20	6.09541e-05	82029	1	FALSE	NA	NA	NA	NA	NA	NA
NC_045512.2	8686	A	T	81724	80690	33	2	2	30	2.44609e-05	81763	1	FALSE	NA	NA	NA	NA	NA	NA
NC_045512.2	8686	A	G	81724	80690	33	37	37	33	0.000452527	81763	0.999986	FALSE	NA	NA	NA	NA	NA	NA
NC_045512.2	8687	G	T	81429	80372	33	12	12	33	0.000147337	81446	1	FALSE	NA	NA	NA	NA	NA	NA
NC_045512.2	8687	G	C	81429	80372	33	4	4	34	4.91123e-05	81446	1	FALSE	NA	NA	NA	NA	NA	NA
NC_045512.2	8687	G	A	81429	80372	33	1	1	34	1.22781e-05	81446	1	FALSE	NA	NA	NA	NA	NA	NA
NC_045512.2	8701	T	C	72	11	34	1	0	34	0.0136986	73	0.503448	FALSE	NA	NA	NA	NA	NA	NA
NC_045512.2	8707	T	A	73	11	34	1	0	34	0.0135135	74	0.503401	FALSE	NA	NA	NA	NA	NA	NA
NC_045512.2	8710	T	A	75	11	34	1	0	34	0.0131579	76	0.503311	FALSE	NA	NA	NA	NA	NA	NA
NC_045512.2	8739	C	T	72	9	35	11	0	34	0.13253	83	0.000367048	TRUE	NA	NA	NA	NA	NA	NA
NC_045512.2	8815	T	G	53	37	38	1	1	24	0.0185185	54	0.504673	FALSE	NA	NA	NA	NA	NA	NA
NC_045512.2	8849	G	T	59	50	35	3	3	34	0.0483871	62	0.124975	FALSE	NA	NA	NA	NA	NA	NA
NC_045512.2	8879	A	C	74	66	36	1	1	34	0.0133333	75	0.503356	FALSE	NA	NA	NA	NA	NA	NA
NC_045512.2	8951	T	G	1987	113	34	3	0	34	0.00150754	1990	0.312594	FALSE	NA	NA	NA	NA	NA	NA
NC_045512.2	8952	G	A	2502	119	34	2	0	34	0.000798722	2504	0.687725	FALSE	NA	NA	NA	NA	NA	NA
NC_045512.2	8955	A	G	2510	120	34	1	0	34	0.000398248	2511	0.875149	FALSE	NA	NA	NA	NA	NA	NA
NC_045512.2	8960	C	T	2749	129	35	1	0	34	0.000363636	2750	0.875136	FALSE	NA	NA	NA	NA	NA	NA
NC_045512.2	8968	A	G	3001	201	36	2	0	34	0.000666001	3003	0.812708	FALSE	NA	NA	NA	NA	NA	NA
NC_045512.2	8972	A	G	3807	228	36	2	1	51	0.000525072	3809	0.250033	FALSE	NA	NA	NA	NA	NA	NA
NC_045512.2	8978	T	G	4130	253	36	1	0	24	0.000242014	4132	1	FALSE	NA	NA	NA	NA	NA	NA
NC_045512.2	8978	T	C	4130	253	36	1	0	34	0.000242014	4132	0.968788	FALSE	NA	NA	NA	NA	NA	NA
NC_045512.2	8983	T	C	4148	260	36	1	0	34	0.000241022	4149	0.968806	FALSE	NA	NA	NA	NA	NA	NA
NC_045512.2	8986	C	T	4291	272	36	1	1	68	0.000232992	4292	0.500058	FALSE	NA	NA	NA	NA	NA	NA
NC_045512.2	8989	T	C	4274	266	37	1	0	34	0.000233918	4275	0.968805	FALSE	NA	NA	NA	NA	NA	NA
NC_045512.2	8991	C	T	4284	283	37	2	0	34	0.000466636	4286	0.890762	FALSE	NA	NA	NA	NA	NA	NA
NC_045512.2	8993	A	G	4361	296	37	1	0	34	0.000229253	4362	0.968804	FALSE	NA	NA	NA	NA	NA	NA
NC_045512.2	8994	C	G	4338	296	37	1	0	34	0.000230468	4339	0.968804	FALSE	NA	NA	NA	NA	NA	NA
NC_045512.2	8995	A	G	4375	311	37	1	0	34	0.000228519	4376	0.968804	FALSE	NA	NA	NA	NA	NA	NA
NC_045512.2	8998	A	G	4309	316	37	1	0	34	0.000232019	4310	0.968804	FALSE	NA	NA	NA	NA	NA	NA
NC_045512.2	9006	T	G	4590	326	37	2	0	30	0.00043554	4592	0.890753	FALSE	NA	NA	NA	NA	NA	NA
NC_045512.2	9009	T	C	4599	326	37	1	0	34	0.000217391	4600	0.968801	FALSE	NA	NA	NA	NA	NA	NA
NC_045512.2	9010	G	A	4764	326	37	1	0	34	0.000209864	4765	0.968799	FALSE	NA	NA	NA	NA	NA	NA
NC_045512.2	9015	C	T	4794	359	38	4	1	42	0.000833681	4798	0.062487	FALSE	NA	NA	NA	NA	NA	NA
NC_045512.2	9017	G	+A	4910	359	38	1	0	20	0.000203666	4910	1	FALSE	NA	NA	NA	NA	NA	NA
NC_045512.2	9020	T	C	4951	383	38	2	0	34	0.000403796	4953	0.890743	FALSE	NA	NA	NA	NA	NA	NA
NC_045512.2	9023	A	G	4959	395	38	3	0	34	0.000604595	4962	0.773603	FALSE	NA	NA	NA	NA	NA	NA
NC_045512.2	9024	C	G	4956	419	38	1	0	68	0.000201735	4957	0.50005	FALSE	NA	NA	NA	NA	NA	NA
NC_045512.2	9025	A	G	4978	419	38	1	0	34	0.000200844	4979	0.968797	FALSE	NA	NA	NA	NA	NA	NA
NC_045512.2	9028	T	C	4990	453	39	1	1	60	0.000200361	4991	0.50005	FALSE	NA	NA	NA	NA	NA	NA
NC_045512.2	9040	T	C	4438	684	39	1	1	24	0.000225276	4439	1	FALSE	NA	NA	NA	NA	NA	NA
NC_045512.2	9044	G	T	4380	703	39	1	0	34	0.000228258	4381	0.968803	FALSE	NA	NA	NA	NA	NA	NA
NC_045512.2	9047	A	T	4381	716	39	1	0	26	0.000228102	4384	1	FALSE	NA	NA	NA	NA	NA	NA
NC_045512.2	9047	A	G	4381	716	39	2	0	34	0.000456204	4384	0.890705	FALSE	NA	NA	NA	NA	NA	NA
NC_045512.2	9049	G	T	4271	778	38	1	0	34	0.000234082	4272	0.968805	FALSE	NA	NA	NA	NA	NA	NA
NC_045512.2	9051	C	T	3934	841	38	2	0	34	0.00050813	3936	0.812659	FALSE	NA	NA	NA	NA	NA	NA
NC_045512.2	9053	G	A	3701	878	37	2	1	68	0.000540103	3703	0.250034	FALSE	NA	NA	NA	NA	NA	NA
NC_045512.2	9054	T	A	3740	945	38	2	0	30	0.000534474	3742	0.812667	FALSE	NA	NA	NA	NA	NA	NA
NC_045512.2	9055	A	G	3829	952	38	1	0	34	0.000261097	3830	0.937582	FALSE	NA	NA	NA	NA	NA	NA
NC_045512.2	9057	C	G	3807	932	37	1	0	34	0.000262605	3808	0.937582	FALSE	NA	NA	NA	NA	NA	NA
NC_045512.2	9058	A	G	3854	921	37	1	0	26	0.000259403	3855	1	FALSE	NA	NA	NA	NA	NA	NA
NC_045512.2	9060	A	G	3940	1033	37	1	0	34	0.000253743	3941	0.937579	FALSE	NA	NA	NA	NA	NA	NA
NC_045512.2	9063	G	T	3711	960	37	8	0	34	0.00215054	3720	0.113108	FALSE	NA	NA	NA	NA	NA	NA
NC_045512.2	9063	G	C	3711	960	37	1	1	34	0.000268817	3720	0.937315	FALSE	NA	NA	NA	NA	NA	NA
NC_045512.2	9070	T	C	3087	1140	37	1	1	34	0.000323834	3088	0.937601	FALSE	NA	NA	NA	NA	NA	NA
NC_045512.2	9076	T	A	3233	1372	37	1	0	34	0.000309215	3234	0.937597	FALSE	NA	NA	NA	NA	NA	NA
NC_045512.2	9077	G	A	3389	1387	37	1	0	26	0.000294985	3390	1	FALSE	NA	NA	NA	NA	NA	NA
NC_045512.2	9079	A	G	3336	1458	36	1	0	34	0.00029967	3337	0.937594	FALSE	NA	NA	NA	NA	NA	NA
NC_045512.2	9093	T	C	3868	1584	36	1	1	34	0.000258465	3869	0.937581	FALSE	NA	NA	NA	NA	NA	NA
NC_045512.2	9098	T	C	3882	1613	36	2	2	68	0.000514933	3884	0.250032	FALSE	NA	NA	NA	NA	NA	NA
NC_045512.2	9101	G	C	3779	1633	36	1	1	34	0.00026455	3780	0.937583	FALSE	NA	NA	NA	NA	NA	NA
NC_045512.2	9102	A	G	3779	1634	36	1	0	34	0.00026455	3780	0.937583	FALSE	NA	NA	NA	NA	NA	NA
NC_045512.2	9103	A	G	3798	1651	36	1	1	34	0.000263227	3799	0.937582	FALSE	NA	NA	NA	NA	NA	NA
NC_045512.2	9106	T	C	3318	1191	34	1	0	26	0.000301296	3319	1	FALSE	NA	NA	NA	NA	NA	NA
NC_045512.2	9107	T	C	3791	1671	36	1	1	34	0.000263713	3792	0.937582	FALSE	NA	NA	NA	NA	NA	NA
NC_045512.2	9108	T	G	3798	1677	36	1	1	26	0.000263227	3799	1	FALSE	NA	NA	NA	NA	NA	NA
NC_045512.2	9109	A	C	3801	1675	36	1	1	34	0.000263019	3802	0.937582	FALSE	NA	NA	NA	NA	NA	NA
NC_045512.2	9110	C	G	3669	1692	36	1	1	34	0.00027248	3670	0.937585	FALSE	NA	NA	NA	NA	NA	NA
NC_045512.2	9115	T	C	3686	1725	36	3	0	34	0.000813229	3689	0.656441	FALSE	NA	NA	NA	NA	NA	NA
NC_045512.2	9117	A	G	3823	1812	37	1	1	34	0.000261506	3824	0.937582	FALSE	NA	NA	NA	NA	NA	NA
NC_045512.2	9118	C	T	3759	1827	36	2	0	34	0.000531773	3761	0.812666	FALSE	NA	NA	NA	NA	NA	NA
NC_045512.2	9121	A	G	3914	2003	37	6	6	34	0.00153061	3920	0.253906	FALSE	NA	NA	NA	NA	NA	NA
NC_045512.2	9123	G	A	4114	2136	37	5	0	34	0.00121389	4119	0.500149	FALSE	NA	NA	NA	NA	NA	NA
NC_045512.2	9124	T	C	4130	2154	37	2	0	32	0.000484027	4132	0.890767	FALSE	NA	NA	NA	NA	NA	NA
NC_045512.2	9134	A	G	4026	2028	37	2	0	34	0.000496524	4028	0.89077	FALSE	NA	NA	NA	NA	NA	NA
NC_045512.2	9139	T	A	4054	2046	38	1	1	68	0.000246609	4055	0.500062	FALSE	NA	NA	NA	NA	NA	NA
NC_045512.2	9140	G	A	3990	1984	38	1	1	34	0.000250564	3991	0.937578	FALSE	NA	NA	NA	NA	NA	NA
NC_045512.2	9141	G	A	4015	1998	38	1	1	34	0.000249004	4016	0.968808	FALSE	NA	NA	NA	NA	NA	NA
NC_045512.2	9144	C	A	3903	2001	37	3	3	34	0.000768049	3906	0.65643	FALSE	NA	NA	NA	NA	NA	NA
NC_045512.2	9146	A	G	3992	2114	38	1	1	68	0.000250438	3993	0.500063	FALSE	NA	NA	NA	NA	NA	NA
NC_045512.2	9148	T	C	3998	2109	38	1	0	34	0.000250063	3999	0.937578	FALSE	NA	NA	NA	NA	NA	NA
NC_045512.2	9149	A	G	3908	2128	37	2	2	30	0.000511509	3910	0.81266	FALSE	NA	NA	NA	NA	NA	NA
NC_045512.2	9151	T	A	3868	2105	38	1	0	34	0.000258465	3869	0.937581	FALSE	NA	NA	NA	NA	NA	NA
NC_045512.2	9155	T	A	3691	2066	37	1	1	68	0.000270856	3692	0.500068	FALSE	NA	NA	NA	NA	NA	NA
NC_045512.2	9157	T	C	3674	2145	37	1	0	34	0.000272109	3675	0.937585	FALSE	NA	NA	NA	NA	NA	NA
NC_045512.2	9158	C	T	3650	2161	37	1	0	68	0.000273898	3651	0.500068	FALSE	NA	NA	NA	NA	NA	NA
NC_045512.2	9168	A	G	3775	2310	38	1	1	34	0.000264831	3776	0.937583	FALSE	NA	NA	NA	NA	NA	NA
NC_045512.2	9172	T	A	3497	2110	38	1	1	34	0.000285878	3498	0.937589	FALSE	NA	NA	NA	NA	NA	NA
NC_045512.2	9173	G	A	3513	2211	38	1	1	34	0.000284576	3514	0.937589	FALSE	NA	NA	NA	NA	NA	NA
NC_045512.2	9174	A	G	3531	2234	38	1	1	34	0.000283126	3532	0.937588	FALSE	NA	NA	NA	NA	NA	NA
NC_045512.2	9176	G	A	3497	2229	38	2	2	34	0.000571592	3499	0.812679	FALSE	NA	NA	NA	NA	NA	NA
NC_045512.2	9177	G	A	3617	2376	38	1	1	34	0.000276396	3618	0.937586	FALSE	NA	NA	NA	NA	NA	NA
NC_045512.2	9179	T	C	3519	2401	38	1	0	68	0.000284091	3520	0.500071	FALSE	NA	NA	NA	NA	NA	NA
NC_045512.2	9192	T	C	3323	2796	36	1	1	34	0.000300842	3324	0.937594	FALSE	NA	NA	NA	NA	NA	NA
NC_045512.2	9193	A	G	3360	2844	36	1	0	27	0.00029753	3361	1	FALSE	NA	NA	NA	NA	NA	NA
NC_045512.2	9194	A	T	3362	2846	36	1	1	34	0.000297265	3364	0.937556	FALSE	NA	NA	NA	NA	NA	NA
NC_045512.2	9194	A	G	3362	2846	36	1	1	34	0.000297265	3364	0.937556	FALSE	NA	NA	NA	NA	NA	NA
NC_045512.2	9199	T	G	5430	3382	36	1	0	34	0.000184128	5431	0.984405	FALSE	NA	NA	NA	NA	NA	NA
NC_045512.2	9201	T	C	5497	3454	36	1	1	34	0.000181884	5498	0.984405	FALSE	NA	NA	NA	NA	NA	NA
NC_045512.2	9202	T	C	5544	3495	36	2	2	30	0.00036062	5546	0.937589	FALSE	NA	NA	NA	NA	NA	NA
NC_045512.2	9204	A	G	5936	3893	36	1	1	26	0.000168435	5937	1	FALSE	NA	NA	NA	NA	NA	NA
NC_045512.2	9206	T	C	6018	3916	36	1	0	34	0.000166141	6019	0.992206	FALSE	NA	NA	NA	NA	NA	NA
NC_045512.2	9210	A	G	6352	4089	36	2	2	30	0.000314762	6354	0.964904	FALSE	NA	NA	NA	NA	NA	NA
NC_045512.2	9214	C	A	6845	4280	36	3	0	31	0.000438084	6848	0.910264	FALSE	NA	NA	NA	NA	NA	NA
NC_045512.2	9218	A	T	6702	4099	36	2	0	34	0.000298329	6704	0.964901	FALSE	NA	NA	NA	NA	NA	NA
NC_045512.2	9219	G	C	6667	4065	36	3	3	34	0.000449775	6670	0.910267	FALSE	NA	NA	NA	NA	NA	NA
NC_045512.2	9220	G	A	6671	4069	36	1	1	34	0.00014988	6672	0.992204	FALSE	NA	NA	NA	NA	NA	NA
NC_045512.2	9221	C	T	6789	4251	36	5	0	34	0.000735943	6794	0.725752	FALSE	NA	NA	NA	NA	NA	NA
NC_045512.2	9222	A	G	6887	4386	37	1	1	68	0.00014518	6888	0.500036	FALSE	NA	NA	NA	NA	NA	NA
NC_045512.2	9223	C	T	6766	4290	36	3	3	34	0.000443197	6769	0.910265	FALSE	NA	NA	NA	NA	NA	NA
NC_045512.2	9225	G	A	6745	4257	36	4	3	68	0.00059268	6749	0.0624907	FALSE	NA	NA	NA	NA	NA	NA
NC_045512.2	9226	C	A	6755	4260	36	1	0	34	0.000148017	6756	0.992204	FALSE	NA	NA	NA	NA	NA	NA
NC_045512.2	9229	T	C	6729	4212	36	1	1	34	0.000148588	6730	0.992204	FALSE	NA	NA	NA	NA	NA	NA
NC_045512.2	9230	T	C	6730	4209	36	6	3	34	0.000890736	6736	0.612944	FALSE	NA	NA	NA	NA	NA	NA
NC_045512.2	9234	A	G	6693	4185	36	2	2	34	0.00029873	6695	0.964901	FALSE	NA	NA	NA	NA	NA	NA
NC_045512.2	9241	A	G	6703	4142	36	1	1	34	0.000149165	6704	0.992204	FALSE	NA	NA	NA	NA	NA	NA
NC_045512.2	9245	G	C	6771	4168	35	2	2	34	0.000295203	6775	0.964868	FALSE	NA	NA	NA	NA	NA	NA
NC_045512.2	9245	G	A	6771	4168	35	2	2	34	0.000295203	6775	0.964868	FALSE	NA	NA	NA	NA	NA	NA
NC_045512.2	9246	C	T	6675	4074	35	1	1	34	0.000149656	6682	0.992179	FALSE	NA	NA	NA	NA	NA	NA
NC_045512.2	9246	C	A	6675	4074	35	6	0	34	0.000897935	6682	0.612844	FALSE	NA	NA	NA	NA	NA	NA
NC_045512.2	9252	T	C	5194	2505	33	2	2	34	0.000384911	5196	0.937595	FALSE	NA	NA	NA	NA	NA	NA
NC_045512.2	9254	T	C	6685	3984	36	1	1	34	0.000149566	6686	0.992204	FALSE	NA	NA	NA	NA	NA	NA
NC_045512.2	9255	G	T	6714	3979	36	1	0	34	0.00014892	6715	0.992204	FALSE	NA	NA	NA	NA	NA	NA
NC_045512.2	9256	T	A	6703	3983	36	2	1	34	0.000298285	6705	0.964901	FALSE	NA	NA	NA	NA	NA	NA
NC_045512.2	9258	T	C	6543	3901	35	3	0	34	0.000458295	6546	0.910269	FALSE	NA	NA	NA	NA	NA	NA
NC_045512.2	9259	A	G	6693	3896	36	3	2	34	0.000448029	6696	0.910267	FALSE	NA	NA	NA	NA	NA	NA
NC_045512.2	9260	T	A	6585	3790	35	1	1	34	0.000151837	6586	0.992204	FALSE	NA	NA	NA	NA	NA	NA
NC_045512.2	9262	T	C	6621	3892	36	2	2	34	0.000301978	6623	0.964902	FALSE	NA	NA	NA	NA	NA	NA
NC_045512.2	9263	A	G	6663	3884	36	1	1	34	0.00015006	6664	0.992204	FALSE	NA	NA	NA	NA	NA	NA
NC_045512.2	9266	A	G	6544	3771	36	1	1	34	0.000152788	6545	0.992204	FALSE	NA	NA	NA	NA	NA	NA
NC_045512.2	9268	T	A	6479	3617	36	3	1	34	0.00046282	6482	0.91027	FALSE	NA	NA	NA	NA	NA	NA
NC_045512.2	9268	T	-G	6479	3617	36	1	0	20	0.000154273	6482	1	FALSE	NA	NA	NA	NA	NA	NA
NC_045512.2	9272	A	G	6345	3457	36	1	1	34	0.00015758	6346	0.992205	FALSE	NA	NA	NA	NA	NA	NA
NC_045512.2	9275	T	C	6424	3429	36	1	0	34	0.000155642	6425	0.992205	FALSE	NA	NA	NA	NA	NA	NA
NC_045512.2	9276	G	C	6261	3244	36	2	2	34	0.000319285	6264	0.964887	FALSE	NA	NA	NA	NA	NA	NA
NC_045512.2	9276	G	A	6261	3244	36	1	1	26	0.000159642	6264	1	FALSE	NA	NA	NA	NA	NA	NA
NC_045512.2	9277	G	T	6062	3228	36	2	2	34	0.000329815	6064	0.964907	FALSE	NA	NA	NA	NA	NA	NA
NC_045512.2	9280	A	G	5972	3145	36	1	0	34	0.00016742	5973	0.984402	FALSE	NA	NA	NA	NA	NA	NA
NC_045512.2	9285	A	G	5110	3069	35	1	0	46	0.000195656	5111	0.500049	FALSE	NA	NA	NA	NA	NA	NA
NC_045512.2	9287	A	G	4688	2676	36	1	1	34	0.000213265	4689	0.9688	FALSE	NA	NA	NA	NA	NA	NA
NC_045512.2	9289	T	C	4626	2636	36	1	1	34	0.000216123	4627	0.968801	FALSE	NA	NA	NA	NA	NA	NA
NC_045512.2	9292	T	C	4612	2596	36	2	1	34	0.000433276	4616	0.89065	FALSE	NA	NA	NA	NA	NA	NA
NC_045512.2	9292	T	A	4612	2596	36	2	0	34	0.000433276	4616	0.89065	FALSE	NA	NA	NA	NA	NA	NA
NC_045512.2	9297	A	G	4654	2610	36	1	1	26	0.000214823	4655	1	FALSE	NA	NA	NA	NA	NA	NA
NC_045512.2	9298	C	T	4587	2631	36	3	0	34	0.000653595	4590	0.773616	FALSE	NA	NA	NA	NA	NA	NA
NC_045512.2	9300	G	C	4103	2068	36	1	1	34	0.000243665	4104	0.968807	FALSE	NA	NA	NA	NA	NA	NA
NC_045512.2	9302	T	C	3899	1839	36	4	3	34	0.00102485	3903	0.50014	FALSE	NA	NA	NA	NA	NA	NA
NC_045512.2	9305	T	C	2392	442	37	1	0	34	0.000417885	2393	0.875157	FALSE	NA	NA	NA	NA	NA	NA
NC_045512.2	9308	C	T	2355	474	37	1	0	34	0.000424448	2356	0.875159	FALSE	NA	NA	NA	NA	NA	NA
NC_045512.2	9310	A	G	2253	492	36	1	0	34	0.000443656	2254	0.875166	FALSE	NA	NA	NA	NA	NA	NA
NC_045512.2	9315	T	G	2062	586	36	1	0	34	0.000484731	2063	0.875182	FALSE	NA	NA	NA	NA	NA	NA
NC_045512.2	9321	G	A	2197	631	37	3	0	34	0.00136364	2200	0.500213	FALSE	NA	NA	NA	NA	NA	NA
NC_045512.2	9322	T	C	2233	674	37	1	0	34	0.000447027	2237	0.874916	FALSE	NA	NA	NA	NA	NA	NA
NC_045512.2	9322	T	A	2233	674	37	3	0	34	0.00134108	2237	0.5	FALSE	NA	NA	NA	NA	NA	NA
NC_045512.2	9324	G	T	2664	683	36	2	0	34	0.000750188	2666	0.687711	FALSE	NA	NA	NA	NA	NA	NA
NC_045512.2	9339	A	G	2760	809	36	1	0	34	0.000362188	2761	0.875136	FALSE	NA	NA	NA	NA	NA	NA
NC_045512.2	9340	T	C	2956	824	37	1	0	34	0.000338066	2958	0.875063	FALSE	NA	NA	NA	NA	NA	NA
NC_045512.2	9340	T	A	2956	824	37	1	0	34	0.000338066	2958	0.875063	FALSE	NA	NA	NA	NA	NA	NA
NC_045512.2	9341	T	G	2955	832	37	1	0	34	0.000338295	2956	0.875127	FALSE	NA	NA	NA	NA	NA	NA
NC_045512.2	9343	A	-C	2951	848	37	1	0	20	0.000338868	2951	1	FALSE	NA	NA	NA	NA	NA	NA
NC_045512.2	9344	C	T	0	0	0	2915	826	37	1	2915	0	TRUE	NA	NA	NA	NA	NA	NA
NC_045512.2	9349	T	C	2942	886	37	1	1	34	0.000339789	2943	0.875127	FALSE	NA	NA	NA	NA	NA	NA
NC_045512.2	9352	T	C	2962	888	37	2	2	34	0.000674764	2964	0.68769	FALSE	NA	NA	NA	NA	NA	NA
NC_045512.2	9357	T	A	3044	899	37	2	0	34	0.000656599	3046	0.812705	FALSE	NA	NA	NA	NA	NA	NA
NC_045512.2	9359	A	G	3020	896	37	1	0	34	0.000331016	3021	0.937603	FALSE	NA	NA	NA	NA	NA	NA
NC_045512.2	9363	C	T	2894	764	37	1	0	34	0.000345423	2895	0.87513	FALSE	NA	NA	NA	NA	NA	NA
NC_045512.2	9368	A	G	2922	752	37	1	0	34	0.000342114	2923	0.875128	FALSE	NA	NA	NA	NA	NA	NA
NC_045512.2	9371	C	G	3024	932	38	1	0	34	0.000330579	3025	0.937603	FALSE	NA	NA	NA	NA	NA	NA
NC_045512.2	9373	A	G	3083	950	37	1	0	34	0.000324254	3084	0.937601	FALSE	NA	NA	NA	NA	NA	NA
NC_045512.2	9374	C	T	3150	1081	38	4	4	34	0.00126823	3154	0.500174	FALSE	NA	NA	NA	NA	NA	NA
NC_045512.2	9380	G	A	3057	1104	38	1	0	26	0.000327011	3058	1	FALSE	NA	NA	NA	NA	NA	NA
NC_045512.2	9381	G	T	3077	1144	38	1	0	27	0.000324886	3078	1	FALSE	NA	NA	NA	NA	NA	NA
NC_045512.2	9383	G	T	3207	1143	38	2	2	30	0.000623247	3209	0.812695	FALSE	NA	NA	NA	NA	NA	NA
NC_045512.2	9385	T	C	3176	1133	37	1	1	68	0.000314762	3177	0.500079	FALSE	NA	NA	NA	NA	NA	NA
NC_045512.2	9390	A	G	3346	1272	38	1	0	34	0.000298775	3347	0.937593	FALSE	NA	NA	NA	NA	NA	NA
NC_045512.2	9397	A	T	3105	1258	38	1	0	34	0.000321958	3106	0.937601	FALSE	NA	NA	NA	NA	NA	NA
NC_045512.2	9398	G	A	3116	1254	38	2	2	34	0.000641437	3118	0.812701	FALSE	NA	NA	NA	NA	NA	NA
NC_045512.2	9399	C	T	3366	1541	39	1	0	34	0.000297	3367	0.937593	FALSE	NA	NA	NA	NA	NA	NA
NC_045512.2	9400	A	G	3408	1551	39	1	1	68	0.000293341	3409	0.500073	FALSE	NA	NA	NA	NA	NA	NA
NC_045512.2	9408	T	A	3460	1575	39	1	0	34	0.000288934	3461	0.93759	FALSE	NA	NA	NA	NA	NA	NA
NC_045512.2	9413	G	T	3452	1622	39	1	1	68	0.000289603	3453	0.500072	FALSE	NA	NA	NA	NA	NA	NA
NC_045512.2	9415	T	C	3528	1700	39	1	0	34	0.000283366	3529	0.937589	FALSE	NA	NA	NA	NA	NA	NA
NC_045512.2	9416	G	A	3515	1686	39	1	1	24	0.000284414	3516	1	FALSE	NA	NA	NA	NA	NA	NA
NC_045512.2	9417	G	A	3522	1707	39	2	0	34	0.000567537	3524	0.812677	FALSE	NA	NA	NA	NA	NA	NA
NC_045512.2	9421	T	G	3654	1887	40	1	0	68	0.000273598	3655	0.500068	FALSE	NA	NA	NA	NA	NA	NA
NC_045512.2	9424	A	T	0	0	0	1	0	34	0.000289268	3457	0.00115707	TRUE	NA	NA	NA	NA	NA	NA
NC_045512.2	9424	A	G	0	0	0	3456	1892	39	0.999711	3457	0	TRUE	NA	NA	NA	NA	NA	NA
NC_045512.2	9425	G	A	3332	1933	38	3	0	56	0.00089955	3335	0.125	FALSE	NA	NA	NA	NA	NA	NA
NC_045512.2	9430	C	T	3149	2037	38	197	128	38	0.0588763	3346	4.7767e-56	TRUE	NA	NA	NA	NA	NA	NA
NC_045512.2	9431	G	T	3354	2164	38	1	1	34	0.000298063	3355	0.937593	FALSE	NA	NA	NA	NA	NA	NA
NC_045512.2	9435	T	-A	3451	2247	38	1	0	20	0.000289771	3451	1	FALSE	NA	NA	NA	NA	NA	NA
NC_045512.2	9442	C	T	3884	2856	40	1	1	34	0.0002574	3885	0.93758	FALSE	NA	NA	NA	NA	NA	NA
NC_045512.2	9444	T	C	3936	2930	40	2	2	34	0.000507872	3938	0.812659	FALSE	NA	NA	NA	NA	NA	NA
NC_045512.2	9449	T	C	4156	3250	40	1	1	34	0.000240558	4157	0.968806	FALSE	NA	NA	NA	NA	NA	NA
NC_045512.2	9452	T	C	4879	4175	42	1	1	34	0.000204918	4880	0.968798	FALSE	NA	NA	NA	NA	NA	NA
NC_045512.2	9453	A	-T	4820	4117	42	2	0	20	0.000414938	4820	1	FALSE	NA	NA	NA	NA	NA	NA
NC_045512.2	9456	T	G	4855	4209	41	1	1	24	0.000205931	4856	1	FALSE	NA	NA	NA	NA	NA	NA
NC_045512.2	9458	A	G	4838	4197	41	1	1	68	0.000206654	4839	0.500052	FALSE	NA	NA	NA	NA	NA	NA
NC_045512.2	9460	G	C	4833	4193	41	1	1	26	0.000206868	4834	1	FALSE	NA	NA	NA	NA	NA	NA
NC_045512.2	9461	A	G	4815	4180	41	2	2	34	0.000415196	4817	0.890747	FALSE	NA	NA	NA	NA	NA	NA
NC_045512.2	9462	G	T	4767	4134	41	1	1	34	0.000209732	4768	0.968799	FALSE	NA	NA	NA	NA	NA	NA
NC_045512.2	9464	T	G	4622	4075	39	1	0	68	0.000216263	4624	0.5	FALSE	NA	NA	NA	NA	NA	NA
NC_045512.2	9464	T	C	4622	4075	39	1	1	34	0.000216263	4624	0.968784	FALSE	NA	NA	NA	NA	NA	NA
NC_045512.2	9466	T	C	4779	4277	39	1	0	24	0.000209205	4780	1	FALSE	NA	NA	NA	NA	NA	NA
NC_045512.2	9467	A	C	4768	4265	39	1	1	26	0.000209688	4769	1	FALSE	NA	NA	NA	NA	NA	NA
NC_045512.2	9470	A	G	4757	4274	39	1	1	26	0.000210172	4758	1	FALSE	NA	NA	NA	NA	NA	NA
NC_045512.2	9472	A	G	4515	4037	39	5	5	34	0.00110619	4520	0.500136	FALSE	NA	NA	NA	NA	NA	NA
NC_045512.2	9475	T	C	4340	3902	39	1	1	34	0.000230362	4341	0.968804	FALSE	NA	NA	NA	NA	NA	NA
NC_045512.2	9476	T	C	4344	3906	39	1	1	26	0.00023015	4345	1	FALSE	NA	NA	NA	NA	NA	NA
NC_045512.2	9477	T	C	4308	3881	39	2	2	34	0.000464037	4310	0.890761	FALSE	NA	NA	NA	NA	NA	NA
NC_045512.2	9480	G	C	4331	3909	39	1	1	34	0.00023084	4332	0.968804	FALSE	NA	NA	NA	NA	NA	NA
NC_045512.2	9486	A	T	4252	3916	38	1	1	34	0.000235128	4253	0.968805	FALSE	NA	NA	NA	NA	NA	NA
NC_045512.2	9490	T	C	4169	3876	37	1	1	34	0.000239808	4170	0.968806	FALSE	NA	NA	NA	NA	NA	NA
NC_045512.2	9494	G	T	4025	3746	37	2	2	30	0.000496524	4028	0.890712	FALSE	NA	NA	NA	NA	NA	NA
NC_045512.2	9494	G	A	4025	3746	37	1	1	34	0.000248262	4028	0.968769	FALSE	NA	NA	NA	NA	NA	NA
NC_045512.2	9497	G	T	3931	3654	37	3	2	68	0.000762389	3935	0.124952	FALSE	NA	NA	NA	NA	NA	NA
NC_045512.2	9497	G	A	3931	3654	37	1	1	34	0.00025413	3935	0.937484	FALSE	NA	NA	NA	NA	NA	NA
NC_045512.2	9501	C	T	3540	3317	37	1	1	26	0.000282406	3541	1	FALSE	NA	NA	NA	NA	NA	NA
NC_045512.2	9502	C	T	42056	4483	34	1	1	34	2.37756e-05	42060	1	FALSE	NA	NA	NA	NA	NA	NA
NC_045512.2	9502	C	G	42056	4483	34	1	0	34	2.37756e-05	42060	1	FALSE	NA	NA	NA	NA	NA	NA
NC_045512.2	9502	C	A	42056	4483	34	2	0	34	4.75511e-05	42060	1	FALSE	NA	NA	NA	NA	NA	NA
NC_045512.2	9502	C	-T	42056	4483	34	5	0	20	0.000118878	42060	1	FALSE	NA	NA	NA	NA	NA	NA
NC_045512.2	9503	T	C	42204	4525	34	5	3	34	0.000118455	42210	1	FALSE	NA	NA	NA	NA	NA	NA
NC_045512.2	9503	T	A	42204	4525	34	1	0	34	2.36911e-05	42210	1	FALSE	NA	NA	NA	NA	NA	NA
NC_045512.2	9504	T	C	42177	4497	34	2	0	34	4.7417e-05	42179	1	FALSE	NA	NA	NA	NA	NA	NA
NC_045512.2	9505	T	A	42252	4549	34	2	0	30	4.73328e-05	42254	1	FALSE	NA	NA	NA	NA	NA	NA
NC_045512.2	9505	T	-A	42252	4549	34	1	0	20	2.36664e-05	42254	1	FALSE	NA	NA	NA	NA	NA	NA
NC_045512.2	9506	A	G	42321	4558	34	1	0	34	2.36278e-05	42323	1	FALSE	NA	NA	NA	NA	NA	NA
NC_045512.2	9506	A	C	42321	4558	34	1	1	26	2.36278e-05	42323	1	FALSE	NA	NA	NA	NA	NA	NA
NC_045512.2	9507	A	T	43237	4593	34	1	0	34	2.31278e-05	43238	1	FALSE	NA	NA	NA	NA	NA	NA
NC_045512.2	9508	T	C	43322	4596	34	3	0	34	6.92425e-05	43326	1	FALSE	NA	NA	NA	NA	NA	NA
NC_045512.2	9508	T	A	43322	4596	34	1	0	26	2.30808e-05	43326	1	FALSE	NA	NA	NA	NA	NA	NA
NC_045512.2	9509	A	G	42800	4558	33	3	0	34	7.00885e-05	42803	1	FALSE	NA	NA	NA	NA	NA	NA
NC_045512.2	9510	C	T	44161	4597	34	1	0	34	2.26439e-05	44162	1	FALSE	NA	NA	NA	NA	NA	NA
NC_045512.2	9511	T	G	43653	4053	34	2	0	30	4.58127e-05	43656	1	FALSE	NA	NA	NA	NA	NA	NA
NC_045512.2	9511	T	A	43653	4053	34	1	0	26	2.29064e-05	43656	1	FALSE	NA	NA	NA	NA	NA	NA
NC_045512.2	9512	T	G	46954	4548	34	1	0	34	2.12947e-05	46960	1	FALSE	NA	NA	NA	NA	NA	NA
NC_045512.2	9512	T	C	46954	4548	34	3	1	42	6.38842e-05	46960	0.773429	FALSE	NA	NA	NA	NA	NA	NA
NC_045512.2	9512	T	A	46954	4548	34	2	0	34	4.25894e-05	46960	1	FALSE	NA	NA	NA	NA	NA	NA
NC_045512.2	9513	T	C	47093	4545	34	6	1	34	0.000127389	47100	1	FALSE	NA	NA	NA	NA	NA	NA
NC_045512.2	9513	T	A	47093	4545	34	1	0	34	2.12314e-05	47100	1	FALSE	NA	NA	NA	NA	NA	NA
NC_045512.2	9514	A	G	47500	4552	34	5	0	34	0.000105252	47505	1	FALSE	NA	NA	NA	NA	NA	NA
NC_045512.2	9515	C	A	47600	4592	34	1	0	26	2.1008e-05	47601	1	FALSE	NA	NA	NA	NA	NA	NA
NC_045512.2	9516	T	C	47584	4515	34	6	1	34	0.000126077	47590	1	FALSE	NA	NA	NA	NA	NA	NA
NC_045512.2	9517	A	T	48143	4548	34	1	0	34	2.07706e-05	48145	1	FALSE	NA	NA	NA	NA	NA	NA
NC_045512.2	9517	A	G	48143	4548	34	1	0	34	2.07706e-05	48145	1	FALSE	NA	NA	NA	NA	NA	NA
NC_045512.2	9518	T	C	48333	4521	34	2	0	34	4.13779e-05	48335	1	FALSE	NA	NA	NA	NA	NA	NA
NC_045512.2	9519	T	G	50710	4518	34	1	0	34	1.97165e-05	50719	1	FALSE	NA	NA	NA	NA	NA	NA
NC_045512.2	9519	T	C	50710	4518	34	8	0	34	0.000157732	50719	1	FALSE	NA	NA	NA	NA	NA	NA
NC_045512.2	9519	T	-C	50710	4518	34	1	0	20	1.97165e-05	50719	1	FALSE	NA	NA	NA	NA	NA	NA
NC_045512.2	9520	C	T	51145	4525	34	4	0	34	7.81998e-05	51151	1	FALSE	NA	NA	NA	NA	NA	NA
NC_045512.2	9520	C	G	51145	4525	34	1	0	34	1.955e-05	51151	1	FALSE	NA	NA	NA	NA	NA	NA
NC_045512.2	9520	C	A	51145	4525	34	1	0	34	1.955e-05	51151	1	FALSE	NA	NA	NA	NA	NA	NA
NC_045512.2	9521	C	G	51216	4461	34	4	0	34	7.8093e-05	51221	1	FALSE	NA	NA	NA	NA	NA	NA
NC_045512.2	9521	C	A	51216	4461	34	1	0	34	1.95232e-05	51221	1	FALSE	NA	NA	NA	NA	NA	NA
NC_045512.2	9521	C	-T	51216	4461	34	1	0	20	1.95232e-05	51221	1	FALSE	NA	NA	NA	NA	NA	NA
NC_045512.2	9522	T	C	51400	4455	34	8	1	34	0.000155612	51410	1	FALSE	NA	NA	NA	NA	NA	NA
NC_045512.2	9522	T	A	51400	4455	34	2	0	34	3.89029e-05	51410	1	FALSE	NA	NA	NA	NA	NA	NA
NC_045512.2	9523	T	C	51282	4547	34	10	0	34	0.000194962	51292	1	FALSE	NA	NA	NA	NA	NA	NA
NC_045512.2	9524	A	G	52427	4546	34	6	0	32	0.000114432	52433	1	FALSE	NA	NA	NA	NA	NA	NA
NC_045512.2	9525	T	G	52398	4557	34	1	0	34	1.90843e-05	52399	1	FALSE	NA	NA	NA	NA	NA	NA
NC_045512.2	9526	G	T	52914	4550	34	1	0	34	1.88957e-05	52922	1	FALSE	NA	NA	NA	NA	NA	NA
NC_045512.2	9526	G	C	52914	4550	34	1	0	34	1.88957e-05	52922	1	FALSE	NA	NA	NA	NA	NA	NA
NC_045512.2	9526	G	A	52914	4550	34	6	1	37	0.000113374	52922	1	FALSE	NA	NA	NA	NA	NA	NA
NC_045512.2	9527	T	G	52905	4551	34	1	0	34	1.88986e-05	52914	1	FALSE	NA	NA	NA	NA	NA	NA
NC_045512.2	9527	T	C	52905	4551	34	6	1	31	0.000113392	52914	1	FALSE	NA	NA	NA	NA	NA	NA
NC_045512.2	9527	T	A	52905	4551	34	2	0	34	3.77972e-05	52914	1	FALSE	NA	NA	NA	NA	NA	NA
NC_045512.2	9528	C	T	53015	4381	34	6	1	34	0.000113156	53024	1	FALSE	NA	NA	NA	NA	NA	NA
NC_045512.2	9528	C	A	53015	4381	34	3	0	31	5.65782e-05	53024	1	FALSE	NA	NA	NA	NA	NA	NA
NC_045512.2	9529	A	G	53165	4369	34	9	2	34	0.000169256	53174	1	FALSE	NA	NA	NA	NA	NA	NA
NC_045512.2	9529	A	-T	53165	4369	34	1	0	20	1.88062e-05	53174	1	FALSE	NA	NA	NA	NA	NA	NA
NC_045512.2	9530	T	G	53275	4336	34	6	0	34	0.000112598	53287	1	FALSE	NA	NA	NA	NA	NA	NA
NC_045512.2	9530	T	C	53275	4336	34	5	2	34	9.38315e-05	53287	1	FALSE	NA	NA	NA	NA	NA	NA
NC_045512.2	9530	T	A	53275	4336	34	1	0	26	1.87663e-05	53287	1	FALSE	NA	NA	NA	NA	NA	NA
NC_045512.2	9531	T	C	55249	4397	34	5	0	34	9.04895e-05	55255	1	FALSE	NA	NA	NA	NA	NA	NA
NC_045512.2	9531	T	A	55249	4397	34	1	0	26	1.80979e-05	55255	1	FALSE	NA	NA	NA	NA	NA	NA
NC_045512.2	9532	C	T	52793	1808	34	3	0	34	5.68225e-05	52796	1	FALSE	NA	NA	NA	NA	NA	NA
NC_045512.2	9533	A	T	56403	1835	34	1	0	34	1.77283e-05	56407	1	FALSE	NA	NA	NA	NA	NA	NA
NC_045512.2	9533	A	G	56403	1835	34	3	0	34	5.31849e-05	56407	1	FALSE	NA	NA	NA	NA	NA	NA
NC_045512.2	9533	A	-C	56403	1835	34	1	0	20	1.77283e-05	56407	1	FALSE	NA	NA	NA	NA	NA	NA
NC_045512.2	9534	C	T	2	1	34	56850	1837	34	0.999947	56853	0	TRUE	NA	NA	NA	NA	NA	NA
NC_045512.2	9534	C	A	2	1	34	1	0	34	1.75892e-05	56853	0.00300464	TRUE	NA	NA	NA	NA	NA	NA
NC_045512.2	9535	T	G	56856	1846	34	1	0	34	1.7588e-05	56857	1	FALSE	NA	NA	NA	NA	NA	NA
NC_045512.2	9536	G	T	57788	1848	34	1	0	68	1.7304e-05	57790	0.5	FALSE	NA	NA	NA	NA	NA	NA
NC_045512.2	9536	G	A	57788	1848	34	1	0	34	1.7304e-05	57790	1	FALSE	NA	NA	NA	NA	NA	NA
NC_045512.2	9537	T	C	57750	1852	34	4	0	34	6.92593e-05	57754	1	FALSE	NA	NA	NA	NA	NA	NA
NC_045512.2	9538	A	T	58456	1888	34	1	0	34	1.7106e-05	58459	1	FALSE	NA	NA	NA	NA	NA	NA
NC_045512.2	9538	A	G	58456	1888	34	2	0	34	3.4212e-05	58459	1	FALSE	NA	NA	NA	NA	NA	NA
NC_045512.2	9539	C	T	58435	1897	34	1	0	34	1.71124e-05	58437	1	FALSE	NA	NA	NA	NA	NA	NA
NC_045512.2	9539	C	A	58435	1897	34	1	0	34	1.71124e-05	58437	1	FALSE	NA	NA	NA	NA	NA	NA
NC_045512.2	9540	T	G	58580	1897	34	1	0	34	1.70692e-05	58585	1	FALSE	NA	NA	NA	NA	NA	NA
NC_045512.2	9540	T	C	58580	1897	34	3	0	34	5.12076e-05	58585	1	FALSE	NA	NA	NA	NA	NA	NA
NC_045512.2	9540	T	A	58580	1897	34	1	0	34	1.70692e-05	58585	1	FALSE	NA	NA	NA	NA	NA	NA
NC_045512.2	9541	C	G	59862	1909	34	3	0	31	5.01077e-05	59871	1	FALSE	NA	NA	NA	NA	NA	NA
NC_045512.2	9541	C	A	59862	1909	34	6	0	32	0.000100215	59871	1	FALSE	NA	NA	NA	NA	NA	NA
NC_045512.2	9542	T	G	60059	1927	34	8	0	34	0.000133162	60077	1	FALSE	NA	NA	NA	NA	NA	NA
NC_045512.2	9542	T	C	60059	1927	34	6	1	34	9.98718e-05	60077	1	FALSE	NA	NA	NA	NA	NA	NA
NC_045512.2	9542	T	A	60059	1927	34	4	0	32	6.65812e-05	60077	1	FALSE	NA	NA	NA	NA	NA	NA
NC_045512.2	9543	G	T	65728	1947	34	1	0	34	1.52124e-05	65736	1	FALSE	NA	NA	NA	NA	NA	NA
NC_045512.2	9543	G	A	65728	1947	34	7	0	32	0.000106487	65736	1	FALSE	NA	NA	NA	NA	NA	NA
NC_045512.2	9543	G	-T	65728	1947	34	1	0	20	1.52124e-05	65736	1	FALSE	NA	NA	NA	NA	NA	NA
NC_045512.2	9544	T	G	65683	2171	34	2	0	34	3.0446e-05	65690	1	FALSE	NA	NA	NA	NA	NA	NA
NC_045512.2	9544	T	C	65683	2171	34	5	0	34	7.61151e-05	65690	1	FALSE	NA	NA	NA	NA	NA	NA
NC_045512.2	9545	T	C	65647	2224	34	5	1	40	7.6158e-05	65653	0.725595	FALSE	NA	NA	NA	NA	NA	NA
NC_045512.2	9545	T	A	65647	2224	34	1	0	26	1.52316e-05	65653	1	FALSE	NA	NA	NA	NA	NA	NA
NC_045512.2	9546	T	C	65233	2574	34	3	0	34	4.59855e-05	65238	1	FALSE	NA	NA	NA	NA	NA	NA
NC_045512.2	9546	T	A	65233	2574	34	2	1	25	3.0657e-05	65238	1	FALSE	NA	NA	NA	NA	NA	NA
NC_045512.2	9547	A	T	66250	2650	35	5	1	40	7.54637e-05	66257	0.725586	FALSE	NA	NA	NA	NA	NA	NA
NC_045512.2	9547	A	G	66250	2650	35	2	0	34	3.01855e-05	66257	1	FALSE	NA	NA	NA	NA	NA	NA
NC_045512.2	9548	A	G	66447	2717	35	2	0	30	3.00983e-05	66449	1	FALSE	NA	NA	NA	NA	NA	NA
NC_045512.2	9549	C	T	66182	2911	35	2	0	34	3.02188e-05	66184	1	FALSE	NA	NA	NA	NA	NA	NA
NC_045512.2	9550	A	T	66377	2915	35	1	0	34	1.50641e-05	66383	1	FALSE	NA	NA	NA	NA	NA	NA
NC_045512.2	9550	A	G	66377	2915	35	5	0	32	7.53205e-05	66383	1	FALSE	NA	NA	NA	NA	NA	NA
NC_045512.2	9550	A	+C	66377	2915	35	2	0	20	3.01282e-05	66383	1	FALSE	NA	NA	NA	NA	NA	NA
NC_045512.2	9551	C	T	66938	2921	35	3	0	34	4.48156e-05	66941	1	FALSE	NA	NA	NA	NA	NA	NA
NC_045512.2	9551	C	-CAG	66938	2921	35	1	0	20	1.49385e-05	66941	1	FALSE	NA	NA	NA	NA	NA	NA
NC_045512.2	9552	C	G	66549	2918	35	6	2	58	9.01429e-05	66561	0.015619	FALSE	NA	NA	NA	NA	NA	NA
NC_045512.2	9552	C	A	66549	2918	35	6	0	32	9.01429e-05	66561	1	FALSE	NA	NA	NA	NA	NA	NA
NC_045512.2	9553	A	G	68059	2943	35	6	0	34	8.81497e-05	68066	1	FALSE	NA	NA	NA	NA	NA	NA
NC_045512.2	9553	A	C	68059	2943	35	1	0	34	1.46916e-05	68066	1	FALSE	NA	NA	NA	NA	NA	NA
NC_045512.2	9554	G	T	69548	2938	35	1	0	34	1.43769e-05	69556	1	FALSE	NA	NA	NA	NA	NA	NA
NC_045512.2	9554	G	A	69548	2938	35	7	0	32	0.000100638	69556	1	FALSE	NA	NA	NA	NA	NA	NA
NC_045512.2	9554	G	-T	69548	2938	35	1	0	20	1.43767e-05	69557	1	FALSE	NA	NA	NA	NA	NA	NA
NC_045512.2	9555	T	C	69074	3025	35	2	0	34	2.89532e-05	69077	1	FALSE	NA	NA	NA	NA	NA	NA
NC_045512.2	9555	T	A	69074	3025	35	1	0	34	1.44766e-05	69077	1	FALSE	NA	NA	NA	NA	NA	NA
NC_045512.2	9557	T	C	70070	3442	35	4	0	34	5.70825e-05	70074	1	FALSE	NA	NA	NA	NA	NA	NA
NC_045512.2	9558	A	T	70079	3487	35	1	0	34	1.42682e-05	70086	1	FALSE	NA	NA	NA	NA	NA	NA
NC_045512.2	9558	A	G	70079	3487	35	6	0	32	8.56091e-05	70086	1	FALSE	NA	NA	NA	NA	NA	NA
NC_045512.2	9558	A	-CT	70079	3487	35	5	0	20	7.13409e-05	70086	1	FALSE	NA	NA	NA	NA	NA	NA
NC_045512.2	9559	C	T	70196	3590	35	1	0	34	1.42456e-05	70197	1	FALSE	NA	NA	NA	NA	NA	NA
NC_045512.2	9560	T	G	70405	3590	35	3	0	34	4.25931e-05	70434	1	FALSE	NA	NA	NA	NA	NA	NA
NC_045512.2	9560	T	C	70405	3590	35	19	1	37	0.000269756	70434	1	FALSE	NA	NA	NA	NA	NA	NA
NC_045512.2	9560	T	A	70405	3590	35	7	2	43	9.93838e-05	70434	0.604471	FALSE	NA	NA	NA	NA	NA	NA
NC_045512.2	9561	C	T	77176	4753	36	1	0	34	1.29564e-05	77182	1	FALSE	NA	NA	NA	NA	NA	NA
NC_045512.2	9561	C	G	77176	4753	36	5	0	31	6.47819e-05	77182	1	FALSE	NA	NA	NA	NA	NA	NA
NC_045512.2	9561	C	-ATT	77176	4753	36	1	0	20	1.29564e-05	77182	1	FALSE	NA	NA	NA	NA	NA	NA
NC_045512.2	9562	A	G	77358	4810	36	8	0	33	0.000103405	77366	1	FALSE	NA	NA	NA	NA	NA	NA
NC_045512.2	9562	A	+T	77358	4810	36	3	0	20	3.87762e-05	77367	1	FALSE	NA	NA	NA	NA	NA	NA
NC_045512.2	9563	T	C	79996	4872	36	9	0	32	0.000112493	80005	1	FALSE	NA	NA	NA	NA	NA	NA
NC_045512.2	9564	T	G	80259	4856	36	1	0	26	1.24569e-05	80277	1	FALSE	NA	NA	NA	NA	NA	NA
NC_045512.2	9564	T	C	80259	4856	36	15	0	33	0.000186853	80277	1	FALSE	NA	NA	NA	NA	NA	NA
NC_045512.2	9564	T	A	80259	4856	36	2	0	30	2.49137e-05	80277	1	FALSE	NA	NA	NA	NA	NA	NA
NC_045512.2	9565	C	T	80388	4992	36	2	0	34	2.48784e-05	80391	1	FALSE	NA	NA	NA	NA	NA	NA
NC_045512.2	9565	C	G	80388	4992	36	1	0	34	1.24392e-05	80391	1	FALSE	NA	NA	NA	NA	NA	NA
NC_045512.2	9566	T	G	80830	5398	36	1	0	34	1.23701e-05	80840	1	FALSE	NA	NA	NA	NA	NA	NA
NC_045512.2	9566	T	C	80830	5398	36	5	0	34	6.18506e-05	80840	1	FALSE	NA	NA	NA	NA	NA	NA
NC_045512.2	9566	T	A	80830	5398	36	4	0	34	4.94805e-05	80840	1	FALSE	NA	NA	NA	NA	NA	NA
NC_045512.2	9567	T	C	80964	5457	36	5	1	32	6.17513e-05	80970	1	FALSE	NA	NA	NA	NA	NA	NA
NC_045512.2	9567	T	A	80964	5457	36	1	0	34	1.23503e-05	80970	1	FALSE	NA	NA	NA	NA	NA	NA
NC_045512.2	9568	A	T	80936	5464	36	1	0	26	1.23533e-05	80950	1	FALSE	NA	NA	NA	NA	NA	NA
NC_045512.2	9568	A	G	80936	5464	36	13	0	32	0.000160593	80950	1	FALSE	NA	NA	NA	NA	NA	NA
NC_045512.2	9569	C	T	80707	5482	36	7	0	32	8.67249e-05	80715	1	FALSE	NA	NA	NA	NA	NA	NA
NC_045512.2	9569	C	A	80707	5482	36	1	0	60	1.23893e-05	80715	0.499981	FALSE	NA	NA	NA	NA	NA	NA
NC_045512.2	9570	C	T	79823	5487	36	1	0	68	1.25266e-05	79830	0.499984	FALSE	NA	NA	NA	NA	NA	NA
NC_045512.2	9570	C	G	79823	5487	36	4	0	32	5.01065e-05	79830	1	FALSE	NA	NA	NA	NA	NA	NA
NC_045512.2	9570	C	A	79823	5487	36	2	0	30	2.50532e-05	79830	1	FALSE	NA	NA	NA	NA	NA	NA
NC_045512.2	9571	T	G	80997	5552	36	2	0	34	2.46877e-05	81012	1	FALSE	NA	NA	NA	NA	NA	NA
NC_045512.2	9571	T	C	80997	5552	36	5	0	34	6.17193e-05	81012	1	FALSE	NA	NA	NA	NA	NA	NA
NC_045512.2	9571	T	A	80997	5552	36	8	0	30	9.87508e-05	81012	1	FALSE	NA	NA	NA	NA	NA	NA
NC_045512.2	9571	T	-G	80997	5552	36	1	0	20	1.23439e-05	81012	1	FALSE	NA	NA	NA	NA	NA	NA
NC_045512.2	9572	G	T	81287	5570	36	2	1	30	2.46012e-05	81297	1	FALSE	NA	NA	NA	NA	NA	NA
NC_045512.2	9572	G	A	81287	5570	36	8	0	34	9.84046e-05	81297	1	FALSE	NA	NA	NA	NA	NA	NA
NC_045512.2	9573	G	T	83751	5650	36	1	0	34	1.19394e-05	83756	1	FALSE	NA	NA	NA	NA	NA	NA
NC_045512.2	9573	G	C	83751	5650	36	1	0	68	1.19394e-05	83756	0.499991	FALSE	NA	NA	NA	NA	NA	NA
NC_045512.2	9573	G	A	83751	5650	36	3	0	34	3.58183e-05	83756	1	FALSE	NA	NA	NA	NA	NA	NA
NC_045512.2	9574	T	C	83487	6913	37	3	0	45	3.59286e-05	83499	0.967278	FALSE	NA	NA	NA	NA	NA	NA
NC_045512.2	9574	T	A	83487	6913	37	9	0	37	0.000107786	83499	1	FALSE	NA	NA	NA	NA	NA	NA
NC_045512.2	9575	G	T	86481	6956	37	1	0	34	1.15627e-05	86485	1	FALSE	NA	NA	NA	NA	NA	NA
NC_045512.2	9575	G	A	86481	6956	37	3	0	34	3.46881e-05	86485	1	FALSE	NA	NA	NA	NA	NA	NA
NC_045512.2	9575	G	-T	86481	6956	37	1	0	20	1.15627e-05	86485	1	FALSE	NA	NA	NA	NA	NA	NA
NC_045512.2	9576	T	C	86320	7697	37	4	0	31	4.63365e-05	86325	1	FALSE	NA	NA	NA	NA	NA	NA
NC_045512.2	9576	T	A	86320	7697	37	1	0	34	1.15841e-05	86325	1	FALSE	NA	NA	NA	NA	NA	NA
NC_045512.2	9577	T	C	86126	7982	38	4	0	38	4.64403e-05	86132	1	FALSE	NA	NA	NA	NA	NA	NA
NC_045512.2	9577	T	A	86126	7982	38	2	0	30	2.32202e-05	86132	1	FALSE	NA	NA	NA	NA	NA	NA
NC_045512.2	9578	T	C	86790	7974	38	6	0	38	6.91276e-05	86796	1	FALSE	NA	NA	NA	NA	NA	NA
NC_045512.2	9579	A	T	86687	8093	38	1	0	34	1.15352e-05	86691	1	FALSE	NA	NA	NA	NA	NA	NA
NC_045512.2	9579	A	G	86687	8093	38	3	0	31	3.46057e-05	86691	1	FALSE	NA	NA	NA	NA	NA	NA
NC_045512.2	9580	T	G	86943	8111	38	2	0	30	2.3002e-05	86949	1	FALSE	NA	NA	NA	NA	NA	NA
NC_045512.2	9580	T	C	86943	8111	38	4	1	40	4.6004e-05	86949	0.927006	FALSE	NA	NA	NA	NA	NA	NA
NC_045512.2	9581	T	G	86933	8118	38	9	0	32	0.000103502	86955	1	FALSE	NA	NA	NA	NA	NA	NA
NC_045512.2	9581	T	C	86933	8118	38	11	3	51	0.000126502	86955	0.000487818	TRUE	NA	NA	NA	NA	NA	NA
NC_045512.2	9581	T	A	86933	8118	38	2	0	30	2.30004e-05	86955	1	FALSE	NA	NA	NA	NA	NA	NA
NC_045512.2	9582	C	T	78197	9069	38	2	1	51	2.55748e-05	78202	0.249992	FALSE	NA	NA	NA	NA	NA	NA
NC_045512.2	9582	C	A	78197	9069	38	3	0	28	3.83622e-05	78202	1	FALSE	NA	NA	NA	NA	NA	NA
NC_045512.2	9583	T	G	78470	8808	38	1	0	26	1.27413e-05	78485	1	FALSE	NA	NA	NA	NA	NA	NA
NC_045512.2	9583	T	C	78470	8808	38	7	2	29	8.9189e-05	78485	1	FALSE	NA	NA	NA	NA	NA	NA
NC_045512.2	9583	T	A	78470	8808	38	7	0	32	8.9189e-05	78485	1	FALSE	NA	NA	NA	NA	NA	NA
NC_045512.2	9584	G	T	79917	8811	38	2	0	34	2.50228e-05	79927	1	FALSE	NA	NA	NA	NA	NA	NA
NC_045512.2	9584	G	C	79917	8811	38	1	0	34	1.25114e-05	79927	1	FALSE	NA	NA	NA	NA	NA	NA
NC_045512.2	9584	G	A	79917	8811	38	7	1	38	8.75799e-05	79927	1	FALSE	NA	NA	NA	NA	NA	NA
NC_045512.2	9585	T	C	79971	9068	38	5	2	40	6.2518e-05	79977	0.806161	FALSE	NA	NA	NA	NA	NA	NA
NC_045512.2	9585	T	A	79971	9068	38	1	0	34	1.25036e-05	79977	1	FALSE	NA	NA	NA	NA	NA	NA
NC_045512.2	9586	T	G	79978	9027	38	1	0	26	1.25027e-05	79983	1	FALSE	NA	NA	NA	NA	NA	NA
NC_045512.2	9586	T	C	79978	9027	38	4	1	42	5.00106e-05	79983	0.886727	FALSE	NA	NA	NA	NA	NA	NA
NC_045512.2	9587	A	T	79450	9264	38	2	0	34	2.51702e-05	79459	1	FALSE	NA	NA	NA	NA	NA	NA
NC_045512.2	9587	A	G	79450	9264	38	6	1	30	7.55106e-05	79459	1	FALSE	NA	NA	NA	NA	NA	NA
NC_045512.2	9587	A	C	79450	9264	38	1	1	27	1.25851e-05	79459	1	FALSE	NA	NA	NA	NA	NA	NA
NC_045512.2	9588	T	G	77611	9308	38	2	0	34	2.57682e-05	77615	1	FALSE	NA	NA	NA	NA	NA	NA
NC_045512.2	9588	T	C	77611	9308	38	1	0	34	1.28841e-05	77615	1	FALSE	NA	NA	NA	NA	NA	NA
NC_045512.2	9588	T	A	77611	9308	38	1	0	34	1.28841e-05	77615	1	FALSE	NA	NA	NA	NA	NA	NA
NC_045512.2	9589	T	G	77861	9761	38	2	0	34	2.56858e-05	77864	1	FALSE	NA	NA	NA	NA	NA	NA
NC_045512.2	9589	T	C	77861	9761	38	1	0	34	1.28429e-05	77864	1	FALSE	NA	NA	NA	NA	NA	NA
NC_045512.2	9590	T	C	65690	11229	37	6	2	34	9.1327e-05	65698	1	FALSE	NA	NA	NA	NA	NA	NA
NC_045512.2	9590	T	A	65690	11229	37	2	0	34	3.04423e-05	65698	1	FALSE	NA	NA	NA	NA	NA	NA
NC_045512.2	9591	A	G	65787	11195	38	6	2	32	9.11951e-05	65793	1	FALSE	NA	NA	NA	NA	NA	NA
NC_045512.2	9592	C	T	64608	11386	37	1	0	34	1.54768e-05	64613	1	FALSE	NA	NA	NA	NA	NA	NA
NC_045512.2	9592	C	A	64608	11386	37	4	0	34	6.1907e-05	64613	1	FALSE	NA	NA	NA	NA	NA	NA
NC_045512.2	9593	T	G	64626	11099	37	1	0	34	1.54715e-05	64635	1	FALSE	NA	NA	NA	NA	NA	NA
NC_045512.2	9593	T	C	64626	11099	37	5	1	34	7.73575e-05	64635	1	FALSE	NA	NA	NA	NA	NA	NA
NC_045512.2	9593	T	A	64626	11099	37	3	1	34	4.64145e-05	64635	1	FALSE	NA	NA	NA	NA	NA	NA
NC_045512.2	9594	T	C	64457	11193	37	7	1	43	0.000108588	64464	0.500011	FALSE	NA	NA	NA	NA	NA	NA
NC_045512.2	9595	G	T	64434	11262	37	6	0	34	9.30954e-05	64450	1	FALSE	NA	NA	NA	NA	NA	NA
NC_045512.2	9595	G	C	64434	11262	37	2	2	26	3.10318e-05	64450	1	FALSE	NA	NA	NA	NA	NA	NA
NC_045512.2	9595	G	A	64434	11262	37	8	0	38	0.000124127	64450	1	FALSE	NA	NA	NA	NA	NA	NA
NC_045512.2	9596	T	C	64631	11758	38	1	1	27	1.5472e-05	64633	1	FALSE	NA	NA	NA	NA	NA	NA
NC_045512.2	9596	T	A	64631	11758	38	1	0	34	1.5472e-05	64633	1	FALSE	NA	NA	NA	NA	NA	NA
NC_045512.2	9597	A	G	64711	11764	38	4	0	42	6.18095e-05	64715	0.828141	FALSE	NA	NA	NA	NA	NA	NA
NC_045512.2	9598	C	T	64280	11777	38	1	0	34	1.55562e-05	64283	1	FALSE	NA	NA	NA	NA	NA	NA
NC_045512.2	9598	C	G	64280	11777	38	2	0	34	3.11124e-05	64283	1	FALSE	NA	NA	NA	NA	NA	NA
NC_045512.2	9598	C	-T	64280	11777	38	1	0	20	1.55562e-05	64283	1	FALSE	NA	NA	NA	NA	NA	NA
NC_045512.2	9599	T	C	63805	11081	37	5	2	34	7.83564e-05	63811	1	FALSE	NA	NA	NA	NA	NA	NA
NC_045512.2	9599	T	A	63805	11081	37	1	0	26	1.56713e-05	63811	1	FALSE	NA	NA	NA	NA	NA	NA
NC_045512.2	9600	T	C	64604	12256	38	27	6	39	0.000417711	64638	0.999974	FALSE	NA	NA	NA	NA	NA	NA
NC_045512.2	9600	T	A	64604	12256	38	7	0	32	0.000108295	64638	1	FALSE	NA	NA	NA	NA	NA	NA
NC_045512.2	9601	G	A	64053	12264	38	1	0	34	1.56118e-05	64054	1	FALSE	NA	NA	NA	NA	NA	NA
NC_045512.2	9602	A	G	62882	12757	38	2	1	34	3.18036e-05	62886	1	FALSE	NA	NA	NA	NA	NA	NA
NC_045512.2	9602	A	C	62882	12757	38	2	1	34	3.18036e-05	62886	1	FALSE	NA	NA	NA	NA	NA	NA
NC_045512.2	9603	C	T	60905	13104	38	5	1	34	8.2087e-05	60911	1	FALSE	NA	NA	NA	NA	NA	NA
NC_045512.2	9603	C	G	60905	13104	38	1	0	34	1.64174e-05	60911	1	FALSE	NA	NA	NA	NA	NA	NA
NC_045512.2	9604	A	T	60712	13014	38	1	0	34	1.64685e-05	60722	1	FALSE	NA	NA	NA	NA	NA	NA
NC_045512.2	9604	A	G	60712	13014	38	4	1	31	6.5874e-05	60722	1	FALSE	NA	NA	NA	NA	NA	NA
NC_045512.2	9604	A	C	60712	13014	38	5	0	34	8.23425e-05	60722	1	FALSE	NA	NA	NA	NA	NA	NA
NC_045512.2	9604	A	-T	60712	13014	38	4	0	20	6.5874e-05	60722	1	FALSE	NA	NA	NA	NA	NA	NA
NC_045512.2	9604	A	+T	60712	13014	38	1	0	20	1.64685e-05	60722	1	FALSE	NA	NA	NA	NA	NA	NA
NC_045512.2	9605	T	G	60984	13166	38	2	0	34	3.27923e-05	60990	1	FALSE	NA	NA	NA	NA	NA	NA
NC_045512.2	9605	T	C	60984	13166	38	4	3	34	6.55845e-05	60990	1	FALSE	NA	NA	NA	NA	NA	NA
NC_045512.2	9606	T	C	60708	12923	37	3	1	34	4.94144e-05	60711	1	FALSE	NA	NA	NA	NA	NA	NA
NC_045512.2	9607	T	C	61160	13235	38	4	1	42	6.53979e-05	61164	0.828142	FALSE	NA	NA	NA	NA	NA	NA
NC_045512.2	9608	T	G	59881	13466	37	1	1	34	1.66964e-05	59893	1	FALSE	NA	NA	NA	NA	NA	NA
NC_045512.2	9608	T	C	59881	13466	37	9	0	34	0.000150268	59893	1	FALSE	NA	NA	NA	NA	NA	NA
NC_045512.2	9608	T	A	59881	13466	37	2	0	34	3.33929e-05	59893	1	FALSE	NA	NA	NA	NA	NA	NA
NC_045512.2	9608	T	-A	59881	13466	37	1	0	20	1.66964e-05	59893	1	FALSE	NA	NA	NA	NA	NA	NA
NC_045512.2	9609	A	T	60769	13570	38	1	0	34	1.64547e-05	60773	1	FALSE	NA	NA	NA	NA	NA	NA
NC_045512.2	9609	A	G	60769	13570	38	3	0	45	4.9364e-05	60773	0.91016	FALSE	NA	NA	NA	NA	NA	NA
NC_045512.2	9610	T	C	60257	13467	38	3	1	34	4.97843e-05	60260	1	FALSE	NA	NA	NA	NA	NA	NA
NC_045512.2	9611	C	A	56994	13924	37	1	0	26	1.75454e-05	56995	1	FALSE	NA	NA	NA	NA	NA	NA
NC_045512.2	9611	C	-T	56994	13924	37	4	0	20	7.01816e-05	56995	1	FALSE	NA	NA	NA	NA	NA	NA
NC_045512.2	9612	T	G	57278	13722	38	5	0	34	8.72753e-05	57290	1	FALSE	NA	NA	NA	NA	NA	NA
NC_045512.2	9612	T	C	57278	13722	38	6	1	32	0.00010473	57290	1	FALSE	NA	NA	NA	NA	NA	NA
NC_045512.2	9612	T	A	57278	13722	38	1	0	26	1.74551e-05	57290	1	FALSE	NA	NA	NA	NA	NA	NA
NC_045512.2	9613	T	G	57085	13756	37	1	0	34	1.75162e-05	57090	1	FALSE	NA	NA	NA	NA	NA	NA
NC_045512.2	9613	T	C	57085	13756	37	4	1	38	7.00648e-05	57090	1	FALSE	NA	NA	NA	NA	NA	NA
NC_045512.2	9614	A	G	57976	14142	38	6	2	34	0.00010348	57982	1	FALSE	NA	NA	NA	NA	NA	NA
NC_045512.2	9615	C	T	57595	14216	38	1	0	34	1.73611e-05	57600	1	FALSE	NA	NA	NA	NA	NA	NA
NC_045512.2	9615	C	G	57595	14216	38	2	0	34	3.47222e-05	57600	1	FALSE	NA	NA	NA	NA	NA	NA
NC_045512.2	9615	C	A	57595	14216	38	2	0	34	3.47222e-05	57600	1	FALSE	NA	NA	NA	NA	NA	NA
NC_045512.2	9616	T	G	57501	14098	37	1	0	34	1.73892e-05	57507	1	FALSE	NA	NA	NA	NA	NA	NA
NC_045512.2	9616	T	C	57501	14098	37	4	2	42	6.95567e-05	57507	0.746094	FALSE	NA	NA	NA	NA	NA	NA
NC_045512.2	9616	T	A	57501	14098	37	1	0	26	1.73892e-05	57507	1	FALSE	NA	NA	NA	NA	NA	NA
NC_045512.2	9616	T	+A	57501	14098	37	1	0	20	1.73892e-05	57507	1	FALSE	NA	NA	NA	NA	NA	NA
NC_045512.2	9617	A	T	57966	14178	38	3	0	31	5.17491e-05	57972	1	FALSE	NA	NA	NA	NA	NA	NA
NC_045512.2	9617	A	G	57966	14178	38	3	0	34	5.17491e-05	57972	1	FALSE	NA	NA	NA	NA	NA	NA
NC_045512.2	9619	T	G	57579	14431	38	1	0	34	1.73665e-05	57582	1	FALSE	NA	NA	NA	NA	NA	NA
NC_045512.2	9619	T	A	57579	14431	38	2	0	51	3.47331e-05	57582	0.249998	FALSE	NA	NA	NA	NA	NA	NA
NC_045512.2	9620	G	T	55570	14744	37	2	1	68	3.59887e-05	55573	0.249998	FALSE	NA	NA	NA	NA	NA	NA
NC_045512.2	9620	G	C	55570	14744	37	1	1	34	1.79943e-05	55573	1	FALSE	NA	NA	NA	NA	NA	NA
NC_045512.2	9621	A	G	55153	14819	37	1	1	34	1.81307e-05	55155	1	FALSE	NA	NA	NA	NA	NA	NA
NC_045512.2	9621	A	C	55153	14819	37	1	1	34	1.81307e-05	55155	1	FALSE	NA	NA	NA	NA	NA	NA
NC_045512.2	9622	T	G	54972	14606	37	3	0	28	5.45554e-05	54990	1	FALSE	NA	NA	NA	NA	NA	NA
NC_045512.2	9622	T	C	54972	14606	37	13	7	33	0.000236407	54990	1	FALSE	NA	NA	NA	NA	NA	NA
NC_045512.2	9622	T	A	54972	14606	37	2	0	30	3.63702e-05	54990	1	FALSE	NA	NA	NA	NA	NA	NA
NC_045512.2	9623	G	T	55037	14662	37	3	1	45	5.45048e-05	55041	0.855478	FALSE	NA	NA	NA	NA	NA	NA
NC_045512.2	9623	G	A	55037	14662	37	1	0	34	1.81683e-05	55041	1	FALSE	NA	NA	NA	NA	NA	NA
NC_045512.2	9624	T	G	55082	14742	37	1	0	26	1.81511e-05	55093	1	FALSE	NA	NA	NA	NA	NA	NA
NC_045512.2	9624	T	C	55082	14742	37	10	3	37	0.000181511	55093	1	FALSE	NA	NA	NA	NA	NA	NA
NC_045512.2	9625	T	C	54423	14866	37	7	4	58	0.000128601	54432	0.00781049	TRUE	NA	NA	NA	NA	NA	NA
NC_045512.2	9625	T	A	54423	14866	37	2	0	47	3.67431e-05	54432	0.937488	FALSE	NA	NA	NA	NA	NA	NA
NC_045512.2	9626	T	C	54406	14990	37	5	2	34	9.18932e-05	54411	1	FALSE	NA	NA	NA	NA	NA	NA
NC_045512.2	9627	C	-T	53957	15509	37	14	0	20	0.000259466	53957	1	FALSE	NA	NA	NA	NA	NA	NA
NC_045512.2	9627	C	+T	53957	15509	37	2	0	20	3.70666e-05	53957	1	FALSE	NA	NA	NA	NA	NA	NA
NC_045512.2	9628	T	G	54074	15445	37	1	0	26	1.84894e-05	54085	1	FALSE	NA	NA	NA	NA	NA	NA
NC_045512.2	9628	T	C	54074	15445	37	9	4	49	0.000166405	54085	0.211807	FALSE	NA	NA	NA	NA	NA	NA
NC_045512.2	9628	T	A	54074	15445	37	1	0	26	1.84894e-05	54085	1	FALSE	NA	NA	NA	NA	NA	NA
NC_045512.2	9629	T	C	54265	15756	38	4	1	34	7.37069e-05	54269	1	FALSE	NA	NA	NA	NA	NA	NA
NC_045512.2	9630	T	C	54264	15842	38	2	0	34	3.68555e-05	54266	1	FALSE	NA	NA	NA	NA	NA	NA
NC_045512.2	9631	T	G	54279	15964	38	1	0	34	1.84216e-05	54284	1	FALSE	NA	NA	NA	NA	NA	NA
NC_045512.2	9631	T	C	54279	15964	38	4	1	34	7.36865e-05	54284	1	FALSE	NA	NA	NA	NA	NA	NA
NC_045512.2	9632	T	C	52767	16208	38	2	1	34	3.7901e-05	52769	1	FALSE	NA	NA	NA	NA	NA	NA
NC_045512.2	9633	T	C	60989	27015	39	6	2	34	9.83639e-05	60998	1	FALSE	NA	NA	NA	NA	NA	NA
NC_045512.2	9633	T	A	60989	27015	39	3	0	29	4.91819e-05	60998	1	FALSE	NA	NA	NA	NA	NA	NA
NC_045512.2	9634	A	T	58737	27690	39	2	2	30	3.40478e-05	58741	1	FALSE	NA	NA	NA	NA	NA	NA
NC_045512.2	9634	A	G	58737	27690	39	2	0	34	3.40478e-05	58741	1	FALSE	NA	NA	NA	NA	NA	NA
NC_045512.2	9635	G	T	58635	27596	39	1	1	68	1.70541e-05	58637	0.5	FALSE	NA	NA	NA	NA	NA	NA
NC_045512.2	9635	G	C	58635	27596	39	1	0	34	1.70541e-05	58637	1	FALSE	NA	NA	NA	NA	NA	NA
NC_045512.2	9636	C	T	58578	27961	39	11	5	42	0.000187739	58592	0.105029	FALSE	NA	NA	NA	NA	NA	NA
NC_045512.2	9636	C	A	58578	27961	39	3	0	31	5.12015e-05	58592	1	FALSE	NA	NA	NA	NA	NA	NA
NC_045512.2	9637	A	T	58927	27972	39	2	2	47	3.39253e-05	58953	0.937442	FALSE	NA	NA	NA	NA	NA	NA
NC_045512.2	9637	A	G	58927	27972	39	24	3	41	0.000407104	58953	0.000272606	TRUE	NA	NA	NA	NA	NA	NA
NC_045512.2	9638	C	T	59470	28491	38	3	1	31	5.04414e-05	59475	1	FALSE	NA	NA	NA	NA	NA	NA
NC_045512.2	9638	C	A	59470	28491	38	2	2	34	3.36276e-05	59475	1	FALSE	NA	NA	NA	NA	NA	NA
NC_045512.2	9639	A	T	59931	28507	39	2	1	47	3.33695e-05	59935	0.937503	FALSE	NA	NA	NA	NA	NA	NA
NC_045512.2	9639	A	G	59931	28507	39	2	0	34	3.33695e-05	59935	1	FALSE	NA	NA	NA	NA	NA	NA
NC_045512.2	9640	T	G	59801	28285	38	2	0	34	3.34403e-05	59808	1	FALSE	NA	NA	NA	NA	NA	NA
NC_045512.2	9640	T	C	59801	28285	38	4	2	38	6.68807e-05	59808	1	FALSE	NA	NA	NA	NA	NA	NA
NC_045512.2	9640	T	A	59801	28285	38	1	0	34	1.67202e-05	59808	1	FALSE	NA	NA	NA	NA	NA	NA
NC_045512.2	9641	A	G	60788	29041	39	1	0	26	1.64503e-05	60789	1	FALSE	NA	NA	NA	NA	NA	NA
NC_045512.2	9642	T	G	60039	29369	39	4	0	34	6.661e-05	60051	1	FALSE	NA	NA	NA	NA	NA	NA
NC_045512.2	9642	T	C	60039	29369	39	6	3	31	9.99151e-05	60051	1	FALSE	NA	NA	NA	NA	NA	NA
NC_045512.2	9642	T	A	60039	29369	39	2	0	34	3.3305e-05	60051	1	FALSE	NA	NA	NA	NA	NA	NA
NC_045512.2	9643	T	C	59874	29432	38	22	6	32	0.000367303	59896	0.999992	FALSE	NA	NA	NA	NA	NA	NA
NC_045512.2	9644	C	T	56185	30283	38	3	3	30	5.33903e-05	56190	1	FALSE	NA	NA	NA	NA	NA	NA
NC_045512.2	9644	C	G	56185	30283	38	1	0	34	1.77968e-05	56190	1	FALSE	NA	NA	NA	NA	NA	NA
NC_045512.2	9644	C	A	56185	30283	38	1	1	26	1.77968e-05	56190	1	FALSE	NA	NA	NA	NA	NA	NA
NC_045512.2	9645	A	G	55739	29879	38	4	3	34	7.17579e-05	55743	1	FALSE	NA	NA	NA	NA	NA	NA
NC_045512.2	9646	G	T	56526	29841	38	7	4	34	0.000123817	56535	1	FALSE	NA	NA	NA	NA	NA	NA
NC_045512.2	9646	G	C	56526	29841	38	1	1	34	1.76882e-05	56535	1	FALSE	NA	NA	NA	NA	NA	NA
NC_045512.2	9646	G	A	56526	29841	38	1	1	68	1.76882e-05	56535	0.499969	FALSE	NA	NA	NA	NA	NA	NA
NC_045512.2	9647	T	G	55722	29337	37	1	1	26	1.7944e-05	55729	1	FALSE	NA	NA	NA	NA	NA	NA
NC_045512.2	9647	T	C	55722	29337	37	4	1	40	7.17759e-05	55729	0.746085	FALSE	NA	NA	NA	NA	NA	NA
NC_045512.2	9647	T	A	55722	29337	37	2	0	51	3.5888e-05	55729	0.24998	FALSE	NA	NA	NA	NA	NA	NA
NC_045512.2	9648	G	T	56643	29899	38	1	1	34	1.76529e-05	56648	1	FALSE	NA	NA	NA	NA	NA	NA
NC_045512.2	9648	G	C	56643	29899	38	2	2	51	3.53057e-05	56648	0.249989	FALSE	NA	NA	NA	NA	NA	NA
NC_045512.2	9648	G	A	56643	29899	38	2	0	34	3.53057e-05	56648	1	FALSE	NA	NA	NA	NA	NA	NA
NC_045512.2	9649	G	T	56112	29719	38	2	1	34	3.54095e-05	56482	1	FALSE	NA	NA	NA	NA	NA	NA
NC_045512.2	9649	G	C	56112	29719	38	1	1	34	1.77048e-05	56482	1	FALSE	NA	NA	NA	NA	NA	NA
NC_045512.2	9649	G	A	56112	29719	38	367	219	38	0.00649765	56482	1.30338e-57	TRUE	NA	NA	NA	NA	NA	NA
NC_045512.2	9650	A	T	56156	29633	38	1	1	26	1.78056e-05	56162	1	FALSE	NA	NA	NA	NA	NA	NA
NC_045512.2	9650	A	G	56156	29633	38	5	3	44	8.90282e-05	56162	0.623052	FALSE	NA	NA	NA	NA	NA	NA
NC_045512.2	9651	T	G	56558	29983	38	1	0	34	1.76769e-05	56571	1	FALSE	NA	NA	NA	NA	NA	NA
NC_045512.2	9651	T	C	56558	29983	38	2	2	30	3.53538e-05	56571	1	FALSE	NA	NA	NA	NA	NA	NA
NC_045512.2	9651	T	A	56558	29983	38	10	1	34	0.000176769	56571	1	FALSE	NA	NA	NA	NA	NA	NA
NC_045512.2	9652	G	T	56176	29905	38	4	0	34	7.11972e-05	56182	1	FALSE	NA	NA	NA	NA	NA	NA
NC_045512.2	9652	G	C	56176	29905	38	1	1	34	1.77993e-05	56182	1	FALSE	NA	NA	NA	NA	NA	NA
NC_045512.2	9652	G	A	56176	29905	38	1	1	34	1.77993e-05	56182	1	FALSE	NA	NA	NA	NA	NA	NA
NC_045512.2	9653	G	T	58922	30664	38	2	0	34	3.39415e-05	58925	1	FALSE	NA	NA	NA	NA	NA	NA
NC_045512.2	9653	G	A	58922	30664	38	1	0	34	1.69707e-05	58925	1	FALSE	NA	NA	NA	NA	NA	NA
NC_045512.2	9653	G	-T	58922	30664	38	1	0	20	1.69707e-05	58925	1	FALSE	NA	NA	NA	NA	NA	NA
NC_045512.2	9654	T	G	58425	31536	38	2	0	34	3.42196e-05	58446	1	FALSE	NA	NA	NA	NA	NA	NA
NC_045512.2	9654	T	C	58425	31536	38	19	17	31	0.000325086	58446	0.999998	FALSE	NA	NA	NA	NA	NA	NA
NC_045512.2	9655	T	C	57162	30973	37	19	14	42	0.000332278	57181	0.00330306	TRUE	NA	NA	NA	NA	NA	NA
NC_045512.2	9656	A	T	57407	31383	37	4	2	29	6.96488e-05	57431	1	FALSE	NA	NA	NA	NA	NA	NA
NC_045512.2	9656	A	G	57407	31383	37	11	6	33	0.000191534	57431	1	FALSE	NA	NA	NA	NA	NA	NA
NC_045512.2	9656	A	C	57407	31383	37	9	0	34	0.00015671	57431	1	FALSE	NA	NA	NA	NA	NA	NA
NC_045512.2	9657	T	C	57226	30993	37	3	2	34	5.24191e-05	57231	1	FALSE	NA	NA	NA	NA	NA	NA
NC_045512.2	9657	T	A	57226	30993	37	2	2	47	3.49461e-05	57231	0.9375	FALSE	NA	NA	NA	NA	NA	NA
NC_045512.2	9658	G	A	57869	31194	37	6	6	34	0.000103672	57875	1	FALSE	NA	NA	NA	NA	NA	NA
NC_045512.2	9659	T	C	56734	30270	37	6	3	34	0.000105744	56741	1	FALSE	NA	NA	NA	NA	NA	NA
NC_045512.2	9659	T	A	56734	30270	37	1	1	34	1.76239e-05	56741	1	FALSE	NA	NA	NA	NA	NA	NA
NC_045512.2	9660	T	C	57621	31239	37	8	2	32	0.000138814	57631	1	FALSE	NA	NA	NA	NA	NA	NA
NC_045512.2	9660	T	A	57621	31239	37	2	2	30	3.47035e-05	57631	1	FALSE	NA	NA	NA	NA	NA	NA
NC_045512.2	9661	C	T	52814	32695	37	4	3	35	7.56974e-05	52842	1	FALSE	NA	NA	NA	NA	NA	NA
NC_045512.2	9661	C	A	52814	32695	37	24	7	33	0.000454184	52842	0.999619	FALSE	NA	NA	NA	NA	NA	NA
NC_045512.2	9662	A	T	50606	30515	37	1	0	34	1.97558e-05	50618	1	FALSE	NA	NA	NA	NA	NA	NA
NC_045512.2	9662	A	G	50606	30515	37	10	7	34	0.000197558	50618	1	FALSE	NA	NA	NA	NA	NA	NA
NC_045512.2	9662	A	C	50606	30515	37	1	1	34	1.97558e-05	50618	1	FALSE	NA	NA	NA	NA	NA	NA
NC_045512.2	9663	C	T	49598	31772	37	3	2	34	6.04802e-05	49603	1	FALSE	NA	NA	NA	NA	NA	NA
NC_045512.2	9663	C	G	49598	31772	37	2	0	34	4.03201e-05	49603	1	FALSE	NA	NA	NA	NA	NA	NA
NC_045512.2	9663	C	-A	49598	31772	37	2	0	20	4.03201e-05	49603	1	FALSE	NA	NA	NA	NA	NA	NA
NC_045512.2	9664	A	G	50594	32895	37	3	3	34	5.92909e-05	50598	1	FALSE	NA	NA	NA	NA	NA	NA
NC_045512.2	9664	A	C	50594	32895	37	1	1	26	1.97636e-05	50598	1	FALSE	NA	NA	NA	NA	NA	NA
NC_045512.2	9665	C	G	52247	32874	37	1	0	34	1.91384e-05	52251	1	FALSE	NA	NA	NA	NA	NA	NA
NC_045512.2	9665	C	A	52247	32874	37	3	2	68	5.74152e-05	52251	0.124996	FALSE	NA	NA	NA	NA	NA	NA
NC_045512.2	9666	C	T	52184	32915	37	3	3	34	5.74757e-05	52196	1	FALSE	NA	NA	NA	NA	NA	NA
NC_045512.2	9666	C	G	52184	32915	37	1	0	34	1.91586e-05	52196	1	FALSE	NA	NA	NA	NA	NA	NA
NC_045512.2	9666	C	A	52184	32915	37	8	1	34	0.000153268	52196	1	FALSE	NA	NA	NA	NA	NA	NA
NC_045512.2	9667	T	G	51521	31916	36	6	6	34	0.000116435	51531	1	FALSE	NA	NA	NA	NA	NA	NA
NC_045512.2	9667	T	C	51521	31916	36	2	1	34	3.88116e-05	51531	1	FALSE	NA	NA	NA	NA	NA	NA
NC_045512.2	9667	T	A	51521	31916	36	2	2	34	3.88116e-05	51531	1	FALSE	NA	NA	NA	NA	NA	NA
NC_045512.2	9668	T	G	51549	31908	36	1	0	34	1.93968e-05	51555	1	FALSE	NA	NA	NA	NA	NA	NA
NC_045512.2	9668	T	C	51549	31908	36	5	4	39	9.69838e-05	51555	1	FALSE	NA	NA	NA	NA	NA	NA
NC_045512.2	9669	T	C	52829	33376	37	4	2	32	7.57103e-05	52833	1	FALSE	NA	NA	NA	NA	NA	NA
NC_045512.2	9670	A	G	52909	33435	37	3	3	34	5.66979e-05	52912	1	FALSE	NA	NA	NA	NA	NA	NA
NC_045512.2	9671	G	T	53024	33389	37	1	1	34	1.88587e-05	53026	1	FALSE	NA	NA	NA	NA	NA	NA
NC_045512.2	9671	G	C	53024	33389	37	1	1	26	1.88587e-05	53026	1	FALSE	NA	NA	NA	NA	NA	NA
NC_045512.2	9672	T	C	54879	36372	37	6	6	34	0.000109317	54886	1	FALSE	NA	NA	NA	NA	NA	NA
NC_045512.2	9672	T	A	54879	36372	37	1	1	34	1.82196e-05	54886	1	FALSE	NA	NA	NA	NA	NA	NA
NC_045512.2	9673	A	T	55572	36600	37	4	1	34	7.19593e-05	55587	1	FALSE	NA	NA	NA	NA	NA	NA
NC_045512.2	9673	A	G	55572	36600	37	9	7	39	0.000161908	55587	1	FALSE	NA	NA	NA	NA	NA	NA
NC_045512.2	9673	A	C	55572	36600	37	2	2	34	3.59796e-05	55587	1	FALSE	NA	NA	NA	NA	NA	NA
NC_045512.2	9674	C	T	54137	36986	36	11	4	36	0.000203139	54150	1	FALSE	NA	NA	NA	NA	NA	NA
NC_045512.2	9674	C	A	54137	36986	36	2	2	51	3.69344e-05	54150	0.249952	FALSE	NA	NA	NA	NA	NA	NA
NC_045512.2	9675	C	G	50397	35120	36	3	0	34	5.95214e-05	50402	1	FALSE	NA	NA	NA	NA	NA	NA
NC_045512.2	9675	C	A	50397	35120	36	2	2	34	3.9681e-05	50402	1	FALSE	NA	NA	NA	NA	NA	NA
NC_045512.2	9675	C	-T	50397	35120	36	1	0	20	1.98405e-05	50402	1	FALSE	NA	NA	NA	NA	NA	NA
NC_045512.2	9676	T	C	49062	33534	36	2	2	34	4.07498e-05	49080	1	FALSE	NA	NA	NA	NA	NA	NA
NC_045512.2	9676	T	A	49062	33534	36	16	14	36	0.000325998	49080	0.999992	FALSE	NA	NA	NA	NA	NA	NA
NC_045512.2	9677	T	G	48995	33385	36	5	5	34	0.000102026	49007	1	FALSE	NA	NA	NA	NA	NA	NA
NC_045512.2	9677	T	C	48995	33385	36	5	3	34	0.000102026	49007	1	FALSE	NA	NA	NA	NA	NA	NA
NC_045512.2	9677	T	A	48995	33385	36	2	2	34	4.08105e-05	49007	1	FALSE	NA	NA	NA	NA	NA	NA
NC_045512.2	9678	T	C	49176	33658	36	1	1	34	2.03343e-05	49178	1	FALSE	NA	NA	NA	NA	NA	NA
NC_045512.2	9678	T	A	49176	33658	36	1	1	34	2.03343e-05	49178	1	FALSE	NA	NA	NA	NA	NA	NA
NC_045512.2	9680	T	C	49267	33938	36	6	6	34	0.000121766	49275	1	FALSE	NA	NA	NA	NA	NA	NA
NC_045512.2	9680	T	A	49267	33938	36	2	2	34	4.05885e-05	49275	1	FALSE	NA	NA	NA	NA	NA	NA
NC_045512.2	9680	T	-G	49267	33938	36	2	0	20	4.05885e-05	49275	1	FALSE	NA	NA	NA	NA	NA	NA
NC_045512.2	9681	G	C	49535	33892	36	1	1	34	2.01865e-05	49538	1	FALSE	NA	NA	NA	NA	NA	NA
NC_045512.2	9681	G	A	49535	33892	36	2	1	34	4.0373e-05	49538	1	FALSE	NA	NA	NA	NA	NA	NA
NC_045512.2	9682	G	C	49945	34300	36	1	1	26	2.00216e-05	49946	1	FALSE	NA	NA	NA	NA	NA	NA
NC_045512.2	9683	A	T	49783	34315	36	1	1	34	2.00856e-05	49787	1	FALSE	NA	NA	NA	NA	NA	NA
NC_045512.2	9683	A	G	49783	34315	36	3	3	34	6.02567e-05	49787	1	FALSE	NA	NA	NA	NA	NA	NA
NC_045512.2	9684	T	C	49865	34317	36	2	1	30	4.01067e-05	49867	1	FALSE	NA	NA	NA	NA	NA	NA
NC_045512.2	9685	A	G	48469	34330	36	3	2	34	6.18901e-05	48473	1	FALSE	NA	NA	NA	NA	NA	NA
NC_045512.2	9685	A	C	48469	34330	36	1	1	26	2.063e-05	48473	1	FALSE	NA	NA	NA	NA	NA	NA
NC_045512.2	9686	A	G	55705	42040	37	5	5	34	8.97505e-05	55710	1	FALSE	NA	NA	NA	NA	NA	NA
NC_045512.2	9687	C	T	56318	42405	37	3	2	34	5.32661e-05	56321	1	FALSE	NA	NA	NA	NA	NA	NA
NC_045512.2	9688	A	T	55920	42045	37	1	0	26	1.78801e-05	55928	1	FALSE	NA	NA	NA	NA	NA	NA
NC_045512.2	9688	A	G	55920	42045	37	7	6	32	0.000125161	55928	1	FALSE	NA	NA	NA	NA	NA	NA
NC_045512.2	9689	A	T	56182	42261	37	1	1	34	1.77977e-05	56187	1	FALSE	NA	NA	NA	NA	NA	NA
NC_045512.2	9689	A	G	56182	42261	37	4	3	42	7.11908e-05	56187	0.746103	FALSE	NA	NA	NA	NA	NA	NA
NC_045512.2	9690	T	C	55660	41751	37	3	1	34	5.38948e-05	55664	1	FALSE	NA	NA	NA	NA	NA	NA
NC_045512.2	9690	T	A	55660	41751	37	1	0	34	1.79649e-05	55664	1	FALSE	NA	NA	NA	NA	NA	NA
NC_045512.2	9691	T	C	55464	41986	36	5	4	39	9.01388e-05	55470	1	FALSE	NA	NA	NA	NA	NA	NA
NC_045512.2	9691	T	A	55464	41986	36	1	0	34	1.80278e-05	55470	1	FALSE	NA	NA	NA	NA	NA	NA
NC_045512.2	9692	G	C	55593	41772	36	3	3	34	5.39607e-05	55596	1	FALSE	NA	NA	NA	NA	NA	NA
NC_045512.2	9693	C	A	55762	41851	36	1	1	26	1.7933e-05	55763	1	FALSE	NA	NA	NA	NA	NA	NA
NC_045512.2	9693	C	-T	55762	41851	36	1	0	20	1.7933e-05	55763	1	FALSE	NA	NA	NA	NA	NA	NA
NC_045512.2	9694	T	G	56030	42159	36	2	0	30	3.56888e-05	56040	1	FALSE	NA	NA	NA	NA	NA	NA
NC_045512.2	9694	T	C	56030	42159	36	8	4	32	0.000142755	56040	1	FALSE	NA	NA	NA	NA	NA	NA
NC_045512.2	9694	T	+A	56030	42159	36	1	0	20	1.78441e-05	56041	1	FALSE	NA	NA	NA	NA	NA	NA
NC_045512.2	9695	T	G	56271	42419	36	1	1	26	1.77702e-05	56274	1	FALSE	NA	NA	NA	NA	NA	NA
NC_045512.2	9695	T	C	56271	42419	36	2	2	34	3.55404e-05	56274	1	FALSE	NA	NA	NA	NA	NA	NA
NC_045512.2	9696	A	T	55255	41733	36	2	2	30	3.61906e-05	55263	1	FALSE	NA	NA	NA	NA	NA	NA
NC_045512.2	9696	A	G	55255	41733	36	6	1	32	0.000108572	55263	1	FALSE	NA	NA	NA	NA	NA	NA
NC_045512.2	9697	T	G	54665	41320	36	1	0	34	1.82916e-05	54670	1	FALSE	NA	NA	NA	NA	NA	NA
NC_045512.2	9697	T	C	54665	41320	36	4	3	34	7.31663e-05	54670	1	FALSE	NA	NA	NA	NA	NA	NA
NC_045512.2	9698	A	C	55489	41983	36	1	1	34	1.80213e-05	55490	1	FALSE	NA	NA	NA	NA	NA	NA
NC_045512.2	9699	T	G	55516	41994	36	1	0	34	1.80112e-05	55521	1	FALSE	NA	NA	NA	NA	NA	NA
NC_045512.2	9699	T	C	55516	41994	36	3	3	34	5.40336e-05	55521	1	FALSE	NA	NA	NA	NA	NA	NA
NC_045512.2	9699	T	A	55516	41994	36	1	1	34	1.80112e-05	55521	1	FALSE	NA	NA	NA	NA	NA	NA
NC_045512.2	9700	C	A	55428	41745	36	1	1	34	1.80411e-05	55429	1	FALSE	NA	NA	NA	NA	NA	NA
NC_045512.2	9701	A	G	54848	41147	36	1	0	34	1.82315e-05	54850	1	FALSE	NA	NA	NA	NA	NA	NA
NC_045512.2	9701	A	C	54848	41147	36	1	1	34	1.82315e-05	54850	1	FALSE	NA	NA	NA	NA	NA	NA
NC_045512.2	9702	T	C	51949	38248	35	3	1	31	5.77456e-05	51952	1	FALSE	NA	NA	NA	NA	NA	NA
NC_045512.2	9703	T	C	56571	43361	37	10	8	36	0.000176735	56582	1	FALSE	NA	NA	NA	NA	NA	NA
NC_045512.2	9703	T	A	56571	43361	37	1	0	68	1.76735e-05	56582	0.49996	FALSE	NA	NA	NA	NA	NA	NA
NC_045512.2	9704	T	C	56060	43525	36	10	4	36	0.000178348	56070	1	FALSE	NA	NA	NA	NA	NA	NA
NC_045512.2	9705	G	T	56183	43464	36	2	1	47	3.55954e-05	56187	0.937503	FALSE	NA	NA	NA	NA	NA	NA
NC_045512.2	9705	G	A	56183	43464	36	2	1	34	3.55954e-05	56187	1	FALSE	NA	NA	NA	NA	NA	NA
NC_045512.2	9706	T	G	55695	43027	36	1	0	34	1.79524e-05	55703	1	FALSE	NA	NA	NA	NA	NA	NA
NC_045512.2	9706	T	C	55695	43027	36	7	4	39	0.000125666	55703	1	FALSE	NA	NA	NA	NA	NA	NA
NC_045512.2	9707	A	G	56291	43662	36	3	2	45	5.32841e-05	56302	0.855437	FALSE	NA	NA	NA	NA	NA	NA
NC_045512.2	9707	A	C	56291	43662	36	8	8	30	0.000142091	56302	1	FALSE	NA	NA	NA	NA	NA	NA
NC_045512.2	9708	T	C	57989	45593	37	4	4	34	6.89727e-05	57994	1	FALSE	NA	NA	NA	NA	NA	NA
NC_045512.2	9708	T	A	57989	45593	37	1	1	34	1.72432e-05	57994	1	FALSE	NA	NA	NA	NA	NA	NA
NC_045512.2	9709	T	G	57686	45315	37	1	1	34	1.73313e-05	57699	1	FALSE	NA	NA	NA	NA	NA	NA
NC_045512.2	9709	T	C	57686	45315	37	12	11	35	0.000207976	57699	1	FALSE	NA	NA	NA	NA	NA	NA
NC_045512.2	9710	T	C	58388	46167	37	6	6	32	0.000102749	58395	1	FALSE	NA	NA	NA	NA	NA	NA
NC_045512.2	9710	T	A	58388	46167	37	1	1	34	1.71248e-05	58395	1	FALSE	NA	NA	NA	NA	NA	NA
NC_045512.2	9711	C	T	59102	46884	37	2	2	34	3.38387e-05	59104	1	FALSE	NA	NA	NA	NA	NA	NA
NC_045512.2	9712	C	T	59160	46987	37	3	3	34	5.07065e-05	59164	1	FALSE	NA	NA	NA	NA	NA	NA
NC_045512.2	9712	C	A	59160	46987	37	1	0	68	1.69022e-05	59164	0.499992	FALSE	NA	NA	NA	NA	NA	NA
NC_045512.2	9713	A	G	62425	50700	37	5	4	47	8.00897e-05	62430	0.725604	FALSE	NA	NA	NA	NA	NA	NA
NC_045512.2	9714	C	T	62375	50912	37	2	1	34	3.20605e-05	62382	1	FALSE	NA	NA	NA	NA	NA	NA
NC_045512.2	9714	C	A	62375	50912	37	5	5	32	8.01513e-05	62382	1	FALSE	NA	NA	NA	NA	NA	NA
NC_045512.2	9714	C	-A	62375	50912	37	1	0	20	1.60303e-05	62382	1	FALSE	NA	NA	NA	NA	NA	NA
NC_045512.2	9715	A	G	61826	50406	37	10	7	32	0.000161715	61837	1	FALSE	NA	NA	NA	NA	NA	NA
NC_045512.2	9715	A	C	61826	50406	37	1	1	27	1.61715e-05	61837	1	FALSE	NA	NA	NA	NA	NA	NA
NC_045512.2	9716	A	G	61803	50558	37	2	2	34	3.23598e-05	61805	1	FALSE	NA	NA	NA	NA	NA	NA
NC_045512.2	9717	A	G	60684	50638	36	12	10	33	0.000197703	60697	1	FALSE	NA	NA	NA	NA	NA	NA
NC_045512.2	9717	A	C	60684	50638	36	1	1	34	1.64753e-05	60697	1	FALSE	NA	NA	NA	NA	NA	NA
NC_045512.2	9718	G	C	61999	50471	37	1	1	34	1.61283e-05	62003	1	FALSE	NA	NA	NA	NA	NA	NA
NC_045512.2	9718	G	A	61999	50471	37	3	3	34	4.83848e-05	62003	1	FALSE	NA	NA	NA	NA	NA	NA
NC_045512.2	9719	C	T	62679	51347	37	2	2	30	3.19076e-05	62681	1	FALSE	NA	NA	NA	NA	NA	NA
NC_045512.2	9720	A	G	62489	51210	37	8	8	33	0.000128004	62498	1	FALSE	NA	NA	NA	NA	NA	NA
NC_045512.2	9720	A	C	62489	51210	37	1	1	34	1.60005e-05	62498	1	FALSE	NA	NA	NA	NA	NA	NA
NC_045512.2	9721	T	C	62771	51333	37	5	5	34	7.96483e-05	62776	1	FALSE	NA	NA	NA	NA	NA	NA
NC_045512.2	9722	T	C	62795	51299	37	6	5	32	9.55384e-05	62802	1	FALSE	NA	NA	NA	NA	NA	NA
NC_045512.2	9722	T	A	62795	51299	37	1	1	34	1.59231e-05	62802	1	FALSE	NA	NA	NA	NA	NA	NA
NC_045512.2	9723	T	C	62527	51027	37	7	6	34	0.000111939	62534	1	FALSE	NA	NA	NA	NA	NA	NA
NC_045512.2	9724	C	T	62838	51360	37	4	3	30	6.36517e-05	62842	1	FALSE	NA	NA	NA	NA	NA	NA
NC_045512.2	9725	T	C	61382	49897	36	3	3	34	4.88703e-05	61387	1	FALSE	NA	NA	NA	NA	NA	NA
NC_045512.2	9725	T	A	61382	49897	36	2	0	34	3.25802e-05	61387	1	FALSE	NA	NA	NA	NA	NA	NA
NC_045512.2	9726	A	T	62517	51056	37	2	2	34	3.19882e-05	62523	1	FALSE	NA	NA	NA	NA	NA	NA
NC_045512.2	9726	A	G	62517	51056	37	3	1	45	4.79823e-05	62523	0.910156	FALSE	NA	NA	NA	NA	NA	NA
NC_045512.2	9726	A	C	62517	51056	37	1	1	27	1.59941e-05	62523	1	FALSE	NA	NA	NA	NA	NA	NA
NC_045512.2	9727	T	G	61640	50150	37	1	0	26	1.62214e-05	61647	1	FALSE	NA	NA	NA	NA	NA	NA
NC_045512.2	9727	T	C	61640	50150	37	2	2	34	3.24428e-05	61647	1	FALSE	NA	NA	NA	NA	NA	NA
NC_045512.2	9727	T	A	61640	50150	37	4	2	34	6.48856e-05	61647	1	FALSE	NA	NA	NA	NA	NA	NA
NC_045512.2	9728	T	C	61964	50581	37	4	2	42	6.45494e-05	61968	0.828142	FALSE	NA	NA	NA	NA	NA	NA
NC_045512.2	9728	T	-G	61964	50581	37	2	0	20	3.22747e-05	61968	1	FALSE	NA	NA	NA	NA	NA	NA
NC_045512.2	9730	G	T	61833	50266	37	2	2	26	3.23436e-05	61836	1	FALSE	NA	NA	NA	NA	NA	NA
NC_045512.2	9730	G	A	61833	50266	37	1	1	34	1.61718e-05	61836	1	FALSE	NA	NA	NA	NA	NA	NA
NC_045512.2	9731	T	C	61559	50048	37	10	10	39	0.000162414	61571	1	FALSE	NA	NA	NA	NA	NA	NA
NC_045512.2	9731	T	A	61559	50048	37	2	1	30	3.24828e-05	61571	1	FALSE	NA	NA	NA	NA	NA	NA
NC_045512.2	9732	T	G	62309	50887	37	4	1	30	6.41859e-05	62319	1	FALSE	NA	NA	NA	NA	NA	NA
NC_045512.2	9732	T	C	62309	50887	37	5	5	32	8.02324e-05	62319	1	FALSE	NA	NA	NA	NA	NA	NA
NC_045512.2	9732	T	A	62309	50887	37	1	1	34	1.60465e-05	62319	1	FALSE	NA	NA	NA	NA	NA	NA
NC_045512.2	9733	C	-T	62495	50943	37	1	0	20	1.60013e-05	62495	1	FALSE	NA	NA	NA	NA	NA	NA
NC_045512.2	9734	T	G	49177	37908	38	8	8	32	0.000162618	49195	1	FALSE	NA	NA	NA	NA	NA	NA
NC_045512.2	9734	T	C	49177	37908	38	8	5	37	0.000162618	49195	1	FALSE	NA	NA	NA	NA	NA	NA
NC_045512.2	9734	T	A	49177	37908	38	2	2	34	4.06545e-05	49195	1	FALSE	NA	NA	NA	NA	NA	NA
NC_045512.2	9735	T	C	49217	38031	37	6	6	34	0.000121892	49224	1	FALSE	NA	NA	NA	NA	NA	NA
NC_045512.2	9735	T	A	49217	38031	37	1	1	34	2.03153e-05	49224	1	FALSE	NA	NA	NA	NA	NA	NA
NC_045512.2	9736	T	C	49376	38321	38	2	2	34	4.0503e-05	49379	1	FALSE	NA	NA	NA	NA	NA	NA
NC_045512.2	9736	T	A	49376	38321	38	1	0	34	2.02515e-05	49379	1	FALSE	NA	NA	NA	NA	NA	NA
NC_045512.2	9737	A	G	49105	38614	37	6	4	32	0.000122172	49111	1	FALSE	NA	NA	NA	NA	NA	NA
NC_045512.2	9738	G	A	49329	38537	37	3	3	34	6.08125e-05	49332	1	FALSE	NA	NA	NA	NA	NA	NA
NC_045512.2	9739	T	C	48688	38613	37	2	2	30	4.10754e-05	48691	1	FALSE	NA	NA	NA	NA	NA	NA
NC_045512.2	9739	T	A	48688	38613	37	1	0	68	2.05377e-05	48691	0.499995	FALSE	NA	NA	NA	NA	NA	NA
NC_045512.2	9740	A	G	48641	38695	37	5	5	36	0.000102783	48646	1	FALSE	NA	NA	NA	NA	NA	NA
NC_045512.2	9741	A	T	49110	39318	37	1	1	26	2.03616e-05	49112	1	FALSE	NA	NA	NA	NA	NA	NA
NC_045512.2	9741	A	G	49110	39318	37	1	0	34	2.03616e-05	49112	1	FALSE	NA	NA	NA	NA	NA	NA
NC_045512.2	9742	T	C	53087	44132	37	3	3	31	5.65078e-05	53090	1	FALSE	NA	NA	NA	NA	NA	NA
NC_045512.2	9743	T	C	53269	44380	37	1	1	34	1.87723e-05	53270	1	FALSE	NA	NA	NA	NA	NA	NA
NC_045512.2	9744	A	G	53717	44725	37	10	7	37	0.000186126	53727	1	FALSE	NA	NA	NA	NA	NA	NA
NC_045512.2	9745	C	T	53897	44839	37	2	2	64	3.71051e-05	53901	0.249993	FALSE	NA	NA	NA	NA	NA	NA
NC_045512.2	9745	C	A	53897	44839	37	2	2	34	3.71051e-05	53901	1	FALSE	NA	NA	NA	NA	NA	NA
NC_045512.2	9746	C	T	53644	45114	37	1	1	34	1.86407e-05	53646	1	FALSE	NA	NA	NA	NA	NA	NA
NC_045512.2	9746	C	A	53644	45114	37	1	1	34	1.86407e-05	53646	1	FALSE	NA	NA	NA	NA	NA	NA
NC_045512.2	9747	T	C	52805	44294	37	8	7	33	0.000151478	52813	1	FALSE	NA	NA	NA	NA	NA	NA
NC_045512.2	9747	T	-A	52805	44294	37	1	0	20	1.89347e-05	52813	1	FALSE	NA	NA	NA	NA	NA	NA
NC_045512.2	9748	A	T	53445	44842	37	4	4	30	7.48349e-05	53451	1	FALSE	NA	NA	NA	NA	NA	NA
NC_045512.2	9748	A	G	53445	44842	37	2	2	34	3.74174e-05	53451	1	FALSE	NA	NA	NA	NA	NA	NA
NC_045512.2	9749	A	G	55154	47017	37	7	7	38	0.000126901	55161	1	FALSE	NA	NA	NA	NA	NA	NA
NC_045512.2	9750	A	G	55218	47155	37	6	6	34	0.000108648	55224	1	FALSE	NA	NA	NA	NA	NA	NA
NC_045512.2	9751	G	T	55359	47185	37	2	2	34	3.61265e-05	55361	1	FALSE	NA	NA	NA	NA	NA	NA
NC_045512.2	9752	A	T	54889	46861	37	1	1	34	1.82156e-05	54898	1	FALSE	NA	NA	NA	NA	NA	NA
NC_045512.2	9752	A	G	54889	46861	37	8	5	46	0.000145725	54898	0.290516	FALSE	NA	NA	NA	NA	NA	NA
NC_045512.2	9753	G	T	54269	46173	37	2	2	68	3.68507e-05	54273	0.249993	FALSE	NA	NA	NA	NA	NA	NA
NC_045512.2	9753	G	A	54269	46173	37	2	2	51	3.68507e-05	54273	0.249993	FALSE	NA	NA	NA	NA	NA	NA
NC_045512.2	9754	A	T	61004	55296	36	1	1	26	1.63899e-05	61013	1	FALSE	NA	NA	NA	NA	NA	NA
NC_045512.2	9754	A	G	61004	55296	36	5	5	40	8.19497e-05	61013	0.725567	FALSE	NA	NA	NA	NA	NA	NA
NC_045512.2	9754	A	C	61004	55296	36	3	3	31	4.91698e-05	61013	1	FALSE	NA	NA	NA	NA	NA	NA
NC_045512.2	9755	C	T	62414	56592	37	7	7	32	0.000112136	62424	1	FALSE	NA	NA	NA	NA	NA	NA
NC_045512.2	9755	C	G	62414	56592	37	3	2	29	4.80584e-05	62424	1	FALSE	NA	NA	NA	NA	NA	NA
NC_045512.2	9756	G	A	62724	56786	37	5	5	34	7.9708e-05	62729	1	FALSE	NA	NA	NA	NA	NA	NA
NC_045512.2	9757	T	C	71445	66438	37	3	3	31	4.19886e-05	71448	1	FALSE	NA	NA	NA	NA	NA	NA
NC_045512.2	9758	G	A	71284	66353	37	9	9	34	0.00012624	71293	1	FALSE	NA	NA	NA	NA	NA	NA
NC_045512.2	9759	T	C	73293	68997	37	12	12	34	0.0001637	73305	1	FALSE	NA	NA	NA	NA	NA	NA
NC_045512.2	9760	A	G	73103	68826	37	5	5	34	6.8392e-05	73108	1	FALSE	NA	NA	NA	NA	NA	NA
NC_045512.2	9761	G	T	73007	68725	37	2	2	26	2.7392e-05	73014	1	FALSE	NA	NA	NA	NA	NA	NA
NC_045512.2	9761	G	C	73007	68725	37	1	1	34	1.3696e-05	73014	1	FALSE	NA	NA	NA	NA	NA	NA
NC_045512.2	9761	G	A	73007	68725	37	4	3	30	5.4784e-05	73014	1	FALSE	NA	NA	NA	NA	NA	NA
NC_045512.2	9762	T	C	72135	67872	37	2	1	51	2.7725e-05	72137	0.250002	FALSE	NA	NA	NA	NA	NA	NA
NC_045512.2	9764	T	G	71354	67152	37	2	2	34	2.80261e-05	71362	1	FALSE	NA	NA	NA	NA	NA	NA
NC_045512.2	9764	T	C	71354	67152	37	2	2	34	2.80261e-05	71362	1	FALSE	NA	NA	NA	NA	NA	NA
NC_045512.2	9764	T	A	71354	67152	37	4	1	32	5.60522e-05	71362	1	FALSE	NA	NA	NA	NA	NA	NA
NC_045512.2	9765	T	C	69498	65309	37	2	2	34	2.8777e-05	69500	1	FALSE	NA	NA	NA	NA	NA	NA
NC_045512.2	9766	T	C	69699	66440	36	6	5	36	8.60758e-05	69706	1	FALSE	NA	NA	NA	NA	NA	NA
NC_045512.2	9766	T	A	69699	66440	36	1	1	34	1.4346e-05	69706	1	FALSE	NA	NA	NA	NA	NA	NA
NC_045512.2	9767	A	G	69592	66428	36	4	3	33	5.74729e-05	69598	1	FALSE	NA	NA	NA	NA	NA	NA
NC_045512.2	9767	A	C	69592	66428	36	2	2	34	2.87365e-05	69598	1	FALSE	NA	NA	NA	NA	NA	NA
NC_045512.2	9768	A	G	69665	66634	36	2	2	34	2.87068e-05	69670	1	FALSE	NA	NA	NA	NA	NA	NA
NC_045512.2	9768	A	C	69665	66634	36	3	2	26	4.30601e-05	69670	1	FALSE	NA	NA	NA	NA	NA	NA
NC_045512.2	9769	T	C	69665	66658	36	2	2	34	2.87076e-05	69668	1	FALSE	NA	NA	NA	NA	NA	NA
NC_045512.2	9769	T	A	69665	66658	36	1	1	34	1.43538e-05	69668	1	FALSE	NA	NA	NA	NA	NA	NA
NC_045512.2	9770	G	T	67921	64932	36	1	1	34	1.4721e-05	67930	1	FALSE	NA	NA	NA	NA	NA	NA
NC_045512.2	9770	G	C	67921	64932	36	4	4	32	5.88841e-05	67930	1	FALSE	NA	NA	NA	NA	NA	NA
NC_045512.2	9770	G	A	67921	64932	36	4	3	49	5.88841e-05	67930	0.82811	FALSE	NA	NA	NA	NA	NA	NA
NC_045512.2	9771	G	T	68086	65095	36	4	4	34	5.87441e-05	68092	1	FALSE	NA	NA	NA	NA	NA	NA
NC_045512.2	9771	G	C	68086	65095	36	2	2	30	2.9372e-05	68092	1	FALSE	NA	NA	NA	NA	NA	NA
NC_045512.2	9772	T	C	64557	61689	36	5	5	34	7.74449e-05	64562	1	FALSE	NA	NA	NA	NA	NA	NA
NC_045512.2	9773	G	T	64285	61417	36	1	1	34	1.55526e-05	64298	1	FALSE	NA	NA	NA	NA	NA	NA
NC_045512.2	9773	G	C	64285	61417	36	5	5	31	7.77629e-05	64298	1	FALSE	NA	NA	NA	NA	NA	NA
NC_045512.2	9773	G	A	64285	61417	36	7	7	34	0.000108868	64298	1	FALSE	NA	NA	NA	NA	NA	NA
NC_045512.2	9774	T	G	64338	61481	36	3	2	45	4.66229e-05	64346	0.910149	FALSE	NA	NA	NA	NA	NA	NA
NC_045512.2	9774	T	C	64338	61481	36	5	5	34	7.77049e-05	64346	1	FALSE	NA	NA	NA	NA	NA	NA
NC_045512.2	9775	T	C	64435	61664	36	5	5	40	7.75916e-05	64440	0.725603	FALSE	NA	NA	NA	NA	NA	NA
NC_045512.2	9776	T	G	64383	61630	36	1	0	27	1.55299e-05	64392	1	FALSE	NA	NA	NA	NA	NA	NA
NC_045512.2	9776	T	C	64383	61630	36	7	6	36	0.000108709	64392	1	FALSE	NA	NA	NA	NA	NA	NA
NC_045512.2	9776	T	A	64383	61630	36	1	0	68	1.55299e-05	64392	0.499973	FALSE	NA	NA	NA	NA	NA	NA
NC_045512.2	9777	C	A	64028	61434	36	1	1	34	1.56179e-05	64029	1	FALSE	NA	NA	NA	NA	NA	NA
NC_045512.2	9778	C	T	64144	61556	36	1	1	34	1.55897e-05	64145	1	FALSE	NA	NA	NA	NA	NA	NA
NC_045512.2	9778	C	-T	64144	61556	36	2	0	20	3.11794e-05	64145	1	FALSE	NA	NA	NA	NA	NA	NA
NC_045512.2	9779	T	C	63786	61204	36	7	7	32	0.000109728	63794	1	FALSE	NA	NA	NA	NA	NA	NA
NC_045512.2	9779	T	A	63786	61204	36	1	0	27	1.56755e-05	63794	1	FALSE	NA	NA	NA	NA	NA	NA
NC_045512.2	9780	T	G	62909	60335	36	1	0	24	1.58955e-05	62911	1	FALSE	NA	NA	NA	NA	NA	NA
NC_045512.2	9780	T	C	62909	60335	36	1	1	26	1.58955e-05	62911	1	FALSE	NA	NA	NA	NA	NA	NA
NC_045512.2	9781	T	C	62857	60283	36	7	7	34	0.00011135	62865	1	FALSE	NA	NA	NA	NA	NA	NA
NC_045512.2	9781	T	A	62857	60283	36	1	1	34	1.59071e-05	62865	1	FALSE	NA	NA	NA	NA	NA	NA
NC_045512.2	9782	A	T	62968	60542	36	2	2	34	3.17607e-05	62971	1	FALSE	NA	NA	NA	NA	NA	NA
NC_045512.2	9782	A	G	62968	60542	36	1	1	34	1.58803e-05	62971	1	FALSE	NA	NA	NA	NA	NA	NA
NC_045512.2	9783	G	C	62517	60097	36	1	1	34	1.59954e-05	62518	1	FALSE	NA	NA	NA	NA	NA	NA
NC_045512.2	9784	T	C	62796	60375	36	8	8	31	0.00012738	62804	1	FALSE	NA	NA	NA	NA	NA	NA
NC_045512.2	9785	A	G	62416	60057	36	2	2	29	3.2042e-05	62418	1	FALSE	NA	NA	NA	NA	NA	NA
NC_045512.2	9785	A	-C	62416	60057	36	1	0	20	1.6021e-05	62418	1	FALSE	NA	NA	NA	NA	NA	NA
NC_045512.2	9786	C	T	62409	60326	35	4	4	34	6.40861e-05	62416	1	FALSE	NA	NA	NA	NA	NA	NA
NC_045512.2	9786	C	A	62409	60326	35	3	3	34	4.80646e-05	62416	1	FALSE	NA	NA	NA	NA	NA	NA
NC_045512.2	9786	C	-T	62409	60326	35	6	0	20	9.61277e-05	62417	1	FALSE	NA	NA	NA	NA	NA	NA
NC_045512.2	9787	T	G	54011	51986	36	10	10	34	0.000185004	54053	1	FALSE	NA	NA	NA	NA	NA	NA
NC_045512.2	9787	T	C	54011	51986	36	23	22	35	0.000425508	54053	0.999891	FALSE	NA	NA	NA	NA	NA	NA
NC_045512.2	9787	T	A	54011	51986	36	9	9	34	0.000166503	54053	1	FALSE	NA	NA	NA	NA	NA	NA
NC_045512.2	9788	T	C	51624	49602	35	4	4	40	7.74728e-05	51631	0.746084	FALSE	NA	NA	NA	NA	NA	NA
NC_045512.2	9788	T	A	51624	49602	35	3	3	34	5.81046e-05	51631	1	FALSE	NA	NA	NA	NA	NA	NA
NC_045512.2	9789	T	C	53200	51177	35	2	2	34	3.75926e-05	53202	1	FALSE	NA	NA	NA	NA	NA	NA
NC_045512.2	9790	T	C	53587	51567	36	5	5	32	9.32975e-05	53592	1	FALSE	NA	NA	NA	NA	NA	NA
NC_045512.2	9791	G	C	53557	51542	36	2	2	34	3.7342e-05	53559	1	FALSE	NA	NA	NA	NA	NA	NA
NC_045512.2	9791	G	-A	53557	51542	36	1	0	20	1.8671e-05	53559	1	FALSE	NA	NA	NA	NA	NA	NA
NC_045512.2	9792	A	T	53469	51482	36	2	2	30	3.74021e-05	53473	1	FALSE	NA	NA	NA	NA	NA	NA
NC_045512.2	9792	A	G	53469	51482	36	2	2	34	3.74021e-05	53473	1	FALSE	NA	NA	NA	NA	NA	NA
NC_045512.2	9793	A	T	53492	51654	36	1	1	34	1.86919e-05	53499	1	FALSE	NA	NA	NA	NA	NA	NA
NC_045512.2	9793	A	G	53492	51654	36	4	3	27	7.47678e-05	53499	1	FALSE	NA	NA	NA	NA	NA	NA
NC_045512.2	9793	A	C	53492	51654	36	2	2	34	3.73839e-05	53499	1	FALSE	NA	NA	NA	NA	NA	NA
NC_045512.2	9794	G	T	53410	51654	35	3	3	34	5.61629e-05	53416	1	FALSE	NA	NA	NA	NA	NA	NA
NC_045512.2	9794	G	C	53410	51654	35	1	1	26	1.8721e-05	53416	1	FALSE	NA	NA	NA	NA	NA	NA
NC_045512.2	9794	G	A	53410	51654	35	2	2	34	3.7442e-05	53416	1	FALSE	NA	NA	NA	NA	NA	NA
NC_045512.2	9795	A	T	52514	50786	35	1	1	26	1.90418e-05	52516	1	FALSE	NA	NA	NA	NA	NA	NA
NC_045512.2	9795	A	G	52514	50786	35	1	0	27	1.90418e-05	52516	1	FALSE	NA	NA	NA	NA	NA	NA
NC_045512.2	9796	A	T	52568	50822	35	1	1	34	1.90197e-05	52577	1	FALSE	NA	NA	NA	NA	NA	NA
NC_045512.2	9796	A	G	52568	50822	35	8	8	34	0.000152158	52577	1	FALSE	NA	NA	NA	NA	NA	NA
NC_045512.2	9797	G	C	52386	50652	35	5	5	34	9.54362e-05	52391	1	FALSE	NA	NA	NA	NA	NA	NA
NC_045512.2	9798	C	T	52527	50922	35	5	5	34	9.51801e-05	52532	1	FALSE	NA	NA	NA	NA	NA	NA
NC_045512.2	9799	T	C	52317	50713	35	11	11	34	0.000210213	52328	1	FALSE	NA	NA	NA	NA	NA	NA
NC_045512.2	9800	G	T	51941	50337	35	2	2	34	3.85e-05	51948	1	FALSE	NA	NA	NA	NA	NA	NA
NC_045512.2	9800	G	C	51941	50337	35	2	2	34	3.85e-05	51948	1	FALSE	NA	NA	NA	NA	NA	NA
NC_045512.2	9800	G	A	51941	50337	35	3	2	42	5.77501e-05	51948	0.855459	FALSE	NA	NA	NA	NA	NA	NA
NC_045512.2	9801	C	T	52211	50613	35	41	40	37	0.000784659	52252	0.893542	FALSE	NA	NA	NA	NA	NA	NA
NC_045512.2	9802	G	C	51015	49414	35	2	2	26	3.91988e-05	51022	1	FALSE	NA	NA	NA	NA	NA	NA
NC_045512.2	9802	G	A	51015	49414	35	5	5	34	9.79969e-05	51022	1	FALSE	NA	NA	NA	NA	NA	NA
NC_045512.2	9804	T	C	49027	47569	35	8	8	33	0.000163096	49051	1	FALSE	NA	NA	NA	NA	NA	NA
NC_045512.2	9804	T	A	49027	47569	35	16	16	33	0.000326191	49051	0.999992	FALSE	NA	NA	NA	NA	NA	NA
NC_045512.2	9805	G	T	49411	47954	35	1	1	34	2.02364e-05	49416	1	FALSE	NA	NA	NA	NA	NA	NA
NC_045512.2	9805	G	A	49411	47954	35	4	4	34	8.09454e-05	49416	1	FALSE	NA	NA	NA	NA	NA	NA
NC_045512.2	9806	T	C	49063	47611	35	9	9	37	0.0001834	49073	1	FALSE	NA	NA	NA	NA	NA	NA
NC_045512.2	9806	T	A	49063	47611	35	1	1	34	2.03778e-05	49073	1	FALSE	NA	NA	NA	NA	NA	NA
NC_045512.2	9807	G	T	48601	47147	35	1	1	26	2.05685e-05	48618	1	FALSE	NA	NA	NA	NA	NA	NA
NC_045512.2	9807	G	C	48601	47147	35	1	1	34	2.05685e-05	48618	1	FALSE	NA	NA	NA	NA	NA	NA
NC_045512.2	9807	G	A	48601	47147	35	15	14	36	0.000308528	48618	0.999994	FALSE	NA	NA	NA	NA	NA	NA
NC_045512.2	9808	C	T	48966	47520	35	8	8	32	0.000163352	48974	1	FALSE	NA	NA	NA	NA	NA	NA
NC_045512.2	9809	A	T	46865	45426	35	1	1	26	2.13315e-05	46879	1	FALSE	NA	NA	NA	NA	NA	NA
NC_045512.2	9809	A	G	46865	45426	35	5	5	32	0.000106658	46879	1	FALSE	NA	NA	NA	NA	NA	NA
NC_045512.2	9809	A	C	46865	45426	35	8	8	34	0.000170652	46879	1	FALSE	NA	NA	NA	NA	NA	NA
NC_045512.2	9810	C	T	64172	45601	35	6	3	31	9.34856e-05	64181	1	FALSE	NA	NA	NA	NA	NA	NA
NC_045512.2	9810	C	A	64172	45601	35	3	2	34	4.67428e-05	64181	1	FALSE	NA	NA	NA	NA	NA	NA
NC_045512.2	9811	C	T	63128	44646	35	9	9	34	0.00014254	63140	1	FALSE	NA	NA	NA	NA	NA	NA
NC_045512.2	9811	C	G	63128	44646	35	3	2	31	4.75135e-05	63140	1	FALSE	NA	NA	NA	NA	NA	NA
NC_045512.2	9811	C	-T	63128	44646	35	37	0	20	0.000585999	63140	1	FALSE	NA	NA	NA	NA	NA	NA
NC_045512.2	9812	T	G	60577	42152	34	5	5	30	8.2496e-05	60609	1	FALSE	NA	NA	NA	NA	NA	NA
NC_045512.2	9812	T	C	60577	42152	34	26	22	34	0.000428979	60609	0.999934	FALSE	NA	NA	NA	NA	NA	NA
NC_045512.2	9812	T	A	60577	42152	34	1	0	26	1.64992e-05	60609	1	FALSE	NA	NA	NA	NA	NA	NA
NC_045512.2	9813	T	C	62136	43737	35	5	5	34	8.04622e-05	62141	1	FALSE	NA	NA	NA	NA	NA	NA
NC_045512.2	9814	T	G	57078	38688	34	3	0	28	5.25394e-05	57100	1	FALSE	NA	NA	NA	NA	NA	NA
NC_045512.2	9814	T	C	57078	38688	34	18	1	34	0.000315236	57100	0.999999	FALSE	NA	NA	NA	NA	NA	NA
NC_045512.2	9814	T	A	57078	38688	34	1	0	34	1.75131e-05	57100	1	FALSE	NA	NA	NA	NA	NA	NA
NC_045512.2	9815	T	C	57856	39377	35	8	4	34	0.000138255	57864	1	FALSE	NA	NA	NA	NA	NA	NA
NC_045512.2	9816	T	C	57597	39129	35	2	2	34	3.47228e-05	57599	1	FALSE	NA	NA	NA	NA	NA	NA
NC_045512.2	9817	G	C	57661	39197	35	2	2	34	3.46837e-05	57664	1	FALSE	NA	NA	NA	NA	NA	NA
NC_045512.2	9817	G	A	57661	39197	35	1	1	34	1.73418e-05	57664	1	FALSE	NA	NA	NA	NA	NA	NA
NC_045512.2	9818	T	C	56915	38568	35	3	2	31	5.27065e-05	56919	1	FALSE	NA	NA	NA	NA	NA	NA
NC_045512.2	9818	T	A	56915	38568	35	1	0	26	1.75688e-05	56919	1	FALSE	NA	NA	NA	NA	NA	NA
NC_045512.2	9819	T	C	56703	38551	35	7	5	34	0.000123435	56710	1	FALSE	NA	NA	NA	NA	NA	NA
NC_045512.2	9819	T	-A	56703	38551	35	1	0	20	1.76336e-05	56710	1	FALSE	NA	NA	NA	NA	NA	NA
NC_045512.2	9820	A	G	57040	38646	35	4	1	34	7.01213e-05	57044	1	FALSE	NA	NA	NA	NA	NA	NA
NC_045512.2	9821	A	T	56806	38583	34	1	1	34	1.76025e-05	56810	1	FALSE	NA	NA	NA	NA	NA	NA
NC_045512.2	9821	A	G	56806	38583	34	3	2	34	5.28076e-05	56810	1	FALSE	NA	NA	NA	NA	NA	NA
NC_045512.2	9822	A	G	57378	38693	35	2	2	34	3.48541e-05	57382	1	FALSE	NA	NA	NA	NA	NA	NA
NC_045512.2	9822	A	C	57378	38693	35	2	2	34	3.48541e-05	57382	1	FALSE	NA	NA	NA	NA	NA	NA
NC_045512.2	9823	T	C	57243	38674	35	1	1	34	1.74685e-05	57246	1	FALSE	NA	NA	NA	NA	NA	NA
NC_045512.2	9823	T	A	57243	38674	35	2	1	34	3.49369e-05	57246	1	FALSE	NA	NA	NA	NA	NA	NA
NC_045512.2	9824	A	G	57443	38590	35	1	1	34	1.74083e-05	57444	1	FALSE	NA	NA	NA	NA	NA	NA
NC_045512.2	9825	A	G	57596	38621	35	3	3	34	5.20842e-05	57599	1	FALSE	NA	NA	NA	NA	NA	NA
NC_045512.2	9826	A	T	57368	38564	34	1	1	34	1.74304e-05	57371	1	FALSE	NA	NA	NA	NA	NA	NA
NC_045512.2	9826	A	G	57368	38564	34	2	2	30	3.48608e-05	57371	1	FALSE	NA	NA	NA	NA	NA	NA
NC_045512.2	9827	G	C	58094	38554	35	3	2	31	5.16378e-05	58097	1	FALSE	NA	NA	NA	NA	NA	NA
NC_045512.2	9828	A	G	57891	38456	34	5	4	34	8.63618e-05	57896	1	FALSE	NA	NA	NA	NA	NA	NA
NC_045512.2	9829	A	T	57861	38234	35	2	2	34	3.45566e-05	57876	1	FALSE	NA	NA	NA	NA	NA	NA
NC_045512.2	9829	A	G	57861	38234	35	13	8	33	0.000224618	57876	1	FALSE	NA	NA	NA	NA	NA	NA
NC_045512.2	9830	A	G	57861	38216	35	5	3	34	8.6405e-05	57867	1	FALSE	NA	NA	NA	NA	NA	NA
NC_045512.2	9830	A	C	57861	38216	35	1	1	34	1.7281e-05	57867	1	FALSE	NA	NA	NA	NA	NA	NA
NC_045512.2	9831	T	C	57186	37700	35	2	2	34	3.49718e-05	57189	1	FALSE	NA	NA	NA	NA	NA	NA
NC_045512.2	9831	T	A	57186	37700	35	1	0	26	1.74859e-05	57189	1	FALSE	NA	NA	NA	NA	NA	NA
NC_045512.2	9832	G	T	57449	37722	35	1	1	26	1.74061e-05	57451	1	FALSE	NA	NA	NA	NA	NA	NA
NC_045512.2	9832	G	A	57449	37722	35	1	1	34	1.74061e-05	57451	1	FALSE	NA	NA	NA	NA	NA	NA
NC_045512.2	9833	T	C	56368	36626	34	3	3	34	5.3217e-05	56373	1	FALSE	NA	NA	NA	NA	NA	NA
NC_045512.2	9833	T	A	56368	36626	34	2	1	34	3.5478e-05	56373	1	FALSE	NA	NA	NA	NA	NA	NA
NC_045512.2	9834	A	G	58950	37181	35	4	3	34	6.78495e-05	58954	1	FALSE	NA	NA	NA	NA	NA	NA
NC_045512.2	9835	T	C	58652	36845	34	5	3	34	8.52384e-05	58659	1	FALSE	NA	NA	NA	NA	NA	NA
NC_045512.2	9835	T	A	58652	36845	34	2	1	34	3.40954e-05	58659	1	FALSE	NA	NA	NA	NA	NA	NA
NC_045512.2	9837	T	G	58353	36762	35	2	0	34	3.42642e-05	58370	1	FALSE	NA	NA	NA	NA	NA	NA
NC_045512.2	9837	T	C	58353	36762	35	14	13	34	0.000239849	58370	1	FALSE	NA	NA	NA	NA	NA	NA
NC_045512.2	9837	T	A	58353	36762	35	1	1	34	1.71321e-05	58370	1	FALSE	NA	NA	NA	NA	NA	NA
NC_045512.2	9837	T	-A	58353	36762	35	1	0	20	1.71321e-05	58370	1	FALSE	NA	NA	NA	NA	NA	NA
NC_045512.2	9838	A	G	58217	36602	35	1	1	34	1.71765e-05	58219	1	FALSE	NA	NA	NA	NA	NA	NA
NC_045512.2	9838	A	C	58217	36602	35	1	0	34	1.71765e-05	58219	1	FALSE	NA	NA	NA	NA	NA	NA
NC_045512.2	9839	A	G	22124	1022	35	2	0	30	9.03914e-05	22126	0.999999	FALSE	NA	NA	NA	NA	NA	NA
NC_045512.2	9840	A	G	22729	1027	35	3	0	34	0.000131973	22732	0.99999	FALSE	NA	NA	NA	NA	NA	NA
NC_045512.2	9841	G	A	23403	1027	35	3	0	31	0.000128172	23406	0.999995	FALSE	NA	NA	NA	NA	NA	NA
NC_045512.2	9842	T	G	23454	1154	36	2	0	30	8.52624e-05	23457	0.999999	FALSE	NA	NA	NA	NA	NA	NA
NC_045512.2	9842	T	C	23454	1154	36	1	0	34	4.26312e-05	23457	1	FALSE	NA	NA	NA	NA	NA	NA
NC_045512.2	9843	T	C	23431	1189	36	3	0	31	0.000128019	23434	0.999995	FALSE	NA	NA	NA	NA	NA	NA
NC_045512.2	9844	G	A	25190	1219	36	2	0	34	7.93903e-05	25192	1	FALSE	NA	NA	NA	NA	NA	NA
NC_045512.2	9845	C	T	24952	1304	36	8	0	33	0.000320513	24960	0.998953	FALSE	NA	NA	NA	NA	NA	NA
NC_045512.2	9846	G	A	25553	1308	36	4	0	34	0.000156513	25557	0.999992	FALSE	NA	NA	NA	NA	NA	NA
NC_045512.2	9847	T	C	25561	1361	36	3	1	42	0.000117353	25564	0.500018	FALSE	NA	NA	NA	NA	NA	NA
NC_045512.2	9848	A	G	25492	1361	36	2	0	34	7.84498e-05	25494	1	FALSE	NA	NA	NA	NA	NA	NA
NC_045512.2	9849	G	A	27369	1379	36	1	0	34	3.65364e-05	27370	1	FALSE	NA	NA	NA	NA	NA	NA
NC_045512.2	9850	T	C	27351	1476	36	1	0	34	3.65577e-05	27354	1	FALSE	NA	NA	NA	NA	NA	NA
NC_045512.2	9850	T	A	27351	1476	36	2	0	30	7.31154e-05	27354	1	FALSE	NA	NA	NA	NA	NA	NA
NC_045512.2	9853	T	G	27761	1579	36	8	0	32	0.00028807	27771	0.999747	FALSE	NA	NA	NA	NA	NA	NA
NC_045512.2	9853	T	C	27761	1579	36	1	0	34	3.60088e-05	27771	1	FALSE	NA	NA	NA	NA	NA	NA
NC_045512.2	9853	T	A	27761	1579	36	1	0	34	3.60088e-05	27771	1	FALSE	NA	NA	NA	NA	NA	NA
NC_045512.2	9854	G	T	28067	1586	36	1	0	34	3.56265e-05	28069	1	FALSE	NA	NA	NA	NA	NA	NA
NC_045512.2	9854	G	A	28067	1586	36	1	1	68	3.56265e-05	28069	0.5	FALSE	NA	NA	NA	NA	NA	NA
NC_045512.2	9855	T	C	28090	1605	36	4	0	34	0.000142379	28094	0.999999	FALSE	NA	NA	NA	NA	NA	NA
NC_045512.2	9856	G	A	29765	1635	36	1	0	34	3.35954e-05	29766	1	FALSE	NA	NA	NA	NA	NA	NA
NC_045512.2	9857	C	T	30574	1663	36	1	0	34	3.27065e-05	30575	1	FALSE	NA	NA	NA	NA	NA	NA
NC_045512.2	9858	T	G	30732	1665	36	1	0	34	3.25298e-05	30741	1	FALSE	NA	NA	NA	NA	NA	NA
NC_045512.2	9858	T	C	30732	1665	36	7	0	37	0.000227709	30741	0.999979	FALSE	NA	NA	NA	NA	NA	NA
NC_045512.2	9858	T	A	30732	1665	36	1	0	34	3.25298e-05	30741	1	FALSE	NA	NA	NA	NA	NA	NA
NC_045512.2	9859	A	T	30786	1685	36	1	0	34	3.24791e-05	30789	1	FALSE	NA	NA	NA	NA	NA	NA
NC_045512.2	9859	A	G	30786	1685	36	2	0	30	6.49583e-05	30789	1	FALSE	NA	NA	NA	NA	NA	NA
NC_045512.2	9859	A	-T	30786	1685	36	1	0	20	3.24791e-05	30789	1	FALSE	NA	NA	NA	NA	NA	NA
NC_045512.2	9860	T	C	31041	1796	37	7	0	38	0.000225457	31048	0.999988	FALSE	NA	NA	NA	NA	NA	NA
NC_045512.2	9862	A	G	31818	1915	36	3	0	34	9.42744e-05	31822	1	FALSE	NA	NA	NA	NA	NA	NA
NC_045512.2	9862	A	C	31818	1915	36	1	1	27	3.14248e-05	31822	1	FALSE	NA	NA	NA	NA	NA	NA
NC_045512.2	9865	T	G	34524	2156	37	1	0	26	2.89402e-05	34554	1	FALSE	NA	NA	NA	NA	NA	NA
NC_045512.2	9865	T	C	34524	2156	37	29	7	44	0.000839266	34554	1.27196e-06	TRUE	NA	NA	NA	NA	NA	NA
NC_045512.2	9865	T	-C	34524	2156	37	3	0	20	8.68206e-05	34554	1	FALSE	NA	NA	NA	NA	NA	NA
NC_045512.2	9866	C	T	0	0	0	34466	2145	36	0.999884	34470	0	TRUE	NA	NA	NA	NA	NA	NA
NC_045512.2	9866	C	G	0	0	0	3	0	28	8.70322e-05	34470	1.011e-06	TRUE	NA	NA	NA	NA	NA	NA
NC_045512.2	9866	C	A	0	0	0	1	0	26	2.90107e-05	34470	0.0100078	FALSE	NA	NA	NA	NA	NA	NA
NC_045512.2	9867	T	A	34606	2200	37	1	0	34	2.88959e-05	34607	1	FALSE	NA	NA	NA	NA	NA	NA
NC_045512.2	9868	T	A	34636	2196	37	1	0	34	2.88709e-05	34637	1	FALSE	NA	NA	NA	NA	NA	NA
NC_045512.2	9869	A	T	34767	2205	37	1	0	26	2.87604e-05	34770	1	FALSE	NA	NA	NA	NA	NA	NA
NC_045512.2	9869	A	G	34767	2205	37	2	2	44	5.75209e-05	34770	0.812509	FALSE	NA	NA	NA	NA	NA	NA
NC_045512.2	9870	C	T	34716	2207	37	20	1	37	0.000575755	34737	0.979927	FALSE	NA	NA	NA	NA	NA	NA
NC_045512.2	9870	C	A	34716	2207	37	1	0	34	2.87877e-05	34737	1	FALSE	NA	NA	NA	NA	NA	NA
NC_045512.2	9871	G	T	34753	2206	37	7	0	34	0.000201375	34761	0.999998	FALSE	NA	NA	NA	NA	NA	NA
NC_045512.2	9871	G	A	34753	2206	37	1	0	68	2.87679e-05	34761	0.499957	FALSE	NA	NA	NA	NA	NA	NA
NC_045512.2	9872	C	T	36381	2241	37	7	1	38	0.000192355	36391	0.999999	FALSE	NA	NA	NA	NA	NA	NA
NC_045512.2	9872	C	G	36381	2241	37	2	0	34	5.49586e-05	36391	1	FALSE	NA	NA	NA	NA	NA	NA
NC_045512.2	9872	C	A	36381	2241	37	1	0	34	2.74793e-05	36391	1	FALSE	NA	NA	NA	NA	NA	NA
NC_045512.2	9873	A	G	36431	2244	37	9	2	37	0.000246975	36441	0.999992	FALSE	NA	NA	NA	NA	NA	NA
NC_045512.2	9873	A	C	36431	2244	37	1	0	34	2.74416e-05	36441	1	FALSE	NA	NA	NA	NA	NA	NA
NC_045512.2	9874	A	G	44438	2333	36	10	0	30	0.000224982	44448	1	FALSE	NA	NA	NA	NA	NA	NA
NC_045512.2	9875	T	G	44593	2423	36	1	0	34	2.24235e-05	44596	1	FALSE	NA	NA	NA	NA	NA	NA
NC_045512.2	9875	T	C	44593	2423	36	2	1	51	4.48471e-05	44596	0.249997	FALSE	NA	NA	NA	NA	NA	NA
NC_045512.2	9876	A	G	43029	2441	35	1	0	34	2.32396e-05	43030	1	FALSE	NA	NA	NA	NA	NA	NA
NC_045512.2	9877	T	G	45238	2453	36	1	0	26	2.21014e-05	45246	1	FALSE	NA	NA	NA	NA	NA	NA
NC_045512.2	9877	T	C	45238	2453	36	4	1	42	8.84056e-05	45246	0.636689	FALSE	NA	NA	NA	NA	NA	NA
NC_045512.2	9877	T	A	45238	2453	36	3	1	42	6.63042e-05	45246	0.77341	FALSE	NA	NA	NA	NA	NA	NA
NC_045512.2	9877	T	-A	45238	2453	36	2	0	20	4.42028e-05	45246	1	FALSE	NA	NA	NA	NA	NA	NA
NC_045512.2	9877	T	+A	45238	2453	36	1	0	20	2.21014e-05	45246	1	FALSE	NA	NA	NA	NA	NA	NA
NC_045512.2	9878	A	T	45840	2465	36	1	0	26	2.18136e-05	45843	1	FALSE	NA	NA	NA	NA	NA	NA
NC_045512.2	9878	A	G	45840	2465	36	2	0	29	4.36272e-05	45843	1	FALSE	NA	NA	NA	NA	NA	NA
NC_045512.2	9879	A	T	45985	2470	36	1	0	34	2.17443e-05	45989	1	FALSE	NA	NA	NA	NA	NA	NA
NC_045512.2	9879	A	G	45985	2470	36	3	0	31	6.5233e-05	45989	1	FALSE	NA	NA	NA	NA	NA	NA
NC_045512.2	9880	T	C	46002	2468	36	2	0	34	4.34735e-05	46005	1	FALSE	NA	NA	NA	NA	NA	NA
NC_045512.2	9880	T	A	46002	2468	36	1	1	26	2.17368e-05	46005	1	FALSE	NA	NA	NA	NA	NA	NA
NC_045512.2	9881	A	T	46051	2464	36	1	0	34	2.17132e-05	46055	1	FALSE	NA	NA	NA	NA	NA	NA
NC_045512.2	9881	A	G	46051	2464	36	3	1	45	6.51395e-05	46055	0.773446	FALSE	NA	NA	NA	NA	NA	NA
NC_045512.2	9882	G	C	46052	2465	36	1	0	34	2.17136e-05	46054	1	FALSE	NA	NA	NA	NA	NA	NA
NC_045512.2	9882	G	A	46052	2465	36	1	0	26	2.17136e-05	46054	1	FALSE	NA	NA	NA	NA	NA	NA
NC_045512.2	9883	A	G	46652	2707	37	3	0	34	6.43018e-05	46655	1	FALSE	NA	NA	NA	NA	NA	NA
NC_045512.2	9884	T	G	46608	2705	37	7	0	31	0.00015015	46620	1	FALSE	NA	NA	NA	NA	NA	NA
NC_045512.2	9884	T	C	46608	2705	37	4	0	34	8.58001e-05	46620	1	FALSE	NA	NA	NA	NA	NA	NA
NC_045512.2	9884	T	A	46608	2705	37	1	0	26	2.145e-05	46620	1	FALSE	NA	NA	NA	NA	NA	NA
NC_045512.2	9885	A	G	47410	2936	37	5	0	34	0.000105452	47415	1	FALSE	NA	NA	NA	NA	NA	NA
NC_045512.2	9886	C	A	47848	2979	37	1	0	26	2.08991e-05	47849	1	FALSE	NA	NA	NA	NA	NA	NA
NC_045512.2	9887	T	C	47832	2986	37	3	1	45	6.27143e-05	47836	0.773446	FALSE	NA	NA	NA	NA	NA	NA
NC_045512.2	9887	T	A	47832	2986	37	1	0	34	2.09048e-05	47836	1	FALSE	NA	NA	NA	NA	NA	NA
NC_045512.2	9888	T	G	47458	3012	37	1	0	34	2.10682e-05	47465	1	FALSE	NA	NA	NA	NA	NA	NA
NC_045512.2	9888	T	C	47458	3012	37	6	0	32	0.000126409	47465	1	FALSE	NA	NA	NA	NA	NA	NA
NC_045512.2	9889	A	G	47920	3009	37	1	0	34	2.08677e-05	47921	1	FALSE	NA	NA	NA	NA	NA	NA
NC_045512.2	9891	C	T	47504	3166	37	3	0	34	6.31459e-05	47509	1	FALSE	NA	NA	NA	NA	NA	NA
NC_045512.2	9891	C	A	47504	3166	37	2	0	34	4.20973e-05	47509	1	FALSE	NA	NA	NA	NA	NA	NA
NC_045512.2	9892	T	C	47602	3134	37	7	0	37	0.000147031	47609	1	FALSE	NA	NA	NA	NA	NA	NA
NC_045512.2	9892	T	+C	47602	3134	37	1	0	20	2.10044e-05	47609	1	FALSE	NA	NA	NA	NA	NA	NA
NC_045512.2	9893	C	T	48238	3270	37	1	0	34	2.07284e-05	48243	1	FALSE	NA	NA	NA	NA	NA	NA
NC_045512.2	9893	C	G	48238	3270	37	1	0	34	2.07284e-05	48243	1	FALSE	NA	NA	NA	NA	NA	NA
NC_045512.2	9893	C	A	48238	3270	37	3	0	45	6.21852e-05	48243	0.773438	FALSE	NA	NA	NA	NA	NA	NA
NC_045512.2	9893	C	-T	48238	3270	37	1	0	20	2.07284e-05	48243	1	FALSE	NA	NA	NA	NA	NA	NA
NC_045512.2	9894	T	G	48101	3196	37	2	0	34	4.15766e-05	48104	1	FALSE	NA	NA	NA	NA	NA	NA
NC_045512.2	9894	T	A	48101	3196	37	1	0	34	2.07883e-05	48104	1	FALSE	NA	NA	NA	NA	NA	NA
NC_045512.2	9895	T	G	47910	3248	37	1	0	34	2.08707e-05	47914	1	FALSE	NA	NA	NA	NA	NA	NA
NC_045512.2	9895	T	C	47910	3248	37	3	0	34	6.26122e-05	47914	1	FALSE	NA	NA	NA	NA	NA	NA
NC_045512.2	9896	T	C	43191	4121	37	3	0	34	6.94525e-05	43195	1	FALSE	NA	NA	NA	NA	NA	NA
NC_045512.2	9896	T	A	43191	4121	37	1	0	34	2.31508e-05	43195	1	FALSE	NA	NA	NA	NA	NA	NA
NC_045512.2	9898	T	A	42582	4227	37	2	1	29	4.6966e-05	42584	1	FALSE	NA	NA	NA	NA	NA	NA
NC_045512.2	9899	A	G	42426	4200	37	2	0	34	4.71387e-05	42428	1	FALSE	NA	NA	NA	NA	NA	NA
NC_045512.2	9900	A	G	42480	4243	37	3	0	28	7.06165e-05	42483	1	FALSE	NA	NA	NA	NA	NA	NA
NC_045512.2	9901	T	C	41599	4357	37	3	0	45	7.21119e-05	41602	0.773457	FALSE	NA	NA	NA	NA	NA	NA
NC_045512.2	9902	A	T	41663	4521	37	1	0	26	2.40004e-05	41666	1	FALSE	NA	NA	NA	NA	NA	NA
NC_045512.2	9902	A	G	41663	4521	37	2	1	34	4.80008e-05	41666	1	FALSE	NA	NA	NA	NA	NA	NA
NC_045512.2	9903	A	G	40733	4624	37	6	0	32	0.000147275	40740	1	FALSE	NA	NA	NA	NA	NA	NA
NC_045512.2	9903	A	C	40733	4624	37	1	0	34	2.45459e-05	40740	1	FALSE	NA	NA	NA	NA	NA	NA
NC_045512.2	9904	G	A	40950	4677	37	1	0	34	2.44194e-05	40951	1	FALSE	NA	NA	NA	NA	NA	NA
NC_045512.2	9905	T	C	40550	4748	37	2	1	30	4.9317e-05	40554	1	FALSE	NA	NA	NA	NA	NA	NA
NC_045512.2	9905	T	A	40550	4748	37	2	0	30	4.9317e-05	40554	1	FALSE	NA	NA	NA	NA	NA	NA
NC_045512.2	9906	A	G	37438	5147	36	6	1	36	0.000160239	37444	1	FALSE	NA	NA	NA	NA	NA	NA
NC_045512.2	9908	A	T	37557	5397	37	1	0	34	2.66219e-05	37563	1	FALSE	NA	NA	NA	NA	NA	NA
NC_045512.2	9908	A	G	37557	5397	37	3	0	34	7.98658e-05	37563	1	FALSE	NA	NA	NA	NA	NA	NA
NC_045512.2	9908	A	C	37557	5397	37	2	1	30	5.32439e-05	37563	1	FALSE	NA	NA	NA	NA	NA	NA
NC_045512.2	9909	A	T	37506	5406	36	2	0	34	5.33177e-05	37511	1	FALSE	NA	NA	NA	NA	NA	NA
NC_045512.2	9909	A	G	37506	5406	36	3	1	45	7.99765e-05	37511	0.656244	FALSE	NA	NA	NA	NA	NA	NA
NC_045512.2	9910	G	A	38582	5413	36	1	0	34	2.59182e-05	38583	1	FALSE	NA	NA	NA	NA	NA	NA
NC_045512.2	9911	T	C	38023	5995	37	2	0	34	5.25956e-05	38026	1	FALSE	NA	NA	NA	NA	NA	NA
NC_045512.2	9911	T	A	38023	5995	37	1	0	34	2.62978e-05	38026	1	FALSE	NA	NA	NA	NA	NA	NA
NC_045512.2	9912	A	-T	38304	6013	37	1	0	20	2.61069e-05	38304	1	FALSE	NA	NA	NA	NA	NA	NA
NC_045512.2	9913	T	G	38319	5892	37	2	0	26	5.21785e-05	38330	1	FALSE	NA	NA	NA	NA	NA	NA
NC_045512.2	9913	T	C	38319	5892	37	8	1	33	0.000208714	38330	0.999999	FALSE	NA	NA	NA	NA	NA	NA
NC_045512.2	9913	T	A	38319	5892	37	1	0	34	2.60892e-05	38330	1	FALSE	NA	NA	NA	NA	NA	NA
NC_045512.2	9914	T	C	38273	5868	37	5	0	34	0.000130623	38278	1	FALSE	NA	NA	NA	NA	NA	NA
NC_045512.2	9915	T	G	38506	6216	37	1	1	34	2.59605e-05	38520	1	FALSE	NA	NA	NA	NA	NA	NA
NC_045512.2	9915	T	C	38506	6216	37	13	1	33	0.000337487	38520	0.999901	FALSE	NA	NA	NA	NA	NA	NA
NC_045512.2	9916	T	C	38449	6246	37	6	0	39	0.000156027	38455	1	FALSE	NA	NA	NA	NA	NA	NA
NC_045512.2	9917	A	G	38587	6265	37	2	1	51	5.18269e-05	38590	0.249997	FALSE	NA	NA	NA	NA	NA	NA
NC_045512.2	9917	A	C	38587	6265	37	1	1	34	2.59134e-05	38590	1	FALSE	NA	NA	NA	NA	NA	NA
NC_045512.2	9919	T	G	38302	6132	37	1	0	34	2.61069e-05	38304	1	FALSE	NA	NA	NA	NA	NA	NA
NC_045512.2	9919	T	C	38302	6132	37	1	0	34	2.61069e-05	38304	1	FALSE	NA	NA	NA	NA	NA	NA
NC_045512.2	9920	G	T	38393	6096	37	2	2	34	5.20847e-05	38399	1	FALSE	NA	NA	NA	NA	NA	NA
NC_045512.2	9920	G	A	38393	6096	37	4	1	32	0.000104169	38399	1	FALSE	NA	NA	NA	NA	NA	NA
NC_045512.2	9921	G	T	38676	6338	37	3	0	34	7.75595e-05	38680	1	FALSE	NA	NA	NA	NA	NA	NA
NC_045512.2	9921	G	A	38676	6338	37	1	0	34	2.58532e-05	38680	1	FALSE	NA	NA	NA	NA	NA	NA
NC_045512.2	9922	A	T	38753	6318	37	14	1	38	0.000361057	38775	0.999796	FALSE	NA	NA	NA	NA	NA	NA
NC_045512.2	9922	A	G	38753	6318	37	7	3	44	0.000180529	38775	0.171711	FALSE	NA	NA	NA	NA	NA	NA
NC_045512.2	9922	A	C	38753	6318	37	1	0	27	2.57898e-05	38775	1	FALSE	NA	NA	NA	NA	NA	NA
NC_045512.2	9923	G	C	38727	6339	37	1	1	27	2.58211e-05	38728	1	FALSE	NA	NA	NA	NA	NA	NA
NC_045512.2	9924	C	T	38387	6447	37	4	0	34	0.000104191	38391	1	FALSE	NA	NA	NA	NA	NA	NA
NC_045512.2	9925	A	G	38645	6501	37	5	1	30	0.000129366	38650	1	FALSE	NA	NA	NA	NA	NA	NA
NC_045512.2	9927	T	G	38620	6584	37	2	0	30	5.17799e-05	38625	1	FALSE	NA	NA	NA	NA	NA	NA
NC_045512.2	9927	T	C	38620	6584	37	3	1	34	7.76699e-05	38625	1	FALSE	NA	NA	NA	NA	NA	NA
NC_045512.2	9928	G	T	39776	6650	37	1	0	34	2.51383e-05	39780	1	FALSE	NA	NA	NA	NA	NA	NA
NC_045512.2	9928	G	C	39776	6650	37	1	0	26	2.51383e-05	39780	1	FALSE	NA	NA	NA	NA	NA	NA
NC_045512.2	9928	G	A	39776	6650	37	2	1	34	5.02765e-05	39780	1	FALSE	NA	NA	NA	NA	NA	NA
NC_045512.2	9929	G	T	39858	6666	37	3	0	34	7.52615e-05	39861	1	FALSE	NA	NA	NA	NA	NA	NA
NC_045512.2	9930	A	T	40230	7277	37	1	1	34	2.4854e-05	40235	1	FALSE	NA	NA	NA	NA	NA	NA
NC_045512.2	9930	A	G	40230	7277	37	4	2	34	9.94159e-05	40235	1	FALSE	NA	NA	NA	NA	NA	NA
NC_045512.2	9931	T	C	40127	7241	37	1	0	34	2.49203e-05	40128	1	FALSE	NA	NA	NA	NA	NA	NA
NC_045512.2	9932	A	T	40009	7221	37	1	0	24	2.49925e-05	40012	1	FALSE	NA	NA	NA	NA	NA	NA
NC_045512.2	9932	A	G	40009	7221	37	1	0	34	2.49925e-05	40012	1	FALSE	NA	NA	NA	NA	NA	NA
NC_045512.2	9932	A	C	40009	7221	37	1	0	34	2.49925e-05	40012	1	FALSE	NA	NA	NA	NA	NA	NA
NC_045512.2	9933	C	T	40712	7277	37	1	0	34	2.45622e-05	40713	1	FALSE	NA	NA	NA	NA	NA	NA
NC_045512.2	9934	A	T	40583	7139	37	3	3	34	7.39135e-05	40588	1	FALSE	NA	NA	NA	NA	NA	NA
NC_045512.2	9934	A	G	40583	7139	37	2	1	51	4.92756e-05	40588	0.249985	FALSE	NA	NA	NA	NA	NA	NA
NC_045512.2	9935	A	G	39130	7343	37	7	0	32	0.000178859	39137	1	FALSE	NA	NA	NA	NA	NA	NA
NC_045512.2	9936	C	T	39059	7414	37	1	0	34	2.56003e-05	39062	1	FALSE	NA	NA	NA	NA	NA	NA
NC_045512.2	9936	C	G	39059	7414	37	1	0	34	2.56003e-05	39062	1	FALSE	NA	NA	NA	NA	NA	NA
NC_045512.2	9936	C	A	39059	7414	37	1	0	26	2.56003e-05	39062	1	FALSE	NA	NA	NA	NA	NA	NA
NC_045512.2	9937	T	C	38572	6877	37	5	2	39	0.000129611	38577	1	FALSE	NA	NA	NA	NA	NA	NA
NC_045512.2	9938	A	G	38994	6891	37	4	1	30	0.000102569	38998	1	FALSE	NA	NA	NA	NA	NA	NA
NC_045512.2	9939	G	C	39099	6896	37	1	0	34	2.55741e-05	39102	1	FALSE	NA	NA	NA	NA	NA	NA
NC_045512.2	9939	G	A	39099	6896	37	2	0	34	5.11483e-05	39102	1	FALSE	NA	NA	NA	NA	NA	NA
NC_045512.2	9940	C	T	40511	10190	38	5	0	34	0.000123408	40516	1	FALSE	NA	NA	NA	NA	NA	NA
NC_045512.2	9941	T	C	40662	10199	38	6	0	34	0.000147536	40668	1	FALSE	NA	NA	NA	NA	NA	NA
NC_045512.2	9942	A	G	40610	9967	38	5	0	30	0.000123107	40615	1	FALSE	NA	NA	NA	NA	NA	NA
NC_045512.2	9943	C	T	40799	9968	38	2	0	34	4.90172e-05	40802	1	FALSE	NA	NA	NA	NA	NA	NA
NC_045512.2	9943	C	A	40799	9968	38	1	0	34	2.45086e-05	40802	1	FALSE	NA	NA	NA	NA	NA	NA
NC_045512.2	9944	A	T	40683	9887	38	1	0	34	2.45779e-05	40687	1	FALSE	NA	NA	NA	NA	NA	NA
NC_045512.2	9944	A	G	40683	9887	38	3	1	34	7.37336e-05	40687	1	FALSE	NA	NA	NA	NA	NA	NA
NC_045512.2	9945	G	A	39672	10118	38	2	0	34	5.04108e-05	39674	1	FALSE	NA	NA	NA	NA	NA	NA
NC_045512.2	9946	A	T	39523	10223	38	1	1	34	2.52998e-05	39526	1	FALSE	NA	NA	NA	NA	NA	NA
NC_045512.2	9946	A	G	39523	10223	38	2	0	34	5.05996e-05	39526	1	FALSE	NA	NA	NA	NA	NA	NA
NC_045512.2	9948	A	G	38551	10460	38	2	1	30	5.18766e-05	38553	1	FALSE	NA	NA	NA	NA	NA	NA
NC_045512.2	9949	A	G	39259	10321	38	10	7	40	0.000254654	39269	0.0461337	FALSE	NA	NA	NA	NA	NA	NA
NC_045512.2	9950	G	C	38217	10571	38	2	1	30	5.23286e-05	38220	1	FALSE	NA	NA	NA	NA	NA	NA
NC_045512.2	9950	G	A	38217	10571	38	1	0	68	2.61643e-05	38220	0.499993	FALSE	NA	NA	NA	NA	NA	NA
NC_045512.2	9951	C	G	37946	10722	38	4	0	34	0.000105399	37951	1	FALSE	NA	NA	NA	NA	NA	NA
NC_045512.2	9951	C	A	37946	10722	38	1	1	34	2.63498e-05	37951	1	FALSE	NA	NA	NA	NA	NA	NA
NC_045512.2	9951	C	+G	37946	10722	38	3	0	20	7.90493e-05	37951	1	FALSE	NA	NA	NA	NA	NA	NA
NC_045512.2	9952	T	C	38009	10774	38	2	0	34	5.26136e-05	38013	1	FALSE	NA	NA	NA	NA	NA	NA
NC_045512.2	9952	T	A	38009	10774	38	2	0	34	5.26136e-05	38013	1	FALSE	NA	NA	NA	NA	NA	NA
NC_045512.2	9953	G	A	38365	10778	38	4	0	34	0.000104251	38369	1	FALSE	NA	NA	NA	NA	NA	NA
NC_045512.2	9954	C	T	38483	11455	39	8	2	51	0.000207841	38491	0.00390524	TRUE	NA	NA	NA	NA	NA	NA
NC_045512.2	9955	T	C	38502	11470	39	4	2	34	0.00010388	38506	1	FALSE	NA	NA	NA	NA	NA	NA
NC_045512.2	9956	T	C	38892	11537	39	1	0	34	2.57102e-05	38895	1	FALSE	NA	NA	NA	NA	NA	NA
NC_045512.2	9956	T	A	38892	11537	39	2	0	34	5.14205e-05	38895	1	FALSE	NA	NA	NA	NA	NA	NA
NC_045512.2	9957	G	A	38133	11752	38	1	0	34	2.62233e-05	38134	1	FALSE	NA	NA	NA	NA	NA	NA
NC_045512.2	9958	T	C	37388	11879	38	2	0	34	5.34874e-05	37392	1	FALSE	NA	NA	NA	NA	NA	NA
NC_045512.2	9958	T	A	37388	11879	38	2	1	27	5.34874e-05	37392	1	FALSE	NA	NA	NA	NA	NA	NA
NC_045512.2	9959	T	C	37265	11913	38	5	1	34	0.000134156	37270	1	FALSE	NA	NA	NA	NA	NA	NA
NC_045512.2	9960	G	T	33632	10850	38	3752	1097	38	0.10034	37393	0	TRUE	NA	NA	NA	NA	NA	NA
NC_045512.2	9960	G	C	33632	10850	38	8	7	32	0.000213944	37393	0.999992	FALSE	NA	NA	NA	NA	NA	NA
NC_045512.2	9960	G	A	33632	10850	38	1	0	34	2.6743e-05	37393	1	FALSE	NA	NA	NA	NA	NA	NA
NC_045512.2	9961	T	C	37029	11679	38	8	1	34	0.000215994	37038	0.999998	FALSE	NA	NA	NA	NA	NA	NA
NC_045512.2	9961	T	A	37029	11679	38	1	0	34	2.69993e-05	37038	1	FALSE	NA	NA	NA	NA	NA	NA
NC_045512.2	9962	C	T	35957	11754	38	4	1	32	0.000111219	35965	1	FALSE	NA	NA	NA	NA	NA	NA
NC_045512.2	9962	C	G	35957	11754	38	3	0	31	8.34144e-05	35965	1	FALSE	NA	NA	NA	NA	NA	NA
NC_045512.2	9962	C	A	35957	11754	38	1	0	34	2.78048e-05	35965	1	FALSE	NA	NA	NA	NA	NA	NA
NC_045512.2	9963	A	T	35867	11744	38	1	1	68	2.78761e-05	35873	0.499972	FALSE	NA	NA	NA	NA	NA	NA
NC_045512.2	9963	A	G	35867	11744	38	4	0	34	0.000111504	35873	1	FALSE	NA	NA	NA	NA	NA	NA
NC_045512.2	9963	A	C	35867	11744	38	1	1	34	2.78761e-05	35873	1	FALSE	NA	NA	NA	NA	NA	NA
NC_045512.2	9964	T	G	33813	11307	37	1	0	34	2.95666e-05	33822	1	FALSE	NA	NA	NA	NA	NA	NA
NC_045512.2	9964	T	C	33813	11307	37	6	1	33	0.000177399	33822	0.999999	FALSE	NA	NA	NA	NA	NA	NA
NC_045512.2	9964	T	A	33813	11307	37	2	1	26	5.91331e-05	33822	1	FALSE	NA	NA	NA	NA	NA	NA
NC_045512.2	9965	C	G	33980	11721	38	1	0	26	2.94273e-05	33982	1	FALSE	NA	NA	NA	NA	NA	NA
NC_045512.2	9965	C	A	33980	11721	38	1	0	34	2.94273e-05	33982	1	FALSE	NA	NA	NA	NA	NA	NA
NC_045512.2	9966	T	C	33953	11635	38	3	2	34	8.83444e-05	33958	1	FALSE	NA	NA	NA	NA	NA	NA
NC_045512.2	9966	T	A	33953	11635	38	2	0	34	5.88963e-05	33958	1	FALSE	NA	NA	NA	NA	NA	NA
NC_045512.2	9967	C	T	34239	11694	38	1	0	34	2.92048e-05	34241	1	FALSE	NA	NA	NA	NA	NA	NA
NC_045512.2	9967	C	A	34239	11694	38	1	0	68	2.92048e-05	34241	0.5	FALSE	NA	NA	NA	NA	NA	NA
NC_045512.2	9968	G	A	34189	11648	38	26	19	35	0.000759901	34215	0.877596	FALSE	NA	NA	NA	NA	NA	NA
NC_045512.2	9969	C	T	34170	11736	38	1	0	34	2.92646e-05	34171	1	FALSE	NA	NA	NA	NA	NA	NA
NC_045512.2	9970	A	G	33937	11726	38	4	1	34	0.000117848	33942	1	FALSE	NA	NA	NA	NA	NA	NA
NC_045512.2	9970	A	C	33937	11726	38	1	0	26	2.9462e-05	33942	1	FALSE	NA	NA	NA	NA	NA	NA
NC_045512.2	9971	A	G	34141	11724	38	5	1	34	0.00014643	34146	1	FALSE	NA	NA	NA	NA	NA	NA
NC_045512.2	9972	A	T	31240	11849	37	1	0	34	3.20051e-05	31245	1	FALSE	NA	NA	NA	NA	NA	NA
NC_045512.2	9972	A	G	31240	11849	37	4	3	40	0.00012802	31245	0.5	FALSE	NA	NA	NA	NA	NA	NA
NC_045512.2	9974	G	A	33250	11952	38	2	0	34	6.01468e-05	33252	1	FALSE	NA	NA	NA	NA	NA	NA
NC_045512.2	9975	C	T	26745	12859	36	3	3	34	0.000112137	26753	0.999999	FALSE	NA	NA	NA	NA	NA	NA
NC_045512.2	9975	C	G	26745	12859	36	1	0	34	3.7379e-05	26753	1	FALSE	NA	NA	NA	NA	NA	NA
NC_045512.2	9975	C	A	26745	12859	36	4	2	68	0.000149516	26753	0.062479	FALSE	NA	NA	NA	NA	NA	NA
NC_045512.2	9976	T	C	26137	12228	36	3	3	34	0.000114767	26140	0.999999	FALSE	NA	NA	NA	NA	NA	NA
NC_045512.2	9978	T	G	26919	13182	36	1	0	26	3.71402e-05	26925	1	FALSE	NA	NA	NA	NA	NA	NA
NC_045512.2	9978	T	C	26919	13182	36	5	2	34	0.000185701	26925	0.999983	FALSE	NA	NA	NA	NA	NA	NA
NC_045512.2	9979	C	+A	28488	14931	37	1	0	20	3.51025e-05	28488	1	FALSE	NA	NA	NA	NA	NA	NA
NC_045512.2	9980	A	G	28763	15285	37	2	2	34	6.95289e-05	28765	1	FALSE	NA	NA	NA	NA	NA	NA
NC_045512.2	9981	A	G	28814	15395	37	1	0	26	3.47029e-05	28816	1	FALSE	NA	NA	NA	NA	NA	NA
NC_045512.2	9981	A	C	28814	15395	37	1	0	24	3.47029e-05	28816	1	FALSE	NA	NA	NA	NA	NA	NA
NC_045512.2	9982	T	C	28512	15108	37	3	2	34	0.000105204	28516	1	FALSE	NA	NA	NA	NA	NA	NA
NC_045512.2	9982	T	A	28512	15108	37	1	1	26	3.5068e-05	28516	1	FALSE	NA	NA	NA	NA	NA	NA
NC_045512.2	9983	G	T	28532	15023	37	5	4	61	0.000175205	28538	0.0312445	FALSE	NA	NA	NA	NA	NA	NA
NC_045512.2	9983	G	C	28532	15023	37	1	1	34	3.5041e-05	28538	1	FALSE	NA	NA	NA	NA	NA	NA
NC_045512.2	9984	A	G	28212	15179	37	4	3	29	0.000141764	28216	1	FALSE	NA	NA	NA	NA	NA	NA
NC_045512.2	9985	C	T	27639	15380	36	2	1	51	7.23563e-05	27641	0.250005	FALSE	NA	NA	NA	NA	NA	NA
NC_045512.2	9986	T	C	27145	14906	36	8	5	38	0.000294627	27153	0.999747	FALSE	NA	NA	NA	NA	NA	NA
NC_045512.2	9987	T	G	27152	14932	36	1	1	26	3.68256e-05	27155	1	FALSE	NA	NA	NA	NA	NA	NA
NC_045512.2	9987	T	C	27152	14932	36	1	1	34	3.68256e-05	27155	1	FALSE	NA	NA	NA	NA	NA	NA
NC_045512.2	9987	T	A	27152	14932	36	1	1	34	3.68256e-05	27155	1	FALSE	NA	NA	NA	NA	NA	NA
NC_045512.2	9988	C	T	27460	14876	36	1	1	34	3.6414e-05	27462	1	FALSE	NA	NA	NA	NA	NA	NA
NC_045512.2	9988	C	A	27460	14876	36	1	0	34	3.6414e-05	27462	1	FALSE	NA	NA	NA	NA	NA	NA
NC_045512.2	9989	A	G	27428	14840	36	5	0	32	0.000182262	27433	0.99999	FALSE	NA	NA	NA	NA	NA	NA
NC_045512.2	9990	G	C	27446	14832	36	1	1	34	3.64325e-05	27448	1	FALSE	NA	NA	NA	NA	NA	NA
NC_045512.2	9990	G	A	27446	14832	36	1	0	34	3.64325e-05	27448	1	FALSE	NA	NA	NA	NA	NA	NA
NC_045512.2	9991	T	C	27456	15118	36	1	1	34	3.64206e-05	27457	1	FALSE	NA	NA	NA	NA	NA	NA
NC_045512.2	9992	A	T	27780	15446	36	1	0	68	3.59945e-05	27782	0.5	FALSE	NA	NA	NA	NA	NA	NA
NC_045512.2	9992	A	G	27780	15446	36	1	0	24	3.59945e-05	27782	1	FALSE	NA	NA	NA	NA	NA	NA
NC_045512.2	9993	A	G	27856	15492	37	2	1	34	7.17927e-05	27858	1	FALSE	NA	NA	NA	NA	NA	NA
NC_045512.2	9994	C	T	27548	15718	36	3	3	34	0.000108889	27551	1	FALSE	NA	NA	NA	NA	NA	NA
NC_045512.2	9995	T	G	27469	15655	36	1	1	34	3.63967e-05	27475	1	FALSE	NA	NA	NA	NA	NA	NA
NC_045512.2	9995	T	C	27469	15655	36	5	2	40	0.000181984	27475	0.226548	FALSE	NA	NA	NA	NA	NA	NA
NC_045512.2	9996	C	G	27429	15624	36	3	0	34	0.000109353	27434	1	FALSE	NA	NA	NA	NA	NA	NA
NC_045512.2	9996	C	A	27429	15624	36	2	2	34	7.29022e-05	27434	1	FALSE	NA	NA	NA	NA	NA	NA
NC_045512.2	9997	A	T	26662	15219	36	3	3	45	0.000112503	26666	0.5	FALSE	NA	NA	NA	NA	NA	NA
NC_045512.2	9997	A	G	26662	15219	36	1	0	34	3.75009e-05	26666	1	FALSE	NA	NA	NA	NA	NA	NA
NC_045512.2	9998	G	T	27100	15215	36	2	2	34	7.37953e-05	27102	1	FALSE	NA	NA	NA	NA	NA	NA
NC_045512.2	9999	G	T	28289	16343	37	2	2	30	7.06939e-05	28291	1	FALSE	NA	NA	NA	NA	NA	NA
NC_045512.2	10000	T	C	29735	18034	37	2	1	51	6.72563e-05	29737	0.250004	FALSE	NA	NA	NA	NA	NA	NA
NC_045512.2	10001	T	C	30008	18315	37	2	2	51	6.66445e-05	30010	0.250004	FALSE	NA	NA	NA	NA	NA	NA
NC_045512.2	10002	C	T	29500	18497	37	2	1	34	6.77897e-05	29503	1	FALSE	NA	NA	NA	NA	NA	NA
NC_045512.2	10002	C	A	29500	18497	37	1	0	34	3.38949e-05	29503	1	FALSE	NA	NA	NA	NA	NA	NA
NC_045512.2	10003	T	C	29033	18023	37	5	3	37	0.000172159	29043	0.999997	FALSE	NA	NA	NA	NA	NA	NA
NC_045512.2	10003	T	A	29033	18023	37	5	0	34	0.000172159	29043	0.999997	FALSE	NA	NA	NA	NA	NA	NA
NC_045512.2	10004	G	A	29048	18011	37	2	2	34	6.88468e-05	29050	1	FALSE	NA	NA	NA	NA	NA	NA
NC_045512.2	10005	A	G	30221	19373	37	1	1	68	3.30885e-05	30222	0.500008	FALSE	NA	NA	NA	NA	NA	NA
NC_045512.2	10006	T	G	31047	20284	37	1	0	34	3.22072e-05	31049	1	FALSE	NA	NA	NA	NA	NA	NA
NC_045512.2	10006	T	C	31047	20284	37	1	1	34	3.22072e-05	31049	1	FALSE	NA	NA	NA	NA	NA	NA
NC_045512.2	10007	G	A	31378	20291	37	2	2	34	6.37349e-05	31380	1	FALSE	NA	NA	NA	NA	NA	NA
NC_045512.2	10008	T	C	31104	20137	37	4	2	32	0.000128584	31108	1	FALSE	NA	NA	NA	NA	NA	NA
NC_045512.2	10009	T	C	31660	20932	36	4	3	31	0.000126326	31664	1	FALSE	NA	NA	NA	NA	NA	NA
NC_045512.2	10010	C	T	32254	22449	37	2	1	51	6.2004e-05	32256	0.250004	FALSE	NA	NA	NA	NA	NA	NA
NC_045512.2	10010	C	-T	32254	22449	37	1	0	20	3.1002e-05	32256	1	FALSE	NA	NA	NA	NA	NA	NA
NC_045512.2	10011	T	C	31184	21369	36	1	0	34	3.20667e-05	31185	1	FALSE	NA	NA	NA	NA	NA	NA
NC_045512.2	10012	T	G	31804	21911	37	1	1	26	3.14386e-05	31808	1	FALSE	NA	NA	NA	NA	NA	NA
NC_045512.2	10012	T	C	31804	21911	37	3	2	31	9.43159e-05	31808	1	FALSE	NA	NA	NA	NA	NA	NA
NC_045512.2	10013	T	C	31841	22134	37	6	5	34	0.000188401	31847	0.999996	FALSE	NA	NA	NA	NA	NA	NA
NC_045512.2	10014	A	T	32890	23412	38	1	1	34	3.03988e-05	32896	1	FALSE	NA	NA	NA	NA	NA	NA
NC_045512.2	10014	A	G	32890	23412	38	4	4	34	0.000121595	32896	1	FALSE	NA	NA	NA	NA	NA	NA
NC_045512.2	10014	A	C	32890	23412	38	1	1	34	3.03988e-05	32896	1	FALSE	NA	NA	NA	NA	NA	NA
NC_045512.2	10015	C	T	32933	23511	38	2	2	34	6.07257e-05	32935	1	FALSE	NA	NA	NA	NA	NA	NA
NC_045512.2	10017	A	G	32752	23321	38	18	15	35	0.000549283	32770	0.983618	FALSE	NA	NA	NA	NA	NA	NA
NC_045512.2	10018	A	G	32470	23371	37	3	1	56	9.23844e-05	32473	0.125	FALSE	NA	NA	NA	NA	NA	NA
NC_045512.2	10019	C	T	33150	23763	38	1	1	26	3.01623e-05	33154	1	FALSE	NA	NA	NA	NA	NA	NA
NC_045512.2	10019	C	G	33150	23763	38	3	2	34	9.04868e-05	33154	1	FALSE	NA	NA	NA	NA	NA	NA
NC_045512.2	10020	C	T	33157	23814	38	1	1	34	3.01586e-05	33158	1	FALSE	NA	NA	NA	NA	NA	NA
NC_045512.2	10021	A	T	32819	23446	38	1	0	24	3.04655e-05	32824	1	FALSE	NA	NA	NA	NA	NA	NA
NC_045512.2	10021	A	G	32819	23446	38	3	1	34	9.13965e-05	32824	1	FALSE	NA	NA	NA	NA	NA	NA
NC_045512.2	10021	A	C	32819	23446	38	1	1	34	3.04655e-05	32824	1	FALSE	NA	NA	NA	NA	NA	NA
NC_045512.2	10022	C	T	33158	23695	38	1	0	34	3.01532e-05	33164	1	FALSE	NA	NA	NA	NA	NA	NA
NC_045512.2	10022	C	G	33158	23695	38	2	0	30	6.03064e-05	33164	1	FALSE	NA	NA	NA	NA	NA	NA
NC_045512.2	10022	C	A	33158	23695	38	3	2	31	9.04595e-05	33164	1	FALSE	NA	NA	NA	NA	NA	NA
NC_045512.2	10023	C	T	33028	23760	37	1	1	34	3.02764e-05	33029	1	FALSE	NA	NA	NA	NA	NA	NA
NC_045512.2	10024	A	T	33256	24040	37	1	1	34	3.00689e-05	33257	1	FALSE	NA	NA	NA	NA	NA	NA
NC_045512.2	10025	C	+A	33439	24289	37	1	0	20	2.99052e-05	33439	1	FALSE	NA	NA	NA	NA	NA	NA
NC_045512.2	10026	A	T	33294	24163	38	3	2	45	9.00874e-05	33301	0.656215	FALSE	NA	NA	NA	NA	NA	NA
NC_045512.2	10026	A	G	33294	24163	38	4	1	35	0.000120117	33301	1	FALSE	NA	NA	NA	NA	NA	NA
NC_045512.2	10027	A	T	33350	24237	37	1	1	34	2.99814e-05	33354	1	FALSE	NA	NA	NA	NA	NA	NA
NC_045512.2	10027	A	G	33350	24237	37	1	1	34	2.99814e-05	33354	1	FALSE	NA	NA	NA	NA	NA	NA
NC_045512.2	10027	A	C	33350	24237	37	2	2	30	5.99628e-05	33354	1	FALSE	NA	NA	NA	NA	NA	NA
NC_045512.2	10027	A	-AC	33350	24237	37	2	0	20	5.99628e-05	33354	1	FALSE	NA	NA	NA	NA	NA	NA
NC_045512.2	10028	A	T	32704	24544	36	1	1	34	3.05764e-05	32705	1	FALSE	NA	NA	NA	NA	NA	NA
NC_045512.2	10029	C	T	4	3	40	31487	23691	36	0.999809	31493	0	TRUE	NA	NA	NA	NA	NA	NA
NC_045512.2	10029	C	A	4	3	40	2	2	26	6.35062e-05	31493	0.00146543	TRUE	NA	NA	NA	NA	NA	NA
NC_045512.2	10030	C	T	33687	25929	37	1	0	34	2.96815e-05	33691	1	FALSE	NA	NA	NA	NA	NA	NA
NC_045512.2	10030	C	G	33687	25929	37	3	3	34	8.90446e-05	33691	1	FALSE	NA	NA	NA	NA	NA	NA
NC_045512.2	10031	T	C	31379	23594	36	1	1	34	3.18664e-05	31381	1	FALSE	NA	NA	NA	NA	NA	NA
NC_045512.2	10031	T	A	31379	23594	36	1	0	34	3.18664e-05	31381	1	FALSE	NA	NA	NA	NA	NA	NA
NC_045512.2	10033	T	G	34643	27724	36	1	0	26	2.88609e-05	34649	1	FALSE	NA	NA	NA	NA	NA	NA
NC_045512.2	10033	T	C	34643	27724	36	3	2	45	8.65826e-05	34649	0.65623	FALSE	NA	NA	NA	NA	NA	NA
NC_045512.2	10033	T	A	34643	27724	36	2	2	26	5.77217e-05	34649	1	FALSE	NA	NA	NA	NA	NA	NA
NC_045512.2	10034	A	G	36437	29612	37	1	1	34	2.74439e-05	36438	1	FALSE	NA	NA	NA	NA	NA	NA
NC_045512.2	10035	T	C	36258	29531	37	4	4	32	0.000110293	36267	1	FALSE	NA	NA	NA	NA	NA	NA
NC_045512.2	10035	T	A	36258	29531	37	5	4	28	0.000137866	36267	1	FALSE	NA	NA	NA	NA	NA	NA
NC_045512.2	10036	C	T	36909	30314	37	5	2	34	0.00013545	36914	1	FALSE	NA	NA	NA	NA	NA	NA
NC_045512.2	10037	A	G	36515	29888	37	4	4	41	0.000109532	36519	0.500015	FALSE	NA	NA	NA	NA	NA	NA
NC_045512.2	10037	A	-CCTCAGCTGTTTTGCAGAGTGGTTTTAGAAAAATGGCATT	36515	29888	37	5	0	20	0.000136915	36519	1	FALSE	NA	NA	NA	NA	NA	NA
NC_045512.2	10038	C	T	37516	31165	37	1	1	34	2.66525e-05	37520	1	FALSE	NA	NA	NA	NA	NA	NA
NC_045512.2	10038	C	A	37516	31165	37	3	3	34	7.99574e-05	37520	1	FALSE	NA	NA	NA	NA	NA	NA
NC_045512.2	10039	C	T	37072	31101	37	2	1	53	5.39389e-05	37079	0.249936	FALSE	NA	NA	NA	NA	NA	NA
NC_045512.2	10039	C	A	37072	31101	37	5	2	34	0.000134847	37079	1	FALSE	NA	NA	NA	NA	NA	NA
NC_045512.2	10040	T	G	33715	27851	37	2	2	34	5.92856e-05	33735	1	FALSE	NA	NA	NA	NA	NA	NA
NC_045512.2	10040	T	C	33715	27851	37	18	17	32	0.00053357	33735	0.98796	FALSE	NA	NA	NA	NA	NA	NA
NC_045512.2	10041	C	G	34241	28369	37	1	1	34	2.92039e-05	34242	1	FALSE	NA	NA	NA	NA	NA	NA
NC_045512.2	10042	A	G	34018	28192	37	10	9	36	0.000293876	34028	0.999947	FALSE	NA	NA	NA	NA	NA	NA
NC_045512.2	10043	G	C	34147	28354	37	1	1	34	2.92843e-05	34148	1	FALSE	NA	NA	NA	NA	NA	NA
NC_045512.2	10044	C	T	34371	28951	37	3	3	34	8.72753e-05	34374	1	FALSE	NA	NA	NA	NA	NA	NA
NC_045512.2	10045	T	C	33910	28480	37	4	3	34	0.000117945	33914	1	FALSE	NA	NA	NA	NA	NA	NA
NC_045512.2	10046	G	-T	34452	28760	37	3	0	20	8.7065e-05	34457	1	FALSE	NA	NA	NA	NA	NA	NA
NC_045512.2	10047	T	C	34066	28368	37	3	3	34	8.80566e-05	34069	1	FALSE	NA	NA	NA	NA	NA	NA
NC_045512.2	10049	T	C	37407	32010	37	5	5	32	0.000133647	37412	1	FALSE	NA	NA	NA	NA	NA	NA
NC_045512.2	10050	T	C	37180	31842	37	20	17	37	0.000537634	37200	0.991837	FALSE	NA	NA	NA	NA	NA	NA
NC_045512.2	10051	G	A	37179	31859	37	9	7	45	0.000242014	37188	0.0729558	FALSE	NA	NA	NA	NA	NA	NA
NC_045512.2	10052	C	T	37292	32049	37	8	5	55	0.000214466	37302	0.00390227	TRUE	NA	NA	NA	NA	NA	NA
NC_045512.2	10052	C	A	37292	32049	37	2	2	34	5.36164e-05	37302	1	FALSE	NA	NA	NA	NA	NA	NA
NC_045512.2	10053	A	T	36972	31828	37	3	3	34	8.11118e-05	36986	1	FALSE	NA	NA	NA	NA	NA	NA
NC_045512.2	10053	A	G	36972	31828	37	11	10	34	0.00029741	36986	0.999951	FALSE	NA	NA	NA	NA	NA	NA
NC_045512.2	10054	G	T	36921	31899	37	1	1	34	2.70783e-05	36930	1	FALSE	NA	NA	NA	NA	NA	NA
NC_045512.2	10054	G	C	36921	31899	37	7	7	32	0.000189548	36930	0.999999	FALSE	NA	NA	NA	NA	NA	NA
NC_045512.2	10054	G	A	36921	31899	37	1	1	34	2.70783e-05	36930	1	FALSE	NA	NA	NA	NA	NA	NA
NC_045512.2	10055	A	T	36195	31296	37	2	1	51	5.52486e-05	36200	0.249948	FALSE	NA	NA	NA	NA	NA	NA
NC_045512.2	10055	A	G	36195	31296	37	2	2	34	5.52486e-05	36200	1	FALSE	NA	NA	NA	NA	NA	NA
NC_045512.2	10055	A	C	36195	31296	37	1	1	26	2.76243e-05	36200	1	FALSE	NA	NA	NA	NA	NA	NA
NC_045512.2	10057	T	C	36282	31631	37	1	1	34	2.75611e-05	36283	1	FALSE	NA	NA	NA	NA	NA	NA
NC_045512.2	10058	G	T	36006	31495	37	1	1	34	2.77716e-05	36008	1	FALSE	NA	NA	NA	NA	NA	NA
NC_045512.2	10058	G	A	36006	31495	37	1	1	34	2.77716e-05	36008	1	FALSE	NA	NA	NA	NA	NA	NA
NC_045512.2	10059	G	A	36370	31856	37	2	2	34	5.49874e-05	36372	1	FALSE	NA	NA	NA	NA	NA	NA
NC_045512.2	10060	T	C	36920	32461	37	1	1	34	2.70849e-05	36921	1	FALSE	NA	NA	NA	NA	NA	NA
NC_045512.2	10061	T	C	37052	32704	37	3	3	34	8.09585e-05	37056	1	FALSE	NA	NA	NA	NA	NA	NA
NC_045512.2	10061	T	A	37052	32704	37	1	1	34	2.69862e-05	37056	1	FALSE	NA	NA	NA	NA	NA	NA
NC_045512.2	10062	T	C	37160	32809	37	2	2	34	5.38184e-05	37162	1	FALSE	NA	NA	NA	NA	NA	NA
NC_045512.2	10063	T	C	38614	34464	37	1	1	26	2.5896e-05	38616	1	FALSE	NA	NA	NA	NA	NA	NA
NC_045512.2	10063	T	A	38614	34464	37	1	1	34	2.5896e-05	38616	1	FALSE	NA	NA	NA	NA	NA	NA
NC_045512.2	10064	A	G	38539	34425	37	4	4	32	0.00010378	38543	1	FALSE	NA	NA	NA	NA	NA	NA
NC_045512.2	10065	G	T	38251	34158	37	2	2	34	5.22821e-05	38254	1	FALSE	NA	NA	NA	NA	NA	NA
NC_045512.2	10065	G	A	38251	34158	37	1	1	26	2.61411e-05	38254	1	FALSE	NA	NA	NA	NA	NA	NA
NC_045512.2	10065	G	-A	38251	34158	37	1	0	20	2.61376e-05	38259	1	FALSE	NA	NA	NA	NA	NA	NA
NC_045512.2	10066	A	G	43628	40091	37	1	1	34	2.29205e-05	43629	1	FALSE	NA	NA	NA	NA	NA	NA
NC_045512.2	10067	A	G	45619	42325	37	2	2	30	4.38385e-05	45622	1	FALSE	NA	NA	NA	NA	NA	NA
NC_045512.2	10067	A	C	45619	42325	37	1	1	34	2.19192e-05	45622	1	FALSE	NA	NA	NA	NA	NA	NA
NC_045512.2	10068	A	G	45447	42263	37	3	2	34	6.60066e-05	45450	1	FALSE	NA	NA	NA	NA	NA	NA
NC_045512.2	10069	A	T	45320	42139	37	1	1	26	2.20643e-05	45322	1	FALSE	NA	NA	NA	NA	NA	NA
NC_045512.2	10069	A	C	45320	42139	37	1	1	26	2.20643e-05	45322	1	FALSE	NA	NA	NA	NA	NA	NA
NC_045512.2	10070	A	G	45315	42157	37	3	3	45	6.61989e-05	45318	0.77341	FALSE	NA	NA	NA	NA	NA	NA
NC_045512.2	10071	T	C	45097	41952	37	3	2	31	6.65188e-05	45100	1	FALSE	NA	NA	NA	NA	NA	NA
NC_045512.2	10072	G	T	45340	42180	37	2	2	34	4.40995e-05	45352	1	FALSE	NA	NA	NA	NA	NA	NA
NC_045512.2	10072	G	A	45340	42180	37	10	10	34	0.000220497	45352	1	FALSE	NA	NA	NA	NA	NA	NA
NC_045512.2	10073	G	A	45021	41857	37	5	5	34	0.000111047	45026	1	FALSE	NA	NA	NA	NA	NA	NA
NC_045512.2	10073	G	+CATTCC	45021	41857	37	1	0	20	2.22069e-05	45031	1	FALSE	NA	NA	NA	NA	NA	NA
NC_045512.2	10074	C	T	45264	42394	37	12	11	32	0.000265035	45277	0.999998	FALSE	NA	NA	NA	NA	NA	NA
NC_045512.2	10074	C	G	45264	42394	37	1	1	34	2.20863e-05	45277	1	FALSE	NA	NA	NA	NA	NA	NA
NC_045512.2	10075	A	T	45290	42416	37	3	3	34	6.62237e-05	45301	1	FALSE	NA	NA	NA	NA	NA	NA
NC_045512.2	10075	A	G	45290	42416	37	8	8	36	0.000176597	45301	1	FALSE	NA	NA	NA	NA	NA	NA
NC_045512.2	10076	T	C	44520	41735	37	6	6	32	0.00013475	44527	1	FALSE	NA	NA	NA	NA	NA	NA
NC_045512.2	10076	T	A	44520	41735	37	1	1	34	2.24583e-05	44527	1	FALSE	NA	NA	NA	NA	NA	NA
NC_045512.2	10077	T	C	44952	42174	37	12	12	34	0.00026688	44964	0.999997	FALSE	NA	NA	NA	NA	NA	NA
NC_045512.2	10077	T	-C	44952	42174	37	1	0	20	2.22375e-05	44969	1	FALSE	NA	NA	NA	NA	NA	NA
NC_045512.2	10078	C	T	45221	42675	36	5	5	34	0.000110553	45227	1	FALSE	NA	NA	NA	NA	NA	NA
NC_045512.2	10078	C	G	45221	42675	36	1	0	27	2.21107e-05	45227	1	FALSE	NA	NA	NA	NA	NA	NA
NC_045512.2	10079	C	T	44642	42129	36	2	2	34	4.47908e-05	44652	1	FALSE	NA	NA	NA	NA	NA	NA
NC_045512.2	10079	C	G	44642	42129	36	2	2	34	4.47908e-05	44652	1	FALSE	NA	NA	NA	NA	NA	NA
NC_045512.2	10079	C	A	44642	42129	36	6	6	34	0.000134372	44652	1	FALSE	NA	NA	NA	NA	NA	NA
NC_045512.2	10080	C	T	42566	40080	37	1	1	34	2.34907e-05	42570	1	FALSE	NA	NA	NA	NA	NA	NA
NC_045512.2	10080	C	G	42566	40080	37	1	1	34	2.34907e-05	42570	1	FALSE	NA	NA	NA	NA	NA	NA
NC_045512.2	10080	C	A	42566	40080	37	2	2	34	4.69814e-05	42570	1	FALSE	NA	NA	NA	NA	NA	NA
NC_045512.2	10081	A	G	42199	39724	37	1	1	34	2.36967e-05	42200	1	FALSE	NA	NA	NA	NA	NA	NA
NC_045512.2	10082	T	C	41689	39214	36	9	9	34	0.000215838	41698	0.999999	FALSE	NA	NA	NA	NA	NA	NA
NC_045512.2	10083	C	T	42046	39778	36	2	2	34	4.75602e-05	42052	1	FALSE	NA	NA	NA	NA	NA	NA
NC_045512.2	10083	C	G	42046	39778	36	1	1	34	2.37801e-05	42052	1	FALSE	NA	NA	NA	NA	NA	NA
NC_045512.2	10083	C	A	42046	39778	36	3	3	42	7.13402e-05	42052	0.773428	FALSE	NA	NA	NA	NA	NA	NA
NC_045512.2	10084	T	C	41846	39581	36	3	3	34	7.16863e-05	41849	1	FALSE	NA	NA	NA	NA	NA	NA
NC_045512.2	10085	G	T	41455	39192	36	3	1	34	7.23519e-05	41464	1	FALSE	NA	NA	NA	NA	NA	NA
NC_045512.2	10085	G	A	41455	39192	36	6	6	34	0.000144704	41464	1	FALSE	NA	NA	NA	NA	NA	NA
NC_045512.2	10086	G	C	41725	39457	36	5	5	34	0.000119812	41732	1	FALSE	NA	NA	NA	NA	NA	NA
NC_045512.2	10086	G	A	41725	39457	36	2	2	34	4.79249e-05	41732	1	FALSE	NA	NA	NA	NA	NA	NA
NC_045512.2	10087	T	C	41592	39324	36	4	4	42	9.61631e-05	41596	0.636738	FALSE	NA	NA	NA	NA	NA	NA
NC_045512.2	10088	A	G	41749	39485	36	1	1	34	2.39521e-05	41750	1	FALSE	NA	NA	NA	NA	NA	NA
NC_045512.2	10089	A	G	41569	39508	36	4	4	32	9.62163e-05	41573	1	FALSE	NA	NA	NA	NA	NA	NA
NC_045512.2	10090	A	T	41512	39479	36	1	1	34	2.40865e-05	41517	1	FALSE	NA	NA	NA	NA	NA	NA
NC_045512.2	10090	A	G	41512	39479	36	4	4	34	9.63461e-05	41517	1	FALSE	NA	NA	NA	NA	NA	NA
NC_045512.2	10092	T	C	40580	38542	35	1	1	26	2.46421e-05	40581	1	FALSE	NA	NA	NA	NA	NA	NA
NC_045512.2	10093	T	C	40887	38880	36	1	1	34	2.44565e-05	40889	1	FALSE	NA	NA	NA	NA	NA	NA
NC_045512.2	10093	T	A	40887	38880	36	1	1	34	2.44565e-05	40889	1	FALSE	NA	NA	NA	NA	NA	NA
NC_045512.2	10094	G	C	40719	38726	36	2	2	30	4.91123e-05	40723	1	FALSE	NA	NA	NA	NA	NA	NA
NC_045512.2	10094	G	A	40719	38726	36	2	2	34	4.91123e-05	40723	1	FALSE	NA	NA	NA	NA	NA	NA
NC_045512.2	10095	A	T	40400	38543	36	2	2	30	4.94915e-05	40411	1	FALSE	NA	NA	NA	NA	NA	NA
NC_045512.2	10095	A	G	40400	38543	36	9	8	37	0.000222712	40411	0.999999	FALSE	NA	NA	NA	NA	NA	NA
NC_045512.2	10096	G	T	40401	38545	36	15	15	33	0.00037114	40416	0.999823	FALSE	NA	NA	NA	NA	NA	NA
NC_045512.2	10097	G	T	40382	38534	36	1	1	34	2.47617e-05	40385	1	FALSE	NA	NA	NA	NA	NA	NA
NC_045512.2	10097	G	C	40382	38534	36	1	1	34	2.47617e-05	40385	1	FALSE	NA	NA	NA	NA	NA	NA
NC_045512.2	10097	G	A	40382	38534	36	1	1	34	2.47617e-05	40385	1	FALSE	NA	NA	NA	NA	NA	NA
NC_045512.2	10098	G	C	40297	38453	36	1	1	34	2.48127e-05	40302	1	FALSE	NA	NA	NA	NA	NA	NA
NC_045512.2	10098	G	A	40297	38453	36	4	4	34	9.92507e-05	40302	1	FALSE	NA	NA	NA	NA	NA	NA
NC_045512.2	10099	T	G	39253	37470	36	1	1	34	2.54751e-05	39254	1	FALSE	NA	NA	NA	NA	NA	NA
NC_045512.2	10100	T	C	37234	35597	36	2	1	30	5.371e-05	37237	1	FALSE	NA	NA	NA	NA	NA	NA
NC_045512.2	10100	T	A	37234	35597	36	1	1	34	2.6855e-05	37237	1	FALSE	NA	NA	NA	NA	NA	NA
NC_045512.2	10101	G	T	37135	35500	36	1	1	34	2.6928e-05	37136	1	FALSE	NA	NA	NA	NA	NA	NA
NC_045512.2	10102	T	C	36862	35231	36	4	4	34	0.000108501	36866	1	FALSE	NA	NA	NA	NA	NA	NA
NC_045512.2	10103	A	G	36828	35299	36	7	7	34	0.000190037	36835	0.999999	FALSE	NA	NA	NA	NA	NA	NA
NC_045512.2	10104	T	G	63385	36313	35	1	0	26	1.57744e-05	63394	1	FALSE	NA	NA	NA	NA	NA	NA
NC_045512.2	10104	T	C	63385	36313	35	7	5	32	0.000110421	63394	1	FALSE	NA	NA	NA	NA	NA	NA
NC_045512.2	10104	T	A	63385	36313	35	1	1	34	1.57744e-05	63394	1	FALSE	NA	NA	NA	NA	NA	NA
NC_045512.2	10105	G	T	62248	34790	35	1	0	34	1.60622e-05	62258	1	FALSE	NA	NA	NA	NA	NA	NA
NC_045512.2	10105	G	C	62248	34790	35	5	5	32	8.0311e-05	62258	1	FALSE	NA	NA	NA	NA	NA	NA
NC_045512.2	10105	G	A	62248	34790	35	4	1	32	6.42488e-05	62258	1	FALSE	NA	NA	NA	NA	NA	NA
NC_045512.2	10106	G	C	65489	34864	35	1	0	34	1.52693e-05	65491	1	FALSE	NA	NA	NA	NA	NA	NA
NC_045512.2	10106	G	A	65489	34864	35	1	0	34	1.52693e-05	65491	1	FALSE	NA	NA	NA	NA	NA	NA
NC_045512.2	10106	G	-T	65489	34864	35	1	0	20	1.52693e-05	65491	1	FALSE	NA	NA	NA	NA	NA	NA
NC_045512.2	10107	T	C	64313	33768	35	2	2	34	3.10969e-05	64315	1	FALSE	NA	NA	NA	NA	NA	NA
NC_045512.2	10108	A	G	64353	33922	35	12	2	34	0.000186437	64365	1	FALSE	NA	NA	NA	NA	NA	NA
NC_045512.2	10109	C	T	65053	34129	35	1	1	34	1.53704e-05	65060	1	FALSE	NA	NA	NA	NA	NA	NA
NC_045512.2	10109	C	A	65053	34129	35	6	0	32	9.22226e-05	65060	1	FALSE	NA	NA	NA	NA	NA	NA
NC_045512.2	10110	A	G	62770	31623	35	6	1	34	9.55779e-05	62776	1	FALSE	NA	NA	NA	NA	NA	NA
NC_045512.2	10111	A	T	63595	31694	35	1	0	34	1.57225e-05	63603	1	FALSE	NA	NA	NA	NA	NA	NA
NC_045512.2	10111	A	G	63595	31694	35	5	3	32	7.86126e-05	63603	1	FALSE	NA	NA	NA	NA	NA	NA
NC_045512.2	10111	A	C	63595	31694	35	2	2	34	3.14451e-05	63603	1	FALSE	NA	NA	NA	NA	NA	NA
NC_045512.2	10112	G	T	63660	31676	35	2	1	34	3.14149e-05	63664	1	FALSE	NA	NA	NA	NA	NA	NA
NC_045512.2	10112	G	A	63660	31676	35	2	2	34	3.14149e-05	63664	1	FALSE	NA	NA	NA	NA	NA	NA
NC_045512.2	10113	T	C	63422	31500	35	8	6	34	0.000126121	63431	1	FALSE	NA	NA	NA	NA	NA	NA
NC_045512.2	10113	T	A	63422	31500	35	1	0	27	1.57652e-05	63431	1	FALSE	NA	NA	NA	NA	NA	NA
NC_045512.2	10114	A	T	63292	31256	35	1	1	26	1.57988e-05	63296	1	FALSE	NA	NA	NA	NA	NA	NA
NC_045512.2	10114	A	G	63292	31256	35	3	2	34	4.73964e-05	63296	1	FALSE	NA	NA	NA	NA	NA	NA
NC_045512.2	10115	A	T	61972	29859	35	2	2	34	3.22716e-05	61974	1	FALSE	NA	NA	NA	NA	NA	NA
NC_045512.2	10116	C	T	62462	29882	35	11	2	34	0.000176065	62477	1	FALSE	NA	NA	NA	NA	NA	NA
NC_045512.2	10116	C	G	62462	29882	35	3	0	31	4.80177e-05	62477	1	FALSE	NA	NA	NA	NA	NA	NA
NC_045512.2	10116	C	A	62462	29882	35	1	0	34	1.60059e-05	62477	1	FALSE	NA	NA	NA	NA	NA	NA
NC_045512.2	10117	T	C	62562	29842	35	4	4	34	6.39325e-05	62566	1	FALSE	NA	NA	NA	NA	NA	NA
NC_045512.2	10118	T	G	62176	29502	35	1	0	34	1.608e-05	62189	1	FALSE	NA	NA	NA	NA	NA	NA
NC_045512.2	10118	T	C	62176	29502	35	5	0	34	8.04001e-05	62189	1	FALSE	NA	NA	NA	NA	NA	NA
NC_045512.2	10118	T	A	62176	29502	35	7	0	32	0.00011256	62189	1	FALSE	NA	NA	NA	NA	NA	NA
NC_045512.2	10119	G	A	62654	29427	35	2	2	34	3.19203e-05	62656	1	FALSE	NA	NA	NA	NA	NA	NA
NC_045512.2	10120	T	G	62648	28921	35	1	0	34	1.59609e-05	62653	1	FALSE	NA	NA	NA	NA	NA	NA
NC_045512.2	10120	T	C	62648	28921	35	3	0	34	4.78828e-05	62653	1	FALSE	NA	NA	NA	NA	NA	NA
NC_045512.2	10120	T	A	62648	28921	35	1	1	34	1.59609e-05	62653	1	FALSE	NA	NA	NA	NA	NA	NA
NC_045512.2	10121	G	T	62840	28915	35	1	0	34	1.59122e-05	62845	1	FALSE	NA	NA	NA	NA	NA	NA
NC_045512.2	10121	G	C	62840	28915	35	1	1	34	1.59122e-05	62845	1	FALSE	NA	NA	NA	NA	NA	NA
NC_045512.2	10121	G	A	62840	28915	35	3	1	34	4.77365e-05	62845	1	FALSE	NA	NA	NA	NA	NA	NA
NC_045512.2	10122	G	T	63783	28974	35	1	1	34	1.56777e-05	63785	1	FALSE	NA	NA	NA	NA	NA	NA
NC_045512.2	10122	G	A	63783	28974	35	1	1	34	1.56777e-05	63785	1	FALSE	NA	NA	NA	NA	NA	NA
NC_045512.2	10123	T	G	63557	29008	35	2	0	30	3.14609e-05	63571	1	FALSE	NA	NA	NA	NA	NA	NA
NC_045512.2	10123	T	C	63557	29008	35	10	5	34	0.000157304	63571	1	FALSE	NA	NA	NA	NA	NA	NA
NC_045512.2	10123	T	A	63557	29008	35	2	0	34	3.14609e-05	63571	1	FALSE	NA	NA	NA	NA	NA	NA
NC_045512.2	10124	A	G	63619	29032	35	14	5	33	0.000220012	63633	1	FALSE	NA	NA	NA	NA	NA	NA
NC_045512.2	10125	C	G	67163	28732	35	1	0	27	1.48887e-05	67165	1	FALSE	NA	NA	NA	NA	NA	NA
NC_045512.2	10125	C	A	67163	28732	35	1	0	26	1.48887e-05	67165	1	FALSE	NA	NA	NA	NA	NA	NA
NC_045512.2	10125	C	-A	67163	28732	35	1	0	20	1.48887e-05	67165	1	FALSE	NA	NA	NA	NA	NA	NA
NC_045512.2	10126	A	T	67069	28491	35	4	0	34	5.96214e-05	67090	1	FALSE	NA	NA	NA	NA	NA	NA
NC_045512.2	10126	A	G	67069	28491	35	17	10	33	0.000253391	67090	1	FALSE	NA	NA	NA	NA	NA	NA
NC_045512.2	10127	A	G	68204	28487	35	8	4	45	0.00011728	68213	0.395258	FALSE	NA	NA	NA	NA	NA	NA
NC_045512.2	10127	A	C	68204	28487	35	1	0	34	1.466e-05	68213	1	FALSE	NA	NA	NA	NA	NA	NA
NC_045512.2	10128	C	T	68152	28641	35	7	5	48	0.0001027	68160	0.5	FALSE	NA	NA	NA	NA	NA	NA
NC_045512.2	10128	C	A	68152	28641	35	1	1	34	1.46714e-05	68160	1	FALSE	NA	NA	NA	NA	NA	NA
NC_045512.2	10129	T	C	67544	27851	35	7	2	34	0.000103624	67552	1	FALSE	NA	NA	NA	NA	NA	NA
NC_045512.2	10129	T	A	67544	27851	35	1	0	26	1.48034e-05	67552	1	FALSE	NA	NA	NA	NA	NA	NA
NC_045512.2	10130	A	T	68492	27770	35	2	2	34	2.91932e-05	68509	1	FALSE	NA	NA	NA	NA	NA	NA
NC_045512.2	10130	A	G	68492	27770	35	13	6	34	0.000189756	68509	1	FALSE	NA	NA	NA	NA	NA	NA
NC_045512.2	10130	A	C	68492	27770	35	2	2	30	2.91932e-05	68509	1	FALSE	NA	NA	NA	NA	NA	NA
NC_045512.2	10131	C	T	68299	27260	35	1	0	34	1.46404e-05	68304	1	FALSE	NA	NA	NA	NA	NA	NA
NC_045512.2	10131	C	G	68299	27260	35	2	0	26	2.92809e-05	68304	1	FALSE	NA	NA	NA	NA	NA	NA
NC_045512.2	10131	C	A	68299	27260	35	2	2	34	2.92809e-05	68304	1	FALSE	NA	NA	NA	NA	NA	NA
NC_045512.2	10132	A	G	68556	27075	35	2	1	30	2.91724e-05	68558	1	FALSE	NA	NA	NA	NA	NA	NA
NC_045512.2	10133	C	T	68918	27174	35	4	3	34	5.80366e-05	68922	1	FALSE	NA	NA	NA	NA	NA	NA
NC_045512.2	10134	T	G	62989	21310	34	2	0	30	3.1746e-05	63000	1	FALSE	NA	NA	NA	NA	NA	NA
NC_045512.2	10134	T	C	62989	21310	34	5	4	34	7.93651e-05	63000	1	FALSE	NA	NA	NA	NA	NA	NA
NC_045512.2	10134	T	A	62989	21310	34	4	0	32	6.34921e-05	63000	1	FALSE	NA	NA	NA	NA	NA	NA
NC_045512.2	10135	T	G	63884	22097	35	2	0	34	3.13033e-05	63891	1	FALSE	NA	NA	NA	NA	NA	NA
NC_045512.2	10135	T	C	63884	22097	35	5	4	32	7.82583e-05	63891	1	FALSE	NA	NA	NA	NA	NA	NA
NC_045512.2	10136	A	G	63376	21543	35	1	0	34	1.57783e-05	63378	1	FALSE	NA	NA	NA	NA	NA	NA
NC_045512.2	10136	A	C	63376	21543	35	1	1	34	1.57783e-05	63378	1	FALSE	NA	NA	NA	NA	NA	NA
NC_045512.2	10137	A	G	60995	21543	34	6	3	32	9.8359e-05	61001	1	FALSE	NA	NA	NA	NA	NA	NA
NC_045512.2	10138	C	T	63452	21676	35	15	6	34	0.000236317	63474	1	FALSE	NA	NA	NA	NA	NA	NA
NC_045512.2	10138	C	A	63452	21676	35	7	5	32	0.000110281	63474	1	FALSE	NA	NA	NA	NA	NA	NA
NC_045512.2	10139	G	T	62480	20651	35	3	0	34	4.80077e-05	62490	1	FALSE	NA	NA	NA	NA	NA	NA
NC_045512.2	10139	G	A	62480	20651	35	7	5	34	0.000112018	62490	1	FALSE	NA	NA	NA	NA	NA	NA
NC_045512.2	10140	G	C	64527	20662	35	2	2	34	3.09924e-05	64532	1	FALSE	NA	NA	NA	NA	NA	NA
NC_045512.2	10140	G	A	64527	20662	35	3	1	34	4.64886e-05	64532	1	FALSE	NA	NA	NA	NA	NA	NA
NC_045512.2	10141	T	G	62979	19127	34	1	0	34	1.58753e-05	62991	1	FALSE	NA	NA	NA	NA	NA	NA
NC_045512.2	10141	T	C	62979	19127	34	10	4	34	0.000158753	62991	1	FALSE	NA	NA	NA	NA	NA	NA
NC_045512.2	10141	T	A	62979	19127	34	1	1	34	1.58753e-05	62991	1	FALSE	NA	NA	NA	NA	NA	NA
NC_045512.2	10142	C	T	63161	19214	35	3	0	31	4.74924e-05	63168	1	FALSE	NA	NA	NA	NA	NA	NA
NC_045512.2	10142	C	A	63161	19214	35	4	1	34	6.33232e-05	63168	1	FALSE	NA	NA	NA	NA	NA	NA
NC_045512.2	10142	C	-T	63161	19214	35	1	0	20	1.58308e-05	63168	1	FALSE	NA	NA	NA	NA	NA	NA
NC_045512.2	10143	T	G	62913	18992	35	1	1	24	1.58927e-05	62922	1	FALSE	NA	NA	NA	NA	NA	NA
NC_045512.2	10143	T	C	62913	18992	35	6	4	32	9.53562e-05	62922	1	FALSE	NA	NA	NA	NA	NA	NA
NC_045512.2	10143	T	A	62913	18992	35	2	0	30	3.17854e-05	62922	1	FALSE	NA	NA	NA	NA	NA	NA
NC_045512.2	10144	T	C	62637	18762	35	2	1	34	3.1928e-05	62641	1	FALSE	NA	NA	NA	NA	NA	NA
NC_045512.2	10144	T	A	62637	18762	35	2	0	30	3.1928e-05	62641	1	FALSE	NA	NA	NA	NA	NA	NA
NC_045512.2	10145	T	G	62781	19004	35	1	0	34	1.59256e-05	62792	1	FALSE	NA	NA	NA	NA	NA	NA
NC_045512.2	10145	T	C	62781	19004	35	9	2	34	0.00014333	62792	1	FALSE	NA	NA	NA	NA	NA	NA
NC_045512.2	10145	T	A	62781	19004	35	1	0	34	1.59256e-05	62792	1	FALSE	NA	NA	NA	NA	NA	NA
NC_045512.2	10146	G	T	62931	18938	35	2	0	34	3.17783e-05	62936	1	FALSE	NA	NA	NA	NA	NA	NA
NC_045512.2	10146	G	A	62931	18938	35	3	1	34	4.76675e-05	62936	1	FALSE	NA	NA	NA	NA	NA	NA
NC_045512.2	10147	G	A	46162	2372	35	6	0	34	0.00012996	46168	1	FALSE	NA	NA	NA	NA	NA	NA
NC_045512.2	10148	C	T	46100	2373	35	16	1	37	0.000346951	46116	0.999971	FALSE	NA	NA	NA	NA	NA	NA
NC_045512.2	10149	T	C	46164	2401	35	2	0	30	4.33219e-05	46166	1	FALSE	NA	NA	NA	NA	NA	NA
NC_045512.2	10150	T	C	46288	2425	35	18	1	35	0.000388702	46308	0.999887	FALSE	NA	NA	NA	NA	NA	NA
NC_045512.2	10150	T	A	46288	2425	35	2	0	34	4.31891e-05	46308	1	FALSE	NA	NA	NA	NA	NA	NA
NC_045512.2	10151	G	A	46431	2430	35	5	0	34	0.000107675	46436	1	FALSE	NA	NA	NA	NA	NA	NA
NC_045512.2	10152	A	T	46547	2495	35	1	1	24	2.14809e-05	46553	1	FALSE	NA	NA	NA	NA	NA	NA
NC_045512.2	10152	A	G	46547	2495	35	5	0	34	0.000107404	46553	1	FALSE	NA	NA	NA	NA	NA	NA
NC_045512.2	10153	T	C	46648	2501	35	1	0	34	2.14367e-05	46649	1	FALSE	NA	NA	NA	NA	NA	NA
NC_045512.2	10154	G	A	46667	2498	35	4	0	34	8.57063e-05	46671	1	FALSE	NA	NA	NA	NA	NA	NA
NC_045512.2	10155	A	T	46890	2502	35	1	0	34	2.1322e-05	46900	1	FALSE	NA	NA	NA	NA	NA	NA
NC_045512.2	10155	A	G	46890	2502	35	9	0	33	0.000191898	46900	1	FALSE	NA	NA	NA	NA	NA	NA
NC_045512.2	10156	C	T	47843	2518	35	2	0	34	4.17999e-05	47847	1	FALSE	NA	NA	NA	NA	NA	NA
NC_045512.2	10156	C	A	47843	2518	35	2	0	34	4.17999e-05	47847	1	FALSE	NA	NA	NA	NA	NA	NA
NC_045512.2	10157	G	T	48654	2520	35	1	0	34	2.05474e-05	48668	1	FALSE	NA	NA	NA	NA	NA	NA
NC_045512.2	10157	G	A	48654	2520	35	13	0	33	0.000267116	48668	0.999999	FALSE	NA	NA	NA	NA	NA	NA
NC_045512.2	10158	T	C	48650	2524	35	5	0	34	0.00010276	48657	1	FALSE	NA	NA	NA	NA	NA	NA
NC_045512.2	10158	T	A	48650	2524	35	2	0	34	4.11041e-05	48657	1	FALSE	NA	NA	NA	NA	NA	NA
NC_045512.2	10159	A	G	49271	2536	35	3	0	34	6.08828e-05	49275	1	FALSE	NA	NA	NA	NA	NA	NA
NC_045512.2	10159	A	C	49271	2536	35	1	0	34	2.02943e-05	49275	1	FALSE	NA	NA	NA	NA	NA	NA
NC_045512.2	10160	G	C	49810	2533	35	1	0	34	2.00751e-05	49813	1	FALSE	NA	NA	NA	NA	NA	NA
NC_045512.2	10160	G	A	49810	2533	35	2	0	51	4.01502e-05	49813	0.249997	FALSE	NA	NA	NA	NA	NA	NA
NC_045512.2	10161	T	G	49280	2126	35	2	0	34	4.05803e-05	49285	1	FALSE	NA	NA	NA	NA	NA	NA
NC_045512.2	10161	T	C	49280	2126	35	2	0	34	4.05803e-05	49285	1	FALSE	NA	NA	NA	NA	NA	NA
NC_045512.2	10161	T	A	49280	2126	35	1	0	26	2.02901e-05	49285	1	FALSE	NA	NA	NA	NA	NA	NA
NC_045512.2	10162	T	C	49986	2659	35	3	0	32	6.00084e-05	49993	1	FALSE	NA	NA	NA	NA	NA	NA
NC_045512.2	10162	T	A	49986	2659	35	4	0	31	8.00112e-05	49993	1	FALSE	NA	NA	NA	NA	NA	NA
NC_045512.2	10163	T	C	50016	2783	35	2	0	34	3.99856e-05	50018	1	FALSE	NA	NA	NA	NA	NA	NA
NC_045512.2	10164	A	G	50182	3010	36	2	0	34	3.98533e-05	50184	1	FALSE	NA	NA	NA	NA	NA	NA
NC_045512.2	10165	C	T	50015	3020	36	15	0	36	0.00029982	50030	0.999998	FALSE	NA	NA	NA	NA	NA	NA
NC_045512.2	10166	T	C	50040	3016	35	2	0	34	3.99656e-05	50043	1	FALSE	NA	NA	NA	NA	NA	NA
NC_045512.2	10166	T	A	50040	3016	35	1	0	26	1.99828e-05	50043	1	FALSE	NA	NA	NA	NA	NA	NA
NC_045512.2	10167	G	T	54202	3050	35	2	0	34	3.68936e-05	54210	1	FALSE	NA	NA	NA	NA	NA	NA
NC_045512.2	10167	G	A	54202	3050	35	6	1	39	0.000110681	54210	1	FALSE	NA	NA	NA	NA	NA	NA
NC_045512.2	10168	T	G	54235	3063	35	3	0	34	5.53057e-05	54244	1	FALSE	NA	NA	NA	NA	NA	NA
NC_045512.2	10168	T	C	54235	3063	35	6	0	34	0.000110611	54244	1	FALSE	NA	NA	NA	NA	NA	NA
NC_045512.2	10169	C	T	54425	3928	36	1	0	34	1.83726e-05	54429	1	FALSE	NA	NA	NA	NA	NA	NA
NC_045512.2	10169	C	G	54425	3928	36	2	0	34	3.67451e-05	54429	1	FALSE	NA	NA	NA	NA	NA	NA
NC_045512.2	10169	C	A	54425	3928	36	1	1	68	1.83726e-05	54429	0.499991	FALSE	NA	NA	NA	NA	NA	NA
NC_045512.2	10170	C	T	54190	3964	36	5	0	34	9.22492e-05	54201	1	FALSE	NA	NA	NA	NA	NA	NA
NC_045512.2	10170	C	G	54190	3964	36	5	0	29	9.22492e-05	54201	1	FALSE	NA	NA	NA	NA	NA	NA
NC_045512.2	10170	C	A	54190	3964	36	1	0	26	1.84498e-05	54201	1	FALSE	NA	NA	NA	NA	NA	NA
NC_045512.2	10171	A	G	54252	4024	36	10	1	37	0.000184288	54263	1	FALSE	NA	NA	NA	NA	NA	NA
NC_045512.2	10171	A	C	54252	4024	36	1	0	34	1.84288e-05	54263	1	FALSE	NA	NA	NA	NA	NA	NA
NC_045512.2	10172	A	T	56062	4044	36	2	0	34	3.56697e-05	56070	1	FALSE	NA	NA	NA	NA	NA	NA
NC_045512.2	10172	A	G	56062	4044	36	5	1	40	8.91742e-05	56070	0.62303	FALSE	NA	NA	NA	NA	NA	NA
NC_045512.2	10172	A	C	56062	4044	36	1	1	34	1.78348e-05	56070	1	FALSE	NA	NA	NA	NA	NA	NA
NC_045512.2	10173	G	T	58074	4070	36	1	0	34	1.72176e-05	58080	1	FALSE	NA	NA	NA	NA	NA	NA
NC_045512.2	10173	G	C	58074	4070	36	4	0	34	6.88705e-05	58080	1	FALSE	NA	NA	NA	NA	NA	NA
NC_045512.2	10173	G	A	58074	4070	36	1	0	34	1.72176e-05	58080	1	FALSE	NA	NA	NA	NA	NA	NA
NC_045512.2	10174	A	G	56300	4398	36	1	0	34	1.77617e-05	56301	1	FALSE	NA	NA	NA	NA	NA	NA
NC_045512.2	10175	C	T	60751	4434	37	4	0	34	6.58274e-05	60765	1	FALSE	NA	NA	NA	NA	NA	NA
NC_045512.2	10175	C	G	60751	4434	37	6	0	31	9.87411e-05	60765	1	FALSE	NA	NA	NA	NA	NA	NA
NC_045512.2	10175	C	A	60751	4434	37	4	0	30	6.58274e-05	60765	1	FALSE	NA	NA	NA	NA	NA	NA
NC_045512.2	10176	A	G	60444	4428	36	2	0	34	3.30874e-05	60446	1	FALSE	NA	NA	NA	NA	NA	NA
NC_045512.2	10177	T	G	60839	4528	37	8	0	31	0.000131462	60854	1	FALSE	NA	NA	NA	NA	NA	NA
NC_045512.2	10177	T	C	60839	4528	37	7	0	34	0.000115029	60854	1	FALSE	NA	NA	NA	NA	NA	NA
NC_045512.2	10178	G	T	60898	4525	37	2	0	34	3.2838e-05	60905	1	FALSE	NA	NA	NA	NA	NA	NA
NC_045512.2	10178	G	C	60898	4525	37	1	0	26	1.6419e-05	60905	1	FALSE	NA	NA	NA	NA	NA	NA
NC_045512.2	10178	G	A	60898	4525	37	4	0	34	6.56761e-05	60905	1	FALSE	NA	NA	NA	NA	NA	NA
NC_045512.2	10179	T	C	60989	4884	37	3	1	56	4.91852e-05	60994	0.124994	FALSE	NA	NA	NA	NA	NA	NA
NC_045512.2	10179	T	A	60989	4884	37	2	0	34	3.27901e-05	60994	1	FALSE	NA	NA	NA	NA	NA	NA
NC_045512.2	10180	G	A	61982	4886	37	5	3	61	8.06621e-05	61987	0.0312487	FALSE	NA	NA	NA	NA	NA	NA
NC_045512.2	10181	A	G	62361	4908	37	3	1	42	4.81039e-05	62365	0.910164	FALSE	NA	NA	NA	NA	NA	NA
NC_045512.2	10181	A	C	62361	4908	37	1	1	34	1.60346e-05	62365	1	FALSE	NA	NA	NA	NA	NA	NA
NC_045512.2	10182	T	G	62315	4902	37	5	0	32	8.02246e-05	62325	1	FALSE	NA	NA	NA	NA	NA	NA
NC_045512.2	10182	T	C	62315	4902	37	4	0	42	6.41797e-05	62325	0.828102	FALSE	NA	NA	NA	NA	NA	NA
NC_045512.2	10182	T	A	62315	4902	37	1	0	26	1.60449e-05	62325	1	FALSE	NA	NA	NA	NA	NA	NA
NC_045512.2	10183	C	T	62379	4932	37	1	0	34	1.60308e-05	62380	1	FALSE	NA	NA	NA	NA	NA	NA
NC_045512.2	10184	T	G	62066	5095	37	3	0	34	4.83216e-05	62084	1	FALSE	NA	NA	NA	NA	NA	NA
NC_045512.2	10184	T	C	62066	5095	37	15	0	35	0.000241608	62084	1	FALSE	NA	NA	NA	NA	NA	NA
NC_045512.2	10185	G	T	62267	5086	37	1	0	34	1.6057e-05	62278	1	FALSE	NA	NA	NA	NA	NA	NA
NC_045512.2	10185	G	C	62267	5086	37	2	0	26	3.21141e-05	62278	1	FALSE	NA	NA	NA	NA	NA	NA
NC_045512.2	10185	G	A	62267	5086	37	8	2	51	0.000128456	62278	0.00390487	TRUE	NA	NA	NA	NA	NA	NA
NC_045512.2	10186	C	T	61261	5182	37	18	2	41	0.000293724	61282	0.0113191	FALSE	NA	NA	NA	NA	NA	NA
NC_045512.2	10186	C	A	61261	5182	37	3	0	34	4.8954e-05	61282	1	FALSE	NA	NA	NA	NA	NA	NA
NC_045512.2	10187	A	G	61369	5170	37	7	0	34	0.000114051	61376	1	FALSE	NA	NA	NA	NA	NA	NA
NC_045512.2	10188	C	T	63556	5201	37	5	0	34	7.86634e-05	63562	1	FALSE	NA	NA	NA	NA	NA	NA
NC_045512.2	10188	C	A	63556	5201	37	1	0	34	1.57327e-05	63562	1	FALSE	NA	NA	NA	NA	NA	NA
NC_045512.2	10189	C	T	61661	5644	37	7	1	32	0.0001135	61674	1	FALSE	NA	NA	NA	NA	NA	NA
NC_045512.2	10189	C	G	61661	5644	37	2	0	26	3.24286e-05	61674	1	FALSE	NA	NA	NA	NA	NA	NA
NC_045512.2	10189	C	A	61661	5644	37	4	0	34	6.48572e-05	61674	1	FALSE	NA	NA	NA	NA	NA	NA
NC_045512.2	10190	T	G	62409	5653	37	3	0	31	4.80584e-05	62424	1	FALSE	NA	NA	NA	NA	NA	NA
NC_045512.2	10190	T	C	62409	5653	37	11	0	34	0.000176214	62424	1	FALSE	NA	NA	NA	NA	NA	NA
NC_045512.2	10190	T	A	62409	5653	37	1	0	34	1.60195e-05	62424	1	FALSE	NA	NA	NA	NA	NA	NA
NC_045512.2	10191	C	T	56200	6336	37	1	0	34	1.77926e-05	56203	1	FALSE	NA	NA	NA	NA	NA	NA
NC_045512.2	10191	C	G	56200	6336	37	1	0	34	1.77926e-05	56203	1	FALSE	NA	NA	NA	NA	NA	NA
NC_045512.2	10191	C	A	56200	6336	37	1	0	34	1.77926e-05	56203	1	FALSE	NA	NA	NA	NA	NA	NA
NC_045512.2	10192	T	G	56139	6499	37	1	0	34	1.78091e-05	56151	1	FALSE	NA	NA	NA	NA	NA	NA
NC_045512.2	10192	T	C	56139	6499	37	11	0	34	0.0001959	56151	1	FALSE	NA	NA	NA	NA	NA	NA
NC_045512.2	10193	G	T	56436	6519	37	2	0	34	3.54346e-05	56442	1	FALSE	NA	NA	NA	NA	NA	NA
NC_045512.2	10193	G	C	56436	6519	37	2	0	51	3.54346e-05	56442	0.249984	FALSE	NA	NA	NA	NA	NA	NA
NC_045512.2	10193	G	A	56436	6519	37	2	0	34	3.54346e-05	56442	1	FALSE	NA	NA	NA	NA	NA	NA
NC_045512.2	10195	A	T	56569	6601	37	2	0	30	3.53501e-05	56577	1	FALSE	NA	NA	NA	NA	NA	NA
NC_045512.2	10195	A	G	56569	6601	37	6	0	34	0.00010605	56577	1	FALSE	NA	NA	NA	NA	NA	NA
NC_045512.2	10197	A	G	52648	6711	37	3	1	42	5.6979e-05	52651	0.855484	FALSE	NA	NA	NA	NA	NA	NA
NC_045512.2	10198	C	T	4	2	59	53258	6699	37	0.999906	53263	0	TRUE	NA	NA	NA	NA	NA	NA
NC_045512.2	10198	C	G	4	2	59	1	0	26	1.87748e-05	53263	0.0490415	FALSE	NA	NA	NA	NA	NA	NA
NC_045512.2	10199	A	G	50247	6869	37	2	0	34	3.98018e-05	50249	1	FALSE	NA	NA	NA	NA	NA	NA
NC_045512.2	10200	T	G	50685	6846	37	4	0	30	7.89032e-05	50695	1	FALSE	NA	NA	NA	NA	NA	NA
NC_045512.2	10200	T	C	50685	6846	37	5	0	34	9.86291e-05	50695	1	FALSE	NA	NA	NA	NA	NA	NA
NC_045512.2	10200	T	A	50685	6846	37	1	1	34	1.97258e-05	50695	1	FALSE	NA	NA	NA	NA	NA	NA
NC_045512.2	10201	G	T	51907	6831	37	3	0	34	5.7789e-05	51913	1	FALSE	NA	NA	NA	NA	NA	NA
NC_045512.2	10201	G	A	51907	6831	37	3	0	31	5.7789e-05	51913	1	FALSE	NA	NA	NA	NA	NA	NA
NC_045512.2	10202	C	T	47123	7410	36	1	0	34	2.12206e-05	47124	1	FALSE	NA	NA	NA	NA	NA	NA
NC_045512.2	10203	T	C	47117	7309	36	4	2	42	8.4886e-05	47122	0.636725	FALSE	NA	NA	NA	NA	NA	NA
NC_045512.2	10203	T	A	47117	7309	36	1	0	26	2.12215e-05	47122	1	FALSE	NA	NA	NA	NA	NA	NA
NC_045512.2	10204	T	G	46876	7272	36	8	0	29	0.000170612	46890	1	FALSE	NA	NA	NA	NA	NA	NA
NC_045512.2	10204	T	C	46876	7272	36	5	1	30	0.000106633	46890	1	FALSE	NA	NA	NA	NA	NA	NA
NC_045512.2	10204	T	A	46876	7272	36	1	1	34	2.13265e-05	46890	1	FALSE	NA	NA	NA	NA	NA	NA
NC_045512.2	10205	A	T	46715	7221	36	1	0	34	2.14059e-05	46716	1	FALSE	NA	NA	NA	NA	NA	NA
NC_045512.2	10206	A	G	45823	7815	36	4	0	34	8.72848e-05	45827	1	FALSE	NA	NA	NA	NA	NA	NA
NC_045512.2	10207	C	T	44592	8061	36	1	0	34	2.2424e-05	44595	1	FALSE	NA	NA	NA	NA	NA	NA
NC_045512.2	10207	C	A	44592	8061	36	2	0	30	4.48481e-05	44595	1	FALSE	NA	NA	NA	NA	NA	NA
NC_045512.2	10208	C	T	44501	8104	36	1	0	34	2.24684e-05	44507	1	FALSE	NA	NA	NA	NA	NA	NA
NC_045512.2	10208	C	G	44501	8104	36	4	0	32	8.98735e-05	44507	1	FALSE	NA	NA	NA	NA	NA	NA
NC_045512.2	10208	C	A	44501	8104	36	1	0	34	2.24684e-05	44507	1	FALSE	NA	NA	NA	NA	NA	NA
NC_045512.2	10209	C	T	43869	8147	36	2	0	34	4.55861e-05	43873	1	FALSE	NA	NA	NA	NA	NA	NA
NC_045512.2	10209	C	G	43869	8147	36	1	0	34	2.27931e-05	43873	1	FALSE	NA	NA	NA	NA	NA	NA
NC_045512.2	10209	C	A	43869	8147	36	1	0	34	2.27931e-05	43873	1	FALSE	NA	NA	NA	NA	NA	NA
NC_045512.2	10210	T	G	43029	7766	36	3	0	34	6.97058e-05	43038	1	FALSE	NA	NA	NA	NA	NA	NA
NC_045512.2	10210	T	C	43029	7766	36	4	1	30	9.29411e-05	43038	1	FALSE	NA	NA	NA	NA	NA	NA
NC_045512.2	10210	T	A	43029	7766	36	2	0	30	4.64706e-05	43038	1	FALSE	NA	NA	NA	NA	NA	NA
NC_045512.2	10210	T	-A	43029	7766	36	1	0	20	2.32353e-05	43038	1	FALSE	NA	NA	NA	NA	NA	NA
NC_045512.2	10211	A	T	43702	7840	36	2	1	30	4.57593e-05	43707	1	FALSE	NA	NA	NA	NA	NA	NA
NC_045512.2	10211	A	G	43702	7840	36	3	0	31	6.86389e-05	43707	1	FALSE	NA	NA	NA	NA	NA	NA
NC_045512.2	10212	A	T	43096	7872	36	1	1	34	2.32035e-05	43097	1	FALSE	NA	NA	NA	NA	NA	NA
NC_045512.2	10213	T	C	43501	8605	37	3	1	34	6.89576e-05	43505	1	FALSE	NA	NA	NA	NA	NA	NA
NC_045512.2	10213	T	A	43501	8605	37	1	0	34	2.29859e-05	43505	1	FALSE	NA	NA	NA	NA	NA	NA
NC_045512.2	10214	T	C	43221	8596	36	2	1	51	4.62695e-05	43225	0.249991	FALSE	NA	NA	NA	NA	NA	NA
NC_045512.2	10214	T	A	43221	8596	36	2	0	26	4.62695e-05	43225	1	FALSE	NA	NA	NA	NA	NA	NA
NC_045512.2	10214	T	-A	43221	8596	36	1	0	20	2.31348e-05	43225	1	FALSE	NA	NA	NA	NA	NA	NA
NC_045512.2	10215	A	G	43487	8658	37	3	0	34	6.89814e-05	43490	1	FALSE	NA	NA	NA	NA	NA	NA
NC_045512.2	10216	T	C	43217	8530	37	1	1	34	2.31385e-05	43218	1	FALSE	NA	NA	NA	NA	NA	NA
NC_045512.2	10217	G	A	42772	8668	37	1	0	68	2.33792e-05	42773	0.500006	FALSE	NA	NA	NA	NA	NA	NA
NC_045512.2	10218	A	T	42791	8762	37	2	1	30	4.67333e-05	42796	1	FALSE	NA	NA	NA	NA	NA	NA
NC_045512.2	10218	A	G	42791	8762	37	3	1	42	7.01e-05	42796	0.773438	FALSE	NA	NA	NA	NA	NA	NA
NC_045512.2	10219	A	T	42678	8774	37	1	0	34	2.3428e-05	42684	1	FALSE	NA	NA	NA	NA	NA	NA
NC_045512.2	10219	A	G	42678	8774	37	5	1	32	0.00011714	42684	1	FALSE	NA	NA	NA	NA	NA	NA
NC_045512.2	10220	G	T	43005	8390	36	3	0	34	6.97545e-05	43008	1	FALSE	NA	NA	NA	NA	NA	NA
NC_045512.2	10221	A	G	43021	9311	37	3	1	34	6.97285e-05	43024	1	FALSE	NA	NA	NA	NA	NA	NA
NC_045512.2	10221	A	-T	43021	9311	37	1	0	20	2.32428e-05	43024	1	FALSE	NA	NA	NA	NA	NA	NA
NC_045512.2	10222	T	C	42878	9012	36	1	0	34	2.33214e-05	42879	1	FALSE	NA	NA	NA	NA	NA	NA
NC_045512.2	10223	T	G	42368	9333	37	1	0	26	2.35999e-05	42373	1	FALSE	NA	NA	NA	NA	NA	NA
NC_045512.2	10223	T	C	42368	9333	37	3	0	34	7.07998e-05	42373	1	FALSE	NA	NA	NA	NA	NA	NA
NC_045512.2	10223	T	A	42368	9333	37	1	0	26	2.35999e-05	42373	1	FALSE	NA	NA	NA	NA	NA	NA
NC_045512.2	10224	T	C	42308	9274	37	6	1	39	0.000141797	42314	1	FALSE	NA	NA	NA	NA	NA	NA
NC_045512.2	10225	A	T	42400	10182	37	1	0	34	2.3576e-05	42416	1	FALSE	NA	NA	NA	NA	NA	NA
NC_045512.2	10225	A	G	42400	10182	37	14	0	38	0.000330064	42416	0.999964	FALSE	NA	NA	NA	NA	NA	NA
NC_045512.2	10225	A	C	42400	10182	37	1	1	26	2.3576e-05	42416	1	FALSE	NA	NA	NA	NA	NA	NA
NC_045512.2	10226	C	T	39099	11918	37	1	1	68	2.55754e-05	39100	0.500006	FALSE	NA	NA	NA	NA	NA	NA
NC_045512.2	10227	T	G	39820	11845	37	1	0	34	2.51067e-05	39830	1	FALSE	NA	NA	NA	NA	NA	NA
NC_045512.2	10227	T	C	39820	11845	37	7	1	39	0.000175747	39830	1	FALSE	NA	NA	NA	NA	NA	NA
NC_045512.2	10227	T	A	39820	11845	37	2	1	30	5.02134e-05	39830	1	FALSE	NA	NA	NA	NA	NA	NA
NC_045512.2	10228	C	T	39639	11889	37	1	0	34	2.52264e-05	39641	1	FALSE	NA	NA	NA	NA	NA	NA
NC_045512.2	10228	C	G	39639	11889	37	1	0	34	2.52264e-05	39641	1	FALSE	NA	NA	NA	NA	NA	NA
NC_045512.2	10229	A	T	38629	11502	36	1	0	34	2.58859e-05	38631	1	FALSE	NA	NA	NA	NA	NA	NA
NC_045512.2	10229	A	G	38629	11502	36	1	1	24	2.58859e-05	38631	1	FALSE	NA	NA	NA	NA	NA	NA
NC_045512.2	10229	A	-T	38629	11502	36	1	0	20	2.58859e-05	38631	1	FALSE	NA	NA	NA	NA	NA	NA
NC_045512.2	10230	T	G	39285	11220	36	1	0	26	2.54505e-05	39292	1	FALSE	NA	NA	NA	NA	NA	NA
NC_045512.2	10230	T	C	39285	11220	36	6	2	39	0.000152703	39292	1	FALSE	NA	NA	NA	NA	NA	NA
NC_045512.2	10231	T	C	38955	11644	37	3	0	45	7.7006e-05	38958	0.656268	FALSE	NA	NA	NA	NA	NA	NA
NC_045512.2	10232	C	T	39184	12843	37	2	0	34	5.10386e-05	39186	1	FALSE	NA	NA	NA	NA	NA	NA
NC_045512.2	10233	G	A	39278	12895	37	5	1	34	0.000127282	39283	1	FALSE	NA	NA	NA	NA	NA	NA
NC_045512.2	10234	T	C	39161	13072	37	3	0	34	7.6601e-05	39164	1	FALSE	NA	NA	NA	NA	NA	NA
NC_045512.2	10235	A	G	38825	13056	37	2	1	40	5.15092e-05	38828	0.812508	FALSE	NA	NA	NA	NA	NA	NA
NC_045512.2	10235	A	C	38825	13056	37	1	0	24	2.57546e-05	38828	1	FALSE	NA	NA	NA	NA	NA	NA
NC_045512.2	10236	A	G	38672	13095	37	1	0	34	2.58578e-05	38673	1	FALSE	NA	NA	NA	NA	NA	NA
NC_045512.2	10237	G	T	39926	13121	37	1	1	34	2.50457e-05	39927	1	FALSE	NA	NA	NA	NA	NA	NA
NC_045512.2	10238	T	C	39863	13297	37	7	2	43	0.000175571	39870	0.17187	FALSE	NA	NA	NA	NA	NA	NA
NC_045512.2	10239	C	T	38138	13498	37	1	1	34	2.62192e-05	38140	1	FALSE	NA	NA	NA	NA	NA	NA
NC_045512.2	10239	C	G	38138	13498	37	1	0	34	2.62192e-05	38140	1	FALSE	NA	NA	NA	NA	NA	NA
NC_045512.2	10240	T	G	38153	13495	37	2	0	30	5.24109e-05	38160	1	FALSE	NA	NA	NA	NA	NA	NA
NC_045512.2	10240	T	C	38153	13495	37	5	0	39	0.000131027	38160	1	FALSE	NA	NA	NA	NA	NA	NA
NC_045512.2	10241	A	G	38415	13744	37	6	4	34	0.000156165	38421	1	FALSE	NA	NA	NA	NA	NA	NA
NC_045512.2	10242	A	G	38171	13943	37	3	2	45	7.85875e-05	38174	0.656268	FALSE	NA	NA	NA	NA	NA	NA
NC_045512.2	10243	T	C	38654	13919	37	2	1	47	5.17371e-05	38657	0.812508	FALSE	NA	NA	NA	NA	NA	NA
NC_045512.2	10243	T	A	38654	13919	37	1	0	34	2.58685e-05	38657	1	FALSE	NA	NA	NA	NA	NA	NA
NC_045512.2	10244	C	T	38827	13956	37	1	1	34	2.57533e-05	38830	1	FALSE	NA	NA	NA	NA	NA	NA
NC_045512.2	10244	C	G	38827	13956	37	1	0	34	2.57533e-05	38830	1	FALSE	NA	NA	NA	NA	NA	NA
NC_045512.2	10244	C	A	38827	13956	37	1	0	34	2.57533e-05	38830	1	FALSE	NA	NA	NA	NA	NA	NA
NC_045512.2	10245	A	T	38703	13923	37	2	0	34	5.16676e-05	38709	1	FALSE	NA	NA	NA	NA	NA	NA
NC_045512.2	10245	A	G	38703	13923	37	4	2	51	0.000103335	38709	0.0624919	FALSE	NA	NA	NA	NA	NA	NA
NC_045512.2	10246	T	G	38632	13833	37	1	0	34	2.58839e-05	38634	1	FALSE	NA	NA	NA	NA	NA	NA
NC_045512.2	10246	T	C	38632	13833	37	1	0	34	2.58839e-05	38634	1	FALSE	NA	NA	NA	NA	NA	NA
NC_045512.2	10247	A	T	39143	14933	37	1	1	27	2.55447e-05	39147	1	FALSE	NA	NA	NA	NA	NA	NA
NC_045512.2	10247	A	G	39143	14933	37	3	1	34	7.66342e-05	39147	1	FALSE	NA	NA	NA	NA	NA	NA
NC_045512.2	10248	A	T	39785	15092	37	1	1	34	2.51338e-05	39787	1	FALSE	NA	NA	NA	NA	NA	NA
NC_045512.2	10248	A	G	39785	15092	37	1	0	34	2.51338e-05	39787	1	FALSE	NA	NA	NA	NA	NA	NA
NC_045512.2	10249	T	C	40032	15201	37	3	1	45	7.49326e-05	40036	0.773448	FALSE	NA	NA	NA	NA	NA	NA
NC_045512.2	10249	T	A	40032	15201	37	1	0	34	2.49775e-05	40036	1	FALSE	NA	NA	NA	NA	NA	NA
NC_045512.2	10250	T	C	40201	15464	37	3	2	34	7.46194e-05	40204	1	FALSE	NA	NA	NA	NA	NA	NA
NC_045512.2	10251	T	G	38522	13481	36	3	0	29	7.78634e-05	38529	1	FALSE	NA	NA	NA	NA	NA	NA
NC_045512.2	10251	T	C	38522	13481	36	2	2	34	5.1909e-05	38529	1	FALSE	NA	NA	NA	NA	NA	NA
NC_045512.2	10251	T	A	38522	13481	36	2	1	30	5.1909e-05	38529	1	FALSE	NA	NA	NA	NA	NA	NA
NC_045512.2	10252	C	G	40276	15459	37	3	1	26	7.44805e-05	40279	1	FALSE	NA	NA	NA	NA	NA	NA
NC_045512.2	10253	T	G	40315	15417	37	2	0	30	4.95983e-05	40324	1	FALSE	NA	NA	NA	NA	NA	NA
NC_045512.2	10253	T	C	40315	15417	37	5	0	46	0.000123996	40324	0.499954	FALSE	NA	NA	NA	NA	NA	NA
NC_045512.2	10253	T	A	40315	15417	37	2	0	34	4.95983e-05	40324	1	FALSE	NA	NA	NA	NA	NA	NA
NC_045512.2	10254	T	C	40281	15451	37	1	0	34	2.4825e-05	40282	1	FALSE	NA	NA	NA	NA	NA	NA
NC_045512.2	10254	T	-G	40281	15451	37	1	0	20	2.4825e-05	40282	1	FALSE	NA	NA	NA	NA	NA	NA
NC_045512.2	10255	G	A	40371	15415	37	1	0	68	2.47696e-05	40372	0.5	FALSE	NA	NA	NA	NA	NA	NA
NC_045512.2	10256	G	A	40481	15569	37	2	0	34	4.94035e-05	40483	1	FALSE	NA	NA	NA	NA	NA	NA
NC_045512.2	10257	T	C	40376	16151	37	2	0	34	4.95295e-05	40380	1	FALSE	NA	NA	NA	NA	NA	NA
NC_045512.2	10257	T	A	40376	16151	37	2	1	30	4.95295e-05	40380	1	FALSE	NA	NA	NA	NA	NA	NA
NC_045512.2	10258	A	G	39729	16197	37	2	1	30	5.03385e-05	39731	1	FALSE	NA	NA	NA	NA	NA	NA
NC_045512.2	10259	C	T	39171	16281	37	10	2	34	0.000255193	39186	0.999995	FALSE	NA	NA	NA	NA	NA	NA
NC_045512.2	10259	C	A	39171	16281	37	5	0	34	0.000127597	39186	1	FALSE	NA	NA	NA	NA	NA	NA
NC_045512.2	10260	A	T	38974	16025	37	1	1	34	2.56562e-05	38977	1	FALSE	NA	NA	NA	NA	NA	NA
NC_045512.2	10260	A	G	38974	16025	37	2	1	34	5.13123e-05	38977	1	FALSE	NA	NA	NA	NA	NA	NA
NC_045512.2	10262	G	T	42056	17701	37	4	0	34	9.50774e-05	42071	1	FALSE	NA	NA	NA	NA	NA	NA
NC_045512.2	10262	G	C	42056	17701	37	2	1	51	4.75387e-05	42071	0.249926	FALSE	NA	NA	NA	NA	NA	NA
NC_045512.2	10262	G	A	42056	17701	37	9	3	48	0.000213924	42071	0.133358	FALSE	NA	NA	NA	NA	NA	NA
NC_045512.2	10264	T	C	43531	19614	38	7	5	38	0.000160779	43538	1	FALSE	NA	NA	NA	NA	NA	NA
NC_045512.2	10264	T	-G	43531	19614	38	1	0	20	2.29684e-05	43538	1	FALSE	NA	NA	NA	NA	NA	NA
NC_045512.2	10265	G	T	43214	19068	38	2	0	34	4.62781e-05	43217	1	FALSE	NA	NA	NA	NA	NA	NA
NC_045512.2	10265	G	A	43214	19068	38	1	0	34	2.3139e-05	43217	1	FALSE	NA	NA	NA	NA	NA	NA
NC_045512.2	10266	G	A	43629	19140	38	1	1	34	2.292e-05	43630	1	FALSE	NA	NA	NA	NA	NA	NA
NC_045512.2	10267	T	G	43415	19167	37	6	0	31	0.000138153	43430	1	FALSE	NA	NA	NA	NA	NA	NA
NC_045512.2	10267	T	C	43415	19167	37	9	5	34	0.00020723	43430	1	FALSE	NA	NA	NA	NA	NA	NA
NC_045512.2	10268	A	T	40902	19882	37	1	1	34	2.44445e-05	40909	1	FALSE	NA	NA	NA	NA	NA	NA
NC_045512.2	10268	A	G	40902	19882	37	4	3	34	9.7778e-05	40909	1	FALSE	NA	NA	NA	NA	NA	NA
NC_045512.2	10268	A	C	40902	19882	37	2	2	30	4.8889e-05	40909	1	FALSE	NA	NA	NA	NA	NA	NA
NC_045512.2	10269	A	G	40891	19887	37	1	0	34	2.44547e-05	40892	1	FALSE	NA	NA	NA	NA	NA	NA
NC_045512.2	10270	T	G	39219	18116	37	1	0	34	2.54965e-05	39221	1	FALSE	NA	NA	NA	NA	NA	NA
NC_045512.2	10270	T	C	39219	18116	37	1	0	34	2.54965e-05	39221	1	FALSE	NA	NA	NA	NA	NA	NA
NC_045512.2	10271	G	T	39865	18286	37	2	0	34	5.01655e-05	39868	1	FALSE	NA	NA	NA	NA	NA	NA
NC_045512.2	10271	G	A	39865	18286	37	1	0	34	2.50828e-05	39868	1	FALSE	NA	NA	NA	NA	NA	NA
NC_045512.2	10271	G	+T	39865	18286	37	1	0	20	2.50828e-05	39868	1	FALSE	NA	NA	NA	NA	NA	NA
NC_045512.2	10272	T	G	39549	17997	37	2	1	34	5.05574e-05	39559	1	FALSE	NA	NA	NA	NA	NA	NA
NC_045512.2	10272	T	C	39549	17997	37	8	6	38	0.00020223	39559	0.999999	FALSE	NA	NA	NA	NA	NA	NA
NC_045512.2	10273	T	C	38274	18267	37	8	4	34	0.000208975	38282	0.999999	FALSE	NA	NA	NA	NA	NA	NA
NC_045512.2	10274	C	T	36055	18512	37	5	3	61	0.00013865	36062	0.0312435	FALSE	NA	NA	NA	NA	NA	NA
NC_045512.2	10274	C	G	36055	18512	37	2	0	30	5.546e-05	36062	1	FALSE	NA	NA	NA	NA	NA	NA
NC_045512.2	10275	A	T	35347	17969	37	1	1	26	2.82869e-05	35352	1	FALSE	NA	NA	NA	NA	NA	NA
NC_045512.2	10275	A	G	35347	17969	37	3	3	34	8.48608e-05	35352	1	FALSE	NA	NA	NA	NA	NA	NA
NC_045512.2	10275	A	C	35347	17969	37	1	1	34	2.82869e-05	35352	1	FALSE	NA	NA	NA	NA	NA	NA
NC_045512.2	10276	A	G	32715	18194	35	2	0	34	6.11284e-05	32718	1	FALSE	NA	NA	NA	NA	NA	NA
NC_045512.2	10276	A	C	32715	18194	35	1	1	34	3.05642e-05	32718	1	FALSE	NA	NA	NA	NA	NA	NA
NC_045512.2	10278	T	C	35240	18515	37	6	4	45	0.000170232	35246	0.253906	FALSE	NA	NA	NA	NA	NA	NA
NC_045512.2	10279	C	T	35188	18497	36	1	1	34	2.84172e-05	35190	1	FALSE	NA	NA	NA	NA	NA	NA
NC_045512.2	10279	C	G	35188	18497	36	1	0	34	2.84172e-05	35190	1	FALSE	NA	NA	NA	NA	NA	NA
NC_045512.2	10280	A	G	33969	17905	36	3	2	45	8.83054e-05	33973	0.656257	FALSE	NA	NA	NA	NA	NA	NA
NC_045512.2	10280	A	C	33969	17905	36	1	0	34	2.94351e-05	33973	1	FALSE	NA	NA	NA	NA	NA	NA
NC_045512.2	10281	G	C	34724	17961	36	4	4	34	0.000115178	34729	1	FALSE	NA	NA	NA	NA	NA	NA
NC_045512.2	10281	G	A	34724	17961	36	1	0	34	2.87944e-05	34729	1	FALSE	NA	NA	NA	NA	NA	NA
NC_045512.2	10282	G	C	34562	18068	36	1	1	34	2.89318e-05	34564	1	FALSE	NA	NA	NA	NA	NA	NA
NC_045512.2	10282	G	A	34562	18068	36	1	0	34	2.89318e-05	34564	1	FALSE	NA	NA	NA	NA	NA	NA
NC_045512.2	10283	G	C	35602	19069	36	1	1	34	2.80867e-05	35604	1	FALSE	NA	NA	NA	NA	NA	NA
NC_045512.2	10283	G	A	35602	19069	36	1	1	34	2.80867e-05	35604	1	FALSE	NA	NA	NA	NA	NA	NA
NC_045512.2	10283	G	-T	35602	19069	36	1	0	20	2.80867e-05	35604	1	FALSE	NA	NA	NA	NA	NA	NA
NC_045512.2	10284	T	C	35578	19034	36	1	0	26	2.81057e-05	35580	1	FALSE	NA	NA	NA	NA	NA	NA
NC_045512.2	10284	T	A	35578	19034	36	1	1	34	2.81057e-05	35580	1	FALSE	NA	NA	NA	NA	NA	NA
NC_045512.2	10285	T	C	34709	18133	36	3	1	45	8.64254e-05	34712	0.65627	FALSE	NA	NA	NA	NA	NA	NA
NC_045512.2	10287	T	G	35749	19249	37	2	2	34	5.59378e-05	35754	1	FALSE	NA	NA	NA	NA	NA	NA
NC_045512.2	10287	T	C	35749	19249	37	3	2	31	8.39067e-05	35754	1	FALSE	NA	NA	NA	NA	NA	NA
NC_045512.2	10288	T	C	35696	19205	36	1	0	34	2.80128e-05	35698	1	FALSE	NA	NA	NA	NA	NA	NA
NC_045512.2	10288	T	A	35696	19205	36	1	1	34	2.80128e-05	35698	1	FALSE	NA	NA	NA	NA	NA	NA
NC_045512.2	10289	G	T	34194	19479	36	1	1	34	2.92432e-05	34196	1	FALSE	NA	NA	NA	NA	NA	NA
NC_045512.2	10289	G	A	34194	19479	36	1	1	68	2.92432e-05	34196	0.5	FALSE	NA	NA	NA	NA	NA	NA
NC_045512.2	10290	G	C	33442	18789	36	1	1	34	2.98989e-05	33446	1	FALSE	NA	NA	NA	NA	NA	NA
NC_045512.2	10290	G	A	33442	18789	36	3	0	34	8.96968e-05	33446	1	FALSE	NA	NA	NA	NA	NA	NA
NC_045512.2	10291	A	G	32909	18808	36	6	4	34	0.000182282	32916	0.999998	FALSE	NA	NA	NA	NA	NA	NA
NC_045512.2	10291	A	C	32909	18808	36	1	1	34	3.03804e-05	32916	1	FALSE	NA	NA	NA	NA	NA	NA
NC_045512.2	10293	A	G	32774	18978	36	2	2	34	6.10203e-05	32776	1	FALSE	NA	NA	NA	NA	NA	NA
NC_045512.2	10294	T	G	33304	19604	36	1	1	24	3.00219e-05	33309	1	FALSE	NA	NA	NA	NA	NA	NA
NC_045512.2	10294	T	C	33304	19604	36	4	3	34	0.000120088	33309	1	FALSE	NA	NA	NA	NA	NA	NA
NC_045512.2	10295	T	G	33192	19532	36	1	1	34	3.0125e-05	33195	1	FALSE	NA	NA	NA	NA	NA	NA
NC_045512.2	10295	T	C	33192	19532	36	2	1	34	6.025e-05	33195	1	FALSE	NA	NA	NA	NA	NA	NA
NC_045512.2	10297	T	C	34509	21787	36	3	2	34	8.69238e-05	34513	1	FALSE	NA	NA	NA	NA	NA	NA
NC_045512.2	10297	T	A	34509	21787	36	1	1	34	2.89746e-05	34513	1	FALSE	NA	NA	NA	NA	NA	NA
NC_045512.2	10298	A	G	34978	21812	36	1	1	68	2.85861e-05	34982	0.499986	FALSE	NA	NA	NA	NA	NA	NA
NC_045512.2	10298	A	C	34978	21812	36	3	3	31	8.57584e-05	34982	1	FALSE	NA	NA	NA	NA	NA	NA
NC_045512.2	10299	T	G	34951	21834	36	1	0	26	2.86058e-05	34958	1	FALSE	NA	NA	NA	NA	NA	NA
NC_045512.2	10299	T	C	34951	21834	36	6	4	44	0.000171635	34958	0.253892	FALSE	NA	NA	NA	NA	NA	NA
NC_045512.2	10300	G	T	34675	21679	36	1	1	34	2.88317e-05	34684	1	FALSE	NA	NA	NA	NA	NA	NA
NC_045512.2	10300	G	C	34675	21679	36	1	0	34	2.88317e-05	34684	1	FALSE	NA	NA	NA	NA	NA	NA
NC_045512.2	10300	G	A	34675	21679	36	7	6	34	0.000201822	34684	0.999998	FALSE	NA	NA	NA	NA	NA	NA
NC_045512.2	10301	C	T	33787	22139	35	4	3	42	0.000118375	33791	0.500016	FALSE	NA	NA	NA	NA	NA	NA
NC_045512.2	10301	C	-A	33787	22139	35	1	0	20	2.95937e-05	33791	1	FALSE	NA	NA	NA	NA	NA	NA
NC_045512.2	10302	A	T	35417	23878	36	1	1	34	2.82318e-05	35421	1	FALSE	NA	NA	NA	NA	NA	NA
NC_045512.2	10302	A	G	35417	23878	36	3	1	34	8.46955e-05	35421	1	FALSE	NA	NA	NA	NA	NA	NA
NC_045512.2	10303	A	T	35520	23911	36	1	1	34	2.81516e-05	35522	1	FALSE	NA	NA	NA	NA	NA	NA
NC_045512.2	10303	A	G	35520	23911	36	1	1	68	2.81516e-05	35522	0.5	FALSE	NA	NA	NA	NA	NA	NA
NC_045512.2	10304	A	T	34561	24083	35	1	1	26	2.89335e-05	34562	1	FALSE	NA	NA	NA	NA	NA	NA
NC_045512.2	10305	A	T	36052	24133	36	2	1	34	5.54708e-05	36055	1	FALSE	NA	NA	NA	NA	NA	NA
NC_045512.2	10305	A	C	36052	24133	36	1	1	34	2.77354e-05	36055	1	FALSE	NA	NA	NA	NA	NA	NA
NC_045512.2	10306	T	C	36079	24152	36	1	1	34	2.77154e-05	36081	1	FALSE	NA	NA	NA	NA	NA	NA
NC_045512.2	10306	T	A	36079	24152	36	1	0	34	2.77154e-05	36081	1	FALSE	NA	NA	NA	NA	NA	NA
NC_045512.2	10307	T	C	35261	23552	36	4	3	34	0.00011342	35267	1	FALSE	NA	NA	NA	NA	NA	NA
NC_045512.2	10307	T	A	35261	23552	36	2	2	34	5.67102e-05	35267	1	FALSE	NA	NA	NA	NA	NA	NA
NC_045512.2	10308	G	C	35093	23652	36	2	2	30	5.69866e-05	35096	1	FALSE	NA	NA	NA	NA	NA	NA
NC_045512.2	10308	G	A	35093	23652	36	1	1	34	2.84933e-05	35096	1	FALSE	NA	NA	NA	NA	NA	NA
NC_045512.2	10309	T	C	35398	24010	36	4	2	40	0.000112985	35403	0.5	FALSE	NA	NA	NA	NA	NA	NA
NC_045512.2	10309	T	A	35398	24010	36	1	0	26	2.82462e-05	35403	1	FALSE	NA	NA	NA	NA	NA	NA
NC_045512.2	10310	G	T	35604	24118	36	1	1	34	2.80844e-05	35607	1	FALSE	NA	NA	NA	NA	NA	NA
NC_045512.2	10310	G	A	35604	24118	36	2	2	34	5.61687e-05	35607	1	FALSE	NA	NA	NA	NA	NA	NA
NC_045512.2	10311	T	C	36307	24935	36	4	1	34	0.000110156	36312	1	FALSE	NA	NA	NA	NA	NA	NA
NC_045512.2	10311	T	A	36307	24935	36	1	0	26	2.75391e-05	36312	1	FALSE	NA	NA	NA	NA	NA	NA
NC_045512.2	10312	A	T	36543	25071	36	1	1	34	2.73643e-05	36544	1	FALSE	NA	NA	NA	NA	NA	NA
NC_045512.2	10313	C	T	37847	26597	36	1	1	34	2.64208e-05	37849	1	FALSE	NA	NA	NA	NA	NA	NA
NC_045512.2	10313	C	A	37847	26597	36	1	1	34	2.64208e-05	37849	1	FALSE	NA	NA	NA	NA	NA	NA
NC_045512.2	10314	T	C	36811	25557	36	5	5	44	0.000135796	36820	0.363229	FALSE	NA	NA	NA	NA	NA	NA
NC_045512.2	10314	T	A	36811	25557	36	4	4	34	0.000108637	36820	1	FALSE	NA	NA	NA	NA	NA	NA
NC_045512.2	10315	T	C	36863	25625	36	3	2	45	8.13736e-05	36867	0.656256	FALSE	NA	NA	NA	NA	NA	NA
NC_045512.2	10315	T	A	36863	25625	36	1	0	26	2.71245e-05	36867	1	FALSE	NA	NA	NA	NA	NA	NA
NC_045512.2	10316	A	T	36888	25698	36	1	0	34	2.71061e-05	36892	1	FALSE	NA	NA	NA	NA	NA	NA
NC_045512.2	10316	A	G	36888	25698	36	3	3	34	8.13184e-05	36892	1	FALSE	NA	NA	NA	NA	NA	NA
NC_045512.2	10317	A	G	36962	25564	36	7	3	37	0.000189338	36971	0.999999	FALSE	NA	NA	NA	NA	NA	NA
NC_045512.2	10317	A	C	36962	25564	36	2	2	26	5.40965e-05	36971	1	FALSE	NA	NA	NA	NA	NA	NA
NC_045512.2	10319	C	T	36994	26056	36	1	1	34	2.70299e-05	36996	1	FALSE	NA	NA	NA	NA	NA	NA
NC_045512.2	10319	C	A	36994	26056	36	1	1	34	2.70299e-05	36996	1	FALSE	NA	NA	NA	NA	NA	NA
NC_045512.2	10320	T	G	37145	26173	36	1	1	34	2.69165e-05	37152	1	FALSE	NA	NA	NA	NA	NA	NA
NC_045512.2	10320	T	C	37145	26173	36	6	4	34	0.000161499	37152	1	FALSE	NA	NA	NA	NA	NA	NA
NC_045512.2	10321	T	C	37463	26571	36	4	3	34	0.000106758	37468	1	FALSE	NA	NA	NA	NA	NA	NA
NC_045512.2	10321	T	A	37463	26571	36	1	1	34	2.66894e-05	37468	1	FALSE	NA	NA	NA	NA	NA	NA
NC_045512.2	10321	T	-A	37463	26571	36	2	0	20	5.33789e-05	37468	1	FALSE	NA	NA	NA	NA	NA	NA
NC_045512.2	10322	A	G	37421	26524	36	3	1	31	8.01603e-05	37425	1	FALSE	NA	NA	NA	NA	NA	NA
NC_045512.2	10322	A	C	37421	26524	36	1	1	26	2.67201e-05	37425	1	FALSE	NA	NA	NA	NA	NA	NA
NC_045512.2	10323	A	T	37469	26550	36	3	2	56	8.00491e-05	37477	0.124975	FALSE	NA	NA	NA	NA	NA	NA
NC_045512.2	10323	A	G	37469	26550	36	3	2	34	8.00491e-05	37477	1	FALSE	NA	NA	NA	NA	NA	NA
NC_045512.2	10323	A	C	37469	26550	36	2	2	34	5.33661e-05	37477	1	FALSE	NA	NA	NA	NA	NA	NA
NC_045512.2	10324	G	C	38093	26521	36	1	1	26	2.62509e-05	38094	1	FALSE	NA	NA	NA	NA	NA	NA
NC_045512.2	10325	G	T	38211	26569	36	1	1	34	2.61691e-05	38213	1	FALSE	NA	NA	NA	NA	NA	NA
NC_045512.2	10325	G	A	38211	26569	36	1	1	34	2.61691e-05	38213	1	FALSE	NA	NA	NA	NA	NA	NA
NC_045512.2	10326	T	C	37153	25585	36	2	2	34	5.38286e-05	37155	1	FALSE	NA	NA	NA	NA	NA	NA
NC_045512.2	10327	T	G	35807	24375	36	1	0	34	2.79236e-05	35812	1	FALSE	NA	NA	NA	NA	NA	NA
NC_045512.2	10327	T	C	35807	24375	36	2	1	30	5.58472e-05	35812	1	FALSE	NA	NA	NA	NA	NA	NA
NC_045512.2	10327	T	A	35807	24375	36	2	1	26	5.58472e-05	35812	1	FALSE	NA	NA	NA	NA	NA	NA
NC_045512.2	10328	G	T	36799	25138	36	4	4	34	0.000108681	36805	1	FALSE	NA	NA	NA	NA	NA	NA
NC_045512.2	10328	G	A	36799	25138	36	2	2	34	5.43404e-05	36805	1	FALSE	NA	NA	NA	NA	NA	NA
NC_045512.2	10329	A	T	37850	26332	36	2	2	34	5.28304e-05	37857	1	FALSE	NA	NA	NA	NA	NA	NA
NC_045512.2	10329	A	G	37850	26332	36	5	1	34	0.000132076	37857	1	FALSE	NA	NA	NA	NA	NA	NA
NC_045512.2	10330	T	C	33663	23436	37	4090	2880	36	0.108333	37754	0	TRUE	NA	NA	NA	NA	NA	NA
NC_045512.2	10330	T	A	33663	23436	37	1	0	34	2.64873e-05	37754	1	FALSE	NA	NA	NA	NA	NA	NA
NC_045512.2	10331	A	G	37344	26426	36	7	6	34	0.000187396	37354	1	FALSE	NA	NA	NA	NA	NA	NA
NC_045512.2	10331	A	C	37344	26426	36	3	3	31	8.03127e-05	37354	1	FALSE	NA	NA	NA	NA	NA	NA
NC_045512.2	10332	C	T	37543	26448	36	3	3	31	7.98977e-05	37548	1	FALSE	NA	NA	NA	NA	NA	NA
NC_045512.2	10332	C	G	37543	26448	36	1	1	34	2.66326e-05	37548	1	FALSE	NA	NA	NA	NA	NA	NA
NC_045512.2	10332	C	A	37543	26448	36	1	1	34	2.66326e-05	37548	1	FALSE	NA	NA	NA	NA	NA	NA
NC_045512.2	10333	A	G	36182	25057	36	10	4	34	0.000276289	36194	0.99998	FALSE	NA	NA	NA	NA	NA	NA
NC_045512.2	10333	A	C	36182	25057	36	2	2	34	5.52578e-05	36194	1	FALSE	NA	NA	NA	NA	NA	NA
NC_045512.2	10334	G	T	36291	25004	36	3	1	34	8.26401e-05	36302	1	FALSE	NA	NA	NA	NA	NA	NA
NC_045512.2	10334	G	A	36291	25004	36	8	5	34	0.000220374	36302	0.999997	FALSE	NA	NA	NA	NA	NA	NA
NC_045512.2	10335	C	T	38896	27949	37	13	9	40	0.000334087	38912	0.0106261	FALSE	NA	NA	NA	NA	NA	NA
NC_045512.2	10335	C	A	38896	27949	37	3	0	34	7.7097e-05	38912	1	FALSE	NA	NA	NA	NA	NA	NA
NC_045512.2	10336	C	T	38835	27966	37	17	13	35	0.000437524	38855	0.99867	FALSE	NA	NA	NA	NA	NA	NA
NC_045512.2	10336	C	A	38835	27966	37	3	3	34	7.72101e-05	38855	1	FALSE	NA	NA	NA	NA	NA	NA
NC_045512.2	10337	A	T	39034	28198	37	1	1	26	2.56141e-05	39041	1	FALSE	NA	NA	NA	NA	NA	NA
NC_045512.2	10337	A	G	39034	28198	37	5	5	34	0.00012807	39041	1	FALSE	NA	NA	NA	NA	NA	NA
NC_045512.2	10337	A	C	39034	28198	37	1	1	34	2.56141e-05	39041	1	FALSE	NA	NA	NA	NA	NA	NA
NC_045512.2	10338	A	G	38620	28480	36	4	4	34	0.000103563	38624	1	FALSE	NA	NA	NA	NA	NA	NA
NC_045512.2	10339	T	G	39516	28454	37	1	1	34	2.53049e-05	39518	1	FALSE	NA	NA	NA	NA	NA	NA
NC_045512.2	10339	T	C	39516	28454	37	1	0	34	2.53049e-05	39518	1	FALSE	NA	NA	NA	NA	NA	NA
NC_045512.2	10340	C	T	40284	29308	37	2	2	34	4.96426e-05	40288	1	FALSE	NA	NA	NA	NA	NA	NA
NC_045512.2	10340	C	G	40284	29308	37	2	2	30	4.96426e-05	40288	1	FALSE	NA	NA	NA	NA	NA	NA
NC_045512.2	10341	C	T	40024	29282	37	1	1	34	2.49838e-05	40026	1	FALSE	NA	NA	NA	NA	NA	NA
NC_045512.2	10341	C	A	40024	29282	37	1	0	34	2.49838e-05	40026	1	FALSE	NA	NA	NA	NA	NA	NA
NC_045512.2	10342	T	C	39834	29050	37	7	6	43	0.000175698	39841	0.17187	FALSE	NA	NA	NA	NA	NA	NA
NC_045512.2	10342	T	-A	39834	29050	37	1	0	20	2.50998e-05	39841	1	FALSE	NA	NA	NA	NA	NA	NA
NC_045512.2	10343	A	T	39638	28857	37	1	1	26	2.52245e-05	39644	1	FALSE	NA	NA	NA	NA	NA	NA
NC_045512.2	10343	A	G	39638	28857	37	5	3	50	0.000126122	39644	0.0312441	FALSE	NA	NA	NA	NA	NA	NA
NC_045512.2	10344	A	G	39706	28949	37	2	1	30	5.03664e-05	39709	1	FALSE	NA	NA	NA	NA	NA	NA
NC_045512.2	10344	A	C	39706	28949	37	1	1	34	2.51832e-05	39709	1	FALSE	NA	NA	NA	NA	NA	NA
NC_045512.2	10345	G	C	39644	28966	37	1	1	34	2.52226e-05	39647	1	FALSE	NA	NA	NA	NA	NA	NA
NC_045512.2	10345	G	A	39644	28966	37	2	2	34	5.04452e-05	39647	1	FALSE	NA	NA	NA	NA	NA	NA
NC_045512.2	10346	A	T	41203	30991	36	1	1	34	2.42671e-05	41208	1	FALSE	NA	NA	NA	NA	NA	NA
NC_045512.2	10346	A	G	41203	30991	36	4	1	42	9.70685e-05	41208	0.636725	FALSE	NA	NA	NA	NA	NA	NA
NC_045512.2	10348	A	C	40367	30049	37	1	1	26	2.47721e-05	40368	1	FALSE	NA	NA	NA	NA	NA	NA
NC_045512.2	10349	C	T	40109	30063	37	1	1	34	2.49314e-05	40110	1	FALSE	NA	NA	NA	NA	NA	NA
NC_045512.2	10350	C	T	40398	30724	37	2	1	51	4.95025e-05	40402	0.249991	FALSE	NA	NA	NA	NA	NA	NA
NC_045512.2	10350	C	G	40398	30724	37	2	0	34	4.95025e-05	40402	1	FALSE	NA	NA	NA	NA	NA	NA
NC_045512.2	10351	T	G	39572	29878	37	2	1	34	5.05357e-05	39576	1	FALSE	NA	NA	NA	NA	NA	NA
NC_045512.2	10351	T	C	39572	29878	37	2	2	34	5.05357e-05	39576	1	FALSE	NA	NA	NA	NA	NA	NA
NC_045512.2	10352	A	G	40142	30290	37	5	3	40	0.000124542	40147	0.500015	FALSE	NA	NA	NA	NA	NA	NA
NC_045512.2	10353	A	T	39807	30300	37	1	0	34	2.51187e-05	39811	1	FALSE	NA	NA	NA	NA	NA	NA
NC_045512.2	10353	A	G	39807	30300	37	3	3	40	7.53561e-05	39811	0.656256	FALSE	NA	NA	NA	NA	NA	NA
NC_045512.2	10354	G	C	40794	30289	37	3	3	31	7.3533e-05	40798	1	FALSE	NA	NA	NA	NA	NA	NA
NC_045512.2	10354	G	A	40794	30289	37	1	0	68	2.4511e-05	40798	0.499988	FALSE	NA	NA	NA	NA	NA	NA
NC_045512.2	10356	A	G	40923	30659	37	4	3	59	9.7735e-05	40927	0.0624985	FALSE	NA	NA	NA	NA	NA	NA
NC_045512.2	10357	T	C	40574	30619	37	2	2	34	4.92902e-05	40576	1	FALSE	NA	NA	NA	NA	NA	NA
NC_045512.2	10358	A	T	41148	31380	37	3	3	34	7.29005e-05	41152	1	FALSE	NA	NA	NA	NA	NA	NA
NC_045512.2	10358	A	G	41148	31380	37	1	1	34	2.43002e-05	41152	1	FALSE	NA	NA	NA	NA	NA	NA
NC_045512.2	10359	A	G	41193	31447	37	5	4	40	0.000121365	41198	0.500015	FALSE	NA	NA	NA	NA	NA	NA
NC_045512.2	10360	G	C	41235	31392	37	2	2	34	4.85001e-05	41237	1	FALSE	NA	NA	NA	NA	NA	NA
NC_045512.2	10361	T	G	37611	27908	36	14	14	34	0.000372053	37629	0.99969	FALSE	NA	NA	NA	NA	NA	NA
NC_045512.2	10361	T	C	37611	27908	36	4	4	34	0.000106301	37629	1	FALSE	NA	NA	NA	NA	NA	NA
NC_045512.2	10362	T	G	38873	30792	37	1	1	34	2.57215e-05	38878	1	FALSE	NA	NA	NA	NA	NA	NA
NC_045512.2	10362	T	C	38873	30792	37	4	2	32	0.000102886	38878	1	FALSE	NA	NA	NA	NA	NA	NA
NC_045512.2	10363	T	G	36315	28280	37	1	0	26	2.75338e-05	36319	1	FALSE	NA	NA	NA	NA	NA	NA
NC_045512.2	10363	T	C	36315	28280	37	3	2	34	8.26014e-05	36319	1	FALSE	NA	NA	NA	NA	NA	NA
NC_045512.2	10364	G	-T	36444	28472	37	1	0	20	2.74394e-05	36444	1	FALSE	NA	NA	NA	NA	NA	NA
NC_045512.2	10365	T	G	33765	25793	35	1	0	27	2.96112e-05	33771	1	FALSE	NA	NA	NA	NA	NA	NA
NC_045512.2	10365	T	C	33765	25793	35	5	5	34	0.000148056	33771	1	FALSE	NA	NA	NA	NA	NA	NA
NC_045512.2	10366	T	C	36837	29130	37	3	3	34	8.1431e-05	36841	1	FALSE	NA	NA	NA	NA	NA	NA
NC_045512.2	10366	T	A	36837	29130	37	1	1	34	2.71437e-05	36841	1	FALSE	NA	NA	NA	NA	NA	NA
NC_045512.2	10367	C	T	39530	32363	37	3	2	34	7.5886e-05	39533	1	FALSE	NA	NA	NA	NA	NA	NA
NC_045512.2	10368	G	A	39217	32029	37	20	19	37	0.000509723	39237	0.995693	FALSE	NA	NA	NA	NA	NA	NA
NC_045512.2	10369	C	T	41913	35064	37	2	1	51	4.77099e-05	41920	0.249973	FALSE	NA	NA	NA	NA	NA	NA
NC_045512.2	10369	C	A	41913	35064	37	5	5	40	0.000119275	41920	0.499985	FALSE	NA	NA	NA	NA	NA	NA
NC_045512.2	10370	A	T	42082	35215	37	1	0	34	2.37603e-05	42087	1	FALSE	NA	NA	NA	NA	NA	NA
NC_045512.2	10370	A	G	42082	35215	37	4	4	42	9.50412e-05	42087	0.636725	FALSE	NA	NA	NA	NA	NA	NA
NC_045512.2	10371	T	G	41969	35097	37	1	1	34	2.38248e-05	41973	1	FALSE	NA	NA	NA	NA	NA	NA
NC_045512.2	10371	T	C	41969	35097	37	3	3	34	7.14745e-05	41973	1	FALSE	NA	NA	NA	NA	NA	NA
NC_045512.2	10372	T	C	41832	35418	37	1	1	34	2.39046e-05	41833	1	FALSE	NA	NA	NA	NA	NA	NA
NC_045512.2	10373	C	T	41808	35385	37	1	1	34	2.39183e-05	41809	1	FALSE	NA	NA	NA	NA	NA	NA
NC_045512.2	10374	A	G	43287	36897	37	4	4	34	9.2398e-05	43291	1	FALSE	NA	NA	NA	NA	NA	NA
NC_045512.2	10375	A	T	45951	39870	37	1	1	34	2.17614e-05	45953	1	FALSE	NA	NA	NA	NA	NA	NA
NC_045512.2	10375	A	C	45951	39870	37	1	1	34	2.17614e-05	45953	1	FALSE	NA	NA	NA	NA	NA	NA
NC_045512.2	10376	C	T	45813	40231	37	2	2	34	4.36529e-05	45816	1	FALSE	NA	NA	NA	NA	NA	NA
NC_045512.2	10376	C	A	45813	40231	37	1	1	34	2.18264e-05	45816	1	FALSE	NA	NA	NA	NA	NA	NA
NC_045512.2	10377	C	T	45761	40203	37	1	1	34	2.18512e-05	45764	1	FALSE	NA	NA	NA	NA	NA	NA
NC_045512.2	10377	C	A	45761	40203	37	2	2	34	4.37025e-05	45764	1	FALSE	NA	NA	NA	NA	NA	NA
NC_045512.2	10378	A	T	45286	39706	37	1	1	34	2.20794e-05	45291	1	FALSE	NA	NA	NA	NA	NA	NA
NC_045512.2	10378	A	G	45286	39706	37	4	4	42	8.83178e-05	45291	0.636725	FALSE	NA	NA	NA	NA	NA	NA
NC_045512.2	10378	A	-G	45286	39706	37	1	0	20	2.20794e-05	45291	1	FALSE	NA	NA	NA	NA	NA	NA
NC_045512.2	10379	G	T	45253	39543	37	2	1	68	4.41921e-05	45257	0.249986	FALSE	NA	NA	NA	NA	NA	NA
NC_045512.2	10379	G	C	45253	39543	37	2	2	34	4.41921e-05	45257	1	FALSE	NA	NA	NA	NA	NA	NA
NC_045512.2	10380	G	A	45526	39864	37	2	1	34	4.3929e-05	45528	1	FALSE	NA	NA	NA	NA	NA	NA
NC_045512.2	10381	A	G	45527	39845	37	4	4	49	8.78522e-05	45531	0.636737	FALSE	NA	NA	NA	NA	NA	NA
NC_045512.2	10382	C	T	45211	40105	37	2	2	34	4.42341e-05	45214	1	FALSE	NA	NA	NA	NA	NA	NA
NC_045512.2	10382	C	A	45211	40105	37	1	1	34	2.2117e-05	45214	1	FALSE	NA	NA	NA	NA	NA	NA
NC_045512.2	10383	A	G	44120	39051	37	2	2	34	4.53278e-05	44123	1	FALSE	NA	NA	NA	NA	NA	NA
NC_045512.2	10383	A	C	44120	39051	37	1	1	68	2.26639e-05	44123	0.499994	FALSE	NA	NA	NA	NA	NA	NA
NC_045512.2	10384	G	T	44049	39030	37	1	1	34	2.27004e-05	44052	1	FALSE	NA	NA	NA	NA	NA	NA
NC_045512.2	10384	G	C	44049	39030	37	1	1	34	2.27004e-05	44052	1	FALSE	NA	NA	NA	NA	NA	NA
NC_045512.2	10384	G	A	44049	39030	37	1	0	26	2.27004e-05	44052	1	FALSE	NA	NA	NA	NA	NA	NA
NC_045512.2	10385	A	G	43865	38990	36	6	5	39	0.000136761	43872	1	FALSE	NA	NA	NA	NA	NA	NA
NC_045512.2	10385	A	C	43865	38990	36	1	1	34	2.27936e-05	43872	1	FALSE	NA	NA	NA	NA	NA	NA
NC_045512.2	10386	C	T	43916	39134	36	1	0	34	2.27702e-05	43917	1	FALSE	NA	NA	NA	NA	NA	NA
NC_045512.2	10386	C	-T	43916	39134	36	28	0	20	0.000637566	43917	1	FALSE	NA	NA	NA	NA	NA	NA
NC_045512.2	10387	T	G	43561	38795	36	1	0	26	2.29516e-05	43570	1	FALSE	NA	NA	NA	NA	NA	NA
NC_045512.2	10387	T	C	43561	38795	36	8	7	38	0.000183613	43570	1	FALSE	NA	NA	NA	NA	NA	NA
NC_045512.2	10388	T	C	43000	38233	36	9	9	37	0.000209259	43009	1	FALSE	NA	NA	NA	NA	NA	NA
NC_045512.2	10389	T	C	43100	38337	36	6	6	31	0.000139192	43106	1	FALSE	NA	NA	NA	NA	NA	NA
NC_045512.2	10390	T	C	43036	38353	36	4	4	42	9.29368e-05	43040	0.636738	FALSE	NA	NA	NA	NA	NA	NA
NC_045512.2	10391	T	C	43044	38365	36	6	5	32	0.000139373	43050	1	FALSE	NA	NA	NA	NA	NA	NA
NC_045512.2	10392	C	T	42889	38235	36	5	5	32	0.000116561	42896	1	FALSE	NA	NA	NA	NA	NA	NA
NC_045512.2	10392	C	A	42889	38235	36	2	2	34	4.66244e-05	42896	1	FALSE	NA	NA	NA	NA	NA	NA
NC_045512.2	10393	A	T	42377	37733	36	1	1	34	2.3596e-05	42380	1	FALSE	NA	NA	NA	NA	NA	NA
NC_045512.2	10393	A	C	42377	37733	36	2	2	30	4.71921e-05	42380	1	FALSE	NA	NA	NA	NA	NA	NA
NC_045512.2	10395	T	C	41561	37052	36	3	3	34	7.21778e-05	41564	1	FALSE	NA	NA	NA	NA	NA	NA
NC_045512.2	10396	G	T	41493	36983	36	1	1	34	2.4097e-05	41499	1	FALSE	NA	NA	NA	NA	NA	NA
NC_045512.2	10396	G	C	41493	36983	36	1	1	34	2.4097e-05	41499	1	FALSE	NA	NA	NA	NA	NA	NA
NC_045512.2	10396	G	A	41493	36983	36	4	4	34	9.63879e-05	41499	1	FALSE	NA	NA	NA	NA	NA	NA
NC_045512.2	10397	T	C	39072	34592	36	3	3	31	7.67754e-05	39075	1	FALSE	NA	NA	NA	NA	NA	NA
NC_045512.2	10398	T	G	39144	34672	36	1	1	34	2.5535e-05	39162	1	FALSE	NA	NA	NA	NA	NA	NA
NC_045512.2	10398	T	C	39144	34672	36	16	16	34	0.000408559	39162	0.999494	FALSE	NA	NA	NA	NA	NA	NA
NC_045512.2	10398	T	A	39144	34672	36	1	0	27	2.5535e-05	39162	1	FALSE	NA	NA	NA	NA	NA	NA
NC_045512.2	10399	A	G	38796	34645	36	7	4	53	0.000180398	38803	0.00781109	TRUE	NA	NA	NA	NA	NA	NA
NC_045512.2	10401	C	T	38806	34647	36	1	1	34	2.57685e-05	38807	1	FALSE	NA	NA	NA	NA	NA	NA
NC_045512.2	10402	T	C	38711	34540	36	4	4	30	0.000103319	38715	1	FALSE	NA	NA	NA	NA	NA	NA
NC_045512.2	10403	T	C	36322	32198	36	5	5	32	0.000137635	36328	1	FALSE	NA	NA	NA	NA	NA	NA
NC_045512.2	10403	T	A	36322	32198	36	1	1	34	2.7527e-05	36328	1	FALSE	NA	NA	NA	NA	NA	NA
NC_045512.2	10404	G	C	36396	32321	36	1	1	34	2.74733e-05	36399	1	FALSE	NA	NA	NA	NA	NA	NA
NC_045512.2	10404	G	A	36396	32321	36	2	2	34	5.49466e-05	36399	1	FALSE	NA	NA	NA	NA	NA	NA
NC_045512.2	10404	G	-T	36396	32321	36	1	0	20	2.74733e-05	36399	1	FALSE	NA	NA	NA	NA	NA	NA
NC_045512.2	10405	T	C	36318	32241	36	2	2	40	5.50661e-05	36320	0.812509	FALSE	NA	NA	NA	NA	NA	NA
NC_045512.2	10406	T	C	36171	32343	36	3	3	34	8.29325e-05	36174	1	FALSE	NA	NA	NA	NA	NA	NA
NC_045512.2	10407	A	T	36068	32255	36	1	0	34	2.772e-05	36075	1	FALSE	NA	NA	NA	NA	NA	NA
NC_045512.2	10407	A	G	36068	32255	36	6	5	34	0.00016632	36075	1	FALSE	NA	NA	NA	NA	NA	NA
NC_045512.2	10408	C	T	36004	32248	36	1	1	34	2.77724e-05	36007	1	FALSE	NA	NA	NA	NA	NA	NA
NC_045512.2	10408	C	A	36004	32248	36	2	2	34	5.55448e-05	36007	1	FALSE	NA	NA	NA	NA	NA	NA
NC_045512.2	10408	C	-A	36004	32248	36	1	0	20	2.77724e-05	36007	1	FALSE	NA	NA	NA	NA	NA	NA
NC_045512.2	10409	A	G	35233	31499	36	1	1	34	2.83817e-05	35234	1	FALSE	NA	NA	NA	NA	NA	NA
NC_045512.2	10410	A	G	35258	31513	36	1	1	34	2.83607e-05	35260	1	FALSE	NA	NA	NA	NA	NA	NA
NC_045512.2	10410	A	C	35258	31513	36	1	1	34	2.83607e-05	35260	1	FALSE	NA	NA	NA	NA	NA	NA
NC_045512.2	10410	A	+C	35258	31513	36	1	0	20	2.83607e-05	35260	1	FALSE	NA	NA	NA	NA	NA	NA
NC_045512.2	10411	T	G	34720	31046	36	1	0	34	2.87994e-05	34723	1	FALSE	NA	NA	NA	NA	NA	NA
NC_045512.2	10411	T	C	34720	31046	36	2	2	34	5.75987e-05	34723	1	FALSE	NA	NA	NA	NA	NA	NA
NC_045512.2	10412	G	T	34105	30471	36	2	2	30	5.8639e-05	34107	1	FALSE	NA	NA	NA	NA	NA	NA
NC_045512.2	10413	G	T	34016	30450	36	1	1	34	2.93953e-05	34019	1	FALSE	NA	NA	NA	NA	NA	NA
NC_045512.2	10413	G	A	34016	30450	36	2	2	34	5.87907e-05	34019	1	FALSE	NA	NA	NA	NA	NA	NA
NC_045512.2	10414	T	G	30299	26798	35	1	1	34	3.3e-05	30303	1	FALSE	NA	NA	NA	NA	NA	NA
NC_045512.2	10414	T	C	30299	26798	35	1	1	34	3.3e-05	30303	1	FALSE	NA	NA	NA	NA	NA	NA
NC_045512.2	10414	T	A	30299	26798	35	2	2	34	6.60001e-05	30303	1	FALSE	NA	NA	NA	NA	NA	NA
NC_045512.2	10415	T	C	32277	28782	36	3	2	34	9.29368e-05	32280	1	FALSE	NA	NA	NA	NA	NA	NA
NC_045512.2	10416	C	A	32369	28876	36	3	3	34	9.26727e-05	32372	1	FALSE	NA	NA	NA	NA	NA	NA
NC_045512.2	10417	A	G	32173	28703	36	1	1	34	3.108e-05	32175	1	FALSE	NA	NA	NA	NA	NA	NA
NC_045512.2	10417	A	C	32173	28703	36	1	1	34	3.108e-05	32175	1	FALSE	NA	NA	NA	NA	NA	NA
NC_045512.2	10418	C	T	31838	28899	36	3	3	31	9.42181e-05	31841	1	FALSE	NA	NA	NA	NA	NA	NA
NC_045512.2	10419	C	A	31414	28499	36	2	2	30	6.36618e-05	31416	1	FALSE	NA	NA	NA	NA	NA	NA
NC_045512.2	10420	A	T	31326	28423	36	1	0	34	3.19203e-05	31328	1	FALSE	NA	NA	NA	NA	NA	NA
NC_045512.2	10420	A	C	31326	28423	36	1	0	34	3.19203e-05	31328	1	FALSE	NA	NA	NA	NA	NA	NA
NC_045512.2	10421	T	C	30787	27878	36	4	2	51	0.000129908	30791	0.062498	FALSE	NA	NA	NA	NA	NA	NA
NC_045512.2	10422	C	T	29924	27545	35	1	1	34	3.34169e-05	29925	1	FALSE	NA	NA	NA	NA	NA	NA
NC_045512.2	10423	T	C	29787	27411	35	2	2	34	6.71389e-05	29789	1	FALSE	NA	NA	NA	NA	NA	NA
NC_045512.2	10423	T	-G	29787	27411	35	1	0	20	3.35694e-05	29789	1	FALSE	NA	NA	NA	NA	NA	NA
NC_045512.2	10425	G	C	38052	27625	35	1	0	34	2.62764e-05	38057	1	FALSE	NA	NA	NA	NA	NA	NA
NC_045512.2	10425	G	A	38052	27625	35	4	0	34	0.000105105	38057	1	FALSE	NA	NA	NA	NA	NA	NA
NC_045512.2	10426	T	C	37438	27090	35	5	4	34	0.000133536	37443	1	FALSE	NA	NA	NA	NA	NA	NA
NC_045512.2	10427	G	C	37703	26871	35	2	2	34	5.30434e-05	37705	1	FALSE	NA	NA	NA	NA	NA	NA
NC_045512.2	10428	T	C	34170	23380	33	4	2	34	0.000117041	34176	1	FALSE	NA	NA	NA	NA	NA	NA
NC_045512.2	10428	T	A	34170	23380	33	2	0	30	5.85206e-05	34176	1	FALSE	NA	NA	NA	NA	NA	NA
NC_045512.2	10429	T	C	36233	25269	35	2	1	34	5.51937e-05	36236	1	FALSE	NA	NA	NA	NA	NA	NA
NC_045512.2	10429	T	A	36233	25269	35	1	1	26	2.75969e-05	36236	1	FALSE	NA	NA	NA	NA	NA	NA
NC_045512.2	10430	T	C	36260	25247	35	3	2	31	8.27244e-05	36265	1	FALSE	NA	NA	NA	NA	NA	NA
NC_045512.2	10430	T	A	36260	25247	35	2	0	30	5.51496e-05	36265	1	FALSE	NA	NA	NA	NA	NA	NA
NC_045512.2	10431	A	G	36122	25118	35	4	2	34	0.000110724	36126	1	FALSE	NA	NA	NA	NA	NA	NA
NC_045512.2	10432	C	T	36388	25168	35	1	1	34	2.74808e-05	36389	1	FALSE	NA	NA	NA	NA	NA	NA
NC_045512.2	10433	C	T	36171	25052	35	1	1	34	2.76434e-05	36175	1	FALSE	NA	NA	NA	NA	NA	NA
NC_045512.2	10433	C	G	36171	25052	35	2	0	34	5.52868e-05	36175	1	FALSE	NA	NA	NA	NA	NA	NA
NC_045512.2	10433	C	A	36171	25052	35	1	0	34	2.76434e-05	36175	1	FALSE	NA	NA	NA	NA	NA	NA
NC_045512.2	10434	A	G	33873	22678	35	13	10	34	0.000383639	33886	0.999182	FALSE	NA	NA	NA	NA	NA	NA
NC_045512.2	10435	A	T	34038	22727	35	1	0	34	2.93763e-05	34041	1	FALSE	NA	NA	NA	NA	NA	NA
NC_045512.2	10435	A	G	34038	22727	35	2	2	34	5.87527e-05	34041	1	FALSE	NA	NA	NA	NA	NA	NA
NC_045512.2	10436	T	G	33143	21779	35	2	1	34	6.03336e-05	33149	1	FALSE	NA	NA	NA	NA	NA	NA
NC_045512.2	10436	T	C	33143	21779	35	2	2	34	6.03336e-05	33149	1	FALSE	NA	NA	NA	NA	NA	NA
NC_045512.2	10436	T	A	33143	21779	35	2	2	30	6.03336e-05	33149	1	FALSE	NA	NA	NA	NA	NA	NA
NC_045512.2	10437	G	T	34016	21744	35	1	1	34	2.93953e-05	34019	1	FALSE	NA	NA	NA	NA	NA	NA
NC_045512.2	10437	G	A	34016	21744	35	2	0	34	5.87907e-05	34019	1	FALSE	NA	NA	NA	NA	NA	NA
NC_045512.2	10438	T	C	33331	21085	35	1	1	34	3.00012e-05	33332	1	FALSE	NA	NA	NA	NA	NA	NA
NC_045512.2	10439	G	T	33199	20979	35	2	2	34	6.02391e-05	33201	1	FALSE	NA	NA	NA	NA	NA	NA
NC_045512.2	10441	T	G	32009	20090	34	2	0	30	6.2461e-05	32020	1	FALSE	NA	NA	NA	NA	NA	NA
NC_045512.2	10441	T	C	32009	20090	34	9	3	34	0.000281074	32020	0.999944	FALSE	NA	NA	NA	NA	NA	NA
NC_045512.2	10442	A	G	32178	20173	34	2	1	51	6.21485e-05	32181	0.249996	FALSE	NA	NA	NA	NA	NA	NA
NC_045512.2	10442	A	C	32178	20173	34	1	0	34	3.10742e-05	32181	1	FALSE	NA	NA	NA	NA	NA	NA
NC_045512.2	10443	T	G	32025	20018	34	1	0	34	3.12237e-05	32027	1	FALSE	NA	NA	NA	NA	NA	NA
NC_045512.2	10443	T	C	32025	20018	34	1	1	34	3.12237e-05	32027	1	FALSE	NA	NA	NA	NA	NA	NA
NC_045512.2	10444	G	T	31952	19925	34	3	3	34	9.38761e-05	31957	1	FALSE	NA	NA	NA	NA	NA	NA
NC_045512.2	10444	G	A	31952	19925	34	2	1	34	6.25841e-05	31957	1	FALSE	NA	NA	NA	NA	NA	NA
NC_045512.2	10445	A	T	31691	19720	34	1	1	34	3.15507e-05	31695	1	FALSE	NA	NA	NA	NA	NA	NA
NC_045512.2	10445	A	G	31691	19720	34	3	2	31	9.46522e-05	31695	1	FALSE	NA	NA	NA	NA	NA	NA
NC_045512.2	10445	A	-GGCC	31691	19720	34	1	0	20	3.15507e-05	31695	1	FALSE	NA	NA	NA	NA	NA	NA
NC_045512.2	10447	G	A	3	2	31	28478	16942	34	0.999895	28481	0	TRUE	NA	NA	NA	NA	NA	NA
NC_045512.2	10448	C	+ACA	28458	16678	34	3	0	20	0.000105415	28459	1	FALSE	NA	NA	NA	NA	NA	NA
NC_045512.2	10449	C	G	1	1	34	8	3	33	0.000287759	27801	2.38752e-23	TRUE	NA	NA	NA	NA	NA	NA
NC_045512.2	10449	C	A	1	1	34	27792	16072	34	0.999676	27801	0	TRUE	NA	NA	NA	NA	NA	NA
NC_045512.2	10450	C	T	28386	16098	34	2	1	34	7.04473e-05	28390	1	FALSE	NA	NA	NA	NA	NA	NA
NC_045512.2	10450	C	A	28386	16098	34	2	2	34	7.04473e-05	28390	1	FALSE	NA	NA	NA	NA	NA	NA
NC_045512.2	10451	A	G	28299	16014	34	4	2	34	0.000141323	28304	0.999999	FALSE	NA	NA	NA	NA	NA	NA
NC_045512.2	10451	A	C	28299	16014	34	1	1	34	3.53307e-05	28304	1	FALSE	NA	NA	NA	NA	NA	NA
NC_045512.2	10452	A	G	28451	16151	35	1	0	34	3.51469e-05	28452	1	FALSE	NA	NA	NA	NA	NA	NA
NC_045512.2	10453	T	C	28332	16195	35	2	1	34	7.05866e-05	28334	1	FALSE	NA	NA	NA	NA	NA	NA
NC_045512.2	10455	T	C	27640	16013	34	3	1	34	0.000108527	27643	1	FALSE	NA	NA	NA	NA	NA	NA
NC_045512.2	10457	A	T	27379	15801	34	3	3	34	0.000109501	27397	1	FALSE	NA	NA	NA	NA	NA	NA
NC_045512.2	10457	A	G	27379	15801	34	12	2	36	0.000438004	27397	0.995267	FALSE	NA	NA	NA	NA	NA	NA
NC_045512.2	10457	A	C	27379	15801	34	3	2	31	0.000109501	27397	1	FALSE	NA	NA	NA	NA	NA	NA
NC_045512.2	10458	C	T	28034	15863	34	1	1	34	3.56697e-05	28035	1	FALSE	NA	NA	NA	NA	NA	NA
NC_045512.2	10459	T	C	26471	14291	34	2	1	34	7.55487e-05	26473	1	FALSE	NA	NA	NA	NA	NA	NA
NC_045512.2	10460	A	T	26852	14246	34	1	1	34	3.72342e-05	26857	1	FALSE	NA	NA	NA	NA	NA	NA
NC_045512.2	10460	A	G	26852	14246	34	4	3	34	0.000148937	26857	0.999996	FALSE	NA	NA	NA	NA	NA	NA
NC_045512.2	10461	T	C	26446	13807	34	1	0	34	3.78115e-05	26447	1	FALSE	NA	NA	NA	NA	NA	NA
NC_045512.2	10462	T	C	12898	597	35	2	1	34	0.000155039	12900	0.999087	FALSE	NA	NA	NA	NA	NA	NA
NC_045512.2	10463	A	G	12884	606	35	1	0	34	7.76096e-05	12885	0.999878	FALSE	NA	NA	NA	NA	NA	NA
NC_045512.2	10464	A	T	12658	609	34	1	0	34	7.89889e-05	12660	0.999878	FALSE	NA	NA	NA	NA	NA	NA
NC_045512.2	10464	A	G	12658	609	34	1	0	34	7.89889e-05	12660	0.999878	FALSE	NA	NA	NA	NA	NA	NA
NC_045512.2	10465	G	T	13707	613	35	1	0	34	7.29448e-05	13709	0.999939	FALSE	NA	NA	NA	NA	NA	NA
NC_045512.2	10465	G	C	13707	613	35	1	0	26	7.29448e-05	13709	1	FALSE	NA	NA	NA	NA	NA	NA
NC_045512.2	10466	G	C	13889	627	35	2	1	34	0.000143978	13891	0.999513	FALSE	NA	NA	NA	NA	NA	NA
NC_045512.2	10467	G	A	14159	635	35	1	0	26	7.06215e-05	14160	1	FALSE	NA	NA	NA	NA	NA	NA
NC_045512.2	10467	G	-TT	14159	635	35	2	0	20	0.000141243	14160	1	FALSE	NA	NA	NA	NA	NA	NA
NC_045512.2	10468	T	G	14127	643	35	4	0	32	0.000283006	14134	0.996234	FALSE	NA	NA	NA	NA	NA	NA
NC_045512.2	10468	T	C	14127	643	35	2	0	34	0.000141503	14134	0.999741	FALSE	NA	NA	NA	NA	NA	NA
NC_045512.2	10468	T	A	14127	643	35	1	0	34	7.07514e-05	14134	0.999969	FALSE	NA	NA	NA	NA	NA	NA
NC_045512.2	10469	T	G	14124	646	35	2	0	30	0.000141573	14127	0.999741	FALSE	NA	NA	NA	NA	NA	NA
NC_045512.2	10469	T	C	14124	646	35	1	0	68	7.07864e-05	14127	0.499947	FALSE	NA	NA	NA	NA	NA	NA
NC_045512.2	10470	C	T	14080	651	35	4	0	32	0.00028401	14084	0.996242	FALSE	NA	NA	NA	NA	NA	NA
NC_045512.2	10472	T	A	14434	697	35	1	0	34	6.92761e-05	14435	0.99997	FALSE	NA	NA	NA	NA	NA	NA
NC_045512.2	10473	T	G	14441	724	35	1	0	34	6.92377e-05	14443	0.99997	FALSE	NA	NA	NA	NA	NA	NA
NC_045512.2	10473	T	C	14441	724	35	1	0	34	6.92377e-05	14443	0.99997	FALSE	NA	NA	NA	NA	NA	NA
NC_045512.2	10474	C	-CTTAA	15230	727	35	1	0	20	6.56599e-05	15230	1	FALSE	NA	NA	NA	NA	NA	NA
NC_045512.2	10475	C	T	15231	727	35	1	0	68	6.5647e-05	15233	0.499984	FALSE	NA	NA	NA	NA	NA	NA
NC_045512.2	10475	C	G	15231	727	35	1	0	34	6.5647e-05	15233	0.999985	FALSE	NA	NA	NA	NA	NA	NA
NC_045512.2	10476	T	C	15272	709	35	1	0	34	6.54707e-05	15274	0.999985	FALSE	NA	NA	NA	NA	NA	NA
NC_045512.2	10476	T	A	15272	709	35	1	0	26	6.54707e-05	15274	1	FALSE	NA	NA	NA	NA	NA	NA
NC_045512.2	10477	T	C	15267	728	35	5	0	34	0.000327354	15274	0.9941	FALSE	NA	NA	NA	NA	NA	NA
NC_045512.2	10477	T	A	15267	728	35	2	0	30	0.000130941	15274	0.999863	FALSE	NA	NA	NA	NA	NA	NA
NC_045512.2	10477	T	-A	15267	728	35	1	0	20	6.54664e-05	15275	1	FALSE	NA	NA	NA	NA	NA	NA
NC_045512.2	10478	A	T	15329	751	35	1	0	34	6.52231e-05	15332	0.999985	FALSE	NA	NA	NA	NA	NA	NA
NC_045512.2	10478	A	G	15329	751	35	2	1	34	0.000130446	15332	0.999863	FALSE	NA	NA	NA	NA	NA	NA
NC_045512.2	10479	A	G	15380	761	35	1	0	26	6.50153e-05	15381	1	FALSE	NA	NA	NA	NA	NA	NA
NC_045512.2	10480	T	C	15561	767	35	2	0	34	0.00012851	15563	0.999863	FALSE	NA	NA	NA	NA	NA	NA
NC_045512.2	10482	G	A	17297	768	35	3	0	34	0.00017341	17300	0.9998	FALSE	NA	NA	NA	NA	NA	NA
NC_045512.2	10484	T	G	17371	813	35	2	0	34	0.000115108	17375	0.999962	FALSE	NA	NA	NA	NA	NA	NA
NC_045512.2	10484	T	C	17371	813	35	2	0	34	0.000115108	17375	0.999962	FALSE	NA	NA	NA	NA	NA	NA
NC_045512.2	10485	C	T	17246	812	35	2	0	34	0.000115929	17252	0.999962	FALSE	NA	NA	NA	NA	NA	NA
NC_045512.2	10485	C	A	17246	812	35	4	0	34	0.000231857	17252	0.999257	FALSE	NA	NA	NA	NA	NA	NA
NC_045512.2	10486	A	G	16408	815	34	2	0	30	0.000121877	16410	0.999928	FALSE	NA	NA	NA	NA	NA	NA
NC_045512.2	10487	T	C	17830	823	35	2	0	34	0.000112158	17832	0.999962	FALSE	NA	NA	NA	NA	NA	NA
NC_045512.2	10489	T	C	18215	972	36	1	0	24	5.48938e-05	18217	1	FALSE	NA	NA	NA	NA	NA	NA
NC_045512.2	10489	T	A	18215	972	36	1	0	34	5.48938e-05	18217	0.999998	FALSE	NA	NA	NA	NA	NA	NA
NC_045512.2	10491	G	T	18770	1028	36	1	0	34	5.32737e-05	18771	0.999998	FALSE	NA	NA	NA	NA	NA	NA
NC_045512.2	10492	T	C	18752	1034	36	1	1	68	5.33248e-05	18753	0.500013	FALSE	NA	NA	NA	NA	NA	NA
NC_045512.2	10493	A	G	18681	1032	36	2	0	26	0.000107049	18683	1	FALSE	NA	NA	NA	NA	NA	NA
NC_045512.2	10495	T	A	18992	1039	36	1	0	34	5.2651e-05	18993	0.999998	FALSE	NA	NA	NA	NA	NA	NA
NC_045512.2	10496	G	T	19024	1038	36	1	0	34	5.25624e-05	19025	0.999999	FALSE	NA	NA	NA	NA	NA	NA
NC_045512.2	10498	T	G	19023	1055	36	1	0	34	5.25486e-05	19030	0.999999	FALSE	NA	NA	NA	NA	NA	NA
NC_045512.2	10498	T	C	19023	1055	36	6	0	34	0.000315292	19030	0.997967	FALSE	NA	NA	NA	NA	NA	NA
NC_045512.2	10499	G	T	19151	1052	36	1	0	68	5.22111e-05	19153	0.5	FALSE	NA	NA	NA	NA	NA	NA
NC_045512.2	10499	G	A	19151	1052	36	1	0	34	5.22111e-05	19153	0.999999	FALSE	NA	NA	NA	NA	NA	NA
NC_045512.2	10501	T	G	19221	1057	36	2	0	30	0.000104042	19223	0.99999	FALSE	NA	NA	NA	NA	NA	NA
NC_045512.2	10502	T	C	19325	1125	36	2	1	34	0.000103477	19328	0.99999	FALSE	NA	NA	NA	NA	NA	NA
NC_045512.2	10502	T	A	19325	1125	36	1	0	34	5.17384e-05	19328	0.999999	FALSE	NA	NA	NA	NA	NA	NA
NC_045512.2	10504	T	G	18533	1181	36	1	0	34	5.39433e-05	18538	0.999998	FALSE	NA	NA	NA	NA	NA	NA
NC_045512.2	10504	T	C	18533	1181	36	1	0	34	5.39433e-05	18538	0.999998	FALSE	NA	NA	NA	NA	NA	NA
NC_045512.2	10504	T	A	18533	1181	36	3	0	34	0.00016183	18538	0.99989	FALSE	NA	NA	NA	NA	NA	NA
NC_045512.2	10505	A	T	17160	1283	36	1	0	34	5.82683e-05	17162	0.999996	FALSE	NA	NA	NA	NA	NA	NA
NC_045512.2	10505	A	G	17160	1283	36	1	0	34	5.82683e-05	17162	0.999996	FALSE	NA	NA	NA	NA	NA	NA
NC_045512.2	10506	A	T	16275	1334	36	1	0	34	6.14326e-05	16278	0.999992	FALSE	NA	NA	NA	NA	NA	NA
NC_045512.2	10506	A	G	16275	1334	36	2	1	25	0.000122865	16278	1	FALSE	NA	NA	NA	NA	NA	NA
NC_045512.2	10507	C	T	15904	1336	36	3	0	34	0.000188596	15907	0.999346	FALSE	NA	NA	NA	NA	NA	NA
NC_045512.2	10508	A	G	16074	1316	36	1	0	34	6.22084e-05	16075	0.999992	FALSE	NA	NA	NA	NA	NA	NA
NC_045512.2	10509	T	G	15990	1324	36	1	0	26	6.25352e-05	15991	1	FALSE	NA	NA	NA	NA	NA	NA
NC_045512.2	10510	A	G	15787	1321	36	1	0	34	6.33392e-05	15788	0.999985	FALSE	NA	NA	NA	NA	NA	NA
NC_045512.2	10512	A	T	16869	1388	36	1	0	26	5.92698e-05	16872	1	FALSE	NA	NA	NA	NA	NA	NA
NC_045512.2	10512	A	G	16869	1388	36	2	0	34	0.00011854	16872	0.999928	FALSE	NA	NA	NA	NA	NA	NA
NC_045512.2	10513	T	C	16640	1439	36	4	0	34	0.000240298	16646	0.998715	FALSE	NA	NA	NA	NA	NA	NA
NC_045512.2	10513	T	A	16640	1439	36	2	0	30	0.000120149	16646	0.999928	FALSE	NA	NA	NA	NA	NA	NA
NC_045512.2	10514	T	C	16289	1454	36	1	0	34	6.13723e-05	16294	0.999992	FALSE	NA	NA	NA	NA	NA	NA
NC_045512.2	10514	T	A	16289	1454	36	4	0	30	0.000245489	16294	0.998715	FALSE	NA	NA	NA	NA	NA	NA
NC_045512.2	10515	A	G	16332	1504	36	1	0	34	6.12257e-05	16333	0.999992	FALSE	NA	NA	NA	NA	NA	NA
NC_045512.2	10516	T	G	16176	1496	36	3	0	34	0.000185414	16180	0.999637	FALSE	NA	NA	NA	NA	NA	NA
NC_045512.2	10516	T	A	16176	1496	36	1	0	26	6.18047e-05	16180	1	FALSE	NA	NA	NA	NA	NA	NA
NC_045512.2	10518	A	G	16046	1518	36	3	0	31	0.000186928	16049	0.999637	FALSE	NA	NA	NA	NA	NA	NA
NC_045512.2	10520	T	C	14679	1381	36	1	0	68	6.81199e-05	14680	0.500017	FALSE	NA	NA	NA	NA	NA	NA
NC_045512.2	10522	T	C	14717	1340	36	1	0	34	6.79348e-05	14720	0.99997	FALSE	NA	NA	NA	NA	NA	NA
NC_045512.2	10522	T	A	14717	1340	36	2	0	34	0.00013587	14720	0.999741	FALSE	NA	NA	NA	NA	NA	NA
NC_045512.2	10524	T	C	14853	1424	36	1	0	34	6.73219e-05	14854	0.99997	FALSE	NA	NA	NA	NA	NA	NA
NC_045512.2	10525	C	A	13806	1555	36	2	0	34	0.000144844	13808	0.999513	FALSE	NA	NA	NA	NA	NA	NA
NC_045512.2	10526	T	C	13819	1512	35	1	0	34	7.23589e-05	13820	0.999939	FALSE	NA	NA	NA	NA	NA	NA
NC_045512.2	10527	C	-T	13532	1572	35	1	0	20	7.38989e-05	13532	1	FALSE	NA	NA	NA	NA	NA	NA
NC_045512.2	10528	T	G	13560	1575	35	1	0	34	7.373e-05	13563	0.999939	FALSE	NA	NA	NA	NA	NA	NA
NC_045512.2	10528	T	C	13560	1575	35	2	0	34	0.00014746	13563	0.999513	FALSE	NA	NA	NA	NA	NA	NA
NC_045512.2	10530	T	C	13259	1518	35	1	0	34	7.54148e-05	13260	0.999939	FALSE	NA	NA	NA	NA	NA	NA
NC_045512.2	10531	T	C	13346	1639	36	5	0	32	0.000374504	13351	0.984592	FALSE	NA	NA	NA	NA	NA	NA
NC_045512.2	10532	T	C	13374	1718	36	1	0	34	7.47664e-05	13375	0.999939	FALSE	NA	NA	NA	NA	NA	NA
NC_045512.2	10533	G	A	13115	1720	36	1	0	34	7.62428e-05	13116	0.999939	FALSE	NA	NA	NA	NA	NA	NA
NC_045512.2	10533	G	-T	13115	1720	36	1	0	20	7.62428e-05	13116	1	FALSE	NA	NA	NA	NA	NA	NA
NC_045512.2	10535	T	C	13248	1775	36	1	0	34	7.54717e-05	13250	0.999939	FALSE	NA	NA	NA	NA	NA	NA
NC_045512.2	10535	T	A	13248	1775	36	1	1	34	7.54717e-05	13250	0.999939	FALSE	NA	NA	NA	NA	NA	NA
NC_045512.2	10537	C	T	12177	1844	35	2	0	34	0.000164217	12179	0.999087	FALSE	NA	NA	NA	NA	NA	NA
NC_045512.2	10539	T	G	12224	1850	35	1	0	34	8.17996e-05	12225	0.999878	FALSE	NA	NA	NA	NA	NA	NA
NC_045512.2	10540	G	T	12157	1847	35	1	1	34	8.22098e-05	12164	0.999878	FALSE	NA	NA	NA	NA	NA	NA
NC_045512.2	10540	G	C	12157	1847	35	3	2	34	0.000246629	12164	0.996311	FALSE	NA	NA	NA	NA	NA	NA
NC_045512.2	10540	G	A	12157	1847	35	3	0	34	0.000246629	12164	0.996311	FALSE	NA	NA	NA	NA	NA	NA
NC_045512.2	10541	C	A	12145	1902	35	5	3	34	0.000411523	12150	0.975528	FALSE	NA	NA	NA	NA	NA	NA
NC_045512.2	10542	A	G	12199	1898	35	2	0	34	0.000163921	12201	0.999087	FALSE	NA	NA	NA	NA	NA	NA
NC_045512.2	10543	C	T	12445	1926	35	2	0	34	0.000160681	12447	0.999087	FALSE	NA	NA	NA	NA	NA	NA
NC_045512.2	10544	C	T	12420	1895	35	3	3	34	0.000241488	12423	0.996317	FALSE	NA	NA	NA	NA	NA	NA
NC_045512.2	10545	A	G	12681	2007	36	1	0	34	7.88519e-05	12682	0.999878	FALSE	NA	NA	NA	NA	NA	NA
NC_045512.2	10546	T	G	12578	1992	35	2	0	34	0.00015897	12581	0.999087	FALSE	NA	NA	NA	NA	NA	NA
NC_045512.2	10546	T	C	12578	1992	35	1	0	34	7.94849e-05	12581	0.999878	FALSE	NA	NA	NA	NA	NA	NA
NC_045512.2	10548	T	C	12589	2056	36	1	0	34	7.94218e-05	12591	0.999878	FALSE	NA	NA	NA	NA	NA	NA
NC_045512.2	10548	T	A	12589	2056	36	1	1	26	7.94218e-05	12591	1	FALSE	NA	NA	NA	NA	NA	NA
NC_045512.2	10550	G	A	12815	2032	36	1	0	34	7.80275e-05	12816	0.999878	FALSE	NA	NA	NA	NA	NA	NA
NC_045512.2	10551	A	G	12541	2212	36	1	1	34	7.97257e-05	12543	0.999878	FALSE	NA	NA	NA	NA	NA	NA
NC_045512.2	10551	A	C	12541	2212	36	1	0	26	7.97257e-05	12543	1	FALSE	NA	NA	NA	NA	NA	NA
NC_045512.2	10552	A	C	12497	2182	36	1	1	34	8.00128e-05	12498	0.999878	FALSE	NA	NA	NA	NA	NA	NA
NC_045512.2	10553	T	G	12334	2147	36	1	0	34	8.1057e-05	12337	0.999878	FALSE	NA	NA	NA	NA	NA	NA
NC_045512.2	10553	T	C	12334	2147	36	2	1	34	0.000162114	12337	0.999087	FALSE	NA	NA	NA	NA	NA	NA
NC_045512.2	10554	T	C	12249	2069	36	1	1	68	8.16327e-05	12250	0.50002	FALSE	NA	NA	NA	NA	NA	NA
NC_045512.2	10555	A	G	12196	2078	36	6	1	32	0.000491723	12202	0.951952	FALSE	NA	NA	NA	NA	NA	NA
NC_045512.2	10557	C	T	12451	2205	36	1	0	34	8.03019e-05	12453	0.999878	FALSE	NA	NA	NA	NA	NA	NA
NC_045512.2	10557	C	G	12451	2205	36	1	0	34	8.03019e-05	12453	0.999878	FALSE	NA	NA	NA	NA	NA	NA
NC_045512.2	10558	A	T	12706	2468	36	1	0	27	7.86844e-05	12709	1	FALSE	NA	NA	NA	NA	NA	NA
NC_045512.2	10558	A	G	12706	2468	36	2	0	34	0.000157369	12709	0.999087	FALSE	NA	NA	NA	NA	NA	NA
NC_045512.2	10560	C	G	11718	2499	36	1	0	34	8.53315e-05	11719	0.999757	FALSE	NA	NA	NA	NA	NA	NA
NC_045512.2	10561	T	A	11704	2490	36	1	0	26	8.54336e-05	11705	1	FALSE	NA	NA	NA	NA	NA	NA
NC_045512.2	10562	G	A	11816	2487	36	1	1	34	8.46238e-05	11817	0.999757	FALSE	NA	NA	NA	NA	NA	NA
NC_045512.2	10564	A	G	11850	2467	36	3	0	56	0.0002531	11853	0.125	FALSE	NA	NA	NA	NA	NA	NA
NC_045512.2	10566	T	C	11013	2303	35	1	0	34	9.07935e-05	11014	0.999757	FALSE	NA	NA	NA	NA	NA	NA
NC_045512.2	10567	T	C	11268	2755	36	1	0	34	8.8739e-05	11269	0.999757	FALSE	NA	NA	NA	NA	NA	NA
NC_045512.2	10569	A	T	11048	2759	36	1	1	26	9.04486e-05	11056	1	FALSE	NA	NA	NA	NA	NA	NA
NC_045512.2	10569	A	G	11048	2759	36	7	0	34	0.00063314	11056	0.881154	FALSE	NA	NA	NA	NA	NA	NA
NC_045512.2	10570	T	G	11158	2762	36	2	0	34	0.000179179	11162	0.998294	FALSE	NA	NA	NA	NA	NA	NA
NC_045512.2	10570	T	C	11158	2762	36	2	0	30	0.000179179	11162	0.998294	FALSE	NA	NA	NA	NA	NA	NA
NC_045512.2	10571	G	C	11178	2751	36	1	1	26	8.94454e-05	11180	1	FALSE	NA	NA	NA	NA	NA	NA
NC_045512.2	10571	G	A	11178	2751	36	1	0	34	8.94454e-05	11180	0.999757	FALSE	NA	NA	NA	NA	NA	NA
NC_045512.2	10572	C	T	10289	2940	36	4	1	42	0.000388614	10293	0.1875	FALSE	NA	NA	NA	NA	NA	NA
NC_045512.2	10573	T	G	10294	2879	36	1	0	34	9.71251e-05	10296	0.999513	FALSE	NA	NA	NA	NA	NA	NA
NC_045512.2	10573	T	A	10294	2879	36	1	0	26	9.71251e-05	10296	1	FALSE	NA	NA	NA	NA	NA	NA
NC_045512.2	10574	G	T	10394	2837	36	1	0	68	9.62001e-05	10395	0.500024	FALSE	NA	NA	NA	NA	NA	NA
NC_045512.2	10575	G	A	10398	2832	36	2	1	34	0.000192308	10400	0.996835	FALSE	NA	NA	NA	NA	NA	NA
NC_045512.2	10577	A	G	10390	2849	36	1	0	34	9.62371e-05	10391	0.999513	FALSE	NA	NA	NA	NA	NA	NA
NC_045512.2	10578	C	T	10378	2851	36	3	1	34	0.00028899	10381	0.988795	FALSE	NA	NA	NA	NA	NA	NA
NC_045512.2	10579	A	T	10234	2763	36	1	1	34	9.76086e-05	10245	0.999511	FALSE	NA	NA	NA	NA	NA	NA
NC_045512.2	10579	A	G	10234	2763	36	8	4	59	0.000780869	10245	0.00389787	TRUE	NA	NA	NA	NA	NA	NA
NC_045512.2	10579	A	C	10234	2763	36	2	2	30	0.000195217	10245	0.996821	FALSE	NA	NA	NA	NA	NA	NA
NC_045512.2	10585	A	G	9905	3652	36	1	1	34	0.000100949	9906	0.999026	FALSE	NA	NA	NA	NA	NA	NA
NC_045512.2	10586	G	T	9878	3653	36	1	1	34	0.000101225	9879	0.999026	FALSE	NA	NA	NA	NA	NA	NA
NC_045512.2	10587	A	G	9519	3739	36	1	0	26	0.000105042	9520	1	FALSE	NA	NA	NA	NA	NA	NA
NC_045512.2	10588	A	T	9533	3740	36	1	1	34	0.000104877	9535	0.999026	FALSE	NA	NA	NA	NA	NA	NA
NC_045512.2	10588	A	G	9533	3740	36	1	0	26	0.000104877	9535	1	FALSE	NA	NA	NA	NA	NA	NA
NC_045512.2	10590	G	A	9021	3529	36	2	2	34	0.000221656	9023	0.994155	FALSE	NA	NA	NA	NA	NA	NA
NC_045512.2	10592	A	T	8585	3547	36	1	1	34	0.000116455	8587	0.998051	FALSE	NA	NA	NA	NA	NA	NA
NC_045512.2	10592	A	G	8585	3547	36	1	0	34	0.000116455	8587	0.998051	FALSE	NA	NA	NA	NA	NA	NA
NC_045512.2	10593	A	T	8646	3628	36	1	1	26	0.000115634	8648	1	FALSE	NA	NA	NA	NA	NA	NA
NC_045512.2	10593	A	G	8646	3628	36	1	0	34	0.000115634	8648	0.998051	FALSE	NA	NA	NA	NA	NA	NA
NC_045512.2	10595	T	C	8588	3660	36	2	0	34	0.000232829	8590	0.989281	FALSE	NA	NA	NA	NA	NA	NA
NC_045512.2	10598	T	C	8887	3927	36	1	0	24	0.000112511	8888	1	FALSE	NA	NA	NA	NA	NA	NA
NC_045512.2	10602	G	T	8677	3986	36	3	3	28	0.000345582	8681	1	FALSE	NA	NA	NA	NA	NA	NA
NC_045512.2	10602	G	A	8677	3986	36	1	1	34	0.000115194	8681	0.998049	FALSE	NA	NA	NA	NA	NA	NA
NC_045512.2	10603	A	G	8661	3965	36	1	0	34	0.000115447	8662	0.998052	FALSE	NA	NA	NA	NA	NA	NA
NC_045512.2	10605	C	-T	9044	4401	36	25	0	20	0.00276426	9044	1	FALSE	NA	NA	NA	NA	NA	NA
NC_045512.2	10606	T	C	9009	4378	36	13	5	33	0.00144092	9022	0.259561	FALSE	NA	NA	NA	NA	NA	NA
NC_045512.2	10607	T	C	9071	4352	36	1	0	34	0.000110229	9072	0.999026	FALSE	NA	NA	NA	NA	NA	NA
NC_045512.2	10608	T	C	9188	4488	36	8	4	35	0.000869943	9196	0.685632	FALSE	NA	NA	NA	NA	NA	NA
NC_045512.2	10610	G	T	9184	4477	36	1	0	34	0.000108861	9186	0.999026	FALSE	NA	NA	NA	NA	NA	NA
NC_045512.2	10610	G	A	9184	4477	36	1	1	34	0.000108861	9186	0.999026	FALSE	NA	NA	NA	NA	NA	NA
NC_045512.2	10611	T	C	9017	4331	35	1	0	34	0.000110889	9018	0.999026	FALSE	NA	NA	NA	NA	NA	NA
NC_045512.2	10614	A	G	7865	4658	35	2	2	34	0.000254227	7867	0.980504	FALSE	NA	NA	NA	NA	NA	NA
NC_045512.2	10618	G	A	7979	4679	36	2	1	34	0.000250595	7981	0.980504	FALSE	NA	NA	NA	NA	NA	NA
NC_045512.2	10619	C	T	7987	4747	36	1	1	27	0.000125188	7988	1	FALSE	NA	NA	NA	NA	NA	NA
NC_045512.2	10621	A	G	7995	4754	35	1	0	34	0.000125063	7996	0.996103	FALSE	NA	NA	NA	NA	NA	NA
NC_045512.2	10622	A	G	7256	4750	34	2	1	34	0.000275558	7258	0.980507	FALSE	NA	NA	NA	NA	NA	NA
NC_045512.2	10623	C	T	7993	4754	35	4	4	34	0.000500188	7997	0.88684	FALSE	NA	NA	NA	NA	NA	NA
NC_045512.2	10625	G	C	7986	4636	35	1	1	34	0.000125203	7987	0.996103	FALSE	NA	NA	NA	NA	NA	NA
NC_045512.2	10626	C	T	7988	4722	36	3	2	34	0.000375375	7992	0.945367	FALSE	NA	NA	NA	NA	NA	NA
NC_045512.2	10626	C	G	7988	4722	36	1	0	26	0.000125125	7992	1	FALSE	NA	NA	NA	NA	NA	NA
NC_045512.2	10632	C	T	8170	5019	36	1	0	26	0.000122384	8171	1	FALSE	NA	NA	NA	NA	NA	NA
NC_045512.2	10633	A	G	8085	4922	36	1	1	34	0.000123671	8086	0.998052	FALSE	NA	NA	NA	NA	NA	NA
NC_045512.2	10634	G	A	8024	4870	36	1	0	34	0.000124611	8025	0.998052	FALSE	NA	NA	NA	NA	NA	NA
NC_045512.2	10635	C	T	8047	5020	36	1	0	34	0.000124254	8048	0.998052	FALSE	NA	NA	NA	NA	NA	NA
NC_045512.2	10636	T	G	7991	4966	36	1	1	34	0.000125109	7993	0.996101	FALSE	NA	NA	NA	NA	NA	NA
NC_045512.2	10636	T	C	7991	4966	36	1	1	34	0.000125109	7993	0.996101	FALSE	NA	NA	NA	NA	NA	NA
NC_045512.2	10640	A	G	8386	5300	36	1	1	68	0.000119232	8387	0.50003	FALSE	NA	NA	NA	NA	NA	NA
NC_045512.2	10641	C	T	8502	5564	36	2	2	34	0.000235183	8504	0.989281	FALSE	NA	NA	NA	NA	NA	NA
NC_045512.2	10644	A	G	8296	5581	36	1	0	34	0.000120525	8297	0.998052	FALSE	NA	NA	NA	NA	NA	NA
NC_045512.2	10646	A	G	7974	5416	35	1	0	34	0.000125392	7975	0.996103	FALSE	NA	NA	NA	NA	NA	NA
NC_045512.2	10647	C	T	8268	5603	36	1	0	34	0.000120934	8269	0.998052	FALSE	NA	NA	NA	NA	NA	NA
NC_045512.2	10648	A	G	9145	6523	36	2	2	30	0.000218651	9147	0.994155	FALSE	NA	NA	NA	NA	NA	NA
NC_045512.2	10651	T	C	14013	11609	35	1	1	68	7.13369e-05	14018	0.499946	FALSE	NA	NA	NA	NA	NA	NA
NC_045512.2	10651	T	A	14013	11609	35	4	4	30	0.000285347	14018	0.99624	FALSE	NA	NA	NA	NA	NA	NA
NC_045512.2	10652	A	T	14833	12425	36	1	1	34	6.74082e-05	14835	0.99997	FALSE	NA	NA	NA	NA	NA	NA
NC_045512.2	10652	A	G	14833	12425	36	1	1	34	6.74082e-05	14835	0.99997	FALSE	NA	NA	NA	NA	NA	NA
NC_045512.2	10653	T	G	14716	12306	36	1	0	34	6.7944e-05	14718	0.99997	FALSE	NA	NA	NA	NA	NA	NA
NC_045512.2	10653	T	A	14716	12306	36	1	1	34	6.7944e-05	14718	0.99997	FALSE	NA	NA	NA	NA	NA	NA
NC_045512.2	10654	T	C	14809	12401	36	2	1	34	0.000135035	14811	0.999742	FALSE	NA	NA	NA	NA	NA	NA
NC_045512.2	10656	C	G	14758	12378	36	1	0	26	6.77553e-05	14759	1	FALSE	NA	NA	NA	NA	NA	NA
NC_045512.2	10658	G	C	14542	12160	36	1	1	34	6.87569e-05	14544	0.99997	FALSE	NA	NA	NA	NA	NA	NA
NC_045512.2	10658	G	A	14542	12160	36	1	1	34	6.87569e-05	14544	0.99997	FALSE	NA	NA	NA	NA	NA	NA
NC_045512.2	10659	T	G	12664	10310	34	1	1	26	7.89578e-05	12665	1	FALSE	NA	NA	NA	NA	NA	NA
NC_045512.2	10660	T	C	14084	11805	36	1	1	34	7.09925e-05	14086	0.99997	FALSE	NA	NA	NA	NA	NA	NA
NC_045512.2	10660	T	A	14084	11805	36	1	1	34	7.09925e-05	14086	0.99997	FALSE	NA	NA	NA	NA	NA	NA
NC_045512.2	10661	A	G	14160	11929	36	1	1	34	7.06165e-05	14161	0.99997	FALSE	NA	NA	NA	NA	NA	NA
NC_045512.2	10662	A	G	14385	12269	36	1	0	34	6.9512e-05	14386	0.99997	FALSE	NA	NA	NA	NA	NA	NA
NC_045512.2	10665	T	C	14421	12213	36	1	0	34	6.93385e-05	14422	0.99997	FALSE	NA	NA	NA	NA	NA	NA
NC_045512.2	10666	T	G	14316	12162	36	1	1	34	6.98422e-05	14318	0.99997	FALSE	NA	NA	NA	NA	NA	NA
NC_045512.2	10666	T	C	14316	12162	36	1	1	34	6.98422e-05	14318	0.99997	FALSE	NA	NA	NA	NA	NA	NA
NC_045512.2	10667	T	A	14374	12225	36	1	0	34	6.95652e-05	14375	0.99997	FALSE	NA	NA	NA	NA	NA	NA
NC_045512.2	10668	T	C	14486	12349	36	1	1	34	6.90274e-05	14487	0.99997	FALSE	NA	NA	NA	NA	NA	NA
NC_045512.2	10669	A	G	14511	12374	36	1	1	34	6.89037e-05	14513	0.99997	FALSE	NA	NA	NA	NA	NA	NA
NC_045512.2	10669	A	C	14511	12374	36	1	1	34	6.89037e-05	14513	0.99997	FALSE	NA	NA	NA	NA	NA	NA
NC_045512.2	10670	G	A	14522	12365	36	1	1	26	6.88563e-05	14523	1	FALSE	NA	NA	NA	NA	NA	NA
NC_045512.2	10674	G	T	14820	12791	36	1	1	34	6.74673e-05	14822	0.99997	FALSE	NA	NA	NA	NA	NA	NA
NC_045512.2	10674	G	A	14820	12791	36	1	1	34	6.74673e-05	14822	0.99997	FALSE	NA	NA	NA	NA	NA	NA
NC_045512.2	10677	T	C	15666	13656	36	2	2	34	0.000127649	15668	0.999863	FALSE	NA	NA	NA	NA	NA	NA
NC_045512.2	10678	G	T	15643	13626	36	1	1	26	6.39223e-05	15644	1	FALSE	NA	NA	NA	NA	NA	NA
NC_045512.2	10679	T	C	15631	13628	36	2	2	34	0.000127934	15633	0.999863	FALSE	NA	NA	NA	NA	NA	NA
NC_045512.2	10681	C	T	15364	13787	35	1	1	34	6.5083e-05	15365	0.999985	FALSE	NA	NA	NA	NA	NA	NA
NC_045512.2	10682	G	A	15244	13667	35	1	1	34	6.55953e-05	15245	0.999985	FALSE	NA	NA	NA	NA	NA	NA
NC_045512.2	10683	C	T	15453	13959	35	3	3	45	0.000194099	15456	0.312512	FALSE	NA	NA	NA	NA	NA	NA
NC_045512.2	10684	T	C	17056	15707	36	6	6	38	0.000351659	17062	0.994704	FALSE	NA	NA	NA	NA	NA	NA
NC_045512.2	10685	G	C	17056	15700	36	1	1	34	5.86235e-05	17058	0.999996	FALSE	NA	NA	NA	NA	NA	NA
NC_045512.2	10685	G	A	17056	15700	36	1	0	24	5.86235e-05	17058	1	FALSE	NA	NA	NA	NA	NA	NA
NC_045512.2	10687	T	C	17127	15821	36	8	8	34	0.000466881	17135	0.978403	FALSE	NA	NA	NA	NA	NA	NA
NC_045512.2	10688	G	T	17111	15763	35	1	1	34	5.84351e-05	17113	0.999996	FALSE	NA	NA	NA	NA	NA	NA
NC_045512.2	10688	G	A	17111	15763	35	1	1	34	5.84351e-05	17113	0.999996	FALSE	NA	NA	NA	NA	NA	NA
NC_045512.2	10690	T	C	18431	17192	36	2	2	30	0.000108501	18433	0.99998	FALSE	NA	NA	NA	NA	NA	NA
NC_045512.2	10691	A	G	18476	17240	36	1	1	34	5.41213e-05	18477	0.999998	FALSE	NA	NA	NA	NA	NA	NA
NC_045512.2	10692	T	+A	18440	17203	36	2	0	20	0.00010846	18440	1	FALSE	NA	NA	NA	NA	NA	NA
NC_045512.2	10693	A	G	18390	17165	36	3	3	34	0.000163106	18393	0.99989	FALSE	NA	NA	NA	NA	NA	NA
NC_045512.2	10694	A	T	18749	17543	36	3	3	34	0.000159966	18754	0.99989	FALSE	NA	NA	NA	NA	NA	NA
NC_045512.2	10694	A	G	18749	17543	36	2	2	34	0.000106644	18754	0.99998	FALSE	NA	NA	NA	NA	NA	NA
NC_045512.2	10696	T	G	18877	17775	36	1	1	34	5.29689e-05	18879	0.999998	FALSE	NA	NA	NA	NA	NA	NA
NC_045512.2	10696	T	A	18877	17775	36	1	1	34	5.29689e-05	18879	0.999998	FALSE	NA	NA	NA	NA	NA	NA
NC_045512.2	10698	G	C	18721	17659	36	1	1	34	5.34131e-05	18722	0.999998	FALSE	NA	NA	NA	NA	NA	NA
NC_045512.2	10699	A	T	18711	17648	36	1	1	34	5.34274e-05	18717	0.999998	FALSE	NA	NA	NA	NA	NA	NA
NC_045512.2	10699	A	G	18711	17648	36	4	4	32	0.000213709	18717	0.999573	FALSE	NA	NA	NA	NA	NA	NA
NC_045512.2	10699	A	C	18711	17648	36	1	1	68	5.34274e-05	18717	0.499947	FALSE	NA	NA	NA	NA	NA	NA
NC_045512.2	10702	C	T	18696	17633	36	1	1	34	5.34845e-05	18697	0.999998	FALSE	NA	NA	NA	NA	NA	NA
NC_045512.2	10703	A	G	18546	17482	36	1	0	24	5.39171e-05	18547	1	FALSE	NA	NA	NA	NA	NA	NA
NC_045512.2	10704	G	T	18534	17471	36	1	1	34	5.39462e-05	18537	0.999998	FALSE	NA	NA	NA	NA	NA	NA
NC_045512.2	10704	G	A	18534	17471	36	2	2	34	0.000107892	18537	0.99998	FALSE	NA	NA	NA	NA	NA	NA
NC_045512.2	10705	G	C	18594	17556	36	3	3	31	0.000161316	18597	0.99989	FALSE	NA	NA	NA	NA	NA	NA
NC_045512.2	10706	T	A	18107	17069	36	1	1	34	5.52242e-05	18108	0.999998	FALSE	NA	NA	NA	NA	NA	NA
NC_045512.2	10707	G	A	17910	16875	36	3	3	34	0.000167476	17913	0.9998	FALSE	NA	NA	NA	NA	NA	NA
NC_045512.2	10710	T	C	17982	16989	36	3	3	31	0.000166806	17985	0.9998	FALSE	NA	NA	NA	NA	NA	NA
NC_045512.2	10714	C	T	17811	16829	36	3	3	34	0.000168407	17814	0.9998	FALSE	NA	NA	NA	NA	NA	NA
NC_045512.2	10716	A	G	17773	16820	36	1	1	34	5.6262e-05	17774	0.999996	FALSE	NA	NA	NA	NA	NA	NA
NC_045512.2	10718	C	T	17632	16728	36	2	2	34	0.000113417	17634	0.999962	FALSE	NA	NA	NA	NA	NA	NA
NC_045512.2	10719	G	C	17550	16644	36	2	2	34	0.000113941	17553	0.999962	FALSE	NA	NA	NA	NA	NA	NA
NC_045512.2	10719	G	A	17550	16644	36	1	1	34	5.69703e-05	17553	0.999996	FALSE	NA	NA	NA	NA	NA	NA
NC_045512.2	10720	A	T	17605	16699	36	1	1	34	5.67924e-05	17608	0.999996	FALSE	NA	NA	NA	NA	NA	NA
NC_045512.2	10720	A	G	17605	16699	36	1	1	34	5.67924e-05	17608	0.999996	FALSE	NA	NA	NA	NA	NA	NA
NC_045512.2	10720	A	C	17605	16699	36	1	1	34	5.67924e-05	17608	0.999996	FALSE	NA	NA	NA	NA	NA	NA
NC_045512.2	10722	T	C	17527	16631	36	2	2	34	0.000114097	17529	0.999962	FALSE	NA	NA	NA	NA	NA	NA
NC_045512.2	10723	T	C	16970	16085	35	2	2	34	0.000117841	16972	0.999928	FALSE	NA	NA	NA	NA	NA	NA
NC_045512.2	10724	A	G	17544	16702	36	4	4	34	0.000227946	17548	0.999258	FALSE	NA	NA	NA	NA	NA	NA
NC_045512.2	10725	C	G	17508	16722	35	1	1	34	5.71135e-05	17509	0.999996	FALSE	NA	NA	NA	NA	NA	NA
NC_045512.2	10729	A	G	16928	16155	35	1	1	34	5.90633e-05	16931	0.999992	FALSE	NA	NA	NA	NA	NA	NA
NC_045512.2	10729	A	C	16928	16155	35	2	2	34	0.000118127	16931	0.999928	FALSE	NA	NA	NA	NA	NA	NA
NC_045512.2	10731	C	A	16960	16215	35	1	1	34	5.89588e-05	16961	0.999992	FALSE	NA	NA	NA	NA	NA	NA
NC_045512.2	10734	T	C	16713	15985	35	1	1	34	5.98301e-05	16714	0.999992	FALSE	NA	NA	NA	NA	NA	NA
NC_045512.2	10735	T	C	16741	16011	35	1	1	34	5.973e-05	16742	0.999992	FALSE	NA	NA	NA	NA	NA	NA
NC_045512.2	10736	A	G	16722	15994	35	6	6	32	0.00035868	16728	0.99157	FALSE	NA	NA	NA	NA	NA	NA
NC_045512.2	10737	A	G	16713	15987	35	1	1	34	5.98301e-05	16714	0.999992	FALSE	NA	NA	NA	NA	NA	NA
NC_045512.2	10738	T	C	16709	16037	35	2	2	34	0.000119682	16711	0.999928	FALSE	NA	NA	NA	NA	NA	NA
NC_045512.2	10739	G	T	16592	15937	35	2	2	30	0.000120504	16597	0.999928	FALSE	NA	NA	NA	NA	NA	NA
NC_045512.2	10739	G	C	16592	15937	35	1	1	34	6.02519e-05	16597	0.999992	FALSE	NA	NA	NA	NA	NA	NA
NC_045512.2	10739	G	A	16592	15937	35	2	2	34	0.000120504	16597	0.999928	FALSE	NA	NA	NA	NA	NA	NA
NC_045512.2	10740	A	G	16303	15651	35	2	2	34	0.000122662	16305	0.999928	FALSE	NA	NA	NA	NA	NA	NA
NC_045512.2	10742	T	C	15644	15038	34	4	4	30	0.000255624	15648	0.997794	FALSE	NA	NA	NA	NA	NA	NA
NC_045512.2	10743	T	G	15860	15253	35	1	1	34	6.30279e-05	15866	0.999985	FALSE	NA	NA	NA	NA	NA	NA
NC_045512.2	10743	T	C	15860	15253	35	4	4	34	0.000252111	15866	0.997792	FALSE	NA	NA	NA	NA	NA	NA
NC_045512.2	10743	T	A	15860	15253	35	1	1	34	6.30279e-05	15866	0.999985	FALSE	NA	NA	NA	NA	NA	NA
NC_045512.2	10745	A	T	15949	15373	35	1	1	26	6.26959e-05	15950	1	FALSE	NA	NA	NA	NA	NA	NA
NC_045512.2	10746	A	G	15855	15287	35	2	1	40	0.000126127	15857	0.500024	FALSE	NA	NA	NA	NA	NA	NA
NC_045512.2	10748	C	A	19385	15369	34	1	1	34	5.15836e-05	19386	0.999999	FALSE	NA	NA	NA	NA	NA	NA
NC_045512.2	10749	T	G	18206	14179	34	2	2	34	0.000109776	18219	0.99998	FALSE	NA	NA	NA	NA	NA	NA
NC_045512.2	10749	T	C	18206	14179	34	7	7	34	0.000384214	18219	0.992686	FALSE	NA	NA	NA	NA	NA	NA
NC_045512.2	10749	T	A	18206	14179	34	4	4	34	0.000219551	18219	0.999572	FALSE	NA	NA	NA	NA	NA	NA
NC_045512.2	10750	T	G	12000	8001	35	3	3	34	0.000249917	12004	0.996316	FALSE	NA	NA	NA	NA	NA	NA
NC_045512.2	10750	T	A	12000	8001	35	1	1	34	8.33056e-05	12004	0.999878	FALSE	NA	NA	NA	NA	NA	NA
NC_045512.2	10751	G	C	12016	8088	35	1	1	34	8.32154e-05	12017	0.999878	FALSE	NA	NA	NA	NA	NA	NA
NC_045512.2	10752	T	C	12025	8074	35	1	0	34	8.31532e-05	12026	0.999878	FALSE	NA	NA	NA	NA	NA	NA
NC_045512.2	10753	G	A	12037	8048	34	3	3	34	0.000249169	12040	0.996318	FALSE	NA	NA	NA	NA	NA	NA
NC_045512.2	10755	C	T	12312	8059	34	1	1	26	8.12084e-05	12314	1	FALSE	NA	NA	NA	NA	NA	NA
NC_045512.2	10755	C	G	12312	8059	34	1	0	34	8.12084e-05	12314	0.999878	FALSE	NA	NA	NA	NA	NA	NA
NC_045512.2	10757	A	G	12234	7877	34	1	1	34	8.17327e-05	12235	0.999878	FALSE	NA	NA	NA	NA	NA	NA
NC_045512.2	10758	T	C	12299	7930	34	2	2	34	0.000162588	12301	0.999087	FALSE	NA	NA	NA	NA	NA	NA
NC_045512.2	10759	G	T	12355	7892	34	1	1	34	8.09323e-05	12356	0.999878	FALSE	NA	NA	NA	NA	NA	NA
NC_045512.2	10760	A	G	12437	7897	34	7	6	37	0.00056252	12444	0.916574	FALSE	NA	NA	NA	NA	NA	NA
NC_045512.2	10761	A	G	12420	7857	34	3	2	28	0.000241488	12423	1	FALSE	NA	NA	NA	NA	NA	NA
NC_045512.2	10763	T	C	12629	7669	34	1	0	34	7.91703e-05	12631	0.999878	FALSE	NA	NA	NA	NA	NA	NA
NC_045512.2	10763	T	A	12629	7669	34	1	0	34	7.91703e-05	12631	0.999878	FALSE	NA	NA	NA	NA	NA	NA
NC_045512.2	10764	A	G	12609	7642	34	1	1	34	7.93021e-05	12610	0.999878	FALSE	NA	NA	NA	NA	NA	NA
NC_045512.2	10765	C	T	12679	7654	34	4	0	34	0.000315383	12683	0.989389	FALSE	NA	NA	NA	NA	NA	NA
NC_045512.2	10766	A	G	12537	7500	34	1	0	34	7.97575e-05	12538	0.999878	FALSE	NA	NA	NA	NA	NA	NA
NC_045512.2	10767	A	T	13051	7533	34	1	0	34	7.66107e-05	13053	0.999939	FALSE	NA	NA	NA	NA	NA	NA
NC_045512.2	10767	A	G	13051	7533	34	1	0	26	7.66107e-05	13053	1	FALSE	NA	NA	NA	NA	NA	NA
NC_045512.2	10768	T	C	13009	7455	34	1	1	26	7.6864e-05	13010	1	FALSE	NA	NA	NA	NA	NA	NA
NC_045512.2	10769	T	G	12800	7237	34	2	0	26	0.000156226	12802	1	FALSE	NA	NA	NA	NA	NA	NA
NC_045512.2	10770	A	G	12862	7295	34	2	0	34	0.000155473	12864	0.999087	FALSE	NA	NA	NA	NA	NA	NA
NC_045512.2	10771	T	C	12391	6857	34	2	2	34	0.000161381	12393	0.999087	FALSE	NA	NA	NA	NA	NA	NA
NC_045512.2	10772	G	A	12369	6829	34	2	2	34	0.000161668	12371	0.999087	FALSE	NA	NA	NA	NA	NA	NA
NC_045512.2	10773	A	G	12353	6838	34	1	1	34	8.09454e-05	12354	0.999878	FALSE	NA	NA	NA	NA	NA	NA
NC_045512.2	10774	A	G	12077	6691	34	1	1	34	8.27952e-05	12078	0.999878	FALSE	NA	NA	NA	NA	NA	NA
NC_045512.2	10780	A	G	12511	5956	34	1	1	34	7.99233e-05	12512	0.999878	FALSE	NA	NA	NA	NA	NA	NA
NC_045512.2	10781	A	G	12738	5968	34	1	0	34	7.84991e-05	12739	0.999878	FALSE	NA	NA	NA	NA	NA	NA
NC_045512.2	10782	C	T	7253	301	35	1	0	34	0.000137855	7254	0.996103	FALSE	NA	NA	NA	NA	NA	NA
NC_045512.2	10783	A	G	7262	302	35	1	0	34	0.000137684	7263	0.996103	FALSE	NA	NA	NA	NA	NA	NA
NC_045512.2	10785	A	G	7297	313	35	3	0	34	0.000410959	7300	0.945397	FALSE	NA	NA	NA	NA	NA	NA
NC_045512.2	10788	A	T	7656	337	35	1	0	26	0.000130599	7657	1	FALSE	NA	NA	NA	NA	NA	NA
NC_045512.2	10791	A	G	7836	389	35	1	1	68	0.0001276	7837	0.500032	FALSE	NA	NA	NA	NA	NA	NA
NC_045512.2	10792	T	C	7926	388	35	1	0	34	0.000126151	7927	0.996103	FALSE	NA	NA	NA	NA	NA	NA
NC_045512.2	10795	T	C	8090	433	35	4	0	34	0.000494132	8095	0.927077	FALSE	NA	NA	NA	NA	NA	NA
NC_045512.2	10795	T	A	8090	433	35	1	0	26	0.000123533	8095	1	FALSE	NA	NA	NA	NA	NA	NA
NC_045512.2	10797	A	G	8274	467	36	2	0	34	0.000241663	8276	0.989282	FALSE	NA	NA	NA	NA	NA	NA
NC_045512.2	10800	T	C	8722	580	36	1	0	34	0.000114639	8723	0.998052	FALSE	NA	NA	NA	NA	NA	NA
NC_045512.2	10801	A	G	8801	590	36	1	0	34	0.000113611	8802	0.998052	FALSE	NA	NA	NA	NA	NA	NA
NC_045512.2	10802	C	-T	8902	654	36	1	0	20	0.000112334	8902	1	FALSE	NA	NA	NA	NA	NA	NA
NC_045512.2	10804	A	G	8965	855	38	2	0	34	0.00022304	8967	0.98928	FALSE	NA	NA	NA	NA	NA	NA
NC_045512.2	10805	G	A	9103	860	37	1	0	26	0.000109842	9104	1	FALSE	NA	NA	NA	NA	NA	NA
NC_045512.2	10806	G	C	9401	908	38	1	0	34	0.00010636	9402	0.999026	FALSE	NA	NA	NA	NA	NA	NA
NC_045512.2	10807	A	C	9563	934	38	3	2	60	0.000313611	9566	0.125	FALSE	NA	NA	NA	NA	NA	NA
NC_045512.2	10808	C	A	10101	1031	38	3	0	34	0.000296912	10104	0.988795	FALSE	NA	NA	NA	NA	NA	NA
NC_045512.2	10810	T	C	10189	1034	38	2	0	34	0.000196252	10191	0.996835	FALSE	NA	NA	NA	NA	NA	NA
NC_045512.2	10812	T	A	10303	1062	38	1	0	26	9.70497e-05	10304	1	FALSE	NA	NA	NA	NA	NA	NA
NC_045512.2	10813	T	C	10306	1087	38	1	0	34	9.70214e-05	10307	0.999513	FALSE	NA	NA	NA	NA	NA	NA
NC_045512.2	10815	C	T	10325	1092	38	1	0	34	9.68429e-05	10326	0.999513	FALSE	NA	NA	NA	NA	NA	NA
NC_045512.2	10816	T	C	10348	1107	38	2	0	34	0.000193237	10350	0.996835	FALSE	NA	NA	NA	NA	NA	NA
NC_045512.2	10817	G	A	10361	1107	38	1	0	34	9.65065e-05	10362	0.999513	FALSE	NA	NA	NA	NA	NA	NA
NC_045512.2	10819	T	C	10337	1115	38	1	0	34	9.67212e-05	10339	0.999513	FALSE	NA	NA	NA	NA	NA	NA
NC_045512.2	10819	T	A	10337	1115	38	1	0	34	9.67212e-05	10339	0.999513	FALSE	NA	NA	NA	NA	NA	NA
NC_045512.2	10820	C	G	10378	1124	38	2	1	34	0.00019266	10381	0.996833	FALSE	NA	NA	NA	NA	NA	NA
NC_045512.2	10820	C	A	10378	1124	38	1	0	34	9.63298e-05	10381	0.999513	FALSE	NA	NA	NA	NA	NA	NA
NC_045512.2	10822	A	G	10459	1122	38	1	0	34	9.56023e-05	10460	0.999513	FALSE	NA	NA	NA	NA	NA	NA
NC_045512.2	10823	A	T	7998	1124	35	1	0	34	0.000125	8000	0.99805	FALSE	NA	NA	NA	NA	NA	NA
NC_045512.2	10823	A	G	7998	1124	35	1	0	68	0.000125	8000	0.5	FALSE	NA	NA	NA	NA	NA	NA
NC_045512.2	10825	T	C	10444	1124	38	2	0	34	0.000191461	10446	0.996835	FALSE	NA	NA	NA	NA	NA	NA
NC_045512.2	10826	G	A	10464	1128	38	2	0	34	0.000191095	10466	0.996835	FALSE	NA	NA	NA	NA	NA	NA
NC_045512.2	10828	A	G	10495	1158	38	3	0	31	0.000285769	10498	0.988794	FALSE	NA	NA	NA	NA	NA	NA
NC_045512.2	10830	T	C	10493	1189	38	1	0	34	9.52925e-05	10494	0.999513	FALSE	NA	NA	NA	NA	NA	NA
NC_045512.2	10831	T	C	10307	1247	39	1	1	34	9.7012e-05	10308	0.999513	FALSE	NA	NA	NA	NA	NA	NA
NC_045512.2	10832	G	A	9691	1364	38	1	0	26	0.000103178	9692	1	FALSE	NA	NA	NA	NA	NA	NA
NC_045512.2	10833	C	T	9085	1491	38	5	0	34	0.000549934	9092	0.910268	FALSE	NA	NA	NA	NA	NA	NA
NC_045512.2	10833	C	G	9085	1491	38	1	0	34	0.000109987	9092	0.999023	FALSE	NA	NA	NA	NA	NA	NA
NC_045512.2	10833	C	A	9085	1491	38	1	0	34	0.000109987	9092	0.999023	FALSE	NA	NA	NA	NA	NA	NA
NC_045512.2	10836	T	C	9161	1466	38	1	0	34	0.000109146	9162	0.999026	FALSE	NA	NA	NA	NA	NA	NA
NC_045512.2	10837	T	C	9121	1476	38	1	1	34	0.000109625	9122	0.999026	FALSE	NA	NA	NA	NA	NA	NA
NC_045512.2	10840	A	G	9125	1586	38	2	0	34	0.00021913	9127	0.994155	FALSE	NA	NA	NA	NA	NA	NA
NC_045512.2	10842	A	G	8098	1801	37	1	0	26	0.000123472	8099	1	FALSE	NA	NA	NA	NA	NA	NA
NC_045512.2	10845	T	A	8478	1796	38	1	0	34	0.000117938	8479	0.998052	FALSE	NA	NA	NA	NA	NA	NA
NC_045512.2	10849	T	G	8444	2016	38	1	0	34	0.000118385	8447	0.99805	FALSE	NA	NA	NA	NA	NA	NA
NC_045512.2	10849	T	C	8444	2016	38	2	0	34	0.00023677	8447	0.989276	FALSE	NA	NA	NA	NA	NA	NA
NC_045512.2	10851	C	T	8415	2086	39	2	0	34	0.000237614	8417	0.989281	FALSE	NA	NA	NA	NA	NA	NA
NC_045512.2	10852	T	C	8417	2068	39	1	0	26	0.000118793	8418	1	FALSE	NA	NA	NA	NA	NA	NA
NC_045512.2	10854	C	T	8193	2141	38	1	0	34	0.000122041	8194	0.998052	FALSE	NA	NA	NA	NA	NA	NA
NC_045512.2	10855	A	G	8194	2126	39	1	0	34	0.000122026	8195	0.998052	FALSE	NA	NA	NA	NA	NA	NA
NC_045512.2	10857	T	-A	8147	2133	39	2	0	20	0.000245489	8147	1	FALSE	NA	NA	NA	NA	NA	NA
NC_045512.2	10858	A	T	8061	2154	38	1	0	34	0.000124039	8062	0.99805	FALSE	NA	NA	NA	NA	NA	NA
NC_045512.2	10860	A	G	8074	2265	39	2	0	30	0.000247647	8076	0.989282	FALSE	NA	NA	NA	NA	NA	NA
NC_045512.2	10861	A	G	8012	2277	39	1	0	68	0.000124797	8013	0.500031	FALSE	NA	NA	NA	NA	NA	NA
NC_045512.2	10863	A	G	7733	2345	38	1	0	34	0.000129299	7734	0.996103	FALSE	NA	NA	NA	NA	NA	NA
NC_045512.2	10869	T	-G	7487	2619	39	1492	0	20	0.199279	7487	0	TRUE	NA	NA	NA	NA	NA	NA
NC_045512.2	10870	G	T	5991	2086	39	2	2	34	0.000333111	6004	0.958594	FALSE	NA	NA	NA	NA	NA	NA
NC_045512.2	10870	G	C	5991	2086	39	11	11	43	0.00183211	6004	0.000133466	TRUE	NA	NA	NA	NA	NA	NA
NC_045512.2	10872	A	G	7515	2640	39	1	0	34	0.000133049	7516	0.996103	FALSE	NA	NA	NA	NA	NA	NA
NC_045512.2	10873	A	G	7516	2642	39	1	1	46	0.000133032	7517	0.500033	FALSE	NA	NA	NA	NA	NA	NA
NC_045512.2	10875	A	G	7490	2660	39	4	1	31	0.00053376	7494	0.886848	FALSE	NA	NA	NA	NA	NA	NA
NC_045512.2	10879	T	C	6655	2681	38	1	1	34	0.000150218	6657	0.9922	FALSE	NA	NA	NA	NA	NA	NA
NC_045512.2	10879	T	A	6655	2681	38	1	1	34	0.000150218	6657	0.9922	FALSE	NA	NA	NA	NA	NA	NA
NC_045512.2	10882	G	C	6522	2755	38	1	1	27	0.00015328	6524	1	FALSE	NA	NA	NA	NA	NA	NA
NC_045512.2	10882	G	A	6522	2755	38	1	0	34	0.00015328	6524	0.9922	FALSE	NA	NA	NA	NA	NA	NA
NC_045512.2	10882	G	+A	6522	2755	38	1	0	20	0.00015328	6524	1	FALSE	NA	NA	NA	NA	NA	NA
NC_045512.2	10884	A	G	6445	2864	37	1	0	26	0.000155135	6446	1	FALSE	NA	NA	NA	NA	NA	NA
NC_045512.2	10885	T	A	6365	2762	37	1	1	34	0.000157085	6366	0.992205	FALSE	NA	NA	NA	NA	NA	NA
NC_045512.2	10888	A	G	6307	2873	37	3	3	34	0.000475436	6310	0.910273	FALSE	NA	NA	NA	NA	NA	NA
NC_045512.2	10889	C	T	6298	2980	37	3	3	34	0.000476115	6301	0.910273	FALSE	NA	NA	NA	NA	NA	NA
NC_045512.2	10890	G	T	5961	2540	37	3	1	34	0.000503018	5964	0.855606	FALSE	NA	NA	NA	NA	NA	NA
NC_045512.2	10893	C	T	6278	2946	37	3	0	34	0.000477631	6281	0.910274	FALSE	NA	NA	NA	NA	NA	NA
NC_045512.2	10896	T	C	6610	2932	37	1	1	34	0.000151263	6611	0.992204	FALSE	NA	NA	NA	NA	NA	NA
NC_045512.2	10903	T	C	6921	3738	37	1	1	34	0.000144467	6922	0.992203	FALSE	NA	NA	NA	NA	NA	NA
NC_045512.2	10904	A	G	6386	3234	37	2	0	34	0.000313087	6388	0.964904	FALSE	NA	NA	NA	NA	NA	NA
NC_045512.2	10907	G	A	7189	4466	37	4	0	34	0.000556096	7193	0.886853	FALSE	NA	NA	NA	NA	NA	NA
NC_045512.2	10913	T	C	7045	5071	37	1	1	34	0.000141924	7046	0.996104	FALSE	NA	NA	NA	NA	NA	NA
NC_045512.2	10915	A	G	7043	5078	37	1	0	34	0.000141965	7044	0.996104	FALSE	NA	NA	NA	NA	NA	NA
NC_045512.2	10916	G	A	6999	5028	37	7	7	34	0.000999144	7006	0.604893	FALSE	NA	NA	NA	NA	NA	NA
NC_045512.2	10918	A	G	7033	5074	37	5	4	32	0.000710429	7038	0.806324	FALSE	NA	NA	NA	NA	NA	NA
NC_045512.2	10921	T	C	7277	5355	37	1	1	26	0.0001374	7278	1	FALSE	NA	NA	NA	NA	NA	NA
NC_045512.2	10923	A	G	7285	5383	37	2	2	34	0.000274461	7287	0.980507	FALSE	NA	NA	NA	NA	NA	NA
NC_045512.2	10926	T	C	7287	5395	37	3	3	28	0.000411523	7290	1	FALSE	NA	NA	NA	NA	NA	NA
NC_045512.2	10927	T	C	7287	5421	37	2	2	34	0.000274386	7289	0.980507	FALSE	NA	NA	NA	NA	NA	NA
NC_045512.2	10928	A	G	7277	5397	37	2	2	29	0.000274763	7279	1	FALSE	NA	NA	NA	NA	NA	NA
NC_045512.2	10929	C	A	7271	5396	37	1	1	26	0.000137514	7272	1	FALSE	NA	NA	NA	NA	NA	NA
NC_045512.2	10930	A	T	7256	5382	37	1	1	34	0.000137798	7257	0.996103	FALSE	NA	NA	NA	NA	NA	NA
NC_045512.2	10932	C	-T	7459	5490	37	617	0	20	0.0827189	7459	1.41995e-102	TRUE	NA	NA	NA	NA	NA	NA
NC_045512.2	10933	T	C	6790	4979	37	32	4	33	0.00469071	6822	1.14246e-05	TRUE	NA	NA	NA	NA	NA	NA
NC_045512.2	10936	T	G	7408	5458	37	5	0	34	0.0006744	7414	0.80625	FALSE	NA	NA	NA	NA	NA	NA
NC_045512.2	10936	T	C	7408	5458	37	1	1	34	0.00013488	7414	0.996093	FALSE	NA	NA	NA	NA	NA	NA
NC_045512.2	10939	T	C	7368	5493	37	1	0	26	0.000135704	7369	1	FALSE	NA	NA	NA	NA	NA	NA
NC_045512.2	10940	G	A	7326	5453	37	1	1	34	0.000136482	7327	0.996103	FALSE	NA	NA	NA	NA	NA	NA
NC_045512.2	10944	T	C	7257	5417	36	1	1	34	0.000137779	7258	0.996103	FALSE	NA	NA	NA	NA	NA	NA
NC_045512.2	10945	T	C	7319	5506	37	2	1	34	0.000273187	7321	0.980507	FALSE	NA	NA	NA	NA	NA	NA
NC_045512.2	10950	A	G	6933	5181	36	1	1	34	0.000144196	6935	0.992199	FALSE	NA	NA	NA	NA	NA	NA
NC_045512.2	10950	A	C	6933	5181	36	1	1	26	0.000144196	6935	1	FALSE	NA	NA	NA	NA	NA	NA
NC_045512.2	10951	A	G	7115	5328	37	2	2	34	0.000281017	7117	0.980508	FALSE	NA	NA	NA	NA	NA	NA
NC_045512.2	10952	T	A	7039	5260	37	1	0	34	0.000142045	7040	0.996104	FALSE	NA	NA	NA	NA	NA	NA
NC_045512.2	10953	G	T	7064	5239	37	1	1	34	0.000141503	7067	0.996099	FALSE	NA	NA	NA	NA	NA	NA
NC_045512.2	10953	G	A	7064	5239	37	2	2	34	0.000283006	7067	0.980499	FALSE	NA	NA	NA	NA	NA	NA
NC_045512.2	10954	C	T	7046	5263	36	1	1	34	0.000141904	7047	0.996104	FALSE	NA	NA	NA	NA	NA	NA
NC_045512.2	10957	A	C	7088	5319	36	2	2	30	0.000282087	7090	0.980508	FALSE	NA	NA	NA	NA	NA	NA
NC_045512.2	10959	G	T	7445	5677	37	1	0	34	0.0001343	7446	0.996103	FALSE	NA	NA	NA	NA	NA	NA
NC_045512.2	10960	T	C	7520	5778	37	1	1	60	0.000132961	7521	0.500033	FALSE	NA	NA	NA	NA	NA	NA
NC_045512.2	10963	T	C	8061	6410	37	1	1	34	0.000124039	8062	0.998052	FALSE	NA	NA	NA	NA	NA	NA
NC_045512.2	10964	A	T	8061	6424	37	2	2	34	0.000247954	8066	0.989266	FALSE	NA	NA	NA	NA	NA	NA
NC_045512.2	10964	A	G	8061	6424	37	2	2	34	0.000247954	8066	0.989266	FALSE	NA	NA	NA	NA	NA	NA
NC_045512.2	10964	A	C	8061	6424	37	1	1	26	0.000123977	8066	1	FALSE	NA	NA	NA	NA	NA	NA
NC_045512.2	10965	C	T	8492	6904	38	1	1	34	0.000117744	8493	0.998052	FALSE	NA	NA	NA	NA	NA	NA
NC_045512.2	10965	C	-T	8492	6904	38	1	0	20	0.000117744	8493	1	FALSE	NA	NA	NA	NA	NA	NA
NC_045512.2	10967	T	C	8391	6825	38	5	5	34	0.000595522	8396	0.866718	FALSE	NA	NA	NA	NA	NA	NA
NC_045512.2	10968	T	C	8458	6908	38	1	1	34	0.000118217	8459	0.998052	FALSE	NA	NA	NA	NA	NA	NA
NC_045512.2	10971	A	T	8455	6967	38	1	0	34	0.000118259	8456	0.998052	FALSE	NA	NA	NA	NA	NA	NA
NC_045512.2	10972	A	G	8486	7017	38	1	1	68	0.000117827	8487	0.500029	FALSE	NA	NA	NA	NA	NA	NA
NC_045512.2	10973	A	G	8424	6970	38	1	1	34	0.000118694	8425	0.998052	FALSE	NA	NA	NA	NA	NA	NA
NC_045512.2	10975	T	C	8671	7203	38	1	1	34	0.000115314	8672	0.998052	FALSE	NA	NA	NA	NA	NA	NA
NC_045512.2	10976	G	T	8631	7164	38	1	1	34	0.000115848	8632	0.998052	FALSE	NA	NA	NA	NA	NA	NA
NC_045512.2	10977	C	A	8620	7198	38	2	2	34	0.000231965	8622	0.989281	FALSE	NA	NA	NA	NA	NA	NA
NC_045512.2	10979	G	T	8573	7155	38	2	2	34	0.000233236	8575	0.989281	FALSE	NA	NA	NA	NA	NA	NA
NC_045512.2	10981	G	C	8652	7239	38	1	1	34	0.000115567	8653	0.998052	FALSE	NA	NA	NA	NA	NA	NA
NC_045512.2	10985	A	G	8555	7202	38	1	1	24	0.000116877	8556	1	FALSE	NA	NA	NA	NA	NA	NA
NC_045512.2	10992	T	C	8679	7485	37	1	1	27	0.000115207	8680	1	FALSE	NA	NA	NA	NA	NA	NA
NC_045512.2	10994	A	T	8659	7564	37	1	1	34	0.00011546	8661	0.998051	FALSE	NA	NA	NA	NA	NA	NA
NC_045512.2	10994	A	G	8659	7564	37	1	1	34	0.00011546	8661	0.998051	FALSE	NA	NA	NA	NA	NA	NA
NC_045512.2	10996	G	T	8632	7677	36	1	1	26	0.000115808	8635	1	FALSE	NA	NA	NA	NA	NA	NA
NC_045512.2	10996	G	A	8632	7677	36	2	2	34	0.000231616	8635	0.989276	FALSE	NA	NA	NA	NA	NA	NA
NC_045512.2	10999	T	C	8638	7768	36	1	1	34	0.000115754	8639	0.998052	FALSE	NA	NA	NA	NA	NA	NA
NC_045512.2	10999	T	-AC	8638	7768	36	4	0	20	0.000463017	8639	1	FALSE	NA	NA	NA	NA	NA	NA
NC_045512.2	11000	A	T	8595	7726	36	1	1	26	0.000116333	8596	1	FALSE	NA	NA	NA	NA	NA	NA
NC_045512.2	11001	C	A	8608	7816	35	1	1	34	0.000116158	8609	0.998048	FALSE	NA	NA	NA	NA	NA	NA
NC_045512.2	11002	A	T	8805	8027	35	3	3	34	0.000340406	8813	0.967271	FALSE	NA	NA	NA	NA	NA	NA
NC_045512.2	11002	A	C	8805	8027	35	5	4	47	0.000567344	8813	0.0312145	FALSE	NA	NA	NA	NA	NA	NA
NC_045512.2	11004	A	G	8835	8134	36	1	1	34	0.000113135	8839	0.998049	FALSE	NA	NA	NA	NA	NA	NA
NC_045512.2	11004	A	C	8835	8134	36	3	3	34	0.000339405	8839	0.967326	FALSE	NA	NA	NA	NA	NA	NA
NC_045512.2	11005	C	+T	8860	8165	36	3	0	20	0.0003386	8860	1	FALSE	NA	NA	NA	NA	NA	NA
NC_045512.2	11007	A	C	7410	6731	36	2	2	34	0.000269833	7412	0.980507	FALSE	NA	NA	NA	NA	NA	NA
NC_045512.2	11008	C	A	7403	6737	36	5	5	34	0.000674946	7408	0.806316	FALSE	NA	NA	NA	NA	NA	NA
NC_045512.2	11009	T	C	7322	6677	36	2	2	34	0.000273075	7324	0.980507	FALSE	NA	NA	NA	NA	NA	NA
NC_045512.2	11012	T	C	7157	6515	36	1	1	34	0.000139704	7158	0.996104	FALSE	NA	NA	NA	NA	NA	NA
NC_045512.2	11014	G	T	6888	6249	36	1	1	34	0.000145138	6890	0.992199	FALSE	NA	NA	NA	NA	NA	NA
NC_045512.2	11014	G	C	6888	6249	36	1	1	34	0.000145138	6890	0.992199	FALSE	NA	NA	NA	NA	NA	NA
NC_045512.2	11019	T	C	6517	5888	36	4	4	34	0.000613403	6521	0.828282	FALSE	NA	NA	NA	NA	NA	NA
NC_045512.2	11020	C	T	6530	5900	36	1	1	34	0.000153116	6531	0.992204	FALSE	NA	NA	NA	NA	NA	NA
NC_045512.2	11021	A	T	6524	5918	37	3	3	31	0.000459559	6528	0.910232	FALSE	NA	NA	NA	NA	NA	NA
NC_045512.2	11021	A	C	6524	5918	37	1	1	26	0.000153186	6528	1	FALSE	NA	NA	NA	NA	NA	NA
NC_045512.2	11022	C	T	6523	5914	37	1	1	34	0.00015328	6524	0.992204	FALSE	NA	NA	NA	NA	NA	NA
NC_045512.2	11023	A	T	6475	5872	36	2	2	34	0.000308737	6478	0.964886	FALSE	NA	NA	NA	NA	NA	NA
NC_045512.2	11023	A	G	6475	5872	36	1	0	68	0.000154369	6478	0.499961	FALSE	NA	NA	NA	NA	NA	NA
NC_045512.2	11024	A	T	6503	5908	37	1	1	26	0.000153728	6505	1	FALSE	NA	NA	NA	NA	NA	NA
NC_045512.2	11024	A	C	6503	5908	37	1	1	34	0.000153728	6505	0.9922	FALSE	NA	NA	NA	NA	NA	NA
NC_045512.2	11025	T	G	6509	5922	36	1	1	34	0.000153563	6512	0.992196	FALSE	NA	NA	NA	NA	NA	NA
NC_045512.2	11025	T	A	6509	5922	36	2	2	30	0.000307125	6512	0.964886	FALSE	NA	NA	NA	NA	NA	NA
NC_045512.2	11026	T	C	6441	5856	36	1	0	68	0.000155231	6442	0.500039	FALSE	NA	NA	NA	NA	NA	NA
NC_045512.2	11027	T	C	6422	5838	36	3	3	34	0.000466926	6425	0.910271	FALSE	NA	NA	NA	NA	NA	NA
NC_045512.2	11028	T	A	21861	6555	34	1	1	26	4.57415e-05	21862	1	FALSE	NA	NA	NA	NA	NA	NA
NC_045512.2	11030	A	T	22311	6624	34	1	0	34	4.48149e-05	22314	1	FALSE	NA	NA	NA	NA	NA	NA
NC_045512.2	11030	A	G	22311	6624	34	2	2	34	8.96298e-05	22314	0.999999	FALSE	NA	NA	NA	NA	NA	NA
NC_045512.2	11031	C	G	22337	6707	34	1	0	34	4.47668e-05	22338	1	FALSE	NA	NA	NA	NA	NA	NA
NC_045512.2	11032	T	G	22162	6506	34	3	0	31	0.00013533	22168	0.99999	FALSE	NA	NA	NA	NA	NA	NA
NC_045512.2	11032	T	C	22162	6506	34	3	1	34	0.00013533	22168	0.99999	FALSE	NA	NA	NA	NA	NA	NA
NC_045512.2	11033	T	C	22124	6461	34	2	2	30	9.03914e-05	22126	0.999999	FALSE	NA	NA	NA	NA	NA	NA
NC_045512.2	11034	C	T	22522	6550	34	2	0	34	8.87863e-05	22526	0.999999	FALSE	NA	NA	NA	NA	NA	NA
NC_045512.2	11034	C	A	22522	6550	34	2	0	34	8.87863e-05	22526	0.999999	FALSE	NA	NA	NA	NA	NA	NA
NC_045512.2	11035	A	G	22537	6549	34	2	0	34	8.87351e-05	22539	0.999999	FALSE	NA	NA	NA	NA	NA	NA
NC_045512.2	11036	C	T	24041	6591	34	2	1	34	8.31808e-05	24044	1	FALSE	NA	NA	NA	NA	NA	NA
NC_045512.2	11036	C	G	24041	6591	34	1	1	34	4.15904e-05	24044	1	FALSE	NA	NA	NA	NA	NA	NA
NC_045512.2	11037	T	C	24018	6606	34	1	0	34	4.16337e-05	24019	1	FALSE	NA	NA	NA	NA	NA	NA
NC_045512.2	11038	T	C	24008	6618	34	3	0	31	0.000124943	24011	0.999997	FALSE	NA	NA	NA	NA	NA	NA
NC_045512.2	11039	T	C	24143	6630	34	2	1	34	8.28329e-05	24145	1	FALSE	NA	NA	NA	NA	NA	NA
NC_045512.2	11041	A	G	24199	6596	34	2	0	34	8.26412e-05	24201	1	FALSE	NA	NA	NA	NA	NA	NA
NC_045512.2	11042	G	C	25274	6654	34	1	1	34	3.95648e-05	25275	1	FALSE	NA	NA	NA	NA	NA	NA
NC_045512.2	11043	T	G	25504	6724	34	2	2	34	7.84037e-05	25509	1	FALSE	NA	NA	NA	NA	NA	NA
NC_045512.2	11043	T	C	25504	6724	34	3	0	34	0.000117606	25509	0.999998	FALSE	NA	NA	NA	NA	NA	NA
NC_045512.2	11044	T	C	25554	6763	34	1	0	34	3.91313e-05	25555	1	FALSE	NA	NA	NA	NA	NA	NA
NC_045512.2	11045	T	G	25414	6598	34	2	0	30	7.86844e-05	25418	1	FALSE	NA	NA	NA	NA	NA	NA
NC_045512.2	11045	T	C	25414	6598	34	2	1	30	7.86844e-05	25418	1	FALSE	NA	NA	NA	NA	NA	NA
NC_045512.2	11046	T	G	25434	6663	34	4	0	34	0.00015722	25442	0.999992	FALSE	NA	NA	NA	NA	NA	NA
NC_045512.2	11046	T	C	25434	6663	34	4	3	34	0.00015722	25442	0.999992	FALSE	NA	NA	NA	NA	NA	NA
NC_045512.2	11047	A	G	26751	6612	34	75	69	34	0.0027958	26826	5.45906e-07	TRUE	NA	NA	NA	NA	NA	NA
NC_045512.2	11048	G	C	28605	6636	34	1	0	34	3.4954e-05	28609	1	FALSE	NA	NA	NA	NA	NA	NA
NC_045512.2	11048	G	A	28605	6636	34	3	0	34	0.000104862	28609	1	FALSE	NA	NA	NA	NA	NA	NA
NC_045512.2	11049	T	C	28709	6734	34	1	1	26	3.48286e-05	28712	1	FALSE	NA	NA	NA	NA	NA	NA
NC_045512.2	11049	T	A	28709	6734	34	2	1	34	6.96573e-05	28712	1	FALSE	NA	NA	NA	NA	NA	NA
NC_045512.2	11050	C	T	29574	6740	34	1	0	34	3.38123e-05	29575	1	FALSE	NA	NA	NA	NA	NA	NA
NC_045512.2	11051	C	G	28757	6715	34	2	0	30	6.95362e-05	28762	1	FALSE	NA	NA	NA	NA	NA	NA
NC_045512.2	11051	C	A	28757	6715	34	3	0	34	0.000104304	28762	1	FALSE	NA	NA	NA	NA	NA	NA
NC_045512.2	11051	C	-AG	28757	6715	34	1	0	20	3.47681e-05	28762	1	FALSE	NA	NA	NA	NA	NA	NA
NC_045512.2	11052	A	T	30224	6562	34	1	1	34	3.30797e-05	30230	1	FALSE	NA	NA	NA	NA	NA	NA
NC_045512.2	11052	A	G	30224	6562	34	5	1	32	0.000165399	30230	0.999998	FALSE	NA	NA	NA	NA	NA	NA
NC_045512.2	11053	G	T	31523	6553	34	1	0	34	3.17188e-05	31527	1	FALSE	NA	NA	NA	NA	NA	NA
NC_045512.2	11053	G	A	31523	6553	34	3	0	34	9.51565e-05	31527	1	FALSE	NA	NA	NA	NA	NA	NA
NC_045512.2	11054	A	G	31410	6660	34	5	0	34	0.00015916	31415	0.999999	FALSE	NA	NA	NA	NA	NA	NA
NC_045512.2	11055	G	C	36098	6673	34	2	0	34	5.53971e-05	36103	1	FALSE	NA	NA	NA	NA	NA	NA
NC_045512.2	11055	G	A	36098	6673	34	3	0	31	8.30956e-05	36103	1	FALSE	NA	NA	NA	NA	NA	NA
NC_045512.2	11056	T	C	35908	6555	34	5	2	32	0.000139221	35914	1	FALSE	NA	NA	NA	NA	NA	NA
NC_045512.2	11056	T	A	35908	6555	34	1	0	26	2.78443e-05	35914	1	FALSE	NA	NA	NA	NA	NA	NA
NC_045512.2	11057	A	G	37996	6320	34	2	1	34	5.26343e-05	37998	1	FALSE	NA	NA	NA	NA	NA	NA
NC_045512.2	11058	C	T	38514	6380	34	4	3	34	0.000103839	38521	1	FALSE	NA	NA	NA	NA	NA	NA
NC_045512.2	11058	C	G	38514	6380	34	2	0	30	5.19197e-05	38521	1	FALSE	NA	NA	NA	NA	NA	NA
NC_045512.2	11058	C	A	38514	6380	34	1	0	34	2.59599e-05	38521	1	FALSE	NA	NA	NA	NA	NA	NA
NC_045512.2	11058	C	-TCAATGG	38514	6380	34	2	0	20	5.19197e-05	38521	1	FALSE	NA	NA	NA	NA	NA	NA
NC_045512.2	11059	T	G	38423	6217	34	1	0	34	2.60193e-05	38433	1	FALSE	NA	NA	NA	NA	NA	NA
NC_045512.2	11059	T	C	38423	6217	34	3	0	40	7.80579e-05	38433	0.656159	FALSE	NA	NA	NA	NA	NA	NA
NC_045512.2	11059	T	A	38423	6217	34	6	1	32	0.000156116	38433	1	FALSE	NA	NA	NA	NA	NA	NA
NC_045512.2	11060	C	T	38738	6217	34	4	3	32	0.000103242	38744	1	FALSE	NA	NA	NA	NA	NA	NA
NC_045512.2	11060	C	G	38738	6217	34	2	1	34	5.16209e-05	38744	1	FALSE	NA	NA	NA	NA	NA	NA
NC_045512.2	11061	A	G	38107	5961	34	3	0	34	7.87195e-05	38110	1	FALSE	NA	NA	NA	NA	NA	NA
NC_045512.2	11062	A	T	38356	5956	34	1	1	34	2.60661e-05	38364	1	FALSE	NA	NA	NA	NA	NA	NA
NC_045512.2	11062	A	G	38356	5956	34	7	1	34	0.000182463	38364	1	FALSE	NA	NA	NA	NA	NA	NA
NC_045512.2	11062	A	+T	38356	5956	34	3	0	20	7.81942e-05	38366	1	FALSE	NA	NA	NA	NA	NA	NA
NC_045512.2	11063	T	G	38360	5958	34	6	0	34	0.000156356	38374	1	FALSE	NA	NA	NA	NA	NA	NA
NC_045512.2	11063	T	C	38360	5958	34	1	0	34	2.60593e-05	38374	1	FALSE	NA	NA	NA	NA	NA	NA
NC_045512.2	11063	T	A	38360	5958	34	7	0	34	0.000182415	38374	1	FALSE	NA	NA	NA	NA	NA	NA
NC_045512.2	11063	T	-G	38360	5958	34	1	0	20	2.6058e-05	38376	1	FALSE	NA	NA	NA	NA	NA	NA
NC_045512.2	11064	G	T	38491	5314	34	1	0	34	2.59787e-05	38493	1	FALSE	NA	NA	NA	NA	NA	NA
NC_045512.2	11064	G	A	38491	5314	34	1	1	34	2.59787e-05	38493	1	FALSE	NA	NA	NA	NA	NA	NA
NC_045512.2	11065	G	T	39350	5398	34	4	0	32	0.000101636	39356	1	FALSE	NA	NA	NA	NA	NA	NA
NC_045512.2	11065	G	A	39350	5398	34	2	0	30	5.08182e-05	39356	1	FALSE	NA	NA	NA	NA	NA	NA
NC_045512.2	11066	T	G	38793	4729	34	1	0	34	2.57765e-05	38795	1	FALSE	NA	NA	NA	NA	NA	NA
NC_045512.2	11066	T	C	38793	4729	34	1	0	34	2.57765e-05	38795	1	FALSE	NA	NA	NA	NA	NA	NA
NC_045512.2	11067	C	T	39108	4860	34	2	1	34	5.11352e-05	39112	1	FALSE	NA	NA	NA	NA	NA	NA
NC_045512.2	11067	C	G	39108	4860	34	1	0	34	2.55676e-05	39112	1	FALSE	NA	NA	NA	NA	NA	NA
NC_045512.2	11067	C	A	39108	4860	34	1	0	34	2.55676e-05	39112	1	FALSE	NA	NA	NA	NA	NA	NA
NC_045512.2	11067	C	-T	39108	4860	34	3	0	20	7.67028e-05	39112	1	FALSE	NA	NA	NA	NA	NA	NA
NC_045512.2	11068	T	G	38859	4745	34	2	0	34	5.14642e-05	38862	1	FALSE	NA	NA	NA	NA	NA	NA
NC_045512.2	11068	T	C	38859	4745	34	1	0	34	2.57321e-05	38862	1	FALSE	NA	NA	NA	NA	NA	NA
NC_045512.2	11070	T	C	38912	4753	35	7	0	38	0.000179861	38919	1	FALSE	NA	NA	NA	NA	NA	NA
NC_045512.2	11072	T	C	39158	4755	35	2	0	34	5.10686e-05	39163	1	FALSE	NA	NA	NA	NA	NA	NA
NC_045512.2	11072	T	A	39158	4755	35	3	0	34	7.66029e-05	39163	1	FALSE	NA	NA	NA	NA	NA	NA
NC_045512.2	11073	T	C	39135	4812	35	1	0	34	2.55519e-05	39136	1	FALSE	NA	NA	NA	NA	NA	NA
NC_045512.2	11073	T	+G	39135	4812	35	1	0	20	2.55519e-05	39136	1	FALSE	NA	NA	NA	NA	NA	NA
NC_045512.2	11074	C	T	39058	4820	35	4	0	34	0.000102396	39064	1	FALSE	NA	NA	NA	NA	NA	NA
NC_045512.2	11074	C	A	39058	4820	35	2	0	34	5.1198e-05	39064	1	FALSE	NA	NA	NA	NA	NA	NA
NC_045512.2	11074	C	-T	39058	4820	35	362	0	20	0.00926684	39064	0.882585	FALSE	NA	NA	NA	NA	NA	NA
NC_045512.2	11074	C	+TT	39058	4820	35	1	0	20	2.5599e-05	39064	1	FALSE	NA	NA	NA	NA	NA	NA
NC_045512.2	11074	C	+T	39058	4820	35	216	0	20	0.00552939	39064	1	FALSE	NA	NA	NA	NA	NA	NA
NC_045512.2	11075	T	G	38644	4586	35	1	0	34	2.58726e-05	38651	1	FALSE	NA	NA	NA	NA	NA	NA
NC_045512.2	11075	T	C	38644	4586	35	6	0	34	0.000155235	38651	1	FALSE	NA	NA	NA	NA	NA	NA
NC_045512.2	11077	T	C	38977	4632	35	1	0	34	2.56548e-05	38979	1	FALSE	NA	NA	NA	NA	NA	NA
NC_045512.2	11077	T	A	38977	4632	35	1	0	34	2.56548e-05	38979	1	FALSE	NA	NA	NA	NA	NA	NA
NC_045512.2	11078	T	C	38945	4610	35	1	0	34	2.56766e-05	38946	1	FALSE	NA	NA	NA	NA	NA	NA
NC_045512.2	11079	T	G	38982	4635	35	2	0	34	5.13005e-05	38986	1	FALSE	NA	NA	NA	NA	NA	NA
NC_045512.2	11079	T	C	38982	4635	35	2	0	34	5.13005e-05	38986	1	FALSE	NA	NA	NA	NA	NA	NA
NC_045512.2	11080	T	C	38673	4371	35	4	0	34	0.000103421	38677	1	FALSE	NA	NA	NA	NA	NA	NA
NC_045512.2	11081	T	C	38877	4575	35	4	0	34	0.000102875	38882	1	FALSE	NA	NA	NA	NA	NA	NA
NC_045512.2	11081	T	A	38877	4575	35	1	0	34	2.57188e-05	38882	1	FALSE	NA	NA	NA	NA	NA	NA
NC_045512.2	11082	T	C	38813	4565	35	4	0	34	0.000103045	38818	1	FALSE	NA	NA	NA	NA	NA	NA
NC_045512.2	11082	T	A	38813	4565	35	1	0	34	2.57612e-05	38818	1	FALSE	NA	NA	NA	NA	NA	NA
NC_045512.2	11083	G	A	39006	4559	35	4	1	34	0.000102538	39010	1	FALSE	NA	NA	NA	NA	NA	NA
NC_045512.2	11084	T	C	39095	4560	35	6	1	39	0.000153441	39103	1	FALSE	NA	NA	NA	NA	NA	NA
NC_045512.2	11084	T	A	39095	4560	35	2	0	34	5.1147e-05	39103	1	FALSE	NA	NA	NA	NA	NA	NA
NC_045512.2	11085	A	T	39259	4619	35	2	0	34	5.09372e-05	39264	1	FALSE	NA	NA	NA	NA	NA	NA
NC_045512.2	11085	A	G	39259	4619	35	3	1	34	7.64059e-05	39264	1	FALSE	NA	NA	NA	NA	NA	NA
NC_045512.2	11086	T	C	39122	4602	35	4	2	32	0.000102229	39128	1	FALSE	NA	NA	NA	NA	NA	NA
NC_045512.2	11086	T	A	39122	4602	35	2	0	30	5.11143e-05	39128	1	FALSE	NA	NA	NA	NA	NA	NA
NC_045512.2	11087	G	T	39152	4339	35	1	1	34	2.53511e-05	39446	1	FALSE	NA	NA	NA	NA	NA	NA
NC_045512.2	11087	G	A	39152	4339	35	293	266	34	0.00742788	39446	8.85929e-50	TRUE	NA	NA	NA	NA	NA	NA
NC_045512.2	11088	A	T	37501	4628	33	1	0	34	2.66624e-05	37506	1	FALSE	NA	NA	NA	NA	NA	NA
NC_045512.2	11088	A	G	37501	4628	33	4	1	29	0.00010665	37506	1	FALSE	NA	NA	NA	NA	NA	NA
NC_045512.2	11089	A	G	37368	2416	35	2	0	34	5.35189e-05	37370	1	FALSE	NA	NA	NA	NA	NA	NA
NC_045512.2	11090	A	G	37487	2444	36	4	1	34	0.000106692	37491	1	FALSE	NA	NA	NA	NA	NA	NA
NC_045512.2	11091	A	G	37470	2470	36	3	0	42	8.00576e-05	37473	0.656269	FALSE	NA	NA	NA	NA	NA	NA
NC_045512.2	11092	T	C	37773	2474	36	3	0	34	7.94155e-05	37776	1	FALSE	NA	NA	NA	NA	NA	NA
NC_045512.2	11093	G	A	38333	2465	36	5	0	34	0.000130419	38338	1	FALSE	NA	NA	NA	NA	NA	NA
NC_045512.2	11094	C	T	39004	2494	35	9	1	37	0.000230669	39017	0.999998	FALSE	NA	NA	NA	NA	NA	NA
NC_045512.2	11094	C	G	39004	2494	35	2	0	34	5.12597e-05	39017	1	FALSE	NA	NA	NA	NA	NA	NA
NC_045512.2	11094	C	A	39004	2494	35	2	0	34	5.12597e-05	39017	1	FALSE	NA	NA	NA	NA	NA	NA
NC_045512.2	11095	C	T	39672	2533	36	3	3	38	7.56048e-05	39680	1	FALSE	NA	NA	NA	NA	NA	NA
NC_045512.2	11095	C	G	39672	2533	36	2	0	34	5.04032e-05	39680	1	FALSE	NA	NA	NA	NA	NA	NA
NC_045512.2	11095	C	A	39672	2533	36	3	0	31	7.56048e-05	39680	1	FALSE	NA	NA	NA	NA	NA	NA
NC_045512.2	11095	C	-T	39672	2533	36	6	0	20	0.00015121	39680	1	FALSE	NA	NA	NA	NA	NA	NA
NC_045512.2	11096	T	G	34036	2203	36	1	0	34	2.47838e-05	40349	1	FALSE	NA	NA	NA	NA	NA	NA
NC_045512.2	11096	T	C	34036	2203	36	6310	365	36	0.156386	40349	0	TRUE	NA	NA	NA	NA	NA	NA
NC_045512.2	11096	T	A	34036	2203	36	2	0	30	4.95675e-05	40349	1	FALSE	NA	NA	NA	NA	NA	NA
NC_045512.2	11097	T	C	40328	2570	36	7	0	34	0.000173538	40337	1	FALSE	NA	NA	NA	NA	NA	NA
NC_045512.2	11097	T	A	40328	2570	36	2	0	26	4.95823e-05	40337	1	FALSE	NA	NA	NA	NA	NA	NA
NC_045512.2	11098	T	C	40348	2524	35	3	0	31	7.43476e-05	40351	1	FALSE	NA	NA	NA	NA	NA	NA
NC_045512.2	11099	T	C	40420	2592	36	3	2	31	7.42152e-05	40423	1	FALSE	NA	NA	NA	NA	NA	NA
NC_045512.2	11100	T	C	40261	2782	36	4	0	34	9.93419e-05	40265	1	FALSE	NA	NA	NA	NA	NA	NA
NC_045512.2	11101	A	G	40671	2786	36	5	0	34	0.000122923	40676	1	FALSE	NA	NA	NA	NA	NA	NA
NC_045512.2	11102	C	G	40579	2853	36	1	0	26	2.46421e-05	40581	1	FALSE	NA	NA	NA	NA	NA	NA
NC_045512.2	11102	C	A	40579	2853	36	1	0	26	2.46421e-05	40581	1	FALSE	NA	NA	NA	NA	NA	NA
NC_045512.2	11103	C	T	40454	2855	36	1	0	26	2.47188e-05	40455	1	FALSE	NA	NA	NA	NA	NA	NA
NC_045512.2	11103	C	-T	40454	2855	36	5	0	20	0.000123594	40455	1	FALSE	NA	NA	NA	NA	NA	NA
NC_045512.2	11104	T	G	40774	2852	36	1	0	34	2.45134e-05	40794	1	FALSE	NA	NA	NA	NA	NA	NA
NC_045512.2	11104	T	C	40774	2852	36	19	4	40	0.000465755	40794	0.00129679	TRUE	NA	NA	NA	NA	NA	NA
NC_045512.2	11105	T	C	40665	2704	36	3	0	34	7.37681e-05	40668	1	FALSE	NA	NA	NA	NA	NA	NA
NC_045512.2	11106	T	C	41063	2943	36	2	0	34	4.87033e-05	41065	1	FALSE	NA	NA	NA	NA	NA	NA
NC_045512.2	11107	T	C	41146	2990	36	5	1	32	0.000121504	41151	1	FALSE	NA	NA	NA	NA	NA	NA
NC_045512.2	11108	G	A	41400	3032	36	1	0	34	2.4154e-05	41401	1	FALSE	NA	NA	NA	NA	NA	NA
NC_045512.2	11109	C	T	34566	3818	36	2	0	34	5.78553e-05	34569	1	FALSE	NA	NA	NA	NA	NA	NA
NC_045512.2	11109	C	A	34566	3818	36	1	0	34	2.89277e-05	34569	1	FALSE	NA	NA	NA	NA	NA	NA
NC_045512.2	11110	T	C	34823	3920	36	11	2	34	0.000315783	34834	0.999877	FALSE	NA	NA	NA	NA	NA	NA
NC_045512.2	11112	T	G	34601	3991	36	15	2	37	0.00043315	34630	0.998097	FALSE	NA	NA	NA	NA	NA	NA
NC_045512.2	11112	T	C	34601	3991	36	1	0	34	2.88767e-05	34630	1	FALSE	NA	NA	NA	NA	NA	NA
NC_045512.2	11112	T	A	34601	3991	36	13	0	33	0.000375397	34630	0.999455	FALSE	NA	NA	NA	NA	NA	NA
NC_045512.2	11112	T	-G	34601	3991	36	1	0	20	2.88767e-05	34630	1	FALSE	NA	NA	NA	NA	NA	NA
NC_045512.2	11112	T	+G	34601	3991	36	1	0	20	2.88767e-05	34630	1	FALSE	NA	NA	NA	NA	NA	NA
NC_045512.2	11113	G	T	43348	4211	36	1	0	34	2.30649e-05	43356	1	FALSE	NA	NA	NA	NA	NA	NA
NC_045512.2	11113	G	C	43348	4211	36	5	0	34	0.000115324	43356	1	FALSE	NA	NA	NA	NA	NA	NA
NC_045512.2	11113	G	A	43348	4211	36	2	1	34	4.61297e-05	43356	1	FALSE	NA	NA	NA	NA	NA	NA
NC_045512.2	11114	G	A	44625	4217	36	1	0	34	2.24085e-05	44626	1	FALSE	NA	NA	NA	NA	NA	NA
NC_045512.2	11115	G	C	46869	4344	36	1	0	34	2.13352e-05	46871	1	FALSE	NA	NA	NA	NA	NA	NA
NC_045512.2	11115	G	A	46869	4344	36	1	0	34	2.13352e-05	46871	1	FALSE	NA	NA	NA	NA	NA	NA
NC_045512.2	11116	T	G	46532	4342	36	2	0	34	4.2971e-05	46543	1	FALSE	NA	NA	NA	NA	NA	NA
NC_045512.2	11116	T	C	46532	4342	36	9	1	33	0.00019337	46543	1	FALSE	NA	NA	NA	NA	NA	NA
NC_045512.2	11117	A	T	46767	4374	36	3	0	31	6.41437e-05	46770	1	FALSE	NA	NA	NA	NA	NA	NA
NC_045512.2	11118	T	G	47545	4447	36	2	0	30	4.20592e-05	47552	1	FALSE	NA	NA	NA	NA	NA	NA
NC_045512.2	11118	T	C	47545	4447	36	4	0	34	8.41184e-05	47552	1	FALSE	NA	NA	NA	NA	NA	NA
NC_045512.2	11118	T	A	47545	4447	36	1	0	34	2.10296e-05	47552	1	FALSE	NA	NA	NA	NA	NA	NA
NC_045512.2	11119	T	C	47258	4575	36	9	0	34	0.000190404	47268	1	FALSE	NA	NA	NA	NA	NA	NA
NC_045512.2	11119	T	A	47258	4575	36	1	0	34	2.1156e-05	47268	1	FALSE	NA	NA	NA	NA	NA	NA
NC_045512.2	11120	A	T	47068	4778	35	1	0	34	2.12441e-05	47072	1	FALSE	NA	NA	NA	NA	NA	NA
NC_045512.2	11120	A	G	47068	4778	35	3	0	45	6.37322e-05	47072	0.773446	FALSE	NA	NA	NA	NA	NA	NA
NC_045512.2	11121	T	G	47834	4799	36	6	0	32	0.000125402	47846	1	FALSE	NA	NA	NA	NA	NA	NA
NC_045512.2	11121	T	C	47834	4799	36	4	0	34	8.36016e-05	47846	1	FALSE	NA	NA	NA	NA	NA	NA
NC_045512.2	11121	T	A	47834	4799	36	2	0	34	4.18008e-05	47846	1	FALSE	NA	NA	NA	NA	NA	NA
NC_045512.2	11122	T	G	47323	4354	36	2	0	34	4.22369e-05	47352	1	FALSE	NA	NA	NA	NA	NA	NA
NC_045512.2	11122	T	C	47323	4354	36	26	0	34	0.000549079	47352	0.99524	FALSE	NA	NA	NA	NA	NA	NA
NC_045512.2	11122	T	A	47323	4354	36	1	0	34	2.11184e-05	47352	1	FALSE	NA	NA	NA	NA	NA	NA
NC_045512.2	11123	G	T	45849	4462	36	1	0	26	2.1806e-05	45859	1	FALSE	NA	NA	NA	NA	NA	NA
NC_045512.2	11123	G	C	45849	4462	36	1	0	34	2.1806e-05	45859	1	FALSE	NA	NA	NA	NA	NA	NA
NC_045512.2	11123	G	A	45849	4462	36	8	0	34	0.000174448	45859	1	FALSE	NA	NA	NA	NA	NA	NA
NC_045512.2	11124	C	T	44759	4427	36	3	1	34	6.70211e-05	44762	1	FALSE	NA	NA	NA	NA	NA	NA
NC_045512.2	11125	T	G	44811	4335	36	2	0	34	4.46249e-05	44818	1	FALSE	NA	NA	NA	NA	NA	NA
NC_045512.2	11125	T	C	44811	4335	36	5	0	34	0.000111562	44818	1	FALSE	NA	NA	NA	NA	NA	NA
NC_045512.2	11126	A	G	45272	4358	36	5	1	34	0.000110431	45277	1	FALSE	NA	NA	NA	NA	NA	NA
NC_045512.2	11127	T	G	45152	4274	36	1	0	34	2.21455e-05	45156	1	FALSE	NA	NA	NA	NA	NA	NA
NC_045512.2	11127	T	A	45152	4274	36	3	0	34	6.64364e-05	45156	1	FALSE	NA	NA	NA	NA	NA	NA
NC_045512.2	11128	G	A	45415	4296	36	2	0	29	4.40364e-05	45417	1	FALSE	NA	NA	NA	NA	NA	NA
NC_045512.2	11129	T	G	45356	4532	36	3	0	31	6.61303e-05	45365	1	FALSE	NA	NA	NA	NA	NA	NA
NC_045512.2	11129	T	C	45356	4532	36	6	1	32	0.000132261	45365	1	FALSE	NA	NA	NA	NA	NA	NA
NC_045512.2	11130	C	T	45737	5396	37	1	0	34	2.18637e-05	45738	1	FALSE	NA	NA	NA	NA	NA	NA
NC_045512.2	11131	T	G	45664	5363	37	4	0	32	8.75542e-05	45686	1	FALSE	NA	NA	NA	NA	NA	NA
NC_045512.2	11131	T	C	45664	5363	37	15	0	34	0.000328328	45686	0.999979	FALSE	NA	NA	NA	NA	NA	NA
NC_045512.2	11131	T	A	45664	5363	37	3	0	34	6.56656e-05	45686	1	FALSE	NA	NA	NA	NA	NA	NA
NC_045512.2	11132	G	A	45858	5358	37	4	0	32	8.72182e-05	45862	1	FALSE	NA	NA	NA	NA	NA	NA
NC_045512.2	11133	C	T	45985	6230	37	5	2	39	0.000108712	45993	1	FALSE	NA	NA	NA	NA	NA	NA
NC_045512.2	11133	C	A	45985	6230	37	3	0	34	6.52273e-05	45993	1	FALSE	NA	NA	NA	NA	NA	NA
NC_045512.2	11133	C	-T	45985	6230	37	6	0	20	0.000130455	45993	1	FALSE	NA	NA	NA	NA	NA	NA
NC_045512.2	11134	T	C	46116	6262	37	4	2	40	8.67303e-05	46120	0.636665	FALSE	NA	NA	NA	NA	NA	NA
NC_045512.2	11135	T	C	45568	5730	37	2	0	51	4.38885e-05	45570	0.250003	FALSE	NA	NA	NA	NA	NA	NA
NC_045512.2	11136	T	G	46012	6222	37	2	0	30	4.34631e-05	46016	1	FALSE	NA	NA	NA	NA	NA	NA
NC_045512.2	11136	T	C	46012	6222	37	1	1	68	2.17316e-05	46016	0.499989	FALSE	NA	NA	NA	NA	NA	NA
NC_045512.2	11136	T	A	46012	6222	37	1	0	26	2.17316e-05	46016	1	FALSE	NA	NA	NA	NA	NA	NA
NC_045512.2	11137	T	G	44720	6294	37	2	0	34	4.47147e-05	44728	1	FALSE	NA	NA	NA	NA	NA	NA
NC_045512.2	11137	T	C	44720	6294	37	6	2	41	0.000134144	44728	0.376932	FALSE	NA	NA	NA	NA	NA	NA
NC_045512.2	11138	G	C	45298	6297	37	1	0	34	2.20751e-05	45300	1	FALSE	NA	NA	NA	NA	NA	NA
NC_045512.2	11138	G	A	45298	6297	37	1	0	34	2.20751e-05	45300	1	FALSE	NA	NA	NA	NA	NA	NA
NC_045512.2	11139	C	T	45227	6369	37	7	1	32	0.000154751	45234	1	FALSE	NA	NA	NA	NA	NA	NA
NC_045512.2	11140	A	T	45444	6370	37	2	0	34	4.39996e-05	45455	1	FALSE	NA	NA	NA	NA	NA	NA
NC_045512.2	11140	A	G	45444	6370	37	8	0	33	0.000175998	45455	1	FALSE	NA	NA	NA	NA	NA	NA
NC_045512.2	11140	A	C	45444	6370	37	1	1	27	2.19998e-05	45455	1	FALSE	NA	NA	NA	NA	NA	NA
NC_045512.2	11141	A	T	46054	6436	37	2	1	42	4.34226e-05	46059	0.890622	FALSE	NA	NA	NA	NA	NA	NA
NC_045512.2	11141	A	G	46054	6436	37	3	1	34	6.51339e-05	46059	1	FALSE	NA	NA	NA	NA	NA	NA
NC_045512.2	11142	T	G	46157	6400	37	1	0	34	2.16633e-05	46161	1	FALSE	NA	NA	NA	NA	NA	NA
NC_045512.2	11142	T	C	46157	6400	37	3	0	45	6.49899e-05	46161	0.773446	FALSE	NA	NA	NA	NA	NA	NA
NC_045512.2	11143	G	C	46530	6524	37	1	0	26	2.1491e-05	46531	1	FALSE	NA	NA	NA	NA	NA	NA
NC_045512.2	11144	A	T	46266	6705	37	1	0	34	2.16113e-05	46272	1	FALSE	NA	NA	NA	NA	NA	NA
NC_045512.2	11144	A	G	46266	6705	37	4	2	31	8.64454e-05	46272	1	FALSE	NA	NA	NA	NA	NA	NA
NC_045512.2	11144	A	C	46266	6705	37	1	0	34	2.16113e-05	46272	1	FALSE	NA	NA	NA	NA	NA	NA
NC_045512.2	11145	T	C	46689	6720	37	3	1	30	6.42508e-05	46692	1	FALSE	NA	NA	NA	NA	NA	NA
NC_045512.2	11146	G	A	46707	6698	37	1	1	34	2.14096e-05	46708	1	FALSE	NA	NA	NA	NA	NA	NA
NC_045512.2	11147	T	G	46535	6613	37	1	0	34	2.14869e-05	46540	1	FALSE	NA	NA	NA	NA	NA	NA
NC_045512.2	11147	T	C	46535	6613	37	4	1	34	8.59476e-05	46540	1	FALSE	NA	NA	NA	NA	NA	NA
NC_045512.2	11148	T	G	45651	6813	37	1	0	26	2.1901e-05	45660	1	FALSE	NA	NA	NA	NA	NA	NA
NC_045512.2	11148	T	C	45651	6813	37	8	1	38	0.000175208	45660	1	FALSE	NA	NA	NA	NA	NA	NA
NC_045512.2	11149	T	C	44126	6967	37	9	0	36	0.00020392	44135	1	FALSE	NA	NA	NA	NA	NA	NA
NC_045512.2	11150	G	A	44353	7007	37	1	0	34	2.25459e-05	44354	1	FALSE	NA	NA	NA	NA	NA	NA
NC_045512.2	11151	T	G	43609	7185	37	1	0	34	2.29258e-05	43619	1	FALSE	NA	NA	NA	NA	NA	NA
NC_045512.2	11151	T	C	43609	7185	37	9	4	33	0.000206332	43619	1	FALSE	NA	NA	NA	NA	NA	NA
NC_045512.2	11152	C	T	42434	7248	37	1	1	26	2.35643e-05	42437	1	FALSE	NA	NA	NA	NA	NA	NA
NC_045512.2	11152	C	G	42434	7248	37	2	0	30	4.71287e-05	42437	1	FALSE	NA	NA	NA	NA	NA	NA
NC_045512.2	11152	C	-A	42434	7248	37	2	0	20	4.71287e-05	42437	1	FALSE	NA	NA	NA	NA	NA	NA
NC_045512.2	11153	A	G	42441	7244	37	9	1	33	0.000212014	42450	1	FALSE	NA	NA	NA	NA	NA	NA
NC_045512.2	11154	A	T	41231	7336	36	1	0	34	2.42471e-05	41242	1	FALSE	NA	NA	NA	NA	NA	NA
NC_045512.2	11154	A	G	41231	7336	36	8	3	34	0.000193977	41242	1	FALSE	NA	NA	NA	NA	NA	NA
NC_045512.2	11154	A	C	41231	7336	36	2	1	34	4.84943e-05	41242	1	FALSE	NA	NA	NA	NA	NA	NA
NC_045512.2	11155	A	G	40205	7527	36	6	2	37	0.000149209	40212	1	FALSE	NA	NA	NA	NA	NA	NA
NC_045512.2	11155	A	C	40205	7527	36	1	1	34	2.48682e-05	40212	1	FALSE	NA	NA	NA	NA	NA	NA
NC_045512.2	11156	C	T	39225	7928	36	3	1	45	7.64682e-05	39232	0.65622	FALSE	NA	NA	NA	NA	NA	NA
NC_045512.2	11156	C	A	39225	7928	36	4	2	59	0.000101958	39232	0.0624888	FALSE	NA	NA	NA	NA	NA	NA
NC_045512.2	11157	A	G	39212	8004	36	1	0	34	2.55017e-05	39213	1	FALSE	NA	NA	NA	NA	NA	NA
NC_045512.2	11158	T	C	38205	9091	36	3	0	34	7.85176e-05	38208	1	FALSE	NA	NA	NA	NA	NA	NA
NC_045512.2	11159	A	T	38444	9876	36	1	1	34	2.60058e-05	38453	1	FALSE	NA	NA	NA	NA	NA	NA
NC_045512.2	11159	A	G	38444	9876	36	6	0	39	0.000156035	38453	1	FALSE	NA	NA	NA	NA	NA	NA
NC_045512.2	11159	A	C	38444	9876	36	2	0	34	5.20115e-05	38453	1	FALSE	NA	NA	NA	NA	NA	NA
NC_045512.2	11160	A	T	38888	10004	36	1	1	34	2.57076e-05	38899	1	FALSE	NA	NA	NA	NA	NA	NA
NC_045512.2	11160	A	G	38888	10004	36	4	2	33	0.00010283	38899	1	FALSE	NA	NA	NA	NA	NA	NA
NC_045512.2	11160	A	C	38888	10004	36	6	2	34	0.000154246	38899	1	FALSE	NA	NA	NA	NA	NA	NA
NC_045512.2	11162	C	A	38352	10061	36	1	1	34	2.60736e-05	38353	1	FALSE	NA	NA	NA	NA	NA	NA
NC_045512.2	11163	A	T	38935	10028	37	1	0	34	2.56819e-05	38938	1	FALSE	NA	NA	NA	NA	NA	NA
NC_045512.2	11163	A	G	38935	10028	37	2	1	29	5.13637e-05	38938	1	FALSE	NA	NA	NA	NA	NA	NA
NC_045512.2	11164	T	G	38848	9821	37	1	0	34	2.57394e-05	38851	1	FALSE	NA	NA	NA	NA	NA	NA
NC_045512.2	11164	T	C	38848	9821	37	2	0	34	5.14787e-05	38851	1	FALSE	NA	NA	NA	NA	NA	NA
NC_045512.2	11165	G	C	38813	9798	37	1	0	34	2.57606e-05	38819	1	FALSE	NA	NA	NA	NA	NA	NA
NC_045512.2	11165	G	A	38813	9798	37	5	1	34	0.000128803	38819	1	FALSE	NA	NA	NA	NA	NA	NA
NC_045512.2	11166	C	T	37313	9986	36	11	1	33	0.000294717	37324	0.999969	FALSE	NA	NA	NA	NA	NA	NA
NC_045512.2	11167	A	G	37573	9978	36	7	2	34	0.000186269	37580	1	FALSE	NA	NA	NA	NA	NA	NA
NC_045512.2	11168	T	G	37871	10034	36	1	0	26	2.64033e-05	37874	1	FALSE	NA	NA	NA	NA	NA	NA
NC_045512.2	11168	T	C	37871	10034	36	1	0	34	2.64033e-05	37874	1	FALSE	NA	NA	NA	NA	NA	NA
NC_045512.2	11168	T	A	37871	10034	36	1	0	26	2.64033e-05	37874	1	FALSE	NA	NA	NA	NA	NA	NA
NC_045512.2	11169	T	C	38114	9999	37	1	0	34	2.62364e-05	38115	1	FALSE	NA	NA	NA	NA	NA	NA
NC_045512.2	11170	T	C	37645	9520	36	3	2	31	7.96855e-05	37648	1	FALSE	NA	NA	NA	NA	NA	NA
NC_045512.2	11171	C	G	38222	10428	37	2	0	34	5.23218e-05	38225	1	FALSE	NA	NA	NA	NA	NA	NA
NC_045512.2	11171	C	A	38222	10428	37	1	0	34	2.61609e-05	38225	1	FALSE	NA	NA	NA	NA	NA	NA
NC_045512.2	11172	T	C	38201	10374	37	5	0	32	0.000130869	38206	1	FALSE	NA	NA	NA	NA	NA	NA
NC_045512.2	11173	C	T	38169	10418	37	5	1	34	0.000130972	38176	1	FALSE	NA	NA	NA	NA	NA	NA
NC_045512.2	11173	C	A	38169	10418	37	2	1	34	5.23889e-05	38176	1	FALSE	NA	NA	NA	NA	NA	NA
NC_045512.2	11174	T	C	38115	10495	37	4	2	32	0.000104935	38119	1	FALSE	NA	NA	NA	NA	NA	NA
NC_045512.2	11176	T	C	36898	9129	36	4	0	40	0.000108395	36902	0.500015	FALSE	NA	NA	NA	NA	NA	NA
NC_045512.2	11177	T	G	38313	10573	37	1	0	34	2.61001e-05	38314	1	FALSE	NA	NA	NA	NA	NA	NA
NC_045512.2	11178	T	C	38426	10572	37	3	1	31	7.8066e-05	38429	1	FALSE	NA	NA	NA	NA	NA	NA
NC_045512.2	11179	G	T	38384	10504	37	1	0	34	2.60505e-05	38387	1	FALSE	NA	NA	NA	NA	NA	NA
NC_045512.2	11179	G	C	38384	10504	37	1	1	26	2.60505e-05	38387	1	FALSE	NA	NA	NA	NA	NA	NA
NC_045512.2	11179	G	A	38384	10504	37	1	0	34	2.60505e-05	38387	1	FALSE	NA	NA	NA	NA	NA	NA
NC_045512.2	11179	G	-T	38384	10504	37	1	0	20	2.60505e-05	38387	1	FALSE	NA	NA	NA	NA	NA	NA
NC_045512.2	11180	T	C	37917	10106	37	2	1	30	5.2744e-05	37919	1	FALSE	NA	NA	NA	NA	NA	NA
NC_045512.2	11181	T	C	38903	11240	37	3	0	34	7.71089e-05	38906	1	FALSE	NA	NA	NA	NA	NA	NA
NC_045512.2	11182	T	G	38318	10544	37	2	1	30	5.21866e-05	38324	1	FALSE	NA	NA	NA	NA	NA	NA
NC_045512.2	11182	T	C	38318	10544	37	4	2	34	0.000104373	38324	1	FALSE	NA	NA	NA	NA	NA	NA
NC_045512.2	11183	T	C	39130	11292	37	2	0	34	5.11091e-05	39132	1	FALSE	NA	NA	NA	NA	NA	NA
NC_045512.2	11184	T	C	38785	11240	37	3	1	45	7.73435e-05	38788	0.656268	FALSE	NA	NA	NA	NA	NA	NA
NC_045512.2	11184	T	-G	38785	11240	37	1	0	20	2.57812e-05	38788	1	FALSE	NA	NA	NA	NA	NA	NA
NC_045512.2	11186	T	A	39009	11507	38	2	0	34	5.12676e-05	39011	1	FALSE	NA	NA	NA	NA	NA	NA
NC_045512.2	11187	T	G	39003	11505	38	1	0	34	2.56305e-05	39016	1	FALSE	NA	NA	NA	NA	NA	NA
NC_045512.2	11187	T	C	39003	11505	38	9	3	34	0.000230675	39016	0.999998	FALSE	NA	NA	NA	NA	NA	NA
NC_045512.2	11187	T	A	39003	11505	38	3	0	31	7.68915e-05	39016	1	FALSE	NA	NA	NA	NA	NA	NA
NC_045512.2	11188	A	G	38568	11518	37	6	0	38	0.000155545	38574	1	FALSE	NA	NA	NA	NA	NA	NA
NC_045512.2	11189	C	T	38392	11544	37	10	7	33	0.00026039	38404	0.999992	FALSE	NA	NA	NA	NA	NA	NA
NC_045512.2	11189	C	A	38392	11544	37	2	1	51	5.20779e-05	38404	0.249938	FALSE	NA	NA	NA	NA	NA	NA
NC_045512.2	11190	C	T	38285	11441	37	1	0	34	2.61144e-05	38293	1	FALSE	NA	NA	NA	NA	NA	NA
NC_045512.2	11190	C	G	38285	11441	37	2	0	34	5.22289e-05	38293	1	FALSE	NA	NA	NA	NA	NA	NA
NC_045512.2	11190	C	A	38285	11441	37	5	0	34	0.000130572	38293	1	FALSE	NA	NA	NA	NA	NA	NA
NC_045512.2	11190	C	-T	38285	11441	37	1	0	20	2.61144e-05	38293	1	FALSE	NA	NA	NA	NA	NA	NA
NC_045512.2	11191	T	C	38568	11447	38	4	3	47	0.000103702	38572	0.5	FALSE	NA	NA	NA	NA	NA	NA
NC_045512.2	11192	T	G	38725	11047	37	14	0	30	0.000361346	38744	0.999796	FALSE	NA	NA	NA	NA	NA	NA
NC_045512.2	11192	T	C	38725	11047	37	5	2	40	0.000129052	38744	0.363091	FALSE	NA	NA	NA	NA	NA	NA
NC_045512.2	11193	C	T	37624	11623	37	2	0	34	5.31533e-05	37627	1	FALSE	NA	NA	NA	NA	NA	NA
NC_045512.2	11193	C	G	37624	11623	37	1	0	34	2.65767e-05	37627	1	FALSE	NA	NA	NA	NA	NA	NA
NC_045512.2	11194	T	G	37059	11007	37	2	0	30	5.39607e-05	37064	1	FALSE	NA	NA	NA	NA	NA	NA
NC_045512.2	11194	T	C	37059	11007	37	3	0	34	8.09411e-05	37064	1	FALSE	NA	NA	NA	NA	NA	NA
NC_045512.2	11195	C	A	36964	11683	37	2	1	51	5.41038e-05	36966	0.250003	FALSE	NA	NA	NA	NA	NA	NA
NC_045512.2	11196	T	G	36880	11585	37	1	1	26	2.7112e-05	36884	1	FALSE	NA	NA	NA	NA	NA	NA
NC_045512.2	11196	T	C	36880	11585	37	2	2	34	5.42241e-05	36884	1	FALSE	NA	NA	NA	NA	NA	NA
NC_045512.2	11196	T	A	36880	11585	37	1	0	34	2.7112e-05	36884	1	FALSE	NA	NA	NA	NA	NA	NA
NC_045512.2	11197	T	C	37143	11789	37	5	2	34	0.000134597	37148	1	FALSE	NA	NA	NA	NA	NA	NA
NC_045512.2	11199	C	T	45177	21200	39	11	4	52	0.000243422	45189	0.000487984	TRUE	NA	NA	NA	NA	NA	NA
NC_045512.2	11199	C	G	45177	21200	39	1	1	34	2.21293e-05	45189	1	FALSE	NA	NA	NA	NA	NA	NA
NC_045512.2	11200	C	T	45479	21432	39	2	0	34	4.39734e-05	45482	1	FALSE	NA	NA	NA	NA	NA	NA
NC_045512.2	11200	C	A	45479	21432	39	1	0	26	2.19867e-05	45482	1	FALSE	NA	NA	NA	NA	NA	NA
NC_045512.2	11201	A	G	45781	21722	39	5	4	40	0.000109204	45786	0.500013	FALSE	NA	NA	NA	NA	NA	NA
NC_045512.2	11202	C	G	45754	21831	39	1	0	34	2.18555e-05	45755	1	FALSE	NA	NA	NA	NA	NA	NA
NC_045512.2	11203	T	G	45610	21743	39	1	1	34	2.19236e-05	45613	1	FALSE	NA	NA	NA	NA	NA	NA
NC_045512.2	11203	T	C	45610	21743	39	2	0	34	4.38471e-05	45613	1	FALSE	NA	NA	NA	NA	NA	NA
NC_045512.2	11204	G	T	45629	21735	39	1	0	34	2.19144e-05	45632	1	FALSE	NA	NA	NA	NA	NA	NA
NC_045512.2	11204	G	A	45629	21735	39	2	1	34	4.38289e-05	45632	1	FALSE	NA	NA	NA	NA	NA	NA
NC_045512.2	11205	T	C	45836	22036	39	1	1	34	2.18164e-05	45837	1	FALSE	NA	NA	NA	NA	NA	NA
NC_045512.2	11206	A	T	45772	21885	39	1	1	34	2.18436e-05	45780	1	FALSE	NA	NA	NA	NA	NA	NA
NC_045512.2	11206	A	G	45772	21885	39	7	0	33	0.000152905	45780	1	FALSE	NA	NA	NA	NA	NA	NA
NC_045512.2	11207	G	C	45732	21759	39	1	1	68	2.18632e-05	45739	0.499973	FALSE	NA	NA	NA	NA	NA	NA
NC_045512.2	11207	G	A	45732	21759	39	6	1	34	0.000131179	45739	1	FALSE	NA	NA	NA	NA	NA	NA
NC_045512.2	11208	C	T	45464	22292	39	6	6	48	0.000131949	45472	0.376933	FALSE	NA	NA	NA	NA	NA	NA
NC_045512.2	11208	C	G	45464	22292	39	1	1	26	2.19916e-05	45472	1	FALSE	NA	NA	NA	NA	NA	NA
NC_045512.2	11208	C	A	45464	22292	39	1	1	34	2.19916e-05	45472	1	FALSE	NA	NA	NA	NA	NA	NA
NC_045512.2	11209	T	C	45917	22999	39	5	3	34	0.00010888	45922	1	FALSE	NA	NA	NA	NA	NA	NA
NC_045512.2	11210	T	G	45976	23201	39	2	2	34	4.34906e-05	45987	1	FALSE	NA	NA	NA	NA	NA	NA
NC_045512.2	11210	T	C	45976	23201	39	6	5	54	0.000130472	45987	0.0156184	FALSE	NA	NA	NA	NA	NA	NA
NC_045512.2	11210	T	A	45976	23201	39	3	0	34	6.52358e-05	45987	1	FALSE	NA	NA	NA	NA	NA	NA
NC_045512.2	11211	A	G	46276	23445	39	4	1	34	8.64286e-05	46281	1	FALSE	NA	NA	NA	NA	NA	NA
NC_045512.2	11211	A	C	46276	23445	39	1	1	68	2.16071e-05	46281	0.499984	FALSE	NA	NA	NA	NA	NA	NA
NC_045512.2	11211	A	-T	46276	23445	39	1	0	20	2.16071e-05	46281	1	FALSE	NA	NA	NA	NA	NA	NA
NC_045512.2	11212	T	C	46740	23895	39	2	1	34	4.27881e-05	46742	1	FALSE	NA	NA	NA	NA	NA	NA
NC_045512.2	11213	T	C	46137	23368	39	3	3	34	6.50195e-05	46140	1	FALSE	NA	NA	NA	NA	NA	NA
NC_045512.2	11214	T	C	39994	25847	38	4	3	42	0.000100005	39998	0.500014	FALSE	NA	NA	NA	NA	NA	NA
NC_045512.2	11215	T	C	39250	26214	38	3	3	34	7.64156e-05	39259	1	FALSE	NA	NA	NA	NA	NA	NA
NC_045512.2	11215	T	A	39250	26214	38	6	3	30	0.000152831	39259	1	FALSE	NA	NA	NA	NA	NA	NA
NC_045512.2	11216	A	T	38280	27126	37	3	2	34	7.83638e-05	38283	1	FALSE	NA	NA	NA	NA	NA	NA
NC_045512.2	11217	A	G	38284	27220	37	1	0	34	2.61199e-05	38285	1	FALSE	NA	NA	NA	NA	NA	NA
NC_045512.2	11218	T	C	38248	27321	37	2	1	34	5.22876e-05	38250	1	FALSE	NA	NA	NA	NA	NA	NA
NC_045512.2	11219	A	G	37979	27878	37	5	5	40	0.000131631	37985	0.363274	FALSE	NA	NA	NA	NA	NA	NA
NC_045512.2	11219	A	C	37979	27878	37	1	1	34	2.63262e-05	37985	1	FALSE	NA	NA	NA	NA	NA	NA
NC_045512.2	11220	T	C	38103	27913	37	7	7	32	0.000183679	38110	1	FALSE	NA	NA	NA	NA	NA	NA
NC_045512.2	11221	G	T	37848	27383	36	1	1	34	2.64208e-05	37849	1	FALSE	NA	NA	NA	NA	NA	NA
NC_045512.2	11222	G	T	39538	28038	37	1	1	24	2.52908e-05	39540	1	FALSE	NA	NA	NA	NA	NA	NA
NC_045512.2	11222	G	A	39538	28038	37	1	1	34	2.52908e-05	39540	1	FALSE	NA	NA	NA	NA	NA	NA
NC_045512.2	11223	T	C	39452	28010	37	3	2	34	7.6036e-05	39455	1	FALSE	NA	NA	NA	NA	NA	NA
NC_045512.2	11224	C	T	40733	28386	37	1	1	34	2.45495e-05	40734	1	FALSE	NA	NA	NA	NA	NA	NA
NC_045512.2	11225	T	C	40626	28265	36	2	1	34	4.92259e-05	40629	1	FALSE	NA	NA	NA	NA	NA	NA
NC_045512.2	11225	T	A	40626	28265	36	1	1	26	2.4613e-05	40629	1	FALSE	NA	NA	NA	NA	NA	NA
NC_045512.2	11226	A	G	42198	30039	37	2	0	34	4.73934e-05	42200	1	FALSE	NA	NA	NA	NA	NA	NA
NC_045512.2	11227	T	G	41724	29889	37	1	1	34	2.3963e-05	41731	1	FALSE	NA	NA	NA	NA	NA	NA
NC_045512.2	11227	T	C	41724	29889	37	5	4	34	0.000119815	41731	1	FALSE	NA	NA	NA	NA	NA	NA
NC_045512.2	11227	T	A	41724	29889	37	1	1	26	2.3963e-05	41731	1	FALSE	NA	NA	NA	NA	NA	NA
NC_045512.2	11228	A	G	41871	30236	37	1	1	34	2.38823e-05	41872	1	FALSE	NA	NA	NA	NA	NA	NA
NC_045512.2	11229	T	C	42055	30425	37	4	1	42	9.51045e-05	42059	0.636738	FALSE	NA	NA	NA	NA	NA	NA
NC_045512.2	11230	G	A	41537	29907	37	5	5	40	0.00012036	41542	0.500015	FALSE	NA	NA	NA	NA	NA	NA
NC_045512.2	11231	C	T	40308	28763	37	13	6	47	0.000322405	40322	0.0245092	FALSE	NA	NA	NA	NA	NA	NA
NC_045512.2	11231	C	A	40308	28763	37	1	1	34	2.48004e-05	40322	1	FALSE	NA	NA	NA	NA	NA	NA
NC_045512.2	11232	C	G	40597	29245	37	2	1	30	4.92623e-05	40599	1	FALSE	NA	NA	NA	NA	NA	NA
NC_045512.2	11233	T	G	39458	28050	37	2	1	34	5.06765e-05	39466	1	FALSE	NA	NA	NA	NA	NA	NA
NC_045512.2	11233	T	C	39458	28050	37	4	2	34	0.000101353	39466	1	FALSE	NA	NA	NA	NA	NA	NA
NC_045512.2	11233	T	A	39458	28050	37	2	1	51	5.06765e-05	39466	0.249965	FALSE	NA	NA	NA	NA	NA	NA
NC_045512.2	11234	G	C	39351	27908	37	3	3	31	7.62195e-05	39360	1	FALSE	NA	NA	NA	NA	NA	NA
NC_045512.2	11234	G	A	39351	27908	37	6	4	34	0.000152439	39360	1	FALSE	NA	NA	NA	NA	NA	NA
NC_045512.2	11235	C	T	39823	28399	37	1	1	34	2.51099e-05	39825	1	FALSE	NA	NA	NA	NA	NA	NA
NC_045512.2	11235	C	A	39823	28399	37	1	1	34	2.51099e-05	39825	1	FALSE	NA	NA	NA	NA	NA	NA
NC_045512.2	11236	T	C	40163	28797	37	6	5	34	0.000149369	40169	1	FALSE	NA	NA	NA	NA	NA	NA
NC_045512.2	11237	A	G	40121	28772	37	3	1	42	7.47682e-05	40124	0.773458	FALSE	NA	NA	NA	NA	NA	NA
NC_045512.2	11238	G	A	40337	28827	37	2	2	34	4.95798e-05	40339	1	FALSE	NA	NA	NA	NA	NA	NA
NC_045512.2	11239	T	C	39362	28272	36	3	0	34	7.62079e-05	39366	1	FALSE	NA	NA	NA	NA	NA	NA
NC_045512.2	11239	T	A	39362	28272	36	1	1	34	2.54026e-05	39366	1	FALSE	NA	NA	NA	NA	NA	NA
NC_045512.2	11240	T	C	39995	28944	37	3	2	31	7.50019e-05	39999	1	FALSE	NA	NA	NA	NA	NA	NA
NC_045512.2	11240	T	A	39995	28944	37	1	1	34	2.50006e-05	39999	1	FALSE	NA	NA	NA	NA	NA	NA
NC_045512.2	11240	T	-G	39995	28944	37	2	0	20	5.00013e-05	39999	1	FALSE	NA	NA	NA	NA	NA	NA
NC_045512.2	11241	G	T	40063	28956	37	2	1	34	4.99151e-05	40068	1	FALSE	NA	NA	NA	NA	NA	NA
NC_045512.2	11241	G	A	40063	28956	37	3	3	34	7.48727e-05	40068	1	FALSE	NA	NA	NA	NA	NA	NA
NC_045512.2	11242	G	T	39731	29093	37	1	1	34	2.51686e-05	39732	1	FALSE	NA	NA	NA	NA	NA	NA
NC_045512.2	11243	G	T	39813	29334	37	1	1	34	2.51143e-05	39818	1	FALSE	NA	NA	NA	NA	NA	NA
NC_045512.2	11243	G	A	39813	29334	37	4	4	34	0.000100457	39818	1	FALSE	NA	NA	NA	NA	NA	NA
NC_045512.2	11244	T	G	39606	30288	36	1	0	34	2.52398e-05	39620	1	FALSE	NA	NA	NA	NA	NA	NA
NC_045512.2	11244	T	C	39606	30288	36	10	9	33	0.000252398	39620	0.999995	FALSE	NA	NA	NA	NA	NA	NA
NC_045512.2	11244	T	A	39606	30288	36	3	1	31	7.57193e-05	39620	1	FALSE	NA	NA	NA	NA	NA	NA
NC_045512.2	11245	G	T	39395	30120	36	2	2	34	5.07614e-05	39400	1	FALSE	NA	NA	NA	NA	NA	NA
NC_045512.2	11245	G	A	39395	30120	36	3	3	34	7.61421e-05	39400	1	FALSE	NA	NA	NA	NA	NA	NA
NC_045512.2	11246	A	G	39370	30150	36	4	1	34	0.00010159	39374	1	FALSE	NA	NA	NA	NA	NA	NA
NC_045512.2	11247	T	C	39131	29924	36	5	4	34	0.000127753	39138	1	FALSE	NA	NA	NA	NA	NA	NA
NC_045512.2	11247	T	A	39131	29924	36	2	2	34	5.11012e-05	39138	1	FALSE	NA	NA	NA	NA	NA	NA
NC_045512.2	11248	G	A	39399	30059	36	4	3	32	0.000101515	39403	1	FALSE	NA	NA	NA	NA	NA	NA
NC_045512.2	11249	C	T	39280	30031	36	8	6	34	0.000203604	39292	0.999999	FALSE	NA	NA	NA	NA	NA	NA
NC_045512.2	11249	C	G	39280	30031	36	1	1	34	2.54505e-05	39292	1	FALSE	NA	NA	NA	NA	NA	NA
NC_045512.2	11249	C	A	39280	30031	36	3	3	34	7.63514e-05	39292	1	FALSE	NA	NA	NA	NA	NA	NA
NC_045512.2	11250	G	C	40207	30039	36	1	1	34	2.4862e-05	40222	1	FALSE	NA	NA	NA	NA	NA	NA
NC_045512.2	11250	G	A	40207	30039	36	14	13	40	0.000348068	40222	0.0154328	FALSE	NA	NA	NA	NA	NA	NA
NC_045512.2	11251	T	C	40188	29977	36	2	2	30	4.97611e-05	40192	1	FALSE	NA	NA	NA	NA	NA	NA
NC_045512.2	11251	T	A	40188	29977	36	2	0	26	4.97611e-05	40192	1	FALSE	NA	NA	NA	NA	NA	NA
NC_045512.2	11252	A	T	40943	30775	36	1	1	34	2.44218e-05	40947	1	FALSE	NA	NA	NA	NA	NA	NA
NC_045512.2	11252	A	G	40943	30775	36	3	2	34	7.32654e-05	40947	1	FALSE	NA	NA	NA	NA	NA	NA
NC_045512.2	11252	A	-T	40943	30775	36	6288	0	20	0.153564	40947	0	TRUE	NA	NA	NA	NA	NA	NA
NC_045512.2	11253	T	C	34891	26163	37	7	4	41	0.000200579	34899	0.189357	FALSE	NA	NA	NA	NA	NA	NA
NC_045512.2	11253	T	A	34891	26163	37	1	1	34	2.86541e-05	34899	1	FALSE	NA	NA	NA	NA	NA	NA
NC_045512.2	11254	T	C	41449	31531	37	2	1	30	4.82207e-05	41476	1	FALSE	NA	NA	NA	NA	NA	NA
NC_045512.2	11254	T	A	41449	31531	37	25	7	34	0.000602758	41476	0.982241	FALSE	NA	NA	NA	NA	NA	NA
NC_045512.2	11255	A	G	41266	31519	36	1	0	24	2.42324e-05	41267	1	FALSE	NA	NA	NA	NA	NA	NA
NC_045512.2	11256	T	C	41165	31643	36	2	2	34	4.85826e-05	41167	1	FALSE	NA	NA	NA	NA	NA	NA
NC_045512.2	11257	G	A	40865	31462	36	1	1	34	2.44702e-05	40866	1	FALSE	NA	NA	NA	NA	NA	NA
NC_045512.2	11258	A	T	40900	31546	36	3	3	34	7.33281e-05	40912	1	FALSE	NA	NA	NA	NA	NA	NA
NC_045512.2	11258	A	G	40900	31546	36	6	6	34	0.000146656	40912	1	FALSE	NA	NA	NA	NA	NA	NA
NC_045512.2	11258	A	C	40900	31546	36	3	3	34	7.33281e-05	40912	1	FALSE	NA	NA	NA	NA	NA	NA
NC_045512.2	11259	C	T	40769	31525	36	1	1	34	2.45266e-05	40772	1	FALSE	NA	NA	NA	NA	NA	NA
NC_045512.2	11259	C	A	40769	31525	36	2	2	34	4.90533e-05	40772	1	FALSE	NA	NA	NA	NA	NA	NA
NC_045512.2	11260	A	T	38800	29631	36	4	4	34	0.000103077	38806	1	FALSE	NA	NA	NA	NA	NA	NA
NC_045512.2	11260	A	G	38800	29631	36	2	1	34	5.15384e-05	38806	1	FALSE	NA	NA	NA	NA	NA	NA
NC_045512.2	11262	G	T	38531	29699	36	2	1	34	5.19022e-05	38534	1	FALSE	NA	NA	NA	NA	NA	NA
NC_045512.2	11262	G	A	38531	29699	36	1	1	34	2.59511e-05	38534	1	FALSE	NA	NA	NA	NA	NA	NA
NC_045512.2	11264	T	C	39778	31428	35	5	4	34	0.000125682	39783	1	FALSE	NA	NA	NA	NA	NA	NA
NC_045512.2	11265	T	G	43034	34768	37	2	2	26	4.64706e-05	43038	1	FALSE	NA	NA	NA	NA	NA	NA
NC_045512.2	11265	T	C	43034	34768	37	1	1	26	2.32353e-05	43038	1	FALSE	NA	NA	NA	NA	NA	NA
NC_045512.2	11265	T	A	43034	34768	37	1	1	34	2.32353e-05	43038	1	FALSE	NA	NA	NA	NA	NA	NA
NC_045512.2	11266	G	T	42838	34743	36	2	2	30	4.66843e-05	42841	1	FALSE	NA	NA	NA	NA	NA	NA
NC_045512.2	11266	G	A	42838	34743	36	1	1	34	2.33421e-05	42841	1	FALSE	NA	NA	NA	NA	NA	NA
NC_045512.2	11267	G	T	42764	34740	36	2	2	30	4.67661e-05	42766	1	FALSE	NA	NA	NA	NA	NA	NA
NC_045512.2	11268	A	G	43132	35145	36	4	4	32	9.273e-05	43136	1	FALSE	NA	NA	NA	NA	NA	NA
NC_045512.2	11269	T	C	42542	34587	36	6	6	32	0.000141017	42548	1	FALSE	NA	NA	NA	NA	NA	NA
NC_045512.2	11270	A	T	42986	35129	36	1	1	34	2.32569e-05	42998	1	FALSE	NA	NA	NA	NA	NA	NA
NC_045512.2	11270	A	G	42986	35129	36	10	9	40	0.000232569	42998	0.0897578	FALSE	NA	NA	NA	NA	NA	NA
NC_045512.2	11270	A	C	42986	35129	36	1	1	34	2.32569e-05	42998	1	FALSE	NA	NA	NA	NA	NA	NA
NC_045512.2	11271	T	G	42810	34938	36	1	0	34	2.33558e-05	42816	1	FALSE	NA	NA	NA	NA	NA	NA
NC_045512.2	11271	T	A	42810	34938	36	5	4	32	0.000116779	42816	1	FALSE	NA	NA	NA	NA	NA	NA
NC_045512.2	11273	G	T	42643	34506	36	3	3	28	7.03466e-05	42646	1	FALSE	NA	NA	NA	NA	NA	NA
NC_045512.2	11274	T	C	39784	31726	35	2	2	34	5.02677e-05	39787	1	FALSE	NA	NA	NA	NA	NA	NA
NC_045512.2	11274	T	A	39784	31726	35	1	0	34	2.51338e-05	39787	1	FALSE	NA	NA	NA	NA	NA	NA
NC_045512.2	11275	T	G	42564	34567	37	2	2	34	4.69825e-05	42569	1	FALSE	NA	NA	NA	NA	NA	NA
NC_045512.2	11275	T	C	42564	34567	37	2	1	34	4.69825e-05	42569	1	FALSE	NA	NA	NA	NA	NA	NA
NC_045512.2	11275	T	A	42564	34567	37	1	1	34	2.34913e-05	42569	1	FALSE	NA	NA	NA	NA	NA	NA
NC_045512.2	11277	A	G	48357	41134	37	2	0	30	4.13573e-05	48359	1	FALSE	NA	NA	NA	NA	NA	NA
NC_045512.2	11278	T	C	48245	41039	37	3	3	34	6.21787e-05	48248	1	FALSE	NA	NA	NA	NA	NA	NA
NC_045512.2	11279	A	G	48225	41056	37	3	3	34	6.22032e-05	48229	1	FALSE	NA	NA	NA	NA	NA	NA
NC_045512.2	11279	A	C	48225	41056	37	1	1	26	2.07344e-05	48229	1	FALSE	NA	NA	NA	NA	NA	NA
NC_045512.2	11279	A	-CTAGTTTGT	48225	41056	37	6	0	20	0.000124406	48229	1	FALSE	NA	NA	NA	NA	NA	NA
NC_045512.2	11280	C	T	48242	41084	37	3	3	34	6.21826e-05	48245	1	FALSE	NA	NA	NA	NA	NA	NA
NC_045512.2	11281	T	C	47608	40452	37	3	1	30	6.30106e-05	47611	1	FALSE	NA	NA	NA	NA	NA	NA
NC_045512.2	11282	A	G	47221	40068	37	1	1	34	2.11766e-05	47222	1	FALSE	NA	NA	NA	NA	NA	NA
NC_045512.2	11282	A	-GTTTGTCTG	47221	40068	37	8	0	20	0.000169387	47229	1	FALSE	NA	NA	NA	NA	NA	NA
NC_045512.2	11283	G	T	47123	40027	37	1	1	26	2.12197e-05	47126	1	FALSE	NA	NA	NA	NA	NA	NA
NC_045512.2	11283	G	C	47123	40027	37	2	2	30	4.24394e-05	47126	1	FALSE	NA	NA	NA	NA	NA	NA
NC_045512.2	11284	T	C	41714	34679	35	1	1	26	2.39722e-05	41715	1	FALSE	NA	NA	NA	NA	NA	NA
NC_045512.2	11286	T	C	46717	39748	37	1	0	34	2.1405e-05	46718	1	FALSE	NA	NA	NA	NA	NA	NA
NC_045512.2	11287	G	-TCTGGTTTT	46689	39710	37	45159	0	20	0.966919	46704	0	TRUE	NA	NA	NA	NA	NA	NA
NC_045512.2	11288	T	A	0	0	0	134	16	31	1	134	0	TRUE	NA	NA	NA	NA	NA	NA
NC_045512.2	11291	G	A	8	8	38	630	575	34	0.987461	638	0	TRUE	NA	NA	NA	NA	NA	NA
NC_045512.2	11296	T	G	8	8	34	3712	3639	34	0.997581	3721	0	TRUE	NA	NA	NA	NA	NA	NA
NC_045512.2	11296	T	A	8	8	34	1	1	34	0.000268745	3721	0.00897667	TRUE	NA	NA	NA	NA	NA	NA
NC_045512.2	11296	T	+G	8	8	34	1	0	20	2.04386e-05	48927	0.0865999	FALSE	NA	NA	NA	NA	NA	NA
NC_045512.2	11297	A	T	51809	46443	37	1	1	34	1.93013e-05	51810	1	FALSE	NA	NA	NA	NA	NA	NA
NC_045512.2	11298	A	G	51861	46488	37	2	2	34	3.85617e-05	51865	1	FALSE	NA	NA	NA	NA	NA	NA
NC_045512.2	11298	A	C	51861	46488	37	2	2	34	3.85617e-05	51865	1	FALSE	NA	NA	NA	NA	NA	NA
NC_045512.2	11299	G	A	51946	46422	37	1	1	34	1.92504e-05	51947	1	FALSE	NA	NA	NA	NA	NA	NA
NC_045512.2	11300	C	G	52263	46718	37	1	1	34	1.91336e-05	52264	1	FALSE	NA	NA	NA	NA	NA	NA
NC_045512.2	11301	T	C	52240	46709	37	9	7	34	0.000172252	52249	1	FALSE	NA	NA	NA	NA	NA	NA
NC_045512.2	11301	T	-AA	52240	46709	37	1	0	20	1.91391e-05	52249	1	FALSE	NA	NA	NA	NA	NA	NA
NC_045512.2	11302	A	T	52698	47212	37	1	1	34	1.8975e-05	52701	1	FALSE	NA	NA	NA	NA	NA	NA
NC_045512.2	11302	A	G	52698	47212	37	2	2	34	3.79499e-05	52701	1	FALSE	NA	NA	NA	NA	NA	NA
NC_045512.2	11303	A	G	53110	47678	37	8	8	36	0.000150608	53118	1	FALSE	NA	NA	NA	NA	NA	NA
NC_045512.2	11304	A	T	58514	53754	38	1	1	34	1.70888e-05	58518	1	FALSE	NA	NA	NA	NA	NA	NA
NC_045512.2	11304	A	G	58514	53754	38	3	2	30	5.12663e-05	58518	1	FALSE	NA	NA	NA	NA	NA	NA
NC_045512.2	11305	A	G	58560	53800	38	2	2	30	3.41518e-05	58562	1	FALSE	NA	NA	NA	NA	NA	NA
NC_045512.2	11306	G	C	58584	53829	38	5	5	34	8.53403e-05	58589	1	FALSE	NA	NA	NA	NA	NA	NA
NC_045512.2	11307	A	G	58148	53398	38	5	3	34	8.59786e-05	58154	1	FALSE	NA	NA	NA	NA	NA	NA
NC_045512.2	11307	A	C	58148	53398	38	1	1	34	1.71957e-05	58154	1	FALSE	NA	NA	NA	NA	NA	NA
NC_045512.2	11308	C	T	58379	53933	38	7	7	34	0.000119892	58386	1	FALSE	NA	NA	NA	NA	NA	NA
NC_045512.2	11309	T	G	47133	42858	38	2	1	30	4.24259e-05	47141	1	FALSE	NA	NA	NA	NA	NA	NA
NC_045512.2	11309	T	C	47133	42858	38	6	5	39	0.000127278	47141	1	FALSE	NA	NA	NA	NA	NA	NA
NC_045512.2	11310	G	T	47036	42762	38	1	1	34	2.12571e-05	47043	1	FALSE	NA	NA	NA	NA	NA	NA
NC_045512.2	11310	G	A	47036	42762	38	6	6	34	0.000127543	47043	1	FALSE	NA	NA	NA	NA	NA	NA
NC_045512.2	11311	T	C	46130	41863	38	7	7	37	0.000151722	46137	1	FALSE	NA	NA	NA	NA	NA	NA
NC_045512.2	11312	G	T	46036	41768	38	1	1	34	2.17212e-05	46038	1	FALSE	NA	NA	NA	NA	NA	NA
NC_045512.2	11312	G	A	46036	41768	38	1	1	34	2.17212e-05	46038	1	FALSE	NA	NA	NA	NA	NA	NA
NC_045512.2	11312	G	-T	46036	41768	38	1	0	20	2.17212e-05	46038	1	FALSE	NA	NA	NA	NA	NA	NA
NC_045512.2	11313	T	C	46080	41820	38	3	3	34	6.50999e-05	46083	1	FALSE	NA	NA	NA	NA	NA	NA
NC_045512.2	11314	T	C	45789	41571	38	1	0	68	2.18388e-05	45790	0.500005	FALSE	NA	NA	NA	NA	NA	NA
NC_045512.2	11315	A	T	45682	41464	38	1	1	26	2.18871e-05	45689	1	FALSE	NA	NA	NA	NA	NA	NA
NC_045512.2	11315	A	G	45682	41464	38	5	4	46	0.000109436	45689	0.499987	FALSE	NA	NA	NA	NA	NA	NA
NC_045512.2	11315	A	C	45682	41464	38	1	1	34	2.18871e-05	45689	1	FALSE	NA	NA	NA	NA	NA	NA
NC_045512.2	11316	T	C	45681	41502	38	9	8	32	0.000196975	45691	1	FALSE	NA	NA	NA	NA	NA	NA
NC_045512.2	11316	T	A	45681	41502	38	1	1	34	2.18861e-05	45691	1	FALSE	NA	NA	NA	NA	NA	NA
NC_045512.2	11317	G	T	45619	41471	38	4	4	32	8.76539e-05	45634	1	FALSE	NA	NA	NA	NA	NA	NA
NC_045512.2	11317	G	C	45619	41471	38	4	4	32	8.76539e-05	45634	1	FALSE	NA	NA	NA	NA	NA	NA
NC_045512.2	11317	G	A	45619	41471	38	7	7	34	0.000153394	45634	1	FALSE	NA	NA	NA	NA	NA	NA
NC_045512.2	11317	G	-T	45619	41471	38	1	0	20	2.19135e-05	45634	1	FALSE	NA	NA	NA	NA	NA	NA
NC_045512.2	11318	T	C	45142	41013	38	6	6	34	0.000132887	45151	1	FALSE	NA	NA	NA	NA	NA	NA
NC_045512.2	11318	T	A	45142	41013	38	3	3	34	6.64437e-05	45151	1	FALSE	NA	NA	NA	NA	NA	NA
NC_045512.2	11319	A	G	43512	39414	39	5	4	47	0.000114895	43518	0.5	FALSE	NA	NA	NA	NA	NA	NA
NC_045512.2	11319	A	C	43512	39414	39	1	1	26	2.2979e-05	43518	1	FALSE	NA	NA	NA	NA	NA	NA
NC_045512.2	11320	T	C	43276	39192	38	1	1	34	2.31064e-05	43278	1	FALSE	NA	NA	NA	NA	NA	NA
NC_045512.2	11320	T	A	43276	39192	38	1	1	34	2.31064e-05	43278	1	FALSE	NA	NA	NA	NA	NA	NA
NC_045512.2	11321	G	C	42068	38101	38	1	1	34	2.37654e-05	42078	1	FALSE	NA	NA	NA	NA	NA	NA
NC_045512.2	11321	G	A	42068	38101	38	9	7	45	0.000213888	42078	0.133404	FALSE	NA	NA	NA	NA	NA	NA
NC_045512.2	11322	C	T	42123	38274	38	1	1	34	2.37389e-05	42125	1	FALSE	NA	NA	NA	NA	NA	NA
NC_045512.2	11322	C	G	42123	38274	38	1	1	34	2.37389e-05	42125	1	FALSE	NA	NA	NA	NA	NA	NA
NC_045512.2	11323	A	G	42004	38151	38	3	3	28	7.14167e-05	42007	1	FALSE	NA	NA	NA	NA	NA	NA
NC_045512.2	11324	T	C	41315	37498	38	2	2	47	4.84051e-05	41318	0.890634	FALSE	NA	NA	NA	NA	NA	NA
NC_045512.2	11324	T	A	41315	37498	38	1	1	68	2.42025e-05	41318	0.499994	FALSE	NA	NA	NA	NA	NA	NA
NC_045512.2	11324	T	-C	41315	37498	38	1	0	20	2.42025e-05	41318	1	FALSE	NA	NA	NA	NA	NA	NA
NC_045512.2	11325	C	A	41198	37431	38	1	1	34	2.42724e-05	41199	1	FALSE	NA	NA	NA	NA	NA	NA
NC_045512.2	11326	A	G	40581	36821	38	2	2	51	4.92805e-05	40584	0.249997	FALSE	NA	NA	NA	NA	NA	NA
NC_045512.2	11326	A	C	40581	36821	38	1	1	34	2.46403e-05	40584	1	FALSE	NA	NA	NA	NA	NA	NA
NC_045512.2	11328	C	T	40519	37637	37	1	1	34	2.46792e-05	40520	1	FALSE	NA	NA	NA	NA	NA	NA
NC_045512.2	11329	T	C	40076	37205	37	2	2	34	4.99027e-05	40078	1	FALSE	NA	NA	NA	NA	NA	NA
NC_045512.2	11330	G	T	39914	37044	37	2	2	34	5.0104e-05	39917	1	FALSE	NA	NA	NA	NA	NA	NA
NC_045512.2	11330	G	A	39914	37044	37	1	1	26	2.5052e-05	39917	1	FALSE	NA	NA	NA	NA	NA	NA
NC_045512.2	11331	T	C	39728	36873	37	2	2	34	5.03385e-05	39731	1	FALSE	NA	NA	NA	NA	NA	NA
NC_045512.2	11331	T	A	39728	36873	37	1	0	60	2.51693e-05	39731	0.499994	FALSE	NA	NA	NA	NA	NA	NA
NC_045512.2	11332	A	G	39617	36757	37	3	3	34	7.57193e-05	39620	1	FALSE	NA	NA	NA	NA	NA	NA
NC_045512.2	11333	G	A	39625	36862	37	5	5	34	0.000126167	39630	1	FALSE	NA	NA	NA	NA	NA	NA
NC_045512.2	11334	T	C	39180	36939	36	6	6	32	0.000153116	39186	1	FALSE	NA	NA	NA	NA	NA	NA
NC_045512.2	11335	G	A	49285	37185	36	1	1	34	2.02897e-05	49286	1	FALSE	NA	NA	NA	NA	NA	NA
NC_045512.2	11336	T	G	47895	35532	36	1	0	26	2.08751e-05	47904	1	FALSE	NA	NA	NA	NA	NA	NA
NC_045512.2	11336	T	C	47895	35532	36	6	6	31	0.000125251	47904	1	FALSE	NA	NA	NA	NA	NA	NA
NC_045512.2	11336	T	A	47895	35532	36	2	0	26	4.17502e-05	47904	1	FALSE	NA	NA	NA	NA	NA	NA
NC_045512.2	11337	T	G	48535	35441	36	1	0	34	2.05977e-05	48549	1	FALSE	NA	NA	NA	NA	NA	NA
NC_045512.2	11337	T	C	48535	35441	36	13	8	33	0.000267771	48549	0.999999	FALSE	NA	NA	NA	NA	NA	NA
NC_045512.2	11338	A	G	48571	35377	36	6	6	39	0.000123515	48577	1	FALSE	NA	NA	NA	NA	NA	NA
NC_045512.2	11339	C	T	48597	35366	36	1	0	34	2.05761e-05	48600	1	FALSE	NA	NA	NA	NA	NA	NA
NC_045512.2	11339	C	G	48597	35366	36	2	0	30	4.11523e-05	48600	1	FALSE	NA	NA	NA	NA	NA	NA
NC_045512.2	11340	T	C	48416	35167	36	7	3	34	0.000144559	48423	1	FALSE	NA	NA	NA	NA	NA	NA
NC_045512.2	11340	T	-A	48416	35167	36	1	0	20	2.06513e-05	48423	1	FALSE	NA	NA	NA	NA	NA	NA
NC_045512.2	11341	A	G	48248	34998	36	6	5	32	0.000124342	48254	1	FALSE	NA	NA	NA	NA	NA	NA
NC_045512.2	11342	A	T	47982	34687	36	1	1	26	2.08381e-05	47989	1	FALSE	NA	NA	NA	NA	NA	NA
NC_045512.2	11342	A	G	47982	34687	36	6	6	39	0.000125029	47989	1	FALSE	NA	NA	NA	NA	NA	NA
NC_045512.2	11343	T	G	48194	34710	36	1	0	34	2.07482e-05	48197	1	FALSE	NA	NA	NA	NA	NA	NA
NC_045512.2	11343	T	C	48194	34710	36	2	2	34	4.14964e-05	48197	1	FALSE	NA	NA	NA	NA	NA	NA
NC_045512.2	11344	C	T	49010	34604	35	5	2	34	0.00010201	49015	1	FALSE	NA	NA	NA	NA	NA	NA
NC_045512.2	11345	C	T	48625	34249	35	4	2	34	8.22554e-05	48629	1	FALSE	NA	NA	NA	NA	NA	NA
NC_045512.2	11346	T	C	47956	33542	35	2	2	30	4.17023e-05	47959	1	FALSE	NA	NA	NA	NA	NA	NA
NC_045512.2	11346	T	A	47956	33542	35	1	1	34	2.08511e-05	47959	1	FALSE	NA	NA	NA	NA	NA	NA
NC_045512.2	11347	T	C	47714	33311	35	3	2	31	6.28707e-05	47717	1	FALSE	NA	NA	NA	NA	NA	NA
NC_045512.2	11348	A	G	47969	33558	35	3	3	34	6.25365e-05	47972	1	FALSE	NA	NA	NA	NA	NA	NA
NC_045512.2	11349	T	C	47940	33643	35	2	2	34	4.17145e-05	47945	1	FALSE	NA	NA	NA	NA	NA	NA
NC_045512.2	11349	T	A	47940	33643	35	3	2	34	6.25717e-05	47945	1	FALSE	NA	NA	NA	NA	NA	NA
NC_045512.2	11350	G	C	48190	33892	36	1	1	34	2.0749e-05	48195	1	FALSE	NA	NA	NA	NA	NA	NA
NC_045512.2	11350	G	A	48190	33892	36	4	2	51	8.29962e-05	48195	0.0624961	FALSE	NA	NA	NA	NA	NA	NA
NC_045512.2	11351	A	T	48024	33729	35	1	1	34	2.08208e-05	48029	1	FALSE	NA	NA	NA	NA	NA	NA
NC_045512.2	11351	A	G	48024	33729	35	4	3	34	8.3283e-05	48029	1	FALSE	NA	NA	NA	NA	NA	NA
NC_045512.2	11352	C	T	48417	33776	35	1	0	68	2.06535e-05	48418	0.500005	FALSE	NA	NA	NA	NA	NA	NA
NC_045512.2	11352	C	+AGCA	48417	33776	35	1	0	20	2.06535e-05	48418	1	FALSE	NA	NA	NA	NA	NA	NA
NC_045512.2	11353	A	G	47819	32682	35	7	3	32	0.000146361	47827	1	FALSE	NA	NA	NA	NA	NA	NA
NC_045512.2	11353	A	C	47819	32682	35	1	1	34	2.09087e-05	47827	1	FALSE	NA	NA	NA	NA	NA	NA
NC_045512.2	11354	G	T	47936	32477	35	4	4	34	8.33994e-05	47962	1	FALSE	NA	NA	NA	NA	NA	NA
NC_045512.2	11354	G	A	47936	32477	35	22	16	33	0.000458696	47962	0.999227	FALSE	NA	NA	NA	NA	NA	NA
NC_045512.2	11355	C	T	48494	32801	35	4	2	34	8.24759e-05	48499	1	FALSE	NA	NA	NA	NA	NA	NA
NC_045512.2	11355	C	A	48494	32801	35	1	0	26	2.0619e-05	48499	1	FALSE	NA	NA	NA	NA	NA	NA
NC_045512.2	11356	A	T	48463	32747	35	2	2	34	4.12465e-05	48489	1	FALSE	NA	NA	NA	NA	NA	NA
NC_045512.2	11356	A	G	48463	32747	35	23	7	36	0.000474334	48489	0.999093	FALSE	NA	NA	NA	NA	NA	NA
NC_045512.2	11356	A	C	48463	32747	35	1	1	34	2.06232e-05	48489	1	FALSE	NA	NA	NA	NA	NA	NA
NC_045512.2	11357	A	T	48532	32810	35	2	2	30	4.12065e-05	48536	1	FALSE	NA	NA	NA	NA	NA	NA
NC_045512.2	11357	A	G	48532	32810	35	1	0	34	2.06033e-05	48536	1	FALSE	NA	NA	NA	NA	NA	NA
NC_045512.2	11357	A	C	48532	32810	35	1	0	34	2.06033e-05	48536	1	FALSE	NA	NA	NA	NA	NA	NA
NC_045512.2	11358	G	A	48719	32835	35	5	5	34	0.000102619	48724	1	FALSE	NA	NA	NA	NA	NA	NA
NC_045512.2	11359	A	T	48017	32807	35	2	2	30	4.16424e-05	48028	1	FALSE	NA	NA	NA	NA	NA	NA
NC_045512.2	11359	A	G	48017	32807	35	7	5	32	0.000145748	48028	1	FALSE	NA	NA	NA	NA	NA	NA
NC_045512.2	11359	A	C	48017	32807	35	2	2	34	4.16424e-05	48028	1	FALSE	NA	NA	NA	NA	NA	NA
NC_045512.2	11360	A	T	48621	33046	35	1	1	34	2.05656e-05	48625	1	FALSE	NA	NA	NA	NA	NA	NA
NC_045512.2	11360	A	G	48621	33046	35	2	2	34	4.11311e-05	48625	1	FALSE	NA	NA	NA	NA	NA	NA
NC_045512.2	11360	A	C	48621	33046	35	1	1	34	2.05656e-05	48625	1	FALSE	NA	NA	NA	NA	NA	NA
NC_045512.2	11361	C	T	48865	33379	35	5	4	34	0.000102312	48870	1	FALSE	NA	NA	NA	NA	NA	NA
NC_045512.2	11362	T	G	47735	32268	35	17	16	34	0.000355961	47758	0.999961	FALSE	NA	NA	NA	NA	NA	NA
NC_045512.2	11362	T	C	47735	32268	35	2	2	34	4.18778e-05	47758	1	FALSE	NA	NA	NA	NA	NA	NA
NC_045512.2	11362	T	A	47735	32268	35	4	0	34	8.37556e-05	47758	1	FALSE	NA	NA	NA	NA	NA	NA
NC_045512.2	11363	G	A	50802	32315	35	8	8	34	0.000157449	50810	1	FALSE	NA	NA	NA	NA	NA	NA
NC_045512.2	11364	T	C	50202	31837	35	9	5	41	0.000179244	50211	0.21197	FALSE	NA	NA	NA	NA	NA	NA
NC_045512.2	11365	G	A	50801	31822	35	2	2	34	3.93678e-05	50803	1	FALSE	NA	NA	NA	NA	NA	NA
NC_045512.2	11366	T	C	50836	31883	35	1	1	34	1.96699e-05	50839	1	FALSE	NA	NA	NA	NA	NA	NA
NC_045512.2	11366	T	A	50836	31883	35	2	1	29	3.93399e-05	50839	1	FALSE	NA	NA	NA	NA	NA	NA
NC_045512.2	11366	T	-ATG	50836	31883	35	2	0	20	3.93399e-05	50839	1	FALSE	NA	NA	NA	NA	NA	NA
NC_045512.2	11367	A	G	50230	31379	35	2	2	34	3.98129e-05	50235	1	FALSE	NA	NA	NA	NA	NA	NA
NC_045512.2	11367	A	C	50230	31379	35	3	2	31	5.97193e-05	50235	1	FALSE	NA	NA	NA	NA	NA	NA
NC_045512.2	11368	T	C	50575	31470	35	3	2	31	5.9312e-05	50580	1	FALSE	NA	NA	NA	NA	NA	NA
NC_045512.2	11368	T	A	50575	31470	35	2	1	34	3.95413e-05	50580	1	FALSE	NA	NA	NA	NA	NA	NA
NC_045512.2	11369	G	C	50390	31274	35	1	1	34	1.98436e-05	50394	1	FALSE	NA	NA	NA	NA	NA	NA
NC_045512.2	11369	G	A	50390	31274	35	3	1	54	5.95309e-05	50394	0.124989	FALSE	NA	NA	NA	NA	NA	NA
NC_045512.2	11370	A	T	50131	31133	35	1	1	34	1.99438e-05	50141	1	FALSE	NA	NA	NA	NA	NA	NA
NC_045512.2	11370	A	G	50131	31133	35	8	6	34	0.00015955	50141	1	FALSE	NA	NA	NA	NA	NA	NA
NC_045512.2	11370	A	C	50131	31133	35	1	1	34	1.99438e-05	50141	1	FALSE	NA	NA	NA	NA	NA	NA
NC_045512.2	11371	T	C	50095	31003	35	3	3	34	5.98814e-05	50099	1	FALSE	NA	NA	NA	NA	NA	NA
NC_045512.2	11371	T	A	50095	31003	35	1	1	34	1.99605e-05	50099	1	FALSE	NA	NA	NA	NA	NA	NA
NC_045512.2	11372	G	T	45983	26959	35	2	2	34	4.34896e-05	45988	1	FALSE	NA	NA	NA	NA	NA	NA
NC_045512.2	11372	G	C	45983	26959	35	1	0	34	2.17448e-05	45988	1	FALSE	NA	NA	NA	NA	NA	NA
NC_045512.2	11372	G	A	45983	26959	35	2	2	34	4.34896e-05	45988	1	FALSE	NA	NA	NA	NA	NA	NA
NC_045512.2	11373	A	G	45290	26382	35	3	3	34	6.62354e-05	45293	1	FALSE	NA	NA	NA	NA	NA	NA
NC_045512.2	11374	T	C	44583	25645	35	5	2	34	0.000112138	44588	1	FALSE	NA	NA	NA	NA	NA	NA
NC_045512.2	11375	G	T	44795	25617	35	2	2	34	4.46399e-05	44803	1	FALSE	NA	NA	NA	NA	NA	NA
NC_045512.2	11375	G	C	44795	25617	35	2	2	34	4.46399e-05	44803	1	FALSE	NA	NA	NA	NA	NA	NA
NC_045512.2	11375	G	A	44795	25617	35	4	0	34	8.92797e-05	44803	1	FALSE	NA	NA	NA	NA	NA	NA
NC_045512.2	11376	G	T	45585	25764	35	4	3	30	8.77328e-05	45593	1	FALSE	NA	NA	NA	NA	NA	NA
NC_045512.2	11376	G	C	45585	25764	35	1	1	34	2.19332e-05	45593	1	FALSE	NA	NA	NA	NA	NA	NA
NC_045512.2	11376	G	A	45585	25764	35	3	0	34	6.57996e-05	45593	1	FALSE	NA	NA	NA	NA	NA	NA
NC_045512.2	11377	T	C	47111	25570	35	8	8	34	0.000169772	47122	1	FALSE	NA	NA	NA	NA	NA	NA
NC_045512.2	11377	T	A	47111	25570	35	3	1	34	6.36645e-05	47122	1	FALSE	NA	NA	NA	NA	NA	NA
NC_045512.2	11378	G	C	47307	25528	35	1	1	34	2.11367e-05	47311	1	FALSE	NA	NA	NA	NA	NA	NA
NC_045512.2	11378	G	A	47307	25528	35	3	3	34	6.34102e-05	47311	1	FALSE	NA	NA	NA	NA	NA	NA
NC_045512.2	11379	C	T	47498	26181	35	3	3	34	6.31552e-05	47502	1	FALSE	NA	NA	NA	NA	NA	NA
NC_045512.2	11379	C	A	47498	26181	35	1	0	34	2.10517e-05	47502	1	FALSE	NA	NA	NA	NA	NA	NA
NC_045512.2	11380	T	C	47462	26061	35	2	2	30	4.21372e-05	47464	1	FALSE	NA	NA	NA	NA	NA	NA
NC_045512.2	11381	A	T	47555	26053	35	4	2	34	8.41025e-05	47561	1	FALSE	NA	NA	NA	NA	NA	NA
NC_045512.2	11381	A	G	47555	26053	35	2	2	34	4.20513e-05	47561	1	FALSE	NA	NA	NA	NA	NA	NA
NC_045512.2	11382	G	C	47577	26085	35	1	1	26	2.10146e-05	47586	1	FALSE	NA	NA	NA	NA	NA	NA
NC_045512.2	11382	G	A	47577	26085	35	8	0	34	0.000168117	47586	1	FALSE	NA	NA	NA	NA	NA	NA
NC_045512.2	11383	G	A	47516	26151	35	1	1	34	2.10451e-05	47517	1	FALSE	NA	NA	NA	NA	NA	NA
NC_045512.2	11384	A	G	47061	25660	35	4	2	51	8.4987e-05	47066	0.062496	FALSE	NA	NA	NA	NA	NA	NA
NC_045512.2	11384	A	C	47061	25660	35	1	1	26	2.12468e-05	47066	1	FALSE	NA	NA	NA	NA	NA	NA
NC_045512.2	11386	A	G	22365	2276	34	4	0	32	0.000178803	22371	0.999956	FALSE	NA	NA	NA	NA	NA	NA
NC_045512.2	11386	A	C	22365	2276	34	2	0	34	8.94015e-05	22371	0.999999	FALSE	NA	NA	NA	NA	NA	NA
NC_045512.2	11386	A	-GT	22365	2276	34	1	0	20	4.47007e-05	22371	1	FALSE	NA	NA	NA	NA	NA	NA
NC_045512.2	11388	T	C	24865	2362	36	3	1	34	0.000120632	24869	0.999997	FALSE	NA	NA	NA	NA	NA	NA
NC_045512.2	11388	T	A	24865	2362	36	1	0	34	4.02107e-05	24869	1	FALSE	NA	NA	NA	NA	NA	NA
NC_045512.2	11390	T	C	24951	2493	37	2	1	34	8.01507e-05	24953	1	FALSE	NA	NA	NA	NA	NA	NA
NC_045512.2	11391	G	A	25110	2493	37	2	0	34	7.96432e-05	25112	1	FALSE	NA	NA	NA	NA	NA	NA
NC_045512.2	11393	A	T	25123	2513	37	1	0	34	3.97947e-05	25129	1	FALSE	NA	NA	NA	NA	NA	NA
NC_045512.2	11393	A	G	25123	2513	37	5	1	34	0.000198973	25129	0.99997	FALSE	NA	NA	NA	NA	NA	NA
NC_045512.2	11394	C	G	25248	2612	37	4	0	34	0.000158403	25252	0.999992	FALSE	NA	NA	NA	NA	NA	NA
NC_045512.2	11395	A	T	25110	2733	37	1	0	34	3.982e-05	25113	1	FALSE	NA	NA	NA	NA	NA	NA
NC_045512.2	11395	A	G	25110	2733	37	2	0	30	7.964e-05	25113	1	FALSE	NA	NA	NA	NA	NA	NA
NC_045512.2	11396	C	T	26757	2758	37	1	0	34	3.7372e-05	26758	1	FALSE	NA	NA	NA	NA	NA	NA
NC_045512.2	11397	T	G	26811	2797	37	1	1	68	3.72926e-05	26815	0.499981	FALSE	NA	NA	NA	NA	NA	NA
NC_045512.2	11397	T	C	26811	2797	37	3	1	30	0.000111878	26815	0.999999	FALSE	NA	NA	NA	NA	NA	NA
NC_045512.2	11398	T	C	26924	2808	37	1	0	34	3.71402e-05	26925	1	FALSE	NA	NA	NA	NA	NA	NA
NC_045512.2	11399	A	T	27020	2892	37	1	0	34	3.70069e-05	27022	1	FALSE	NA	NA	NA	NA	NA	NA
NC_045512.2	11399	A	C	27020	2892	37	1	0	34	3.70069e-05	27022	1	FALSE	NA	NA	NA	NA	NA	NA
NC_045512.2	11400	T	C	27039	2892	37	3	0	34	0.000110939	27042	1	FALSE	NA	NA	NA	NA	NA	NA
NC_045512.2	11401	G	T	27013	2893	37	2	1	29	7.40329e-05	27015	1	FALSE	NA	NA	NA	NA	NA	NA
NC_045512.2	11402	A	G	27108	3083	37	3	0	34	0.000110656	27111	1	FALSE	NA	NA	NA	NA	NA	NA
NC_045512.2	11403	A	G	26964	3093	37	3	0	34	0.000111247	26967	0.999999	FALSE	NA	NA	NA	NA	NA	NA
NC_045512.2	11406	T	G	27629	3612	38	2	0	26	7.2372e-05	27635	1	FALSE	NA	NA	NA	NA	NA	NA
NC_045512.2	11406	T	C	27629	3612	38	3	1	45	0.000108558	27635	0.499966	FALSE	NA	NA	NA	NA	NA	NA
NC_045512.2	11406	T	A	27629	3612	38	1	0	34	3.6186e-05	27635	1	FALSE	NA	NA	NA	NA	NA	NA
NC_045512.2	11407	C	T	27937	3820	38	1	1	26	3.57935e-05	27938	1	FALSE	NA	NA	NA	NA	NA	NA
NC_045512.2	11409	T	C	28041	4184	39	1	0	34	3.56608e-05	28042	1	FALSE	NA	NA	NA	NA	NA	NA
NC_045512.2	11410	G	T	28089	4187	39	2	1	30	7.11921e-05	28093	1	FALSE	NA	NA	NA	NA	NA	NA
NC_045512.2	11410	G	A	28089	4187	39	2	0	34	7.11921e-05	28093	1	FALSE	NA	NA	NA	NA	NA	NA
NC_045512.2	11411	A	T	28169	4213	39	1	0	68	3.54962e-05	28172	0.499991	FALSE	NA	NA	NA	NA	NA	NA
NC_045512.2	11411	A	G	28169	4213	39	2	1	51	7.09925e-05	28172	0.249996	FALSE	NA	NA	NA	NA	NA	NA
NC_045512.2	11412	C	G	28520	4230	39	3	0	34	0.000105175	28524	1	FALSE	NA	NA	NA	NA	NA	NA
NC_045512.2	11412	C	A	28520	4230	39	1	0	34	3.50582e-05	28524	1	FALSE	NA	NA	NA	NA	NA	NA
NC_045512.2	11413	A	G	28108	4227	39	1	0	34	3.55758e-05	28109	1	FALSE	NA	NA	NA	NA	NA	NA
NC_045512.2	11414	C	T	28882	4672	39	1	0	34	3.46224e-05	28883	1	FALSE	NA	NA	NA	NA	NA	NA
NC_045512.2	11415	T	C	28962	4690	40	7	1	35	0.000241604	28973	0.999942	FALSE	NA	NA	NA	NA	NA	NA
NC_045512.2	11415	T	A	28962	4690	40	4	0	34	0.00013806	28973	0.999999	FALSE	NA	NA	NA	NA	NA	NA
NC_045512.2	11416	C	A	29728	4780	40	1	1	68	3.36372e-05	29729	0.500008	FALSE	NA	NA	NA	NA	NA	NA
NC_045512.2	11417	G	T	29756	4787	40	3	0	34	0.0001008	29762	1	FALSE	NA	NA	NA	NA	NA	NA
NC_045512.2	11417	G	C	29756	4787	40	2	0	26	6.71998e-05	29762	1	FALSE	NA	NA	NA	NA	NA	NA
NC_045512.2	11417	G	A	29756	4787	40	1	0	34	3.35999e-05	29762	1	FALSE	NA	NA	NA	NA	NA	NA
NC_045512.2	11418	T	G	28058	4497	38	2	0	34	7.12758e-05	28060	1	FALSE	NA	NA	NA	NA	NA	NA
NC_045512.2	11419	T	G	28576	5049	39	2	0	34	6.99717e-05	28583	1	FALSE	NA	NA	NA	NA	NA	NA
NC_045512.2	11419	T	C	28576	5049	39	4	0	31	0.000139943	28583	0.999999	FALSE	NA	NA	NA	NA	NA	NA
NC_045512.2	11419	T	A	28576	5049	39	1	0	34	3.49858e-05	28583	1	FALSE	NA	NA	NA	NA	NA	NA
NC_045512.2	11420	T	C	28491	5083	39	2	0	34	7.01927e-05	28493	1	FALSE	NA	NA	NA	NA	NA	NA
NC_045512.2	11421	A	G	28182	5204	39	2	1	34	7.09597e-05	28185	1	FALSE	NA	NA	NA	NA	NA	NA
NC_045512.2	11421	A	C	28182	5204	39	1	1	24	3.54799e-05	28185	1	FALSE	NA	NA	NA	NA	NA	NA
NC_045512.2	11422	T	C	28207	5247	39	4	1	31	0.000141789	28211	0.999999	FALSE	NA	NA	NA	NA	NA	NA
NC_045512.2	11424	A	G	27621	5455	39	4	1	29	0.000144796	27625	1	FALSE	NA	NA	NA	NA	NA	NA
NC_045512.2	11425	A	G	26652	5454	39	4	2	54	0.000150054	26657	0.062493	FALSE	NA	NA	NA	NA	NA	NA
NC_045512.2	11425	A	C	26652	5454	39	1	0	34	3.75136e-05	26657	1	FALSE	NA	NA	NA	NA	NA	NA
NC_045512.2	11426	G	A	27423	5548	39	1	1	34	3.64644e-05	27424	1	FALSE	NA	NA	NA	NA	NA	NA
NC_045512.2	11427	T	C	26450	4632	38	1	1	68	3.78058e-05	26451	0.500009	FALSE	NA	NA	NA	NA	NA	NA
NC_045512.2	11428	T	G	24398	6047	38	1	0	34	4.09836e-05	24400	1	FALSE	NA	NA	NA	NA	NA	NA
NC_045512.2	11428	T	C	24398	6047	38	1	0	68	4.09836e-05	24400	0.5	FALSE	NA	NA	NA	NA	NA	NA
NC_045512.2	11429	T	C	24332	6046	38	3	0	34	0.000123279	24335	0.999997	FALSE	NA	NA	NA	NA	NA	NA
NC_045512.2	11430	A	G	24479	6220	39	1	0	34	4.08497e-05	24480	1	FALSE	NA	NA	NA	NA	NA	NA
NC_045512.2	11431	T	G	24227	6250	39	1	0	27	4.12712e-05	24230	1	FALSE	NA	NA	NA	NA	NA	NA
NC_045512.2	11431	T	C	24227	6250	39	1	1	34	4.12712e-05	24230	1	FALSE	NA	NA	NA	NA	NA	NA
NC_045512.2	11431	T	A	24227	6250	39	1	0	34	4.12712e-05	24230	1	FALSE	NA	NA	NA	NA	NA	NA
NC_045512.2	11432	T	G	23954	6243	38	2	0	30	8.34829e-05	23957	0.999999	FALSE	NA	NA	NA	NA	NA	NA
NC_045512.2	11432	T	A	23954	6243	38	1	0	34	4.17415e-05	23957	1	FALSE	NA	NA	NA	NA	NA	NA
NC_045512.2	11433	A	G	24022	6279	38	3	1	31	0.00012487	24025	0.999997	FALSE	NA	NA	NA	NA	NA	NA
NC_045512.2	11434	T	C	23751	6358	38	2	2	34	8.41963e-05	23754	0.999999	FALSE	NA	NA	NA	NA	NA	NA
NC_045512.2	11434	T	A	23751	6358	38	1	1	34	4.20982e-05	23754	1	FALSE	NA	NA	NA	NA	NA	NA
NC_045512.2	11435	G	A	23662	6243	38	1	0	38	4.22601e-05	23663	1	FALSE	NA	NA	NA	NA	NA	NA
NC_045512.2	11437	T	C	22833	6072	38	2	0	34	8.7581e-05	22836	0.999999	FALSE	NA	NA	NA	NA	NA	NA
NC_045512.2	11437	T	A	22833	6072	38	1	0	34	4.37905e-05	22836	1	FALSE	NA	NA	NA	NA	NA	NA
NC_045512.2	11438	A	T	22352	6215	38	1	0	34	4.47347e-05	22354	1	FALSE	NA	NA	NA	NA	NA	NA
NC_045512.2	11438	A	C	22352	6215	38	1	0	34	4.47347e-05	22354	1	FALSE	NA	NA	NA	NA	NA	NA
NC_045512.2	11439	A	T	22215	6233	38	1	0	34	4.50126e-05	22216	1	FALSE	NA	NA	NA	NA	NA	NA
NC_045512.2	11440	T	C	22425	6478	38	1	1	26	4.45911e-05	22426	1	FALSE	NA	NA	NA	NA	NA	NA
NC_045512.2	11441	G	A	23268	6492	38	2	2	34	8.59476e-05	23270	0.999999	FALSE	NA	NA	NA	NA	NA	NA
NC_045512.2	11442	C	-T	23127	6676	38	1	0	20	4.32395e-05	23127	1	FALSE	NA	NA	NA	NA	NA	NA
NC_045512.2	11443	T	C	23165	6592	38	4	1	32	0.000172644	23169	0.999975	FALSE	NA	NA	NA	NA	NA	NA
NC_045512.2	11444	T	C	23097	6632	38	1	0	34	4.32938e-05	23098	1	FALSE	NA	NA	NA	NA	NA	NA
NC_045512.2	11445	T	C	22520	6808	38	1	0	34	4.4403e-05	22521	1	FALSE	NA	NA	NA	NA	NA	NA
NC_045512.2	11446	A	G	22575	6794	38	4	1	34	0.000177156	22579	0.999956	FALSE	NA	NA	NA	NA	NA	NA
NC_045512.2	11447	G	T	22668	6801	38	3	2	34	0.000132328	22671	0.99999	FALSE	NA	NA	NA	NA	NA	NA
NC_045512.2	11448	A	T	22755	7426	37	1	0	26	4.39387e-05	22759	1	FALSE	NA	NA	NA	NA	NA	NA
NC_045512.2	11448	A	G	22755	7426	37	3	3	34	0.000131816	22759	0.99999	FALSE	NA	NA	NA	NA	NA	NA
NC_045512.2	11452	A	G	22813	6996	38	7	0	34	0.000306748	22820	0.998846	FALSE	NA	NA	NA	NA	NA	NA
NC_045512.2	11454	C	T	22423	7845	38	2	0	34	8.91703e-05	22429	0.999999	FALSE	NA	NA	NA	NA	NA	NA
NC_045512.2	11454	C	A	22423	7845	38	4	0	32	0.000178341	22429	0.999956	FALSE	NA	NA	NA	NA	NA	NA
NC_045512.2	11455	C	G	22216	7898	38	2	0	34	9.00171e-05	22218	0.999999	FALSE	NA	NA	NA	NA	NA	NA
NC_045512.2	11456	A	T	22317	7784	38	2	2	30	8.95857e-05	22325	0.999999	FALSE	NA	NA	NA	NA	NA	NA
NC_045512.2	11456	A	G	22317	7784	38	5	0	32	0.000223964	22325	0.999845	FALSE	NA	NA	NA	NA	NA	NA
NC_045512.2	11456	A	C	22317	7784	38	1	0	34	4.47928e-05	22325	1	FALSE	NA	NA	NA	NA	NA	NA
NC_045512.2	11457	T	C	22349	7782	38	3	1	42	0.000134216	22352	0.500021	FALSE	NA	NA	NA	NA	NA	NA
NC_045512.2	11458	T	C	22839	8448	39	6	2	32	0.00026264	22845	0.999546	FALSE	NA	NA	NA	NA	NA	NA
NC_045512.2	11459	T	C	22741	8538	39	5	5	34	0.000219809	22747	0.999845	FALSE	NA	NA	NA	NA	NA	NA
NC_045512.2	11459	T	A	22741	8538	39	1	0	34	4.39618e-05	22747	1	FALSE	NA	NA	NA	NA	NA	NA
NC_045512.2	11460	C	T	22997	8958	39	1	0	34	4.3482e-05	22998	1	FALSE	NA	NA	NA	NA	NA	NA
NC_045512.2	11461	C	T	22781	8869	39	4	1	51	0.000175554	22785	0.0624973	FALSE	NA	NA	NA	NA	NA	NA
NC_045512.2	11462	A	G	22782	8862	39	2	0	34	8.7777e-05	22785	0.999999	FALSE	NA	NA	NA	NA	NA	NA
NC_045512.2	11462	A	C	22782	8862	39	1	1	34	4.38885e-05	22785	1	FALSE	NA	NA	NA	NA	NA	NA
NC_045512.2	11463	T	C	23140	9002	39	2	1	51	8.6423e-05	23142	0.250005	FALSE	NA	NA	NA	NA	NA	NA
NC_045512.2	11465	T	G	21238	9699	38	1	0	34	4.7081e-05	21240	1	FALSE	NA	NA	NA	NA	NA	NA
NC_045512.2	11465	T	A	21238	9699	38	1	0	34	4.7081e-05	21240	1	FALSE	NA	NA	NA	NA	NA	NA
NC_045512.2	11467	G	A	20972	9792	38	1	0	34	4.76804e-05	20973	1	FALSE	NA	NA	NA	NA	NA	NA
NC_045512.2	11469	C	A	20824	9788	38	1	0	34	4.80192e-05	20825	1	FALSE	NA	NA	NA	NA	NA	NA
NC_045512.2	11470	T	G	20818	9815	38	1	0	26	4.80238e-05	20823	1	FALSE	NA	NA	NA	NA	NA	NA
NC_045512.2	11470	T	C	20818	9815	38	3	1	31	0.000144071	20823	0.999967	FALSE	NA	NA	NA	NA	NA	NA
NC_045512.2	11470	T	A	20818	9815	38	1	0	26	4.80238e-05	20823	1	FALSE	NA	NA	NA	NA	NA	NA
NC_045512.2	11471	C	G	21958	10045	38	1	0	34	4.55353e-05	21961	1	FALSE	NA	NA	NA	NA	NA	NA
NC_045512.2	11471	C	A	21958	10045	38	2	0	34	9.10705e-05	21961	0.999997	FALSE	NA	NA	NA	NA	NA	NA
NC_045512.2	11471	C	-T	21958	10045	38	2	0	20	9.10705e-05	21961	1	FALSE	NA	NA	NA	NA	NA	NA
NC_045512.2	11472	T	G	22006	10077	38	2	0	30	9.08471e-05	22015	0.999999	FALSE	NA	NA	NA	NA	NA	NA
NC_045512.2	11472	T	C	22006	10077	38	7	4	34	0.000317965	22015	0.998844	FALSE	NA	NA	NA	NA	NA	NA
NC_045512.2	11473	T	C	22054	10086	38	1	0	26	4.53412e-05	22055	1	FALSE	NA	NA	NA	NA	NA	NA
NC_045512.2	11474	A	G	22046	10087	38	2	0	46	9.06865e-05	22054	0.687423	FALSE	NA	NA	NA	NA	NA	NA
NC_045512.2	11474	A	C	22046	10087	38	6	6	31	0.000272059	22054	0.999545	FALSE	NA	NA	NA	NA	NA	NA
NC_045512.2	11475	T	G	22183	10236	38	21	10	36	0.000945733	22205	0.619661	FALSE	NA	NA	NA	NA	NA	NA
NC_045512.2	11475	T	C	22183	10236	38	1	1	34	4.50349e-05	22205	1	FALSE	NA	NA	NA	NA	NA	NA
NC_045512.2	11477	A	G	21410	10389	38	2	0	51	9.34012e-05	21413	0.249994	FALSE	NA	NA	NA	NA	NA	NA
NC_045512.2	11477	A	C	21410	10389	38	1	1	26	4.67006e-05	21413	1	FALSE	NA	NA	NA	NA	NA	NA
NC_045512.2	11478	T	C	19803	10280	36	5	3	32	0.000252423	19808	0.999231	FALSE	NA	NA	NA	NA	NA	NA
NC_045512.2	11480	T	C	18849	9581	37	5	4	34	0.000265182	18855	0.998704	FALSE	NA	NA	NA	NA	NA	NA
NC_045512.2	11480	T	A	18849	9581	37	1	0	34	5.30363e-05	18855	0.999998	FALSE	NA	NA	NA	NA	NA	NA
NC_045512.2	11482	T	C	18831	9581	37	2	0	34	0.000106197	18833	0.99998	FALSE	NA	NA	NA	NA	NA	NA
NC_045512.2	11483	G	C	18784	9542	37	1	1	26	5.3234e-05	18785	1	FALSE	NA	NA	NA	NA	NA	NA
NC_045512.2	11484	T	C	18736	9601	37	2	2	34	0.000106735	18738	0.99998	FALSE	NA	NA	NA	NA	NA	NA
NC_045512.2	11485	T	C	18691	9587	37	2	1	34	0.000106992	18693	0.99998	FALSE	NA	NA	NA	NA	NA	NA
NC_045512.2	11488	T	C	17982	9842	37	1	1	26	5.56081e-05	17983	1	FALSE	NA	NA	NA	NA	NA	NA
NC_045512.2	11489	T	C	18153	10101	36	4	2	32	0.000220301	18157	0.999574	FALSE	NA	NA	NA	NA	NA	NA
NC_045512.2	11490	C	A	18240	10210	37	1	0	34	5.48216e-05	18241	0.999998	FALSE	NA	NA	NA	NA	NA	NA
NC_045512.2	11491	T	C	18639	10684	36	3	3	34	0.000160918	18643	0.99989	FALSE	NA	NA	NA	NA	NA	NA
NC_045512.2	11491	T	A	18639	10684	36	1	1	24	5.36394e-05	18643	1	FALSE	NA	NA	NA	NA	NA	NA
NC_045512.2	11492	A	G	18824	10804	37	3	0	34	0.000159346	18827	0.99989	FALSE	NA	NA	NA	NA	NA	NA
NC_045512.2	11493	A	G	18527	10815	36	1	0	34	5.39724e-05	18528	0.999998	FALSE	NA	NA	NA	NA	NA	NA
NC_045512.2	11495	T	C	19053	11060	37	1	1	26	5.24797e-05	19055	1	FALSE	NA	NA	NA	NA	NA	NA
NC_045512.2	11495	T	A	19053	11060	37	1	0	34	5.24797e-05	19055	0.999999	FALSE	NA	NA	NA	NA	NA	NA
NC_045512.2	11499	C	T	18565	11699	37	2	0	34	0.000107718	18567	0.99998	FALSE	NA	NA	NA	NA	NA	NA
NC_045512.2	11500	A	G	17957	11532	36	9	8	34	0.000500946	17966	0.962305	FALSE	NA	NA	NA	NA	NA	NA
NC_045512.2	11503	T	C	19208	11979	37	2	2	34	0.000104096	19213	0.99999	FALSE	NA	NA	NA	NA	NA	NA
NC_045512.2	11503	T	A	19208	11979	37	3	2	34	0.000156144	19213	0.99994	FALSE	NA	NA	NA	NA	NA	NA
NC_045512.2	11505	T	G	19474	12432	37	1	0	34	5.13215e-05	19485	0.999999	FALSE	NA	NA	NA	NA	NA	NA
NC_045512.2	11505	T	C	19474	12432	37	10	5	33	0.000513215	19485	0.969334	FALSE	NA	NA	NA	NA	NA	NA
NC_045512.2	11506	A	T	18900	11669	37	4	4	30	0.000211584	18905	0.999574	FALSE	NA	NA	NA	NA	NA	NA
NC_045512.2	11506	A	G	18900	11669	37	1	1	68	5.28961e-05	18905	0.49996	FALSE	NA	NA	NA	NA	NA	NA
NC_045512.2	11507	G	T	18911	11637	37	1	1	26	5.28765e-05	18912	1	FALSE	NA	NA	NA	NA	NA	NA
NC_045512.2	11508	T	C	19942	12923	37	3	3	31	0.000150414	19945	0.99994	FALSE	NA	NA	NA	NA	NA	NA
NC_045512.2	11509	T	C	20023	13002	37	2	2	34	9.98752e-05	20025	0.999995	FALSE	NA	NA	NA	NA	NA	NA
NC_045512.2	11510	A	G	18724	11768	36	2	2	34	0.000106803	18726	0.99998	FALSE	NA	NA	NA	NA	NA	NA
NC_045512.2	11511	C	T	19486	12576	37	2	1	29	0.000102627	19488	1	FALSE	NA	NA	NA	NA	NA	NA
NC_045512.2	11514	C	G	17382	12954	35	1	0	26	5.75275e-05	17383	1	FALSE	NA	NA	NA	NA	NA	NA
NC_045512.2	11516	G	A	17927	12140	37	7	2	32	0.00039032	17934	0.988698	FALSE	NA	NA	NA	NA	NA	NA
NC_045512.2	11517	T	G	18136	12419	37	1	0	34	5.51055e-05	18147	0.999998	FALSE	NA	NA	NA	NA	NA	NA
NC_045512.2	11517	T	C	18136	12419	37	8	2	38	0.000440844	18147	0.985538	FALSE	NA	NA	NA	NA	NA	NA
NC_045512.2	11517	T	A	18136	12419	37	2	2	34	0.000110211	18147	0.99998	FALSE	NA	NA	NA	NA	NA	NA
NC_045512.2	11518	C	T	18065	12373	37	1	0	34	5.53526e-05	18066	0.999998	FALSE	NA	NA	NA	NA	NA	NA
NC_045512.2	11520	T	C	18034	12408	37	4	2	54	0.000221754	18038	0.0624965	FALSE	NA	NA	NA	NA	NA	NA
NC_045512.2	11521	G	-T	18124	12359	37	14	0	20	0.000772456	18124	1	FALSE	NA	NA	NA	NA	NA	NA
NC_045512.2	11522	T	G	17686	11932	36	1	0	34	5.65387e-05	17687	0.999996	FALSE	NA	NA	NA	NA	NA	NA
NC_045512.2	11523	T	C	18094	12337	37	2	2	30	0.000110522	18096	0.99998	FALSE	NA	NA	NA	NA	NA	NA
NC_045512.2	11524	T	C	18092	12325	37	1	1	34	5.527e-05	18093	0.999998	FALSE	NA	NA	NA	NA	NA	NA
NC_045512.2	11527	G	A	18222	12761	37	1	1	34	5.48757e-05	18223	0.999998	FALSE	NA	NA	NA	NA	NA	NA
NC_045512.2	11528	G	C	18295	12846	37	2	0	34	0.000109308	18297	0.99998	FALSE	NA	NA	NA	NA	NA	NA
NC_045512.2	11529	C	T	18616	13324	37	5	5	34	0.0002685	18622	0.998704	FALSE	NA	NA	NA	NA	NA	NA
NC_045512.2	11529	C	A	18616	13324	37	1	1	34	5.36999e-05	18622	0.999998	FALSE	NA	NA	NA	NA	NA	NA
NC_045512.2	11531	A	G	18447	13176	37	1	0	34	5.42064e-05	18448	0.999998	FALSE	NA	NA	NA	NA	NA	NA
NC_045512.2	11532	G	T	16944	11503	35	1	1	34	5.9004e-05	16948	0.999992	FALSE	NA	NA	NA	NA	NA	NA
NC_045512.2	11532	G	C	16944	11503	35	3	3	34	0.000177012	16948	0.999637	FALSE	NA	NA	NA	NA	NA	NA
NC_045512.2	11533	A	G	18772	13453	37	1	1	34	5.3268e-05	18773	0.999998	FALSE	NA	NA	NA	NA	NA	NA
NC_045512.2	11536	T	C	18578	13280	36	2	2	34	0.000107643	18580	0.99998	FALSE	NA	NA	NA	NA	NA	NA
NC_045512.2	11537	A	G	19362	14143	37	1	0	34	5.16449e-05	19363	0.999999	FALSE	NA	NA	NA	NA	NA	NA
NC_045512.2	11538	T	C	19635	14394	37	1	1	26	5.09269e-05	19636	1	FALSE	NA	NA	NA	NA	NA	NA
NC_045512.2	11539	T	C	19631	14391	37	1	1	34	5.09372e-05	19632	0.999999	FALSE	NA	NA	NA	NA	NA	NA
NC_045512.2	11540	G	T	19747	14252	37	1	1	34	5.0638e-05	19748	0.999999	FALSE	NA	NA	NA	NA	NA	NA
NC_045512.2	11541	T	C	19160	13731	36	1	1	34	5.21893e-05	19161	0.999999	FALSE	NA	NA	NA	NA	NA	NA
NC_045512.2	11542	T	G	19051	14293	36	1	1	24	5.24824e-05	19054	1	FALSE	NA	NA	NA	NA	NA	NA
NC_045512.2	11542	T	C	19051	14293	36	2	0	34	0.000104965	19054	0.99999	FALSE	NA	NA	NA	NA	NA	NA
NC_045512.2	11543	T	C	18294	13667	35	1	0	34	5.46597e-05	18295	0.999998	FALSE	NA	NA	NA	NA	NA	NA
NC_045512.2	11544	T	C	18900	14313	36	1	1	34	5.29073e-05	18901	0.999998	FALSE	NA	NA	NA	NA	NA	NA
NC_045512.2	11546	A	G	19122	14553	36	3	1	31	0.000156863	19125	0.99994	FALSE	NA	NA	NA	NA	NA	NA
NC_045512.2	11548	G	T	19105	14651	36	2	2	34	0.000104646	19112	0.99999	FALSE	NA	NA	NA	NA	NA	NA
NC_045512.2	11548	G	C	19105	14651	36	1	1	34	5.23231e-05	19112	0.999999	FALSE	NA	NA	NA	NA	NA	NA
NC_045512.2	11548	G	A	19105	14651	36	4	4	42	0.000209293	19112	0.187451	FALSE	NA	NA	NA	NA	NA	NA
NC_045512.2	11549	T	C	18298	13872	36	4	4	32	0.000218555	18302	0.999574	FALSE	NA	NA	NA	NA	NA	NA
NC_045512.2	11550	G	A	18494	13863	36	3	2	34	0.000162188	18497	0.99989	FALSE	NA	NA	NA	NA	NA	NA
NC_045512.2	11551	T	C	18584	14018	36	2	2	30	0.000107608	18586	0.99998	FALSE	NA	NA	NA	NA	NA	NA
NC_045512.2	11553	T	C	17964	13418	36	1	1	34	5.56638e-05	17965	0.999996	FALSE	NA	NA	NA	NA	NA	NA
NC_045512.2	11554	T	G	17716	13196	36	1	1	26	5.64334e-05	17720	1	FALSE	NA	NA	NA	NA	NA	NA
NC_045512.2	11554	T	C	17716	13196	36	3	3	34	0.0001693	17720	0.999799	FALSE	NA	NA	NA	NA	NA	NA
NC_045512.2	11555	G	C	17853	13283	37	1	1	34	5.60099e-05	17854	0.999996	FALSE	NA	NA	NA	NA	NA	NA
NC_045512.2	11556	A	G	17781	13215	37	4	3	34	0.000224909	17785	0.999258	FALSE	NA	NA	NA	NA	NA	NA
NC_045512.2	11557	G	T	17792	13178	36	1	1	26	5.61987e-05	17794	1	FALSE	NA	NA	NA	NA	NA	NA
NC_045512.2	11557	G	A	17792	13178	36	1	1	34	5.61987e-05	17794	0.999996	FALSE	NA	NA	NA	NA	NA	NA
NC_045512.2	11558	T	C	17800	13236	36	3	3	34	0.000168511	17803	0.9998	FALSE	NA	NA	NA	NA	NA	NA
NC_045512.2	11559	A	G	17150	12630	37	1	1	34	5.83056e-05	17151	0.999996	FALSE	NA	NA	NA	NA	NA	NA
NC_045512.2	11562	G	A	16980	12553	37	1	0	24	5.88893e-05	16981	1	FALSE	NA	NA	NA	NA	NA	NA
NC_045512.2	11563	C	T	17751	13649	36	1	1	34	5.63317e-05	17752	0.999996	FALSE	NA	NA	NA	NA	NA	NA
NC_045512.2	11564	C	T	17612	13506	37	2	2	34	0.000113546	17614	0.999962	FALSE	NA	NA	NA	NA	NA	NA
NC_045512.2	11565	C	G	17695	13640	37	1	1	26	5.65068e-05	17697	1	FALSE	NA	NA	NA	NA	NA	NA
NC_045512.2	11565	C	A	17695	13640	37	1	1	34	5.65068e-05	17697	0.999996	FALSE	NA	NA	NA	NA	NA	NA
NC_045512.2	11566	T	C	17186	13132	37	8	5	34	0.000465279	17194	0.978402	FALSE	NA	NA	NA	NA	NA	NA
NC_045512.2	11567	A	T	17213	13153	37	1	1	34	5.80855e-05	17216	0.999996	FALSE	NA	NA	NA	NA	NA	NA
NC_045512.2	11567	A	C	17213	13153	37	2	2	26	0.000116171	17216	1	FALSE	NA	NA	NA	NA	NA	NA
NC_045512.2	11568	T	C	17353	13294	37	2	2	34	0.000115241	17355	0.999962	FALSE	NA	NA	NA	NA	NA	NA
NC_045512.2	11569	T	G	17370	13295	37	1	0	34	5.75672e-05	17371	0.999996	FALSE	NA	NA	NA	NA	NA	NA
NC_045512.2	11570	T	C	17409	13395	37	1	1	34	5.7435e-05	17411	0.999996	FALSE	NA	NA	NA	NA	NA	NA
NC_045512.2	11570	T	A	17409	13395	37	1	1	34	5.7435e-05	17411	0.999996	FALSE	NA	NA	NA	NA	NA	NA
NC_045512.2	11572	C	T	16660	13402	36	1	1	34	6.00168e-05	16662	0.999992	FALSE	NA	NA	NA	NA	NA	NA
NC_045512.2	11572	C	A	16660	13402	36	1	1	34	6.00168e-05	16662	0.999992	FALSE	NA	NA	NA	NA	NA	NA
NC_045512.2	11573	T	C	16618	13349	36	1	1	34	6.01721e-05	16619	0.999992	FALSE	NA	NA	NA	NA	NA	NA
NC_045512.2	11574	T	C	16701	13444	36	1	1	34	5.98731e-05	16702	0.999992	FALSE	NA	NA	NA	NA	NA	NA
NC_045512.2	11576	A	G	16585	13333	36	3	3	45	0.000180854	16588	0.312511	FALSE	NA	NA	NA	NA	NA	NA
NC_045512.2	11577	T	G	16672	13453	36	1	0	34	5.99736e-05	16674	0.999992	FALSE	NA	NA	NA	NA	NA	NA
NC_045512.2	11577	T	C	16672	13453	36	1	1	34	5.99736e-05	16674	0.999992	FALSE	NA	NA	NA	NA	NA	NA
NC_045512.2	11578	A	G	16666	13441	36	1	1	34	5.99988e-05	16667	0.999992	FALSE	NA	NA	NA	NA	NA	NA
NC_045512.2	11579	A	G	16764	13552	36	1	1	34	5.96481e-05	16765	0.999992	FALSE	NA	NA	NA	NA	NA	NA
NC_045512.2	11580	C	A	16689	13663	36	2	2	34	0.000119825	16691	0.999928	FALSE	NA	NA	NA	NA	NA	NA
NC_045512.2	11581	T	G	19593	16823	36	4	0	34	0.000204113	19597	0.999757	FALSE	NA	NA	NA	NA	NA	NA
NC_045512.2	11581	T	-G	19593	16823	36	1	0	20	5.10282e-05	19597	1	FALSE	NA	NA	NA	NA	NA	NA
NC_045512.2	11584	T	C	19543	16701	36	3	3	31	0.000153476	19547	0.99994	FALSE	NA	NA	NA	NA	NA	NA
NC_045512.2	11584	T	A	19543	16701	36	1	1	26	5.11587e-05	19547	1	FALSE	NA	NA	NA	NA	NA	NA
NC_045512.2	11586	A	G	20757	17858	37	1	0	34	4.81742e-05	20758	1	FALSE	NA	NA	NA	NA	NA	NA
NC_045512.2	11587	T	G	20725	17958	36	1	1	34	4.82416e-05	20729	1	FALSE	NA	NA	NA	NA	NA	NA
NC_045512.2	11587	T	C	20725	17958	36	2	2	34	9.64832e-05	20729	0.999995	FALSE	NA	NA	NA	NA	NA	NA
NC_045512.2	11587	T	A	20725	17958	36	1	1	26	4.82416e-05	20729	1	FALSE	NA	NA	NA	NA	NA	NA
NC_045512.2	11588	A	G	20589	18047	36	4	4	42	0.000194241	20593	0.343761	FALSE	NA	NA	NA	NA	NA	NA
NC_045512.2	11589	C	T	20778	18073	37	1	1	34	4.81232e-05	20780	1	FALSE	NA	NA	NA	NA	NA	NA
NC_045512.2	11589	C	A	20778	18073	37	1	1	26	4.81232e-05	20780	1	FALSE	NA	NA	NA	NA	NA	NA
NC_045512.2	11590	A	G	20131	17426	36	1	1	34	4.96722e-05	20132	1	FALSE	NA	NA	NA	NA	NA	NA
NC_045512.2	11591	C	T	21037	18416	37	1	1	34	4.7533e-05	21038	1	FALSE	NA	NA	NA	NA	NA	NA
NC_045512.2	11592	T	C	20124	17520	37	1	1	34	4.96894e-05	20125	1	FALSE	NA	NA	NA	NA	NA	NA
NC_045512.2	11593	T	C	22315	19875	37	2	2	29	8.96138e-05	22318	1	FALSE	NA	NA	NA	NA	NA	NA
NC_045512.2	11593	T	A	22315	19875	37	1	1	68	4.48069e-05	22318	0.499989	FALSE	NA	NA	NA	NA	NA	NA
NC_045512.2	11594	C	T	22225	19869	37	1	1	34	4.49903e-05	22227	1	FALSE	NA	NA	NA	NA	NA	NA
NC_045512.2	11594	C	A	22225	19869	37	1	1	68	4.49903e-05	22227	0.5	FALSE	NA	NA	NA	NA	NA	NA
NC_045512.2	11595	A	T	21899	19541	37	1	1	34	4.56433e-05	21909	1	FALSE	NA	NA	NA	NA	NA	NA
NC_045512.2	11595	A	G	21899	19541	37	9	9	33	0.00041079	21909	0.991955	FALSE	NA	NA	NA	NA	NA	NA
NC_045512.2	11597	T	C	21778	19525	37	2	2	34	9.18274e-05	21780	0.999997	FALSE	NA	NA	NA	NA	NA	NA
NC_045512.2	11598	G	C	21887	19526	37	1	0	26	4.5685e-05	21889	1	FALSE	NA	NA	NA	NA	NA	NA
NC_045512.2	11598	G	A	21887	19526	37	1	1	34	4.5685e-05	21889	1	FALSE	NA	NA	NA	NA	NA	NA
NC_045512.2	11599	T	C	21667	19389	37	1	0	68	4.6151e-05	21668	0.500012	FALSE	NA	NA	NA	NA	NA	NA
NC_045512.2	11600	A	T	21582	19368	37	5	5	34	0.000231589	21590	0.999734	FALSE	NA	NA	NA	NA	NA	NA
NC_045512.2	11600	A	G	21582	19368	37	3	3	40	0.000138953	21590	0.499913	FALSE	NA	NA	NA	NA	NA	NA
NC_045512.2	11601	T	C	22481	20364	37	1	1	34	4.44781e-05	22483	1	FALSE	NA	NA	NA	NA	NA	NA
NC_045512.2	11601	T	A	22481	20364	37	1	1	68	4.44781e-05	22483	0.5	FALSE	NA	NA	NA	NA	NA	NA
NC_045512.2	11602	A	G	22026	20188	37	4	4	34	0.000181521	22036	0.999956	FALSE	NA	NA	NA	NA	NA	NA
NC_045512.2	11602	A	C	22026	20188	37	6	6	30	0.000272282	22036	0.999545	FALSE	NA	NA	NA	NA	NA	NA
NC_045512.2	11603	A	G	22231	20387	37	2	2	51	8.99564e-05	22233	0.250006	FALSE	NA	NA	NA	NA	NA	NA
NC_045512.2	11604	T	C	22332	20506	37	5	5	40	0.000223844	22337	0.226562	FALSE	NA	NA	NA	NA	NA	NA
NC_045512.2	11607	T	-A	20628	19159	37	1	0	20	4.84778e-05	20628	1	FALSE	NA	NA	NA	NA	NA	NA
NC_045512.2	11608	A	G	20660	19197	37	2	2	34	9.67914e-05	20663	0.999995	FALSE	NA	NA	NA	NA	NA	NA
NC_045512.2	11608	A	C	20660	19197	37	1	1	26	4.83957e-05	20663	1	FALSE	NA	NA	NA	NA	NA	NA
NC_045512.2	11609	G	A	20615	19148	37	2	2	51	9.70073e-05	20617	0.250006	FALSE	NA	NA	NA	NA	NA	NA
NC_045512.2	11610	T	C	13614	12154	34	1	1	34	7.34484e-05	13615	0.999939	FALSE	NA	NA	NA	NA	NA	NA
NC_045512.2	11611	T	A	20615	19157	37	1	1	26	4.8506e-05	20616	1	FALSE	NA	NA	NA	NA	NA	NA
NC_045512.2	11612	T	C	19641	18184	35	5	5	32	0.000254505	19646	0.999231	FALSE	NA	NA	NA	NA	NA	NA
NC_045512.2	11613	A	G	20251	18795	37	1	1	34	4.93778e-05	20252	1	FALSE	NA	NA	NA	NA	NA	NA
NC_045512.2	11614	T	C	20346	18903	37	3	3	34	0.000147427	20349	0.999967	FALSE	NA	NA	NA	NA	NA	NA
NC_045512.2	11615	T	C	20323	18890	37	3	3	34	0.000147594	20326	0.999967	FALSE	NA	NA	NA	NA	NA	NA
NC_045512.2	11617	T	C	19865	18502	37	2	2	34	0.000100669	19867	0.99999	FALSE	NA	NA	NA	NA	NA	NA
NC_045512.2	11618	T	C	19825	18464	37	1	1	34	5.04363e-05	19827	0.999999	FALSE	NA	NA	NA	NA	NA	NA
NC_045512.2	11618	T	A	19825	18464	37	1	0	68	5.04363e-05	19827	0.5	FALSE	NA	NA	NA	NA	NA	NA
NC_045512.2	11619	T	G	18879	17525	35	2	0	27	0.000105915	18883	1	FALSE	NA	NA	NA	NA	NA	NA
NC_045512.2	11619	T	C	18879	17525	35	2	1	51	0.000105915	18883	0.24998	FALSE	NA	NA	NA	NA	NA	NA
NC_045512.2	11621	T	G	19712	18381	37	1	1	34	5.07279e-05	19713	0.999999	FALSE	NA	NA	NA	NA	NA	NA
NC_045512.2	11622	T	C	19654	18327	36	4	4	32	0.000203479	19658	0.999757	FALSE	NA	NA	NA	NA	NA	NA
NC_045512.2	11623	A	G	19738	18420	37	1	1	34	5.06586e-05	19740	0.999999	FALSE	NA	NA	NA	NA	NA	NA
NC_045512.2	11623	A	C	19738	18420	37	1	1	34	5.06586e-05	19740	0.999999	FALSE	NA	NA	NA	NA	NA	NA
NC_045512.2	11625	G	A	19605	18291	37	2	2	34	0.000102004	19607	0.99999	FALSE	NA	NA	NA	NA	NA	NA
NC_045512.2	11626	C	T	19628	18326	37	2	2	34	0.000101885	19630	0.99999	FALSE	NA	NA	NA	NA	NA	NA
NC_045512.2	11627	T	C	18475	17186	36	2	1	51	0.000108243	18477	0.250007	FALSE	NA	NA	NA	NA	NA	NA
NC_045512.2	11628	A	G	18873	17581	37	2	2	34	0.000105943	18878	0.99998	FALSE	NA	NA	NA	NA	NA	NA
NC_045512.2	11628	A	C	18873	17581	37	3	3	34	0.000158915	18878	0.99989	FALSE	NA	NA	NA	NA	NA	NA
NC_045512.2	11628	A	-T	18873	17581	37	2	0	20	0.000105943	18878	1	FALSE	NA	NA	NA	NA	NA	NA
NC_045512.2	11629	T	C	18528	17240	36	2	2	34	0.000107933	18530	0.99998	FALSE	NA	NA	NA	NA	NA	NA
NC_045512.2	11630	T	G	18330	17048	37	1	1	24	5.45464e-05	18333	1	FALSE	NA	NA	NA	NA	NA	NA
NC_045512.2	11630	T	C	18330	17048	37	2	2	34	0.000109093	18333	0.99998	FALSE	NA	NA	NA	NA	NA	NA
NC_045512.2	11631	T	C	17771	16489	36	1	1	24	5.62683e-05	17772	1	FALSE	NA	NA	NA	NA	NA	NA
NC_045512.2	11632	T	C	18240	16958	37	3	3	34	0.000164447	18243	0.99989	FALSE	NA	NA	NA	NA	NA	NA
NC_045512.2	11633	T	C	17959	16756	37	1	1	34	5.56793e-05	17960	0.999996	FALSE	NA	NA	NA	NA	NA	NA
NC_045512.2	11634	G	A	17948	16745	37	2	2	34	0.000111421	17950	0.999962	FALSE	NA	NA	NA	NA	NA	NA
NC_045512.2	11635	T	C	17830	16669	36	3	3	34	0.000168227	17833	0.9998	FALSE	NA	NA	NA	NA	NA	NA
NC_045512.2	11638	T	C	16872	15799	36	3	2	31	0.000177778	16875	0.999637	FALSE	NA	NA	NA	NA	NA	NA
NC_045512.2	11639	T	C	16829	15757	36	2	2	34	0.000118828	16831	0.999928	FALSE	NA	NA	NA	NA	NA	NA
NC_045512.2	11640	G	-TT	16864	15794	36	1	0	20	5.92979e-05	16864	1	FALSE	NA	NA	NA	NA	NA	NA
NC_045512.2	11640	G	-T	16864	15794	36	1	0	20	5.92979e-05	16864	1	FALSE	NA	NA	NA	NA	NA	NA
NC_045512.2	11641	T	C	16734	15792	36	1	1	26	5.9755e-05	16735	1	FALSE	NA	NA	NA	NA	NA	NA
NC_045512.2	11642	T	C	16713	15774	36	1	1	26	5.98301e-05	16714	1	FALSE	NA	NA	NA	NA	NA	NA
NC_045512.2	11643	A	T	16661	15729	36	2	2	34	0.000120026	16663	0.999928	FALSE	NA	NA	NA	NA	NA	NA
NC_045512.2	11644	C	-T	16645	15743	36	1	0	20	6.00781e-05	16645	1	FALSE	NA	NA	NA	NA	NA	NA
NC_045512.2	11645	T	A	16291	15368	36	1	1	34	6.13798e-05	16292	0.999992	FALSE	NA	NA	NA	NA	NA	NA
NC_045512.2	11646	T	C	16167	15249	36	1	1	34	6.18467e-05	16169	0.999992	FALSE	NA	NA	NA	NA	NA	NA
NC_045512.2	11646	T	A	16167	15249	36	1	1	34	6.18467e-05	16169	0.999992	FALSE	NA	NA	NA	NA	NA	NA
NC_045512.2	11647	T	C	15963	15050	36	1	1	34	6.26409e-05	15964	0.999985	FALSE	NA	NA	NA	NA	NA	NA
NC_045512.2	11648	G	A	15844	14932	36	3	3	34	0.00018931	15847	0.999346	FALSE	NA	NA	NA	NA	NA	NA
NC_045512.2	11649	G	A	15852	14944	36	2	2	34	0.000126151	15854	0.999863	FALSE	NA	NA	NA	NA	NA	NA
NC_045512.2	11650	C	A	15826	15015	36	1	1	34	6.31832e-05	15827	0.999985	FALSE	NA	NA	NA	NA	NA	NA
NC_045512.2	11651	C	T	15818	15079	35	4	4	34	0.000252765	15825	0.997791	FALSE	NA	NA	NA	NA	NA	NA
NC_045512.2	11651	C	A	15818	15079	35	3	1	68	0.000189573	15825	0.124953	FALSE	NA	NA	NA	NA	NA	NA
NC_045512.2	11652	T	C	15562	14818	35	4	4	34	0.00025697	15566	0.997791	FALSE	NA	NA	NA	NA	NA	NA
NC_045512.2	11653	C	T	15498	14756	36	4	4	34	0.000257998	15504	0.997789	FALSE	NA	NA	NA	NA	NA	NA
NC_045512.2	11653	C	G	15498	14756	36	2	2	34	0.000128999	15504	0.999863	FALSE	NA	NA	NA	NA	NA	NA
NC_045512.2	11653	C	-T	15498	14756	36	1	0	20	6.4487e-05	15507	1	FALSE	NA	NA	NA	NA	NA	NA
NC_045512.2	11654	T	G	15529	14786	36	3	3	34	0.000192901	15552	0.999339	FALSE	NA	NA	NA	NA	NA	NA
NC_045512.2	11654	T	C	15529	14786	36	20	20	35	0.00128601	15552	0.249294	FALSE	NA	NA	NA	NA	NA	NA
NC_045512.2	11656	T	C	16605	14853	35	1	1	34	6.02119e-05	16608	0.999992	FALSE	NA	NA	NA	NA	NA	NA
NC_045512.2	11656	T	A	16605	14853	35	2	0	26	0.000120424	16608	1	FALSE	NA	NA	NA	NA	NA	NA
NC_045512.2	11658	G	A	16328	14667	35	1	1	26	6.12407e-05	16329	1	FALSE	NA	NA	NA	NA	NA	NA
NC_045512.2	11661	T	C	16240	14563	35	1	1	34	6.15726e-05	16241	0.999992	FALSE	NA	NA	NA	NA	NA	NA
NC_045512.2	11662	A	G	15605	13919	35	3	2	34	0.000192209	15608	0.999345	FALSE	NA	NA	NA	NA	NA	NA
NC_045512.2	11664	T	C	14637	12975	35	3	3	34	0.000204904	14641	0.998827	FALSE	NA	NA	NA	NA	NA	NA
NC_045512.2	11664	T	A	14637	12975	35	1	1	34	6.83013e-05	14641	0.99997	FALSE	NA	NA	NA	NA	NA	NA
NC_045512.2	11667	A	G	14415	12738	35	1	1	34	6.93674e-05	14416	0.99997	FALSE	NA	NA	NA	NA	NA	NA
NC_045512.2	11669	C	T	14402	12649	35	3	3	34	0.000208247	14406	0.998828	FALSE	NA	NA	NA	NA	NA	NA
NC_045512.2	11669	C	A	14402	12649	35	1	1	34	6.94155e-05	14406	0.99997	FALSE	NA	NA	NA	NA	NA	NA
NC_045512.2	11669	C	-G	14402	12649	35	1	0	20	6.94155e-05	14406	1	FALSE	NA	NA	NA	NA	NA	NA
NC_045512.2	11669	C	+A	14402	12649	35	3	0	20	0.000208247	14406	1	FALSE	NA	NA	NA	NA	NA	NA
NC_045512.2	11670	G	C	14406	12602	35	1	1	34	6.94011e-05	14409	0.99997	FALSE	NA	NA	NA	NA	NA	NA
NC_045512.2	11670	G	A	14406	12602	35	2	2	34	0.000138802	14409	0.999741	FALSE	NA	NA	NA	NA	NA	NA
NC_045512.2	11671	C	T	14408	12551	35	3	3	31	0.000208174	14411	0.998829	FALSE	NA	NA	NA	NA	NA	NA
NC_045512.2	11672	T	C	14321	12480	35	4	4	32	0.000279232	14325	0.996242	FALSE	NA	NA	NA	NA	NA	NA
NC_045512.2	11673	A	C	15034	12462	35	3	0	34	0.000199508	15037	0.999346	FALSE	NA	NA	NA	NA	NA	NA
NC_045512.2	11674	C	T	14191	12407	35	822	39	35	0.0547525	15013	7.72119e-226	TRUE	NA	NA	NA	NA	NA	NA
NC_045512.2	11676	T	C	14776	12206	35	2	2	34	0.000135336	14778	0.999742	FALSE	NA	NA	NA	NA	NA	NA
NC_045512.2	11678	A	T	14696	12136	35	1	1	34	6.80318e-05	14699	0.99997	FALSE	NA	NA	NA	NA	NA	NA
NC_045512.2	11678	A	G	14696	12136	35	1	1	34	6.80318e-05	14699	0.99997	FALSE	NA	NA	NA	NA	NA	NA
NC_045512.2	11678	A	C	14696	12136	35	1	1	34	6.80318e-05	14699	0.99997	FALSE	NA	NA	NA	NA	NA	NA
NC_045512.2	11679	G	C	14740	12132	35	1	1	34	6.7838e-05	14741	0.99997	FALSE	NA	NA	NA	NA	NA	NA
NC_045512.2	11681	C	A	14494	11987	35	1	1	34	6.89893e-05	14495	0.99997	FALSE	NA	NA	NA	NA	NA	NA
NC_045512.2	11682	T	C	9807	7377	35	1	1	34	0.000101906	9813	0.999024	FALSE	NA	NA	NA	NA	NA	NA
NC_045512.2	11682	T	A	9807	7377	35	5	0	34	0.000509528	9813	0.910295	FALSE	NA	NA	NA	NA	NA	NA
NC_045512.2	11683	G	T	9967	7345	35	1	1	26	0.000100291	9971	1	FALSE	NA	NA	NA	NA	NA	NA
NC_045512.2	11683	G	C	9967	7345	35	2	2	30	0.000200582	9971	0.994149	FALSE	NA	NA	NA	NA	NA	NA
NC_045512.2	11683	G	A	9967	7345	35	1	1	34	0.000100291	9971	0.999025	FALSE	NA	NA	NA	NA	NA	NA
NC_045512.2	11684	A	G	9910	7325	35	2	1	34	0.000201715	9915	0.994146	FALSE	NA	NA	NA	NA	NA	NA
NC_045512.2	11684	A	C	9910	7325	35	3	3	31	0.000302572	9915	0.980733	FALSE	NA	NA	NA	NA	NA	NA
NC_045512.2	11685	C	A	10082	7334	35	1	1	34	9.91768e-05	10083	0.999513	FALSE	NA	NA	NA	NA	NA	NA
NC_045512.2	11695	T	C	2731	134	36	1	0	34	0.000366032	2732	0.875137	FALSE	NA	NA	NA	NA	NA	NA
NC_045512.2	11698	T	C	2757	139	36	1	1	24	0.000362582	2758	1	FALSE	NA	NA	NA	NA	NA	NA
NC_045512.2	11700	A	T	2683	141	36	1	0	26	0.000372578	2684	1	FALSE	NA	NA	NA	NA	NA	NA
NC_045512.2	11709	T	A	2867	164	36	2	0	34	0.000697107	2869	0.687696	FALSE	NA	NA	NA	NA	NA	NA
NC_045512.2	11710	T	C	2864	171	36	1	0	34	0.00034904	2865	0.875131	FALSE	NA	NA	NA	NA	NA	NA
NC_045512.2	11712	C	T	2913	176	36	1	0	68	0.000343171	2914	0.500086	FALSE	NA	NA	NA	NA	NA	NA
NC_045512.2	11718	A	G	2973	180	37	1	0	34	0.000336247	2974	0.875126	FALSE	NA	NA	NA	NA	NA	NA
NC_045512.2	11724	T	A	3265	222	37	1	0	34	0.000306185	3266	0.937596	FALSE	NA	NA	NA	NA	NA	NA
NC_045512.2	11725	T	C	3278	224	37	2	1	51	0.000609756	3280	0.250038	FALSE	NA	NA	NA	NA	NA	NA
NC_045512.2	11726	A	G	3293	224	37	3	0	34	0.000910194	3296	0.656463	FALSE	NA	NA	NA	NA	NA	NA
NC_045512.2	11740	A	G	3073	363	37	1	0	34	0.000325309	3074	0.937602	FALSE	NA	NA	NA	NA	NA	NA
NC_045512.2	11752	C	T	3146	580	39	4	0	34	0.00126984	3150	0.500174	FALSE	NA	NA	NA	NA	NA	NA
NC_045512.2	11756	C	A	2958	610	39	1	1	68	0.000337952	2959	0.500085	FALSE	NA	NA	NA	NA	NA	NA
NC_045512.2	11763	A	G	2981	668	39	1	0	26	0.000335345	2982	1	FALSE	NA	NA	NA	NA	NA	NA
NC_045512.2	11768	A	T	2834	617	39	281	66	38	0.0902087	3115	1.97659e-82	TRUE	NA	NA	NA	NA	NA	NA
NC_045512.2	11770	A	G	2986	670	38	1	0	34	0.000334784	2987	0.875126	FALSE	NA	NA	NA	NA	NA	NA
NC_045512.2	11794	A	G	2433	1376	37	1	1	34	0.000410846	2434	0.875154	FALSE	NA	NA	NA	NA	NA	NA
NC_045512.2	11795	T	A	2545	1377	38	1	1	34	0.000392773	2546	0.875147	FALSE	NA	NA	NA	NA	NA	NA
NC_045512.2	11806	T	C	2573	1410	38	1	1	34	0.0003885	2574	0.875146	FALSE	NA	NA	NA	NA	NA	NA
NC_045512.2	11810	G	A	2568	1487	38	5	0	34	0.00194326	2573	0.226562	FALSE	NA	NA	NA	NA	NA	NA
NC_045512.2	11811	G	A	2556	1471	38	3	3	34	0.00117233	2559	0.500183	FALSE	NA	NA	NA	NA	NA	NA
NC_045512.2	11823	T	C	2389	1596	37	1	0	34	0.00041841	2390	0.875157	FALSE	NA	NA	NA	NA	NA	NA
NC_045512.2	11827	A	G	2380	1611	37	2	0	34	0.000839631	2382	0.687736	FALSE	NA	NA	NA	NA	NA	NA
NC_045512.2	11835	C	T	2416	1556	37	1	1	34	0.000413565	2418	0.875078	FALSE	NA	NA	NA	NA	NA	NA
NC_045512.2	11835	C	G	2416	1556	37	1	1	26	0.000413565	2418	1	FALSE	NA	NA	NA	NA	NA	NA
NC_045512.2	11836	T	C	2355	1492	37	1	1	34	0.000424448	2356	0.875159	FALSE	NA	NA	NA	NA	NA	NA
NC_045512.2	11841	A	G	2315	1418	37	1	1	34	0.000431779	2316	0.875162	FALSE	NA	NA	NA	NA	NA	NA
NC_045512.2	11846	A	T	2327	1566	36	1	1	26	0.000429553	2328	1	FALSE	NA	NA	NA	NA	NA	NA
NC_045512.2	11847	A	C	2350	1591	36	1	1	26	0.000425351	2351	1	FALSE	NA	NA	NA	NA	NA	NA
NC_045512.2	11851	G	A	2356	1654	36	2	2	34	0.000848176	2358	0.687739	FALSE	NA	NA	NA	NA	NA	NA
NC_045512.2	11857	T	C	2374	1700	36	2	2	34	0.000841751	2376	0.687737	FALSE	NA	NA	NA	NA	NA	NA
NC_045512.2	11865	G	T	2386	1756	36	6	6	34	0.00250836	2392	0.144463	FALSE	NA	NA	NA	NA	NA	NA
NC_045512.2	11870	T	C	2427	1844	35	1	1	34	0.000411692	2429	0.875077	FALSE	NA	NA	NA	NA	NA	NA
NC_045512.2	11870	T	A	2427	1844	35	1	0	34	0.000411692	2429	0.875077	FALSE	NA	NA	NA	NA	NA	NA
NC_045512.2	11873	G	A	2373	1790	35	1	1	34	0.00042123	2374	0.875158	FALSE	NA	NA	NA	NA	NA	NA
NC_045512.2	11883	T	C	2252	1728	36	1	1	34	0.000443853	2253	0.875166	FALSE	NA	NA	NA	NA	NA	NA
NC_045512.2	11886	C	G	2098	1592	37	2	2	34	0.000952381	2100	0.687768	FALSE	NA	NA	NA	NA	NA	NA
NC_045512.2	11891	T	C	2162	1752	38	2	1	34	0.000924214	2164	0.68776	FALSE	NA	NA	NA	NA	NA	NA
NC_045512.2	11900	C	T	2125	1744	38	1	0	34	0.000470367	2126	0.875176	FALSE	NA	NA	NA	NA	NA	NA
NC_045512.2	11905	A	C	2099	1721	38	2	2	30	0.000951928	2101	0.687768	FALSE	NA	NA	NA	NA	NA	NA
NC_045512.2	11912	T	C	2095	1736	38	2	2	34	0.000953743	2097	0.687768	FALSE	NA	NA	NA	NA	NA	NA
NC_045512.2	11916	C	A	2177	1841	38	1	1	34	0.000459137	2178	0.875172	FALSE	NA	NA	NA	NA	NA	NA
NC_045512.2	11920	T	C	2315	2021	38	1	1	34	0.000431779	2316	0.875162	FALSE	NA	NA	NA	NA	NA	NA
NC_045512.2	11921	A	G	2345	2049	38	1	0	27	0.000426257	2346	1	FALSE	NA	NA	NA	NA	NA	NA
NC_045512.2	11923	A	G	2427	2141	38	1	1	26	0.000411862	2428	1	FALSE	NA	NA	NA	NA	NA	NA
NC_045512.2	11934	A	G	2357	2141	37	1	1	34	0.000424088	2358	0.875159	FALSE	NA	NA	NA	NA	NA	NA
NC_045512.2	11946	T	C	2075	1930	36	1	1	34	0.000481696	2076	0.875181	FALSE	NA	NA	NA	NA	NA	NA
NC_045512.2	11947	A	G	2074	1929	36	1	1	26	0.000481928	2075	1	FALSE	NA	NA	NA	NA	NA	NA
NC_045512.2	11948	C	T	2046	1902	36	1	1	34	0.00048852	2047	0.875183	FALSE	NA	NA	NA	NA	NA	NA
NC_045512.2	11949	A	G	2032	1888	36	2	2	68	0.000983284	2034	0.250061	FALSE	NA	NA	NA	NA	NA	NA
NC_045512.2	11952	A	G	1914	1771	36	1	1	34	0.000522193	1915	0.750196	FALSE	NA	NA	NA	NA	NA	NA
NC_045512.2	11953	T	C	1880	1738	36	1	1	34	0.000531632	1881	0.750199	FALSE	NA	NA	NA	NA	NA	NA
NC_045512.2	11956	C	T	1857	1732	36	3	3	34	0.0016129	1860	0.312601	FALSE	NA	NA	NA	NA	NA	NA
NC_045512.2	11957	A	-T	1820	1694	36	2	0	20	0.0010989	1820	0.999981	FALSE	NA	NA	NA	NA	NA	NA
NC_045512.2	11961	T	C	1710	1587	34	1	1	34	0.000584454	1711	0.750219	FALSE	NA	NA	NA	NA	NA	NA
NC_045512.2	11963	T	C	1672	1599	35	1	1	34	0.000597729	1673	0.750224	FALSE	NA	NA	NA	NA	NA	NA
NC_045512.2	11968	T	G	12178	1976	34	1	0	26	8.21085e-05	12179	1	FALSE	NA	NA	NA	NA	NA	NA
NC_045512.2	11968	T	-A	12178	1976	34	1	0	20	8.21085e-05	12179	1	FALSE	NA	NA	NA	NA	NA	NA
NC_045512.2	11970	A	G	12297	1924	34	5	0	34	0.000406438	12302	0.975527	FALSE	NA	NA	NA	NA	NA	NA
NC_045512.2	11971	A	G	15201	1958	34	9	1	33	0.000591716	15210	0.924309	FALSE	NA	NA	NA	NA	NA	NA
NC_045512.2	11973	A	G	18012	1970	33	4	0	32	0.000222025	18016	0.999574	FALSE	NA	NA	NA	NA	NA	NA
NC_045512.2	11975	A	G	18285	1873	34	5	0	34	0.000273373	18290	0.998705	FALSE	NA	NA	NA	NA	NA	NA
NC_045512.2	11976	C	T	19729	1942	34	4	0	34	0.000202706	19733	0.999757	FALSE	NA	NA	NA	NA	NA	NA
NC_045512.2	11977	T	G	19725	1909	34	1	0	34	5.06919e-05	19727	0.999999	FALSE	NA	NA	NA	NA	NA	NA
NC_045512.2	11977	T	C	19725	1909	34	1	0	34	5.06919e-05	19727	0.999999	FALSE	NA	NA	NA	NA	NA	NA
NC_045512.2	11978	A	G	20808	1953	34	1	0	34	4.80561e-05	20809	1	FALSE	NA	NA	NA	NA	NA	NA
NC_045512.2	11979	C	T	20834	1961	34	1	0	34	4.79962e-05	20835	1	FALSE	NA	NA	NA	NA	NA	NA
NC_045512.2	11980	T	G	20607	1743	34	1	0	34	4.85107e-05	20614	1	FALSE	NA	NA	NA	NA	NA	NA
NC_045512.2	11980	T	C	20607	1743	34	3	0	34	0.000145532	20614	0.999967	FALSE	NA	NA	NA	NA	NA	NA
NC_045512.2	11980	T	A	20607	1743	34	3	3	34	0.000145532	20614	0.999967	FALSE	NA	NA	NA	NA	NA	NA
NC_045512.2	11981	G	A	20616	1748	34	3	0	31	0.000145497	20619	0.999967	FALSE	NA	NA	NA	NA	NA	NA
NC_045512.2	11982	A	G	20590	1756	34	1	0	34	4.85649e-05	20591	1	FALSE	NA	NA	NA	NA	NA	NA
NC_045512.2	11983	A	G	20565	1754	34	4	0	32	0.000194467	20569	0.999862	FALSE	NA	NA	NA	NA	NA	NA
NC_045512.2	11984	G	A	20586	1736	34	2	0	34	9.7144e-05	20588	0.999995	FALSE	NA	NA	NA	NA	NA	NA
NC_045512.2	11986	C	G	20499	1660	34	4	0	32	0.000195065	20506	0.999862	FALSE	NA	NA	NA	NA	NA	NA
NC_045512.2	11986	C	A	20499	1660	34	3	0	31	0.000146299	20506	0.999967	FALSE	NA	NA	NA	NA	NA	NA
NC_045512.2	11987	T	C	20310	1438	34	2	0	34	9.8464e-05	20312	0.999995	FALSE	NA	NA	NA	NA	NA	NA
NC_045512.2	11988	T	G	20329	1477	34	1	0	27	4.91811e-05	20333	1	FALSE	NA	NA	NA	NA	NA	NA
NC_045512.2	11988	T	C	20329	1477	34	3	1	30	0.000147543	20333	0.999967	FALSE	NA	NA	NA	NA	NA	NA
NC_045512.2	11989	T	C	20334	1484	34	4	0	34	0.000196676	20338	0.999862	FALSE	NA	NA	NA	NA	NA	NA
NC_045512.2	11990	G	-A	20430	1480	34	7	0	20	0.000342633	20430	1	FALSE	NA	NA	NA	NA	NA	NA
NC_045512.2	11990	G	+A	20430	1480	34	2	0	20	9.78953e-05	20430	1	FALSE	NA	NA	NA	NA	NA	NA
NC_045512.2	11991	A	G	20467	1538	34	3	0	34	0.000146556	20470	0.999967	FALSE	NA	NA	NA	NA	NA	NA
NC_045512.2	11992	A	G	20467	1626	35	2	0	34	9.77087e-05	20469	0.999995	FALSE	NA	NA	NA	NA	NA	NA
NC_045512.2	11993	A	G	20522	1701	35	1	0	34	4.87258e-05	20523	1	FALSE	NA	NA	NA	NA	NA	NA
NC_045512.2	11994	A	G	20467	1706	35	1	0	34	4.88568e-05	20468	1	FALSE	NA	NA	NA	NA	NA	NA
NC_045512.2	11996	A	G	20428	1697	35	4	0	34	0.000195771	20432	0.999862	FALSE	NA	NA	NA	NA	NA	NA
NC_045512.2	11997	T	G	20548	1713	35	1	0	26	4.86618e-05	20550	1	FALSE	NA	NA	NA	NA	NA	NA
NC_045512.2	11997	T	A	20548	1713	35	1	0	26	4.86618e-05	20550	1	FALSE	NA	NA	NA	NA	NA	NA
NC_045512.2	11998	G	T	20567	1712	35	1	0	34	4.86169e-05	20569	1	FALSE	NA	NA	NA	NA	NA	NA
NC_045512.2	11998	G	A	20567	1712	35	1	0	34	4.86169e-05	20569	1	FALSE	NA	NA	NA	NA	NA	NA
NC_045512.2	11999	G	A	20690	1706	35	1	0	34	4.83302e-05	20691	1	FALSE	NA	NA	NA	NA	NA	NA
NC_045512.2	12000	T	C	20843	1935	35	1	0	34	4.79731e-05	20845	1	FALSE	NA	NA	NA	NA	NA	NA
NC_045512.2	12000	T	A	20843	1935	35	1	0	34	4.79731e-05	20845	1	FALSE	NA	NA	NA	NA	NA	NA
NC_045512.2	12001	T	A	20869	1933	36	2	0	34	9.58267e-05	20871	0.999995	FALSE	NA	NA	NA	NA	NA	NA
NC_045512.2	12002	T	A	20936	1943	36	1	0	34	4.77623e-05	20937	1	FALSE	NA	NA	NA	NA	NA	NA
NC_045512.2	12003	C	T	21060	1956	36	2	1	34	9.49532e-05	21063	0.999997	FALSE	NA	NA	NA	NA	NA	NA
NC_045512.2	12003	C	G	21060	1956	36	1	0	34	4.74766e-05	21063	1	FALSE	NA	NA	NA	NA	NA	NA
NC_045512.2	12004	A	G	21390	1945	35	1	0	34	4.67486e-05	21391	1	FALSE	NA	NA	NA	NA	NA	NA
NC_045512.2	12006	T	C	21530	2010	36	1	1	68	4.64447e-05	21531	0.500012	FALSE	NA	NA	NA	NA	NA	NA
NC_045512.2	12007	A	G	21654	2041	36	2	0	34	9.23532e-05	21656	0.999997	FALSE	NA	NA	NA	NA	NA	NA
NC_045512.2	12009	T	G	21206	1309	36	1	0	34	4.71498e-05	21209	1	FALSE	NA	NA	NA	NA	NA	NA
NC_045512.2	12009	T	A	21206	1309	36	2	0	34	9.42996e-05	21209	0.999997	FALSE	NA	NA	NA	NA	NA	NA
NC_045512.2	12013	T	C	21435	1369	36	2	0	34	9.32966e-05	21437	0.999997	FALSE	NA	NA	NA	NA	NA	NA
NC_045512.2	12014	G	-T	21616	1371	36	3	0	20	0.000138786	21616	1	FALSE	NA	NA	NA	NA	NA	NA
NC_045512.2	12015	T	C	21617	1522	36	2	1	29	9.25112e-05	21619	1	FALSE	NA	NA	NA	NA	NA	NA
NC_045512.2	12016	T	G	21615	1507	36	1	0	68	4.6262e-05	21616	0.500012	FALSE	NA	NA	NA	NA	NA	NA
NC_045512.2	12017	T	C	21630	1525	36	1	0	34	4.62299e-05	21631	1	FALSE	NA	NA	NA	NA	NA	NA
NC_045512.2	12018	T	G	21630	1525	36	1	1	27	4.62257e-05	21633	1	FALSE	NA	NA	NA	NA	NA	NA
NC_045512.2	12018	T	C	21630	1525	36	2	1	51	9.24513e-05	21633	0.249994	FALSE	NA	NA	NA	NA	NA	NA
NC_045512.2	12019	G	A	21691	1524	36	1	0	34	4.60999e-05	21692	1	FALSE	NA	NA	NA	NA	NA	NA
NC_045512.2	12020	C	T	21621	1565	36	2	0	34	9.24898e-05	21624	0.999997	FALSE	NA	NA	NA	NA	NA	NA
NC_045512.2	12020	C	A	21621	1565	36	1	0	34	4.62449e-05	21624	1	FALSE	NA	NA	NA	NA	NA	NA
NC_045512.2	12021	T	C	21894	1568	36	3	0	34	0.000137005	21897	0.999982	FALSE	NA	NA	NA	NA	NA	NA
NC_045512.2	12022	T	C	21941	1599	36	4	1	31	0.000182274	21945	0.999922	FALSE	NA	NA	NA	NA	NA	NA
NC_045512.2	12023	T	C	22039	1619	37	2	0	34	9.074e-05	22041	0.999999	FALSE	NA	NA	NA	NA	NA	NA
NC_045512.2	12024	C	T	22009	1652	37	2	0	34	9.08637e-05	22011	0.999999	FALSE	NA	NA	NA	NA	NA	NA
NC_045512.2	12025	C	T	22022	1658	37	1	0	34	4.54071e-05	22023	1	FALSE	NA	NA	NA	NA	NA	NA
NC_045512.2	12027	T	G	22473	1686	37	1	0	34	4.44919e-05	22476	1	FALSE	NA	NA	NA	NA	NA	NA
NC_045512.2	12027	T	C	22473	1686	37	2	0	30	8.89838e-05	22476	0.999999	FALSE	NA	NA	NA	NA	NA	NA
NC_045512.2	12028	G	A	22598	1695	37	5	1	52	0.00022121	22603	0.0312465	FALSE	NA	NA	NA	NA	NA	NA
NC_045512.2	12029	C	T	22456	1698	36	8	1	38	0.00035611	22465	0.997396	FALSE	NA	NA	NA	NA	NA	NA
NC_045512.2	12029	C	G	22456	1698	36	1	0	34	4.45137e-05	22465	1	FALSE	NA	NA	NA	NA	NA	NA
NC_045512.2	12030	A	T	22491	1697	37	3	0	34	0.000133369	22494	0.99999	FALSE	NA	NA	NA	NA	NA	NA
NC_045512.2	12031	G	A	23459	1710	37	1	0	34	4.26257e-05	23460	1	FALSE	NA	NA	NA	NA	NA	NA
NC_045512.2	12032	G	T	23449	1862	37	2	0	68	8.52842e-05	23451	0.250005	FALSE	NA	NA	NA	NA	NA	NA
NC_045512.2	12033	G	A	25485	1922	37	3	0	34	0.000117702	25488	0.999998	FALSE	NA	NA	NA	NA	NA	NA
NC_045512.2	12034	T	C	25479	1953	37	1	0	34	3.92449e-05	25481	1	FALSE	NA	NA	NA	NA	NA	NA
NC_045512.2	12034	T	A	25479	1953	37	1	0	34	3.92449e-05	25481	1	FALSE	NA	NA	NA	NA	NA	NA
NC_045512.2	12035	G	A	26295	1952	37	7	0	34	0.000266139	26302	0.999839	FALSE	NA	NA	NA	NA	NA	NA
NC_045512.2	12036	C	T	26347	1961	37	11	1	39	0.000417315	26359	0.996194	FALSE	NA	NA	NA	NA	NA	NA
NC_045512.2	12036	C	G	26347	1961	37	1	0	26	3.79377e-05	26359	1	FALSE	NA	NA	NA	NA	NA	NA
NC_045512.2	12037	T	C	26452	1964	37	5	0	34	0.000188986	26457	0.999983	FALSE	NA	NA	NA	NA	NA	NA
NC_045512.2	12038	G	T	26577	1974	37	2	0	34	7.52417e-05	26581	1	FALSE	NA	NA	NA	NA	NA	NA
NC_045512.2	12038	G	A	26577	1974	37	2	0	34	7.52417e-05	26581	1	FALSE	NA	NA	NA	NA	NA	NA
NC_045512.2	12039	T	C	26565	2144	37	3	1	34	0.000112918	26568	0.999999	FALSE	NA	NA	NA	NA	NA	NA
NC_045512.2	12040	A	G	26498	2143	37	9	1	37	0.000339533	26507	0.999064	FALSE	NA	NA	NA	NA	NA	NA
NC_045512.2	12041	G	T	26908	2149	37	1	0	34	3.71609e-05	26910	1	FALSE	NA	NA	NA	NA	NA	NA
NC_045512.2	12041	G	A	26908	2149	37	1	0	34	3.71609e-05	26910	1	FALSE	NA	NA	NA	NA	NA	NA
NC_045512.2	12042	A	T	26831	2623	38	1	0	34	3.72675e-05	26833	1	FALSE	NA	NA	NA	NA	NA	NA
NC_045512.2	12042	A	G	26831	2623	38	1	0	34	3.72675e-05	26833	1	FALSE	NA	NA	NA	NA	NA	NA
NC_045512.2	12043	C	T	27081	2655	38	1	0	34	3.69235e-05	27083	1	FALSE	NA	NA	NA	NA	NA	NA
NC_045512.2	12043	C	G	27081	2655	38	1	0	34	3.69235e-05	27083	1	FALSE	NA	NA	NA	NA	NA	NA
NC_045512.2	12044	A	G	26975	2715	38	2	1	51	7.41372e-05	26977	0.250005	FALSE	NA	NA	NA	NA	NA	NA
NC_045512.2	12044	A	+G	26975	2715	38	2	0	20	7.41372e-05	26977	1	FALSE	NA	NA	NA	NA	NA	NA
NC_045512.2	12045	T	G	29648	2749	38	1	0	26	3.37245e-05	29652	1	FALSE	NA	NA	NA	NA	NA	NA
NC_045512.2	12045	T	C	29648	2749	38	3	0	35	0.000101174	29652	1	FALSE	NA	NA	NA	NA	NA	NA
NC_045512.2	12046	A	G	29661	2761	38	5	0	32	0.000168543	29666	0.999997	FALSE	NA	NA	NA	NA	NA	NA
NC_045512.2	12047	A	T	29806	2765	38	1	0	34	3.35424e-05	29813	1	FALSE	NA	NA	NA	NA	NA	NA
NC_045512.2	12047	A	G	29806	2765	38	6	0	51	0.000201254	29813	0.0156211	FALSE	NA	NA	NA	NA	NA	NA
NC_045512.2	12049	C	T	21144	2133	37	6975	893	38	0.248053	28119	0	TRUE	NA	NA	NA	NA	NA	NA
NC_045512.2	12050	A	G	28163	3013	38	2	0	34	7.10101e-05	28165	1	FALSE	NA	NA	NA	NA	NA	NA
NC_045512.2	12051	A	T	27000	3133	38	2	0	34	7.40521e-05	27008	1	FALSE	NA	NA	NA	NA	NA	NA
NC_045512.2	12051	A	G	27000	3133	38	3	1	34	0.000111078	27008	1	FALSE	NA	NA	NA	NA	NA	NA
NC_045512.2	12051	A	C	27000	3133	38	3	0	34	0.000111078	27008	1	FALSE	NA	NA	NA	NA	NA	NA
NC_045512.2	12052	G	T	27038	3119	37	2	1	34	7.39618e-05	27041	1	FALSE	NA	NA	NA	NA	NA	NA
NC_045512.2	12052	G	A	27038	3119	37	1	0	34	3.69809e-05	27041	1	FALSE	NA	NA	NA	NA	NA	NA
NC_045512.2	12054	T	C	24317	3180	37	2	0	34	8.22402e-05	24319	1	FALSE	NA	NA	NA	NA	NA	NA
NC_045512.2	12055	T	C	24445	3351	37	4	2	51	0.000163606	24449	0.0624974	FALSE	NA	NA	NA	NA	NA	NA
NC_045512.2	12056	T	C	24424	3356	37	1	0	34	4.09417e-05	24425	1	FALSE	NA	NA	NA	NA	NA	NA
NC_045512.2	12057	G	T	24464	3391	37	2	2	51	8.17461e-05	24466	0.250005	FALSE	NA	NA	NA	NA	NA	NA
NC_045512.2	12058	T	C	24512	3498	37	3	0	34	0.000122374	24515	0.999997	FALSE	NA	NA	NA	NA	NA	NA
NC_045512.2	12059	G	A	24564	3504	37	2	0	34	8.14133e-05	24566	1	FALSE	NA	NA	NA	NA	NA	NA
NC_045512.2	12060	A	G	24441	3748	37	5	1	40	0.000204532	24446	0.226562	FALSE	NA	NA	NA	NA	NA	NA
NC_045512.2	12061	A	G	23536	3850	37	2	1	51	8.4969e-05	23538	0.250005	FALSE	NA	NA	NA	NA	NA	NA
NC_045512.2	12062	G	T	23705	3851	37	1	0	34	4.21816e-05	23707	1	FALSE	NA	NA	NA	NA	NA	NA
NC_045512.2	12062	G	C	23705	3851	37	1	1	27	4.21816e-05	23707	1	FALSE	NA	NA	NA	NA	NA	NA
NC_045512.2	12063	A	G	22869	4177	36	4	0	29	0.000174879	22873	1	FALSE	NA	NA	NA	NA	NA	NA
NC_045512.2	12064	A	G	23854	4189	38	2	0	51	8.38328e-05	23857	0.249995	FALSE	NA	NA	NA	NA	NA	NA
NC_045512.2	12064	A	C	23854	4189	38	1	0	26	4.19164e-05	23857	1	FALSE	NA	NA	NA	NA	NA	NA
NC_045512.2	12065	A	T	23940	4281	38	1	0	34	4.17659e-05	23943	1	FALSE	NA	NA	NA	NA	NA	NA
NC_045512.2	12065	A	G	23940	4281	38	2	1	34	8.35317e-05	23943	0.999999	FALSE	NA	NA	NA	NA	NA	NA
NC_045512.2	12066	T	G	23860	4306	38	1	1	34	4.19024e-05	23865	1	FALSE	NA	NA	NA	NA	NA	NA
NC_045512.2	12066	T	C	23860	4306	38	1	0	34	4.19024e-05	23865	1	FALSE	NA	NA	NA	NA	NA	NA
NC_045512.2	12066	T	A	23860	4306	38	3	1	56	0.000125707	23865	0.124984	FALSE	NA	NA	NA	NA	NA	NA
NC_045512.2	12067	G	A	22711	4473	37	1	0	34	4.40296e-05	22712	1	FALSE	NA	NA	NA	NA	NA	NA
NC_045512.2	12068	C	T	22702	4540	37	19	0	33	0.000836231	22721	0.733785	FALSE	NA	NA	NA	NA	NA	NA
NC_045512.2	12069	T	G	22819	4562	37	1	1	34	4.38154e-05	22823	1	FALSE	NA	NA	NA	NA	NA	NA
NC_045512.2	12069	T	C	22819	4562	37	3	1	42	0.000131446	22823	0.5	FALSE	NA	NA	NA	NA	NA	NA
NC_045512.2	12070	G	T	23012	4567	37	1	0	34	4.34518e-05	23014	1	FALSE	NA	NA	NA	NA	NA	NA
NC_045512.2	12070	G	A	23012	4567	37	1	0	34	4.34518e-05	23014	1	FALSE	NA	NA	NA	NA	NA	NA
NC_045512.2	12071	G	A	22975	4569	37	2	0	34	8.70436e-05	22977	0.999999	FALSE	NA	NA	NA	NA	NA	NA
NC_045512.2	12072	A	C	20899	5133	37	1	0	34	4.78469e-05	20900	1	FALSE	NA	NA	NA	NA	NA	NA
NC_045512.2	12073	C	T	18462	5383	37	2	1	30	0.000108313	18465	0.99998	FALSE	NA	NA	NA	NA	NA	NA
NC_045512.2	12073	C	A	18462	5383	37	1	0	34	5.41565e-05	18465	0.999998	FALSE	NA	NA	NA	NA	NA	NA
NC_045512.2	12075	A	G	18436	5328	37	3	1	34	0.000162699	18439	0.99989	FALSE	NA	NA	NA	NA	NA	NA
NC_045512.2	12076	C	T	17418	5490	37	2	2	51	0.000114718	17434	0.249806	FALSE	NA	NA	NA	NA	NA	NA
NC_045512.2	12076	C	G	17418	5490	37	14	2	46	0.000803029	17434	0.000486996	TRUE	NA	NA	NA	NA	NA	NA
NC_045512.2	12077	A	G	17343	5406	37	2	0	34	0.000115307	17345	0.999962	FALSE	NA	NA	NA	NA	NA	NA
NC_045512.2	12077	A	-G	17343	5406	37	1	0	20	5.76535e-05	17345	1	FALSE	NA	NA	NA	NA	NA	NA
NC_045512.2	12078	G	T	17665	5405	37	1	0	34	5.66059e-05	17666	0.999996	FALSE	NA	NA	NA	NA	NA	NA
NC_045512.2	12080	G	A	17244	6037	37	15	6	45	0.000869112	17259	0.000258816	TRUE	NA	NA	NA	NA	NA	NA
NC_045512.2	12081	C	T	17239	6094	37	2	2	34	0.000115996	17242	0.999962	FALSE	NA	NA	NA	NA	NA	NA
NC_045512.2	12081	C	G	17239	6094	37	1	1	34	5.79979e-05	17242	0.999996	FALSE	NA	NA	NA	NA	NA	NA
NC_045512.2	12082	A	T	17207	6021	37	1	1	34	5.81024e-05	17211	0.999996	FALSE	NA	NA	NA	NA	NA	NA
NC_045512.2	12082	A	G	17207	6021	37	3	2	56	0.000174307	17211	0.124989	FALSE	NA	NA	NA	NA	NA	NA
NC_045512.2	12083	A	G	17640	6103	37	1	0	34	5.66861e-05	17641	0.999996	FALSE	NA	NA	NA	NA	NA	NA
NC_045512.2	12084	C	T	18184	6099	36	2	0	51	0.000109975	18186	0.250007	FALSE	NA	NA	NA	NA	NA	NA
NC_045512.2	12085	C	T	18301	6092	37	1	0	34	5.46388e-05	18302	0.999998	FALSE	NA	NA	NA	NA	NA	NA
NC_045512.2	12086	T	C	18354	6125	37	5	2	37	0.000272346	18359	0.998705	FALSE	NA	NA	NA	NA	NA	NA
NC_045512.2	12087	T	C	18315	6096	37	2	2	34	0.00010917	18320	0.99998	FALSE	NA	NA	NA	NA	NA	NA
NC_045512.2	12087	T	A	18315	6096	37	3	1	31	0.000163755	18320	0.99989	FALSE	NA	NA	NA	NA	NA	NA
NC_045512.2	12088	A	G	18373	6179	37	7	0	34	0.000380849	18380	0.992702	FALSE	NA	NA	NA	NA	NA	NA
NC_045512.2	12090	A	G	18490	6354	37	6	1	32	0.000324377	18497	0.996703	FALSE	NA	NA	NA	NA	NA	NA
NC_045512.2	12090	A	C	18490	6354	37	1	0	34	5.40628e-05	18497	0.999998	FALSE	NA	NA	NA	NA	NA	NA
NC_045512.2	12091	A	G	18647	6365	37	1	0	34	5.36251e-05	18648	0.999998	FALSE	NA	NA	NA	NA	NA	NA
NC_045512.2	12092	G	C	19359	6287	37	2	2	34	0.0001033	19361	0.99999	FALSE	NA	NA	NA	NA	NA	NA
NC_045512.2	12094	T	C	19312	6286	37	1	0	34	5.17786e-05	19313	0.999999	FALSE	NA	NA	NA	NA	NA	NA
NC_045512.2	12095	A	G	19334	6308	37	1	0	34	5.17197e-05	19335	0.999999	FALSE	NA	NA	NA	NA	NA	NA
NC_045512.2	12096	T	C	19314	6314	37	2	0	30	0.000103536	19317	0.99999	FALSE	NA	NA	NA	NA	NA	NA
NC_045512.2	12096	T	A	19314	6314	37	1	1	34	5.17679e-05	19317	0.999999	FALSE	NA	NA	NA	NA	NA	NA
NC_045512.2	12097	A	G	19173	6315	37	1	1	34	5.2154e-05	19174	0.999999	FALSE	NA	NA	NA	NA	NA	NA
NC_045512.2	12098	G	C	19513	6311	37	1	1	27	5.12453e-05	19514	1	FALSE	NA	NA	NA	NA	NA	NA
NC_045512.2	12099	C	T	19508	6348	37	6	1	32	0.000307472	19514	0.997968	FALSE	NA	NA	NA	NA	NA	NA
NC_045512.2	12100	C	T	19345	6289	37	3	3	34	0.000155055	19348	0.99994	FALSE	NA	NA	NA	NA	NA	NA
NC_045512.2	12102	C	T	19005	5963	37	2	0	34	0.000105213	19009	0.99999	FALSE	NA	NA	NA	NA	NA	NA
NC_045512.2	12102	C	G	19005	5963	37	2	0	34	0.000105213	19009	0.99999	FALSE	NA	NA	NA	NA	NA	NA
NC_045512.2	12103	A	G	18897	5962	37	3	0	34	0.000158722	18901	0.99989	FALSE	NA	NA	NA	NA	NA	NA
NC_045512.2	12103	A	C	18897	5962	37	1	0	26	5.29073e-05	18901	1	FALSE	NA	NA	NA	NA	NA	NA
NC_045512.2	12105	A	G	18747	6050	37	2	1	34	0.000106672	18749	0.99998	FALSE	NA	NA	NA	NA	NA	NA
NC_045512.2	12107	T	C	19025	5677	36	1	1	34	5.25597e-05	19026	0.999999	FALSE	NA	NA	NA	NA	NA	NA
NC_045512.2	12109	T	G	19021	5936	37	1	0	34	5.25679e-05	19023	0.999999	FALSE	NA	NA	NA	NA	NA	NA
NC_045512.2	12109	T	C	19021	5936	37	1	1	68	5.25679e-05	19023	0.5	FALSE	NA	NA	NA	NA	NA	NA
NC_045512.2	12110	A	G	18970	5984	37	2	2	68	0.000105419	18972	0.250007	FALSE	NA	NA	NA	NA	NA	NA
NC_045512.2	12111	G	T	19126	5973	37	3	0	34	0.000156814	19131	0.99994	FALSE	NA	NA	NA	NA	NA	NA
NC_045512.2	12111	G	A	19126	5973	37	2	1	34	0.000104542	19131	0.99999	FALSE	NA	NA	NA	NA	NA	NA
NC_045512.2	12112	T	G	19115	6017	37	4	0	32	0.000209194	19121	0.999757	FALSE	NA	NA	NA	NA	NA	NA
NC_045512.2	12112	T	C	19115	6017	37	2	1	34	0.000104597	19121	0.99999	FALSE	NA	NA	NA	NA	NA	NA
NC_045512.2	12113	T	G	18976	6052	37	1	0	34	5.26898e-05	18979	0.999998	FALSE	NA	NA	NA	NA	NA	NA
NC_045512.2	12113	T	C	18976	6052	37	2	1	47	0.00010538	18979	0.5	FALSE	NA	NA	NA	NA	NA	NA
NC_045512.2	12114	C	A	18912	6066	36	3	0	31	0.000158604	18915	0.99989	FALSE	NA	NA	NA	NA	NA	NA
NC_045512.2	12115	C	T	18608	5767	37	2	0	34	0.000107463	18611	0.99998	FALSE	NA	NA	NA	NA	NA	NA
NC_045512.2	12115	C	G	18608	5767	37	1	1	34	5.37317e-05	18611	0.999998	FALSE	NA	NA	NA	NA	NA	NA
NC_045512.2	12117	T	C	18882	5910	37	4	2	34	0.000211797	18886	0.999574	FALSE	NA	NA	NA	NA	NA	NA
NC_045512.2	12118	T	A	18904	5946	37	2	0	34	0.000105787	18906	0.99998	FALSE	NA	NA	NA	NA	NA	NA
NC_045512.2	12119	C	A	19243	6377	37	1	0	34	5.19642e-05	19244	0.999999	FALSE	NA	NA	NA	NA	NA	NA
NC_045512.2	12120	C	T	19186	6355	37	2	0	34	0.000104226	19189	0.99999	FALSE	NA	NA	NA	NA	NA	NA
NC_045512.2	12120	C	A	19186	6355	37	1	0	34	5.21132e-05	19189	0.999999	FALSE	NA	NA	NA	NA	NA	NA
NC_045512.2	12121	A	G	19667	6566	37	1	1	34	5.08414e-05	19669	0.999999	FALSE	NA	NA	NA	NA	NA	NA
NC_045512.2	12121	A	C	19667	6566	37	1	0	34	5.08414e-05	19669	0.999999	FALSE	NA	NA	NA	NA	NA	NA
NC_045512.2	12122	T	C	19545	6601	37	2	1	34	0.000102317	19547	0.99999	FALSE	NA	NA	NA	NA	NA	NA
NC_045512.2	12123	C	T	19434	6575	37	1	0	34	5.14483e-05	19437	0.999999	FALSE	NA	NA	NA	NA	NA	NA
NC_045512.2	12123	C	A	19434	6575	37	2	0	34	0.000102897	19437	0.99999	FALSE	NA	NA	NA	NA	NA	NA
NC_045512.2	12124	A	G	19430	6561	37	2	0	34	0.000102923	19432	0.99999	FALSE	NA	NA	NA	NA	NA	NA
NC_045512.2	12125	T	C	19364	6473	37	1	0	34	5.16396e-05	19365	0.999999	FALSE	NA	NA	NA	NA	NA	NA
NC_045512.2	12126	A	T	19370	6499	37	1	1	34	5.16236e-05	19371	0.999999	FALSE	NA	NA	NA	NA	NA	NA
NC_045512.2	12127	T	C	19116	6525	37	1	1	26	5.23095e-05	19117	1	FALSE	NA	NA	NA	NA	NA	NA
NC_045512.2	12128	G	A	19021	6450	37	3	1	45	0.000157696	19024	0.31251	FALSE	NA	NA	NA	NA	NA	NA
NC_045512.2	12129	C	T	18891	6473	37	7	7	54	0.00037041	18898	0.00780961	TRUE	NA	NA	NA	NA	NA	NA
NC_045512.2	12131	G	A	18950	6210	37	2	2	34	0.00010553	18952	0.99998	FALSE	NA	NA	NA	NA	NA	NA
NC_045512.2	12132	C	T	16983	6745	36	2	0	34	0.000117751	16985	0.999928	FALSE	NA	NA	NA	NA	NA	NA
NC_045512.2	12132	C	-T	16983	6745	36	2	0	20	0.000117751	16985	1	FALSE	NA	NA	NA	NA	NA	NA
NC_045512.2	12133	T	C	16968	6675	36	1	1	34	5.8931e-05	16969	0.999992	FALSE	NA	NA	NA	NA	NA	NA
NC_045512.2	12135	T	G	17277	7017	36	1	0	34	5.78737e-05	17279	0.999996	FALSE	NA	NA	NA	NA	NA	NA
NC_045512.2	12135	T	C	17277	7017	36	1	1	34	5.78737e-05	17279	0.999996	FALSE	NA	NA	NA	NA	NA	NA
NC_045512.2	12136	T	G	16790	7215	36	1	0	34	5.9499e-05	16807	0.999992	FALSE	NA	NA	NA	NA	NA	NA
NC_045512.2	12136	T	C	16790	7215	36	16	4	34	0.000951984	16807	0.570008	FALSE	NA	NA	NA	NA	NA	NA
NC_045512.2	12137	G	T	16796	7218	36	1	0	34	5.95344e-05	16797	0.999992	FALSE	NA	NA	NA	NA	NA	NA
NC_045512.2	12138	C	T	17680	8376	37	8	1	34	0.000452258	17689	0.978394	FALSE	NA	NA	NA	NA	NA	NA
NC_045512.2	12138	C	G	17680	8376	37	1	0	34	5.65323e-05	17689	0.999996	FALSE	NA	NA	NA	NA	NA	NA
NC_045512.2	12138	C	-TA	17680	8376	37	1	0	20	5.65323e-05	17689	1	FALSE	NA	NA	NA	NA	NA	NA
NC_045512.2	12139	T	G	17935	8632	37	1	0	34	5.57507e-05	17937	0.999996	FALSE	NA	NA	NA	NA	NA	NA
NC_045512.2	12139	T	C	17935	8632	37	1	0	34	5.57507e-05	17937	0.999996	FALSE	NA	NA	NA	NA	NA	NA
NC_045512.2	12139	T	-AC	17935	8632	37	3665	0	20	0.204326	17937	0	TRUE	NA	NA	NA	NA	NA	NA
NC_045512.2	12140	A	T	13800	6470	37	10	2	34	0.000724008	13812	0.825249	FALSE	NA	NA	NA	NA	NA	NA
NC_045512.2	12140	A	C	13800	6470	37	2	2	26	0.000144802	13812	1	FALSE	NA	NA	NA	NA	NA	NA
NC_045512.2	12141	C	T	13842	6780	37	120	117	34	0.00859476	13962	2.76741e-26	TRUE	NA	NA	NA	NA	NA	NA
NC_045512.2	12142	T	C	16839	7985	37	5	4	40	0.000296842	16844	0.109368	FALSE	NA	NA	NA	NA	NA	NA
NC_045512.2	12144	C	T	15324	8187	37	1	0	34	6.52486e-05	15326	0.999985	FALSE	NA	NA	NA	NA	NA	NA
NC_045512.2	12144	C	A	15324	8187	37	1	0	34	6.52486e-05	15326	0.999985	FALSE	NA	NA	NA	NA	NA	NA
NC_045512.2	12145	T	G	15322	8159	37	1	0	34	6.52486e-05	15326	0.999985	FALSE	NA	NA	NA	NA	NA	NA
NC_045512.2	12145	T	C	15322	8159	37	3	2	34	0.000195746	15326	0.999346	FALSE	NA	NA	NA	NA	NA	NA
NC_045512.2	12147	A	G	15135	8051	36	1	1	68	6.60589e-05	15138	0.499983	FALSE	NA	NA	NA	NA	NA	NA
NC_045512.2	12147	A	C	15135	8051	36	2	0	34	0.000132118	15138	0.999863	FALSE	NA	NA	NA	NA	NA	NA
NC_045512.2	12148	A	G	14958	8108	37	1	1	34	6.68449e-05	14960	0.99997	FALSE	NA	NA	NA	NA	NA	NA
NC_045512.2	12148	A	C	14958	8108	37	1	0	26	6.68449e-05	14960	1	FALSE	NA	NA	NA	NA	NA	NA
NC_045512.2	12149	G	-A	14963	8117	37	1	0	20	6.68315e-05	14963	1	FALSE	NA	NA	NA	NA	NA	NA
NC_045512.2	12150	A	G	14998	8563	36	2	1	30	0.000133333	15000	0.999863	FALSE	NA	NA	NA	NA	NA	NA
NC_045512.2	12151	A	G	15364	8559	37	1	0	34	6.50787e-05	15366	0.999985	FALSE	NA	NA	NA	NA	NA	NA
NC_045512.2	12151	A	C	15364	8559	37	1	0	34	6.50787e-05	15366	0.999985	FALSE	NA	NA	NA	NA	NA	NA
NC_045512.2	12152	G	C	15493	8429	37	1	1	34	6.45328e-05	15496	0.999985	FALSE	NA	NA	NA	NA	NA	NA
NC_045512.2	12152	G	A	15493	8429	37	2	1	34	0.000129066	15496	0.999863	FALSE	NA	NA	NA	NA	NA	NA
NC_045512.2	12153	C	T	16231	9080	37	2	0	34	0.000123206	16233	0.999928	FALSE	NA	NA	NA	NA	NA	NA
NC_045512.2	12154	T	C	16301	9198	37	1	0	34	6.13422e-05	16302	0.999992	FALSE	NA	NA	NA	NA	NA	NA
NC_045512.2	12155	T	C	16250	9136	37	1	0	34	6.15347e-05	16251	0.999992	FALSE	NA	NA	NA	NA	NA	NA
NC_045512.2	12156	A	T	16291	9162	37	1	1	26	6.13761e-05	16293	1	FALSE	NA	NA	NA	NA	NA	NA
NC_045512.2	12156	A	G	16291	9162	37	1	0	34	6.13761e-05	16293	0.999992	FALSE	NA	NA	NA	NA	NA	NA
NC_045512.2	12157	T	C	16506	9348	37	2	2	34	0.000121153	16508	0.999928	FALSE	NA	NA	NA	NA	NA	NA
NC_045512.2	12159	A	G	16402	9233	37	3	3	34	0.00018286	16406	0.999637	FALSE	NA	NA	NA	NA	NA	NA
NC_045512.2	12159	A	C	16402	9233	37	1	0	34	6.09533e-05	16406	0.999992	FALSE	NA	NA	NA	NA	NA	NA
NC_045512.2	12160	G	A	16304	9164	37	2	2	34	0.000122654	16306	0.999928	FALSE	NA	NA	NA	NA	NA	NA
NC_045512.2	12161	C	T	16633	9676	37	5	5	40	0.000300481	16640	0.10934	FALSE	NA	NA	NA	NA	NA	NA
NC_045512.2	12161	C	A	16633	9676	37	2	0	34	0.000120192	16640	0.999928	FALSE	NA	NA	NA	NA	NA	NA
NC_045512.2	12162	A	G	16108	9086	37	4	4	34	0.000248262	16112	0.998716	FALSE	NA	NA	NA	NA	NA	NA
NC_045512.2	12165	C	T	16774	9566	37	2	2	34	0.000119211	16777	0.999928	FALSE	NA	NA	NA	NA	NA	NA
NC_045512.2	12165	C	G	16774	9566	37	1	0	34	5.96054e-05	16777	0.999992	FALSE	NA	NA	NA	NA	NA	NA
NC_045512.2	12166	T	G	16780	9555	37	1	0	26	5.95877e-05	16782	1	FALSE	NA	NA	NA	NA	NA	NA
NC_045512.2	12166	T	C	16780	9555	37	1	0	34	5.95877e-05	16782	0.999992	FALSE	NA	NA	NA	NA	NA	NA
NC_045512.2	12167	G	C	16760	9433	37	1	1	34	5.96623e-05	16761	0.999992	FALSE	NA	NA	NA	NA	NA	NA
NC_045512.2	12168	T	G	16966	9657	37	1	0	34	5.89345e-05	16968	0.999992	FALSE	NA	NA	NA	NA	NA	NA
NC_045512.2	12168	T	C	16966	9657	37	1	0	34	5.89345e-05	16968	0.999992	FALSE	NA	NA	NA	NA	NA	NA
NC_045512.2	12169	T	C	17140	9687	37	12	5	39	0.000699627	17152	0.86767	FALSE	NA	NA	NA	NA	NA	NA
NC_045512.2	12170	G	C	17208	9650	37	2	2	30	0.000116212	17210	0.999962	FALSE	NA	NA	NA	NA	NA	NA
NC_045512.2	12172	T	G	16752	9404	37	1	0	26	5.96659e-05	16760	1	FALSE	NA	NA	NA	NA	NA	NA
NC_045512.2	12172	T	C	16752	9404	37	7	5	58	0.000417661	16760	0.00780761	TRUE	NA	NA	NA	NA	NA	NA
NC_045512.2	12174	A	G	16639	9608	37	2	0	34	0.000120185	16641	0.999928	FALSE	NA	NA	NA	NA	NA	NA
NC_045512.2	12179	G	A	15929	9154	37	2	0	34	0.000125541	15931	0.999863	FALSE	NA	NA	NA	NA	NA	NA
NC_045512.2	12180	A	T	16159	9393	37	1	0	34	6.18812e-05	16160	0.999992	FALSE	NA	NA	NA	NA	NA	NA
NC_045512.2	12181	T	C	16358	9577	37	1	1	34	6.11284e-05	16359	0.999992	FALSE	NA	NA	NA	NA	NA	NA
NC_045512.2	12182	T	C	16352	9603	37	1	1	34	6.11509e-05	16353	0.999992	FALSE	NA	NA	NA	NA	NA	NA
NC_045512.2	12184	T	C	15684	9671	37	2	1	34	0.000127502	15686	0.999863	FALSE	NA	NA	NA	NA	NA	NA
NC_045512.2	12185	G	C	15709	9699	37	1	1	34	6.36416e-05	15713	0.999985	FALSE	NA	NA	NA	NA	NA	NA
NC_045512.2	12185	G	A	15709	9699	37	3	0	34	0.000190925	15713	0.999346	FALSE	NA	NA	NA	NA	NA	NA
NC_045512.2	12188	G	T	15607	9731	37	1	1	34	6.40615e-05	15610	0.999985	FALSE	NA	NA	NA	NA	NA	NA
NC_045512.2	12188	G	C	15607	9731	37	2	2	34	0.000128123	15610	0.999863	FALSE	NA	NA	NA	NA	NA	NA
NC_045512.2	12190	T	C	15763	10027	37	1	0	34	6.34357e-05	15764	0.999985	FALSE	NA	NA	NA	NA	NA	NA
NC_045512.2	12193	T	C	14994	9862	36	2	1	34	0.000133369	14996	0.999742	FALSE	NA	NA	NA	NA	NA	NA
NC_045512.2	12194	C	A	15653	10878	37	1	0	34	6.38814e-05	15654	0.999985	FALSE	NA	NA	NA	NA	NA	NA
NC_045512.2	12195	T	C	15895	11177	37	1	1	34	6.29089e-05	15896	0.999985	FALSE	NA	NA	NA	NA	NA	NA
NC_045512.2	12196	T	C	16050	11362	37	3	0	34	0.000186881	16053	0.999637	FALSE	NA	NA	NA	NA	NA	NA
NC_045512.2	12197	A	G	16044	11356	37	3	2	34	0.000186951	16047	0.999637	FALSE	NA	NA	NA	NA	NA	NA
NC_045512.2	12198	A	C	16054	11361	37	1	1	34	6.22859e-05	16055	0.999992	FALSE	NA	NA	NA	NA	NA	NA
NC_045512.2	12199	A	G	15947	11406	37	1	1	34	6.27038e-05	15948	0.999985	FALSE	NA	NA	NA	NA	NA	NA
NC_045512.2	12200	A	G	15894	11380	37	4	1	34	0.000251604	15898	0.997794	FALSE	NA	NA	NA	NA	NA	NA
NC_045512.2	12201	A	G	15798	11367	37	1	1	34	6.32871e-05	15801	0.999985	FALSE	NA	NA	NA	NA	NA	NA
NC_045512.2	12201	A	C	15798	11367	37	2	1	34	0.000126574	15801	0.999863	FALSE	NA	NA	NA	NA	NA	NA
NC_045512.2	12202	G	C	15846	11389	37	1	1	34	6.31034e-05	15847	0.999985	FALSE	NA	NA	NA	NA	NA	NA
NC_045512.2	12203	T	G	16390	12043	37	1	1	34	6.09979e-05	16394	0.999992	FALSE	NA	NA	NA	NA	NA	NA
NC_045512.2	12203	T	C	16390	12043	37	2	1	34	0.000121996	16394	0.999928	FALSE	NA	NA	NA	NA	NA	NA
NC_045512.2	12203	T	A	16390	12043	37	1	1	34	6.09979e-05	16394	0.999992	FALSE	NA	NA	NA	NA	NA	NA
NC_045512.2	12204	T	A	16595	12255	37	1	1	34	6.02555e-05	16596	0.999992	FALSE	NA	NA	NA	NA	NA	NA
NC_045512.2	12206	A	G	16576	12374	37	3	3	34	0.000180952	16579	0.999637	FALSE	NA	NA	NA	NA	NA	NA
NC_045512.2	12207	A	G	16228	12495	37	1	1	34	6.16181e-05	16229	0.999992	FALSE	NA	NA	NA	NA	NA	NA
NC_045512.2	12208	G	T	16221	12490	37	2	2	34	0.000123259	16226	0.999928	FALSE	NA	NA	NA	NA	NA	NA
NC_045512.2	12208	G	A	16221	12490	37	3	3	34	0.000184888	16226	0.999637	FALSE	NA	NA	NA	NA	NA	NA
NC_045512.2	12209	A	T	18872	15501	37	1	0	34	5.29857e-05	18873	0.999998	FALSE	NA	NA	NA	NA	NA	NA
NC_045512.2	12210	A	G	18935	15521	37	2	2	34	0.000105613	18937	0.99998	FALSE	NA	NA	NA	NA	NA	NA
NC_045512.2	12211	G	T	19097	15524	37	1	1	34	5.23615e-05	19098	0.999999	FALSE	NA	NA	NA	NA	NA	NA
NC_045512.2	12213	C	A	19341	15885	37	1	1	34	5.1701e-05	19342	0.999999	FALSE	NA	NA	NA	NA	NA	NA
NC_045512.2	12214	T	C	18904	15434	36	1	0	34	5.28933e-05	18906	0.999998	FALSE	NA	NA	NA	NA	NA	NA
NC_045512.2	12214	T	A	18904	15434	36	1	1	34	5.28933e-05	18906	0.999998	FALSE	NA	NA	NA	NA	NA	NA
NC_045512.2	12215	T	C	19223	15758	37	3	3	31	0.000156039	19226	0.99994	FALSE	NA	NA	NA	NA	NA	NA
NC_045512.2	12217	G	C	19258	15874	37	2	2	34	0.000103842	19260	0.99999	FALSE	NA	NA	NA	NA	NA	NA
NC_045512.2	12218	A	G	23985	21014	37	2	2	34	8.33785e-05	23987	0.999999	FALSE	NA	NA	NA	NA	NA	NA
NC_045512.2	12219	A	G	24243	21348	37	3	3	45	0.000123732	24246	0.500019	FALSE	NA	NA	NA	NA	NA	NA
NC_045512.2	12220	T	G	24167	21330	37	1	1	34	4.13719e-05	24171	1	FALSE	NA	NA	NA	NA	NA	NA
NC_045512.2	12220	T	C	24167	21330	37	3	3	34	0.000124116	24171	0.999997	FALSE	NA	NA	NA	NA	NA	NA
NC_045512.2	12221	G	T	24123	21297	37	2	1	30	8.28981e-05	24126	1	FALSE	NA	NA	NA	NA	NA	NA
NC_045512.2	12221	G	A	24123	21297	37	1	1	34	4.14491e-05	24126	1	FALSE	NA	NA	NA	NA	NA	NA
NC_045512.2	12222	T	C	23788	21130	37	2	1	51	8.40619e-05	23792	0.249984	FALSE	NA	NA	NA	NA	NA	NA
NC_045512.2	12222	T	A	23788	21130	37	2	2	34	8.40619e-05	23792	0.999999	FALSE	NA	NA	NA	NA	NA	NA
NC_045512.2	12223	G	A	23784	21089	37	3	3	34	0.000126119	23787	0.999995	FALSE	NA	NA	NA	NA	NA	NA
NC_045512.2	12224	G	A	25248	22787	37	5	3	34	0.000197996	25253	0.99997	FALSE	NA	NA	NA	NA	NA	NA
NC_045512.2	12225	C	T	25850	23527	37	1	0	24	3.86832e-05	25851	1	FALSE	NA	NA	NA	NA	NA	NA
NC_045512.2	12226	T	G	25836	23510	37	2	2	34	7.73994e-05	25840	1	FALSE	NA	NA	NA	NA	NA	NA
NC_045512.2	12226	T	C	25836	23510	37	2	2	34	7.73994e-05	25840	1	FALSE	NA	NA	NA	NA	NA	NA
NC_045512.2	12227	A	T	25767	23449	37	17	16	34	0.000659298	25785	0.917992	FALSE	NA	NA	NA	NA	NA	NA
NC_045512.2	12227	A	G	25767	23449	37	1	1	34	3.87822e-05	25785	1	FALSE	NA	NA	NA	NA	NA	NA
NC_045512.2	12228	A	T	27875	25749	37	1	1	26	3.58719e-05	27877	1	FALSE	NA	NA	NA	NA	NA	NA
NC_045512.2	12228	A	G	27875	25749	37	1	1	34	3.58719e-05	27877	1	FALSE	NA	NA	NA	NA	NA	NA
NC_045512.2	12229	A	T	27904	25768	37	1	1	26	3.58282e-05	27911	1	FALSE	NA	NA	NA	NA	NA	NA
NC_045512.2	12229	A	G	27904	25768	37	3	3	34	0.000107485	27911	1	FALSE	NA	NA	NA	NA	NA	NA
NC_045512.2	12229	A	C	27904	25768	37	3	3	31	0.000107485	27911	1	FALSE	NA	NA	NA	NA	NA	NA
NC_045512.2	12230	T	G	29359	27386	37	2	2	30	6.81106e-05	29364	1	FALSE	NA	NA	NA	NA	NA	NA
NC_045512.2	12230	T	C	29359	27386	37	2	2	34	6.81106e-05	29364	1	FALSE	NA	NA	NA	NA	NA	NA
NC_045512.2	12230	T	A	29359	27386	37	1	1	34	3.40553e-05	29364	1	FALSE	NA	NA	NA	NA	NA	NA
NC_045512.2	12231	C	A	29691	27954	37	1	1	34	3.36791e-05	29692	1	FALSE	NA	NA	NA	NA	NA	NA
NC_045512.2	12232	T	C	29246	27507	37	19	19	34	0.00064924	29265	0.944385	FALSE	NA	NA	NA	NA	NA	NA
NC_045512.2	12233	G	T	29347	27607	37	1	1	26	3.40704e-05	29351	1	FALSE	NA	NA	NA	NA	NA	NA
NC_045512.2	12233	G	C	29347	27607	37	1	1	34	3.40704e-05	29351	1	FALSE	NA	NA	NA	NA	NA	NA
NC_045512.2	12233	G	A	29347	27607	37	2	2	68	6.81408e-05	29351	0.249987	FALSE	NA	NA	NA	NA	NA	NA
NC_045512.2	12234	A	T	29580	27865	37	1	1	26	3.38021e-05	29584	1	FALSE	NA	NA	NA	NA	NA	NA
NC_045512.2	12234	A	G	29580	27865	37	2	1	40	6.76041e-05	29584	0.687494	FALSE	NA	NA	NA	NA	NA	NA
NC_045512.2	12234	A	C	29580	27865	37	1	1	34	3.38021e-05	29584	1	FALSE	NA	NA	NA	NA	NA	NA
NC_045512.2	12236	T	C	29472	27762	37	2	2	34	6.78564e-05	29474	1	FALSE	NA	NA	NA	NA	NA	NA
NC_045512.2	12237	T	C	27751	26062	36	1	1	34	3.60334e-05	27752	1	FALSE	NA	NA	NA	NA	NA	NA
NC_045512.2	12238	T	C	27578	25955	37	5	5	34	0.000181271	27583	0.99999	FALSE	NA	NA	NA	NA	NA	NA
NC_045512.2	12239	G	C	27723	26125	37	3	3	28	0.000108194	27728	1	FALSE	NA	NA	NA	NA	NA	NA
NC_045512.2	12239	G	A	27723	26125	37	2	2	34	7.21293e-05	27728	1	FALSE	NA	NA	NA	NA	NA	NA
NC_045512.2	12240	A	G	27254	25661	37	6	5	44	0.000220103	27260	0.144525	FALSE	NA	NA	NA	NA	NA	NA
NC_045512.2	12241	C	T	27218	25641	37	3	3	34	0.000110209	27221	1	FALSE	NA	NA	NA	NA	NA	NA
NC_045512.2	12242	C	T	26806	25240	37	1	1	34	3.73037e-05	26807	1	FALSE	NA	NA	NA	NA	NA	NA
NC_045512.2	12243	G	T	26775	25203	37	1	1	34	3.73413e-05	26780	1	FALSE	NA	NA	NA	NA	NA	NA
NC_045512.2	12243	G	C	26775	25203	37	1	1	34	3.73413e-05	26780	1	FALSE	NA	NA	NA	NA	NA	NA
NC_045512.2	12243	G	A	26775	25203	37	3	3	56	0.000112024	26780	0.124986	FALSE	NA	NA	NA	NA	NA	NA
NC_045512.2	12244	T	G	26763	25285	37	1	0	34	3.73622e-05	26765	1	FALSE	NA	NA	NA	NA	NA	NA
NC_045512.2	12244	T	C	26763	25285	37	1	1	34	3.73622e-05	26765	1	FALSE	NA	NA	NA	NA	NA	NA
NC_045512.2	12246	A	G	26749	25308	37	4	4	34	0.00014951	26754	0.999996	FALSE	NA	NA	NA	NA	NA	NA
NC_045512.2	12246	A	C	26749	25308	37	1	1	34	3.73776e-05	26754	1	FALSE	NA	NA	NA	NA	NA	NA
NC_045512.2	12247	T	G	26699	25294	37	1	1	34	3.74532e-05	26700	1	FALSE	NA	NA	NA	NA	NA	NA
NC_045512.2	12248	G	T	26533	25131	37	8	8	34	0.000301409	26542	0.999591	FALSE	NA	NA	NA	NA	NA	NA
NC_045512.2	12248	G	A	26533	25131	37	1	1	34	3.76761e-05	26542	1	FALSE	NA	NA	NA	NA	NA	NA
NC_045512.2	12249	C	T	26671	25278	37	7	6	32	0.000262379	26679	0.999839	FALSE	NA	NA	NA	NA	NA	NA
NC_045512.2	12249	C	G	26671	25278	37	1	0	27	3.74827e-05	26679	1	FALSE	NA	NA	NA	NA	NA	NA
NC_045512.2	12250	A	T	26115	24735	37	3	3	34	0.000114833	26125	0.999999	FALSE	NA	NA	NA	NA	NA	NA
NC_045512.2	12250	A	G	26115	24735	37	4	4	34	0.00015311	26125	0.999996	FALSE	NA	NA	NA	NA	NA	NA
NC_045512.2	12250	A	C	26115	24735	37	3	3	34	0.000114833	26125	0.999999	FALSE	NA	NA	NA	NA	NA	NA
NC_045512.2	12251	G	C	25954	24600	37	2	2	30	7.70357e-05	25962	1	FALSE	NA	NA	NA	NA	NA	NA
NC_045512.2	12251	G	A	25954	24600	37	6	6	34	0.000231107	25962	0.999904	FALSE	NA	NA	NA	NA	NA	NA
NC_045512.2	12252	C	T	25924	24713	36	6	6	34	0.000231383	25931	0.999904	FALSE	NA	NA	NA	NA	NA	NA
NC_045512.2	12252	C	G	25924	24713	36	1	1	34	3.85639e-05	25931	1	FALSE	NA	NA	NA	NA	NA	NA
NC_045512.2	12253	C	T	25357	24281	36	1	1	34	3.94322e-05	25360	1	FALSE	NA	NA	NA	NA	NA	NA
NC_045512.2	12253	C	A	25357	24281	36	2	2	34	7.88644e-05	25360	1	FALSE	NA	NA	NA	NA	NA	NA
NC_045512.2	12254	A	T	25273	24199	36	3	3	34	0.000118666	25281	0.999998	FALSE	NA	NA	NA	NA	NA	NA
NC_045512.2	12254	A	G	25273	24199	36	5	5	32	0.000197777	25281	0.99997	FALSE	NA	NA	NA	NA	NA	NA
NC_045512.2	12255	T	G	25086	24018	36	1	0	27	3.98565e-05	25090	1	FALSE	NA	NA	NA	NA	NA	NA
NC_045512.2	12255	T	C	25086	24018	36	3	3	34	0.00011957	25090	0.999998	FALSE	NA	NA	NA	NA	NA	NA
NC_045512.2	12257	C	G	25078	24046	36	1	0	52	3.98724e-05	25080	0.5	FALSE	NA	NA	NA	NA	NA	NA
NC_045512.2	12257	C	A	25078	24046	36	1	1	34	3.98724e-05	25080	1	FALSE	NA	NA	NA	NA	NA	NA
NC_045512.2	12258	A	G	24791	23764	36	1	1	34	4.03356e-05	24792	1	FALSE	NA	NA	NA	NA	NA	NA
NC_045512.2	12259	A	T	24765	23787	36	2	2	34	8.07396e-05	24771	1	FALSE	NA	NA	NA	NA	NA	NA
NC_045512.2	12259	A	G	24765	23787	36	4	4	34	0.000161479	24771	0.999986	FALSE	NA	NA	NA	NA	NA	NA
NC_045512.2	12259	A	-CG	24765	23787	36	1	0	20	4.03698e-05	24771	1	FALSE	NA	NA	NA	NA	NA	NA
NC_045512.2	12260	C	T	39888	23603	35	7	7	48	0.000175456	39896	0.171849	FALSE	NA	NA	NA	NA	NA	NA
NC_045512.2	12260	C	G	39888	23603	35	1	0	34	2.50652e-05	39896	1	FALSE	NA	NA	NA	NA	NA	NA
NC_045512.2	12261	G	A	39895	23590	35	9	9	34	0.000225541	39904	0.999998	FALSE	NA	NA	NA	NA	NA	NA
NC_045512.2	12262	T	G	39943	23649	35	1	1	34	2.50332e-05	39947	1	FALSE	NA	NA	NA	NA	NA	NA
NC_045512.2	12262	T	C	39943	23649	35	3	2	34	7.50995e-05	39947	1	FALSE	NA	NA	NA	NA	NA	NA
NC_045512.2	12263	A	G	39687	23397	35	3	1	34	7.55839e-05	39691	1	FALSE	NA	NA	NA	NA	NA	NA
NC_045512.2	12263	A	C	39687	23397	35	1	0	26	2.51946e-05	39691	1	FALSE	NA	NA	NA	NA	NA	NA
NC_045512.2	12264	A	G	39879	23696	34	1	1	34	2.50752e-05	39880	1	FALSE	NA	NA	NA	NA	NA	NA
NC_045512.2	12265	G	A	40221	23706	34	3	3	34	7.45823e-05	40224	1	FALSE	NA	NA	NA	NA	NA	NA
NC_045512.2	12266	T	G	39466	22959	34	1	0	34	2.53344e-05	39472	1	FALSE	NA	NA	NA	NA	NA	NA
NC_045512.2	12266	T	C	39466	22959	34	5	2	40	0.000126672	39472	0.363274	FALSE	NA	NA	NA	NA	NA	NA
NC_045512.2	12266	T	+G	39466	22959	34	1	0	20	2.53344e-05	39472	1	FALSE	NA	NA	NA	NA	NA	NA
NC_045512.2	12267	T	C	40143	23611	34	6	1	34	0.00014944	40150	1	FALSE	NA	NA	NA	NA	NA	NA
NC_045512.2	12267	T	A	40143	23611	34	1	1	34	2.49066e-05	40150	1	FALSE	NA	NA	NA	NA	NA	NA
NC_045512.2	12267	T	+G	40143	23611	34	1	0	20	2.49066e-05	40150	1	FALSE	NA	NA	NA	NA	NA	NA
NC_045512.2	12268	G	A	40028	23295	34	3	3	34	7.49419e-05	40031	1	FALSE	NA	NA	NA	NA	NA	NA
NC_045512.2	12269	G	C	40048	23293	34	1	1	26	2.49675e-05	40052	1	FALSE	NA	NA	NA	NA	NA	NA
NC_045512.2	12269	G	A	40048	23293	34	3	2	31	7.49026e-05	40052	1	FALSE	NA	NA	NA	NA	NA	NA
NC_045512.2	12269	G	-A	40048	23293	34	3	0	20	7.49026e-05	40052	1	FALSE	NA	NA	NA	NA	NA	NA
NC_045512.2	12270	A	G	40069	23392	34	7	1	35	0.000174664	40077	1	FALSE	NA	NA	NA	NA	NA	NA
NC_045512.2	12270	A	C	40069	23392	34	1	0	34	2.4952e-05	40077	1	FALSE	NA	NA	NA	NA	NA	NA
NC_045512.2	12271	A	T	40400	23510	34	1	1	26	2.4747e-05	40409	1	FALSE	NA	NA	NA	NA	NA	NA
NC_045512.2	12271	A	G	40400	23510	34	7	5	31	0.000173229	40409	1	FALSE	NA	NA	NA	NA	NA	NA
NC_045512.2	12271	A	C	40400	23510	34	1	1	34	2.4747e-05	40409	1	FALSE	NA	NA	NA	NA	NA	NA
NC_045512.2	12272	A	G	40555	23509	34	3	0	34	7.39681e-05	40558	1	FALSE	NA	NA	NA	NA	NA	NA
NC_045512.2	12273	A	G	40568	23452	34	2	1	34	4.92963e-05	40571	1	FALSE	NA	NA	NA	NA	NA	NA
NC_045512.2	12273	A	C	40568	23452	34	1	0	34	2.46481e-05	40571	1	FALSE	NA	NA	NA	NA	NA	NA
NC_045512.2	12274	G	T	40587	23438	34	2	2	34	4.92744e-05	40589	1	FALSE	NA	NA	NA	NA	NA	NA
NC_045512.2	12275	A	G	39494	23168	34	2	1	30	5.0638e-05	39496	1	FALSE	NA	NA	NA	NA	NA	NA
NC_045512.2	12276	T	C	40340	23146	34	4	3	34	9.91473e-05	40344	1	FALSE	NA	NA	NA	NA	NA	NA
NC_045512.2	12277	G	T	40185	22989	34	1	1	26	2.488e-05	40193	1	FALSE	NA	NA	NA	NA	NA	NA
NC_045512.2	12277	G	A	40185	22989	34	7	0	34	0.00017416	40193	1	FALSE	NA	NA	NA	NA	NA	NA
NC_045512.2	12278	G	T	40159	22932	34	1	1	26	2.48985e-05	40163	1	FALSE	NA	NA	NA	NA	NA	NA
NC_045512.2	12278	G	C	40159	22932	34	1	1	34	2.48985e-05	40163	1	FALSE	NA	NA	NA	NA	NA	NA
NC_045512.2	12278	G	A	40159	22932	34	2	0	51	4.97971e-05	40163	0.249991	FALSE	NA	NA	NA	NA	NA	NA
NC_045512.2	12279	C	T	40225	23056	34	10	4	37	0.000248534	40236	0.999997	FALSE	NA	NA	NA	NA	NA	NA
NC_045512.2	12279	C	A	40225	23056	34	1	1	34	2.48534e-05	40236	1	FALSE	NA	NA	NA	NA	NA	NA
NC_045512.2	12280	T	G	39972	22779	34	1	1	34	2.50138e-05	39978	1	FALSE	NA	NA	NA	NA	NA	NA
NC_045512.2	12280	T	C	39972	22779	34	5	4	34	0.000125069	39978	1	FALSE	NA	NA	NA	NA	NA	NA
NC_045512.2	12280	T	-G	39972	22779	34	1	0	20	2.50138e-05	39978	1	FALSE	NA	NA	NA	NA	NA	NA
NC_045512.2	12281	G	T	40847	22755	34	1	0	34	2.44774e-05	40854	1	FALSE	NA	NA	NA	NA	NA	NA
NC_045512.2	12281	G	A	40847	22755	34	6	6	38	0.000146864	40854	1	FALSE	NA	NA	NA	NA	NA	NA
NC_045512.2	12282	A	G	41035	22704	34	1	1	34	2.43683e-05	41037	1	FALSE	NA	NA	NA	NA	NA	NA
NC_045512.2	12282	A	C	41035	22704	34	1	0	34	2.43683e-05	41037	1	FALSE	NA	NA	NA	NA	NA	NA
NC_045512.2	12283	T	C	41020	22680	34	4	3	37	9.75039e-05	41024	1	FALSE	NA	NA	NA	NA	NA	NA
NC_045512.2	12284	C	T	40946	22623	34	2	2	34	4.88424e-05	40948	1	FALSE	NA	NA	NA	NA	NA	NA
NC_045512.2	12285	A	T	40659	22323	34	1	1	27	2.45881e-05	40670	1	FALSE	NA	NA	NA	NA	NA	NA
NC_045512.2	12285	A	G	40659	22323	34	8	3	38	0.000196705	40670	1	FALSE	NA	NA	NA	NA	NA	NA
NC_045512.2	12285	A	C	40659	22323	34	2	1	68	4.91763e-05	40670	0.249948	FALSE	NA	NA	NA	NA	NA	NA
NC_045512.2	12286	A	G	41905	22534	34	5	0	30	0.0001193	41911	1	FALSE	NA	NA	NA	NA	NA	NA
NC_045512.2	12286	A	C	41905	22534	34	1	1	27	2.38601e-05	41911	1	FALSE	NA	NA	NA	NA	NA	NA
NC_045512.2	12287	G	T	42552	22509	34	2	0	34	4.6998e-05	42555	1	FALSE	NA	NA	NA	NA	NA	NA
NC_045512.2	12287	G	A	42552	22509	34	1	0	26	2.3499e-05	42555	1	FALSE	NA	NA	NA	NA	NA	NA
NC_045512.2	12288	C	T	42660	22545	34	1	0	34	2.34406e-05	42661	1	FALSE	NA	NA	NA	NA	NA	NA
NC_045512.2	12289	T	G	42530	22378	34	3	0	34	7.05202e-05	42541	1	FALSE	NA	NA	NA	NA	NA	NA
NC_045512.2	12289	T	C	42530	22378	34	7	5	34	0.000164547	42541	1	FALSE	NA	NA	NA	NA	NA	NA
NC_045512.2	12289	T	A	42530	22378	34	1	0	34	2.35067e-05	42541	1	FALSE	NA	NA	NA	NA	NA	NA
NC_045512.2	12290	A	T	42166	22066	34	3	1	34	7.11238e-05	42180	1	FALSE	NA	NA	NA	NA	NA	NA
NC_045512.2	12290	A	G	42166	22066	34	11	10	34	0.000260787	42180	0.999997	FALSE	NA	NA	NA	NA	NA	NA
NC_045512.2	12291	T	C	41965	21817	34	1	1	26	2.38288e-05	41966	1	FALSE	NA	NA	NA	NA	NA	NA
NC_045512.2	12292	G	T	42006	21822	34	2	0	34	4.76066e-05	42011	1	FALSE	NA	NA	NA	NA	NA	NA
NC_045512.2	12292	G	C	42006	21822	34	1	1	34	2.38033e-05	42011	1	FALSE	NA	NA	NA	NA	NA	NA
NC_045512.2	12292	G	A	42006	21822	34	2	0	30	4.76066e-05	42011	1	FALSE	NA	NA	NA	NA	NA	NA
NC_045512.2	12293	A	G	42789	21869	34	6	3	34	0.000140203	42795	1	FALSE	NA	NA	NA	NA	NA	NA
NC_045512.2	12294	C	T	42998	21873	34	6	5	34	0.000139522	43004	1	FALSE	NA	NA	NA	NA	NA	NA
NC_045512.2	12296	C	G	41302	20230	34	1	0	26	2.42055e-05	41313	1	FALSE	NA	NA	NA	NA	NA	NA
NC_045512.2	12296	C	A	41302	20230	34	10	8	34	0.000242055	41313	0.999998	FALSE	NA	NA	NA	NA	NA	NA
NC_045512.2	12296	C	-A	41302	20230	34	2	0	20	4.84109e-05	41313	1	FALSE	NA	NA	NA	NA	NA	NA
NC_045512.2	12297	A	G	41176	20042	35	5	2	34	0.000121415	41181	1	FALSE	NA	NA	NA	NA	NA	NA
NC_045512.2	12298	A	G	41256	20172	35	3	3	34	7.27114e-05	41259	1	FALSE	NA	NA	NA	NA	NA	NA
NC_045512.2	12299	A	G	41090	20112	34	2	2	51	4.86713e-05	41092	0.250003	FALSE	NA	NA	NA	NA	NA	NA
NC_045512.2	12301	G	A	43952	20175	35	1	0	34	2.27516e-05	43953	1	FALSE	NA	NA	NA	NA	NA	NA
NC_045512.2	12302	T	C	42931	19162	35	7	1	38	0.000163026	42938	1	FALSE	NA	NA	NA	NA	NA	NA
NC_045512.2	12303	A	G	43045	19290	35	10	0	34	0.000232256	43056	0.999999	FALSE	NA	NA	NA	NA	NA	NA
NC_045512.2	12303	A	C	43045	19290	35	1	1	34	2.32256e-05	43056	1	FALSE	NA	NA	NA	NA	NA	NA
NC_045512.2	12304	T	C	43047	19260	35	4	0	34	9.29109e-05	43052	1	FALSE	NA	NA	NA	NA	NA	NA
NC_045512.2	12304	T	A	43047	19260	35	1	0	34	2.32277e-05	43052	1	FALSE	NA	NA	NA	NA	NA	NA
NC_045512.2	12304	T	-A	43047	19260	35	1	0	20	2.32277e-05	43052	1	FALSE	NA	NA	NA	NA	NA	NA
NC_045512.2	12305	A	G	43151	19213	35	1	0	34	2.31739e-05	43152	1	FALSE	NA	NA	NA	NA	NA	NA
NC_045512.2	12306	A	G	43126	19252	35	2	1	34	4.63736e-05	43128	1	FALSE	NA	NA	NA	NA	NA	NA
NC_045512.2	12307	A	G	40335	19053	34	2	1	34	4.95823e-05	40337	1	FALSE	NA	NA	NA	NA	NA	NA
NC_045512.2	12309	A	G	40031	16193	35	6	1	34	0.000149858	40038	1	FALSE	NA	NA	NA	NA	NA	NA
NC_045512.2	12309	A	C	40031	16193	35	1	0	34	2.49763e-05	40038	1	FALSE	NA	NA	NA	NA	NA	NA
NC_045512.2	12310	G	T	42913	16015	35	5	5	34	0.000116482	42925	1	FALSE	NA	NA	NA	NA	NA	NA
NC_045512.2	12310	G	C	42913	16015	35	2	2	30	4.65929e-05	42925	1	FALSE	NA	NA	NA	NA	NA	NA
NC_045512.2	12310	G	A	42913	16015	35	5	4	34	0.000116482	42925	1	FALSE	NA	NA	NA	NA	NA	NA
NC_045512.2	12311	G	T	42790	16094	35	1	0	34	2.33689e-05	42792	1	FALSE	NA	NA	NA	NA	NA	NA
NC_045512.2	12311	G	A	42790	16094	35	1	0	34	2.33689e-05	42792	1	FALSE	NA	NA	NA	NA	NA	NA
NC_045512.2	12312	C	G	42726	16171	35	3	0	34	7.02083e-05	42730	1	FALSE	NA	NA	NA	NA	NA	NA
NC_045512.2	12312	C	A	42726	16171	35	1	1	34	2.34028e-05	42730	1	FALSE	NA	NA	NA	NA	NA	NA
NC_045512.2	12313	T	C	42834	16166	35	3	1	34	7.00264e-05	42841	1	FALSE	NA	NA	NA	NA	NA	NA
NC_045512.2	12313	T	A	42834	16166	35	4	0	32	9.33685e-05	42841	1	FALSE	NA	NA	NA	NA	NA	NA
NC_045512.2	12314	A	G	28329	1708	36	4	0	40	0.000141173	28334	0.343742	FALSE	NA	NA	NA	NA	NA	NA
NC_045512.2	12314	A	C	28329	1708	36	1	0	34	3.52933e-05	28334	1	FALSE	NA	NA	NA	NA	NA	NA
NC_045512.2	12315	G	T	28958	1712	36	2	0	34	6.90608e-05	28960	1	FALSE	NA	NA	NA	NA	NA	NA
NC_045512.2	12316	A	G	28465	1990	36	3	0	34	0.000105381	28468	1	FALSE	NA	NA	NA	NA	NA	NA
NC_045512.2	12317	T	G	29117	1984	36	1	0	34	3.43383e-05	29122	1	FALSE	NA	NA	NA	NA	NA	NA
NC_045512.2	12317	T	C	29117	1984	36	4	0	34	0.000137353	29122	0.999999	FALSE	NA	NA	NA	NA	NA	NA
NC_045512.2	12319	T	G	29163	1995	36	2	0	34	6.85683e-05	29168	1	FALSE	NA	NA	NA	NA	NA	NA
NC_045512.2	12319	T	C	29163	1995	36	3	0	34	0.000102852	29168	1	FALSE	NA	NA	NA	NA	NA	NA
NC_045512.2	12320	G	T	29757	1996	36	1	1	68	3.36022e-05	29760	0.499992	FALSE	NA	NA	NA	NA	NA	NA
NC_045512.2	12320	G	C	29757	1996	36	1	0	34	3.36022e-05	29760	1	FALSE	NA	NA	NA	NA	NA	NA
NC_045512.2	12320	G	A	29757	1996	36	1	0	34	3.36022e-05	29760	1	FALSE	NA	NA	NA	NA	NA	NA
NC_045512.2	12321	A	G	29737	2023	36	1	0	34	3.3627e-05	29738	1	FALSE	NA	NA	NA	NA	NA	NA
NC_045512.2	12322	G	T	30286	2028	36	6	0	34	0.000198059	30294	0.999994	FALSE	NA	NA	NA	NA	NA	NA
NC_045512.2	12322	G	C	30286	2028	36	1	0	34	3.30098e-05	30294	1	FALSE	NA	NA	NA	NA	NA	NA
NC_045512.2	12322	G	A	30286	2028	36	1	0	34	3.30098e-05	30294	1	FALSE	NA	NA	NA	NA	NA	NA
NC_045512.2	12323	G	T	30264	2031	36	1	0	26	3.30393e-05	30267	1	FALSE	NA	NA	NA	NA	NA	NA
NC_045512.2	12323	G	A	30264	2031	36	2	0	68	6.60786e-05	30267	0.249996	FALSE	NA	NA	NA	NA	NA	NA
NC_045512.2	12324	A	G	30307	2063	36	5	0	34	0.000164951	30312	0.999998	FALSE	NA	NA	NA	NA	NA	NA
NC_045512.2	12325	C	T	30440	2195	37	1	0	34	3.2844e-05	30447	1	FALSE	NA	NA	NA	NA	NA	NA
NC_045512.2	12325	C	G	30440	2195	37	1	0	26	3.2844e-05	30447	1	FALSE	NA	NA	NA	NA	NA	NA
NC_045512.2	12325	C	A	30440	2195	37	5	0	34	0.00016422	30447	0.999998	FALSE	NA	NA	NA	NA	NA	NA
NC_045512.2	12326	A	G	30302	2203	37	2	0	30	6.59979e-05	30304	1	FALSE	NA	NA	NA	NA	NA	NA
NC_045512.2	12327	A	G	30346	2210	37	2	0	34	6.59022e-05	30348	1	FALSE	NA	NA	NA	NA	NA	NA
NC_045512.2	12328	G	T	30417	2207	37	1	0	34	3.28753e-05	30418	1	FALSE	NA	NA	NA	NA	NA	NA
NC_045512.2	12329	A	G	29722	2214	36	1	0	34	3.3644e-05	29723	1	FALSE	NA	NA	NA	NA	NA	NA
NC_045512.2	12330	G	A	30782	2220	37	1	0	34	3.24855e-05	30783	1	FALSE	NA	NA	NA	NA	NA	NA
NC_045512.2	12331	G	T	30756	2272	37	1	0	34	3.25129e-05	30757	1	FALSE	NA	NA	NA	NA	NA	NA
NC_045512.2	12332	G	A	30747	2277	37	40	5	39	0.00129925	30787	0.140883	FALSE	NA	NA	NA	NA	NA	NA
NC_045512.2	12333	C	T	30777	2428	37	4	0	34	0.000129942	30783	1	FALSE	NA	NA	NA	NA	NA	NA
NC_045512.2	12333	C	G	30777	2428	37	2	0	30	6.49709e-05	30783	1	FALSE	NA	NA	NA	NA	NA	NA
NC_045512.2	12333	C	-A	30777	2428	37	4	0	20	0.000129942	30783	1	FALSE	NA	NA	NA	NA	NA	NA
NC_045512.2	12334	A	G	30830	2448	37	1	0	34	3.24349e-05	30831	1	FALSE	NA	NA	NA	NA	NA	NA
NC_045512.2	12335	A	G	30969	2459	37	1	1	68	3.22893e-05	30970	0.500008	FALSE	NA	NA	NA	NA	NA	NA
NC_045512.2	12336	A	G	25687	2463	35	5	1	32	0.000194613	25692	0.99997	FALSE	NA	NA	NA	NA	NA	NA
NC_045512.2	12337	A	G	31655	2469	37	3	0	34	9.47628e-05	31658	1	FALSE	NA	NA	NA	NA	NA	NA
NC_045512.2	12339	T	C	31841	2608	37	2	0	51	6.28082e-05	31843	0.250004	FALSE	NA	NA	NA	NA	NA	NA
NC_045512.2	12340	T	C	32250	2647	37	2	0	34	6.20097e-05	32253	1	FALSE	NA	NA	NA	NA	NA	NA
NC_045512.2	12340	T	A	32250	2647	37	1	0	34	3.10049e-05	32253	1	FALSE	NA	NA	NA	NA	NA	NA
NC_045512.2	12341	A	G	32431	2643	38	1	0	34	3.08337e-05	32432	1	FALSE	NA	NA	NA	NA	NA	NA
NC_045512.2	12342	C	T	30601	2840	38	2	0	34	6.53531e-05	30603	1	FALSE	NA	NA	NA	NA	NA	NA
NC_045512.2	12343	T	G	30524	2837	37	1	0	26	3.27568e-05	30528	1	FALSE	NA	NA	NA	NA	NA	NA
NC_045512.2	12343	T	C	30524	2837	37	2	0	34	6.55136e-05	30528	1	FALSE	NA	NA	NA	NA	NA	NA
NC_045512.2	12343	T	A	30524	2837	37	1	0	34	3.27568e-05	30528	1	FALSE	NA	NA	NA	NA	NA	NA
NC_045512.2	12344	A	T	30585	2841	38	1	0	34	3.26904e-05	30590	1	FALSE	NA	NA	NA	NA	NA	NA
NC_045512.2	12344	A	G	30585	2841	38	2	0	34	6.53808e-05	30590	1	FALSE	NA	NA	NA	NA	NA	NA
NC_045512.2	12344	A	C	30585	2841	38	2	1	34	6.53808e-05	30590	1	FALSE	NA	NA	NA	NA	NA	NA
NC_045512.2	12345	G	T	29011	3168	37	1	0	34	3.44649e-05	29015	1	FALSE	NA	NA	NA	NA	NA	NA
NC_045512.2	12345	G	A	29011	3168	37	3	0	26	0.000103395	29015	1	FALSE	NA	NA	NA	NA	NA	NA
NC_045512.2	12346	T	C	28564	3390	37	1	0	34	3.50079e-05	28565	1	FALSE	NA	NA	NA	NA	NA	NA
NC_045512.2	12347	G	C	28002	3484	37	2	0	30	7.14158e-05	28005	1	FALSE	NA	NA	NA	NA	NA	NA
NC_045512.2	12347	G	A	28002	3484	37	1	0	26	3.57079e-05	28005	1	FALSE	NA	NA	NA	NA	NA	NA
NC_045512.2	12348	C	T	26748	3700	37	1	0	34	3.73846e-05	26749	1	FALSE	NA	NA	NA	NA	NA	NA
NC_045512.2	12349	T	A	26734	3602	37	5	0	32	0.000186993	26739	0.999983	FALSE	NA	NA	NA	NA	NA	NA
NC_045512.2	12350	A	G	27220	3746	37	1	0	34	3.67363e-05	27221	1	FALSE	NA	NA	NA	NA	NA	NA
NC_045512.2	12351	T	C	27247	3737	37	2	0	34	7.33972e-05	27249	1	FALSE	NA	NA	NA	NA	NA	NA
NC_045512.2	12352	G	A	23660	4140	37	7	3	63	0.00029577	23667	0.00781019	TRUE	NA	NA	NA	NA	NA	NA
NC_045512.2	12353	C	T	23804	4607	37	4	1	34	0.000168004	23809	0.999975	FALSE	NA	NA	NA	NA	NA	NA
NC_045512.2	12353	C	G	23804	4607	37	1	0	26	4.20009e-05	23809	1	FALSE	NA	NA	NA	NA	NA	NA
NC_045512.2	12354	A	G	23917	4397	37	8	0	34	0.000334364	23926	0.998341	FALSE	NA	NA	NA	NA	NA	NA
NC_045512.2	12354	A	C	23917	4397	37	1	0	34	4.17955e-05	23926	1	FALSE	NA	NA	NA	NA	NA	NA
NC_045512.2	12355	G	C	23459	4474	37	1	0	34	4.26203e-05	23463	1	FALSE	NA	NA	NA	NA	NA	NA
NC_045512.2	12355	G	A	23459	4474	37	3	1	31	0.000127861	23463	0.999995	FALSE	NA	NA	NA	NA	NA	NA
NC_045512.2	12356	A	G	23660	4828	37	2	0	34	8.45237e-05	23662	0.999999	FALSE	NA	NA	NA	NA	NA	NA
NC_045512.2	12357	C	A	23324	4902	37	1	0	34	4.28725e-05	23325	1	FALSE	NA	NA	NA	NA	NA	NA
NC_045512.2	12358	A	G	23157	4857	37	4	0	34	0.000172704	23161	0.999976	FALSE	NA	NA	NA	NA	NA	NA
NC_045512.2	12359	A	G	23282	4797	37	1	0	34	4.29498e-05	23283	1	FALSE	NA	NA	NA	NA	NA	NA
NC_045512.2	12360	T	C	22653	4909	37	4	1	42	0.000176546	22657	0.34376	FALSE	NA	NA	NA	NA	NA	NA
NC_045512.2	12362	C	A	23592	5467	38	1	0	34	4.23855e-05	23593	1	FALSE	NA	NA	NA	NA	NA	NA
NC_045512.2	12363	T	G	23584	5403	38	4	0	30	0.000169571	23589	0.999975	FALSE	NA	NA	NA	NA	NA	NA
NC_045512.2	12363	T	C	23584	5403	38	1	0	34	4.23926e-05	23589	1	FALSE	NA	NA	NA	NA	NA	NA
NC_045512.2	12364	T	C	23595	5450	38	2	2	34	8.47565e-05	23597	0.999999	FALSE	NA	NA	NA	NA	NA	NA
NC_045512.2	12365	T	G	23399	5487	38	1	0	34	4.27314e-05	23402	1	FALSE	NA	NA	NA	NA	NA	NA
NC_045512.2	12365	T	C	23399	5487	38	2	0	34	8.54628e-05	23402	0.999999	FALSE	NA	NA	NA	NA	NA	NA
NC_045512.2	12366	T	G	23542	5551	38	1	0	34	4.24683e-05	23547	1	FALSE	NA	NA	NA	NA	NA	NA
NC_045512.2	12366	T	C	23542	5551	38	4	4	32	0.000169873	23547	0.999975	FALSE	NA	NA	NA	NA	NA	NA
NC_045512.2	12367	C	T	23571	5586	38	2	0	34	8.48428e-05	23573	0.999999	FALSE	NA	NA	NA	NA	NA	NA
NC_045512.2	12368	A	G	23538	5534	38	3	0	34	0.000127437	23541	0.999995	FALSE	NA	NA	NA	NA	NA	NA
NC_045512.2	12370	T	G	23540	5468	37	2	0	34	8.49509e-05	23543	0.999999	FALSE	NA	NA	NA	NA	NA	NA
NC_045512.2	12370	T	C	23540	5468	37	1	0	34	4.24755e-05	23543	1	FALSE	NA	NA	NA	NA	NA	NA
NC_045512.2	12371	A	G	23659	5462	37	3	0	34	0.000126786	23662	0.999995	FALSE	NA	NA	NA	NA	NA	NA
NC_045512.2	12372	T	G	23375	5503	37	1	0	27	4.27753e-05	23378	1	FALSE	NA	NA	NA	NA	NA	NA
NC_045512.2	12372	T	C	23375	5503	37	2	0	30	8.55505e-05	23378	0.999999	FALSE	NA	NA	NA	NA	NA	NA
NC_045512.2	12373	G	C	23708	5465	37	1	1	27	4.21781e-05	23709	1	FALSE	NA	NA	NA	NA	NA	NA
NC_045512.2	12374	C	-T	23683	5551	37	2	0	20	8.44488e-05	23683	1	FALSE	NA	NA	NA	NA	NA	NA
NC_045512.2	12375	T	C	23620	5460	37	2	0	34	8.46597e-05	23624	0.999999	FALSE	NA	NA	NA	NA	NA	NA
NC_045512.2	12375	T	A	23620	5460	37	2	0	34	8.46597e-05	23624	0.999999	FALSE	NA	NA	NA	NA	NA	NA
NC_045512.2	12376	T	G	23647	5512	37	1	0	27	4.22797e-05	23652	1	FALSE	NA	NA	NA	NA	NA	NA
NC_045512.2	12376	T	C	23647	5512	37	2	1	34	8.45594e-05	23652	0.999999	FALSE	NA	NA	NA	NA	NA	NA
NC_045512.2	12376	T	A	23647	5512	37	2	0	34	8.45594e-05	23652	0.999999	FALSE	NA	NA	NA	NA	NA	NA
NC_045512.2	12377	A	G	23586	5529	37	2	0	51	8.47889e-05	23588	0.250005	FALSE	NA	NA	NA	NA	NA	NA
NC_045512.2	12378	G	A	23654	5526	37	1	0	34	4.22744e-05	23655	1	FALSE	NA	NA	NA	NA	NA	NA
NC_045512.2	12379	A	G	23655	5916	37	4	0	29	0.000169069	23659	1	FALSE	NA	NA	NA	NA	NA	NA
NC_045512.2	12380	A	G	23973	5976	38	2	0	30	8.34202e-05	23975	0.999999	FALSE	NA	NA	NA	NA	NA	NA
NC_045512.2	12381	A	G	23954	5959	38	1	0	34	4.17449e-05	23955	1	FALSE	NA	NA	NA	NA	NA	NA
NC_045512.2	12382	G	A	23265	5934	38	2	0	26	8.59587e-05	23267	1	FALSE	NA	NA	NA	NA	NA	NA
NC_045512.2	12383	T	C	22895	5888	37	2	1	34	8.73477e-05	22897	0.999999	FALSE	NA	NA	NA	NA	NA	NA
NC_045512.2	12384	T	C	22929	5990	37	1	0	68	4.3611e-05	22930	0.500011	FALSE	NA	NA	NA	NA	NA	NA
NC_045512.2	12384	T	-G	22929	5990	37	1	0	20	4.3611e-05	22930	1	FALSE	NA	NA	NA	NA	NA	NA
NC_045512.2	12386	G	A	23351	5988	37	1	0	34	4.28229e-05	23352	1	FALSE	NA	NA	NA	NA	NA	NA
NC_045512.2	12386	G	+T	23351	5988	37	4	0	20	0.000171292	23352	1	FALSE	NA	NA	NA	NA	NA	NA
NC_045512.2	12387	A	T	22635	6162	37	2	0	27	8.8347e-05	22638	1	FALSE	NA	NA	NA	NA	NA	NA
NC_045512.2	12387	A	G	22635	6162	37	1	1	68	4.41735e-05	22638	0.499989	FALSE	NA	NA	NA	NA	NA	NA
NC_045512.2	12389	A	T	22128	6488	37	6	6	34	0.000271064	22135	0.999545	FALSE	NA	NA	NA	NA	NA	NA
NC_045512.2	12389	A	G	22128	6488	37	1	0	34	4.51773e-05	22135	1	FALSE	NA	NA	NA	NA	NA	NA
NC_045512.2	12391	T	C	22680	6459	37	1	0	34	4.40898e-05	22681	1	FALSE	NA	NA	NA	NA	NA	NA
NC_045512.2	12393	A	G	22754	6718	37	1	0	34	4.39445e-05	22756	1	FALSE	NA	NA	NA	NA	NA	NA
NC_045512.2	12393	A	C	22754	6718	37	1	1	26	4.39445e-05	22756	1	FALSE	NA	NA	NA	NA	NA	NA
NC_045512.2	12394	T	C	22026	6746	37	1	0	68	4.53988e-05	22027	0.500011	FALSE	NA	NA	NA	NA	NA	NA
NC_045512.2	12395	G	A	21775	6473	37	4	0	34	0.000183663	21779	0.999922	FALSE	NA	NA	NA	NA	NA	NA
NC_045512.2	12396	C	T	21931	6803	37	6	0	34	0.000273498	21938	0.999246	FALSE	NA	NA	NA	NA	NA	NA
NC_045512.2	12396	C	A	21931	6803	37	1	0	34	4.5583e-05	21938	1	FALSE	NA	NA	NA	NA	NA	NA
NC_045512.2	12397	A	G	21751	6782	37	1	0	34	4.59707e-05	21753	1	FALSE	NA	NA	NA	NA	NA	NA
NC_045512.2	12397	A	C	21751	6782	37	1	1	24	4.59707e-05	21753	1	FALSE	NA	NA	NA	NA	NA	NA
NC_045512.2	12399	T	G	22723	7451	38	4	0	30	0.000175987	22729	0.999956	FALSE	NA	NA	NA	NA	NA	NA
NC_045512.2	12399	T	C	22723	7451	38	1	1	34	4.39967e-05	22729	1	FALSE	NA	NA	NA	NA	NA	NA
NC_045512.2	12399	T	A	22723	7451	38	1	0	26	4.39967e-05	22729	1	FALSE	NA	NA	NA	NA	NA	NA
NC_045512.2	12400	C	G	21491	7751	37	1	0	34	4.65289e-05	21492	1	FALSE	NA	NA	NA	NA	NA	NA
NC_045512.2	12401	A	G	22718	9376	38	5	2	29	0.000220032	22724	1	FALSE	NA	NA	NA	NA	NA	NA
NC_045512.2	12401	A	C	22718	9376	38	1	1	27	4.40063e-05	22724	1	FALSE	NA	NA	NA	NA	NA	NA
NC_045512.2	12402	A	C	22425	9437	38	1	0	34	4.45911e-05	22426	1	FALSE	NA	NA	NA	NA	NA	NA
NC_045512.2	12404	A	T	22441	9450	38	1	0	27	4.45534e-05	22445	1	FALSE	NA	NA	NA	NA	NA	NA
NC_045512.2	12404	A	G	22441	9450	38	3	1	56	0.00013366	22445	0.124992	FALSE	NA	NA	NA	NA	NA	NA
NC_045512.2	12405	A	C	22584	9459	38	1	1	34	4.42772e-05	22585	1	FALSE	NA	NA	NA	NA	NA	NA
NC_045512.2	12406	C	T	22801	9513	38	1	0	34	4.3852e-05	22804	1	FALSE	NA	NA	NA	NA	NA	NA
NC_045512.2	12406	C	A	22801	9513	38	2	0	34	8.77039e-05	22804	0.999999	FALSE	NA	NA	NA	NA	NA	NA
NC_045512.2	12407	A	G	22996	9313	38	2	0	34	8.69641e-05	22998	0.999999	FALSE	NA	NA	NA	NA	NA	NA
NC_045512.2	12408	T	C	22890	9217	38	1	0	68	4.36758e-05	22896	0.499956	FALSE	NA	NA	NA	NA	NA	NA
NC_045512.2	12408	T	A	22890	9217	38	5	3	34	0.000218379	22896	0.999845	FALSE	NA	NA	NA	NA	NA	NA
NC_045512.2	12409	T	C	22487	8818	38	2	0	34	8.89166e-05	22493	0.999999	FALSE	NA	NA	NA	NA	NA	NA
NC_045512.2	12409	T	A	22487	8818	38	4	1	42	0.000177833	22493	0.343719	FALSE	NA	NA	NA	NA	NA	NA
NC_045512.2	12410	A	G	22714	9188	38	1	1	34	4.40238e-05	22715	1	FALSE	NA	NA	NA	NA	NA	NA
NC_045512.2	12411	T	C	20683	9598	37	2	1	34	9.66884e-05	20685	0.999995	FALSE	NA	NA	NA	NA	NA	NA
NC_045512.2	12413	A	G	20758	9661	37	4	2	34	0.00019266	20762	0.999862	FALSE	NA	NA	NA	NA	NA	NA
NC_045512.2	12414	A	C	19286	9563	36	2	1	26	0.000103691	19288	1	FALSE	NA	NA	NA	NA	NA	NA
NC_045512.2	12415	C	T	20200	9696	37	4	4	34	0.000197961	20206	0.999862	FALSE	NA	NA	NA	NA	NA	NA
NC_045512.2	12415	C	G	20200	9696	37	2	0	26	9.89805e-05	20206	1	FALSE	NA	NA	NA	NA	NA	NA
NC_045512.2	12416	A	G	19851	9250	37	1	0	34	5.03702e-05	19853	0.999999	FALSE	NA	NA	NA	NA	NA	NA
NC_045512.2	12416	A	C	19851	9250	37	1	1	34	5.03702e-05	19853	0.999999	FALSE	NA	NA	NA	NA	NA	NA
NC_045512.2	12417	A	G	20364	9335	37	2	0	30	9.82029e-05	20366	0.999995	FALSE	NA	NA	NA	NA	NA	NA
NC_045512.2	12418	T	C	20319	9392	37	1	1	34	4.92126e-05	20320	1	FALSE	NA	NA	NA	NA	NA	NA
NC_045512.2	12419	G	A	20286	9369	37	1	0	34	4.92927e-05	20287	1	FALSE	NA	NA	NA	NA	NA	NA
NC_045512.2	12420	C	G	19900	9520	37	1	1	34	5.02487e-05	19901	0.999999	FALSE	NA	NA	NA	NA	NA	NA
NC_045512.2	12421	A	G	19873	9488	37	2	1	34	0.000100629	19875	0.99999	FALSE	NA	NA	NA	NA	NA	NA
NC_045512.2	12422	A	G	20032	9500	37	1	0	34	4.99102e-05	20036	1	FALSE	NA	NA	NA	NA	NA	NA
NC_045512.2	12422	A	C	20032	9500	37	3	3	27	0.00014973	20036	1	FALSE	NA	NA	NA	NA	NA	NA
NC_045512.2	12423	G	T	19723	9578	37	1	0	34	5.06997e-05	19724	0.999999	FALSE	NA	NA	NA	NA	NA	NA
NC_045512.2	12424	A	G	20449	10500	37	1	0	34	4.88998e-05	20450	1	FALSE	NA	NA	NA	NA	NA	NA
NC_045512.2	12426	A	G	20118	10459	37	2	1	34	9.94036e-05	20120	0.999995	FALSE	NA	NA	NA	NA	NA	NA
NC_045512.2	12427	T	G	20617	10495	37	1	0	34	4.84943e-05	20621	1	FALSE	NA	NA	NA	NA	NA	NA
NC_045512.2	12427	T	C	20617	10495	37	2	2	34	9.69885e-05	20621	0.999995	FALSE	NA	NA	NA	NA	NA	NA
NC_045512.2	12427	T	A	20617	10495	37	1	1	34	4.84943e-05	20621	1	FALSE	NA	NA	NA	NA	NA	NA
NC_045512.2	12428	G	T	20556	10442	37	5	5	34	0.000243167	20562	0.999546	FALSE	NA	NA	NA	NA	NA	NA
NC_045512.2	12428	G	A	20556	10442	37	1	1	34	4.86334e-05	20562	1	FALSE	NA	NA	NA	NA	NA	NA
NC_045512.2	12429	G	T	21024	10666	37	1	1	26	4.75602e-05	21026	1	FALSE	NA	NA	NA	NA	NA	NA
NC_045512.2	12429	G	A	21024	10666	37	1	0	34	4.75602e-05	21026	1	FALSE	NA	NA	NA	NA	NA	NA
NC_045512.2	12430	T	C	21929	11759	38	4	2	29	0.000182374	21933	1	FALSE	NA	NA	NA	NA	NA	NA
NC_045512.2	12431	T	C	21709	11776	37	2	1	43	9.21192e-05	21711	0.687526	FALSE	NA	NA	NA	NA	NA	NA
NC_045512.2	12432	G	C	21765	11795	37	1	0	34	4.59411e-05	21767	1	FALSE	NA	NA	NA	NA	NA	NA
NC_045512.2	12432	G	A	21765	11795	37	1	1	34	4.59411e-05	21767	1	FALSE	NA	NA	NA	NA	NA	NA
NC_045512.2	12433	T	G	21363	11489	37	1	0	26	4.68077e-05	21364	1	FALSE	NA	NA	NA	NA	NA	NA
NC_045512.2	12435	T	C	22779	13011	38	2	0	30	8.77925e-05	22781	0.999999	FALSE	NA	NA	NA	NA	NA	NA
NC_045512.2	12436	T	C	22851	13222	38	4	2	34	0.000175016	22855	0.999956	FALSE	NA	NA	NA	NA	NA	NA
NC_045512.2	12438	C	T	22302	13181	38	2	0	34	8.967e-05	22304	0.999999	FALSE	NA	NA	NA	NA	NA	NA
NC_045512.2	12440	T	C	22206	13405	37	3	0	34	0.00013508	22209	0.99999	FALSE	NA	NA	NA	NA	NA	NA
NC_045512.2	12441	T	C	22043	13299	37	3	1	28	0.000136079	22046	1	FALSE	NA	NA	NA	NA	NA	NA
NC_045512.2	12442	G	T	22692	13838	38	1	1	34	4.40626e-05	22695	1	FALSE	NA	NA	NA	NA	NA	NA
NC_045512.2	12442	G	A	22692	13838	38	2	1	34	8.81251e-05	22695	0.999999	FALSE	NA	NA	NA	NA	NA	NA
NC_045512.2	12442	G	-A	22692	13838	38	1	0	20	4.40626e-05	22695	1	FALSE	NA	NA	NA	NA	NA	NA
NC_045512.2	12443	A	T	22745	13936	38	1	0	26	4.39483e-05	22754	1	FALSE	NA	NA	NA	NA	NA	NA
NC_045512.2	12443	A	G	22745	13936	38	6	6	34	0.00026369	22754	0.999545	FALSE	NA	NA	NA	NA	NA	NA
NC_045512.2	12443	A	C	22745	13936	38	2	2	30	8.78966e-05	22754	0.999999	FALSE	NA	NA	NA	NA	NA	NA
NC_045512.2	12444	A	G	22899	13959	37	2	2	30	8.73324e-05	22901	0.999999	FALSE	NA	NA	NA	NA	NA	NA
NC_045512.2	12445	C	T	22609	14186	37	1	1	34	4.42282e-05	22610	1	FALSE	NA	NA	NA	NA	NA	NA
NC_045512.2	12446	A	G	22186	13845	37	2	2	34	9.01388e-05	22188	0.999999	FALSE	NA	NA	NA	NA	NA	NA
NC_045512.2	12447	T	A	22461	13907	37	1	0	34	4.45196e-05	22462	1	FALSE	NA	NA	NA	NA	NA	NA
NC_045512.2	12447	T	-A	22461	13907	37	1	0	20	4.45196e-05	22462	1	FALSE	NA	NA	NA	NA	NA	NA
NC_045512.2	12448	A	T	22735	14533	37	1	0	26	4.39599e-05	22748	1	FALSE	NA	NA	NA	NA	NA	NA
NC_045512.2	12448	A	G	22735	14533	37	11	8	38	0.000483559	22748	0.982481	FALSE	NA	NA	NA	NA	NA	NA
NC_045512.2	12448	A	C	22735	14533	37	1	0	26	4.39599e-05	22748	1	FALSE	NA	NA	NA	NA	NA	NA
NC_045512.2	12449	A	G	22858	14679	37	1	1	34	4.37445e-05	22860	1	FALSE	NA	NA	NA	NA	NA	NA
NC_045512.2	12449	A	C	22858	14679	37	1	1	34	4.37445e-05	22860	1	FALSE	NA	NA	NA	NA	NA	NA
NC_045512.2	12450	T	C	22923	14753	37	4	3	51	0.000174467	22927	0.0624973	FALSE	NA	NA	NA	NA	NA	NA
NC_045512.2	12451	A	G	22337	14601	37	2	1	46	8.95255e-05	22340	0.687508	FALSE	NA	NA	NA	NA	NA	NA
NC_045512.2	12451	A	C	22337	14601	37	1	1	34	4.47628e-05	22340	1	FALSE	NA	NA	NA	NA	NA	NA
NC_045512.2	12452	C	T	22444	14617	37	4	4	32	0.00017819	22448	0.999956	FALSE	NA	NA	NA	NA	NA	NA
NC_045512.2	12453	C	A	22161	14624	37	2	0	34	9.02405e-05	22163	0.999999	FALSE	NA	NA	NA	NA	NA	NA
NC_045512.2	12454	T	G	20295	12408	35	1	0	34	4.92684e-05	20297	1	FALSE	NA	NA	NA	NA	NA	NA
NC_045512.2	12454	T	C	20295	12408	35	1	1	34	4.92684e-05	20297	1	FALSE	NA	NA	NA	NA	NA	NA
NC_045512.2	12455	C	G	22351	14524	37	1	1	34	4.47387e-05	22352	1	FALSE	NA	NA	NA	NA	NA	NA
NC_045512.2	12457	T	C	22161	14292	37	2	2	35	9.02405e-05	22163	0.999999	FALSE	NA	NA	NA	NA	NA	NA
NC_045512.2	12459	C	T	22221	14538	37	2	1	68	8.99969e-05	22223	0.250006	FALSE	NA	NA	NA	NA	NA	NA
NC_045512.2	12460	A	G	22266	14558	37	2	2	34	8.9815e-05	22268	0.999999	FALSE	NA	NA	NA	NA	NA	NA
NC_045512.2	12461	A	G	22152	14468	37	2	1	34	9.02772e-05	22154	0.999999	FALSE	NA	NA	NA	NA	NA	NA
NC_045512.2	12462	C	T	21770	14608	37	2	2	51	9.18611e-05	21772	0.250006	FALSE	NA	NA	NA	NA	NA	NA
NC_045512.2	12463	A	G	21137	13905	37	2	1	34	9.46119e-05	21139	0.999997	FALSE	NA	NA	NA	NA	NA	NA
NC_045512.2	12464	G	T	21050	13872	37	1	0	34	4.74879e-05	21058	1	FALSE	NA	NA	NA	NA	NA	NA
NC_045512.2	12464	G	A	21050	13872	37	7	7	34	0.000332415	21058	0.998146	FALSE	NA	NA	NA	NA	NA	NA
NC_045512.2	12465	C	A	21117	13954	37	1	1	34	4.7353e-05	21118	1	FALSE	NA	NA	NA	NA	NA	NA
NC_045512.2	12467	G	A	20806	13906	37	1	1	34	4.80607e-05	20807	1	FALSE	NA	NA	NA	NA	NA	NA
NC_045512.2	12468	C	T	21487	14724	37	1	1	26	4.65376e-05	21488	1	FALSE	NA	NA	NA	NA	NA	NA
NC_045512.2	12470	A	G	21257	14729	37	4	1	34	0.000188138	21261	0.999922	FALSE	NA	NA	NA	NA	NA	NA
NC_045512.2	12471	A	G	21479	14760	37	1	1	24	4.65528e-05	21481	1	FALSE	NA	NA	NA	NA	NA	NA
NC_045512.2	12471	A	C	21479	14760	37	1	1	24	4.65528e-05	21481	1	FALSE	NA	NA	NA	NA	NA	NA
NC_045512.2	12472	A	G	21265	14886	36	3	0	34	0.00014105	21269	0.999982	FALSE	NA	NA	NA	NA	NA	NA
NC_045512.2	12472	A	C	21265	14886	36	1	0	34	4.70168e-05	21269	1	FALSE	NA	NA	NA	NA	NA	NA
NC_045512.2	12474	T	G	21871	15762	37	1	0	26	4.57185e-05	21873	1	FALSE	NA	NA	NA	NA	NA	NA
NC_045512.2	12474	T	C	21871	15762	37	1	1	34	4.57185e-05	21873	1	FALSE	NA	NA	NA	NA	NA	NA
NC_045512.2	12474	T	-A	21871	15762	37	1	0	20	4.57185e-05	21873	1	FALSE	NA	NA	NA	NA	NA	NA
NC_045512.2	12475	A	G	22265	16145	37	2	2	34	8.9819e-05	22267	0.999999	FALSE	NA	NA	NA	NA	NA	NA
NC_045512.2	12476	A	T	22135	16037	37	1	1	34	4.51732e-05	22137	1	FALSE	NA	NA	NA	NA	NA	NA
NC_045512.2	12476	A	G	22135	16037	37	1	0	34	4.51732e-05	22137	1	FALSE	NA	NA	NA	NA	NA	NA
NC_045512.2	12477	T	C	22176	16075	37	1	1	34	4.50918e-05	22177	1	FALSE	NA	NA	NA	NA	NA	NA
NC_045512.2	12478	G	A	22195	16088	37	2	1	34	9.01023e-05	22197	0.999999	FALSE	NA	NA	NA	NA	NA	NA
NC_045512.2	12479	G	A	22480	16411	37	1	1	34	4.4482e-05	22481	1	FALSE	NA	NA	NA	NA	NA	NA
NC_045512.2	12481	T	C	22072	16017	37	1	1	34	4.53042e-05	22073	1	FALSE	NA	NA	NA	NA	NA	NA
NC_045512.2	12482	G	A	22168	16095	37	1	1	34	4.5108e-05	22169	1	FALSE	NA	NA	NA	NA	NA	NA
NC_045512.2	12483	T	C	22630	16739	37	1	0	34	4.41872e-05	22631	1	FALSE	NA	NA	NA	NA	NA	NA
NC_045512.2	12484	C	T	22727	16839	37	1	1	34	4.39986e-05	22728	1	FALSE	NA	NA	NA	NA	NA	NA
NC_045512.2	12485	A	C	22815	16877	37	2	2	34	8.76539e-05	22817	0.999999	FALSE	NA	NA	NA	NA	NA	NA
NC_045512.2	12486	T	C	22712	16962	37	4	4	34	0.000176072	22718	0.999956	FALSE	NA	NA	NA	NA	NA	NA
NC_045512.2	12486	T	A	22712	16962	37	2	2	34	8.80359e-05	22718	0.999999	FALSE	NA	NA	NA	NA	NA	NA
NC_045512.2	12487	A	G	22648	16955	37	1	1	34	4.41521e-05	22649	1	FALSE	NA	NA	NA	NA	NA	NA
NC_045512.2	12490	A	G	24084	18569	37	1	1	34	4.15196e-05	24085	1	FALSE	NA	NA	NA	NA	NA	NA
NC_045512.2	12492	A	G	24422	18922	37	2	2	34	8.18867e-05	24424	1	FALSE	NA	NA	NA	NA	NA	NA
NC_045512.2	12493	C	T	25026	19158	37	1	1	34	3.99568e-05	25027	1	FALSE	NA	NA	NA	NA	NA	NA
NC_045512.2	12494	T	C	24028	18167	36	1	1	34	4.16164e-05	24029	1	FALSE	NA	NA	NA	NA	NA	NA
NC_045512.2	12495	A	T	24675	18783	37	1	0	34	4.05219e-05	24678	1	FALSE	NA	NA	NA	NA	NA	NA
NC_045512.2	12495	A	G	24675	18783	37	2	1	51	8.10438e-05	24678	0.249995	FALSE	NA	NA	NA	NA	NA	NA
NC_045512.2	12496	T	G	25070	19408	37	1	0	34	3.98819e-05	25074	1	FALSE	NA	NA	NA	NA	NA	NA
NC_045512.2	12496	T	C	25070	19408	37	1	1	34	3.98819e-05	25074	1	FALSE	NA	NA	NA	NA	NA	NA
NC_045512.2	12496	T	A	25070	19408	37	2	2	30	7.97639e-05	25074	1	FALSE	NA	NA	NA	NA	NA	NA
NC_045512.2	12497	A	G	25289	19635	37	2	2	34	7.90795e-05	25291	1	FALSE	NA	NA	NA	NA	NA	NA
NC_045512.2	12498	A	G	25475	19857	37	1	1	34	3.92526e-05	25476	1	FALSE	NA	NA	NA	NA	NA	NA
NC_045512.2	12500	A	C	24105	18916	37	1	1	34	4.14834e-05	24106	1	FALSE	NA	NA	NA	NA	NA	NA
NC_045512.2	12501	C	T	23955	19030	37	1	1	34	4.17415e-05	23957	1	FALSE	NA	NA	NA	NA	NA	NA
NC_045512.2	12501	C	G	23955	19030	37	1	0	34	4.17415e-05	23957	1	FALSE	NA	NA	NA	NA	NA	NA
NC_045512.2	12502	A	T	21965	17068	37	1	1	34	4.55228e-05	21967	1	FALSE	NA	NA	NA	NA	NA	NA
NC_045512.2	12502	A	G	21965	17068	37	1	0	34	4.55228e-05	21967	1	FALSE	NA	NA	NA	NA	NA	NA
NC_045512.2	12503	T	C	21869	17022	37	2	2	34	9.14453e-05	21871	0.999997	FALSE	NA	NA	NA	NA	NA	NA
NC_045512.2	12504	A	G	22202	17342	37	3	3	34	0.000135105	22205	0.99999	FALSE	NA	NA	NA	NA	NA	NA
NC_045512.2	12505	T	C	22236	17387	37	1	1	34	4.49701e-05	22237	1	FALSE	NA	NA	NA	NA	NA	NA
NC_045512.2	12505	T	-A	22236	17387	37	1	0	20	4.49701e-05	22237	1	FALSE	NA	NA	NA	NA	NA	NA
NC_045512.2	12506	A	T	22277	17502	37	1	1	34	4.48873e-05	22278	1	FALSE	NA	NA	NA	NA	NA	NA
NC_045512.2	12507	A	T	22299	17745	37	1	1	34	4.4837e-05	22303	1	FALSE	NA	NA	NA	NA	NA	NA
NC_045512.2	12507	A	G	22299	17745	37	2	2	51	8.9674e-05	22303	0.249983	FALSE	NA	NA	NA	NA	NA	NA
NC_045512.2	12507	A	C	22299	17745	37	1	0	34	4.4837e-05	22303	1	FALSE	NA	NA	NA	NA	NA	NA
NC_045512.2	12508	A	T	21909	17821	36	1	1	34	4.5635e-05	21913	1	FALSE	NA	NA	NA	NA	NA	NA
NC_045512.2	12508	A	G	21909	17821	36	3	2	31	0.000136905	21913	0.999982	FALSE	NA	NA	NA	NA	NA	NA
NC_045512.2	12509	A	T	22103	17878	37	1	1	26	4.52304e-05	22109	1	FALSE	NA	NA	NA	NA	NA	NA
NC_045512.2	12509	A	G	22103	17878	37	4	3	34	0.000180922	22109	0.999956	FALSE	NA	NA	NA	NA	NA	NA
NC_045512.2	12509	A	C	22103	17878	37	1	1	34	4.52304e-05	22109	1	FALSE	NA	NA	NA	NA	NA	NA
NC_045512.2	12510	A	T	22044	17851	37	4	4	34	0.000181406	22050	0.999956	FALSE	NA	NA	NA	NA	NA	NA
NC_045512.2	12510	A	G	22044	17851	37	1	0	68	4.53515e-05	22050	0.499955	FALSE	NA	NA	NA	NA	NA	NA
NC_045512.2	12510	A	C	22044	17851	37	1	1	34	4.53515e-05	22050	1	FALSE	NA	NA	NA	NA	NA	NA
NC_045512.2	12512	A	G	22367	18249	37	9	9	33	0.000402217	22376	0.994678	FALSE	NA	NA	NA	NA	NA	NA
NC_045512.2	12513	C	T	22357	18274	37	2	2	34	8.94494e-05	22359	0.999999	FALSE	NA	NA	NA	NA	NA	NA
NC_045512.2	12515	T	G	21958	17860	37	1	0	26	4.55353e-05	21961	1	FALSE	NA	NA	NA	NA	NA	NA
NC_045512.2	12515	T	C	21958	17860	37	2	2	34	9.10705e-05	21961	0.999997	FALSE	NA	NA	NA	NA	NA	NA
NC_045512.2	12517	T	C	23981	20079	37	2	2	26	8.33924e-05	23983	1	FALSE	NA	NA	NA	NA	NA	NA
NC_045512.2	12518	G	A	23981	20380	37	1	1	34	4.16979e-05	23982	1	FALSE	NA	NA	NA	NA	NA	NA
NC_045512.2	12519	A	G	23990	20417	37	5	4	34	0.000208377	23995	0.99991	FALSE	NA	NA	NA	NA	NA	NA
NC_045512.2	12520	T	C	23962	20400	37	1	0	34	4.1731e-05	23963	1	FALSE	NA	NA	NA	NA	NA	NA
NC_045512.2	12521	G	T	23816	20270	37	4	4	34	0.000167919	23821	0.999975	FALSE	NA	NA	NA	NA	NA	NA
NC_045512.2	12521	G	A	23816	20270	37	1	1	34	4.19798e-05	23821	1	FALSE	NA	NA	NA	NA	NA	NA
NC_045512.2	12522	G	C	25151	21704	37	1	1	34	3.97583e-05	25152	1	FALSE	NA	NA	NA	NA	NA	NA
NC_045512.2	12523	T	G	24179	20830	37	1	0	27	4.13411e-05	24189	1	FALSE	NA	NA	NA	NA	NA	NA
NC_045512.2	12523	T	C	24179	20830	37	8	8	33	0.000330729	24189	0.998952	FALSE	NA	NA	NA	NA	NA	NA
NC_045512.2	12523	T	A	24179	20830	37	1	1	34	4.13411e-05	24189	1	FALSE	NA	NA	NA	NA	NA	NA
NC_045512.2	12523	T	-AC	24179	20830	37	2	0	20	8.26822e-05	24189	1	FALSE	NA	NA	NA	NA	NA	NA
NC_045512.2	12524	A	G	24406	21117	37	3	3	34	0.000122895	24411	0.999997	FALSE	NA	NA	NA	NA	NA	NA
NC_045512.2	12524	A	C	24406	21117	37	2	2	34	8.19303e-05	24411	1	FALSE	NA	NA	NA	NA	NA	NA
NC_045512.2	12525	C	T	24544	21411	37	1	1	26	4.07382e-05	24547	1	FALSE	NA	NA	NA	NA	NA	NA
NC_045512.2	12525	C	A	24544	21411	37	2	2	34	8.14764e-05	24547	1	FALSE	NA	NA	NA	NA	NA	NA
NC_045512.2	12526	A	T	24265	21138	37	1	1	34	4.12014e-05	24271	1	FALSE	NA	NA	NA	NA	NA	NA
NC_045512.2	12526	A	G	24265	21138	37	3	3	34	0.000123604	24271	0.999997	FALSE	NA	NA	NA	NA	NA	NA
NC_045512.2	12526	A	C	24265	21138	37	2	2	34	8.24029e-05	24271	1	FALSE	NA	NA	NA	NA	NA	NA
NC_045512.2	12527	A	T	24276	21160	37	1	1	26	4.11879e-05	24279	1	FALSE	NA	NA	NA	NA	NA	NA
NC_045512.2	12527	A	G	24276	21160	37	2	2	34	8.23757e-05	24279	1	FALSE	NA	NA	NA	NA	NA	NA
NC_045512.2	12528	C	T	24251	21195	37	1	1	34	4.12337e-05	24252	1	FALSE	NA	NA	NA	NA	NA	NA
NC_045512.2	12529	A	G	24081	21016	37	1	0	34	4.15196e-05	24085	1	FALSE	NA	NA	NA	NA	NA	NA
NC_045512.2	12529	A	C	24081	21016	37	3	3	31	0.000124559	24085	0.999997	FALSE	NA	NA	NA	NA	NA	NA
NC_045512.2	12530	T	C	25051	22314	36	3	2	30	0.000119737	25055	0.999998	FALSE	NA	NA	NA	NA	NA	NA
NC_045512.2	12530	T	A	25051	22314	36	1	1	34	3.99122e-05	25055	1	FALSE	NA	NA	NA	NA	NA	NA
NC_045512.2	12531	T	C	24202	21489	37	2	2	34	8.26276e-05	24205	1	FALSE	NA	NA	NA	NA	NA	NA
NC_045512.2	12531	T	A	24202	21489	37	1	1	34	4.13138e-05	24205	1	FALSE	NA	NA	NA	NA	NA	NA
NC_045512.2	12532	T	C	24366	21668	37	2	2	34	8.20749e-05	24368	1	FALSE	NA	NA	NA	NA	NA	NA
NC_045512.2	12533	A	G	24483	21823	37	3	3	34	0.000122509	24488	0.999997	FALSE	NA	NA	NA	NA	NA	NA
NC_045512.2	12533	A	C	24483	21823	37	2	2	27	8.16727e-05	24488	1	FALSE	NA	NA	NA	NA	NA	NA
NC_045512.2	12534	C	-T	26083	23593	37	2	0	20	7.66783e-05	26083	1	FALSE	NA	NA	NA	NA	NA	NA
NC_045512.2	12535	T	C	27966	25719	37	1	1	34	3.57564e-05	27967	1	FALSE	NA	NA	NA	NA	NA	NA
NC_045512.2	12537	A	G	26022	23799	37	1	1	34	3.84246e-05	26025	1	FALSE	NA	NA	NA	NA	NA	NA
NC_045512.2	12537	A	C	26022	23799	37	2	2	34	7.68492e-05	26025	1	FALSE	NA	NA	NA	NA	NA	NA
NC_045512.2	12538	T	C	25758	23708	37	1	1	34	3.88214e-05	25759	1	FALSE	NA	NA	NA	NA	NA	NA
NC_045512.2	12539	G	C	25757	23713	37	1	1	34	3.88169e-05	25762	1	FALSE	NA	NA	NA	NA	NA	NA
NC_045512.2	12539	G	A	25757	23713	37	4	4	34	0.000155267	25762	0.999992	FALSE	NA	NA	NA	NA	NA	NA
NC_045512.2	12540	C	T	25825	23839	37	5	5	34	0.000193566	25831	0.99997	FALSE	NA	NA	NA	NA	NA	NA
NC_045512.2	12540	C	G	25825	23839	37	1	1	34	3.87132e-05	25831	1	FALSE	NA	NA	NA	NA	NA	NA
NC_045512.2	12541	A	G	25397	23415	37	6	5	34	0.000236183	25404	0.999904	FALSE	NA	NA	NA	NA	NA	NA
NC_045512.2	12541	A	C	25397	23415	37	1	1	34	3.93639e-05	25404	1	FALSE	NA	NA	NA	NA	NA	NA
NC_045512.2	12542	T	C	25156	23178	37	1	1	34	3.97504e-05	25157	1	FALSE	NA	NA	NA	NA	NA	NA
NC_045512.2	12543	C	T	25034	23123	37	3	3	31	0.000119823	25037	0.999998	FALSE	NA	NA	NA	NA	NA	NA
NC_045512.2	12544	A	T	24982	23083	37	1	0	68	4.0024e-05	24985	0.49999	FALSE	NA	NA	NA	NA	NA	NA
NC_045512.2	12544	A	G	24982	23083	37	2	2	30	8.0048e-05	24985	1	FALSE	NA	NA	NA	NA	NA	NA
NC_045512.2	12545	G	C	24125	22408	36	1	1	34	4.14473e-05	24127	1	FALSE	NA	NA	NA	NA	NA	NA
NC_045512.2	12545	G	A	24125	22408	36	1	1	34	4.14473e-05	24127	1	FALSE	NA	NA	NA	NA	NA	NA
NC_045512.2	12547	A	G	24723	23063	36	2	1	51	8.08898e-05	24725	0.250005	FALSE	NA	NA	NA	NA	NA	NA
NC_045512.2	12548	T	C	24779	23183	36	1	1	34	4.03551e-05	24780	1	FALSE	NA	NA	NA	NA	NA	NA
NC_045512.2	12551	T	G	29589	22274	36	1	1	34	3.37872e-05	29597	1	FALSE	NA	NA	NA	NA	NA	NA
NC_045512.2	12551	T	C	29589	22274	36	7	6	32	0.00023651	29597	0.999965	FALSE	NA	NA	NA	NA	NA	NA
NC_045512.2	12552	G	T	29692	22223	35	3	2	34	0.00010102	29697	1	FALSE	NA	NA	NA	NA	NA	NA
NC_045512.2	12552	G	C	29692	22223	35	1	1	34	3.36734e-05	29697	1	FALSE	NA	NA	NA	NA	NA	NA
NC_045512.2	12552	G	A	29692	22223	35	1	0	34	3.36734e-05	29697	1	FALSE	NA	NA	NA	NA	NA	NA
NC_045512.2	12553	G	A	29657	22209	35	4	4	32	0.000134857	29661	0.999999	FALSE	NA	NA	NA	NA	NA	NA
NC_045512.2	12554	G	C	29051	21626	35	1	1	34	3.44151e-05	29057	1	FALSE	NA	NA	NA	NA	NA	NA
NC_045512.2	12554	G	A	29051	21626	35	5	5	34	0.000172076	29057	0.999997	FALSE	NA	NA	NA	NA	NA	NA
NC_045512.2	12554	G	-A	29051	21626	35	2	0	20	6.88302e-05	29057	1	FALSE	NA	NA	NA	NA	NA	NA
NC_045512.2	12555	A	T	29254	21884	35	1	1	34	3.41717e-05	29264	1	FALSE	NA	NA	NA	NA	NA	NA
NC_045512.2	12555	A	G	29254	21884	35	8	5	38	0.000273373	29264	0.999905	FALSE	NA	NA	NA	NA	NA	NA
NC_045512.2	12555	A	C	29254	21884	35	1	1	26	3.41717e-05	29264	1	FALSE	NA	NA	NA	NA	NA	NA
NC_045512.2	12556	A	T	29150	21828	35	1	1	34	3.42959e-05	29158	1	FALSE	NA	NA	NA	NA	NA	NA
NC_045512.2	12556	A	G	29150	21828	35	3	2	30	0.000102888	29158	1	FALSE	NA	NA	NA	NA	NA	NA
NC_045512.2	12556	A	C	29150	21828	35	4	3	30	0.000137184	29158	0.999999	FALSE	NA	NA	NA	NA	NA	NA
NC_045512.2	12558	T	C	30034	21792	35	4	2	34	0.000133165	30038	1	FALSE	NA	NA	NA	NA	NA	NA
NC_045512.2	12559	C	G	30036	21741	35	1	0	26	3.32923e-05	30037	1	FALSE	NA	NA	NA	NA	NA	NA
NC_045512.2	12560	C	T	29960	21652	35	2	2	34	6.67512e-05	29962	1	FALSE	NA	NA	NA	NA	NA	NA
NC_045512.2	12561	A	G	29952	21645	35	6	3	31	0.00020028	29958	0.999989	FALSE	NA	NA	NA	NA	NA	NA
NC_045512.2	12562	A	T	29754	21654	35	2	2	34	6.72111e-05	29757	1	FALSE	NA	NA	NA	NA	NA	NA
NC_045512.2	12562	A	G	29754	21654	35	1	0	34	3.36055e-05	29757	1	FALSE	NA	NA	NA	NA	NA	NA
NC_045512.2	12564	A	G	29925	21516	35	6	4	39	0.000200454	29932	0.999989	FALSE	NA	NA	NA	NA	NA	NA
NC_045512.2	12564	A	C	29925	21516	35	1	0	34	3.34091e-05	29932	1	FALSE	NA	NA	NA	NA	NA	NA
NC_045512.2	12565	G	A	31175	21504	35	1	1	34	3.2076e-05	31176	1	FALSE	NA	NA	NA	NA	NA	NA
NC_045512.2	12566	G	C	30846	20840	35	1	1	34	3.24181e-05	30847	1	FALSE	NA	NA	NA	NA	NA	NA
NC_045512.2	12568	T	C	30650	20591	35	1	1	34	3.26243e-05	30652	1	FALSE	NA	NA	NA	NA	NA	NA
NC_045512.2	12568	T	A	30650	20591	35	1	1	26	3.26243e-05	30652	1	FALSE	NA	NA	NA	NA	NA	NA
NC_045512.2	12569	G	T	31054	20732	35	5	0	34	0.000160974	31061	0.999999	FALSE	NA	NA	NA	NA	NA	NA
NC_045512.2	12569	G	A	31054	20732	35	2	0	34	6.43894e-05	31061	1	FALSE	NA	NA	NA	NA	NA	NA
NC_045512.2	12570	T	C	31191	20820	35	2	1	34	6.41169e-05	31193	1	FALSE	NA	NA	NA	NA	NA	NA
NC_045512.2	12571	A	G	31239	20869	35	4	3	51	0.000128025	31244	0.062494	FALSE	NA	NA	NA	NA	NA	NA
NC_045512.2	12571	A	C	31239	20869	35	1	1	34	3.20061e-05	31244	1	FALSE	NA	NA	NA	NA	NA	NA
NC_045512.2	12573	A	T	31489	20905	34	1	0	26	3.17541e-05	31492	1	FALSE	NA	NA	NA	NA	NA	NA
NC_045512.2	12573	A	G	31489	20905	34	2	0	34	6.35082e-05	31492	1	FALSE	NA	NA	NA	NA	NA	NA
NC_045512.2	12574	T	G	31121	19847	34	1	0	34	3.21295e-05	31124	1	FALSE	NA	NA	NA	NA	NA	NA
NC_045512.2	12574	T	C	31121	19847	34	2	2	34	6.42591e-05	31124	1	FALSE	NA	NA	NA	NA	NA	NA
NC_045512.2	12575	G	C	30899	19578	35	1	1	34	3.23572e-05	30905	1	FALSE	NA	NA	NA	NA	NA	NA
NC_045512.2	12575	G	A	30899	19578	35	5	4	34	0.000161786	30905	0.999998	FALSE	NA	NA	NA	NA	NA	NA
NC_045512.2	12576	C	T	30839	19542	35	5	4	34	0.000162106	30844	0.999998	FALSE	NA	NA	NA	NA	NA	NA
NC_045512.2	12577	A	T	30801	19472	34	1	0	34	3.24591e-05	30808	1	FALSE	NA	NA	NA	NA	NA	NA
NC_045512.2	12577	A	G	30801	19472	34	6	3	34	0.000194755	30808	0.999994	FALSE	NA	NA	NA	NA	NA	NA
NC_045512.2	12578	G	T	29203	19370	35	1658	77	34	0.0537143	30867	0	TRUE	NA	NA	NA	NA	NA	NA
NC_045512.2	12578	G	C	29203	19370	35	1	1	26	3.23971e-05	30867	1	FALSE	NA	NA	NA	NA	NA	NA
NC_045512.2	12578	G	A	29203	19370	35	5	4	34	0.000161985	30867	0.999996	FALSE	NA	NA	NA	NA	NA	NA
NC_045512.2	12579	A	T	30590	19207	34	1	0	68	3.26861e-05	30594	0.499984	FALSE	NA	NA	NA	NA	NA	NA
NC_045512.2	12579	A	G	30590	19207	34	3	3	34	9.80584e-05	30594	1	FALSE	NA	NA	NA	NA	NA	NA
NC_045512.2	12580	T	C	31558	19217	34	1	1	34	3.16857e-05	31560	1	FALSE	NA	NA	NA	NA	NA	NA
NC_045512.2	12580	T	A	31558	19217	34	1	1	34	3.16857e-05	31560	1	FALSE	NA	NA	NA	NA	NA	NA
NC_045512.2	12581	A	G	31195	18928	34	6	0	34	0.000192295	31202	0.999996	FALSE	NA	NA	NA	NA	NA	NA
NC_045512.2	12581	A	C	31195	18928	34	1	0	34	3.20492e-05	31202	1	FALSE	NA	NA	NA	NA	NA	NA
NC_045512.2	12582	G	T	31432	18887	34	1	0	34	3.18117e-05	31435	1	FALSE	NA	NA	NA	NA	NA	NA
NC_045512.2	12582	G	C	31432	18887	34	1	1	34	3.18117e-05	31435	1	FALSE	NA	NA	NA	NA	NA	NA
NC_045512.2	12582	G	A	31432	18887	34	1	0	34	3.18117e-05	31435	1	FALSE	NA	NA	NA	NA	NA	NA
NC_045512.2	12583	T	C	30940	18436	34	1	1	34	3.23185e-05	30942	1	FALSE	NA	NA	NA	NA	NA	NA
NC_045512.2	12583	T	A	30940	18436	34	1	0	60	3.23185e-05	30942	0.5	FALSE	NA	NA	NA	NA	NA	NA
NC_045512.2	12584	A	G	30585	18059	34	4	2	32	0.000130766	30589	1	FALSE	NA	NA	NA	NA	NA	NA
NC_045512.2	12585	A	T	30784	18156	34	6	6	34	0.000194849	30793	0.999994	FALSE	NA	NA	NA	NA	NA	NA
NC_045512.2	12585	A	G	30784	18156	34	3	1	34	9.74247e-05	30793	1	FALSE	NA	NA	NA	NA	NA	NA
NC_045512.2	12586	A	C	30329	18167	34	1	1	34	3.29707e-05	30330	1	FALSE	NA	NA	NA	NA	NA	NA
NC_045512.2	12587	A	G	30772	18164	34	1	0	34	3.2496e-05	30773	1	FALSE	NA	NA	NA	NA	NA	NA
NC_045512.2	12588	T	C	31042	18191	34	2	0	34	6.44226e-05	31045	1	FALSE	NA	NA	NA	NA	NA	NA
NC_045512.2	12588	T	A	31042	18191	34	1	0	34	3.22113e-05	31045	1	FALSE	NA	NA	NA	NA	NA	NA
NC_045512.2	12589	T	C	28671	15894	34	5	5	34	0.000174362	28676	0.999995	FALSE	NA	NA	NA	NA	NA	NA
NC_045512.2	12590	G	C	28872	15841	34	11	11	33	0.000380834	28884	0.998316	FALSE	NA	NA	NA	NA	NA	NA
NC_045512.2	12590	G	A	28872	15841	34	1	1	34	3.46212e-05	28884	1	FALSE	NA	NA	NA	NA	NA	NA
NC_045512.2	12591	T	C	28493	15491	34	3	2	45	0.000105278	28496	0.500016	FALSE	NA	NA	NA	NA	NA	NA
NC_045512.2	12592	T	C	28396	15632	34	7	3	34	0.000246453	28403	0.999942	FALSE	NA	NA	NA	NA	NA	NA
NC_045512.2	12593	C	T	28126	15683	34	3	2	34	0.000106648	28130	1	FALSE	NA	NA	NA	NA	NA	NA
NC_045512.2	12593	C	A	28126	15683	34	1	0	34	3.55492e-05	28130	1	FALSE	NA	NA	NA	NA	NA	NA
NC_045512.2	12594	A	G	27980	15540	34	4	3	34	0.000142939	27984	0.999998	FALSE	NA	NA	NA	NA	NA	NA
NC_045512.2	12596	C	T	27055	15617	34	1250	121	34	0.0441618	28305	0	TRUE	NA	NA	NA	NA	NA	NA
NC_045512.2	12597	T	G	27301	14694	34	1	1	34	3.66247e-05	27304	1	FALSE	NA	NA	NA	NA	NA	NA
NC_045512.2	12597	T	C	27301	14694	34	2	1	34	7.32493e-05	27304	1	FALSE	NA	NA	NA	NA	NA	NA
NC_045512.2	12598	T	G	27274	14723	34	3	2	34	0.000109975	27279	1	FALSE	NA	NA	NA	NA	NA	NA
NC_045512.2	12598	T	C	27274	14723	34	1	0	26	3.66582e-05	27279	1	FALSE	NA	NA	NA	NA	NA	NA
NC_045512.2	12598	T	A	27274	14723	34	1	0	34	3.66582e-05	27279	1	FALSE	NA	NA	NA	NA	NA	NA
NC_045512.2	12599	A	G	27173	14487	34	1	1	26	3.67999e-05	27174	1	FALSE	NA	NA	NA	NA	NA	NA
NC_045512.2	12600	G	T	27169	14444	34	1	0	34	3.68039e-05	27171	1	FALSE	NA	NA	NA	NA	NA	NA
NC_045512.2	12600	G	C	27169	14444	34	1	1	34	3.68039e-05	27171	1	FALSE	NA	NA	NA	NA	NA	NA
NC_045512.2	12601	T	G	26922	14247	34	1	0	34	3.71416e-05	26924	1	FALSE	NA	NA	NA	NA	NA	NA
NC_045512.2	12601	T	C	26922	14247	34	1	1	34	3.71416e-05	26924	1	FALSE	NA	NA	NA	NA	NA	NA
NC_045512.2	12602	G	C	26944	14256	34	1	0	34	3.71126e-05	26945	1	FALSE	NA	NA	NA	NA	NA	NA
NC_045512.2	12603	A	G	27147	14493	34	10	9	34	0.000368229	27157	0.998723	FALSE	NA	NA	NA	NA	NA	NA
NC_045512.2	12604	A	T	26895	14137	34	1	1	34	3.71747e-05	26900	1	FALSE	NA	NA	NA	NA	NA	NA
NC_045512.2	12604	A	G	26895	14137	34	3	1	42	0.000111524	26900	0.499983	FALSE	NA	NA	NA	NA	NA	NA
NC_045512.2	12604	A	C	26895	14137	34	1	0	26	3.71747e-05	26900	1	FALSE	NA	NA	NA	NA	NA	NA
NC_045512.2	12605	A	G	26897	14157	34	1	1	34	3.71775e-05	26898	1	FALSE	NA	NA	NA	NA	NA	NA
NC_045512.2	12606	T	C	26870	14062	34	3	1	31	0.000111636	26873	0.999999	FALSE	NA	NA	NA	NA	NA	NA
NC_045512.2	12607	T	G	26815	14056	35	1	0	34	3.7287e-05	26819	1	FALSE	NA	NA	NA	NA	NA	NA
NC_045512.2	12607	T	C	26815	14056	35	3	1	34	0.000111861	26819	0.999999	FALSE	NA	NA	NA	NA	NA	NA
NC_045512.2	12608	A	G	27231	13927	34	20	8	33	0.000733918	27251	0.878647	FALSE	NA	NA	NA	NA	NA	NA
NC_045512.2	12609	G	T	27483	13909	35	1	1	34	3.63848e-05	27484	1	FALSE	NA	NA	NA	NA	NA	NA
NC_045512.2	12610	T	G	27160	13663	35	1	0	34	3.68148e-05	27163	1	FALSE	NA	NA	NA	NA	NA	NA
NC_045512.2	12610	T	C	27160	13663	35	2	1	34	7.36296e-05	27163	1	FALSE	NA	NA	NA	NA	NA	NA
NC_045512.2	12611	A	T	27462	13928	35	2	2	47	7.2812e-05	27468	0.687466	FALSE	NA	NA	NA	NA	NA	NA
NC_045512.2	12611	A	G	27462	13928	35	4	2	32	0.000145624	27468	0.999998	FALSE	NA	NA	NA	NA	NA	NA
NC_045512.2	12612	T	C	27022	13487	35	4	0	34	0.000147995	27028	0.999998	FALSE	NA	NA	NA	NA	NA	NA
NC_045512.2	12612	T	A	27022	13487	35	2	0	34	7.39973e-05	27028	1	FALSE	NA	NA	NA	NA	NA	NA
NC_045512.2	12613	G	T	27006	13164	35	2	0	30	7.40439e-05	27011	1	FALSE	NA	NA	NA	NA	NA	NA
NC_045512.2	12613	G	A	27006	13164	35	3	0	34	0.000111066	27011	1	FALSE	NA	NA	NA	NA	NA	NA
NC_045512.2	12614	G	C	27046	13222	35	2	2	34	7.39317e-05	27052	1	FALSE	NA	NA	NA	NA	NA	NA
NC_045512.2	12614	G	A	27046	13222	35	4	0	34	0.000147863	27052	0.999998	FALSE	NA	NA	NA	NA	NA	NA
NC_045512.2	12615	A	G	15623	1798	36	3	0	31	0.000191988	15626	0.999346	FALSE	NA	NA	NA	NA	NA	NA
NC_045512.2	12617	A	G	16383	2086	36	1	0	34	6.10352e-05	16384	0.999992	FALSE	NA	NA	NA	NA	NA	NA
NC_045512.2	12618	A	G	16519	2164	36	2	0	34	0.000121058	16521	0.999928	FALSE	NA	NA	NA	NA	NA	NA
NC_045512.2	12619	T	C	16497	2144	36	4	0	42	0.00024241	16501	0.1875	FALSE	NA	NA	NA	NA	NA	NA
NC_045512.2	12620	T	C	16514	2195	36	7	1	34	0.000423703	16521	0.982692	FALSE	NA	NA	NA	NA	NA	NA
NC_045512.2	12621	C	T	14927	1960	36	1641	277	37	0.0990464	16568	0	TRUE	NA	NA	NA	NA	NA	NA
NC_045512.2	12622	A	G	16679	2248	36	3	0	34	0.000179835	16682	0.999637	FALSE	NA	NA	NA	NA	NA	NA
NC_045512.2	12623	C	T	16995	2256	36	1	0	26	5.88374e-05	16996	1	FALSE	NA	NA	NA	NA	NA	NA
NC_045512.2	12625	T	C	16992	2308	36	1	0	34	5.88478e-05	16993	0.999992	FALSE	NA	NA	NA	NA	NA	NA
NC_045512.2	12626	A	T	17279	2366	37	1	0	34	5.78704e-05	17280	0.999996	FALSE	NA	NA	NA	NA	NA	NA
NC_045512.2	12627	A	G	17498	2388	36	2	0	34	0.000114286	17500	0.999962	FALSE	NA	NA	NA	NA	NA	NA
NC_045512.2	12627	A	+T	17498	2388	36	1	0	20	5.71429e-05	17500	1	FALSE	NA	NA	NA	NA	NA	NA
NC_045512.2	12629	T	G	17727	2560	37	1	0	34	5.64016e-05	17730	0.999996	FALSE	NA	NA	NA	NA	NA	NA
NC_045512.2	12629	T	C	17727	2560	37	1	1	34	5.64016e-05	17730	0.999996	FALSE	NA	NA	NA	NA	NA	NA
NC_045512.2	12629	T	A	17727	2560	37	1	0	26	5.64016e-05	17730	1	FALSE	NA	NA	NA	NA	NA	NA
NC_045512.2	12630	T	C	17707	2587	37	3	0	34	0.000169396	17710	0.9998	FALSE	NA	NA	NA	NA	NA	NA
NC_045512.2	12631	A	G	17868	2584	37	2	0	51	0.000111919	17870	0.250007	FALSE	NA	NA	NA	NA	NA	NA
NC_045512.2	12632	G	A	17871	2587	37	1	1	34	5.59534e-05	17872	0.999996	FALSE	NA	NA	NA	NA	NA	NA
NC_045512.2	12633	C	G	17232	2645	37	2	0	34	0.00011605	17234	0.999962	FALSE	NA	NA	NA	NA	NA	NA
NC_045512.2	12634	A	-TG	17388	2675	37	1	0	20	5.75109e-05	17388	1	FALSE	NA	NA	NA	NA	NA	NA
NC_045512.2	12635	T	C	16828	2717	37	3	0	42	0.000178243	16831	0.312489	FALSE	NA	NA	NA	NA	NA	NA
NC_045512.2	12636	G	A	16855	2730	37	2	0	34	0.000118645	16857	0.999928	FALSE	NA	NA	NA	NA	NA	NA
NC_045512.2	12637	G	A	17225	2734	37	1	0	34	5.80518e-05	17226	0.999996	FALSE	NA	NA	NA	NA	NA	NA
NC_045512.2	12638	C	G	16780	2838	37	1	1	34	5.95912e-05	16781	0.999992	FALSE	NA	NA	NA	NA	NA	NA
NC_045512.2	12639	C	T	15578	3016	37	1	0	34	6.41849e-05	15580	0.999985	FALSE	NA	NA	NA	NA	NA	NA
NC_045512.2	12639	C	G	15578	3016	37	1	0	34	6.41849e-05	15580	0.999985	FALSE	NA	NA	NA	NA	NA	NA
NC_045512.2	12640	T	C	15527	2907	36	5	1	32	0.000321916	15532	0.994106	FALSE	NA	NA	NA	NA	NA	NA
NC_045512.2	12642	T	C	16167	3037	37	1	0	34	6.18506e-05	16168	0.999992	FALSE	NA	NA	NA	NA	NA	NA
NC_045512.2	12644	A	G	16771	3552	37	3	2	42	0.000178848	16774	0.312511	FALSE	NA	NA	NA	NA	NA	NA
NC_045512.2	12645	T	G	16964	3577	37	2	0	34	0.000117883	16966	0.999928	FALSE	NA	NA	NA	NA	NA	NA
NC_045512.2	12646	T	C	15957	3676	37	2	1	34	0.000125321	15959	0.999863	FALSE	NA	NA	NA	NA	NA	NA
NC_045512.2	12647	G	T	16565	3680	37	1	0	34	6.03646e-05	16566	0.999992	FALSE	NA	NA	NA	NA	NA	NA
NC_045512.2	12648	T	C	16508	3784	37	4	0	42	0.000242248	16512	0.1875	FALSE	NA	NA	NA	NA	NA	NA
NC_045512.2	12649	A	G	16609	3869	37	2	1	34	0.000120402	16611	0.999928	FALSE	NA	NA	NA	NA	NA	NA
NC_045512.2	12650	A	G	16563	3843	37	1	0	34	6.03719e-05	16564	0.999992	FALSE	NA	NA	NA	NA	NA	NA
NC_045512.2	12651	C	T	14553	3425	37	1721	456	36	0.105752	16274	0	TRUE	NA	NA	NA	NA	NA	NA
NC_045512.2	12652	A	G	15681	3786	37	2	0	34	0.000127527	15683	0.999863	FALSE	NA	NA	NA	NA	NA	NA
NC_045512.2	12653	G	A	16646	3801	37	2	0	34	0.000120135	16648	0.999928	FALSE	NA	NA	NA	NA	NA	NA
NC_045512.2	12655	T	C	16463	3750	37	1	0	34	6.07386e-05	16464	0.999992	FALSE	NA	NA	NA	NA	NA	NA
NC_045512.2	12656	T	C	16654	3970	37	1	0	34	6.0042e-05	16655	0.999992	FALSE	NA	NA	NA	NA	NA	NA
NC_045512.2	12659	A	T	15813	4086	37	1	0	34	6.32311e-05	15815	0.999985	FALSE	NA	NA	NA	NA	NA	NA
NC_045512.2	12659	A	G	15813	4086	37	1	0	34	6.32311e-05	15815	0.999985	FALSE	NA	NA	NA	NA	NA	NA
NC_045512.2	12660	G	C	15989	4082	37	1	1	26	6.25391e-05	15990	1	FALSE	NA	NA	NA	NA	NA	NA
NC_045512.2	12662	G	A	16286	3980	37	12	6	34	0.000736287	16298	0.827682	FALSE	NA	NA	NA	NA	NA	NA
NC_045512.2	12663	C	A	16293	4069	37	1	0	26	6.13723e-05	16294	1	FALSE	NA	NA	NA	NA	NA	NA
NC_045512.2	12664	C	T	16332	4095	37	2	2	51	0.000122436	16335	0.249992	FALSE	NA	NA	NA	NA	NA	NA
NC_045512.2	12664	C	A	16332	4095	37	1	0	34	6.12182e-05	16335	0.999992	FALSE	NA	NA	NA	NA	NA	NA
NC_045512.2	12665	A	G	16348	4069	37	2	0	34	0.000122324	16350	0.999928	FALSE	NA	NA	NA	NA	NA	NA
NC_045512.2	12666	A	G	15514	4328	36	1	0	68	6.44538e-05	15515	0.500016	FALSE	NA	NA	NA	NA	NA	NA
NC_045512.2	12668	T	C	15331	4474	36	2	1	51	0.000130438	15333	0.250008	FALSE	NA	NA	NA	NA	NA	NA
NC_045512.2	12671	G	A	14977	4366	36	3	0	34	0.000200267	14980	0.998829	FALSE	NA	NA	NA	NA	NA	NA
NC_045512.2	12672	C	T	14062	4510	36	4	1	57	0.000284374	14066	0.0624956	FALSE	NA	NA	NA	NA	NA	NA
NC_045512.2	12673	T	G	14040	4457	36	1	1	34	7.12048e-05	14044	0.99997	FALSE	NA	NA	NA	NA	NA	NA
NC_045512.2	12673	T	C	14040	4457	36	3	2	34	0.000213614	14044	0.998828	FALSE	NA	NA	NA	NA	NA	NA
NC_045512.2	12674	G	A	14180	4446	36	1	1	34	7.05169e-05	14181	0.99997	FALSE	NA	NA	NA	NA	NA	NA
NC_045512.2	12678	A	G	14360	4729	36	1	0	34	6.9633e-05	14361	0.99997	FALSE	NA	NA	NA	NA	NA	NA
NC_045512.2	12679	A	G	14244	4746	36	2	0	34	0.00014039	14246	0.999742	FALSE	NA	NA	NA	NA	NA	NA
NC_045512.2	12680	T	G	14456	4731	36	1	1	34	6.91611e-05	14459	0.99997	FALSE	NA	NA	NA	NA	NA	NA
NC_045512.2	12680	T	C	14456	4731	36	2	0	34	0.000138322	14459	0.999741	FALSE	NA	NA	NA	NA	NA	NA
NC_045512.2	12681	T	C	14059	5287	37	1	0	34	7.11238e-05	14060	0.99997	FALSE	NA	NA	NA	NA	NA	NA
NC_045512.2	12682	A	G	13951	5201	36	2	2	34	0.000143338	13953	0.999513	FALSE	NA	NA	NA	NA	NA	NA
NC_045512.2	12685	G	T	14103	5265	37	1	0	68	7.09019e-05	14104	0.500018	FALSE	NA	NA	NA	NA	NA	NA
NC_045512.2	12686	A	G	14510	5860	37	3	2	34	0.000206711	14513	0.998829	FALSE	NA	NA	NA	NA	NA	NA
NC_045512.2	12687	A	T	15035	5902	37	1	1	34	6.64849e-05	15041	0.999985	FALSE	NA	NA	NA	NA	NA	NA
NC_045512.2	12687	A	G	15035	5902	37	4	0	32	0.00026594	15041	0.997792	FALSE	NA	NA	NA	NA	NA	NA
NC_045512.2	12687	A	C	15035	5902	37	1	1	26	6.64849e-05	15041	1	FALSE	NA	NA	NA	NA	NA	NA
NC_045512.2	12688	T	C	14963	5871	37	1	0	34	6.68271e-05	14964	0.99997	FALSE	NA	NA	NA	NA	NA	NA
NC_045512.2	12689	A	T	14815	5932	37	1	1	34	6.74946e-05	14816	0.99997	FALSE	NA	NA	NA	NA	NA	NA
NC_045512.2	12690	A	T	14830	5944	37	1	1	34	6.74263e-05	14831	0.99997	FALSE	NA	NA	NA	NA	NA	NA
NC_045512.2	12691	T	C	14740	6068	37	4	3	32	0.000271297	14744	0.996241	FALSE	NA	NA	NA	NA	NA	NA
NC_045512.2	12692	G	T	14765	6083	37	1	0	34	6.7714e-05	14768	0.99997	FALSE	NA	NA	NA	NA	NA	NA
NC_045512.2	12692	G	C	14765	6083	37	1	0	27	6.7714e-05	14768	1	FALSE	NA	NA	NA	NA	NA	NA
NC_045512.2	12692	G	A	14765	6083	37	1	0	34	6.7714e-05	14768	0.99997	FALSE	NA	NA	NA	NA	NA	NA
NC_045512.2	12693	A	G	14744	6051	36	1	0	34	6.78196e-05	14745	0.99997	FALSE	NA	NA	NA	NA	NA	NA
NC_045512.2	12695	C	T	15367	6383	37	1	0	34	6.50703e-05	15368	0.999985	FALSE	NA	NA	NA	NA	NA	NA
NC_045512.2	12696	T	G	15040	6028	36	1	0	34	6.64849e-05	15041	0.999985	FALSE	NA	NA	NA	NA	NA	NA
NC_045512.2	12697	T	A	15116	6154	37	2	2	34	0.000132293	15118	0.999863	FALSE	NA	NA	NA	NA	NA	NA
NC_045512.2	12698	A	G	15182	6146	37	1	0	34	6.58631e-05	15183	0.999985	FALSE	NA	NA	NA	NA	NA	NA
NC_045512.2	12700	T	G	15502	6208	37	1	1	34	6.44995e-05	15504	0.999985	FALSE	NA	NA	NA	NA	NA	NA
NC_045512.2	12700	T	C	15502	6208	37	1	1	34	6.44995e-05	15504	0.999985	FALSE	NA	NA	NA	NA	NA	NA
NC_045512.2	12702	C	T	15565	6314	37	1	0	34	6.42426e-05	15566	0.999985	FALSE	NA	NA	NA	NA	NA	NA
NC_045512.2	12703	T	C	15194	5924	37	8	5	34	0.000526247	15202	0.953507	FALSE	NA	NA	NA	NA	NA	NA
NC_045512.2	12704	G	A	15306	5945	37	3	0	34	0.000195963	15309	0.999346	FALSE	NA	NA	NA	NA	NA	NA
NC_045512.2	12706	T	C	15355	6009	37	1	0	34	6.51211e-05	15356	0.999985	FALSE	NA	NA	NA	NA	NA	NA
NC_045512.2	12709	A	G	15665	6405	37	1	0	34	6.38325e-05	15666	0.999985	FALSE	NA	NA	NA	NA	NA	NA
NC_045512.2	12711	T	C	14366	5824	37	1346	508	37	0.085667	15712	0	TRUE	NA	NA	NA	NA	NA	NA
NC_045512.2	12712	A	G	15720	6315	37	1	0	34	6.36092e-05	15721	0.999985	FALSE	NA	NA	NA	NA	NA	NA
NC_045512.2	12713	C	T	13607	5621	37	1952	716	37	0.12545	15560	0	TRUE	NA	NA	NA	NA	NA	NA
NC_045512.2	12713	C	G	13607	5621	37	1	0	34	6.42674e-05	15560	0.999957	FALSE	NA	NA	NA	NA	NA	NA
NC_045512.2	12715	A	G	15525	6311	37	1	0	34	6.44081e-05	15526	0.999985	FALSE	NA	NA	NA	NA	NA	NA
NC_045512.2	12717	A	G	14601	5915	36	1	0	68	6.84697e-05	14605	0.499966	FALSE	NA	NA	NA	NA	NA	NA
NC_045512.2	12717	A	C	14601	5915	36	3	3	28	0.000205409	14605	1	FALSE	NA	NA	NA	NA	NA	NA
NC_045512.2	12718	G	A	14814	5934	37	1	1	34	6.74992e-05	14815	0.99997	FALSE	NA	NA	NA	NA	NA	NA
NC_045512.2	12719	A	G	14992	6248	37	3	2	34	0.000200067	14995	0.998829	FALSE	NA	NA	NA	NA	NA	NA
NC_045512.2	12721	G	T	15295	6268	37	1	0	34	6.53723e-05	15297	0.999985	FALSE	NA	NA	NA	NA	NA	NA
NC_045512.2	12721	G	A	15295	6268	37	1	0	34	6.53723e-05	15297	0.999985	FALSE	NA	NA	NA	NA	NA	NA
NC_045512.2	12722	T	C	14998	6009	36	1	1	34	6.66711e-05	14999	0.99997	FALSE	NA	NA	NA	NA	NA	NA
NC_045512.2	12723	C	T	15129	6493	37	2	0	34	0.000132162	15133	0.999863	FALSE	NA	NA	NA	NA	NA	NA
NC_045512.2	12723	C	A	15129	6493	37	2	0	34	0.000132162	15133	0.999863	FALSE	NA	NA	NA	NA	NA	NA
NC_045512.2	12725	T	C	15301	6751	37	2	1	34	0.000130693	15303	0.999863	FALSE	NA	NA	NA	NA	NA	NA
NC_045512.2	12726	G	A	15362	6752	37	1	0	34	6.50915e-05	15363	0.999985	FALSE	NA	NA	NA	NA	NA	NA
NC_045512.2	12727	T	C	15069	6703	37	2	1	51	0.000132705	15071	0.250008	FALSE	NA	NA	NA	NA	NA	NA
NC_045512.2	12728	G	A	14853	6714	37	1	1	34	6.73219e-05	14854	0.99997	FALSE	NA	NA	NA	NA	NA	NA
NC_045512.2	12729	C	T	14871	6740	37	1	1	34	6.72405e-05	14872	0.99997	FALSE	NA	NA	NA	NA	NA	NA
NC_045512.2	12731	G	T	14727	6462	37	2	0	34	0.000135787	14729	0.999742	FALSE	NA	NA	NA	NA	NA	NA
NC_045512.2	12732	C	T	14986	6826	37	1	1	34	6.67156e-05	14989	0.99997	FALSE	NA	NA	NA	NA	NA	NA
NC_045512.2	12732	C	G	14986	6826	37	2	1	34	0.000133431	14989	0.999741	FALSE	NA	NA	NA	NA	NA	NA
NC_045512.2	12733	C	T	15487	7349	37	4	3	42	0.000258214	15491	0.1875	FALSE	NA	NA	NA	NA	NA	NA
NC_045512.2	12735	G	A	16186	7507	37	2	0	34	0.000123548	16188	0.999928	FALSE	NA	NA	NA	NA	NA	NA
NC_045512.2	12736	T	C	16267	7612	37	2	1	30	0.000122933	16269	0.999928	FALSE	NA	NA	NA	NA	NA	NA
NC_045512.2	12737	A	G	16285	7663	37	2	0	34	0.000122797	16287	0.999928	FALSE	NA	NA	NA	NA	NA	NA
NC_045512.2	12738	C	T	15759	7799	37	4	4	34	0.000253711	15766	0.997791	FALSE	NA	NA	NA	NA	NA	NA
NC_045512.2	12738	C	G	15759	7799	37	2	0	34	0.000126855	15766	0.999863	FALSE	NA	NA	NA	NA	NA	NA
NC_045512.2	12738	C	A	15759	7799	37	1	0	34	6.34276e-05	15766	0.999985	FALSE	NA	NA	NA	NA	NA	NA
NC_045512.2	12739	T	G	15703	7726	37	1	0	34	6.36537e-05	15710	0.999985	FALSE	NA	NA	NA	NA	NA	NA
NC_045512.2	12739	T	C	15703	7726	37	5	1	32	0.000318269	15710	0.994102	FALSE	NA	NA	NA	NA	NA	NA
NC_045512.2	12739	T	A	15703	7726	37	1	1	34	6.36537e-05	15710	0.999985	FALSE	NA	NA	NA	NA	NA	NA
NC_045512.2	12740	A	G	15797	7680	36	5	0	32	0.000316416	15802	0.994106	FALSE	NA	NA	NA	NA	NA	NA
NC_045512.2	12741	C	T	15555	8006	37	4	2	34	0.000257086	15559	0.997794	FALSE	NA	NA	NA	NA	NA	NA
NC_045512.2	12742	A	C	15572	8034	37	2	2	34	0.000128419	15574	0.999863	FALSE	NA	NA	NA	NA	NA	NA
NC_045512.2	12743	C	T	15407	8105	36	2	0	34	0.000129786	15410	0.999863	FALSE	NA	NA	NA	NA	NA	NA
NC_045512.2	12743	C	G	15407	8105	36	1	1	34	6.48929e-05	15410	0.999985	FALSE	NA	NA	NA	NA	NA	NA
NC_045512.2	12745	A	T	14678	7405	36	1	1	34	6.81153e-05	14681	0.99997	FALSE	NA	NA	NA	NA	NA	NA
NC_045512.2	12745	A	G	14678	7405	36	2	1	34	0.000136231	14681	0.999741	FALSE	NA	NA	NA	NA	NA	NA
NC_045512.2	12746	A	G	11123	7478	34	1	1	34	8.98876e-05	11125	0.999757	FALSE	NA	NA	NA	NA	NA	NA
NC_045512.2	12746	A	C	11123	7478	34	1	1	34	8.98876e-05	11125	0.999757	FALSE	NA	NA	NA	NA	NA	NA
NC_045512.2	12748	T	C	14232	7448	36	1	0	34	7.02593e-05	14233	0.99997	FALSE	NA	NA	NA	NA	NA	NA
NC_045512.2	12749	G	A	14237	7422	36	4	4	42	0.000280879	14241	0.1875	FALSE	NA	NA	NA	NA	NA	NA
NC_045512.2	12750	C	T	14059	7277	36	17	7	35	0.00120773	14076	0.36005	FALSE	NA	NA	NA	NA	NA	NA
NC_045512.2	12751	T	C	14621	7882	36	5	3	34	0.000341857	14626	0.990417	FALSE	NA	NA	NA	NA	NA	NA
NC_045512.2	12752	T	C	14804	8107	36	1	0	68	6.75447e-05	14805	0.500017	FALSE	NA	NA	NA	NA	NA	NA
NC_045512.2	12754	C	T	14504	8255	36	2	1	51	0.000137864	14507	0.249991	FALSE	NA	NA	NA	NA	NA	NA
NC_045512.2	12754	C	G	14504	8255	36	1	1	34	6.89322e-05	14507	0.99997	FALSE	NA	NA	NA	NA	NA	NA
NC_045512.2	12755	A	G	14440	8214	36	2	0	34	0.000138485	14442	0.999742	FALSE	NA	NA	NA	NA	NA	NA
NC_045512.2	12756	C	G	14587	8306	36	3	0	34	0.00020562	14590	0.998829	FALSE	NA	NA	NA	NA	NA	NA
NC_045512.2	12757	T	G	14283	8008	36	1	0	26	7.00084e-05	14284	1	FALSE	NA	NA	NA	NA	NA	NA
NC_045512.2	12758	G	A	14308	7958	36	1	1	68	6.98861e-05	14309	0.500017	FALSE	NA	NA	NA	NA	NA	NA
NC_045512.2	12759	A	T	16234	10029	37	1	0	46	6.15877e-05	16237	0.749992	FALSE	NA	NA	NA	NA	NA	NA
NC_045512.2	12759	A	G	16234	10029	37	1	1	34	6.15877e-05	16237	0.999992	FALSE	NA	NA	NA	NA	NA	NA
NC_045512.2	12759	A	C	16234	10029	37	1	1	34	6.15877e-05	16237	0.999992	FALSE	NA	NA	NA	NA	NA	NA
NC_045512.2	12760	T	C	16222	10000	37	3	3	34	0.0001849	16225	0.999637	FALSE	NA	NA	NA	NA	NA	NA
NC_045512.2	12762	A	T	18100	12648	37	1	1	34	5.52364e-05	18104	0.999998	FALSE	NA	NA	NA	NA	NA	NA
NC_045512.2	12762	A	G	18100	12648	37	3	2	34	0.000165709	18104	0.99989	FALSE	NA	NA	NA	NA	NA	NA
NC_045512.2	12763	C	T	18101	12647	37	2	2	68	0.000110461	18106	0.249965	FALSE	NA	NA	NA	NA	NA	NA
NC_045512.2	12763	C	A	18101	12647	37	3	1	68	0.000165691	18106	0.124979	FALSE	NA	NA	NA	NA	NA	NA
NC_045512.2	12764	A	G	17830	12426	37	1	0	34	5.6079e-05	17832	0.999996	FALSE	NA	NA	NA	NA	NA	NA
NC_045512.2	12764	A	C	17830	12426	37	1	1	34	5.6079e-05	17832	0.999996	FALSE	NA	NA	NA	NA	NA	NA
NC_045512.2	12765	A	G	17848	12495	37	1	1	34	5.60255e-05	17849	0.999996	FALSE	NA	NA	NA	NA	NA	NA
NC_045512.2	12766	T	C	17946	12540	37	5	3	34	0.000278536	17951	0.997835	FALSE	NA	NA	NA	NA	NA	NA
NC_045512.2	12767	G	A	17879	12422	37	3	3	34	0.000167766	17882	0.9998	FALSE	NA	NA	NA	NA	NA	NA
NC_045512.2	12768	C	T	18125	12732	37	1	1	68	5.51694e-05	18126	0.500014	FALSE	NA	NA	NA	NA	NA	NA
NC_045512.2	12770	T	C	18239	12863	37	1	0	34	5.48246e-05	18240	0.999998	FALSE	NA	NA	NA	NA	NA	NA
NC_045512.2	12771	T	C	18509	13165	37	2	1	34	0.000108044	18511	0.99998	FALSE	NA	NA	NA	NA	NA	NA
NC_045512.2	12772	A	G	18453	13112	37	3	1	34	0.00016254	18457	0.99989	FALSE	NA	NA	NA	NA	NA	NA
NC_045512.2	12772	A	C	18453	13112	37	1	1	34	5.418e-05	18457	0.999998	FALSE	NA	NA	NA	NA	NA	NA
NC_045512.2	12775	T	C	18614	13188	37	1	1	68	5.37201e-05	18615	0.500013	FALSE	NA	NA	NA	NA	NA	NA
NC_045512.2	12776	T	C	18971	13534	37	1	1	34	5.27065e-05	18973	0.999998	FALSE	NA	NA	NA	NA	NA	NA
NC_045512.2	12776	T	A	18971	13534	37	1	1	34	5.27065e-05	18973	0.999998	FALSE	NA	NA	NA	NA	NA	NA
NC_045512.2	12778	C	G	19263	13672	38	1	0	34	5.19049e-05	19266	0.999999	FALSE	NA	NA	NA	NA	NA	NA
NC_045512.2	12778	C	A	19263	13672	38	2	0	34	0.00010381	19266	0.99999	FALSE	NA	NA	NA	NA	NA	NA
NC_045512.2	12780	A	G	19516	13980	38	1	1	34	5.12269e-05	19521	0.999999	FALSE	NA	NA	NA	NA	NA	NA
NC_045512.2	12780	A	C	19516	13980	38	4	4	28	0.000204908	19521	1	FALSE	NA	NA	NA	NA	NA	NA
NC_045512.2	12781	C	T	19695	14259	38	4	0	34	0.000203015	19703	0.999756	FALSE	NA	NA	NA	NA	NA	NA
NC_045512.2	12781	C	A	19695	14259	38	4	4	34	0.000203015	19703	0.999756	FALSE	NA	NA	NA	NA	NA	NA
NC_045512.2	12782	A	G	19077	13654	38	1	1	34	5.24082e-05	19081	0.999999	FALSE	NA	NA	NA	NA	NA	NA
NC_045512.2	12782	A	C	19077	13654	38	3	3	34	0.000157224	19081	0.99994	FALSE	NA	NA	NA	NA	NA	NA
NC_045512.2	12783	A	T	19112	13685	38	1	0	34	5.23149e-05	19115	0.999999	FALSE	NA	NA	NA	NA	NA	NA
NC_045512.2	12783	A	G	19112	13685	38	1	1	34	5.23149e-05	19115	0.999999	FALSE	NA	NA	NA	NA	NA	NA
NC_045512.2	12783	A	C	19112	13685	38	1	1	34	5.23149e-05	19115	0.999999	FALSE	NA	NA	NA	NA	NA	NA
NC_045512.2	12784	C	T	19120	13712	38	2	1	34	0.000104592	19122	0.99999	FALSE	NA	NA	NA	NA	NA	NA
NC_045512.2	12786	C	A	20994	15970	38	3	3	34	0.000142878	20997	0.999967	FALSE	NA	NA	NA	NA	NA	NA
NC_045512.2	12787	A	T	20571	15562	38	2	2	34	9.71817e-05	20580	0.999995	FALSE	NA	NA	NA	NA	NA	NA
NC_045512.2	12787	A	G	20571	15562	38	7	5	34	0.000340136	20580	0.997044	FALSE	NA	NA	NA	NA	NA	NA
NC_045512.2	12788	A	G	20426	15810	38	2	1	40	9.79e-05	20429	0.687509	FALSE	NA	NA	NA	NA	NA	NA
NC_045512.2	12788	A	C	20426	15810	38	1	1	34	4.895e-05	20429	1	FALSE	NA	NA	NA	NA	NA	NA
NC_045512.2	12789	C	A	20484	15900	38	1	1	34	4.88162e-05	20485	1	FALSE	NA	NA	NA	NA	NA	NA
NC_045512.2	12790	A	C	21201	16761	38	1	1	34	4.71654e-05	21202	1	FALSE	NA	NA	NA	NA	NA	NA
NC_045512.2	12793	G	T	21146	16746	38	2	2	34	9.45716e-05	21148	0.999997	FALSE	NA	NA	NA	NA	NA	NA
NC_045512.2	12796	A	G	22332	18563	39	1	1	34	4.47768e-05	22333	1	FALSE	NA	NA	NA	NA	NA	NA
NC_045512.2	12797	G	T	21568	17793	38	1	1	34	4.63585e-05	21571	1	FALSE	NA	NA	NA	NA	NA	NA
NC_045512.2	12797	G	A	21568	17793	38	2	2	34	9.27171e-05	21571	0.999997	FALSE	NA	NA	NA	NA	NA	NA
NC_045512.2	12798	G	A	22952	19315	39	1	0	60	4.35673e-05	22953	0.500011	FALSE	NA	NA	NA	NA	NA	NA
NC_045512.2	12799	T	C	22933	19319	39	1	0	34	4.36034e-05	22934	1	FALSE	NA	NA	NA	NA	NA	NA
NC_045512.2	12800	A	G	22893	19509	38	3	3	31	0.000131022	22897	0.99999	FALSE	NA	NA	NA	NA	NA	NA
NC_045512.2	12800	A	C	22893	19509	38	1	1	34	4.36738e-05	22897	1	FALSE	NA	NA	NA	NA	NA	NA
NC_045512.2	12803	T	G	20241	16947	36	1	1	34	4.93949e-05	20245	1	FALSE	NA	NA	NA	NA	NA	NA
NC_045512.2	12803	T	C	20241	16947	36	3	3	34	0.000148185	20245	0.999967	FALSE	NA	NA	NA	NA	NA	NA
NC_045512.2	12804	T	C	23375	20101	38	1	1	34	4.27753e-05	23378	1	FALSE	NA	NA	NA	NA	NA	NA
NC_045512.2	12804	T	A	23375	20101	38	2	1	34	8.55505e-05	23378	0.999999	FALSE	NA	NA	NA	NA	NA	NA
NC_045512.2	12805	T	C	23274	20050	38	2	2	34	8.59254e-05	23276	0.999999	FALSE	NA	NA	NA	NA	NA	NA
NC_045512.2	12806	G	C	23294	20029	38	5	5	34	0.000214592	23300	0.99991	FALSE	NA	NA	NA	NA	NA	NA
NC_045512.2	12806	G	A	23294	20029	38	1	0	26	4.29185e-05	23300	1	FALSE	NA	NA	NA	NA	NA	NA
NC_045512.2	12807	T	C	26800	24081	39	1	1	34	3.7312e-05	26801	1	FALSE	NA	NA	NA	NA	NA	NA
NC_045512.2	12808	A	G	26825	24316	39	9	9	33	0.000335395	26834	0.999064	FALSE	NA	NA	NA	NA	NA	NA
NC_045512.2	12809	C	T	27184	25011	38	4	4	34	0.000147107	27191	0.999998	FALSE	NA	NA	NA	NA	NA	NA
NC_045512.2	12809	C	A	27184	25011	38	3	3	34	0.000110331	27191	1	FALSE	NA	NA	NA	NA	NA	NA
NC_045512.2	12810	T	G	26659	24484	38	1	1	26	3.7508e-05	26661	1	FALSE	NA	NA	NA	NA	NA	NA
NC_045512.2	12810	T	C	26659	24484	38	1	0	68	3.7508e-05	26661	0.5	FALSE	NA	NA	NA	NA	NA	NA
NC_045512.2	12811	T	G	25945	23808	38	1	1	34	3.85401e-05	25947	1	FALSE	NA	NA	NA	NA	NA	NA
NC_045512.2	12811	T	C	25945	23808	38	1	1	34	3.85401e-05	25947	1	FALSE	NA	NA	NA	NA	NA	NA
NC_045512.2	12812	G	A	26565	24428	38	1	1	34	3.76421e-05	26566	1	FALSE	NA	NA	NA	NA	NA	NA
NC_045512.2	12813	C	T	26695	24632	38	4	4	34	0.000149813	26700	0.999996	FALSE	NA	NA	NA	NA	NA	NA
NC_045512.2	12813	C	A	26695	24632	38	1	1	34	3.74532e-05	26700	1	FALSE	NA	NA	NA	NA	NA	NA
NC_045512.2	12814	A	G	26631	24570	38	2	2	34	7.50948e-05	26633	1	FALSE	NA	NA	NA	NA	NA	NA
NC_045512.2	12815	C	T	26628	24691	38	1	1	34	3.7553e-05	26629	1	FALSE	NA	NA	NA	NA	NA	NA
NC_045512.2	12816	T	C	26234	24310	38	7	7	32	0.000266748	26242	0.999839	FALSE	NA	NA	NA	NA	NA	NA
NC_045512.2	12816	T	A	26234	24310	38	1	1	26	3.81069e-05	26242	1	FALSE	NA	NA	NA	NA	NA	NA
NC_045512.2	12817	G	C	26189	24264	38	1	1	26	3.81796e-05	26192	1	FALSE	NA	NA	NA	NA	NA	NA
NC_045512.2	12817	G	A	26189	24264	38	2	2	51	7.63592e-05	26192	0.249995	FALSE	NA	NA	NA	NA	NA	NA
NC_045512.2	12818	T	C	26202	24281	38	5	4	52	0.000190789	26207	0.031247	FALSE	NA	NA	NA	NA	NA	NA
NC_045512.2	12819	T	C	25872	23948	38	2	2	34	7.72977e-05	25874	1	FALSE	NA	NA	NA	NA	NA	NA
NC_045512.2	12820	A	T	26166	24247	38	2	2	34	7.64292e-05	26168	1	FALSE	NA	NA	NA	NA	NA	NA
NC_045512.2	12821	T	C	26126	24209	38	5	5	40	0.000191344	26131	0.226562	FALSE	NA	NA	NA	NA	NA	NA
NC_045512.2	12822	C	A	26036	24275	38	4	4	34	0.00015361	26040	0.999996	FALSE	NA	NA	NA	NA	NA	NA
NC_045512.2	12823	C	T	26051	24297	38	1	1	34	3.83848e-05	26052	1	FALSE	NA	NA	NA	NA	NA	NA
NC_045512.2	12824	G	A	25677	23930	38	2	2	34	7.78847e-05	25679	1	FALSE	NA	NA	NA	NA	NA	NA
NC_045512.2	12825	A	T	25754	24005	38	1	1	34	3.88244e-05	25757	1	FALSE	NA	NA	NA	NA	NA	NA
NC_045512.2	12825	A	G	25754	24005	38	2	2	34	7.76488e-05	25757	1	FALSE	NA	NA	NA	NA	NA	NA
NC_045512.2	12827	T	G	25232	23530	38	1	1	34	3.96291e-05	25234	1	FALSE	NA	NA	NA	NA	NA	NA
NC_045512.2	12827	T	C	25232	23530	38	1	0	68	3.96291e-05	25234	0.5	FALSE	NA	NA	NA	NA	NA	NA
NC_045512.2	12828	T	C	25269	23566	38	5	5	34	0.000197824	25275	0.99997	FALSE	NA	NA	NA	NA	NA	NA
NC_045512.2	12828	T	A	25269	23566	38	1	1	26	3.95648e-05	25275	1	FALSE	NA	NA	NA	NA	NA	NA
NC_045512.2	12829	A	G	25331	23629	38	1	1	34	3.94758e-05	25332	1	FALSE	NA	NA	NA	NA	NA	NA
NC_045512.2	12831	A	T	25268	23663	37	3	3	34	0.000118708	25272	0.999998	FALSE	NA	NA	NA	NA	NA	NA
NC_045512.2	12831	A	G	25268	23663	37	1	1	34	3.95695e-05	25272	1	FALSE	NA	NA	NA	NA	NA	NA
NC_045512.2	12832	G	T	25217	23638	37	1	1	34	3.96479e-05	25222	1	FALSE	NA	NA	NA	NA	NA	NA
NC_045512.2	12832	G	C	25217	23638	37	4	4	32	0.000158592	25222	0.999992	FALSE	NA	NA	NA	NA	NA	NA
NC_045512.2	12833	G	C	24803	23236	37	1	1	38	4.03128e-05	24806	1	FALSE	NA	NA	NA	NA	NA	NA
NC_045512.2	12833	G	A	24803	23236	37	2	2	34	8.06257e-05	24806	1	FALSE	NA	NA	NA	NA	NA	NA
NC_045512.2	12834	A	G	24160	22609	37	7	7	32	0.000289627	24169	0.999562	FALSE	NA	NA	NA	NA	NA	NA
NC_045512.2	12834	A	C	24160	22609	37	2	2	34	8.27506e-05	24169	1	FALSE	NA	NA	NA	NA	NA	NA
NC_045512.2	12834	A	+T	24160	22609	37	1	0	20	4.13753e-05	24169	1	FALSE	NA	NA	NA	NA	NA	NA
NC_045512.2	12835	T	C	23426	21879	37	1	1	34	4.26858e-05	23427	1	FALSE	NA	NA	NA	NA	NA	NA
NC_045512.2	12836	T	C	23518	22270	36	2	2	34	8.50268e-05	23522	0.999999	FALSE	NA	NA	NA	NA	NA	NA
NC_045512.2	12836	T	A	23518	22270	36	2	2	47	8.50268e-05	23522	0.687492	FALSE	NA	NA	NA	NA	NA	NA
NC_045512.2	12837	T	G	23903	22655	37	6	6	34	0.00025091	23913	0.999728	FALSE	NA	NA	NA	NA	NA	NA
NC_045512.2	12837	T	C	23903	22655	37	3	3	34	0.000125455	23913	0.999995	FALSE	NA	NA	NA	NA	NA	NA
NC_045512.2	12837	T	A	23903	22655	37	1	1	68	4.18183e-05	23913	0.499916	FALSE	NA	NA	NA	NA	NA	NA
NC_045512.2	12838	G	-A	23811	22567	37	1	0	20	4.19974e-05	23811	1	FALSE	NA	NA	NA	NA	NA	NA
NC_045512.2	12839	A	G	23807	22605	37	9	9	41	0.000377897	23816	0.0326996	FALSE	NA	NA	NA	NA	NA	NA
NC_045512.2	12840	A	G	23773	22580	37	4	4	32	0.00016823	23777	0.999976	FALSE	NA	NA	NA	NA	NA	NA
NC_045512.2	12841	A	G	23701	22590	36	1	1	26	4.21888e-05	23703	1	FALSE	NA	NA	NA	NA	NA	NA
NC_045512.2	12841	A	C	23701	22590	36	1	1	34	4.21888e-05	23703	1	FALSE	NA	NA	NA	NA	NA	NA
NC_045512.2	12842	T	C	23396	22294	36	3	3	34	0.000128211	23399	0.999995	FALSE	NA	NA	NA	NA	NA	NA
NC_045512.2	12843	G	T	23290	22189	36	6	6	45	0.000257544	23297	0.14451	FALSE	NA	NA	NA	NA	NA	NA
NC_045512.2	12843	G	A	23290	22189	36	1	1	34	4.2924e-05	23297	1	FALSE	NA	NA	NA	NA	NA	NA
NC_045512.2	12844	G	C	23418	22320	36	1	1	34	4.27004e-05	23419	1	FALSE	NA	NA	NA	NA	NA	NA
NC_045512.2	12845	G	A	23349	22257	36	21	16	34	0.000898588	23370	0.674335	FALSE	NA	NA	NA	NA	NA	NA
NC_045512.2	12847	T	C	23354	22394	36	1	1	26	4.28174e-05	23355	1	FALSE	NA	NA	NA	NA	NA	NA
NC_045512.2	12848	A	G	23280	22323	36	2	1	51	8.59033e-05	23282	0.250005	FALSE	NA	NA	NA	NA	NA	NA
NC_045512.2	12849	G	C	23292	22343	36	2	2	30	8.58553e-05	23295	0.999999	FALSE	NA	NA	NA	NA	NA	NA
NC_045512.2	12849	G	A	23292	22343	36	1	1	34	4.29277e-05	23295	1	FALSE	NA	NA	NA	NA	NA	NA
NC_045512.2	12850	A	G	23308	22377	36	1	0	68	4.29019e-05	23309	0.500011	FALSE	NA	NA	NA	NA	NA	NA
NC_045512.2	12851	T	C	23333	22400	36	3	3	45	0.000128551	23337	0.5	FALSE	NA	NA	NA	NA	NA	NA
NC_045512.2	12851	T	A	23333	22400	36	1	1	34	4.28504e-05	23337	1	FALSE	NA	NA	NA	NA	NA	NA
NC_045512.2	12852	T	G	22606	21685	36	1	0	34	4.42243e-05	22612	1	FALSE	NA	NA	NA	NA	NA	NA
NC_045512.2	12852	T	C	22606	21685	36	5	5	34	0.000221122	22612	0.999845	FALSE	NA	NA	NA	NA	NA	NA
NC_045512.2	12854	C	T	22270	21412	36	1	1	34	4.49014e-05	22271	1	FALSE	NA	NA	NA	NA	NA	NA
NC_045512.2	12855	C	T	18423	17685	36	3809	3711	35	0.171322	22233	0	TRUE	NA	NA	NA	NA	NA	NA
NC_045512.2	12855	C	A	18423	17685	36	1	1	34	4.49782e-05	22233	0.999999	FALSE	NA	NA	NA	NA	NA	NA
NC_045512.2	12856	T	C	22228	21391	36	4	4	34	0.000179921	22232	0.999956	FALSE	NA	NA	NA	NA	NA	NA
NC_045512.2	12857	A	T	22148	21314	36	1	1	34	4.51447e-05	22151	1	FALSE	NA	NA	NA	NA	NA	NA
NC_045512.2	12857	A	G	22148	21314	36	2	1	30	9.02894e-05	22151	0.999999	FALSE	NA	NA	NA	NA	NA	NA
NC_045512.2	12858	A	T	22121	21291	36	2	2	30	9.03996e-05	22124	0.999999	FALSE	NA	NA	NA	NA	NA	NA
NC_045512.2	12858	A	G	22121	21291	36	1	1	34	4.51998e-05	22124	1	FALSE	NA	NA	NA	NA	NA	NA
NC_045512.2	12859	G	C	22092	21293	36	2	2	51	9.05223e-05	22094	0.250006	FALSE	NA	NA	NA	NA	NA	NA
NC_045512.2	12860	A	G	19717	18948	36	4	4	34	0.000202809	19723	0.999757	FALSE	NA	NA	NA	NA	NA	NA
NC_045512.2	12860	A	C	19717	18948	36	2	2	34	0.000101404	19723	0.99999	FALSE	NA	NA	NA	NA	NA	NA
NC_045512.2	12861	G	A	67361	20139	34	4	0	34	5.9378e-05	67365	1	FALSE	NA	NA	NA	NA	NA	NA
NC_045512.2	12862	T	G	65389	17310	34	2	0	30	3.05824e-05	65397	1	FALSE	NA	NA	NA	NA	NA	NA
NC_045512.2	12862	T	C	65389	17310	34	1	0	34	1.52912e-05	65397	1	FALSE	NA	NA	NA	NA	NA	NA
NC_045512.2	12862	T	A	65389	17310	34	5	2	32	7.64561e-05	65397	1	FALSE	NA	NA	NA	NA	NA	NA
NC_045512.2	12863	G	A	66070	17392	34	6	0	31	9.08045e-05	66076	1	FALSE	NA	NA	NA	NA	NA	NA
NC_045512.2	12864	A	T	66155	17422	34	3	0	34	4.53412e-05	66165	1	FALSE	NA	NA	NA	NA	NA	NA
NC_045512.2	12864	A	G	66155	17422	34	7	1	32	0.000105796	66165	1	FALSE	NA	NA	NA	NA	NA	NA
NC_045512.2	12865	T	A	66253	17410	34	3	0	34	4.52789e-05	66256	1	FALSE	NA	NA	NA	NA	NA	NA
NC_045512.2	12865	T	-G	66253	17410	34	1	0	20	1.5093e-05	66256	1	FALSE	NA	NA	NA	NA	NA	NA
NC_045512.2	12866	G	T	66233	17393	34	1	1	34	1.50968e-05	66239	1	FALSE	NA	NA	NA	NA	NA	NA
NC_045512.2	12866	G	A	66233	17393	34	5	1	39	7.54842e-05	66239	1	FALSE	NA	NA	NA	NA	NA	NA
NC_045512.2	12867	G	T	67578	17412	34	2	0	34	2.95906e-05	67589	1	FALSE	NA	NA	NA	NA	NA	NA
NC_045512.2	12867	G	C	67578	17412	34	1	1	26	1.47953e-05	67589	1	FALSE	NA	NA	NA	NA	NA	NA
NC_045512.2	12867	G	A	67578	17412	34	8	7	34	0.000118362	67589	1	FALSE	NA	NA	NA	NA	NA	NA
NC_045512.2	12868	A	T	69259	17046	34	2	1	34	2.88709e-05	69274	1	FALSE	NA	NA	NA	NA	NA	NA
NC_045512.2	12868	A	G	69259	17046	34	12	7	33	0.000173225	69274	1	FALSE	NA	NA	NA	NA	NA	NA
NC_045512.2	12868	A	C	69259	17046	34	1	0	24	1.44354e-05	69274	1	FALSE	NA	NA	NA	NA	NA	NA
NC_045512.2	12869	A	T	69205	17053	34	2	1	68	2.88955e-05	69215	0.249973	FALSE	NA	NA	NA	NA	NA	NA
NC_045512.2	12869	A	G	69205	17053	34	7	1	37	0.000101134	69215	1	FALSE	NA	NA	NA	NA	NA	NA
NC_045512.2	12869	A	C	69205	17053	34	1	1	26	1.44477e-05	69215	1	FALSE	NA	NA	NA	NA	NA	NA
NC_045512.2	12870	C	T	69771	17298	34	2	2	34	2.86644e-05	69773	1	FALSE	NA	NA	NA	NA	NA	NA
NC_045512.2	12871	T	G	69314	16876	34	4	0	32	5.76834e-05	69344	1	FALSE	NA	NA	NA	NA	NA	NA
NC_045512.2	12871	T	C	69314	16876	34	21	0	35	0.000302838	69344	1	FALSE	NA	NA	NA	NA	NA	NA
NC_045512.2	12871	T	A	69314	16876	34	5	4	32	7.21043e-05	69344	1	FALSE	NA	NA	NA	NA	NA	NA
NC_045512.2	12872	G	C	71422	16788	34	2	2	34	2.80014e-05	71425	1	FALSE	NA	NA	NA	NA	NA	NA
NC_045512.2	12872	G	A	71422	16788	34	1	1	34	1.40007e-05	71425	1	FALSE	NA	NA	NA	NA	NA	NA
NC_045512.2	12873	G	T	72585	16799	34	5	0	34	6.88686e-05	72602	1	FALSE	NA	NA	NA	NA	NA	NA
NC_045512.2	12873	G	C	72585	16799	34	1	1	34	1.37737e-05	72602	1	FALSE	NA	NA	NA	NA	NA	NA
NC_045512.2	12873	G	A	72585	16799	34	11	0	33	0.000151511	72602	1	FALSE	NA	NA	NA	NA	NA	NA
NC_045512.2	12874	T	C	72447	16895	34	4	3	32	5.52097e-05	72451	1	FALSE	NA	NA	NA	NA	NA	NA
NC_045512.2	12875	A	G	72482	16916	34	8	1	37	0.000110355	72493	1	FALSE	NA	NA	NA	NA	NA	NA
NC_045512.2	12875	A	C	72482	16916	34	3	3	31	4.13833e-05	72493	1	FALSE	NA	NA	NA	NA	NA	NA
NC_045512.2	12876	C	T	76367	16898	34	3	2	34	3.92783e-05	76378	1	FALSE	NA	NA	NA	NA	NA	NA
NC_045512.2	12876	C	G	76367	16898	34	4	0	34	5.23711e-05	76378	1	FALSE	NA	NA	NA	NA	NA	NA
NC_045512.2	12876	C	A	76367	16898	34	4	2	34	5.23711e-05	76378	1	FALSE	NA	NA	NA	NA	NA	NA
NC_045512.2	12877	T	C	78273	16102	34	4	1	42	5.10999e-05	78278	0.886727	FALSE	NA	NA	NA	NA	NA	NA
NC_045512.2	12877	T	A	78273	16102	34	1	0	34	1.2775e-05	78278	1	FALSE	NA	NA	NA	NA	NA	NA
NC_045512.2	12878	A	T	80771	16195	34	1	0	26	1.23795e-05	80779	1	FALSE	NA	NA	NA	NA	NA	NA
NC_045512.2	12878	A	G	80771	16195	34	5	1	34	6.18973e-05	80779	1	FALSE	NA	NA	NA	NA	NA	NA
NC_045512.2	12878	A	C	80771	16195	34	2	2	34	2.47589e-05	80779	1	FALSE	NA	NA	NA	NA	NA	NA
NC_045512.2	12878	A	+T	80771	16195	34	1	0	20	1.23795e-05	80779	1	FALSE	NA	NA	NA	NA	NA	NA
NC_045512.2	12879	T	C	80261	15329	34	2	1	34	2.49181e-05	80263	1	FALSE	NA	NA	NA	NA	NA	NA
NC_045512.2	12880	C	T	7	2	34	81056	16168	34	0.999901	81064	0	TRUE	NA	NA	NA	NA	NA	NA
NC_045512.2	12880	C	G	7	2	34	1	0	34	1.23359e-05	81064	0.00806343	TRUE	NA	NA	NA	NA	NA	NA
NC_045512.2	12881	T	G	80698	16136	34	2	0	30	2.47825e-05	80702	1	FALSE	NA	NA	NA	NA	NA	NA
NC_045512.2	12881	T	C	80698	16136	34	2	1	34	2.47825e-05	80702	1	FALSE	NA	NA	NA	NA	NA	NA
NC_045512.2	12882	A	T	82039	15898	34	2	1	51	2.43766e-05	82046	0.249986	FALSE	NA	NA	NA	NA	NA	NA
NC_045512.2	12882	A	G	82039	15898	34	4	0	34	4.87531e-05	82046	1	FALSE	NA	NA	NA	NA	NA	NA
NC_045512.2	12882	A	C	82039	15898	34	1	1	26	1.21883e-05	82046	1	FALSE	NA	NA	NA	NA	NA	NA
NC_045512.2	12883	T	G	82000	15895	34	2	0	34	2.43876e-05	82009	1	FALSE	NA	NA	NA	NA	NA	NA
NC_045512.2	12883	T	C	82000	15895	34	6	1	34	7.31627e-05	82009	1	FALSE	NA	NA	NA	NA	NA	NA
NC_045512.2	12883	T	A	82000	15895	34	1	0	34	1.21938e-05	82009	1	FALSE	NA	NA	NA	NA	NA	NA
NC_045512.2	12883	T	-ACAGA	82000	15895	34	3	0	20	3.65814e-05	82009	1	FALSE	NA	NA	NA	NA	NA	NA
NC_045512.2	12884	A	G	82006	15872	34	10	4	33	0.000121927	82016	1	FALSE	NA	NA	NA	NA	NA	NA
NC_045512.2	12885	C	T	81882	15885	34	7	0	34	8.54763e-05	81894	1	FALSE	NA	NA	NA	NA	NA	NA
NC_045512.2	12885	C	G	81882	15885	34	1	0	26	1.22109e-05	81894	1	FALSE	NA	NA	NA	NA	NA	NA
NC_045512.2	12885	C	A	81882	15885	34	4	0	32	4.88436e-05	81894	1	FALSE	NA	NA	NA	NA	NA	NA
NC_045512.2	12886	A	G	79174	13008	34	5	2	40	6.31481e-05	79179	0.806149	FALSE	NA	NA	NA	NA	NA	NA
NC_045512.2	12887	G	C	84082	13102	34	1	1	34	1.18929e-05	84084	1	FALSE	NA	NA	NA	NA	NA	NA
NC_045512.2	12887	G	A	84082	13102	34	1	0	26	1.18929e-05	84084	1	FALSE	NA	NA	NA	NA	NA	NA
NC_045512.2	12888	A	T	84202	13413	35	1	0	34	1.18754e-05	84208	1	FALSE	NA	NA	NA	NA	NA	NA
NC_045512.2	12888	A	G	84202	13413	35	3	0	34	3.56261e-05	84208	1	FALSE	NA	NA	NA	NA	NA	NA
NC_045512.2	12888	A	C	84202	13413	35	2	2	34	2.37507e-05	84208	1	FALSE	NA	NA	NA	NA	NA	NA
NC_045512.2	12889	A	G	84344	13503	35	16	5	39	0.000189661	84361	1	FALSE	NA	NA	NA	NA	NA	NA
NC_045512.2	12889	A	C	84344	13503	35	1	0	34	1.18538e-05	84361	1	FALSE	NA	NA	NA	NA	NA	NA
NC_045512.2	12890	C	T	84699	13622	35	6	0	34	7.08307e-05	84709	1	FALSE	NA	NA	NA	NA	NA	NA
NC_045512.2	12890	C	A	84699	13622	35	4	0	34	4.72205e-05	84709	1	FALSE	NA	NA	NA	NA	NA	NA
NC_045512.2	12891	T	C	83417	12125	35	12	4	33	0.000143833	83430	1	FALSE	NA	NA	NA	NA	NA	NA
NC_045512.2	12891	T	A	83417	12125	35	1	0	34	1.19861e-05	83430	1	FALSE	NA	NA	NA	NA	NA	NA
NC_045512.2	12892	G	T	74469	3005	35	3	0	34	4.02804e-05	74478	1	FALSE	NA	NA	NA	NA	NA	NA
NC_045512.2	12892	G	A	74469	3005	35	6	0	34	8.05607e-05	74478	1	FALSE	NA	NA	NA	NA	NA	NA
NC_045512.2	12893	G	A	74873	3990	36	2	0	30	2.67112e-05	74875	1	FALSE	NA	NA	NA	NA	NA	NA
NC_045512.2	12894	A	T	75101	4052	36	2	0	25	2.66269e-05	75112	1	FALSE	NA	NA	NA	NA	NA	NA
NC_045512.2	12894	A	G	75101	4052	36	9	0	34	0.000119821	75112	1	FALSE	NA	NA	NA	NA	NA	NA
NC_045512.2	12895	A	G	74922	4048	36	7	1	38	9.34218e-05	74929	1	FALSE	NA	NA	NA	NA	NA	NA
NC_045512.2	12896	C	T	74986	4065	36	4	0	34	5.3339e-05	74992	1	FALSE	NA	NA	NA	NA	NA	NA
NC_045512.2	12896	C	A	74986	4065	36	2	0	34	2.66695e-05	74992	1	FALSE	NA	NA	NA	NA	NA	NA
NC_045512.2	12897	C	G	74949	4759	36	5	0	32	6.67067e-05	74955	1	FALSE	NA	NA	NA	NA	NA	NA
NC_045512.2	12897	C	A	74949	4759	36	1	0	26	1.33413e-05	74955	1	FALSE	NA	NA	NA	NA	NA	NA
NC_045512.2	12898	A	T	76225	4775	36	1	0	34	1.31182e-05	76230	1	FALSE	NA	NA	NA	NA	NA	NA
NC_045512.2	12898	A	G	76225	4775	36	3	1	42	3.93546e-05	76230	0.945316	FALSE	NA	NA	NA	NA	NA	NA
NC_045512.2	12898	A	C	76225	4775	36	1	0	34	1.31182e-05	76230	1	FALSE	NA	NA	NA	NA	NA	NA
NC_045512.2	12899	C	A	79835	4930	36	5	0	34	6.26253e-05	79840	1	FALSE	NA	NA	NA	NA	NA	NA
NC_045512.2	12900	C	T	80000	4985	36	2	0	34	2.49994e-05	80002	1	FALSE	NA	NA	NA	NA	NA	NA
NC_045512.2	12901	T	C	80355	4989	36	7	0	38	8.71058e-05	80362	1	FALSE	NA	NA	NA	NA	NA	NA
NC_045512.2	12902	T	G	80324	5115	36	1	0	34	1.24488e-05	80329	1	FALSE	NA	NA	NA	NA	NA	NA
NC_045512.2	12902	T	C	80324	5115	36	3	1	31	3.73464e-05	80329	1	FALSE	NA	NA	NA	NA	NA	NA
NC_045512.2	12902	T	A	80324	5115	36	1	0	34	1.24488e-05	80329	1	FALSE	NA	NA	NA	NA	NA	NA
NC_045512.2	12903	G	T	80578	5124	37	4	1	37	4.96333e-05	80591	1	FALSE	NA	NA	NA	NA	NA	NA
NC_045512.2	12903	G	C	80578	5124	37	2	0	34	2.48167e-05	80591	1	FALSE	NA	NA	NA	NA	NA	NA
NC_045512.2	12903	G	A	80578	5124	37	7	2	53	8.68583e-05	80591	0.00780979	TRUE	NA	NA	NA	NA	NA	NA
NC_045512.2	12904	T	C	80186	5155	36	14	0	34	0.000174564	80200	1	FALSE	NA	NA	NA	NA	NA	NA
NC_045512.2	12905	A	T	80532	5152	37	1	0	34	1.24156e-05	80544	1	FALSE	NA	NA	NA	NA	NA	NA
NC_045512.2	12905	A	G	80532	5152	37	9	2	33	0.00011174	80544	1	FALSE	NA	NA	NA	NA	NA	NA
NC_045512.2	12905	A	C	80532	5152	37	2	1	30	2.48311e-05	80544	1	FALSE	NA	NA	NA	NA	NA	NA
NC_045512.2	12906	G	T	81138	5165	37	3	0	34	3.69722e-05	81142	1	FALSE	NA	NA	NA	NA	NA	NA
NC_045512.2	12906	G	A	81138	5165	37	1	0	34	1.23241e-05	81142	1	FALSE	NA	NA	NA	NA	NA	NA
NC_045512.2	12907	G	T	81783	5232	37	2	0	34	2.44538e-05	81787	1	FALSE	NA	NA	NA	NA	NA	NA
NC_045512.2	12907	G	A	81783	5232	37	2	0	30	2.44538e-05	81787	1	FALSE	NA	NA	NA	NA	NA	NA
NC_045512.2	12907	G	-T	81783	5232	37	1	0	20	1.22269e-05	81787	1	FALSE	NA	NA	NA	NA	NA	NA
NC_045512.2	12908	T	G	81450	5103	36	1	0	26	1.22766e-05	81456	1	FALSE	NA	NA	NA	NA	NA	NA
NC_045512.2	12908	T	C	81450	5103	36	2	0	34	2.45531e-05	81456	1	FALSE	NA	NA	NA	NA	NA	NA
NC_045512.2	12908	T	A	81450	5103	36	3	0	31	3.68297e-05	81456	1	FALSE	NA	NA	NA	NA	NA	NA
NC_045512.2	12909	T	G	82030	5322	37	1	0	34	1.21896e-05	82037	1	FALSE	NA	NA	NA	NA	NA	NA
NC_045512.2	12909	T	C	82030	5322	37	4	0	38	4.87585e-05	82037	1	FALSE	NA	NA	NA	NA	NA	NA
NC_045512.2	12909	T	A	82030	5322	37	2	0	34	2.43792e-05	82037	1	FALSE	NA	NA	NA	NA	NA	NA
NC_045512.2	12910	T	G	82115	5318	37	1	0	26	1.21766e-05	82125	1	FALSE	NA	NA	NA	NA	NA	NA
NC_045512.2	12910	T	C	82115	5318	37	8	0	34	9.74125e-05	82125	1	FALSE	NA	NA	NA	NA	NA	NA
NC_045512.2	12910	T	A	82115	5318	37	1	0	34	1.21766e-05	82125	1	FALSE	NA	NA	NA	NA	NA	NA
NC_045512.2	12911	G	T	87294	5366	36	2	0	34	2.29098e-05	87299	1	FALSE	NA	NA	NA	NA	NA	NA
NC_045512.2	12911	G	C	87294	5366	36	1	1	27	1.14549e-05	87299	1	FALSE	NA	NA	NA	NA	NA	NA
NC_045512.2	12911	G	A	87294	5366	36	2	1	40	2.29098e-05	87299	0.989259	FALSE	NA	NA	NA	NA	NA	NA
NC_045512.2	12911	G	-T	87294	5366	36	1	0	20	1.14549e-05	87299	1	FALSE	NA	NA	NA	NA	NA	NA
NC_045512.2	12912	T	C	87336	5472	37	9	0	34	0.000103036	87348	1	FALSE	NA	NA	NA	NA	NA	NA
NC_045512.2	12912	T	A	87336	5472	37	3	0	34	3.43454e-05	87348	1	FALSE	NA	NA	NA	NA	NA	NA
NC_045512.2	12913	T	C	87461	5531	37	8	2	41	9.14589e-05	87471	0.598186	FALSE	NA	NA	NA	NA	NA	NA
NC_045512.2	12913	T	A	87461	5531	37	2	0	29	2.28647e-05	87471	1	FALSE	NA	NA	NA	NA	NA	NA
NC_045512.2	12914	A	G	86814	5528	36	22	0	40	0.000253351	86836	0.0080586	TRUE	NA	NA	NA	NA	NA	NA
NC_045512.2	12915	C	T	87655	5531	37	15	1	38	0.000171096	87670	1	FALSE	NA	NA	NA	NA	NA	NA
NC_045512.2	12915	C	-AGACACACCTAAAGGTCCTAAAGTGA	87655	5531	37	3	0	20	3.42192e-05	87670	1	FALSE	NA	NA	NA	NA	NA	NA
NC_045512.2	12916	A	T	87647	5538	36	1	0	34	1.14077e-05	87660	1	FALSE	NA	NA	NA	NA	NA	NA
NC_045512.2	12916	A	G	87647	5538	36	11	0	36	0.000125485	87660	1	FALSE	NA	NA	NA	NA	NA	NA
NC_045512.2	12916	A	C	87647	5538	36	1	0	26	1.14077e-05	87660	1	FALSE	NA	NA	NA	NA	NA	NA
NC_045512.2	12917	G	C	91089	5558	36	1	0	34	1.09782e-05	91090	1	FALSE	NA	NA	NA	NA	NA	NA
NC_045512.2	12918	A	T	91222	5842	37	1	0	34	1.09609e-05	91233	1	FALSE	NA	NA	NA	NA	NA	NA
NC_045512.2	12918	A	G	91222	5842	37	9	1	37	9.86485e-05	91233	1	FALSE	NA	NA	NA	NA	NA	NA
NC_045512.2	12918	A	C	91222	5842	37	1	0	34	1.09609e-05	91233	1	FALSE	NA	NA	NA	NA	NA	NA
NC_045512.2	12919	C	T	93603	6092	37	8	0	37	8.54537e-05	93618	1	FALSE	NA	NA	NA	NA	NA	NA
NC_045512.2	12919	C	G	93603	6092	37	2	0	34	2.13634e-05	93618	1	FALSE	NA	NA	NA	NA	NA	NA
NC_045512.2	12919	C	A	93603	6092	37	5	0	32	5.34085e-05	93618	1	FALSE	NA	NA	NA	NA	NA	NA
NC_045512.2	12920	A	T	93581	6098	37	6	0	34	6.41087e-05	93591	1	FALSE	NA	NA	NA	NA	NA	NA
NC_045512.2	12920	A	G	93581	6098	37	4	1	34	4.27392e-05	93591	1	FALSE	NA	NA	NA	NA	NA	NA
NC_045512.2	12921	C	T	98967	6165	37	1	0	34	1.01032e-05	98979	1	FALSE	NA	NA	NA	NA	NA	NA
NC_045512.2	12921	C	G	98967	6165	37	7	0	31	7.07221e-05	98979	1	FALSE	NA	NA	NA	NA	NA	NA
NC_045512.2	12921	C	A	98967	6165	37	4	0	28	4.04126e-05	98979	1	FALSE	NA	NA	NA	NA	NA	NA
NC_045512.2	12922	A	T	99853	6462	37	1	0	34	1.00126e-05	99874	1	FALSE	NA	NA	NA	NA	NA	NA
NC_045512.2	12922	A	G	99853	6462	37	20	1	35	0.000200252	99874	1	FALSE	NA	NA	NA	NA	NA	NA
NC_045512.2	12923	C	T	102976	6513	37	1	0	34	9.71006e-06	102986	1	FALSE	NA	NA	NA	NA	NA	NA
NC_045512.2	12923	C	G	102976	6513	37	4	0	30	3.88402e-05	102986	1	FALSE	NA	NA	NA	NA	NA	NA
NC_045512.2	12923	C	A	102976	6513	37	5	0	34	4.85503e-05	102986	1	FALSE	NA	NA	NA	NA	NA	NA
NC_045512.2	12924	C	T	102992	6542	37	5	1	34	4.85409e-05	103006	1	FALSE	NA	NA	NA	NA	NA	NA
NC_045512.2	12924	C	G	102992	6542	37	2	0	34	1.94163e-05	103006	1	FALSE	NA	NA	NA	NA	NA	NA
NC_045512.2	12924	C	A	102992	6542	37	7	1	36	6.79572e-05	103006	1	FALSE	NA	NA	NA	NA	NA	NA
NC_045512.2	12924	C	-T	102992	6542	37	5	0	20	4.85394e-05	103009	1	FALSE	NA	NA	NA	NA	NA	NA
NC_045512.2	12925	T	C	103012	6907	37	30	1	34	0.000291143	103042	1	FALSE	NA	NA	NA	NA	NA	NA
NC_045512.2	12925	T	-A	103012	6907	37	1	0	20	9.70403e-06	103050	1	FALSE	NA	NA	NA	NA	NA	NA
NC_045512.2	12926	A	G	102555	7553	37	7	0	34	6.82514e-05	102562	1	FALSE	NA	NA	NA	NA	NA	NA
NC_045512.2	12927	A	T	101623	7635	37	1	0	34	9.83952e-06	101631	1	FALSE	NA	NA	NA	NA	NA	NA
NC_045512.2	12927	A	G	101623	7635	37	4	1	42	3.93581e-05	101631	0.97131	FALSE	NA	NA	NA	NA	NA	NA
NC_045512.2	12927	A	C	101623	7635	37	3	0	34	2.95186e-05	101631	1	FALSE	NA	NA	NA	NA	NA	NA
NC_045512.2	12928	A	T	100603	7629	37	8	0	34	7.95007e-05	100628	1	FALSE	NA	NA	NA	NA	NA	NA
NC_045512.2	12928	A	G	100603	7629	37	16	1	37	0.000159001	100628	1	FALSE	NA	NA	NA	NA	NA	NA
NC_045512.2	12928	A	C	100603	7629	37	1	0	34	9.93759e-06	100628	1	FALSE	NA	NA	NA	NA	NA	NA
NC_045512.2	12929	G	T	104014	7644	37	15	0	34	0.000144179	104037	1	FALSE	NA	NA	NA	NA	NA	NA
NC_045512.2	12929	G	C	104014	7644	37	2	0	34	1.92239e-05	104037	1	FALSE	NA	NA	NA	NA	NA	NA
NC_045512.2	12929	G	A	104014	7644	37	6	1	39	5.76718e-05	104037	1	FALSE	NA	NA	NA	NA	NA	NA
NC_045512.2	12930	G	T	106676	7688	37	2	0	34	1.87475e-05	106681	1	FALSE	NA	NA	NA	NA	NA	NA
NC_045512.2	12930	G	A	106676	7688	37	3	0	31	2.81212e-05	106681	1	FALSE	NA	NA	NA	NA	NA	NA
NC_045512.2	12931	T	G	106864	7715	37	4	0	32	3.74248e-05	106881	1	FALSE	NA	NA	NA	NA	NA	NA
NC_045512.2	12931	T	C	106864	7715	37	13	1	39	0.000121631	106881	1	FALSE	NA	NA	NA	NA	NA	NA
NC_045512.2	12932	C	T	106912	7782	37	2	1	68	1.87023e-05	106939	0.249936	FALSE	NA	NA	NA	NA	NA	NA
NC_045512.2	12932	C	G	106912	7782	37	21	0	30	0.000196374	106939	1	FALSE	NA	NA	NA	NA	NA	NA
NC_045512.2	12932	C	A	106912	7782	37	4	0	30	3.74045e-05	106939	1	FALSE	NA	NA	NA	NA	NA	NA
NC_045512.2	12933	C	T	106828	7807	37	7	0	34	6.55198e-05	106838	1	FALSE	NA	NA	NA	NA	NA	NA
NC_045512.2	12933	C	A	106828	7807	37	3	0	34	2.80799e-05	106838	1	FALSE	NA	NA	NA	NA	NA	NA
NC_045512.2	12934	T	C	107055	7877	37	22	1	35	0.00020546	107077	1	FALSE	NA	NA	NA	NA	NA	NA
NC_045512.2	12934	T	-A	107055	7877	37	1	0	20	9.33881e-06	107080	1	FALSE	NA	NA	NA	NA	NA	NA
NC_045512.2	12935	A	T	106959	8100	37	1	1	68	9.34911e-06	106962	0.499988	FALSE	NA	NA	NA	NA	NA	NA
NC_045512.2	12935	A	G	106959	8100	37	1	0	34	9.34911e-06	106962	1	FALSE	NA	NA	NA	NA	NA	NA
NC_045512.2	12935	A	C	106959	8100	37	1	0	34	9.34911e-06	106962	1	FALSE	NA	NA	NA	NA	NA	NA
NC_045512.2	12936	A	T	106451	8142	37	1	0	26	9.39302e-06	106462	1	FALSE	NA	NA	NA	NA	NA	NA
NC_045512.2	12936	A	G	106451	8142	37	9	0	32	8.45372e-05	106462	1	FALSE	NA	NA	NA	NA	NA	NA
NC_045512.2	12936	A	C	106451	8142	37	1	0	34	9.39302e-06	106462	1	FALSE	NA	NA	NA	NA	NA	NA
NC_045512.2	12937	A	G	106131	8147	37	2	0	34	1.88441e-05	106134	1	FALSE	NA	NA	NA	NA	NA	NA
NC_045512.2	12937	A	C	106131	8147	37	1	0	26	9.42205e-06	106134	1	FALSE	NA	NA	NA	NA	NA	NA
NC_045512.2	12938	G	T	107919	8162	38	5	4	50	4.63276e-05	107927	0.109361	FALSE	NA	NA	NA	NA	NA	NA
NC_045512.2	12938	G	C	107919	8162	38	1	0	34	9.26552e-06	107927	1	FALSE	NA	NA	NA	NA	NA	NA
NC_045512.2	12938	G	A	107919	8162	38	2	0	26	1.8531e-05	107927	1	FALSE	NA	NA	NA	NA	NA	NA
NC_045512.2	12939	T	C	107692	8073	37	10	1	35	9.28471e-05	107704	1	FALSE	NA	NA	NA	NA	NA	NA
NC_045512.2	12939	T	A	107692	8073	37	2	0	30	1.85694e-05	107704	1	FALSE	NA	NA	NA	NA	NA	NA
NC_045512.2	12940	G	T	108140	8196	38	3	0	34	2.774e-05	108147	1	FALSE	NA	NA	NA	NA	NA	NA
NC_045512.2	12940	G	C	108140	8196	38	1	0	68	9.24667e-06	108147	0.499982	FALSE	NA	NA	NA	NA	NA	NA
NC_045512.2	12940	G	A	108140	8196	38	3	1	42	2.774e-05	108147	0.988769	FALSE	NA	NA	NA	NA	NA	NA
NC_045512.2	12941	A	T	108076	8444	38	4	0	32	3.70048e-05	108094	1	FALSE	NA	NA	NA	NA	NA	NA
NC_045512.2	12941	A	G	108076	8444	38	11	0	34	0.000101763	108094	1	FALSE	NA	NA	NA	NA	NA	NA
NC_045512.2	12941	A	C	108076	8444	38	3	0	34	2.77536e-05	108094	1	FALSE	NA	NA	NA	NA	NA	NA
NC_045512.2	12942	A	T	107926	8462	38	3	1	45	2.77845e-05	107974	0.98875	FALSE	NA	NA	NA	NA	NA	NA
NC_045512.2	12942	A	G	107926	8462	38	37	0	35	0.000342675	107974	1	FALSE	NA	NA	NA	NA	NA	NA
NC_045512.2	12942	A	C	107926	8462	38	8	0	38	7.40919e-05	107974	1	FALSE	NA	NA	NA	NA	NA	NA
NC_045512.2	12943	G	T	126165	8628	37	1	1	34	7.926e-06	126167	1	FALSE	NA	NA	NA	NA	NA	NA
NC_045512.2	12943	G	A	126165	8628	37	1	0	34	7.926e-06	126167	1	FALSE	NA	NA	NA	NA	NA	NA
NC_045512.2	12944	T	C	116447	10507	37	3	2	58	2.57619e-05	116451	0.312498	FALSE	NA	NA	NA	NA	NA	NA
NC_045512.2	12944	T	A	116447	10507	37	1	0	34	8.5873e-06	116451	1	FALSE	NA	NA	NA	NA	NA	NA
NC_045512.2	12945	A	T	112057	11077	37	1	0	27	8.92379e-06	112060	1	FALSE	NA	NA	NA	NA	NA	NA
NC_045512.2	12945	A	G	112057	11077	37	1	0	34	8.92379e-06	112060	1	FALSE	NA	NA	NA	NA	NA	NA
NC_045512.2	12945	A	C	112057	11077	37	1	0	26	8.92379e-06	112060	1	FALSE	NA	NA	NA	NA	NA	NA
NC_045512.2	12945	A	-T	112057	11077	37	4	0	20	3.56952e-05	112060	1	FALSE	NA	NA	NA	NA	NA	NA
NC_045512.2	12946	T	G	113546	11193	37	4	0	32	3.52243e-05	113558	1	FALSE	NA	NA	NA	NA	NA	NA
NC_045512.2	12946	T	C	113546	11193	37	7	1	31	6.16425e-05	113558	1	FALSE	NA	NA	NA	NA	NA	NA
NC_045512.2	12946	T	A	113546	11193	37	1	0	34	8.80607e-06	113558	1	FALSE	NA	NA	NA	NA	NA	NA
NC_045512.2	12947	T	C	113387	11301	37	9	3	45	7.93651e-05	113400	0.748268	FALSE	NA	NA	NA	NA	NA	NA
NC_045512.2	12947	T	A	113387	11301	37	4	0	32	3.52734e-05	113400	1	FALSE	NA	NA	NA	NA	NA	NA
NC_045512.2	12948	T	C	113354	11359	37	4	0	34	3.52843e-05	113365	1	FALSE	NA	NA	NA	NA	NA	NA
NC_045512.2	12948	T	A	113354	11359	37	7	0	31	6.17475e-05	113365	1	FALSE	NA	NA	NA	NA	NA	NA
NC_045512.2	12949	A	T	112707	11427	37	2	1	34	1.77439e-05	112715	1	FALSE	NA	NA	NA	NA	NA	NA
NC_045512.2	12949	A	G	112707	11427	37	6	1	39	5.32316e-05	112715	1	FALSE	NA	NA	NA	NA	NA	NA
NC_045512.2	12950	T	G	112266	11501	37	6	0	31	5.34388e-05	112278	1	FALSE	NA	NA	NA	NA	NA	NA
NC_045512.2	12950	T	C	112266	11501	37	6	2	49	5.34388e-05	112278	0.928263	FALSE	NA	NA	NA	NA	NA	NA
NC_045512.2	12951	A	T	111691	11684	37	2	0	34	1.79049e-05	111701	1	FALSE	NA	NA	NA	NA	NA	NA
NC_045512.2	12951	A	G	111691	11684	37	7	1	31	6.26673e-05	111701	1	FALSE	NA	NA	NA	NA	NA	NA
NC_045512.2	12951	A	C	111691	11684	37	1	0	34	8.95247e-06	111701	1	FALSE	NA	NA	NA	NA	NA	NA
NC_045512.2	12952	C	T	93527	13793	36	6	0	34	6.41444e-05	93539	1	FALSE	NA	NA	NA	NA	NA	NA
NC_045512.2	12952	C	G	93527	13793	36	5	0	30	5.34536e-05	93539	1	FALSE	NA	NA	NA	NA	NA	NA
NC_045512.2	12952	C	A	93527	13793	36	1	0	34	1.06907e-05	93539	1	FALSE	NA	NA	NA	NA	NA	NA
NC_045512.2	12953	T	G	92305	12873	36	7	0	34	7.5824e-05	92319	1	FALSE	NA	NA	NA	NA	NA	NA
NC_045512.2	12953	T	C	92305	12873	36	4	0	34	4.3328e-05	92319	1	FALSE	NA	NA	NA	NA	NA	NA
NC_045512.2	12953	T	A	92305	12873	36	3	0	28	3.2496e-05	92319	1	FALSE	NA	NA	NA	NA	NA	NA
NC_045512.2	12954	T	C	92905	12820	37	8	2	42	8.60993e-05	92916	0.685463	FALSE	NA	NA	NA	NA	NA	NA
NC_045512.2	12954	T	A	92905	12820	37	3	0	34	3.22872e-05	92916	1	FALSE	NA	NA	NA	NA	NA	NA
NC_045512.2	12955	T	G	92528	12660	36	9	0	29	9.725e-05	92545	1	FALSE	NA	NA	NA	NA	NA	NA
NC_045512.2	12955	T	C	92528	12660	36	7	1	32	7.56389e-05	92545	1	FALSE	NA	NA	NA	NA	NA	NA
NC_045512.2	12955	T	A	92528	12660	36	1	0	26	1.08056e-05	92545	1	FALSE	NA	NA	NA	NA	NA	NA
NC_045512.2	12956	A	G	92955	12892	36	6	0	32	6.45411e-05	92964	1	FALSE	NA	NA	NA	NA	NA	NA
NC_045512.2	12956	A	C	92955	12892	36	3	3	34	3.22706e-05	92964	1	FALSE	NA	NA	NA	NA	NA	NA
NC_045512.2	12957	T	G	93075	12981	37	4	0	32	4.29719e-05	93084	1	FALSE	NA	NA	NA	NA	NA	NA
NC_045512.2	12957	T	C	93075	12981	37	4	2	57	4.29719e-05	93084	0.0624926	FALSE	NA	NA	NA	NA	NA	NA
NC_045512.2	12957	T	A	93075	12981	37	1	0	34	1.0743e-05	93084	1	FALSE	NA	NA	NA	NA	NA	NA
NC_045512.2	12958	T	G	92936	12971	37	1	0	34	1.07594e-05	92942	1	FALSE	NA	NA	NA	NA	NA	NA
NC_045512.2	12958	T	C	92936	12971	37	3	1	34	3.22782e-05	92942	1	FALSE	NA	NA	NA	NA	NA	NA
NC_045512.2	12958	T	A	92936	12971	37	2	0	34	2.15188e-05	92942	1	FALSE	NA	NA	NA	NA	NA	NA
NC_045512.2	12958	T	-A	92936	12971	37	1	0	20	1.07594e-05	92942	1	FALSE	NA	NA	NA	NA	NA	NA
NC_045512.2	12959	A	T	92689	13307	37	1	0	26	1.07883e-05	92693	1	FALSE	NA	NA	NA	NA	NA	NA
NC_045512.2	12959	A	G	92689	13307	37	3	0	34	3.23649e-05	92693	1	FALSE	NA	NA	NA	NA	NA	NA
NC_045512.2	12960	A	T	90907	13579	36	1	0	34	1.09989e-05	90918	1	FALSE	NA	NA	NA	NA	NA	NA
NC_045512.2	12960	A	G	90907	13579	36	9	3	35	9.89903e-05	90918	1	FALSE	NA	NA	NA	NA	NA	NA
NC_045512.2	12960	A	C	90907	13579	36	1	0	34	1.09989e-05	90918	1	FALSE	NA	NA	NA	NA	NA	NA
NC_045512.2	12961	A	T	90340	13563	36	2	0	34	2.21356e-05	90352	1	FALSE	NA	NA	NA	NA	NA	NA
NC_045512.2	12961	A	G	90340	13563	36	9	3	36	9.96104e-05	90352	1	FALSE	NA	NA	NA	NA	NA	NA
NC_045512.2	12961	A	C	90340	13563	36	1	1	27	1.10678e-05	90352	1	FALSE	NA	NA	NA	NA	NA	NA
NC_045512.2	12962	G	T	93167	13675	36	1	0	34	1.07328e-05	93172	1	FALSE	NA	NA	NA	NA	NA	NA
NC_045512.2	12962	G	A	93167	13675	36	4	0	34	4.29314e-05	93172	1	FALSE	NA	NA	NA	NA	NA	NA
NC_045512.2	12963	G	T	92910	13982	36	1	0	34	1.07623e-05	92917	1	FALSE	NA	NA	NA	NA	NA	NA
NC_045512.2	12963	G	C	92910	13982	36	2	0	34	2.15246e-05	92917	1	FALSE	NA	NA	NA	NA	NA	NA
NC_045512.2	12963	G	A	92910	13982	36	4	0	34	4.30492e-05	92917	1	FALSE	NA	NA	NA	NA	NA	NA
NC_045512.2	12964	A	T	93587	14556	36	2	0	51	2.13684e-05	93596	0.249983	FALSE	NA	NA	NA	NA	NA	NA
NC_045512.2	12964	A	G	93587	14556	36	7	0	38	7.47895e-05	93596	1	FALSE	NA	NA	NA	NA	NA	NA
NC_045512.2	12964	A	-T	93587	14556	36	1	0	20	1.06842e-05	93596	1	FALSE	NA	NA	NA	NA	NA	NA
NC_045512.2	12965	T	C	93663	14636	36	4	2	30	4.2704e-05	93668	1	FALSE	NA	NA	NA	NA	NA	NA
NC_045512.2	12965	T	A	93663	14636	36	1	0	34	1.0676e-05	93668	1	FALSE	NA	NA	NA	NA	NA	NA
NC_045512.2	12966	T	G	93465	14727	36	1	0	34	1.06977e-05	93478	1	FALSE	NA	NA	NA	NA	NA	NA
NC_045512.2	12966	T	C	93465	14727	36	7	2	36	7.48839e-05	93478	1	FALSE	NA	NA	NA	NA	NA	NA
NC_045512.2	12966	T	A	93465	14727	36	5	1	34	5.34885e-05	93478	1	FALSE	NA	NA	NA	NA	NA	NA
NC_045512.2	12966	T	-A	93465	14727	36	1	0	20	1.06977e-05	93478	1	FALSE	NA	NA	NA	NA	NA	NA
NC_045512.2	12967	A	T	93673	14836	36	2	0	34	2.13465e-05	93692	1	FALSE	NA	NA	NA	NA	NA	NA
NC_045512.2	12967	A	G	93673	14836	36	17	0	33	0.000181446	93692	1	FALSE	NA	NA	NA	NA	NA	NA
NC_045512.2	12968	A	T	93048	15728	36	1	0	34	1.07461e-05	93057	1	FALSE	NA	NA	NA	NA	NA	NA
NC_045512.2	12968	A	G	93048	15728	36	7	0	34	7.52227e-05	93057	1	FALSE	NA	NA	NA	NA	NA	NA
NC_045512.2	12968	A	C	93048	15728	36	1	0	34	1.07461e-05	93057	1	FALSE	NA	NA	NA	NA	NA	NA
NC_045512.2	12969	A	G	93649	19178	37	5	0	34	5.33874e-05	93655	1	FALSE	NA	NA	NA	NA	NA	NA
NC_045512.2	12969	A	C	93649	19178	37	1	0	34	1.06775e-05	93655	1	FALSE	NA	NA	NA	NA	NA	NA
NC_045512.2	12970	C	T	93125	19274	37	10	1	37	0.00010737	93136	1	FALSE	NA	NA	NA	NA	NA	NA
NC_045512.2	12970	C	A	93125	19274	37	1	0	26	1.0737e-05	93136	1	FALSE	NA	NA	NA	NA	NA	NA
NC_045512.2	12970	C	-A	93125	19274	37	1	0	20	1.0737e-05	93136	1	FALSE	NA	NA	NA	NA	NA	NA
NC_045512.2	12971	A	T	92897	18656	37	1	0	34	1.07639e-05	92903	1	FALSE	NA	NA	NA	NA	NA	NA
NC_045512.2	12971	A	G	92897	18656	37	4	0	40	4.30557e-05	92903	0.953859	FALSE	NA	NA	NA	NA	NA	NA
NC_045512.2	12971	A	C	92897	18656	37	1	1	27	1.07639e-05	92903	1	FALSE	NA	NA	NA	NA	NA	NA
NC_045512.2	12972	A	T	93602	18850	37	1	0	34	1.06818e-05	93617	1	FALSE	NA	NA	NA	NA	NA	NA
NC_045512.2	12972	A	G	93602	18850	37	13	1	32	0.000138864	93617	1	FALSE	NA	NA	NA	NA	NA	NA
NC_045512.2	12972	A	C	93602	18850	37	1	0	34	1.06818e-05	93617	1	FALSE	NA	NA	NA	NA	NA	NA
NC_045512.2	12973	C	T	93531	19273	37	1	0	34	1.06915e-05	93532	1	FALSE	NA	NA	NA	NA	NA	NA
NC_045512.2	12974	C	T	93776	19669	37	1	0	34	1.06634e-05	93779	1	FALSE	NA	NA	NA	NA	NA	NA
NC_045512.2	12974	C	A	93776	19669	37	2	0	34	2.13267e-05	93779	1	FALSE	NA	NA	NA	NA	NA	NA
NC_045512.2	12975	T	C	93947	19630	37	12	0	34	0.000127713	93961	1	FALSE	NA	NA	NA	NA	NA	NA
NC_045512.2	12975	T	A	93947	19630	37	2	2	34	2.12854e-05	93961	1	FALSE	NA	NA	NA	NA	NA	NA
NC_045512.2	12975	T	-A	93947	19630	37	1	0	20	1.06427e-05	93961	1	FALSE	NA	NA	NA	NA	NA	NA
NC_045512.2	12976	A	G	96171	19741	37	5	0	34	5.1988e-05	96176	1	FALSE	NA	NA	NA	NA	NA	NA
NC_045512.2	12977	A	T	94131	21448	37	3	0	34	3.18661e-05	94144	1	FALSE	NA	NA	NA	NA	NA	NA
NC_045512.2	12977	A	G	94131	21448	37	10	1	37	0.00010622	94144	1	FALSE	NA	NA	NA	NA	NA	NA
NC_045512.2	12978	A	G	91902	22989	36	8	0	33	8.70417e-05	91910	1	FALSE	NA	NA	NA	NA	NA	NA
NC_045512.2	12979	T	C	91982	23088	37	7	5	36	7.60944e-05	91991	1	FALSE	NA	NA	NA	NA	NA	NA
NC_045512.2	12979	T	A	91982	23088	37	2	0	34	2.17413e-05	91991	1	FALSE	NA	NA	NA	NA	NA	NA
NC_045512.2	12980	A	T	90449	23244	37	4	1	30	4.4218e-05	90461	1	FALSE	NA	NA	NA	NA	NA	NA
NC_045512.2	12980	A	G	90449	23244	37	8	1	37	8.84359e-05	90461	1	FALSE	NA	NA	NA	NA	NA	NA
NC_045512.2	12981	G	T	92821	23273	37	2	1	34	2.15457e-05	92826	1	FALSE	NA	NA	NA	NA	NA	NA
NC_045512.2	12981	G	C	92821	23273	37	1	1	34	1.07728e-05	92826	1	FALSE	NA	NA	NA	NA	NA	NA
NC_045512.2	12981	G	A	92821	23273	37	2	0	30	2.15457e-05	92826	1	FALSE	NA	NA	NA	NA	NA	NA
NC_045512.2	12982	A	T	91926	22566	37	8	5	33	8.70142e-05	91939	1	FALSE	NA	NA	NA	NA	NA	NA
NC_045512.2	12982	A	G	91926	22566	37	5	1	40	5.43839e-05	91939	0.910202	FALSE	NA	NA	NA	NA	NA	NA
NC_045512.2	12983	G	T	91505	22387	37	1	0	68	1.09278e-05	91510	0.499992	FALSE	NA	NA	NA	NA	NA	NA
NC_045512.2	12983	G	A	91505	22387	37	4	1	40	4.37111e-05	91510	0.953863	FALSE	NA	NA	NA	NA	NA	NA
NC_045512.2	12984	G	T	95485	22832	37	1	0	34	1.04727e-05	95486	1	FALSE	NA	NA	NA	NA	NA	NA
NC_045512.2	12985	T	C	94983	22367	37	5	1	40	5.26382e-05	94988	0.910229	FALSE	NA	NA	NA	NA	NA	NA
NC_045512.2	12986	A	T	95567	22703	37	1	0	34	1.04625e-05	95579	1	FALSE	NA	NA	NA	NA	NA	NA
NC_045512.2	12986	A	G	95567	22703	37	11	1	33	0.000115088	95579	1	FALSE	NA	NA	NA	NA	NA	NA
NC_045512.2	12987	T	C	95746	22713	37	3	0	31	3.13313e-05	95751	1	FALSE	NA	NA	NA	NA	NA	NA
NC_045512.2	12987	T	A	95746	22713	37	2	1	34	2.08875e-05	95751	1	FALSE	NA	NA	NA	NA	NA	NA
NC_045512.2	12987	T	-G	95746	22713	37	2	0	20	2.08875e-05	95751	1	FALSE	NA	NA	NA	NA	NA	NA
NC_045512.2	12988	G	T	91807	23217	37	6	1	34	6.53474e-05	91817	1	FALSE	NA	NA	NA	NA	NA	NA
NC_045512.2	12988	G	C	91807	23217	37	1	0	34	1.08912e-05	91817	1	FALSE	NA	NA	NA	NA	NA	NA
NC_045512.2	12988	G	A	91807	23217	37	3	1	34	3.26737e-05	91817	1	FALSE	NA	NA	NA	NA	NA	NA
NC_045512.2	12989	G	T	94611	23404	36	1	0	24	1.05693e-05	94614	1	FALSE	NA	NA	NA	NA	NA	NA
NC_045512.2	12989	G	C	94611	23404	36	1	1	26	1.05693e-05	94614	1	FALSE	NA	NA	NA	NA	NA	NA
NC_045512.2	12989	G	A	94611	23404	36	1	0	34	1.05693e-05	94614	1	FALSE	NA	NA	NA	NA	NA	NA
NC_045512.2	12990	T	G	94585	24040	37	4	1	32	4.22837e-05	94599	1	FALSE	NA	NA	NA	NA	NA	NA
NC_045512.2	12990	T	C	94585	24040	37	9	7	32	9.51384e-05	94599	1	FALSE	NA	NA	NA	NA	NA	NA
NC_045512.2	12990	T	A	94585	24040	37	1	0	34	1.05709e-05	94599	1	FALSE	NA	NA	NA	NA	NA	NA
NC_045512.2	12991	A	G	94926	24127	37	10	1	34	0.000105334	94936	1	FALSE	NA	NA	NA	NA	NA	NA
NC_045512.2	12992	C	T	94107	24381	37	8	1	46	8.49997e-05	94118	0.685463	FALSE	NA	NA	NA	NA	NA	NA
NC_045512.2	12992	C	G	94107	24381	37	2	0	30	2.12499e-05	94118	1	FALSE	NA	NA	NA	NA	NA	NA
NC_045512.2	12992	C	A	94107	24381	37	1	0	68	1.0625e-05	94118	0.499976	FALSE	NA	NA	NA	NA	NA	NA
NC_045512.2	12993	T	G	91667	21617	36	3	0	31	3.27168e-05	91696	1	FALSE	NA	NA	NA	NA	NA	NA
NC_045512.2	12993	T	C	91667	21617	36	23	19	33	0.000250829	91696	1	FALSE	NA	NA	NA	NA	NA	NA
NC_045512.2	12993	T	A	91667	21617	36	3	0	34	3.27168e-05	91696	1	FALSE	NA	NA	NA	NA	NA	NA
NC_045512.2	12994	T	G	92938	22515	37	2	0	34	2.15135e-05	92965	1	FALSE	NA	NA	NA	NA	NA	NA
NC_045512.2	12994	T	C	92938	22515	37	21	14	37	0.000225891	92965	1	FALSE	NA	NA	NA	NA	NA	NA
NC_045512.2	12994	T	A	92938	22515	37	4	0	32	4.30269e-05	92965	1	FALSE	NA	NA	NA	NA	NA	NA
NC_045512.2	12995	G	T	92887	22377	37	1	1	34	1.07652e-05	92892	1	FALSE	NA	NA	NA	NA	NA	NA
NC_045512.2	12995	G	A	92887	22377	37	4	2	34	4.30608e-05	92892	1	FALSE	NA	NA	NA	NA	NA	NA
NC_045512.2	12997	T	C	93272	22605	37	10	2	34	0.0001072	93284	1	FALSE	NA	NA	NA	NA	NA	NA
NC_045512.2	12997	T	A	93272	22605	37	2	0	29	2.14399e-05	93284	1	FALSE	NA	NA	NA	NA	NA	NA
NC_045512.2	12997	T	-A	93272	22605	37	1	0	20	1.072e-05	93284	1	FALSE	NA	NA	NA	NA	NA	NA
NC_045512.2	12998	A	G	91721	21212	37	6	0	31	6.54101e-05	91729	1	FALSE	NA	NA	NA	NA	NA	NA
NC_045512.2	12998	A	C	91721	21212	37	2	2	30	2.18034e-05	91729	1	FALSE	NA	NA	NA	NA	NA	NA
NC_045512.2	12999	G	C	91321	21295	37	3	3	34	3.28461e-05	91335	1	FALSE	NA	NA	NA	NA	NA	NA
NC_045512.2	12999	G	A	91321	21295	37	11	4	34	0.000120436	91335	1	FALSE	NA	NA	NA	NA	NA	NA
NC_045512.2	13000	T	G	88049	21458	36	3	0	34	3.40673e-05	88061	1	FALSE	NA	NA	NA	NA	NA	NA
NC_045512.2	13000	T	C	88049	21458	36	7	3	37	7.94904e-05	88061	1	FALSE	NA	NA	NA	NA	NA	NA
NC_045512.2	13000	T	A	88049	21458	36	2	0	26	2.27115e-05	88061	1	FALSE	NA	NA	NA	NA	NA	NA
NC_045512.2	13001	T	G	89247	23122	37	12	0	32	0.000134431	89265	1	FALSE	NA	NA	NA	NA	NA	NA
NC_045512.2	13001	T	C	89247	23122	37	5	0	34	5.6013e-05	89265	1	FALSE	NA	NA	NA	NA	NA	NA
NC_045512.2	13001	T	A	89247	23122	37	1	0	26	1.12026e-05	89265	1	FALSE	NA	NA	NA	NA	NA	NA
NC_045512.2	13002	T	G	89117	23603	37	1	0	34	1.12197e-05	89129	1	FALSE	NA	NA	NA	NA	NA	NA
NC_045512.2	13002	T	C	89117	23603	37	11	6	35	0.000123417	89129	1	FALSE	NA	NA	NA	NA	NA	NA
NC_045512.2	13003	A	G	89442	23410	37	20	4	37	0.000223559	89462	1	FALSE	NA	NA	NA	NA	NA	NA
NC_045512.2	13004	G	T	89259	23441	37	3	3	34	3.36063e-05	89269	1	FALSE	NA	NA	NA	NA	NA	NA
NC_045512.2	13004	G	A	89259	23441	37	7	1	34	7.84147e-05	89269	1	FALSE	NA	NA	NA	NA	NA	NA
NC_045512.2	13005	C	T	88094	23559	37	14	2	36	0.000158889	88112	1	FALSE	NA	NA	NA	NA	NA	NA
NC_045512.2	13005	C	G	88094	23559	37	1	0	34	1.13492e-05	88112	1	FALSE	NA	NA	NA	NA	NA	NA
NC_045512.2	13005	C	A	88094	23559	37	3	1	56	3.40476e-05	88112	0.124968	FALSE	NA	NA	NA	NA	NA	NA
NC_045512.2	13006	T	C	88517	23477	37	17	9	38	0.000192014	88535	1	FALSE	NA	NA	NA	NA	NA	NA
NC_045512.2	13006	T	A	88517	23477	37	1	1	34	1.1295e-05	88535	1	FALSE	NA	NA	NA	NA	NA	NA
NC_045512.2	13007	G	T	88839	23433	37	1	0	34	1.12545e-05	88853	1	FALSE	NA	NA	NA	NA	NA	NA
NC_045512.2	13007	G	C	88839	23433	37	1	0	68	1.12545e-05	88853	0.499966	FALSE	NA	NA	NA	NA	NA	NA
NC_045512.2	13007	G	A	88839	23433	37	12	3	42	0.000135055	88853	0.251702	FALSE	NA	NA	NA	NA	NA	NA
NC_045512.2	13008	C	T	89399	23971	37	2	0	34	2.23699e-05	89406	1	FALSE	NA	NA	NA	NA	NA	NA
NC_045512.2	13008	C	G	89399	23971	37	1	0	26	1.11849e-05	89406	1	FALSE	NA	NA	NA	NA	NA	NA
NC_045512.2	13008	C	A	89399	23971	37	4	1	34	4.47397e-05	89406	1	FALSE	NA	NA	NA	NA	NA	NA
NC_045512.2	13009	C	T	89424	24118	37	3	1	31	3.35413e-05	89442	1	FALSE	NA	NA	NA	NA	NA	NA
NC_045512.2	13009	C	G	89424	24118	37	7	0	31	7.8263e-05	89442	1	FALSE	NA	NA	NA	NA	NA	NA
NC_045512.2	13009	C	A	89424	24118	37	8	2	34	8.94434e-05	89442	1	FALSE	NA	NA	NA	NA	NA	NA
NC_045512.2	13010	A	T	89616	23965	37	1	0	34	1.11576e-05	89625	1	FALSE	NA	NA	NA	NA	NA	NA
NC_045512.2	13010	A	G	89616	23965	37	7	4	37	7.81032e-05	89625	1	FALSE	NA	NA	NA	NA	NA	NA
NC_045512.2	13010	A	C	89616	23965	37	1	1	34	1.11576e-05	89625	1	FALSE	NA	NA	NA	NA	NA	NA
NC_045512.2	13012	A	G	86105	24430	37	18	7	32	0.000209001	86124	1	FALSE	NA	NA	NA	NA	NA	NA
NC_045512.2	13012	A	C	86105	24430	37	1	1	34	1.16112e-05	86124	1	FALSE	NA	NA	NA	NA	NA	NA
NC_045512.2	13013	G	C	87115	24489	37	1	1	27	1.14786e-05	87119	1	FALSE	NA	NA	NA	NA	NA	NA
NC_045512.2	13013	G	A	87115	24489	37	3	0	34	3.44357e-05	87119	1	FALSE	NA	NA	NA	NA	NA	NA
NC_045512.2	13014	T	G	86970	24632	37	3	0	34	3.44871e-05	86989	1	FALSE	NA	NA	NA	NA	NA	NA
NC_045512.2	13014	T	C	86970	24632	37	16	5	40	0.000183931	86989	0.0757726	FALSE	NA	NA	NA	NA	NA	NA
NC_045512.2	13015	A	G	87162	24549	37	12	4	34	0.000137656	87174	1	FALSE	NA	NA	NA	NA	NA	NA
NC_045512.2	13016	C	T	88392	25165	37	15	1	38	0.000169666	88409	1	FALSE	NA	NA	NA	NA	NA	NA
NC_045512.2	13016	C	G	88392	25165	37	2	1	30	2.26221e-05	88409	1	FALSE	NA	NA	NA	NA	NA	NA
NC_045512.2	13017	G	C	89503	24930	37	1	1	34	1.11711e-05	89517	1	FALSE	NA	NA	NA	NA	NA	NA
NC_045512.2	13017	G	A	89503	24930	37	13	7	34	0.000145224	89517	1	FALSE	NA	NA	NA	NA	NA	NA
NC_045512.2	13018	T	C	88523	25411	37	28	13	36	0.000316195	88553	1	FALSE	NA	NA	NA	NA	NA	NA
NC_045512.2	13018	T	A	88523	25411	37	2	1	34	2.25853e-05	88553	1	FALSE	NA	NA	NA	NA	NA	NA
NC_045512.2	13019	C	G	86776	25652	37	2	0	34	2.30471e-05	86779	1	FALSE	NA	NA	NA	NA	NA	NA
NC_045512.2	13019	C	A	86776	25652	37	1	0	26	1.15235e-05	86779	1	FALSE	NA	NA	NA	NA	NA	NA
NC_045512.2	13020	T	C	86558	25522	37	15	3	33	0.000173264	86573	1	FALSE	NA	NA	NA	NA	NA	NA
NC_045512.2	13021	A	T	86224	25505	37	2	0	34	2.31943e-05	86228	1	FALSE	NA	NA	NA	NA	NA	NA
NC_045512.2	13021	A	G	86224	25505	37	2	2	34	2.31943e-05	86228	1	FALSE	NA	NA	NA	NA	NA	NA
NC_045512.2	13022	C	T	81762	26250	36	4	3	34	4.89141e-05	81776	1	FALSE	NA	NA	NA	NA	NA	NA
NC_045512.2	13022	C	G	81762	26250	36	10	0	32	0.000122285	81776	1	FALSE	NA	NA	NA	NA	NA	NA
NC_045512.2	13023	A	T	81017	25504	36	1	0	26	1.23419e-05	81025	1	FALSE	NA	NA	NA	NA	NA	NA
NC_045512.2	13023	A	G	81017	25504	36	7	1	34	8.63931e-05	81025	1	FALSE	NA	NA	NA	NA	NA	NA
NC_045512.2	13024	A	G	78800	25889	36	10	4	45	0.000126886	78811	0.31452	FALSE	NA	NA	NA	NA	NA	NA
NC_045512.2	13024	A	C	78800	25889	36	1	1	34	1.26886e-05	78811	1	FALSE	NA	NA	NA	NA	NA	NA
NC_045512.2	13025	G	C	78688	25819	36	3	0	34	3.81228e-05	78693	1	FALSE	NA	NA	NA	NA	NA	NA
NC_045512.2	13025	G	A	78688	25819	36	2	0	30	2.54152e-05	78693	1	FALSE	NA	NA	NA	NA	NA	NA
NC_045512.2	13026	C	T	80112	27738	36	1	1	34	1.24822e-05	80114	1	FALSE	NA	NA	NA	NA	NA	NA
NC_045512.2	13026	C	A	80112	27738	36	1	0	34	1.24822e-05	80114	1	FALSE	NA	NA	NA	NA	NA	NA
NC_045512.2	13027	T	G	79297	26908	37	2	1	34	2.52143e-05	79320	1	FALSE	NA	NA	NA	NA	NA	NA
NC_045512.2	13027	T	C	79297	26908	37	16	9	33	0.000201715	79320	1	FALSE	NA	NA	NA	NA	NA	NA
NC_045512.2	13027	T	A	79297	26908	37	5	4	34	6.30358e-05	79320	1	FALSE	NA	NA	NA	NA	NA	NA
NC_045512.2	13028	G	A	79583	26799	36	4	0	30	5.02595e-05	79587	1	FALSE	NA	NA	NA	NA	NA	NA
NC_045512.2	13029	G	T	80662	28090	37	6	0	34	7.43734e-05	80674	1	FALSE	NA	NA	NA	NA	NA	NA
NC_045512.2	13029	G	C	80662	28090	37	1	0	34	1.23956e-05	80674	1	FALSE	NA	NA	NA	NA	NA	NA
NC_045512.2	13029	G	A	80662	28090	37	5	2	34	6.19778e-05	80674	1	FALSE	NA	NA	NA	NA	NA	NA
NC_045512.2	13030	T	C	80726	29336	37	5	0	34	6.19325e-05	80733	1	FALSE	NA	NA	NA	NA	NA	NA
NC_045512.2	13030	T	A	80726	29336	37	2	0	30	2.4773e-05	80733	1	FALSE	NA	NA	NA	NA	NA	NA
NC_045512.2	13030	T	-A	80726	29336	37	1	0	20	1.23865e-05	80733	1	FALSE	NA	NA	NA	NA	NA	NA
NC_045512.2	13031	A	T	78944	29726	37	1	0	34	1.26658e-05	78953	1	FALSE	NA	NA	NA	NA	NA	NA
NC_045512.2	13031	A	G	78944	29726	37	8	2	38	0.000101326	78953	1	FALSE	NA	NA	NA	NA	NA	NA
NC_045512.2	13032	A	T	79321	29805	37	1	0	34	1.26067e-05	79323	1	FALSE	NA	NA	NA	NA	NA	NA
NC_045512.2	13032	A	G	79321	29805	37	1	0	34	1.26067e-05	79323	1	FALSE	NA	NA	NA	NA	NA	NA
NC_045512.2	13033	T	G	80131	30734	37	1	0	34	1.24785e-05	80138	1	FALSE	NA	NA	NA	NA	NA	NA
NC_045512.2	13033	T	C	80131	30734	37	6	2	32	7.48708e-05	80138	1	FALSE	NA	NA	NA	NA	NA	NA
NC_045512.2	13034	G	T	80037	30669	37	1	0	34	1.24913e-05	80056	1	FALSE	NA	NA	NA	NA	NA	NA
NC_045512.2	13034	G	C	80037	30669	37	3	3	34	3.74738e-05	80056	1	FALSE	NA	NA	NA	NA	NA	NA
NC_045512.2	13034	G	A	80037	30669	37	15	10	42	0.000187369	80056	0.104987	FALSE	NA	NA	NA	NA	NA	NA
NC_045512.2	13034	G	-C	80037	30669	37	1	0	20	1.24913e-05	80056	1	FALSE	NA	NA	NA	NA	NA	NA
NC_045512.2	13035	C	T	81195	31136	37	8	0	34	9.85125e-05	81208	1	FALSE	NA	NA	NA	NA	NA	NA
NC_045512.2	13035	C	G	81195	31136	37	4	1	32	4.92562e-05	81208	1	FALSE	NA	NA	NA	NA	NA	NA
NC_045512.2	13035	C	A	81195	31136	37	1	0	34	1.23141e-05	81208	1	FALSE	NA	NA	NA	NA	NA	NA
NC_045512.2	13036	A	G	80868	30551	37	9	7	34	0.00011128	80877	1	FALSE	NA	NA	NA	NA	NA	NA
NC_045512.2	13037	A	T	80749	30519	37	1	0	34	1.23827e-05	80758	1	FALSE	NA	NA	NA	NA	NA	NA
NC_045512.2	13037	A	G	80749	30519	37	6	1	34	7.4296e-05	80758	1	FALSE	NA	NA	NA	NA	NA	NA
NC_045512.2	13037	A	C	80749	30519	37	2	0	34	2.47653e-05	80758	1	FALSE	NA	NA	NA	NA	NA	NA
NC_045512.2	13038	C	T	80561	30663	37	2	0	34	2.48247e-05	80565	1	FALSE	NA	NA	NA	NA	NA	NA
NC_045512.2	13038	C	G	80561	30663	37	1	0	34	1.24123e-05	80565	1	FALSE	NA	NA	NA	NA	NA	NA
NC_045512.2	13038	C	A	80561	30663	37	1	0	26	1.24123e-05	80565	1	FALSE	NA	NA	NA	NA	NA	NA
NC_045512.2	13039	A	T	80543	30615	37	1	1	34	1.24153e-05	80546	1	FALSE	NA	NA	NA	NA	NA	NA
NC_045512.2	13039	A	G	80543	30615	37	2	2	34	2.48305e-05	80546	1	FALSE	NA	NA	NA	NA	NA	NA
NC_045512.2	13040	G	A	80803	30606	37	4	3	51	4.95007e-05	80807	0.0624992	FALSE	NA	NA	NA	NA	NA	NA
NC_045512.2	13041	A	G	82086	32301	37	17	9	41	0.000207057	82103	0.0538661	FALSE	NA	NA	NA	NA	NA	NA
NC_045512.2	13042	A	T	81927	32195	37	1	0	34	1.22046e-05	81936	1	FALSE	NA	NA	NA	NA	NA	NA
NC_045512.2	13042	A	G	81927	32195	37	8	4	32	9.76372e-05	81936	1	FALSE	NA	NA	NA	NA	NA	NA
NC_045512.2	13043	G	T	82043	32136	37	6	6	32	7.31217e-05	82055	1	FALSE	NA	NA	NA	NA	NA	NA
NC_045512.2	13043	G	A	82043	32136	37	6	1	42	7.31217e-05	82055	0.788001	FALSE	NA	NA	NA	NA	NA	NA
NC_045512.2	13044	T	C	66152	32689	36	2	0	29	3.02325e-05	66154	1	FALSE	NA	NA	NA	NA	NA	NA
NC_045512.2	13045	G	A	66195	32786	36	8	3	38	0.00012084	66203	1	FALSE	NA	NA	NA	NA	NA	NA
NC_045512.2	13046	C	T	66659	34171	36	6	5	34	9.00009e-05	66666	1	FALSE	NA	NA	NA	NA	NA	NA
NC_045512.2	13046	C	A	66659	34171	36	1	0	34	1.50002e-05	66666	1	FALSE	NA	NA	NA	NA	NA	NA
NC_045512.2	13047	C	T	66737	34101	36	1	1	34	1.49837e-05	66739	1	FALSE	NA	NA	NA	NA	NA	NA
NC_045512.2	13047	C	G	66737	34101	36	1	0	26	1.49837e-05	66739	1	FALSE	NA	NA	NA	NA	NA	NA
NC_045512.2	13048	T	C	67057	34302	36	52	37	34	0.000774813	67113	0.928989	FALSE	NA	NA	NA	NA	NA	NA
NC_045512.2	13048	T	A	67057	34302	36	4	2	51	5.9601e-05	67113	0.0624022	FALSE	NA	NA	NA	NA	NA	NA
NC_045512.2	13049	G	C	66923	34169	36	7	7	31	0.000104571	66940	1	FALSE	NA	NA	NA	NA	NA	NA
NC_045512.2	13049	G	A	66923	34169	36	10	5	34	0.000149388	66940	1	FALSE	NA	NA	NA	NA	NA	NA
NC_045512.2	13050	C	T	66883	34178	36	20	17	34	0.000298931	66905	1	FALSE	NA	NA	NA	NA	NA	NA
NC_045512.2	13050	C	G	66883	34178	36	2	0	34	2.98931e-05	66905	1	FALSE	NA	NA	NA	NA	NA	NA
NC_045512.2	13051	C	T	67327	34288	36	1	1	68	1.48522e-05	67330	0.499996	FALSE	NA	NA	NA	NA	NA	NA
NC_045512.2	13051	C	G	67327	34288	36	1	1	34	1.48522e-05	67330	1	FALSE	NA	NA	NA	NA	NA	NA
NC_045512.2	13051	C	A	67327	34288	36	1	1	34	1.48522e-05	67330	1	FALSE	NA	NA	NA	NA	NA	NA
NC_045512.2	13052	A	T	66848	33815	36	4	3	57	5.98283e-05	66858	0.0624878	FALSE	NA	NA	NA	NA	NA	NA
NC_045512.2	13052	A	G	66848	33815	36	5	4	32	7.47854e-05	66858	1	FALSE	NA	NA	NA	NA	NA	NA
NC_045512.2	13052	A	C	66848	33815	36	1	0	34	1.49571e-05	66858	1	FALSE	NA	NA	NA	NA	NA	NA
NC_045512.2	13053	A	G	66107	34054	36	6	6	39	9.07537e-05	66113	1	FALSE	NA	NA	NA	NA	NA	NA
NC_045512.2	13054	T	C	69223	36218	37	7	6	30	0.000101112	69230	1	FALSE	NA	NA	NA	NA	NA	NA
NC_045512.2	13055	T	G	68495	36204	36	1	0	26	1.45968e-05	68508	1	FALSE	NA	NA	NA	NA	NA	NA
NC_045512.2	13055	T	C	68495	36204	36	11	5	33	0.000160565	68508	1	FALSE	NA	NA	NA	NA	NA	NA
NC_045512.2	13055	T	A	68495	36204	36	1	1	34	1.45968e-05	68508	1	FALSE	NA	NA	NA	NA	NA	NA
NC_045512.2	13055	T	-C	68495	36204	36	1	0	20	1.45968e-05	68508	1	FALSE	NA	NA	NA	NA	NA	NA
NC_045512.2	13056	C	T	70157	37864	37	7	3	43	9.97648e-05	70165	0.604742	FALSE	NA	NA	NA	NA	NA	NA
NC_045512.2	13056	C	G	70157	37864	37	1	0	34	1.42521e-05	70165	1	FALSE	NA	NA	NA	NA	NA	NA
NC_045512.2	13057	A	G	70081	37785	37	10	3	37	0.00014267	70092	1	FALSE	NA	NA	NA	NA	NA	NA
NC_045512.2	13057	A	C	70081	37785	37	1	1	26	1.4267e-05	70092	1	FALSE	NA	NA	NA	NA	NA	NA
NC_045512.2	13058	A	T	69335	37667	36	2	1	34	2.8843e-05	69341	1	FALSE	NA	NA	NA	NA	NA	NA
NC_045512.2	13058	A	G	69335	37667	36	4	1	37	5.76859e-05	69341	1	FALSE	NA	NA	NA	NA	NA	NA
NC_045512.2	13059	C	T	68107	38947	36	2	2	34	2.93647e-05	68109	1	FALSE	NA	NA	NA	NA	NA	NA
NC_045512.2	13060	T	C	67498	38188	36	9	4	41	0.00013332	67507	0.303619	FALSE	NA	NA	NA	NA	NA	NA
NC_045512.2	13061	G	T	70089	38412	36	2	2	34	2.85315e-05	70098	1	FALSE	NA	NA	NA	NA	NA	NA
NC_045512.2	13061	G	A	70089	38412	36	7	2	47	9.98602e-05	70098	0.604731	FALSE	NA	NA	NA	NA	NA	NA
NC_045512.2	13062	T	G	70050	38516	36	1	0	34	1.42731e-05	70062	1	FALSE	NA	NA	NA	NA	NA	NA
NC_045512.2	13062	T	C	70050	38516	36	11	6	36	0.000157004	70062	1	FALSE	NA	NA	NA	NA	NA	NA
NC_045512.2	13063	A	T	70622	38996	37	1	0	34	1.41585e-05	70629	1	FALSE	NA	NA	NA	NA	NA	NA
NC_045512.2	13063	A	G	70622	38996	37	6	1	30	8.49509e-05	70629	1	FALSE	NA	NA	NA	NA	NA	NA
NC_045512.2	13063	A	-T	70622	38996	37	2	0	20	2.8317e-05	70629	1	FALSE	NA	NA	NA	NA	NA	NA
NC_045512.2	13064	T	C	72249	41330	37	3	2	45	4.15202e-05	72254	0.945311	FALSE	NA	NA	NA	NA	NA	NA
NC_045512.2	13064	T	A	72249	41330	37	2	0	30	2.76801e-05	72254	1	FALSE	NA	NA	NA	NA	NA	NA
NC_045512.2	13065	T	C	70865	40642	36	5	4	40	7.05517e-05	70870	0.806169	FALSE	NA	NA	NA	NA	NA	NA
NC_045512.2	13066	A	G	74573	44512	37	3	0	34	4.02269e-05	74577	1	FALSE	NA	NA	NA	NA	NA	NA
NC_045512.2	13066	A	C	74573	44512	37	1	1	34	1.3409e-05	74577	1	FALSE	NA	NA	NA	NA	NA	NA
NC_045512.2	13067	T	C	73715	43454	36	5	3	40	6.78224e-05	73722	0.806156	FALSE	NA	NA	NA	NA	NA	NA
NC_045512.2	13067	T	A	73715	43454	36	2	0	34	2.71289e-05	73722	1	FALSE	NA	NA	NA	NA	NA	NA
NC_045512.2	13068	C	T	78590	49078	37	4	4	35	5.08925e-05	78597	1	FALSE	NA	NA	NA	NA	NA	NA
NC_045512.2	13068	C	G	78590	49078	37	3	0	29	3.81694e-05	78597	1	FALSE	NA	NA	NA	NA	NA	NA
NC_045512.2	13069	T	G	78204	48615	37	1	1	34	1.27863e-05	78209	1	FALSE	NA	NA	NA	NA	NA	NA
NC_045512.2	13069	T	C	78204	48615	37	4	3	34	5.1145e-05	78209	1	FALSE	NA	NA	NA	NA	NA	NA
NC_045512.2	13070	T	G	77250	48279	38	3	3	34	3.88309e-05	77258	1	FALSE	NA	NA	NA	NA	NA	NA
NC_045512.2	13070	T	C	77250	48279	38	5	4	54	6.47182e-05	77258	0.031246	FALSE	NA	NA	NA	NA	NA	NA
NC_045512.2	13071	T	G	77293	48389	38	1	0	26	1.29363e-05	77302	1	FALSE	NA	NA	NA	NA	NA	NA
NC_045512.2	13071	T	C	77293	48389	38	6	1	34	7.76177e-05	77302	1	FALSE	NA	NA	NA	NA	NA	NA
NC_045512.2	13071	T	A	77293	48389	38	2	0	26	2.58726e-05	77302	1	FALSE	NA	NA	NA	NA	NA	NA
NC_045512.2	13072	C	T	75218	49181	37	1	1	34	1.32938e-05	75223	1	FALSE	NA	NA	NA	NA	NA	NA
NC_045512.2	13072	C	G	75218	49181	37	1	1	34	1.32938e-05	75223	1	FALSE	NA	NA	NA	NA	NA	NA
NC_045512.2	13072	C	A	75218	49181	37	3	0	34	3.98814e-05	75223	1	FALSE	NA	NA	NA	NA	NA	NA
NC_045512.2	13073	T	G	74807	48784	37	1	0	34	1.33667e-05	74813	1	FALSE	NA	NA	NA	NA	NA	NA
NC_045512.2	13073	T	C	74807	48784	37	3	1	40	4.01e-05	74813	0.945314	FALSE	NA	NA	NA	NA	NA	NA
NC_045512.2	13073	T	A	74807	48784	37	2	2	30	2.67333e-05	74813	1	FALSE	NA	NA	NA	NA	NA	NA
NC_045512.2	13074	G	T	75385	49121	37	3	2	56	3.97925e-05	75391	0.124993	FALSE	NA	NA	NA	NA	NA	NA
NC_045512.2	13074	G	A	75385	49121	37	3	2	34	3.97925e-05	75391	1	FALSE	NA	NA	NA	NA	NA	NA
NC_045512.2	13074	G	+T	75385	49121	37	1	0	20	1.32642e-05	75391	1	FALSE	NA	NA	NA	NA	NA	NA
NC_045512.2	13075	T	C	75132	48992	37	7	5	32	9.3157e-05	75142	1	FALSE	NA	NA	NA	NA	NA	NA
NC_045512.2	13075	T	A	75132	48992	37	3	2	31	3.99244e-05	75142	1	FALSE	NA	NA	NA	NA	NA	NA
NC_045512.2	13076	G	T	75181	48951	38	4	1	34	5.31922e-05	75199	1	FALSE	NA	NA	NA	NA	NA	NA
NC_045512.2	13076	G	C	75181	48951	38	3	3	34	3.98941e-05	75199	1	FALSE	NA	NA	NA	NA	NA	NA
NC_045512.2	13076	G	A	75181	48951	38	11	9	36	0.000146279	75199	1	FALSE	NA	NA	NA	NA	NA	NA
NC_045512.2	13077	C	T	89153	67829	38	2	1	51	2.24321e-05	89158	0.249993	FALSE	NA	NA	NA	NA	NA	NA
NC_045512.2	13077	C	A	89153	67829	38	3	3	34	3.36481e-05	89158	1	FALSE	NA	NA	NA	NA	NA	NA
NC_045512.2	13077	C	-T	89153	67829	38	9	0	20	0.000100944	89158	1	FALSE	NA	NA	NA	NA	NA	NA
NC_045512.2	13078	T	G	88810	67507	38	4	4	32	4.50324e-05	88825	1	FALSE	NA	NA	NA	NA	NA	NA
NC_045512.2	13078	T	C	88810	67507	38	10	6	33	0.000112581	88825	1	FALSE	NA	NA	NA	NA	NA	NA
NC_045512.2	13078	T	A	88810	67507	38	1	0	34	1.12581e-05	88825	1	FALSE	NA	NA	NA	NA	NA	NA
NC_045512.2	13079	T	G	75117	53876	36	2	2	26	2.66223e-05	75125	1	FALSE	NA	NA	NA	NA	NA	NA
NC_045512.2	13079	T	C	75117	53876	36	6	5	34	7.98669e-05	75125	1	FALSE	NA	NA	NA	NA	NA	NA
NC_045512.2	13080	T	C	89698	68600	38	10	6	44	0.000111472	89709	0.40726	FALSE	NA	NA	NA	NA	NA	NA
NC_045512.2	13080	T	A	89698	68600	38	1	1	34	1.11472e-05	89709	1	FALSE	NA	NA	NA	NA	NA	NA
NC_045512.2	13081	T	G	92959	72203	38	1	0	27	1.07552e-05	92978	1	FALSE	NA	NA	NA	NA	NA	NA
NC_045512.2	13081	T	C	92959	72203	38	17	17	43	0.000182839	92978	0.0842996	FALSE	NA	NA	NA	NA	NA	NA
NC_045512.2	13081	T	A	92959	72203	38	1	0	34	1.07552e-05	92978	1	FALSE	NA	NA	NA	NA	NA	NA
NC_045512.2	13081	T	-G	92959	72203	38	1	0	20	1.07552e-05	92978	1	FALSE	NA	NA	NA	NA	NA	NA
NC_045512.2	13082	G	T	92977	72399	38	2	2	34	2.15086e-05	92986	1	FALSE	NA	NA	NA	NA	NA	NA
NC_045512.2	13082	G	C	92977	72399	38	5	4	34	5.37715e-05	92986	1	FALSE	NA	NA	NA	NA	NA	NA
NC_045512.2	13082	G	A	92977	72399	38	2	2	34	2.15086e-05	92986	1	FALSE	NA	NA	NA	NA	NA	NA
NC_045512.2	13083	C	T	90748	73589	37	11	5	34	0.000121199	90760	1	FALSE	NA	NA	NA	NA	NA	NA
NC_045512.2	13083	C	A	90748	73589	37	1	1	34	1.10181e-05	90760	1	FALSE	NA	NA	NA	NA	NA	NA
NC_045512.2	13083	C	+AGCT	90748	73589	37	1	0	20	1.10181e-05	90760	1	FALSE	NA	NA	NA	NA	NA	NA
NC_045512.2	13084	T	G	90390	73206	37	1	0	34	1.10618e-05	90401	1	FALSE	NA	NA	NA	NA	NA	NA
NC_045512.2	13084	T	C	90390	73206	37	7	4	32	7.74328e-05	90401	1	FALSE	NA	NA	NA	NA	NA	NA
NC_045512.2	13084	T	A	90390	73206	37	3	1	54	3.31855e-05	90401	0.124983	FALSE	NA	NA	NA	NA	NA	NA
NC_045512.2	13085	G	C	90684	73331	37	2	2	34	2.20514e-05	90697	1	FALSE	NA	NA	NA	NA	NA	NA
NC_045512.2	13085	G	A	90684	73331	37	11	11	34	0.000121283	90697	1	FALSE	NA	NA	NA	NA	NA	NA
NC_045512.2	13086	T	G	92679	75567	37	1	0	34	1.07893e-05	92684	1	FALSE	NA	NA	NA	NA	NA	NA
NC_045512.2	13086	T	C	92679	75567	37	4	3	34	4.31574e-05	92684	1	FALSE	NA	NA	NA	NA	NA	NA
NC_045512.2	13087	A	T	92454	75310	37	6	6	32	6.48817e-05	92476	1	FALSE	NA	NA	NA	NA	NA	NA
NC_045512.2	13087	A	G	92454	75310	37	12	10	34	0.000129763	92476	1	FALSE	NA	NA	NA	NA	NA	NA
NC_045512.2	13087	A	C	92454	75310	37	4	4	34	4.32545e-05	92476	1	FALSE	NA	NA	NA	NA	NA	NA
NC_045512.2	13087	A	+GAC	92454	75310	37	1	0	20	1.08136e-05	92476	1	FALSE	NA	NA	NA	NA	NA	NA
NC_045512.2	13088	G	C	92483	75304	37	2	1	34	2.16251e-05	92485	1	FALSE	NA	NA	NA	NA	NA	NA
NC_045512.2	13089	A	G	91880	75294	37	8	6	37	8.70616e-05	91889	1	FALSE	NA	NA	NA	NA	NA	NA
NC_045512.2	13089	A	C	91880	75294	37	1	1	34	1.08827e-05	91889	1	FALSE	NA	NA	NA	NA	NA	NA
NC_045512.2	13090	T	G	91126	76042	37	1	0	34	1.09726e-05	91136	1	FALSE	NA	NA	NA	NA	NA	NA
NC_045512.2	13090	T	C	91126	76042	37	6	4	34	6.58357e-05	91136	1	FALSE	NA	NA	NA	NA	NA	NA
NC_045512.2	13090	T	A	91126	76042	37	3	2	34	3.29178e-05	91136	1	FALSE	NA	NA	NA	NA	NA	NA
NC_045512.2	13091	G	C	89697	74627	37	7	7	30	7.80301e-05	89709	1	FALSE	NA	NA	NA	NA	NA	NA
NC_045512.2	13091	G	A	89697	74627	37	5	5	61	5.57358e-05	89709	0.031243	FALSE	NA	NA	NA	NA	NA	NA
NC_045512.2	13092	C	T	95822	81557	37	17	13	40	0.000177373	95843	0.0842919	FALSE	NA	NA	NA	NA	NA	NA
NC_045512.2	13092	C	G	95822	81557	37	1	1	34	1.04337e-05	95843	1	FALSE	NA	NA	NA	NA	NA	NA
NC_045512.2	13092	C	A	95822	81557	37	3	3	34	3.13012e-05	95843	1	FALSE	NA	NA	NA	NA	NA	NA
NC_045512.2	13093	T	C	97105	82886	37	12	8	48	0.000123561	97118	0.331803	FALSE	NA	NA	NA	NA	NA	NA
NC_045512.2	13093	T	A	97105	82886	37	1	0	34	1.02968e-05	97118	1	FALSE	NA	NA	NA	NA	NA	NA
NC_045512.2	13093	T	-G	97105	82886	37	1	0	20	1.02968e-05	97118	1	FALSE	NA	NA	NA	NA	NA	NA
NC_045512.2	13094	G	T	97496	82980	37	4	2	32	4.10198e-05	97514	1	FALSE	NA	NA	NA	NA	NA	NA
NC_045512.2	13094	G	A	97496	82980	37	14	13	34	0.000143569	97514	1	FALSE	NA	NA	NA	NA	NA	NA
NC_045512.2	13095	C	T	97904	83604	37	1	0	26	1.02134e-05	97911	1	FALSE	NA	NA	NA	NA	NA	NA
NC_045512.2	13095	C	G	97904	83604	37	3	1	54	3.06401e-05	97911	0.124992	FALSE	NA	NA	NA	NA	NA	NA
NC_045512.2	13095	C	A	97904	83604	37	3	2	34	3.06401e-05	97911	1	FALSE	NA	NA	NA	NA	NA	NA
NC_045512.2	13096	T	C	97529	83224	37	3	3	34	3.07563e-05	97541	1	FALSE	NA	NA	NA	NA	NA	NA
NC_045512.2	13096	T	A	97529	83224	37	9	9	34	9.22689e-05	97541	1	FALSE	NA	NA	NA	NA	NA	NA
NC_045512.2	13096	T	-A	97529	83224	37	3	0	20	3.07563e-05	97541	1	FALSE	NA	NA	NA	NA	NA	NA
NC_045512.2	13097	A	T	97682	83426	37	1	1	26	1.02338e-05	97715	1	FALSE	NA	NA	NA	NA	NA	NA
NC_045512.2	13097	A	G	97682	83426	37	14	7	35	0.000143274	97715	1	FALSE	NA	NA	NA	NA	NA	NA
NC_045512.2	13097	A	C	97682	83426	37	18	18	30	0.000184209	97715	1	FALSE	NA	NA	NA	NA	NA	NA
NC_045512.2	13098	A	G	97630	83384	37	6	6	32	6.14515e-05	97638	1	FALSE	NA	NA	NA	NA	NA	NA
NC_045512.2	13098	A	C	97630	83384	37	2	1	68	2.04838e-05	97638	0.249986	FALSE	NA	NA	NA	NA	NA	NA
NC_045512.2	13099	A	G	97997	83546	37	11	10	34	0.000112229	98014	1	FALSE	NA	NA	NA	NA	NA	NA
NC_045512.2	13099	A	C	97997	83546	37	6	6	30	6.12157e-05	98014	1	FALSE	NA	NA	NA	NA	NA	NA
NC_045512.2	13100	G	T	98143	83651	37	3	3	31	3.05655e-05	98150	1	FALSE	NA	NA	NA	NA	NA	NA
NC_045512.2	13100	G	C	98143	83651	37	1	1	46	1.01885e-05	98150	0.999023	FALSE	NA	NA	NA	NA	NA	NA
NC_045512.2	13100	G	A	98143	83651	37	3	3	34	3.05655e-05	98150	1	FALSE	NA	NA	NA	NA	NA	NA
NC_045512.2	13101	C	T	102078	88149	37	2	2	30	1.95919e-05	102083	1	FALSE	NA	NA	NA	NA	NA	NA
NC_045512.2	13101	C	G	102078	88149	37	1	0	26	9.79595e-06	102083	1	FALSE	NA	NA	NA	NA	NA	NA
NC_045512.2	13101	C	A	102078	88149	37	2	2	34	1.95919e-05	102083	1	FALSE	NA	NA	NA	NA	NA	NA
NC_045512.2	13101	C	-T	102078	88149	37	3	0	20	2.93879e-05	102083	1	FALSE	NA	NA	NA	NA	NA	NA
NC_045512.2	13102	T	G	101024	87101	37	2	1	34	1.97941e-05	101040	1	FALSE	NA	NA	NA	NA	NA	NA
NC_045512.2	13102	T	C	101024	87101	37	14	11	37	0.000138559	101040	1	FALSE	NA	NA	NA	NA	NA	NA
NC_045512.2	13103	T	C	100559	86631	37	12	12	32	0.000119318	100572	1	FALSE	NA	NA	NA	NA	NA	NA
NC_045512.2	13103	T	A	100559	86631	37	1	1	34	9.94313e-06	100572	1	FALSE	NA	NA	NA	NA	NA	NA
NC_045512.2	13104	A	T	100163	86441	37	3	3	38	2.99467e-05	100178	1	FALSE	NA	NA	NA	NA	NA	NA
NC_045512.2	13104	A	G	100163	86441	37	12	9	34	0.000119787	100178	1	FALSE	NA	NA	NA	NA	NA	NA
NC_045512.2	13105	C	T	100745	87230	37	12	10	42	0.000119097	100758	0.415901	FALSE	NA	NA	NA	NA	NA	NA
NC_045512.2	13105	C	A	100745	87230	37	1	1	68	9.92477e-06	100758	0.499973	FALSE	NA	NA	NA	NA	NA	NA
NC_045512.2	13105	C	-A	100745	87230	37	1	0	20	9.92477e-06	100758	1	FALSE	NA	NA	NA	NA	NA	NA
NC_045512.2	13106	A	G	100549	87031	37	4	3	51	3.978e-05	100553	0.187497	FALSE	NA	NA	NA	NA	NA	NA
NC_045512.2	13107	A	G	101269	87826	37	5	4	47	4.93696e-05	101277	0.940768	FALSE	NA	NA	NA	NA	NA	NA
NC_045512.2	13107	A	C	101269	87826	37	3	3	29	2.96217e-05	101277	1	FALSE	NA	NA	NA	NA	NA	NA
NC_045512.2	13108	A	G	100489	87614	37	6	1	32	5.97039e-05	100496	1	FALSE	NA	NA	NA	NA	NA	NA
NC_045512.2	13108	A	C	100489	87614	37	1	0	34	9.95064e-06	100496	1	FALSE	NA	NA	NA	NA	NA	NA
NC_045512.2	13109	G	A	100770	87652	37	1	1	34	9.92349e-06	100771	1	FALSE	NA	NA	NA	NA	NA	NA
NC_045512.2	13110	A	T	100202	87374	37	3	2	30	2.99362e-05	100213	1	FALSE	NA	NA	NA	NA	NA	NA
NC_045512.2	13110	A	G	100202	87374	37	6	6	38	5.98725e-05	100213	1	FALSE	NA	NA	NA	NA	NA	NA
NC_045512.2	13110	A	C	100202	87374	37	2	2	30	1.99575e-05	100213	1	FALSE	NA	NA	NA	NA	NA	NA
NC_045512.2	13110	A	-T	100202	87374	37	1	0	20	9.97875e-06	100213	1	FALSE	NA	NA	NA	NA	NA	NA
NC_045512.2	13111	T	C	100687	87671	37	2	1	40	1.98629e-05	100690	0.996827	FALSE	NA	NA	NA	NA	NA	NA
NC_045512.2	13111	T	A	100687	87671	37	1	0	34	9.93147e-06	100690	1	FALSE	NA	NA	NA	NA	NA	NA
NC_045512.2	13112	T	C	105842	93928	36	24	23	37	0.000226702	105866	1	FALSE	NA	NA	NA	NA	NA	NA
NC_045512.2	13113	A	G	107993	96599	37	3	2	45	2.77788e-05	107996	0.988772	FALSE	NA	NA	NA	NA	NA	NA
NC_045512.2	13114	T	G	105499	94279	36	2	1	30	1.8955e-05	105513	1	FALSE	NA	NA	NA	NA	NA	NA
NC_045512.2	13114	T	C	105499	94279	36	9	8	36	8.52975e-05	105513	1	FALSE	NA	NA	NA	NA	NA	NA
NC_045512.2	13114	T	A	105499	94279	36	3	3	31	2.84325e-05	105513	1	FALSE	NA	NA	NA	NA	NA	NA
NC_045512.2	13115	C	T	108638	98596	37	6	5	34	5.52247e-05	108647	1	FALSE	NA	NA	NA	NA	NA	NA
NC_045512.2	13115	C	G	108638	98596	37	1	1	34	9.20412e-06	108647	1	FALSE	NA	NA	NA	NA	NA	NA
NC_045512.2	13115	C	A	108638	98596	37	2	2	34	1.84082e-05	108647	1	FALSE	NA	NA	NA	NA	NA	NA
NC_045512.2	13116	T	G	108945	98933	37	1	1	26	9.17802e-06	108956	1	FALSE	NA	NA	NA	NA	NA	NA
NC_045512.2	13116	T	C	108945	98933	37	9	8	33	8.26022e-05	108956	1	FALSE	NA	NA	NA	NA	NA	NA
NC_045512.2	13116	T	A	108945	98933	37	1	0	24	9.17802e-06	108956	1	FALSE	NA	NA	NA	NA	NA	NA
NC_045512.2	13117	A	T	108162	98010	37	7	7	34	6.47064e-05	108181	1	FALSE	NA	NA	NA	NA	NA	NA
NC_045512.2	13117	A	G	108162	98010	37	12	11	36	0.000110925	108181	1	FALSE	NA	NA	NA	NA	NA	NA
NC_045512.2	13118	G	A	107718	98268	36	6	5	32	5.56979e-05	107724	1	FALSE	NA	NA	NA	NA	NA	NA
NC_045512.2	13119	C	A	107845	99419	36	5	5	34	4.63607e-05	107850	1	FALSE	NA	NA	NA	NA	NA	NA
NC_045512.2	13120	T	C	107534	99100	36	11	11	31	0.000102282	107546	1	FALSE	NA	NA	NA	NA	NA	NA
NC_045512.2	13120	T	A	107534	99100	36	1	1	34	9.29835e-06	107546	1	FALSE	NA	NA	NA	NA	NA	NA
NC_045512.2	13121	A	T	107426	98995	36	3	3	34	2.79233e-05	107437	1	FALSE	NA	NA	NA	NA	NA	NA
NC_045512.2	13121	A	G	107426	98995	36	4	3	31	3.72311e-05	107437	1	FALSE	NA	NA	NA	NA	NA	NA
NC_045512.2	13121	A	C	107426	98995	36	4	4	32	3.72311e-05	107437	1	FALSE	NA	NA	NA	NA	NA	NA
NC_045512.2	13122	G	C	107598	99181	36	2	2	30	1.85874e-05	107600	1	FALSE	NA	NA	NA	NA	NA	NA
NC_045512.2	13123	T	C	109705	101485	36	4	4	29	3.64601e-05	109709	1	FALSE	NA	NA	NA	NA	NA	NA
NC_045512.2	13123	T	-G	109705	101485	36	6	0	20	5.46901e-05	109709	1	FALSE	NA	NA	NA	NA	NA	NA
NC_045512.2	13123	T	+G	109705	101485	36	4	0	20	3.64601e-05	109709	1	FALSE	NA	NA	NA	NA	NA	NA
NC_045512.2	13124	G	T	110695	102471	36	3	3	31	2.71003e-05	110700	1	FALSE	NA	NA	NA	NA	NA	NA
NC_045512.2	13124	G	A	110695	102471	36	2	2	34	1.80668e-05	110700	1	FALSE	NA	NA	NA	NA	NA	NA
NC_045512.2	13125	G	T	110608	102554	36	5	5	32	4.5199e-05	110622	1	FALSE	NA	NA	NA	NA	NA	NA
NC_045512.2	13125	G	C	110608	102554	36	1	1	34	9.03979e-06	110622	1	FALSE	NA	NA	NA	NA	NA	NA
NC_045512.2	13125	G	A	110608	102554	36	8	8	34	7.23183e-05	110622	1	FALSE	NA	NA	NA	NA	NA	NA
NC_045512.2	13126	G	T	109982	102134	36	4	4	34	3.6366e-05	109993	1	FALSE	NA	NA	NA	NA	NA	NA
NC_045512.2	13126	G	C	109982	102134	36	3	3	34	2.72745e-05	109993	1	FALSE	NA	NA	NA	NA	NA	NA
NC_045512.2	13126	G	A	109982	102134	36	4	4	32	3.6366e-05	109993	1	FALSE	NA	NA	NA	NA	NA	NA
NC_045512.2	13127	G	C	109153	101437	36	3	3	34	2.74836e-05	109156	1	FALSE	NA	NA	NA	NA	NA	NA
NC_045512.2	13128	G	T	109378	101739	36	3	3	34	2.74248e-05	109390	1	FALSE	NA	NA	NA	NA	NA	NA
NC_045512.2	13128	G	C	109378	101739	36	4	4	32	3.65664e-05	109390	1	FALSE	NA	NA	NA	NA	NA	NA
NC_045512.2	13128	G	A	109378	101739	36	5	4	39	4.5708e-05	109390	1	FALSE	NA	NA	NA	NA	NA	NA
NC_045512.2	13129	A	T	108501	101151	36	10	10	34	9.21167e-05	108558	1	FALSE	NA	NA	NA	NA	NA	NA
NC_045512.2	13129	A	G	108501	101151	36	45	44	35	0.000414525	108558	1	FALSE	NA	NA	NA	NA	NA	NA
NC_045512.2	13129	A	C	108501	101151	36	2	2	34	1.84233e-05	108558	1	FALSE	NA	NA	NA	NA	NA	NA
NC_045512.2	13130	C	T	110371	103211	36	10	7	51	9.05937e-05	110383	0.00585816	TRUE	NA	NA	NA	NA	NA	NA
NC_045512.2	13130	C	G	110371	103211	36	1	1	34	9.05937e-06	110383	1	FALSE	NA	NA	NA	NA	NA	NA
NC_045512.2	13130	C	A	110371	103211	36	1	0	27	9.05937e-06	110383	1	FALSE	NA	NA	NA	NA	NA	NA
NC_045512.2	13131	A	T	113627	106755	36	3	3	30	2.63971e-05	113649	1	FALSE	NA	NA	NA	NA	NA	NA
NC_045512.2	13131	A	G	113627	106755	36	18	18	33	0.000158382	113649	1	FALSE	NA	NA	NA	NA	NA	NA
NC_045512.2	13131	A	C	113627	106755	36	1	1	34	8.79902e-06	113649	1	FALSE	NA	NA	NA	NA	NA	NA
NC_045512.2	13132	A	G	114300	107450	36	9	8	37	7.8734e-05	114309	1	FALSE	NA	NA	NA	NA	NA	NA
NC_045512.2	13133	C	T	123082	116924	36	8	8	32	6.4992e-05	123092	1	FALSE	NA	NA	NA	NA	NA	NA
NC_045512.2	13133	C	G	123082	116924	36	2	2	30	1.6248e-05	123092	1	FALSE	NA	NA	NA	NA	NA	NA
NC_045512.2	13134	C	T	121813	115689	36	4	4	34	3.2831e-05	121836	1	FALSE	NA	NA	NA	NA	NA	NA
NC_045512.2	13134	C	G	121813	115689	36	14	14	34	0.000114909	121836	1	FALSE	NA	NA	NA	NA	NA	NA
NC_045512.2	13134	C	A	121813	115689	36	5	5	34	4.10388e-05	121836	1	FALSE	NA	NA	NA	NA	NA	NA
NC_045512.2	13135	A	T	121271	115151	36	3	3	31	2.47313e-05	121304	1	FALSE	NA	NA	NA	NA	NA	NA
NC_045512.2	13135	A	G	121271	115151	36	28	28	34	0.000230825	121304	1	FALSE	NA	NA	NA	NA	NA	NA
NC_045512.2	13135	A	C	121271	115151	36	2	2	34	1.64875e-05	121304	1	FALSE	NA	NA	NA	NA	NA	NA
NC_045512.2	13136	A	T	121175	115691	36	1	1	34	8.25178e-06	121186	1	FALSE	NA	NA	NA	NA	NA	NA
NC_045512.2	13136	A	G	121175	115691	36	8	8	34	6.60142e-05	121186	1	FALSE	NA	NA	NA	NA	NA	NA
NC_045512.2	13136	A	C	121175	115691	36	2	0	24	1.65036e-05	121186	1	FALSE	NA	NA	NA	NA	NA	NA
NC_045512.2	13137	T	C	120515	115006	36	9	9	35	7.46739e-05	120524	1	FALSE	NA	NA	NA	NA	NA	NA
NC_045512.2	13138	C	T	121176	115871	36	5	5	34	4.12596e-05	121184	1	FALSE	NA	NA	NA	NA	NA	NA
NC_045512.2	13138	C	A	121176	115871	36	3	3	34	2.47557e-05	121184	1	FALSE	NA	NA	NA	NA	NA	NA
NC_045512.2	13139	A	G	120633	115333	36	8	8	33	6.63124e-05	120641	1	FALSE	NA	NA	NA	NA	NA	NA
NC_045512.2	13140	C	G	120585	115370	35	1	1	34	8.29284e-06	120586	1	FALSE	NA	NA	NA	NA	NA	NA
NC_045512.2	13140	C	-T	120585	115370	35	1	0	20	8.29284e-06	120586	1	FALSE	NA	NA	NA	NA	NA	NA
NC_045512.2	13141	T	G	118433	113240	35	1	1	34	8.44288e-06	118443	1	FALSE	NA	NA	NA	NA	NA	NA
NC_045512.2	13141	T	C	118433	113240	35	7	7	37	5.91002e-05	118443	1	FALSE	NA	NA	NA	NA	NA	NA
NC_045512.2	13141	T	A	118433	113240	35	2	2	34	1.68858e-05	118443	1	FALSE	NA	NA	NA	NA	NA	NA
NC_045512.2	13142	A	T	117853	112656	35	1	1	34	8.48421e-06	117866	1	FALSE	NA	NA	NA	NA	NA	NA
NC_045512.2	13142	A	G	117853	112656	35	12	12	33	0.000101811	117866	1	FALSE	NA	NA	NA	NA	NA	NA
NC_045512.2	13143	A	T	118260	113090	35	2	2	30	1.69109e-05	118267	1	FALSE	NA	NA	NA	NA	NA	NA
NC_045512.2	13143	A	C	118260	113090	35	5	5	30	4.22772e-05	118267	1	FALSE	NA	NA	NA	NA	NA	NA
NC_045512.2	13144	T	C	118621	113606	35	8	7	33	6.74371e-05	118629	1	FALSE	NA	NA	NA	NA	NA	NA
NC_045512.2	13145	T	C	118052	113059	35	8	6	38	6.7761e-05	118062	1	FALSE	NA	NA	NA	NA	NA	NA
NC_045512.2	13145	T	A	118052	113059	35	2	2	30	1.69403e-05	118062	1	FALSE	NA	NA	NA	NA	NA	NA
NC_045512.2	13146	G	C	117969	112965	35	2	2	30	1.69529e-05	117974	1	FALSE	NA	NA	NA	NA	NA	NA
NC_045512.2	13146	G	A	117969	112965	35	3	3	34	2.54293e-05	117974	1	FALSE	NA	NA	NA	NA	NA	NA
NC_045512.2	13147	T	C	115784	110799	35	9	9	34	7.77249e-05	115793	1	FALSE	NA	NA	NA	NA	NA	NA
NC_045512.2	13147	T	-G	115784	110799	35	1	0	20	8.6361e-06	115793	1	FALSE	NA	NA	NA	NA	NA	NA
NC_045512.2	13148	G	T	115919	110939	35	2	2	34	1.72524e-05	115926	1	FALSE	NA	NA	NA	NA	NA	NA
NC_045512.2	13148	G	A	115919	110939	35	5	4	34	4.3131e-05	115926	1	FALSE	NA	NA	NA	NA	NA	NA
NC_045512.2	13149	T	C	114528	109629	35	3	3	34	2.61929e-05	114535	1	FALSE	NA	NA	NA	NA	NA	NA
NC_045512.2	13149	T	A	114528	109629	35	4	4	32	3.49238e-05	114535	1	FALSE	NA	NA	NA	NA	NA	NA
NC_045512.2	13150	T	C	115579	110703	35	5	5	40	4.32586e-05	115584	0.9616	FALSE	NA	NA	NA	NA	NA	NA
NC_045512.2	13151	A	T	114396	109524	35	5	4	37	4.36987e-05	114420	1	FALSE	NA	NA	NA	NA	NA	NA
NC_045512.2	13151	A	G	114396	109524	35	13	11	36	0.000113617	114420	1	FALSE	NA	NA	NA	NA	NA	NA
NC_045512.2	13151	A	C	114396	109524	35	6	6	31	5.24384e-05	114420	1	FALSE	NA	NA	NA	NA	NA	NA
NC_045512.2	13152	A	T	115343	110668	35	1	1	34	8.66882e-06	115356	1	FALSE	NA	NA	NA	NA	NA	NA
NC_045512.2	13152	A	G	115343	110668	35	9	9	34	7.80193e-05	115356	1	FALSE	NA	NA	NA	NA	NA	NA
NC_045512.2	13152	A	C	115343	110668	35	3	3	28	2.60064e-05	115356	1	FALSE	NA	NA	NA	NA	NA	NA
NC_045512.2	13153	G	C	140216	111030	35	1	1	26	7.1315e-06	140223	1	FALSE	NA	NA	NA	NA	NA	NA
NC_045512.2	13153	G	A	140216	111030	35	6	6	34	4.2789e-05	140223	1	FALSE	NA	NA	NA	NA	NA	NA
NC_045512.2	13154	A	G	138467	111271	34	17	14	35	0.000122753	138489	1	FALSE	NA	NA	NA	NA	NA	NA
NC_045512.2	13154	A	C	138467	111271	34	5	4	30	3.6104e-05	138489	1	FALSE	NA	NA	NA	NA	NA	NA
NC_045512.2	13155	T	C	137553	108208	35	2	2	34	1.45396e-05	137555	1	FALSE	NA	NA	NA	NA	NA	NA
NC_045512.2	13156	G	T	141316	108613	35	4	0	40	2.83018e-05	141334	0.99623	FALSE	NA	NA	NA	NA	NA	NA
NC_045512.2	13156	G	C	141316	108613	35	4	4	32	2.83018e-05	141334	1	FALSE	NA	NA	NA	NA	NA	NA
NC_045512.2	13156	G	A	141316	108613	35	10	6	34	7.07544e-05	141334	1	FALSE	NA	NA	NA	NA	NA	NA
NC_045512.2	13157	T	G	139907	107366	35	3	2	34	2.14376e-05	139941	1	FALSE	NA	NA	NA	NA	NA	NA
NC_045512.2	13157	T	C	139907	107366	35	28	12	34	0.000200084	139941	1	FALSE	NA	NA	NA	NA	NA	NA
NC_045512.2	13157	T	A	139907	107366	35	3	2	30	2.14376e-05	139941	1	FALSE	NA	NA	NA	NA	NA	NA
NC_045512.2	13158	T	G	143328	106898	35	1	0	34	6.97525e-06	143364	1	FALSE	NA	NA	NA	NA	NA	NA
NC_045512.2	13158	T	C	143328	106898	35	31	23	36	0.000216233	143364	1	FALSE	NA	NA	NA	NA	NA	NA
NC_045512.2	13158	T	A	143328	106898	35	4	3	42	2.7901e-05	143364	0.996227	FALSE	NA	NA	NA	NA	NA	NA
NC_045512.2	13158	T	-G	143328	106898	35	1	0	20	6.97525e-06	143364	1	FALSE	NA	NA	NA	NA	NA	NA
NC_045512.2	13159	G	T	149891	107776	35	6	2	34	4.00256e-05	149904	1	FALSE	NA	NA	NA	NA	NA	NA
NC_045512.2	13159	G	C	149891	107776	35	1	1	34	6.67094e-06	149904	1	FALSE	NA	NA	NA	NA	NA	NA
NC_045512.2	13159	G	A	149891	107776	35	6	4	34	4.00256e-05	149904	1	FALSE	NA	NA	NA	NA	NA	NA
NC_045512.2	13160	T	C	148660	106645	35	17	14	37	0.000114335	148686	1	FALSE	NA	NA	NA	NA	NA	NA
NC_045512.2	13160	T	A	148660	106645	35	9	1	32	6.05302e-05	148686	1	FALSE	NA	NA	NA	NA	NA	NA
NC_045512.2	13161	G	T	153392	106982	35	4	4	32	2.60741e-05	153409	1	FALSE	NA	NA	NA	NA	NA	NA
NC_045512.2	13161	G	C	153392	106982	35	1	1	26	6.51852e-06	153409	1	FALSE	NA	NA	NA	NA	NA	NA
NC_045512.2	13161	G	A	153392	106982	35	12	9	39	7.82223e-05	153409	1	FALSE	NA	NA	NA	NA	NA	NA
NC_045512.2	13162	T	C	152558	107306	34	13	13	33	8.52057e-05	152572	1	FALSE	NA	NA	NA	NA	NA	NA
NC_045512.2	13162	T	A	152558	107306	34	1	1	34	6.55428e-06	152572	1	FALSE	NA	NA	NA	NA	NA	NA
NC_045512.2	13162	T	-AC	152558	107306	34	2	0	20	1.31086e-05	152572	1	FALSE	NA	NA	NA	NA	NA	NA
NC_045512.2	13162	T	+AC	152558	107306	34	3	0	20	1.96628e-05	152572	1	FALSE	NA	NA	NA	NA	NA	NA
NC_045512.2	13163	A	T	152365	107222	34	2	2	34	1.31249e-05	152382	1	FALSE	NA	NA	NA	NA	NA	NA
NC_045512.2	13163	A	G	152365	107222	34	13	5	34	8.53119e-05	152382	1	FALSE	NA	NA	NA	NA	NA	NA
NC_045512.2	13163	A	C	152365	107222	34	2	1	34	1.31249e-05	152382	1	FALSE	NA	NA	NA	NA	NA	NA
NC_045512.2	13164	C	T	152950	107317	34	13	11	32	8.49829e-05	152972	1	FALSE	NA	NA	NA	NA	NA	NA
NC_045512.2	13164	C	G	152950	107317	34	5	0	34	3.26857e-05	152972	1	FALSE	NA	NA	NA	NA	NA	NA
NC_045512.2	13164	C	A	152950	107317	34	4	1	42	2.61486e-05	152972	0.997786	FALSE	NA	NA	NA	NA	NA	NA
NC_045512.2	13165	A	T	149804	104268	34	3	2	34	2.00248e-05	149814	1	FALSE	NA	NA	NA	NA	NA	NA
NC_045512.2	13165	A	G	149804	104268	34	6	5	39	4.00497e-05	149814	1	FALSE	NA	NA	NA	NA	NA	NA
NC_045512.2	13165	A	C	149804	104268	34	1	1	26	6.67494e-06	149814	1	FALSE	NA	NA	NA	NA	NA	NA
NC_045512.2	13166	C	T	150668	104594	34	8	4	32	5.30934e-05	150678	1	FALSE	NA	NA	NA	NA	NA	NA
NC_045512.2	13166	C	A	150668	104594	34	2	2	34	1.32733e-05	150678	1	FALSE	NA	NA	NA	NA	NA	NA
NC_045512.2	13167	A	T	145560	99863	34	7	7	31	4.80812e-05	145587	1	FALSE	NA	NA	NA	NA	NA	NA
NC_045512.2	13167	A	G	145560	99863	34	14	10	33	9.61624e-05	145587	1	FALSE	NA	NA	NA	NA	NA	NA
NC_045512.2	13167	A	C	145560	99863	34	6	5	32	4.12125e-05	145587	1	FALSE	NA	NA	NA	NA	NA	NA
NC_045512.2	13167	A	+T	145560	99863	34	2	0	20	1.37375e-05	145587	1	FALSE	NA	NA	NA	NA	NA	NA
NC_045512.2	13167	A	+G	145560	99863	34	3	0	20	2.06062e-05	145587	1	FALSE	NA	NA	NA	NA	NA	NA
NC_045512.2	13168	C	T	160603	99867	34	1	1	34	6.22595e-06	160618	1	FALSE	NA	NA	NA	NA	NA	NA
NC_045512.2	13168	C	G	160603	99867	34	7	1	31	4.35817e-05	160618	1	FALSE	NA	NA	NA	NA	NA	NA
NC_045512.2	13168	C	A	160603	99867	34	7	2	32	4.35817e-05	160618	1	FALSE	NA	NA	NA	NA	NA	NA
NC_045512.2	13169	A	T	155570	94759	34	4	4	30	2.57086e-05	155590	1	FALSE	NA	NA	NA	NA	NA	NA
NC_045512.2	13169	A	G	155570	94759	34	12	8	32	7.71258e-05	155590	1	FALSE	NA	NA	NA	NA	NA	NA
NC_045512.2	13169	A	C	155570	94759	34	4	4	34	2.57086e-05	155590	1	FALSE	NA	NA	NA	NA	NA	NA
NC_045512.2	13170	C	T	157152	94632	34	4	3	34	2.54505e-05	157168	1	FALSE	NA	NA	NA	NA	NA	NA
NC_045512.2	13170	C	G	157152	94632	34	2	2	34	1.27252e-05	157168	1	FALSE	NA	NA	NA	NA	NA	NA
NC_045512.2	13170	C	A	157152	94632	34	10	7	33	6.36262e-05	157168	1	FALSE	NA	NA	NA	NA	NA	NA
NC_045512.2	13171	T	G	152644	90269	34	2	0	26	1.31004e-05	152667	1	FALSE	NA	NA	NA	NA	NA	NA
NC_045512.2	13171	T	C	152644	90269	34	17	8	34	0.000111353	152667	1	FALSE	NA	NA	NA	NA	NA	NA
NC_045512.2	13171	T	A	152644	90269	34	4	2	34	2.62008e-05	152667	1	FALSE	NA	NA	NA	NA	NA	NA
NC_045512.2	13172	G	T	154214	89979	34	1	1	34	6.48378e-06	154231	1	FALSE	NA	NA	NA	NA	NA	NA
NC_045512.2	13172	G	C	154214	89979	34	1	0	26	6.48378e-06	154231	1	FALSE	NA	NA	NA	NA	NA	NA
NC_045512.2	13172	G	A	154214	89979	34	15	6	33	9.72567e-05	154231	1	FALSE	NA	NA	NA	NA	NA	NA
NC_045512.2	13173	G	T	155985	89648	34	4	3	42	2.564e-05	156006	0.997787	FALSE	NA	NA	NA	NA	NA	NA
NC_045512.2	13173	G	C	155985	89648	34	6	6	34	3.84601e-05	156006	1	FALSE	NA	NA	NA	NA	NA	NA
NC_045512.2	13173	G	A	155985	89648	34	11	4	32	7.05101e-05	156006	1	FALSE	NA	NA	NA	NA	NA	NA
NC_045512.2	13174	T	C	155498	89261	34	66	52	34	0.000424255	155567	1	FALSE	NA	NA	NA	NA	NA	NA
NC_045512.2	13174	T	A	155498	89261	34	3	1	28	1.92843e-05	155567	1	FALSE	NA	NA	NA	NA	NA	NA
NC_045512.2	13175	A	T	155131	88838	34	6	4	31	3.86588e-05	155204	1	FALSE	NA	NA	NA	NA	NA	NA
NC_045512.2	13175	A	G	155131	88838	34	65	59	34	0.000418804	155204	1	FALSE	NA	NA	NA	NA	NA	NA
NC_045512.2	13175	A	C	155131	88838	34	2	1	26	1.28863e-05	155204	1	FALSE	NA	NA	NA	NA	NA	NA
NC_045512.2	13176	C	T	155127	89008	34	11	6	33	7.09042e-05	155139	1	FALSE	NA	NA	NA	NA	NA	NA
NC_045512.2	13176	C	G	155127	89008	34	1	1	34	6.44583e-06	155139	1	FALSE	NA	NA	NA	NA	NA	NA
NC_045512.2	13177	T	G	134957	68953	34	5	2	34	3.70423e-05	134981	1	FALSE	NA	NA	NA	NA	NA	NA
NC_045512.2	13177	T	C	134957	68953	34	14	10	34	0.000103718	134981	1	FALSE	NA	NA	NA	NA	NA	NA
NC_045512.2	13177	T	A	134957	68953	34	5	3	32	3.70423e-05	134981	1	FALSE	NA	NA	NA	NA	NA	NA
NC_045512.2	13177	T	-G	134957	68953	34	2	0	20	1.48169e-05	134981	1	FALSE	NA	NA	NA	NA	NA	NA
NC_045512.2	13177	T	+G	134957	68953	34	2	0	20	1.48169e-05	134981	1	FALSE	NA	NA	NA	NA	NA	NA
NC_045512.2	13178	G	T	136364	68761	34	3	0	31	2.1998e-05	136376	1	FALSE	NA	NA	NA	NA	NA	NA
NC_045512.2	13178	G	C	136364	68761	34	6	5	39	4.3996e-05	136376	1	FALSE	NA	NA	NA	NA	NA	NA
NC_045512.2	13178	G	A	136364	68761	34	3	0	34	2.1998e-05	136376	1	FALSE	NA	NA	NA	NA	NA	NA
NC_045512.2	13179	G	T	134724	67136	34	1	0	34	7.42242e-06	134727	1	FALSE	NA	NA	NA	NA	NA	NA
NC_045512.2	13179	G	A	134724	67136	34	2	0	34	1.48448e-05	134727	1	FALSE	NA	NA	NA	NA	NA	NA
NC_045512.2	13180	T	C	134130	66567	34	11	4	33	8.20027e-05	134142	1	FALSE	NA	NA	NA	NA	NA	NA
NC_045512.2	13180	T	A	134130	66567	34	1	0	34	7.45479e-06	134142	1	FALSE	NA	NA	NA	NA	NA	NA
NC_045512.2	13180	T	-C	134130	66567	34	3	0	20	2.23644e-05	134142	1	FALSE	NA	NA	NA	NA	NA	NA
NC_045512.2	13181	C	T	132204	64660	34	11	8	33	8.31922e-05	132224	1	FALSE	NA	NA	NA	NA	NA	NA
NC_045512.2	13181	C	G	132204	64660	34	2	0	30	1.51258e-05	132224	1	FALSE	NA	NA	NA	NA	NA	NA
NC_045512.2	13181	C	A	132204	64660	34	7	6	34	5.29405e-05	132224	1	FALSE	NA	NA	NA	NA	NA	NA
NC_045512.2	13181	C	-A	132204	64660	34	1	0	20	7.56275e-06	132227	1	FALSE	NA	NA	NA	NA	NA	NA
NC_045512.2	13182	A	T	128100	60635	34	4	2	34	3.1219e-05	128127	1	FALSE	NA	NA	NA	NA	NA	NA
NC_045512.2	13182	A	G	128100	60635	34	15	6	33	0.000117071	128127	1	FALSE	NA	NA	NA	NA	NA	NA
NC_045512.2	13182	A	C	128100	60635	34	8	4	34	6.2438e-05	128127	1	FALSE	NA	NA	NA	NA	NA	NA
NC_045512.2	13182	A	-G	128100	60635	34	1	0	20	7.8047e-06	128128	1	FALSE	NA	NA	NA	NA	NA	NA
NC_045512.2	13183	G	C	131641	60825	34	2	0	34	1.51919e-05	131649	1	FALSE	NA	NA	NA	NA	NA	NA
NC_045512.2	13183	G	A	131641	60825	34	6	0	34	4.55757e-05	131649	1	FALSE	NA	NA	NA	NA	NA	NA
NC_045512.2	13184	G	C	131602	60886	34	2	0	34	1.51925e-05	131644	1	FALSE	NA	NA	NA	NA	NA	NA
NC_045512.2	13184	G	A	131602	60886	34	40	15	35	0.00030385	131644	1	FALSE	NA	NA	NA	NA	NA	NA
NC_045512.2	13185	C	T	132402	61052	34	3	3	34	2.26566e-05	132412	1	FALSE	NA	NA	NA	NA	NA	NA
NC_045512.2	13185	C	A	132402	61052	34	7	1	34	5.28653e-05	132412	1	FALSE	NA	NA	NA	NA	NA	NA
NC_045512.2	13186	A	T	131942	60557	34	1	1	34	7.57794e-06	131962	1	FALSE	NA	NA	NA	NA	NA	NA
NC_045512.2	13186	A	G	131942	60557	34	19	8	34	0.000143981	131962	1	FALSE	NA	NA	NA	NA	NA	NA
NC_045512.2	13187	A	G	130064	58458	34	10	5	34	7.68793e-05	130074	1	FALSE	NA	NA	NA	NA	NA	NA
NC_045512.2	13188	T	G	129649	58294	34	1	0	34	7.7123e-06	129663	1	FALSE	NA	NA	NA	NA	NA	NA
NC_045512.2	13188	T	C	129649	58294	34	8	6	34	6.16984e-05	129663	1	FALSE	NA	NA	NA	NA	NA	NA
NC_045512.2	13188	T	A	129649	58294	34	5	2	27	3.85615e-05	129663	1	FALSE	NA	NA	NA	NA	NA	NA
NC_045512.2	13188	T	-A	129649	58294	34	1	0	20	7.7123e-06	129663	1	FALSE	NA	NA	NA	NA	NA	NA
NC_045512.2	13189	A	T	129081	58378	34	1	1	34	7.74575e-06	129103	1	FALSE	NA	NA	NA	NA	NA	NA
NC_045512.2	13189	A	G	129081	58378	34	16	11	33	0.000123932	129103	1	FALSE	NA	NA	NA	NA	NA	NA
NC_045512.2	13189	A	C	129081	58378	34	5	5	29	3.87288e-05	129103	1	FALSE	NA	NA	NA	NA	NA	NA
NC_045512.2	13190	A	T	129761	58203	34	2	2	34	1.54107e-05	129780	1	FALSE	NA	NA	NA	NA	NA	NA
NC_045512.2	13190	A	G	129761	58203	34	14	5	33	0.000107875	129780	1	FALSE	NA	NA	NA	NA	NA	NA
NC_045512.2	13190	A	C	129761	58203	34	3	3	28	2.3116e-05	129780	1	FALSE	NA	NA	NA	NA	NA	NA
NC_045512.2	13191	C	T	132813	58358	34	7	3	34	5.27005e-05	132826	1	FALSE	NA	NA	NA	NA	NA	NA
NC_045512.2	13191	C	A	132813	58358	34	6	3	34	4.51719e-05	132826	1	FALSE	NA	NA	NA	NA	NA	NA
NC_045512.2	13191	C	-AGTT	132813	58358	34	2	0	20	1.50573e-05	132826	1	FALSE	NA	NA	NA	NA	NA	NA
NC_045512.2	13192	A	T	125575	51156	34	1	1	34	7.96052e-06	125620	1	FALSE	NA	NA	NA	NA	NA	NA
NC_045512.2	13192	A	G	125575	51156	34	42	12	35	0.000334342	125620	1	FALSE	NA	NA	NA	NA	NA	NA
NC_045512.2	13192	A	C	125575	51156	34	2	2	34	1.5921e-05	125620	1	FALSE	NA	NA	NA	NA	NA	NA
NC_045512.2	13193	G	T	125975	51174	34	2	1	34	1.58748e-05	125986	1	FALSE	NA	NA	NA	NA	NA	NA
NC_045512.2	13193	G	A	125975	51174	34	9	5	34	7.14365e-05	125986	1	FALSE	NA	NA	NA	NA	NA	NA
NC_045512.2	13194	T	G	123650	49083	34	3	0	68	2.42585e-05	123668	0.124974	FALSE	NA	NA	NA	NA	NA	NA
NC_045512.2	13194	T	C	123650	49083	34	11	2	33	8.89478e-05	123668	1	FALSE	NA	NA	NA	NA	NA	NA
NC_045512.2	13194	T	A	123650	49083	34	4	0	32	3.23447e-05	123668	1	FALSE	NA	NA	NA	NA	NA	NA
NC_045512.2	13195	T	C	123561	49265	34	13	5	35	0.0001052	123574	1	FALSE	NA	NA	NA	NA	NA	NA
NC_045512.2	13196	A	T	123107	48737	34	2	0	30	1.62443e-05	123120	1	FALSE	NA	NA	NA	NA	NA	NA
NC_045512.2	13196	A	G	123107	48737	34	9	3	34	7.30994e-05	123120	1	FALSE	NA	NA	NA	NA	NA	NA
NC_045512.2	13196	A	C	123107	48737	34	2	2	34	1.62443e-05	123120	1	FALSE	NA	NA	NA	NA	NA	NA
NC_045512.2	13197	C	T	123631	48926	34	8	3	33	6.47029e-05	123642	1	FALSE	NA	NA	NA	NA	NA	NA
NC_045512.2	13197	C	A	123631	48926	34	3	2	31	2.42636e-05	123642	1	FALSE	NA	NA	NA	NA	NA	NA
NC_045512.2	13198	A	G	121805	48626	34	7	2	38	5.74656e-05	121812	1	FALSE	NA	NA	NA	NA	NA	NA
NC_045512.2	13198	A	-C	121805	48626	34	1	0	20	8.20937e-06	121812	1	FALSE	NA	NA	NA	NA	NA	NA
NC_045512.2	13199	C	T	123520	48668	34	9	1	34	7.28568e-05	123530	1	FALSE	NA	NA	NA	NA	NA	NA
NC_045512.2	13199	C	A	123520	48668	34	1	0	34	8.0952e-06	123530	1	FALSE	NA	NA	NA	NA	NA	NA
NC_045512.2	13200	C	T	118198	43545	34	8	3	34	6.76779e-05	118207	1	FALSE	NA	NA	NA	NA	NA	NA
NC_045512.2	13200	C	G	118198	43545	34	1	1	34	8.45974e-06	118207	1	FALSE	NA	NA	NA	NA	NA	NA
NC_045512.2	13201	G	C	117903	43285	34	1	1	34	8.48033e-06	117920	1	FALSE	NA	NA	NA	NA	NA	NA
NC_045512.2	13201	G	A	117903	43285	34	16	4	36	0.000135685	117920	1	FALSE	NA	NA	NA	NA	NA	NA
NC_045512.2	13202	G	C	117119	42508	34	2	1	34	1.70743e-05	117135	1	FALSE	NA	NA	NA	NA	NA	NA
NC_045512.2	13202	G	A	117119	42508	34	14	7	45	0.00011952	117135	0.345003	FALSE	NA	NA	NA	NA	NA	NA
NC_045512.2	13202	G	-A	117119	42508	34	1	0	20	8.53716e-06	117135	1	FALSE	NA	NA	NA	NA	NA	NA
NC_045512.2	13203	A	T	117234	42422	34	3	3	31	2.55868e-05	117248	1	FALSE	NA	NA	NA	NA	NA	NA
NC_045512.2	13203	A	G	117234	42422	34	10	6	34	8.52893e-05	117248	1	FALSE	NA	NA	NA	NA	NA	NA
NC_045512.2	13203	A	C	117234	42422	34	1	0	26	8.52893e-06	117248	1	FALSE	NA	NA	NA	NA	NA	NA
NC_045512.2	13204	A	G	119323	42442	34	12	6	31	0.000100556	119337	1	FALSE	NA	NA	NA	NA	NA	NA
NC_045512.2	13204	A	C	119323	42442	34	2	0	30	1.67593e-05	119337	1	FALSE	NA	NA	NA	NA	NA	NA
NC_045512.2	13205	G	A	119487	42326	34	1	1	34	8.36904e-06	119488	1	FALSE	NA	NA	NA	NA	NA	NA
NC_045512.2	13206	C	T	119133	41970	34	9	6	33	7.55395e-05	119143	1	FALSE	NA	NA	NA	NA	NA	NA
NC_045512.2	13206	C	G	119133	41970	34	1	0	34	8.39328e-06	119143	1	FALSE	NA	NA	NA	NA	NA	NA
NC_045512.2	13207	C	T	119143	41916	34	4	0	34	3.35714e-05	119149	1	FALSE	NA	NA	NA	NA	NA	NA
NC_045512.2	13207	C	G	119143	41916	34	1	1	34	8.39285e-06	119149	1	FALSE	NA	NA	NA	NA	NA	NA
NC_045512.2	13207	C	A	119143	41916	34	1	1	34	8.39285e-06	119149	1	FALSE	NA	NA	NA	NA	NA	NA
NC_045512.2	13208	A	T	117704	40799	34	1	1	26	8.49286e-06	117746	1	FALSE	NA	NA	NA	NA	NA	NA
NC_045512.2	13208	A	G	117704	40799	34	41	27	33	0.000348207	117746	1	FALSE	NA	NA	NA	NA	NA	NA
NC_045512.2	13209	A	T	117878	41025	34	1	1	34	8.48284e-06	117885	1	FALSE	NA	NA	NA	NA	NA	NA
NC_045512.2	13209	A	G	117878	41025	34	6	1	34	5.08971e-05	117885	1	FALSE	NA	NA	NA	NA	NA	NA
NC_045512.2	13210	T	C	117481	40385	34	7	2	30	5.9579e-05	117491	1	FALSE	NA	NA	NA	NA	NA	NA
NC_045512.2	13210	T	A	117481	40385	34	3	3	31	2.55339e-05	117491	1	FALSE	NA	NA	NA	NA	NA	NA
NC_045512.2	13211	A	T	117560	41113	34	2	1	34	1.70094e-05	117582	1	FALSE	NA	NA	NA	NA	NA	NA
NC_045512.2	13211	A	G	117560	41113	34	20	4	34	0.000170094	117582	1	FALSE	NA	NA	NA	NA	NA	NA
NC_045512.2	13212	T	G	117666	40877	35	2	0	30	1.69957e-05	117677	1	FALSE	NA	NA	NA	NA	NA	NA
NC_045512.2	13212	T	C	117666	40877	35	8	3	32	6.79827e-05	117677	1	FALSE	NA	NA	NA	NA	NA	NA
NC_045512.2	13212	T	A	117666	40877	35	1	1	34	8.49784e-06	117677	1	FALSE	NA	NA	NA	NA	NA	NA
NC_045512.2	13213	G	T	111253	32048	35	4	2	34	3.59502e-05	111265	1	FALSE	NA	NA	NA	NA	NA	NA
NC_045512.2	13213	G	C	111253	32048	35	1	1	26	8.98755e-06	111265	1	FALSE	NA	NA	NA	NA	NA	NA
NC_045512.2	13213	G	A	111253	32048	35	7	6	34	6.29129e-05	111265	1	FALSE	NA	NA	NA	NA	NA	NA
NC_045512.2	13214	G	T	111357	31271	35	2	1	34	1.7959e-05	111365	1	FALSE	NA	NA	NA	NA	NA	NA
NC_045512.2	13214	G	C	111357	31271	35	1	0	34	8.97948e-06	111365	1	FALSE	NA	NA	NA	NA	NA	NA
NC_045512.2	13214	G	A	111357	31271	35	5	0	34	4.48974e-05	111365	1	FALSE	NA	NA	NA	NA	NA	NA
NC_045512.2	13215	A	T	83210	3238	35	1	1	34	1.20163e-05	83220	1	FALSE	NA	NA	NA	NA	NA	NA
NC_045512.2	13215	A	G	83210	3238	35	8	0	34	9.61307e-05	83220	1	FALSE	NA	NA	NA	NA	NA	NA
NC_045512.2	13215	A	C	83210	3238	35	1	0	34	1.20163e-05	83220	1	FALSE	NA	NA	NA	NA	NA	NA
NC_045512.2	13216	T	C	83298	3448	35	5	0	32	6.00204e-05	83305	1	FALSE	NA	NA	NA	NA	NA	NA
NC_045512.2	13216	T	A	83298	3448	35	2	0	30	2.40082e-05	83305	1	FALSE	NA	NA	NA	NA	NA	NA
NC_045512.2	13216	T	-C	83298	3448	35	2	0	20	2.40082e-05	83305	1	FALSE	NA	NA	NA	NA	NA	NA
NC_045512.2	13217	C	T	71116	3216	35	12481	525	35	0.1493	83597	0	TRUE	NA	NA	NA	NA	NA	NA
NC_045512.2	13218	A	T	83658	3775	35	1	0	26	1.19513e-05	83673	1	FALSE	NA	NA	NA	NA	NA	NA
NC_045512.2	13218	A	G	83658	3775	35	10	2	34	0.000119513	83673	1	FALSE	NA	NA	NA	NA	NA	NA
NC_045512.2	13218	A	C	83658	3775	35	4	0	34	4.78051e-05	83673	1	FALSE	NA	NA	NA	NA	NA	NA
NC_045512.2	13219	A	T	83357	3784	35	2	0	34	2.39906e-05	83366	1	FALSE	NA	NA	NA	NA	NA	NA
NC_045512.2	13219	A	G	83357	3784	35	7	0	34	8.39671e-05	83366	1	FALSE	NA	NA	NA	NA	NA	NA
NC_045512.2	13219	A	-G	83357	3784	35	1	0	20	1.19953e-05	83366	1	FALSE	NA	NA	NA	NA	NA	NA
NC_045512.2	13221	A	G	82296	3928	35	6	1	32	7.29022e-05	82302	1	FALSE	NA	NA	NA	NA	NA	NA
NC_045512.2	13222	A	G	84074	4175	36	7	0	34	8.32531e-05	84081	1	FALSE	NA	NA	NA	NA	NA	NA
NC_045512.2	13223	T	G	84531	4195	36	3	0	34	3.54857e-05	84541	1	FALSE	NA	NA	NA	NA	NA	NA
NC_045512.2	13223	T	C	84531	4195	36	4	0	34	4.73143e-05	84541	1	FALSE	NA	NA	NA	NA	NA	NA
NC_045512.2	13223	T	A	84531	4195	36	3	3	34	3.54857e-05	84541	1	FALSE	NA	NA	NA	NA	NA	NA
NC_045512.2	13224	C	G	85016	4260	36	3	3	34	3.52862e-05	85019	1	FALSE	NA	NA	NA	NA	NA	NA
NC_045512.2	13225	C	T	85663	4269	36	2	0	34	2.33446e-05	85673	1	FALSE	NA	NA	NA	NA	NA	NA
NC_045512.2	13225	C	G	85663	4269	36	4	0	30	4.66892e-05	85673	1	FALSE	NA	NA	NA	NA	NA	NA
NC_045512.2	13225	C	A	85663	4269	36	4	0	32	4.66892e-05	85673	1	FALSE	NA	NA	NA	NA	NA	NA
NC_045512.2	13226	T	C	85468	4312	36	6	0	32	7.01968e-05	85474	1	FALSE	NA	NA	NA	NA	NA	NA
NC_045512.2	13227	T	G	85175	4306	36	2	0	30	2.34791e-05	85182	1	FALSE	NA	NA	NA	NA	NA	NA
NC_045512.2	13227	T	C	85175	4306	36	4	0	34	4.69583e-05	85182	1	FALSE	NA	NA	NA	NA	NA	NA
NC_045512.2	13227	T	A	85175	4306	36	1	0	34	1.17396e-05	85182	1	FALSE	NA	NA	NA	NA	NA	NA
NC_045512.2	13228	T	G	85716	4397	36	1	0	34	1.16648e-05	85728	1	FALSE	NA	NA	NA	NA	NA	NA
NC_045512.2	13228	T	C	85716	4397	36	9	0	36	0.000104983	85728	1	FALSE	NA	NA	NA	NA	NA	NA
NC_045512.2	13228	T	A	85716	4397	36	2	0	34	2.33296e-05	85728	1	FALSE	NA	NA	NA	NA	NA	NA
NC_045512.2	13229	G	T	85919	4398	36	3	0	34	3.4915e-05	85923	1	FALSE	NA	NA	NA	NA	NA	NA
NC_045512.2	13229	G	A	85919	4398	36	1	0	34	1.16383e-05	85923	1	FALSE	NA	NA	NA	NA	NA	NA
NC_045512.2	13230	G	A	86756	4671	36	3	0	28	3.45785e-05	86759	1	FALSE	NA	NA	NA	NA	NA	NA
NC_045512.2	13231	T	C	86754	5028	36	6	0	34	6.91563e-05	86760	1	FALSE	NA	NA	NA	NA	NA	NA
NC_045512.2	13232	G	T	87020	5014	36	2	0	34	2.29808e-05	87029	1	FALSE	NA	NA	NA	NA	NA	NA
NC_045512.2	13232	G	A	87020	5014	36	7	0	34	8.0433e-05	87029	1	FALSE	NA	NA	NA	NA	NA	NA
NC_045512.2	13233	G	T	81967	5287	36	2	1	68	2.43989e-05	81971	0.249995	FALSE	NA	NA	NA	NA	NA	NA
NC_045512.2	13233	G	A	81967	5287	36	2	0	34	2.43989e-05	81971	1	FALSE	NA	NA	NA	NA	NA	NA
NC_045512.2	13233	G	-T	81967	5287	36	3	0	20	3.65983e-05	81971	1	FALSE	NA	NA	NA	NA	NA	NA
NC_045512.2	13234	T	G	81645	5329	36	2	0	30	2.4493e-05	81656	1	FALSE	NA	NA	NA	NA	NA	NA
NC_045512.2	13234	T	C	81645	5329	36	7	0	32	8.57255e-05	81656	1	FALSE	NA	NA	NA	NA	NA	NA
NC_045512.2	13234	T	A	81645	5329	36	2	0	34	2.4493e-05	81656	1	FALSE	NA	NA	NA	NA	NA	NA
NC_045512.2	13235	G	C	82235	5341	36	3	0	34	3.6464e-05	82273	1	FALSE	NA	NA	NA	NA	NA	NA
NC_045512.2	13235	G	A	82235	5341	36	35	4	36	0.000425413	82273	0.999997	FALSE	NA	NA	NA	NA	NA	NA
NC_045512.2	13236	C	T	79862	5582	36	5	0	40	6.26009e-05	79871	0.806143	FALSE	NA	NA	NA	NA	NA	NA
NC_045512.2	13236	C	A	79862	5582	36	4	0	34	5.00808e-05	79871	1	FALSE	NA	NA	NA	NA	NA	NA
NC_045512.2	13237	A	G	81779	5606	36	9	1	36	0.000110041	81788	1	FALSE	NA	NA	NA	NA	NA	NA
NC_045512.2	13237	A	-TC	81779	5606	36	5	0	20	6.11337e-05	81788	1	FALSE	NA	NA	NA	NA	NA	NA
NC_045512.2	13238	T	G	82673	5640	36	9	0	30	0.000108847	82685	1	FALSE	NA	NA	NA	NA	NA	NA
NC_045512.2	13238	T	C	82673	5640	36	2	0	34	2.41882e-05	82685	1	FALSE	NA	NA	NA	NA	NA	NA
NC_045512.2	13238	T	A	82673	5640	36	1	0	34	1.20941e-05	82685	1	FALSE	NA	NA	NA	NA	NA	NA
NC_045512.2	13239	C	T	77956	5832	36	2	1	34	2.56532e-05	77963	1	FALSE	NA	NA	NA	NA	NA	NA
NC_045512.2	13239	C	G	77956	5832	36	5	0	34	6.4133e-05	77963	1	FALSE	NA	NA	NA	NA	NA	NA
NC_045512.2	13240	G	T	79639	5854	36	1	1	68	1.25559e-05	79644	0.499991	FALSE	NA	NA	NA	NA	NA	NA
NC_045512.2	13240	G	A	79639	5854	36	4	0	34	5.02235e-05	79644	1	FALSE	NA	NA	NA	NA	NA	NA
NC_045512.2	13241	T	C	78409	6248	36	3	0	31	3.82595e-05	78412	1	FALSE	NA	NA	NA	NA	NA	NA
NC_045512.2	13242	G	A	78758	6230	36	3	1	31	3.80899e-05	78761	1	FALSE	NA	NA	NA	NA	NA	NA
NC_045512.2	13243	T	G	78730	6473	36	1	0	34	1.27007e-05	78736	1	FALSE	NA	NA	NA	NA	NA	NA
NC_045512.2	13243	T	C	78730	6473	36	5	0	34	6.35034e-05	78736	1	FALSE	NA	NA	NA	NA	NA	NA
NC_045512.2	13244	T	C	80772	6821	37	2	0	34	2.47604e-05	80774	1	FALSE	NA	NA	NA	NA	NA	NA
NC_045512.2	13245	G	C	81240	6827	37	1	0	34	1.23086e-05	81244	1	FALSE	NA	NA	NA	NA	NA	NA
NC_045512.2	13245	G	A	81240	6827	37	3	0	45	3.69258e-05	81244	0.96729	FALSE	NA	NA	NA	NA	NA	NA
NC_045512.2	13246	T	G	80852	6705	37	2	0	34	2.47323e-05	80866	1	FALSE	NA	NA	NA	NA	NA	NA
NC_045512.2	13246	T	C	80852	6705	37	10	1	32	0.000123661	80866	1	FALSE	NA	NA	NA	NA	NA	NA
NC_045512.2	13246	T	A	80852	6705	37	2	0	30	2.47323e-05	80866	1	FALSE	NA	NA	NA	NA	NA	NA
NC_045512.2	13247	C	G	74997	7167	36	7	0	28	9.33196e-05	75011	1	FALSE	NA	NA	NA	NA	NA	NA
NC_045512.2	13247	C	A	74997	7167	36	7	0	34	9.33196e-05	75011	1	FALSE	NA	NA	NA	NA	NA	NA
NC_045512.2	13248	T	G	75090	7126	36	2	0	34	2.66308e-05	75101	1	FALSE	NA	NA	NA	NA	NA	NA
NC_045512.2	13248	T	C	75090	7126	36	8	1	37	0.000106523	75101	1	FALSE	NA	NA	NA	NA	NA	NA
NC_045512.2	13248	T	A	75090	7126	36	1	0	34	1.33154e-05	75101	1	FALSE	NA	NA	NA	NA	NA	NA
NC_045512.2	13249	G	T	76427	6979	36	2	0	34	2.61667e-05	76433	1	FALSE	NA	NA	NA	NA	NA	NA
NC_045512.2	13249	G	A	76427	6979	36	4	0	34	5.23334e-05	76433	1	FALSE	NA	NA	NA	NA	NA	NA
NC_045512.2	13250	T	C	76423	7289	36	3	2	46	3.92531e-05	76427	0.945318	FALSE	NA	NA	NA	NA	NA	NA
NC_045512.2	13250	T	A	76423	7289	36	1	0	26	1.30844e-05	76427	1	FALSE	NA	NA	NA	NA	NA	NA
NC_045512.2	13251	A	G	76501	7377	37	2	0	34	2.61421e-05	76505	1	FALSE	NA	NA	NA	NA	NA	NA
NC_045512.2	13251	A	C	76501	7377	37	2	0	26	2.61421e-05	76505	1	FALSE	NA	NA	NA	NA	NA	NA
NC_045512.2	13252	C	T	74458	7605	36	8	0	38	0.000107429	74468	1	FALSE	NA	NA	NA	NA	NA	NA
NC_045512.2	13252	C	G	74458	7605	36	2	0	34	2.68572e-05	74468	1	FALSE	NA	NA	NA	NA	NA	NA
NC_045512.2	13253	T	G	73889	7141	36	2	0	34	2.70632e-05	73901	1	FALSE	NA	NA	NA	NA	NA	NA
NC_045512.2	13253	T	C	73889	7141	36	10	0	32	0.000135316	73901	1	FALSE	NA	NA	NA	NA	NA	NA
NC_045512.2	13254	G	A	74214	7077	36	11	1	43	0.000148198	74225	0.240337	FALSE	NA	NA	NA	NA	NA	NA
NC_045512.2	13255	C	T	73938	7094	36	22	0	34	0.000297458	73960	1	FALSE	NA	NA	NA	NA	NA	NA
NC_045512.2	13256	C	G	71109	7263	36	2	0	34	2.8125e-05	71111	1	FALSE	NA	NA	NA	NA	NA	NA
NC_045512.2	13257	G	T	71146	7250	36	3	0	31	4.21544e-05	71167	1	FALSE	NA	NA	NA	NA	NA	NA
NC_045512.2	13257	G	C	71146	7250	36	1	0	34	1.40515e-05	71167	1	FALSE	NA	NA	NA	NA	NA	NA
NC_045512.2	13257	G	A	71146	7250	36	17	0	36	0.000238875	71167	1	FALSE	NA	NA	NA	NA	NA	NA
NC_045512.2	13258	T	G	71024	7337	36	1	0	34	1.40792e-05	71027	1	FALSE	NA	NA	NA	NA	NA	NA
NC_045512.2	13258	T	C	71024	7337	36	2	1	34	2.81583e-05	71027	1	FALSE	NA	NA	NA	NA	NA	NA
NC_045512.2	13259	T	C	67854	7706	36	9	2	36	0.00013262	67863	1	FALSE	NA	NA	NA	NA	NA	NA
NC_045512.2	13260	G	A	63570	8057	36	17	0	36	0.00026735	63587	1	FALSE	NA	NA	NA	NA	NA	NA
NC_045512.2	13260	G	-C	63570	8057	36	2	0	20	3.1453e-05	63587	1	FALSE	NA	NA	NA	NA	NA	NA
NC_045512.2	13261	C	T	59855	8324	36	6	1	39	0.000100231	59862	1	FALSE	NA	NA	NA	NA	NA	NA
NC_045512.2	13261	C	G	59855	8324	36	1	1	34	1.67051e-05	59862	1	FALSE	NA	NA	NA	NA	NA	NA
NC_045512.2	13262	C	T	60207	8351	36	3	0	56	4.98198e-05	60217	0.124978	FALSE	NA	NA	NA	NA	NA	NA
NC_045512.2	13262	C	G	60207	8351	36	5	0	29	8.3033e-05	60217	1	FALSE	NA	NA	NA	NA	NA	NA
NC_045512.2	13262	C	A	60207	8351	36	2	0	34	3.32132e-05	60217	1	FALSE	NA	NA	NA	NA	NA	NA
NC_045512.2	13262	C	-A	60207	8351	36	1	0	20	1.66066e-05	60217	1	FALSE	NA	NA	NA	NA	NA	NA
NC_045512.2	13263	A	T	60589	8206	36	1	0	34	1.6503e-05	60595	1	FALSE	NA	NA	NA	NA	NA	NA
NC_045512.2	13263	A	G	60589	8206	36	5	0	34	8.25151e-05	60595	1	FALSE	NA	NA	NA	NA	NA	NA
NC_045512.2	13264	C	T	60341	8263	36	5	3	61	8.28528e-05	60348	0.0312461	FALSE	NA	NA	NA	NA	NA	NA
NC_045512.2	13264	C	G	60341	8263	36	1	0	26	1.65706e-05	60348	1	FALSE	NA	NA	NA	NA	NA	NA
NC_045512.2	13264	C	A	60341	8263	36	1	0	34	1.65706e-05	60348	1	FALSE	NA	NA	NA	NA	NA	NA
NC_045512.2	13265	A	G	60423	8267	36	1	1	34	1.65492e-05	60426	1	FALSE	NA	NA	NA	NA	NA	NA
NC_045512.2	13265	A	C	60423	8267	36	2	2	30	3.30983e-05	60426	1	FALSE	NA	NA	NA	NA	NA	NA
NC_045512.2	13266	T	C	60386	8686	36	2	0	34	3.31192e-05	60388	1	FALSE	NA	NA	NA	NA	NA	NA
NC_045512.2	13267	A	G	60122	8618	36	2	0	34	3.32646e-05	60124	1	FALSE	NA	NA	NA	NA	NA	NA
NC_045512.2	13268	G	T	60149	8607	36	1	0	34	1.66248e-05	60151	1	FALSE	NA	NA	NA	NA	NA	NA
NC_045512.2	13268	G	C	60149	8607	36	1	0	34	1.66248e-05	60151	1	FALSE	NA	NA	NA	NA	NA	NA
NC_045512.2	13269	A	G	47148	9738	36	7	4	36	0.000148447	47155	1	FALSE	NA	NA	NA	NA	NA	NA
NC_045512.2	13270	T	G	47088	9634	36	5	0	30	0.000106168	47095	1	FALSE	NA	NA	NA	NA	NA	NA
NC_045512.2	13270	T	C	47088	9634	36	1	1	34	2.12337e-05	47095	1	FALSE	NA	NA	NA	NA	NA	NA
NC_045512.2	13270	T	A	47088	9634	36	1	0	26	2.12337e-05	47095	1	FALSE	NA	NA	NA	NA	NA	NA
NC_045512.2	13271	C	T	45697	9701	36	2	0	34	4.37637e-05	45700	1	FALSE	NA	NA	NA	NA	NA	NA
NC_045512.2	13271	C	G	45697	9701	36	1	0	34	2.18818e-05	45700	1	FALSE	NA	NA	NA	NA	NA	NA
NC_045512.2	13272	A	G	45876	9660	36	2	0	34	4.3592e-05	45880	1	FALSE	NA	NA	NA	NA	NA	NA
NC_045512.2	13272	A	C	45876	9660	36	2	1	47	4.3592e-05	45880	0.890628	FALSE	NA	NA	NA	NA	NA	NA
NC_045512.2	13273	T	G	44515	9816	36	2	0	30	4.49095e-05	44534	1	FALSE	NA	NA	NA	NA	NA	NA
NC_045512.2	13273	T	C	44515	9816	36	15	7	34	0.000336821	44534	0.999967	FALSE	NA	NA	NA	NA	NA	NA
NC_045512.2	13273	T	A	44515	9816	36	2	0	34	4.49095e-05	44534	1	FALSE	NA	NA	NA	NA	NA	NA
NC_045512.2	13274	C	T	42766	9934	35	6	6	34	0.000140266	42776	1	FALSE	NA	NA	NA	NA	NA	NA
NC_045512.2	13274	C	G	42766	9934	35	3	3	34	7.01328e-05	42776	1	FALSE	NA	NA	NA	NA	NA	NA
NC_045512.2	13274	C	A	42766	9934	35	1	0	24	2.33776e-05	42776	1	FALSE	NA	NA	NA	NA	NA	NA
NC_045512.2	13275	C	T	42729	9908	35	1	0	34	2.34028e-05	42730	1	FALSE	NA	NA	NA	NA	NA	NA
NC_045512.2	13276	A	T	42845	9838	36	3	1	34	7.00133e-05	42849	1	FALSE	NA	NA	NA	NA	NA	NA
NC_045512.2	13276	A	G	42845	9838	36	1	1	34	2.33378e-05	42849	1	FALSE	NA	NA	NA	NA	NA	NA
NC_045512.2	13277	A	T	44182	11647	36	1	0	34	2.26331e-05	44183	1	FALSE	NA	NA	NA	NA	NA	NA
NC_045512.2	13278	A	G	44867	12075	36	1	0	34	2.22871e-05	44869	1	FALSE	NA	NA	NA	NA	NA	NA
NC_045512.2	13278	A	C	44867	12075	36	1	0	34	2.22871e-05	44869	1	FALSE	NA	NA	NA	NA	NA	NA
NC_045512.2	13279	T	G	44725	13239	36	1	0	26	2.23569e-05	44729	1	FALSE	NA	NA	NA	NA	NA	NA
NC_045512.2	13279	T	C	44725	13239	36	3	1	34	6.70706e-05	44729	1	FALSE	NA	NA	NA	NA	NA	NA
NC_045512.2	13281	C	A	45122	13505	36	1	0	34	2.21616e-05	45123	1	FALSE	NA	NA	NA	NA	NA	NA
NC_045512.2	13282	T	C	45129	13445	36	1	0	34	2.21582e-05	45130	1	FALSE	NA	NA	NA	NA	NA	NA
NC_045512.2	13282	T	+A	45129	13445	36	1	0	20	2.21582e-05	45130	1	FALSE	NA	NA	NA	NA	NA	NA
NC_045512.2	13283	A	G	45277	13556	36	6	4	34	0.0001325	45283	1	FALSE	NA	NA	NA	NA	NA	NA
NC_045512.2	13284	A	T	42129	13728	36	1	0	34	2.37349e-05	42132	1	FALSE	NA	NA	NA	NA	NA	NA
NC_045512.2	13284	A	G	42129	13728	36	2	1	34	4.74699e-05	42132	1	FALSE	NA	NA	NA	NA	NA	NA
NC_045512.2	13285	A	G	40520	13838	35	1	1	34	2.46786e-05	40521	1	FALSE	NA	NA	NA	NA	NA	NA
NC_045512.2	13288	A	G	41160	14227	36	1	1	34	2.42948e-05	41161	1	FALSE	NA	NA	NA	NA	NA	NA
NC_045512.2	13288	A	-T	41160	14227	36	4	0	20	9.71794e-05	41161	1	FALSE	NA	NA	NA	NA	NA	NA
NC_045512.2	13289	T	G	41753	14326	36	1	0	34	2.39481e-05	41757	1	FALSE	NA	NA	NA	NA	NA	NA
NC_045512.2	13289	T	C	41753	14326	36	2	1	30	4.78962e-05	41757	1	FALSE	NA	NA	NA	NA	NA	NA
NC_045512.2	13289	T	A	41753	14326	36	1	0	34	2.39481e-05	41757	1	FALSE	NA	NA	NA	NA	NA	NA
NC_045512.2	13290	T	G	41116	13639	35	1	0	34	2.43179e-05	41122	1	FALSE	NA	NA	NA	NA	NA	NA
NC_045512.2	13290	T	C	41116	13639	35	4	0	34	9.72715e-05	41122	1	FALSE	NA	NA	NA	NA	NA	NA
NC_045512.2	13290	T	A	41116	13639	35	1	0	34	2.43179e-05	41122	1	FALSE	NA	NA	NA	NA	NA	NA
NC_045512.2	13291	T	C	41930	14426	36	4	2	37	9.53834e-05	41936	1	FALSE	NA	NA	NA	NA	NA	NA
NC_045512.2	13291	T	A	41930	14426	36	2	0	34	4.76917e-05	41936	1	FALSE	NA	NA	NA	NA	NA	NA
NC_045512.2	13292	T	C	39334	14586	35	7	1	34	0.000177931	39341	1	FALSE	NA	NA	NA	NA	NA	NA
NC_045512.2	13293	G	A	39329	14594	36	2	0	34	5.08505e-05	39331	1	FALSE	NA	NA	NA	NA	NA	NA
NC_045512.2	13294	T	C	39077	14871	36	7	1	38	0.000179101	39084	1	FALSE	NA	NA	NA	NA	NA	NA
NC_045512.2	13295	G	T	38927	14743	36	3	1	34	7.70574e-05	38932	1	FALSE	NA	NA	NA	NA	NA	NA
NC_045512.2	13295	G	A	38927	14743	36	2	0	34	5.13716e-05	38932	1	FALSE	NA	NA	NA	NA	NA	NA
NC_045512.2	13296	A	G	38986	14987	36	2	1	34	5.12965e-05	38989	1	FALSE	NA	NA	NA	NA	NA	NA
NC_045512.2	13296	A	C	38986	14987	36	1	0	34	2.56483e-05	38989	1	FALSE	NA	NA	NA	NA	NA	NA
NC_045512.2	13297	C	T	39704	15100	36	6	6	34	0.000151095	39710	1	FALSE	NA	NA	NA	NA	NA	NA
NC_045512.2	13298	T	C	40571	16036	36	9	4	37	0.000221784	40580	0.999999	FALSE	NA	NA	NA	NA	NA	NA
NC_045512.2	13299	T	C	40659	16153	36	3	1	34	7.3779e-05	40662	1	FALSE	NA	NA	NA	NA	NA	NA
NC_045512.2	13299	T	-A	40659	16153	36	5	0	20	0.000122965	40662	1	FALSE	NA	NA	NA	NA	NA	NA
NC_045512.2	13300	A	T	40329	16128	36	6	4	34	0.000148736	40340	1	FALSE	NA	NA	NA	NA	NA	NA
NC_045512.2	13300	A	G	40329	16128	36	3	2	31	7.43679e-05	40340	1	FALSE	NA	NA	NA	NA	NA	NA
NC_045512.2	13300	A	C	40329	16128	36	2	2	30	4.95786e-05	40340	1	FALSE	NA	NA	NA	NA	NA	NA
NC_045512.2	13301	A	G	40515	16174	36	2	1	30	4.9362e-05	40517	1	FALSE	NA	NA	NA	NA	NA	NA
NC_045512.2	13302	A	T	40036	16140	35	1	1	34	2.49738e-05	40042	1	FALSE	NA	NA	NA	NA	NA	NA
NC_045512.2	13302	A	G	40036	16140	35	5	2	32	0.000124869	40042	1	FALSE	NA	NA	NA	NA	NA	NA
NC_045512.2	13303	A	T	40965	16173	36	2	1	34	4.88067e-05	40978	1	FALSE	NA	NA	NA	NA	NA	NA
NC_045512.2	13303	A	G	40965	16173	36	9	4	34	0.00021963	40978	0.999999	FALSE	NA	NA	NA	NA	NA	NA
NC_045512.2	13303	A	C	40965	16173	36	2	0	34	4.88067e-05	40978	1	FALSE	NA	NA	NA	NA	NA	NA
NC_045512.2	13304	G	T	41264	16121	36	1	0	34	2.42319e-05	41268	1	FALSE	NA	NA	NA	NA	NA	NA
NC_045512.2	13304	G	C	41264	16121	36	1	1	34	2.42319e-05	41268	1	FALSE	NA	NA	NA	NA	NA	NA
NC_045512.2	13304	G	A	41264	16121	36	2	1	51	4.84637e-05	41268	0.249991	FALSE	NA	NA	NA	NA	NA	NA
NC_045512.2	13305	G	C	39587	16363	35	2	1	30	5.05191e-05	39589	1	FALSE	NA	NA	NA	NA	NA	NA
NC_045512.2	13306	T	G	40882	18171	36	1	0	34	2.44541e-05	40893	1	FALSE	NA	NA	NA	NA	NA	NA
NC_045512.2	13306	T	C	40882	18171	36	10	4	40	0.000244541	40893	0.089764	FALSE	NA	NA	NA	NA	NA	NA
NC_045512.2	13306	T	-A	40882	18171	36	1	0	20	2.44541e-05	40893	1	FALSE	NA	NA	NA	NA	NA	NA
NC_045512.2	13307	A	G	40917	18305	36	3	0	34	7.33138e-05	40920	1	FALSE	NA	NA	NA	NA	NA	NA
NC_045512.2	13308	A	G	41439	18342	36	2	1	34	4.82614e-05	41441	1	FALSE	NA	NA	NA	NA	NA	NA
NC_045512.2	13309	G	A	42212	18330	36	2	0	34	4.73776e-05	42214	1	FALSE	NA	NA	NA	NA	NA	NA
NC_045512.2	13310	T	C	42150	18435	36	14	8	34	0.000332029	42165	0.999964	FALSE	NA	NA	NA	NA	NA	NA
NC_045512.2	13310	T	A	42150	18435	36	1	1	34	2.37164e-05	42165	1	FALSE	NA	NA	NA	NA	NA	NA
NC_045512.2	13311	A	T	42331	18740	36	1	1	34	2.36222e-05	42333	1	FALSE	NA	NA	NA	NA	NA	NA
NC_045512.2	13311	A	G	42331	18740	36	1	0	34	2.36222e-05	42333	1	FALSE	NA	NA	NA	NA	NA	NA
NC_045512.2	13312	T	G	42050	18205	36	1	0	26	2.37784e-05	42055	1	FALSE	NA	NA	NA	NA	NA	NA
NC_045512.2	13312	T	C	42050	18205	36	3	1	34	7.13352e-05	42055	1	FALSE	NA	NA	NA	NA	NA	NA
NC_045512.2	13312	T	A	42050	18205	36	1	0	34	2.37784e-05	42055	1	FALSE	NA	NA	NA	NA	NA	NA
NC_045512.2	13313	G	C	42461	17972	36	1	0	26	2.35483e-05	42466	1	FALSE	NA	NA	NA	NA	NA	NA
NC_045512.2	13313	G	A	42461	17972	36	4	1	30	9.4193e-05	42466	1	FALSE	NA	NA	NA	NA	NA	NA
NC_045512.2	13314	T	G	41233	19109	36	6	0	31	0.000145465	41247	1	FALSE	NA	NA	NA	NA	NA	NA
NC_045512.2	13314	T	C	41233	19109	36	4	3	34	9.69767e-05	41247	1	FALSE	NA	NA	NA	NA	NA	NA
NC_045512.2	13314	T	A	41233	19109	36	4	1	32	9.69767e-05	41247	1	FALSE	NA	NA	NA	NA	NA	NA
NC_045512.2	13315	A	G	40635	19261	36	11	4	33	0.000270609	40649	0.999993	FALSE	NA	NA	NA	NA	NA	NA
NC_045512.2	13315	A	C	40635	19261	36	3	3	34	7.38026e-05	40649	1	FALSE	NA	NA	NA	NA	NA	NA
NC_045512.2	13316	C	T	40737	19266	36	1	0	34	2.45459e-05	40740	1	FALSE	NA	NA	NA	NA	NA	NA
NC_045512.2	13316	C	G	40737	19266	36	2	0	30	4.90918e-05	40740	1	FALSE	NA	NA	NA	NA	NA	NA
NC_045512.2	13316	C	-AA	40737	19266	36	1	0	20	2.45459e-05	40740	1	FALSE	NA	NA	NA	NA	NA	NA
NC_045512.2	13316	C	+A	40737	19266	36	1	0	20	2.45459e-05	40740	1	FALSE	NA	NA	NA	NA	NA	NA
NC_045512.2	13317	A	G	40375	18816	36	3	1	34	7.4296e-05	40379	1	FALSE	NA	NA	NA	NA	NA	NA
NC_045512.2	13317	A	C	40375	18816	36	1	1	34	2.47653e-05	40379	1	FALSE	NA	NA	NA	NA	NA	NA
NC_045512.2	13318	A	G	40406	19071	36	6	1	32	0.000148471	40412	1	FALSE	NA	NA	NA	NA	NA	NA
NC_045512.2	13319	A	T	39879	19041	35	1	1	34	2.50733e-05	39883	1	FALSE	NA	NA	NA	NA	NA	NA
NC_045512.2	13319	A	G	39879	19041	35	3	1	34	7.522e-05	39883	1	FALSE	NA	NA	NA	NA	NA	NA
NC_045512.2	13320	T	C	40051	18701	36	3	3	34	7.48989e-05	40054	1	FALSE	NA	NA	NA	NA	NA	NA
NC_045512.2	13321	A	T	41277	20166	36	2	0	26	4.84402e-05	41288	1	FALSE	NA	NA	NA	NA	NA	NA
NC_045512.2	13321	A	G	41277	20166	36	4	1	40	9.68804e-05	41288	0.636646	FALSE	NA	NA	NA	NA	NA	NA
NC_045512.2	13321	A	C	41277	20166	36	5	0	34	0.000121101	41288	1	FALSE	NA	NA	NA	NA	NA	NA
NC_045512.2	13322	C	G	42387	20079	36	1	1	34	2.3591e-05	42389	1	FALSE	NA	NA	NA	NA	NA	NA
NC_045512.2	13322	C	A	42387	20079	36	1	0	34	2.3591e-05	42389	1	FALSE	NA	NA	NA	NA	NA	NA
NC_045512.2	13323	C	T	42066	20773	36	7	3	34	0.000166366	42076	1	FALSE	NA	NA	NA	NA	NA	NA
NC_045512.2	13323	C	G	42066	20773	36	3	1	31	7.12996e-05	42076	1	FALSE	NA	NA	NA	NA	NA	NA
NC_045512.2	13324	T	C	42139	20705	36	9	8	34	0.000213523	42150	1	FALSE	NA	NA	NA	NA	NA	NA
NC_045512.2	13324	T	A	42139	20705	36	2	1	30	4.74496e-05	42150	1	FALSE	NA	NA	NA	NA	NA	NA
NC_045512.2	13326	C	G	41777	20984	36	1	1	26	2.3936e-05	41778	1	FALSE	NA	NA	NA	NA	NA	NA
NC_045512.2	13327	A	T	41681	20830	36	2	2	29	4.79766e-05	41687	1	FALSE	NA	NA	NA	NA	NA	NA
NC_045512.2	13327	A	G	41681	20830	36	4	2	43	9.59532e-05	41687	0.636712	FALSE	NA	NA	NA	NA	NA	NA
NC_045512.2	13328	A	G	41646	20912	36	4	1	34	9.60361e-05	41651	1	FALSE	NA	NA	NA	NA	NA	NA
NC_045512.2	13328	A	C	41646	20912	36	1	0	34	2.4009e-05	41651	1	FALSE	NA	NA	NA	NA	NA	NA
NC_045512.2	13329	C	G	40992	20898	36	2	0	34	4.87876e-05	40994	1	FALSE	NA	NA	NA	NA	NA	NA
NC_045512.2	13330	T	C	40478	20363	36	2	2	34	4.94071e-05	40480	1	FALSE	NA	NA	NA	NA	NA	NA
NC_045512.2	13331	T	G	40624	20693	36	1	0	34	2.46142e-05	40627	1	FALSE	NA	NA	NA	NA	NA	NA
NC_045512.2	13331	T	C	40624	20693	36	2	1	34	4.92283e-05	40627	1	FALSE	NA	NA	NA	NA	NA	NA
NC_045512.2	13332	G	A	41322	20728	36	1	0	34	2.41996e-05	41323	1	FALSE	NA	NA	NA	NA	NA	NA
NC_045512.2	13333	T	C	41282	20783	36	4	4	34	9.68828e-05	41287	1	FALSE	NA	NA	NA	NA	NA	NA
NC_045512.2	13333	T	A	41282	20783	36	1	0	34	2.42207e-05	41287	1	FALSE	NA	NA	NA	NA	NA	NA
NC_045512.2	13334	G	C	41414	20704	36	5	4	31	0.000120697	41426	1	FALSE	NA	NA	NA	NA	NA	NA
NC_045512.2	13334	G	A	41414	20704	36	7	1	34	0.000168976	41426	1	FALSE	NA	NA	NA	NA	NA	NA
NC_045512.2	13335	C	G	40975	21071	36	1	0	34	2.44039e-05	40977	1	FALSE	NA	NA	NA	NA	NA	NA
NC_045512.2	13335	C	A	40975	21071	36	1	0	34	2.44039e-05	40977	1	FALSE	NA	NA	NA	NA	NA	NA
NC_045512.2	13336	T	C	41213	21072	36	9	4	45	0.00021833	41222	0.133413	FALSE	NA	NA	NA	NA	NA	NA
NC_045512.2	13337	A	G	41661	21547	36	9	4	37	0.000215978	41671	0.999999	FALSE	NA	NA	NA	NA	NA	NA
NC_045512.2	13337	A	C	41661	21547	36	1	0	34	2.39975e-05	41671	1	FALSE	NA	NA	NA	NA	NA	NA
NC_045512.2	13338	A	T	41467	22320	36	1	1	34	2.4115e-05	41468	1	FALSE	NA	NA	NA	NA	NA	NA
NC_045512.2	13339	T	C	40545	22032	36	5	4	34	0.000123305	40550	1	FALSE	NA	NA	NA	NA	NA	NA
NC_045512.2	13340	G	A	40784	22503	36	4	2	34	9.80681e-05	40788	1	FALSE	NA	NA	NA	NA	NA	NA
NC_045512.2	13341	A	T	39196	22273	36	1	1	34	2.55043e-05	39209	1	FALSE	NA	NA	NA	NA	NA	NA
NC_045512.2	13341	A	G	39196	22273	36	12	9	36	0.000306052	39209	0.999972	FALSE	NA	NA	NA	NA	NA	NA
NC_045512.2	13342	C	T	39559	22370	36	4	2	42	0.000101105	39563	0.500014	FALSE	NA	NA	NA	NA	NA	NA
NC_045512.2	13343	C	T	39618	22399	36	2	1	34	5.04796e-05	39620	1	FALSE	NA	NA	NA	NA	NA	NA
NC_045512.2	13344	C	T	37021	22564	35	4	2	34	0.000108029	37027	1	FALSE	NA	NA	NA	NA	NA	NA
NC_045512.2	13344	C	A	37021	22564	35	2	2	34	5.40146e-05	37027	1	FALSE	NA	NA	NA	NA	NA	NA
NC_045512.2	13345	T	C	36520	22007	35	30	13	41	0.000820726	36553	6.96687e-07	TRUE	NA	NA	NA	NA	NA	NA
NC_045512.2	13345	T	A	36520	22007	35	3	3	34	8.20726e-05	36553	1	FALSE	NA	NA	NA	NA	NA	NA
NC_045512.2	13346	G	A	36685	22136	35	2	2	34	5.45152e-05	36687	1	FALSE	NA	NA	NA	NA	NA	NA
NC_045512.2	13347	T	C	38517	24065	35	1	1	34	2.59619e-05	38518	1	FALSE	NA	NA	NA	NA	NA	NA
NC_045512.2	13347	T	+G	38517	24065	35	1	0	20	2.59619e-05	38518	1	FALSE	NA	NA	NA	NA	NA	NA
NC_045512.2	13348	G	A	38793	24191	35	1	1	34	2.57772e-05	38794	1	FALSE	NA	NA	NA	NA	NA	NA
NC_045512.2	13349	G	C	38928	24241	35	3	3	31	7.70594e-05	38931	1	FALSE	NA	NA	NA	NA	NA	NA
NC_045512.2	13350	G	T	38164	24370	35	3	3	34	7.85999e-05	38168	1	FALSE	NA	NA	NA	NA	NA	NA
NC_045512.2	13350	G	A	38164	24370	35	1	1	34	2.62e-05	38168	1	FALSE	NA	NA	NA	NA	NA	NA
NC_045512.2	13350	G	-T	38164	24370	35	4	0	20	0.0001048	38168	1	FALSE	NA	NA	NA	NA	NA	NA
NC_045512.2	13351	T	C	37979	24197	35	4	1	32	0.00010531	37983	1	FALSE	NA	NA	NA	NA	NA	NA
NC_045512.2	13352	T	G	37284	23508	35	2	0	30	5.36337e-05	37290	1	FALSE	NA	NA	NA	NA	NA	NA
NC_045512.2	13352	T	C	37284	23508	35	4	2	34	0.000107267	37290	1	FALSE	NA	NA	NA	NA	NA	NA
NC_045512.2	13353	T	C	37930	24161	35	1	0	34	2.63637e-05	37931	1	FALSE	NA	NA	NA	NA	NA	NA
NC_045512.2	13354	T	C	38467	24775	35	8	2	34	0.000207927	38475	0.999999	FALSE	NA	NA	NA	NA	NA	NA
NC_045512.2	13355	A	G	38035	24742	35	5	2	34	0.000131441	38040	1	FALSE	NA	NA	NA	NA	NA	NA
NC_045512.2	13356	C	T	38111	24768	35	4	4	34	0.000104937	38118	1	FALSE	NA	NA	NA	NA	NA	NA
NC_045512.2	13356	C	G	38111	24768	35	2	1	26	5.24686e-05	38118	1	FALSE	NA	NA	NA	NA	NA	NA
NC_045512.2	13356	C	A	38111	24768	35	1	1	34	2.62343e-05	38118	1	FALSE	NA	NA	NA	NA	NA	NA
NC_045512.2	13357	A	T	38264	24921	35	1	1	34	2.61329e-05	38266	1	FALSE	NA	NA	NA	NA	NA	NA
NC_045512.2	13357	A	G	38264	24921	35	1	1	34	2.61329e-05	38266	1	FALSE	NA	NA	NA	NA	NA	NA
NC_045512.2	13359	T	C	38807	25464	35	6	4	32	0.000154583	38814	1	FALSE	NA	NA	NA	NA	NA	NA
NC_045512.2	13359	T	A	38807	25464	35	1	1	34	2.57639e-05	38814	1	FALSE	NA	NA	NA	NA	NA	NA
NC_045512.2	13360	T	C	39330	25627	35	2	2	34	5.08479e-05	39333	1	FALSE	NA	NA	NA	NA	NA	NA
NC_045512.2	13360	T	A	39330	25627	35	1	1	34	2.54239e-05	39333	1	FALSE	NA	NA	NA	NA	NA	NA
NC_045512.2	13360	T	-A	39330	25627	35	4	0	20	0.000101696	39333	1	FALSE	NA	NA	NA	NA	NA	NA
NC_045512.2	13360	T	+A	39330	25627	35	1	0	20	2.54239e-05	39333	1	FALSE	NA	NA	NA	NA	NA	NA
NC_045512.2	13361	A	T	38994	25635	35	1	1	34	2.5643e-05	38997	1	FALSE	NA	NA	NA	NA	NA	NA
NC_045512.2	13361	A	G	38994	25635	35	2	1	34	5.1286e-05	38997	1	FALSE	NA	NA	NA	NA	NA	NA
NC_045512.2	13362	A	T	39041	25765	35	1	1	26	2.56115e-05	39045	1	FALSE	NA	NA	NA	NA	NA	NA
NC_045512.2	13362	A	G	39041	25765	35	3	1	45	7.68344e-05	39045	0.656256	FALSE	NA	NA	NA	NA	NA	NA
NC_045512.2	13363	A	G	38595	25822	35	2	2	34	5.18162e-05	38598	1	FALSE	NA	NA	NA	NA	NA	NA
NC_045512.2	13363	A	C	38595	25822	35	1	1	24	2.59081e-05	38598	1	FALSE	NA	NA	NA	NA	NA	NA
NC_045512.2	13364	A	G	38369	25807	35	4	2	34	0.000104235	38375	1	FALSE	NA	NA	NA	NA	NA	NA
NC_045512.2	13364	A	C	38369	25807	35	2	2	34	5.21173e-05	38375	1	FALSE	NA	NA	NA	NA	NA	NA
NC_045512.2	13365	A	T	38440	25866	35	1	1	34	2.60125e-05	38443	1	FALSE	NA	NA	NA	NA	NA	NA
NC_045512.2	13365	A	G	38440	25866	35	2	0	34	5.20251e-05	38443	1	FALSE	NA	NA	NA	NA	NA	NA
NC_045512.2	13366	C	T	38427	25921	35	3	1	34	7.8064e-05	38430	1	FALSE	NA	NA	NA	NA	NA	NA
NC_045512.2	13367	A	G	37872	25314	35	3	1	31	7.92079e-05	37875	1	FALSE	NA	NA	NA	NA	NA	NA
NC_045512.2	13368	C	T	38102	25346	35	1	0	34	2.62433e-05	38105	1	FALSE	NA	NA	NA	NA	NA	NA
NC_045512.2	13368	C	A	38102	25346	35	2	2	34	5.24866e-05	38105	1	FALSE	NA	NA	NA	NA	NA	NA
NC_045512.2	13369	A	T	38338	24840	35	2	1	34	5.21444e-05	38355	1	FALSE	NA	NA	NA	NA	NA	NA
NC_045512.2	13369	A	G	38338	24840	35	11	8	37	0.000286794	38355	0.999981	FALSE	NA	NA	NA	NA	NA	NA
NC_045512.2	13369	A	C	38338	24840	35	4	0	42	0.000104289	38355	0.499829	FALSE	NA	NA	NA	NA	NA	NA
NC_045512.2	13370	G	T	39712	24929	35	1	1	34	2.51788e-05	39716	1	FALSE	NA	NA	NA	NA	NA	NA
NC_045512.2	13370	G	C	39712	24929	35	3	0	34	7.55363e-05	39716	1	FALSE	NA	NA	NA	NA	NA	NA
NC_045512.2	13371	T	C	40671	25947	35	1	0	34	2.45863e-05	40673	1	FALSE	NA	NA	NA	NA	NA	NA
NC_045512.2	13371	T	A	40671	25947	35	1	1	38	2.45863e-05	40673	1	FALSE	NA	NA	NA	NA	NA	NA
NC_045512.2	13372	C	T	40240	26026	35	1	0	34	2.48497e-05	40242	1	FALSE	NA	NA	NA	NA	NA	NA
NC_045512.2	13372	C	A	40240	26026	35	1	0	26	2.48497e-05	40242	1	FALSE	NA	NA	NA	NA	NA	NA
NC_045512.2	13373	T	C	40062	25818	35	5	3	30	0.000124791	40067	1	FALSE	NA	NA	NA	NA	NA	NA
NC_045512.2	13374	G	C	40151	25690	35	2	2	30	4.98033e-05	40158	1	FALSE	NA	NA	NA	NA	NA	NA
NC_045512.2	13374	G	A	40151	25690	35	5	2	32	0.000124508	40158	1	FALSE	NA	NA	NA	NA	NA	NA
NC_045512.2	13375	T	C	40051	25674	35	10	7	32	0.000249619	40061	0.999997	FALSE	NA	NA	NA	NA	NA	NA
NC_045512.2	13376	A	T	40290	25799	35	1	1	34	2.48182e-05	40293	1	FALSE	NA	NA	NA	NA	NA	NA
NC_045512.2	13376	A	G	40290	25799	35	2	1	34	4.96364e-05	40293	1	FALSE	NA	NA	NA	NA	NA	NA
NC_045512.2	13377	C	T	40272	25795	35	1	1	68	2.48305e-05	40273	0.500006	FALSE	NA	NA	NA	NA	NA	NA
NC_045512.2	13378	C	T	41179	27153	35	4	2	34	9.71275e-05	41183	1	FALSE	NA	NA	NA	NA	NA	NA
NC_045512.2	13379	G	T	40814	26565	35	1	1	34	2.44954e-05	40824	1	FALSE	NA	NA	NA	NA	NA	NA
NC_045512.2	13379	G	C	40814	26565	35	1	1	34	2.44954e-05	40824	1	FALSE	NA	NA	NA	NA	NA	NA
NC_045512.2	13379	G	A	40814	26565	35	8	5	34	0.000195963	40824	1	FALSE	NA	NA	NA	NA	NA	NA
NC_045512.2	13380	T	C	39238	25322	35	2	1	34	5.09671e-05	39241	1	FALSE	NA	NA	NA	NA	NA	NA
NC_045512.2	13380	T	A	39238	25322	35	1	1	26	2.54836e-05	39241	1	FALSE	NA	NA	NA	NA	NA	NA
NC_045512.2	13381	C	T	38961	25191	35	6	6	34	0.000153972	38968	1	FALSE	NA	NA	NA	NA	NA	NA
NC_045512.2	13381	C	G	38961	25191	35	1	1	24	2.56621e-05	38968	1	FALSE	NA	NA	NA	NA	NA	NA
NC_045512.2	13382	T	G	38852	25074	35	1	0	34	2.57367e-05	38855	1	FALSE	NA	NA	NA	NA	NA	NA
NC_045512.2	13382	T	C	38852	25074	35	2	2	30	5.14734e-05	38855	1	FALSE	NA	NA	NA	NA	NA	NA
NC_045512.2	13383	G	T	38631	24827	35	4	0	34	0.000103514	38642	1	FALSE	NA	NA	NA	NA	NA	NA
NC_045512.2	13383	G	A	38631	24827	35	7	7	34	0.00018115	38642	1	FALSE	NA	NA	NA	NA	NA	NA
NC_045512.2	13384	C	T	38777	25105	35	22	13	34	0.000566937	38805	0.986342	FALSE	NA	NA	NA	NA	NA	NA
NC_045512.2	13384	C	G	38777	25105	35	2	0	34	5.15398e-05	38805	1	FALSE	NA	NA	NA	NA	NA	NA
NC_045512.2	13384	C	A	38777	25105	35	4	3	34	0.00010308	38805	1	FALSE	NA	NA	NA	NA	NA	NA
NC_045512.2	13385	G	T	38765	24957	35	1	1	34	2.57945e-05	38768	1	FALSE	NA	NA	NA	NA	NA	NA
NC_045512.2	13385	G	C	38765	24957	35	2	2	30	5.15889e-05	38768	1	FALSE	NA	NA	NA	NA	NA	NA
NC_045512.2	13386	G	T	40732	27006	35	1	1	34	2.45483e-05	40736	1	FALSE	NA	NA	NA	NA	NA	NA
NC_045512.2	13386	G	A	40732	27006	35	3	0	34	7.36449e-05	40736	1	FALSE	NA	NA	NA	NA	NA	NA
NC_045512.2	13387	T	C	45282	32189	36	4	4	34	8.83256e-05	45287	1	FALSE	NA	NA	NA	NA	NA	NA
NC_045512.2	13387	T	A	45282	32189	36	1	0	34	2.20814e-05	45287	1	FALSE	NA	NA	NA	NA	NA	NA
NC_045512.2	13388	A	T	44940	31851	36	1	1	26	2.22499e-05	44944	1	FALSE	NA	NA	NA	NA	NA	NA
NC_045512.2	13388	A	G	44940	31851	36	3	1	34	6.67497e-05	44944	1	FALSE	NA	NA	NA	NA	NA	NA
NC_045512.2	13389	T	C	45380	32135	36	4	4	34	8.81348e-05	45385	1	FALSE	NA	NA	NA	NA	NA	NA
NC_045512.2	13389	T	A	45380	32135	36	1	0	34	2.20337e-05	45385	1	FALSE	NA	NA	NA	NA	NA	NA
NC_045512.2	13390	G	A	45791	32104	36	11	8	34	0.000240164	45802	0.999999	FALSE	NA	NA	NA	NA	NA	NA
NC_045512.2	13391	T	C	46215	32569	36	8	5	34	0.00017307	46224	1	FALSE	NA	NA	NA	NA	NA	NA
NC_045512.2	13391	T	A	46215	32569	36	1	1	34	2.16338e-05	46224	1	FALSE	NA	NA	NA	NA	NA	NA
NC_045512.2	13391	T	+G	46215	32569	36	1	0	20	2.16338e-05	46224	1	FALSE	NA	NA	NA	NA	NA	NA
NC_045512.2	13392	G	A	45960	32297	36	1	1	34	2.17576e-05	45961	1	FALSE	NA	NA	NA	NA	NA	NA
NC_045512.2	13393	G	C	46682	33077	36	1	1	34	2.14192e-05	46687	1	FALSE	NA	NA	NA	NA	NA	NA
NC_045512.2	13393	G	A	46682	33077	36	4	1	34	8.5677e-05	46687	1	FALSE	NA	NA	NA	NA	NA	NA
NC_045512.2	13393	G	-A	46682	33077	36	3	0	20	6.42577e-05	46687	1	FALSE	NA	NA	NA	NA	NA	NA
NC_045512.2	13394	A	T	46680	33102	36	1	1	34	2.14206e-05	46684	1	FALSE	NA	NA	NA	NA	NA	NA
NC_045512.2	13394	A	G	46680	33102	36	3	3	34	6.42618e-05	46684	1	FALSE	NA	NA	NA	NA	NA	NA
NC_045512.2	13395	A	T	46536	32991	36	3	2	34	6.4451e-05	46547	1	FALSE	NA	NA	NA	NA	NA	NA
NC_045512.2	13395	A	G	46536	32991	36	6	3	37	0.000128902	46547	1	FALSE	NA	NA	NA	NA	NA	NA
NC_045512.2	13395	A	C	46536	32991	36	2	2	30	4.29673e-05	46547	1	FALSE	NA	NA	NA	NA	NA	NA
NC_045512.2	13396	A	T	46506	32972	36	3	3	34	6.44884e-05	46520	1	FALSE	NA	NA	NA	NA	NA	NA
NC_045512.2	13396	A	G	46506	32972	36	7	7	34	0.000150473	46520	1	FALSE	NA	NA	NA	NA	NA	NA
NC_045512.2	13396	A	C	46506	32972	36	4	4	30	8.59845e-05	46520	1	FALSE	NA	NA	NA	NA	NA	NA
NC_045512.2	13397	G	A	47196	32735	36	4	4	34	8.47458e-05	47200	1	FALSE	NA	NA	NA	NA	NA	NA
NC_045512.2	13398	G	T	46914	33046	36	1	1	34	2.13133e-05	46919	1	FALSE	NA	NA	NA	NA	NA	NA
NC_045512.2	13398	G	C	46914	33046	36	1	1	26	2.13133e-05	46919	1	FALSE	NA	NA	NA	NA	NA	NA
NC_045512.2	13398	G	A	46914	33046	36	3	2	34	6.394e-05	46919	1	FALSE	NA	NA	NA	NA	NA	NA
NC_045512.2	13399	T	G	46010	32193	36	1	0	34	2.17273e-05	46025	1	FALSE	NA	NA	NA	NA	NA	NA
NC_045512.2	13399	T	C	46010	32193	36	14	11	31	0.000304183	46025	0.999994	FALSE	NA	NA	NA	NA	NA	NA
NC_045512.2	13400	T	G	45684	31854	36	1	0	34	2.18847e-05	45694	1	FALSE	NA	NA	NA	NA	NA	NA
NC_045512.2	13400	T	C	45684	31854	36	9	9	34	0.000196962	45694	1	FALSE	NA	NA	NA	NA	NA	NA
NC_045512.2	13401	A	G	79440	69188	38	3	1	56	3.77629e-05	79443	0.125	FALSE	NA	NA	NA	NA	NA	NA
NC_045512.2	13402	T	C	79624	69359	38	5	5	32	6.27912e-05	79629	1	FALSE	NA	NA	NA	NA	NA	NA
NC_045512.2	13402	T	-G	79624	69359	38	1	0	20	1.25582e-05	79629	1	FALSE	NA	NA	NA	NA	NA	NA
NC_045512.2	13403	G	T	79942	69648	38	1	1	34	1.25072e-05	79954	1	FALSE	NA	NA	NA	NA	NA	NA
NC_045512.2	13403	G	A	79942	69648	38	11	10	36	0.000137579	79954	1	FALSE	NA	NA	NA	NA	NA	NA
NC_045512.2	13404	G	T	80103	70213	38	1	0	68	1.24833e-05	80107	0.499994	FALSE	NA	NA	NA	NA	NA	NA
NC_045512.2	13404	G	C	80103	70213	38	2	2	34	2.49666e-05	80107	1	FALSE	NA	NA	NA	NA	NA	NA
NC_045512.2	13404	G	A	80103	70213	38	1	1	34	1.24833e-05	80107	1	FALSE	NA	NA	NA	NA	NA	NA
NC_045512.2	13404	G	+C	80103	70213	38	3	0	20	3.74499e-05	80107	1	FALSE	NA	NA	NA	NA	NA	NA
NC_045512.2	13405	C	T	80231	70782	38	5	5	32	6.23107e-05	80243	1	FALSE	NA	NA	NA	NA	NA	NA
NC_045512.2	13405	C	G	80231	70782	38	1	1	34	1.24621e-05	80243	1	FALSE	NA	NA	NA	NA	NA	NA
NC_045512.2	13405	C	A	80231	70782	38	6	6	34	7.47729e-05	80243	1	FALSE	NA	NA	NA	NA	NA	NA
NC_045512.2	13406	T	G	77863	68457	38	3	3	34	3.85203e-05	77881	1	FALSE	NA	NA	NA	NA	NA	NA
NC_045512.2	13406	T	C	77863	68457	38	14	14	33	0.000179761	77881	1	FALSE	NA	NA	NA	NA	NA	NA
NC_045512.2	13406	T	A	77863	68457	38	1	1	34	1.28401e-05	77881	1	FALSE	NA	NA	NA	NA	NA	NA
NC_045512.2	13407	G	C	77889	68479	38	6	6	32	7.70208e-05	77901	1	FALSE	NA	NA	NA	NA	NA	NA
NC_045512.2	13407	G	A	77889	68479	38	6	5	51	7.70208e-05	77901	0.0156205	FALSE	NA	NA	NA	NA	NA	NA
NC_045512.2	13408	T	C	77892	68509	38	4	4	32	5.13492e-05	77898	1	FALSE	NA	NA	NA	NA	NA	NA
NC_045512.2	13408	T	A	77892	68509	38	2	1	30	2.56746e-05	77898	1	FALSE	NA	NA	NA	NA	NA	NA
NC_045512.2	13409	A	G	77816	68433	38	8	6	40	0.000102795	77825	0.5	FALSE	NA	NA	NA	NA	NA	NA
NC_045512.2	13409	A	C	77816	68433	38	1	1	27	1.28493e-05	77825	1	FALSE	NA	NA	NA	NA	NA	NA
NC_045512.2	13410	G	T	77524	68529	37	3	3	34	3.86962e-05	77527	1	FALSE	NA	NA	NA	NA	NA	NA
NC_045512.2	13411	T	C	83688	75347	38	7	6	41	8.3634e-05	83698	0.696372	FALSE	NA	NA	NA	NA	NA	NA
NC_045512.2	13411	T	A	83688	75347	38	3	3	34	3.58432e-05	83698	1	FALSE	NA	NA	NA	NA	NA	NA
NC_045512.2	13412	T	C	83641	75419	38	6	5	39	7.17266e-05	83651	1	FALSE	NA	NA	NA	NA	NA	NA
NC_045512.2	13412	T	A	83641	75419	38	4	4	29	4.78177e-05	83651	1	FALSE	NA	NA	NA	NA	NA	NA
NC_045512.2	13413	G	T	83777	75460	38	1	1	34	1.19355e-05	83784	1	FALSE	NA	NA	NA	NA	NA	NA
NC_045512.2	13413	G	C	83777	75460	38	1	1	34	1.19355e-05	83784	1	FALSE	NA	NA	NA	NA	NA	NA
NC_045512.2	13413	G	A	83777	75460	38	5	5	40	5.96773e-05	83784	0.866582	FALSE	NA	NA	NA	NA	NA	NA
NC_045512.2	13414	T	C	82500	74631	37	11	11	36	0.000133311	82514	1	FALSE	NA	NA	NA	NA	NA	NA
NC_045512.2	13414	T	A	82500	74631	37	3	2	30	3.63575e-05	82514	1	FALSE	NA	NA	NA	NA	NA	NA
NC_045512.2	13415	G	T	82646	74682	38	1	1	34	1.20991e-05	82651	1	FALSE	NA	NA	NA	NA	NA	NA
NC_045512.2	13415	G	A	82646	74682	38	4	4	34	4.83963e-05	82651	1	FALSE	NA	NA	NA	NA	NA	NA
NC_045512.2	13416	A	T	84047	76271	38	1	1	34	1.18961e-05	84061	1	FALSE	NA	NA	NA	NA	NA	NA
NC_045512.2	13416	A	G	84047	76271	38	12	10	39	0.000142753	84061	1	FALSE	NA	NA	NA	NA	NA	NA
NC_045512.2	13416	A	C	84047	76271	38	1	1	26	1.18961e-05	84061	1	FALSE	NA	NA	NA	NA	NA	NA
NC_045512.2	13417	T	G	87176	79871	38	1	1	34	1.14697e-05	87186	1	FALSE	NA	NA	NA	NA	NA	NA
NC_045512.2	13417	T	C	87176	79871	38	9	8	36	0.000103228	87186	1	FALSE	NA	NA	NA	NA	NA	NA
NC_045512.2	13418	C	T	87315	80115	38	13	12	42	0.000148861	87330	0.191633	FALSE	NA	NA	NA	NA	NA	NA
NC_045512.2	13418	C	G	87315	80115	38	1	1	26	1.14508e-05	87330	1	FALSE	NA	NA	NA	NA	NA	NA
NC_045512.2	13418	C	A	87315	80115	38	1	1	34	1.14508e-05	87330	1	FALSE	NA	NA	NA	NA	NA	NA
NC_045512.2	13418	C	-A	87315	80115	38	1	0	20	1.14508e-05	87330	1	FALSE	NA	NA	NA	NA	NA	NA
NC_045512.2	13419	A	G	86494	79310	38	9	8	37	0.000104043	86503	1	FALSE	NA	NA	NA	NA	NA	NA
NC_045512.2	13420	A	G	86714	79756	37	6	5	32	6.91866e-05	86722	1	FALSE	NA	NA	NA	NA	NA	NA
NC_045512.2	13420	A	C	86714	79756	37	2	2	34	2.30622e-05	86722	1	FALSE	NA	NA	NA	NA	NA	NA
NC_045512.2	13421	C	T	90877	85019	37	1	1	34	1.10038e-05	90878	1	FALSE	NA	NA	NA	NA	NA	NA
NC_045512.2	13422	T	C	89181	83353	37	53	53	32	0.000593871	89245	0.999101	FALSE	NA	NA	NA	NA	NA	NA
NC_045512.2	13422	T	A	89181	83353	37	11	5	58	0.000123256	89245	0.000486568	TRUE	NA	NA	NA	NA	NA	NA
NC_045512.2	13423	C	T	91502	85887	37	1	1	34	1.09284e-05	91505	1	FALSE	NA	NA	NA	NA	NA	NA
NC_045512.2	13423	C	A	91502	85887	37	2	2	34	2.18567e-05	91505	1	FALSE	NA	NA	NA	NA	NA	NA
NC_045512.2	13424	C	T	90334	84743	37	19	19	38	0.000210284	90354	1	FALSE	NA	NA	NA	NA	NA	NA
NC_045512.2	13424	C	G	90334	84743	37	1	1	34	1.10676e-05	90354	1	FALSE	NA	NA	NA	NA	NA	NA
NC_045512.2	13425	G	T	90082	84487	37	1	1	34	1.11e-05	90090	1	FALSE	NA	NA	NA	NA	NA	NA
NC_045512.2	13425	G	C	90082	84487	37	1	1	34	1.11e-05	90090	1	FALSE	NA	NA	NA	NA	NA	NA
NC_045512.2	13425	G	A	90082	84487	37	6	6	34	6.66001e-05	90090	1	FALSE	NA	NA	NA	NA	NA	NA
NC_045512.2	13426	C	T	90268	84728	37	20	20	35	0.000221511	90289	1	FALSE	NA	NA	NA	NA	NA	NA
NC_045512.2	13426	C	A	90268	84728	37	1	1	34	1.10755e-05	90289	1	FALSE	NA	NA	NA	NA	NA	NA
NC_045512.2	13427	G	T	89961	84429	37	5	5	34	5.55747e-05	89969	1	FALSE	NA	NA	NA	NA	NA	NA
NC_045512.2	13427	G	C	89961	84429	37	1	1	34	1.11149e-05	89969	1	FALSE	NA	NA	NA	NA	NA	NA
NC_045512.2	13427	G	A	89961	84429	37	2	2	34	2.22299e-05	89969	1	FALSE	NA	NA	NA	NA	NA	NA
NC_045512.2	13428	A	T	89993	84507	37	1	1	34	1.11112e-05	89999	1	FALSE	NA	NA	NA	NA	NA	NA
NC_045512.2	13428	A	G	89993	84507	37	4	3	40	4.44449e-05	89999	0.927006	FALSE	NA	NA	NA	NA	NA	NA
NC_045512.2	13428	A	C	89993	84507	37	1	1	26	1.11112e-05	89999	1	FALSE	NA	NA	NA	NA	NA	NA
NC_045512.2	13429	A	G	89771	84370	37	5	5	34	5.56923e-05	89779	1	FALSE	NA	NA	NA	NA	NA	NA
NC_045512.2	13429	A	C	89771	84370	37	3	2	31	3.34154e-05	89779	1	FALSE	NA	NA	NA	NA	NA	NA
NC_045512.2	13430	C	T	89889	84471	37	2	2	34	2.22482e-05	89895	1	FALSE	NA	NA	NA	NA	NA	NA
NC_045512.2	13430	C	G	89889	84471	37	4	4	34	4.44964e-05	89895	1	FALSE	NA	NA	NA	NA	NA	NA
NC_045512.2	13431	C	T	89749	84336	37	5	5	34	5.57029e-05	89762	1	FALSE	NA	NA	NA	NA	NA	NA
NC_045512.2	13431	C	A	89749	84336	37	8	8	34	8.91246e-05	89762	1	FALSE	NA	NA	NA	NA	NA	NA
NC_045512.2	13432	C	T	88680	83567	37	5	5	34	5.63761e-05	88690	1	FALSE	NA	NA	NA	NA	NA	NA
NC_045512.2	13432	C	A	88680	83567	37	5	1	61	5.63761e-05	88690	0.0312447	FALSE	NA	NA	NA	NA	NA	NA
NC_045512.2	13433	A	T	88716	83600	37	1	1	34	1.1271e-05	88723	1	FALSE	NA	NA	NA	NA	NA	NA
NC_045512.2	13433	A	G	88716	83600	37	6	6	32	6.76262e-05	88723	1	FALSE	NA	NA	NA	NA	NA	NA
NC_045512.2	13434	T	G	88309	83196	37	1	1	46	1.1322e-05	88324	0.998046	FALSE	NA	NA	NA	NA	NA	NA
NC_045512.2	13434	T	C	88309	83196	37	11	11	34	0.000124541	88324	1	FALSE	NA	NA	NA	NA	NA	NA
NC_045512.2	13434	T	A	88309	83196	37	3	3	34	3.39659e-05	88324	1	FALSE	NA	NA	NA	NA	NA	NA
NC_045512.2	13435	G	T	88508	83588	37	3	2	54	3.38906e-05	88520	0.124981	FALSE	NA	NA	NA	NA	NA	NA
NC_045512.2	13435	G	A	88508	83588	37	9	7	40	0.000101672	88520	0.499981	FALSE	NA	NA	NA	NA	NA	NA
NC_045512.2	13436	C	T	88455	83772	37	2	2	34	2.26096e-05	88458	1	FALSE	NA	NA	NA	NA	NA	NA
NC_045512.2	13436	C	A	88455	83772	37	1	1	34	1.13048e-05	88458	1	FALSE	NA	NA	NA	NA	NA	NA
NC_045512.2	13436	C	-T	88455	83772	37	2	0	20	2.26096e-05	88458	1	FALSE	NA	NA	NA	NA	NA	NA
NC_045512.2	13437	T	C	87384	82703	37	13	13	34	0.000148745	87398	1	FALSE	NA	NA	NA	NA	NA	NA
NC_045512.2	13437	T	A	87384	82703	37	1	1	34	1.14419e-05	87398	1	FALSE	NA	NA	NA	NA	NA	NA
NC_045512.2	13438	T	C	87480	82797	37	12	11	36	0.000137155	87492	1	FALSE	NA	NA	NA	NA	NA	NA
NC_045512.2	13439	C	T	86844	82170	37	5	4	54	5.75705e-05	86850	0.0312482	FALSE	NA	NA	NA	NA	NA	NA
NC_045512.2	13439	C	G	86844	82170	37	1	1	34	1.15141e-05	86850	1	FALSE	NA	NA	NA	NA	NA	NA
NC_045512.2	13440	A	G	86816	82141	37	7	6	36	8.06201e-05	86827	1	FALSE	NA	NA	NA	NA	NA	NA
NC_045512.2	13440	A	C	86816	82141	37	4	4	34	4.60686e-05	86827	1	FALSE	NA	NA	NA	NA	NA	NA
NC_045512.2	13441	G	T	86472	81814	37	1	1	34	1.15643e-05	86473	1	FALSE	NA	NA	NA	NA	NA	NA
NC_045512.2	13442	T	G	85205	80641	37	1	1	26	1.17356e-05	85211	1	FALSE	NA	NA	NA	NA	NA	NA
NC_045512.2	13442	T	C	85205	80641	37	5	5	32	5.86779e-05	85211	1	FALSE	NA	NA	NA	NA	NA	NA
NC_045512.2	13443	C	T	72332	68610	37	14149	13526	36	0.163604	86483	0	TRUE	NA	NA	NA	NA	NA	NA
NC_045512.2	13443	C	A	72332	68610	37	2	2	34	2.31259e-05	86483	1	FALSE	NA	NA	NA	NA	NA	NA
NC_045512.2	13444	A	G	86096	81764	37	5	5	32	5.80707e-05	86102	1	FALSE	NA	NA	NA	NA	NA	NA
NC_045512.2	13444	A	C	86096	81764	37	1	1	34	1.16141e-05	86102	1	FALSE	NA	NA	NA	NA	NA	NA
NC_045512.2	13445	G	T	85931	81606	37	3	3	34	3.49069e-05	85943	1	FALSE	NA	NA	NA	NA	NA	NA
NC_045512.2	13445	G	C	85931	81606	37	1	1	34	1.16356e-05	85943	1	FALSE	NA	NA	NA	NA	NA	NA
NC_045512.2	13445	G	A	85931	81606	37	8	7	41	9.3085e-05	85943	0.598167	FALSE	NA	NA	NA	NA	NA	NA
NC_045512.2	13446	C	T	86027	81813	37	15	11	40	0.000174319	86049	0.104974	FALSE	NA	NA	NA	NA	NA	NA
NC_045512.2	13446	C	G	86027	81813	37	3	2	45	3.48639e-05	86049	0.967264	FALSE	NA	NA	NA	NA	NA	NA
NC_045512.2	13446	C	A	86027	81813	37	4	4	34	4.64851e-05	86049	1	FALSE	NA	NA	NA	NA	NA	NA
NC_045512.2	13447	T	G	84856	80645	37	14	14	36	0.00016469	85008	1	FALSE	NA	NA	NA	NA	NA	NA
NC_045512.2	13447	T	C	84856	80645	37	138	128	39	0.00162338	85008	0.000232313	TRUE	NA	NA	NA	NA	NA	NA
NC_045512.2	13448	G	T	83713	79499	37	1	1	34	1.19453e-05	83715	1	FALSE	NA	NA	NA	NA	NA	NA
NC_045512.2	13448	G	A	83713	79499	37	1	1	34	1.19453e-05	83715	1	FALSE	NA	NA	NA	NA	NA	NA
NC_045512.2	13449	A	T	83741	79520	37	4	4	40	4.77629e-05	83747	0.927006	FALSE	NA	NA	NA	NA	NA	NA
NC_045512.2	13449	A	G	83741	79520	37	2	1	29	2.38815e-05	83747	1	FALSE	NA	NA	NA	NA	NA	NA
NC_045512.2	13450	T	C	83562	79392	37	3	2	45	3.59002e-05	83565	0.967291	FALSE	NA	NA	NA	NA	NA	NA
NC_045512.2	13451	G	A	83098	79168	36	11	6	58	0.000132356	83109	0.000488152	TRUE	NA	NA	NA	NA	NA	NA
NC_045512.2	13452	C	T	83464	79536	36	22	20	38	0.000263505	83490	1	FALSE	NA	NA	NA	NA	NA	NA
NC_045512.2	13452	C	G	83464	79536	36	2	1	51	2.3955e-05	83490	0.24993	FALSE	NA	NA	NA	NA	NA	NA
NC_045512.2	13452	C	A	83464	79536	36	2	1	51	2.3955e-05	83490	0.24993	FALSE	NA	NA	NA	NA	NA	NA
NC_045512.2	13453	A	T	83070	79134	36	3	3	34	3.61106e-05	83078	1	FALSE	NA	NA	NA	NA	NA	NA
NC_045512.2	13453	A	G	83070	79134	36	4	4	34	4.81475e-05	83078	1	FALSE	NA	NA	NA	NA	NA	NA
NC_045512.2	13453	A	C	83070	79134	36	1	1	26	1.20369e-05	83078	1	FALSE	NA	NA	NA	NA	NA	NA
NC_045512.2	13454	C	T	71029	67637	36	12158	11655	36	0.146151	83188	0	TRUE	NA	NA	NA	NA	NA	NA
NC_045512.2	13454	C	G	71029	67637	36	1	1	34	1.2021e-05	83188	1	FALSE	NA	NA	NA	NA	NA	NA
NC_045512.2	13455	A	G	82377	78486	36	9	9	37	0.000109242	82386	1	FALSE	NA	NA	NA	NA	NA	NA
NC_045512.2	13456	A	T	82419	78535	36	2	2	34	2.42639e-05	82427	1	FALSE	NA	NA	NA	NA	NA	NA
NC_045512.2	13456	A	G	82419	78535	36	6	6	39	7.27917e-05	82427	1	FALSE	NA	NA	NA	NA	NA	NA
NC_045512.2	13457	T	C	82415	78534	36	2	1	51	2.42668e-05	82417	0.250002	FALSE	NA	NA	NA	NA	NA	NA
NC_045512.2	13458	C	T	70057	66903	36	11910	11421	36	0.145301	81968	0	TRUE	NA	NA	NA	NA	NA	NA
NC_045512.2	13458	C	G	70057	66903	36	1	1	34	1.21999e-05	81968	1	FALSE	NA	NA	NA	NA	NA	NA
NC_045512.2	13459	G	T	81941	78293	36	5	5	29	6.10098e-05	81954	1	FALSE	NA	NA	NA	NA	NA	NA
NC_045512.2	13459	G	C	81941	78293	36	1	1	27	1.2202e-05	81954	1	FALSE	NA	NA	NA	NA	NA	NA
NC_045512.2	13459	G	A	81941	78293	36	7	6	38	8.54138e-05	81954	1	FALSE	NA	NA	NA	NA	NA	NA
NC_045512.2	13459	G	-T	81941	78293	36	15	0	20	0.00018303	81954	1	FALSE	NA	NA	NA	NA	NA	NA
NC_045512.2	13460	T	C	78493	74863	36	2	2	24	2.54793e-05	78495	1	FALSE	NA	NA	NA	NA	NA	NA
NC_045512.2	13461	T	G	80744	77306	36	2	2	30	2.47672e-05	80752	1	FALSE	NA	NA	NA	NA	NA	NA
NC_045512.2	13461	T	C	80744	77306	36	6	3	36	7.43016e-05	80752	1	FALSE	NA	NA	NA	NA	NA	NA
NC_045512.2	13462	T	C	80602	77159	36	1	1	26	1.24065e-05	80603	1	FALSE	NA	NA	NA	NA	NA	NA
NC_045512.2	13463	T	C	80682	77293	36	4	3	31	4.95749e-05	80686	1	FALSE	NA	NA	NA	NA	NA	NA
NC_045512.2	13464	T	C	80516	77130	36	3	3	28	3.72578e-05	80520	1	FALSE	NA	NA	NA	NA	NA	NA
NC_045512.2	13464	T	A	80516	77130	36	1	1	34	1.24193e-05	80520	1	FALSE	NA	NA	NA	NA	NA	NA
NC_045512.2	13464	T	-A	80516	77130	36	1	0	20	1.24193e-05	80520	1	FALSE	NA	NA	NA	NA	NA	NA
NC_045512.2	13465	A	G	80642	77302	36	3	3	34	3.72001e-05	80645	1	FALSE	NA	NA	NA	NA	NA	NA
NC_045512.2	13466	A	T	80443	77170	36	1	1	34	1.24305e-05	80447	1	FALSE	NA	NA	NA	NA	NA	NA
NC_045512.2	13466	A	G	80443	77170	36	3	2	45	3.72916e-05	80447	0.96729	FALSE	NA	NA	NA	NA	NA	NA
NC_045512.2	13467	A	T	80423	77205	36	1	1	34	1.24319e-05	80438	1	FALSE	NA	NA	NA	NA	NA	NA
NC_045512.2	13467	A	G	80423	77205	36	12	12	34	0.000149183	80438	1	FALSE	NA	NA	NA	NA	NA	NA
NC_045512.2	13467	A	C	80423	77205	36	2	2	34	2.48639e-05	80438	1	FALSE	NA	NA	NA	NA	NA	NA
NC_045512.2	13468	C	T	80487	77461	36	21	21	35	0.000260821	80515	1	FALSE	NA	NA	NA	NA	NA	NA
NC_045512.2	13468	C	G	80487	77461	36	1	1	34	1.242e-05	80515	1	FALSE	NA	NA	NA	NA	NA	NA
NC_045512.2	13468	C	A	80487	77461	36	6	6	39	7.45203e-05	80515	1	FALSE	NA	NA	NA	NA	NA	NA
NC_045512.2	13469	G	C	79930	76915	36	1	1	34	1.25105e-05	79933	1	FALSE	NA	NA	NA	NA	NA	NA
NC_045512.2	13469	G	A	79930	76915	36	2	1	51	2.5021e-05	79933	0.249998	FALSE	NA	NA	NA	NA	NA	NA
NC_045512.2	13470	G	A	79725	77106	36	4	4	34	5.017e-05	79729	1	FALSE	NA	NA	NA	NA	NA	NA
NC_045512.2	13471	G	T	79735	77723	35	1	1	34	1.25404e-05	79742	1	FALSE	NA	NA	NA	NA	NA	NA
NC_045512.2	13471	G	A	79735	77723	35	6	6	34	7.52427e-05	79742	1	FALSE	NA	NA	NA	NA	NA	NA
NC_045512.2	13472	T	G	46160	44162	31	3	3	31	6.49829e-05	46166	1	FALSE	NA	NA	NA	NA	NA	NA
NC_045512.2	13472	T	C	46160	44162	31	3	3	34	6.49829e-05	46166	1	FALSE	NA	NA	NA	NA	NA	NA
NC_045512.2	13473	T	C	79458	77516	35	7	7	34	8.80891e-05	79465	1	FALSE	NA	NA	NA	NA	NA	NA
NC_045512.2	13474	T	C	79031	77090	35	8	8	34	0.000101216	79039	1	FALSE	NA	NA	NA	NA	NA	NA
NC_045512.2	13475	G	T	79337	77508	35	4	4	34	5.04121e-05	79346	1	FALSE	NA	NA	NA	NA	NA	NA
NC_045512.2	13475	G	C	79337	77508	35	1	1	34	1.2603e-05	79346	1	FALSE	NA	NA	NA	NA	NA	NA
NC_045512.2	13475	G	A	79337	77508	35	4	4	34	5.04121e-05	79346	1	FALSE	NA	NA	NA	NA	NA	NA
NC_045512.2	13476	C	T	79181	77364	35	74	73	35	0.000933683	79256	0.686198	FALSE	NA	NA	NA	NA	NA	NA
NC_045512.2	13476	C	G	79181	77364	35	1	1	34	1.26173e-05	79256	1	FALSE	NA	NA	NA	NA	NA	NA
NC_045512.2	13476	C	-G	79181	77364	35	2	0	20	2.52347e-05	79256	1	FALSE	NA	NA	NA	NA	NA	NA
NC_045512.2	13477	G	T	78875	77051	35	4	4	32	5.06971e-05	78900	1	FALSE	NA	NA	NA	NA	NA	NA
NC_045512.2	13477	G	C	78875	77051	35	2	2	30	2.53485e-05	78900	1	FALSE	NA	NA	NA	NA	NA	NA
NC_045512.2	13477	G	A	78875	77051	35	19	19	34	0.000240811	78900	1	FALSE	NA	NA	NA	NA	NA	NA
NC_045512.2	13478	G	T	79090	77278	35	8	8	34	0.00010112	79114	1	FALSE	NA	NA	NA	NA	NA	NA
NC_045512.2	13478	G	C	79090	77278	35	2	2	34	2.528e-05	79114	1	FALSE	NA	NA	NA	NA	NA	NA
NC_045512.2	13478	G	A	79090	77278	35	14	14	34	0.00017696	79114	1	FALSE	NA	NA	NA	NA	NA	NA
NC_045512.2	13479	T	G	75317	73643	35	4	4	34	5.31046e-05	75323	1	FALSE	NA	NA	NA	NA	NA	NA
NC_045512.2	13479	T	C	75317	73643	35	2	2	34	2.65523e-05	75323	1	FALSE	NA	NA	NA	NA	NA	NA
NC_045512.2	13480	G	T	75289	73641	35	2	1	34	2.65629e-05	75293	1	FALSE	NA	NA	NA	NA	NA	NA
NC_045512.2	13480	G	A	75289	73641	35	2	2	34	2.65629e-05	75293	1	FALSE	NA	NA	NA	NA	NA	NA
NC_045512.2	13481	T	C	75244	73606	35	17	17	33	0.000225881	75261	1	FALSE	NA	NA	NA	NA	NA	NA
NC_045512.2	13481	T	-A	75244	73606	35	1	0	20	1.32871e-05	75261	1	FALSE	NA	NA	NA	NA	NA	NA
NC_045512.2	13482	A	G	75049	73424	35	18	18	34	0.000239786	75067	1	FALSE	NA	NA	NA	NA	NA	NA
NC_045512.2	13483	A	T	74986	73365	35	2	2	34	2.66706e-05	74989	1	FALSE	NA	NA	NA	NA	NA	NA
NC_045512.2	13483	A	G	74986	73365	35	1	1	34	1.33353e-05	74989	1	FALSE	NA	NA	NA	NA	NA	NA
NC_045512.2	13484	G	T	75172	73587	35	1	1	34	1.33023e-05	75175	1	FALSE	NA	NA	NA	NA	NA	NA
NC_045512.2	13484	G	C	75172	73587	35	1	1	34	1.33023e-05	75175	1	FALSE	NA	NA	NA	NA	NA	NA
NC_045512.2	13484	G	A	75172	73587	35	1	1	34	1.33023e-05	75175	1	FALSE	NA	NA	NA	NA	NA	NA
NC_045512.2	13485	T	C	74437	72860	35	13	13	34	0.000174614	74450	1	FALSE	NA	NA	NA	NA	NA	NA
NC_045512.2	13486	G	T	72376	70812	35	5	5	34	6.90627e-05	72398	1	FALSE	NA	NA	NA	NA	NA	NA
NC_045512.2	13486	G	C	72376	70812	35	4	4	32	5.52501e-05	72398	1	FALSE	NA	NA	NA	NA	NA	NA
NC_045512.2	13486	G	A	72376	70812	35	13	13	33	0.000179563	72398	1	FALSE	NA	NA	NA	NA	NA	NA
NC_045512.2	13487	C	T	68564	67087	35	13	13	36	0.000189557	68581	1	FALSE	NA	NA	NA	NA	NA	NA
NC_045512.2	13487	C	G	68564	67087	35	4	4	34	5.83252e-05	68581	1	FALSE	NA	NA	NA	NA	NA	NA
NC_045512.2	13488	A	T	66390	64941	35	2	2	34	3.0115e-05	66412	1	FALSE	NA	NA	NA	NA	NA	NA
NC_045512.2	13488	A	G	66390	64941	35	15	15	40	0.000225863	66412	0.0391477	FALSE	NA	NA	NA	NA	NA	NA
NC_045512.2	13488	A	C	66390	64941	35	5	5	34	7.52876e-05	66412	1	FALSE	NA	NA	NA	NA	NA	NA
NC_045512.2	13489	G	T	66455	65089	35	2	2	34	3.00919e-05	66463	1	FALSE	NA	NA	NA	NA	NA	NA
NC_045512.2	13489	G	C	66455	65089	35	2	2	34	3.00919e-05	66463	1	FALSE	NA	NA	NA	NA	NA	NA
NC_045512.2	13489	G	A	66455	65089	35	4	4	34	6.01839e-05	66463	1	FALSE	NA	NA	NA	NA	NA	NA
NC_045512.2	13490	C	T	75807	65357	34	7	5	34	9.23312e-05	75814	1	FALSE	NA	NA	NA	NA	NA	NA
NC_045512.2	13491	C	T	75958	65277	34	7	6	30	9.21441e-05	75968	1	FALSE	NA	NA	NA	NA	NA	NA
NC_045512.2	13491	C	G	75958	65277	34	1	1	34	1.31634e-05	75968	1	FALSE	NA	NA	NA	NA	NA	NA
NC_045512.2	13491	C	A	75958	65277	34	2	2	34	2.63269e-05	75968	1	FALSE	NA	NA	NA	NA	NA	NA
NC_045512.2	13492	C	T	75705	64855	34	8	6	31	0.00010564	75729	1	FALSE	NA	NA	NA	NA	NA	NA
NC_045512.2	13492	C	G	75705	64855	34	12	1	34	0.00015846	75729	1	FALSE	NA	NA	NA	NA	NA	NA
NC_045512.2	13492	C	A	75705	64855	34	4	1	34	5.28199e-05	75729	1	FALSE	NA	NA	NA	NA	NA	NA
NC_045512.2	13493	G	A	101576	64125	34	18	10	33	0.000177176	101594	1	FALSE	NA	NA	NA	NA	NA	NA
NC_045512.2	13494	T	G	97832	60471	33	1	1	34	1.02198e-05	97849	1	FALSE	NA	NA	NA	NA	NA	NA
NC_045512.2	13494	T	C	97832	60471	33	14	11	32	0.000143078	97849	1	FALSE	NA	NA	NA	NA	NA	NA
NC_045512.2	13494	T	A	97832	60471	33	2	0	34	2.04397e-05	97849	1	FALSE	NA	NA	NA	NA	NA	NA
NC_045512.2	13495	C	T	102311	64177	34	2	0	34	1.95456e-05	102325	1	FALSE	NA	NA	NA	NA	NA	NA
NC_045512.2	13495	C	G	102311	64177	34	2	1	34	1.95456e-05	102325	1	FALSE	NA	NA	NA	NA	NA	NA
NC_045512.2	13495	C	A	102311	64177	34	10	1	34	9.77278e-05	102325	1	FALSE	NA	NA	NA	NA	NA	NA
NC_045512.2	13495	C	-T	102311	64177	34	1	0	20	9.77278e-06	102325	1	FALSE	NA	NA	NA	NA	NA	NA
NC_045512.2	13496	T	G	101583	63397	34	1	0	34	9.84281e-06	101597	1	FALSE	NA	NA	NA	NA	NA	NA
NC_045512.2	13496	T	C	101583	63397	34	6	5	34	5.90569e-05	101597	1	FALSE	NA	NA	NA	NA	NA	NA
NC_045512.2	13496	T	A	101583	63397	34	7	3	34	6.88997e-05	101597	1	FALSE	NA	NA	NA	NA	NA	NA
NC_045512.2	13497	T	G	101387	63200	34	1	0	34	9.86222e-06	101397	1	FALSE	NA	NA	NA	NA	NA	NA
NC_045512.2	13497	T	C	101387	63200	34	9	4	34	8.876e-05	101397	1	FALSE	NA	NA	NA	NA	NA	NA
NC_045512.2	13498	A	T	101752	64204	34	6	6	32	5.89524e-05	101777	1	FALSE	NA	NA	NA	NA	NA	NA
NC_045512.2	13498	A	G	101752	64204	34	17	7	33	0.000167032	101777	1	FALSE	NA	NA	NA	NA	NA	NA
NC_045512.2	13498	A	C	101752	64204	34	2	2	34	1.96508e-05	101777	1	FALSE	NA	NA	NA	NA	NA	NA
NC_045512.2	13499	C	T	101900	64284	34	5	5	34	4.90643e-05	101907	1	FALSE	NA	NA	NA	NA	NA	NA
NC_045512.2	13499	C	A	101900	64284	34	2	0	34	1.96257e-05	101907	1	FALSE	NA	NA	NA	NA	NA	NA
NC_045512.2	13500	A	G	101041	63371	34	13	8	33	0.000128642	101056	1	FALSE	NA	NA	NA	NA	NA	NA
NC_045512.2	13500	A	C	101041	63371	34	2	2	34	1.9791e-05	101056	1	FALSE	NA	NA	NA	NA	NA	NA
NC_045512.2	13501	C	T	103610	63293	34	21	6	34	0.00020263	103637	1	FALSE	NA	NA	NA	NA	NA	NA
NC_045512.2	13501	C	G	103610	63293	34	1	1	34	9.64906e-06	103637	1	FALSE	NA	NA	NA	NA	NA	NA
NC_045512.2	13501	C	A	103610	63293	34	5	0	34	4.82453e-05	103637	1	FALSE	NA	NA	NA	NA	NA	NA
NC_045512.2	13502	C	T	62799	22794	34	8	3	34	0.00012732	62834	1	FALSE	NA	NA	NA	NA	NA	NA
NC_045512.2	13502	C	G	62799	22794	34	18	0	33	0.000286469	62834	1	FALSE	NA	NA	NA	NA	NA	NA
NC_045512.2	13502	C	A	62799	22794	34	9	0	34	0.000143235	62834	1	FALSE	NA	NA	NA	NA	NA	NA
NC_045512.2	13502	C	-G	62799	22794	34	1	0	20	1.5915e-05	62834	1	FALSE	NA	NA	NA	NA	NA	NA
NC_045512.2	13502	C	+A	62799	22794	34	1	0	20	1.5915e-05	62834	1	FALSE	NA	NA	NA	NA	NA	NA
NC_045512.2	13503	G	A	43379	551	34	39	2	33	0.000898245	43418	0.709532	FALSE	NA	NA	NA	NA	NA	NA
NC_045512.2	13504	T	G	43406	580	34	2	0	34	4.60745e-05	43408	1	FALSE	NA	NA	NA	NA	NA	NA
NC_045512.2	13505	G	A	43527	582	34	3	0	34	6.8918e-05	43530	1	FALSE	NA	NA	NA	NA	NA	NA
NC_045512.2	13506	C	T	43169	609	34	43	1	34	0.000995071	43213	0.542916	FALSE	NA	NA	NA	NA	NA	NA
NC_045512.2	13506	C	G	43169	609	34	1	0	34	2.31412e-05	43213	1	FALSE	NA	NA	NA	NA	NA	NA
NC_045512.2	13507	G	C	43536	613	34	1	0	34	2.29669e-05	43541	1	FALSE	NA	NA	NA	NA	NA	NA
NC_045512.2	13507	G	A	43536	613	34	4	0	32	9.18674e-05	43541	1	FALSE	NA	NA	NA	NA	NA	NA
NC_045512.2	13508	G	T	44521	617	34	3	0	34	6.73552e-05	44540	1	FALSE	NA	NA	NA	NA	NA	NA
NC_045512.2	13508	G	C	44521	617	34	1	0	34	2.24517e-05	44540	1	FALSE	NA	NA	NA	NA	NA	NA
NC_045512.2	13508	G	A	44521	617	34	15	0	34	0.000336776	44540	0.999967	FALSE	NA	NA	NA	NA	NA	NA
NC_045512.2	13509	C	T	44192	616	34	7	4	53	0.000158375	44199	0.00781126	TRUE	NA	NA	NA	NA	NA	NA
NC_045512.2	13510	A	T	44417	620	34	2	0	34	4.50197e-05	44425	1	FALSE	NA	NA	NA	NA	NA	NA
NC_045512.2	13510	A	G	44417	620	34	5	0	34	0.000112549	44425	1	FALSE	NA	NA	NA	NA	NA	NA
NC_045512.2	13510	A	C	44417	620	34	1	0	34	2.25098e-05	44425	1	FALSE	NA	NA	NA	NA	NA	NA
NC_045512.2	13511	C	T	44416	621	34	2	0	34	4.50238e-05	44421	1	FALSE	NA	NA	NA	NA	NA	NA
NC_045512.2	13511	C	G	44416	621	34	3	0	34	6.75356e-05	44421	1	FALSE	NA	NA	NA	NA	NA	NA
NC_045512.2	13512	A	T	44351	621	34	2	0	34	4.50826e-05	44363	1	FALSE	NA	NA	NA	NA	NA	NA
NC_045512.2	13512	A	G	44351	621	34	10	0	33	0.000225413	44363	1	FALSE	NA	NA	NA	NA	NA	NA
NC_045512.2	13513	G	T	45378	627	34	12	0	34	0.000264346	45395	0.999998	FALSE	NA	NA	NA	NA	NA	NA
NC_045512.2	13513	G	A	45378	627	34	5	0	34	0.000110144	45395	1	FALSE	NA	NA	NA	NA	NA	NA
NC_045512.2	13514	G	T	45423	665	34	2	0	34	4.40151e-05	45439	1	FALSE	NA	NA	NA	NA	NA	NA
NC_045512.2	13514	G	C	45423	665	34	1	0	34	2.20075e-05	45439	1	FALSE	NA	NA	NA	NA	NA	NA
NC_045512.2	13514	G	A	45423	665	34	13	0	34	0.000286098	45439	0.999996	FALSE	NA	NA	NA	NA	NA	NA
NC_045512.2	13515	C	T	48118	712	34	3	0	34	6.23428e-05	48121	1	FALSE	NA	NA	NA	NA	NA	NA
NC_045512.2	13516	A	T	48010	713	34	1	0	34	2.08277e-05	48013	1	FALSE	NA	NA	NA	NA	NA	NA
NC_045512.2	13516	A	G	48010	713	34	2	0	34	4.16554e-05	48013	1	FALSE	NA	NA	NA	NA	NA	NA
NC_045512.2	13517	C	T	49157	757	34	15	2	34	0.000305045	49173	0.999996	FALSE	NA	NA	NA	NA	NA	NA
NC_045512.2	13517	C	G	49157	757	34	1	1	68	2.03364e-05	49173	0.499929	FALSE	NA	NA	NA	NA	NA	NA
NC_045512.2	13518	T	G	49202	764	34	7	0	31	0.000142242	49212	1	FALSE	NA	NA	NA	NA	NA	NA
NC_045512.2	13518	T	C	49202	764	34	2	0	34	4.06405e-05	49212	1	FALSE	NA	NA	NA	NA	NA	NA
NC_045512.2	13518	T	A	49202	764	34	1	0	34	2.03202e-05	49212	1	FALSE	NA	NA	NA	NA	NA	NA
NC_045512.2	13519	A	G	49282	765	34	7	0	34	0.000142014	49291	1	FALSE	NA	NA	NA	NA	NA	NA
NC_045512.2	13519	A	C	49282	765	34	2	2	27	4.05754e-05	49291	1	FALSE	NA	NA	NA	NA	NA	NA
NC_045512.2	13521	T	G	50393	830	34	2	0	26	3.96841e-05	50398	1	FALSE	NA	NA	NA	NA	NA	NA
NC_045512.2	13521	T	C	50393	830	34	2	0	34	3.96841e-05	50398	1	FALSE	NA	NA	NA	NA	NA	NA
NC_045512.2	13521	T	A	50393	830	34	1	0	34	1.98421e-05	50398	1	FALSE	NA	NA	NA	NA	NA	NA
NC_045512.2	13522	A	G	50493	832	34	3	0	34	5.94106e-05	50496	1	FALSE	NA	NA	NA	NA	NA	NA
NC_045512.2	13523	C	T	50588	836	34	7	0	34	0.000138348	50597	1	FALSE	NA	NA	NA	NA	NA	NA
NC_045512.2	13523	C	G	50588	836	34	2	0	30	3.9528e-05	50597	1	FALSE	NA	NA	NA	NA	NA	NA
NC_045512.2	13524	T	G	50483	841	34	4	0	30	7.92079e-05	50500	1	FALSE	NA	NA	NA	NA	NA	NA
NC_045512.2	13524	T	C	50483	841	34	7	0	32	0.000138614	50500	1	FALSE	NA	NA	NA	NA	NA	NA
NC_045512.2	13524	T	A	50483	841	34	6	0	32	0.000118812	50500	1	FALSE	NA	NA	NA	NA	NA	NA
NC_045512.2	13525	G	T	53468	849	34	1	0	34	1.87017e-05	53471	1	FALSE	NA	NA	NA	NA	NA	NA
NC_045512.2	13525	G	A	53468	849	34	2	0	34	3.74035e-05	53471	1	FALSE	NA	NA	NA	NA	NA	NA
NC_045512.2	13526	A	T	53526	951	34	1	0	26	1.86815e-05	53529	1	FALSE	NA	NA	NA	NA	NA	NA
NC_045512.2	13526	A	G	53526	951	34	1	0	34	1.86815e-05	53529	1	FALSE	NA	NA	NA	NA	NA	NA
NC_045512.2	13526	A	C	53526	951	34	1	0	26	1.86815e-05	53529	1	FALSE	NA	NA	NA	NA	NA	NA
NC_045512.2	13527	T	G	53711	952	34	4	0	34	7.44643e-05	53717	1	FALSE	NA	NA	NA	NA	NA	NA
NC_045512.2	13527	T	C	53711	952	34	2	0	34	3.72322e-05	53717	1	FALSE	NA	NA	NA	NA	NA	NA
NC_045512.2	13528	G	T	57542	967	34	3	0	34	5.21259e-05	57553	1	FALSE	NA	NA	NA	NA	NA	NA
NC_045512.2	13528	G	A	57542	967	34	8	0	34	0.000139002	57553	1	FALSE	NA	NA	NA	NA	NA	NA
NC_045512.2	13529	T	G	57539	1027	34	1	0	34	1.73768e-05	57548	1	FALSE	NA	NA	NA	NA	NA	NA
NC_045512.2	13529	T	C	57539	1027	34	8	0	34	0.000139014	57548	1	FALSE	NA	NA	NA	NA	NA	NA
NC_045512.2	13530	C	T	58013	1033	34	12	0	34	0.0002068	58027	1	FALSE	NA	NA	NA	NA	NA	NA
NC_045512.2	13530	C	G	58013	1033	34	1	0	34	1.72334e-05	58027	1	FALSE	NA	NA	NA	NA	NA	NA
NC_045512.2	13530	C	A	58013	1033	34	1	0	34	1.72334e-05	58027	1	FALSE	NA	NA	NA	NA	NA	NA
NC_045512.2	13531	G	A	58267	1036	34	12	0	33	0.000205906	58279	1	FALSE	NA	NA	NA	NA	NA	NA
NC_045512.2	13532	T	C	58255	1133	34	14	0	33	0.000240253	58272	1	FALSE	NA	NA	NA	NA	NA	NA
NC_045512.2	13532	T	A	58255	1133	34	3	0	31	5.14827e-05	58272	1	FALSE	NA	NA	NA	NA	NA	NA
NC_045512.2	13533	A	T	58525	1139	34	1	0	34	1.70853e-05	58530	1	FALSE	NA	NA	NA	NA	NA	NA
NC_045512.2	13533	A	G	58525	1139	34	4	0	32	6.8341e-05	58530	1	FALSE	NA	NA	NA	NA	NA	NA
NC_045512.2	13534	T	G	58692	1153	35	1	0	34	1.70355e-05	58701	1	FALSE	NA	NA	NA	NA	NA	NA
NC_045512.2	13534	T	C	58692	1153	35	4	0	34	6.81419e-05	58701	1	FALSE	NA	NA	NA	NA	NA	NA
NC_045512.2	13534	T	A	58692	1153	35	4	0	34	6.81419e-05	58701	1	FALSE	NA	NA	NA	NA	NA	NA
NC_045512.2	13535	A	G	58475	1150	34	3	0	34	5.13013e-05	58478	1	FALSE	NA	NA	NA	NA	NA	NA
NC_045512.2	13536	C	T	58677	1151	35	3	0	34	5.1123e-05	58682	1	FALSE	NA	NA	NA	NA	NA	NA
NC_045512.2	13536	C	G	58677	1151	35	2	0	34	3.4082e-05	58682	1	FALSE	NA	NA	NA	NA	NA	NA
NC_045512.2	13537	A	G	58518	1121	34	7	0	34	0.000119607	58525	1	FALSE	NA	NA	NA	NA	NA	NA
NC_045512.2	13538	G	T	58803	1122	35	12	0	34	0.000204016	58819	1	FALSE	NA	NA	NA	NA	NA	NA
NC_045512.2	13538	G	A	58803	1122	35	4	0	34	6.80052e-05	58819	1	FALSE	NA	NA	NA	NA	NA	NA
NC_045512.2	13539	G	C	58793	1229	35	3	1	31	5.10239e-05	58796	1	FALSE	NA	NA	NA	NA	NA	NA
NC_045512.2	13540	G	A	59345	1403	35	13	0	34	0.00021901	59358	1	FALSE	NA	NA	NA	NA	NA	NA
NC_045512.2	13541	C	T	59244	1406	35	1	0	34	1.68785e-05	59247	1	FALSE	NA	NA	NA	NA	NA	NA
NC_045512.2	13541	C	A	59244	1406	35	2	0	34	3.3757e-05	59247	1	FALSE	NA	NA	NA	NA	NA	NA
NC_045512.2	13541	C	-T	59244	1406	35	12	0	20	0.000202542	59247	1	FALSE	NA	NA	NA	NA	NA	NA
NC_045512.2	13542	T	C	59329	1408	35	5	0	34	8.42687e-05	59334	1	FALSE	NA	NA	NA	NA	NA	NA
NC_045512.2	13543	T	C	59371	1450	35	2	0	34	3.36853e-05	59373	1	FALSE	NA	NA	NA	NA	NA	NA
NC_045512.2	13544	T	C	59480	1458	35	4	0	34	6.7245e-05	59484	1	FALSE	NA	NA	NA	NA	NA	NA
NC_045512.2	13545	T	G	59463	1462	35	1	0	34	1.68144e-05	59473	1	FALSE	NA	NA	NA	NA	NA	NA
NC_045512.2	13545	T	C	59463	1462	35	9	0	34	0.000151329	59473	1	FALSE	NA	NA	NA	NA	NA	NA
NC_045512.2	13546	G	A	59554	1463	35	10	0	34	0.000167887	59564	1	FALSE	NA	NA	NA	NA	NA	NA
NC_045512.2	13547	A	G	59673	1713	35	26	2	37	0.000435518	59699	0.999907	FALSE	NA	NA	NA	NA	NA	NA
NC_045512.2	13548	C	T	59940	1741	35	7	0	37	0.000116768	59948	1	FALSE	NA	NA	NA	NA	NA	NA
NC_045512.2	13548	C	G	59940	1741	35	1	0	34	1.66811e-05	59948	1	FALSE	NA	NA	NA	NA	NA	NA
NC_045512.2	13549	A	T	59652	1810	35	2	0	34	3.3525e-05	59657	1	FALSE	NA	NA	NA	NA	NA	NA
NC_045512.2	13549	A	G	59652	1810	35	3	0	31	5.02875e-05	59657	1	FALSE	NA	NA	NA	NA	NA	NA
NC_045512.2	13550	T	C	60125	1808	35	2	0	51	3.32629e-05	60127	0.250002	FALSE	NA	NA	NA	NA	NA	NA
NC_045512.2	13551	C	T	60449	1858	35	4	2	57	6.6166e-05	60454	0.0624969	FALSE	NA	NA	NA	NA	NA	NA
NC_045512.2	13551	C	G	60449	1858	35	1	0	34	1.65415e-05	60454	1	FALSE	NA	NA	NA	NA	NA	NA
NC_045512.2	13552	T	G	60590	3019	37	2	0	34	3.30006e-05	60605	1	FALSE	NA	NA	NA	NA	NA	NA
NC_045512.2	13552	T	C	60590	3019	37	12	0	33	0.000198003	60605	1	FALSE	NA	NA	NA	NA	NA	NA
NC_045512.2	13552	T	A	60590	3019	37	1	0	34	1.65003e-05	60605	1	FALSE	NA	NA	NA	NA	NA	NA
NC_045512.2	13553	A	T	60534	3035	36	1	0	34	1.65175e-05	60542	1	FALSE	NA	NA	NA	NA	NA	NA
NC_045512.2	13553	A	G	60534	3035	36	7	0	34	0.000115622	60542	1	FALSE	NA	NA	NA	NA	NA	NA
NC_045512.2	13555	A	G	60514	3257	37	9	1	37	0.000148704	60523	1	FALSE	NA	NA	NA	NA	NA	NA
NC_045512.2	13556	A	T	60633	3269	37	1	0	34	1.64916e-05	60637	1	FALSE	NA	NA	NA	NA	NA	NA
NC_045512.2	13556	A	G	60633	3269	37	2	0	34	3.29832e-05	60637	1	FALSE	NA	NA	NA	NA	NA	NA
NC_045512.2	13556	A	C	60633	3269	37	1	1	27	1.64916e-05	60637	1	FALSE	NA	NA	NA	NA	NA	NA
NC_045512.2	13557	T	G	61002	3304	37	13	0	30	0.000213055	61017	1	FALSE	NA	NA	NA	NA	NA	NA
NC_045512.2	13557	T	C	61002	3304	37	2	0	34	3.27778e-05	61017	1	FALSE	NA	NA	NA	NA	NA	NA
NC_045512.2	13559	A	T	61209	3521	37	2	0	34	3.26712e-05	61216	1	FALSE	NA	NA	NA	NA	NA	NA
NC_045512.2	13559	A	G	61209	3521	37	5	1	38	8.1678e-05	61216	1	FALSE	NA	NA	NA	NA	NA	NA
NC_045512.2	13560	T	C	61217	3514	37	2	0	34	3.26696e-05	61219	1	FALSE	NA	NA	NA	NA	NA	NA
NC_045512.2	13560	T	-A	61217	3514	37	5	0	20	8.1674e-05	61219	1	FALSE	NA	NA	NA	NA	NA	NA
NC_045512.2	13561	A	G	60634	3590	37	8	0	37	0.000131922	60642	1	FALSE	NA	NA	NA	NA	NA	NA
NC_045512.2	13562	A	T	61300	3674	37	1	0	34	1.63116e-05	61306	1	FALSE	NA	NA	NA	NA	NA	NA
NC_045512.2	13562	A	G	61300	3674	37	4	1	40	6.52465e-05	61306	0.828128	FALSE	NA	NA	NA	NA	NA	NA
NC_045512.2	13562	A	C	61300	3674	37	1	0	34	1.63116e-05	61306	1	FALSE	NA	NA	NA	NA	NA	NA
NC_045512.2	13563	A	G	58280	3681	36	6	0	38	0.000102941	58286	1	FALSE	NA	NA	NA	NA	NA	NA
NC_045512.2	13564	G	C	61511	3691	37	1	1	27	1.62567e-05	61513	1	FALSE	NA	NA	NA	NA	NA	NA
NC_045512.2	13564	G	A	61511	3691	37	1	0	34	1.62567e-05	61513	1	FALSE	NA	NA	NA	NA	NA	NA
NC_045512.2	13565	T	G	60644	3758	37	1	0	26	1.64883e-05	60649	1	FALSE	NA	NA	NA	NA	NA	NA
NC_045512.2	13565	T	C	60644	3758	37	1	0	34	1.64883e-05	60649	1	FALSE	NA	NA	NA	NA	NA	NA
NC_045512.2	13565	T	A	60644	3758	37	3	1	45	4.9465e-05	60649	0.91016	FALSE	NA	NA	NA	NA	NA	NA
NC_045512.2	13566	A	G	61540	3760	37	10	0	34	0.000162467	61551	1	FALSE	NA	NA	NA	NA	NA	NA
NC_045512.2	13566	A	C	61540	3760	37	1	0	26	1.62467e-05	61551	1	FALSE	NA	NA	NA	NA	NA	NA
NC_045512.2	13567	G	T	61605	3761	37	1	0	26	1.62319e-05	61607	1	FALSE	NA	NA	NA	NA	NA	NA
NC_045512.2	13567	G	A	61605	3761	37	1	0	34	1.62319e-05	61607	1	FALSE	NA	NA	NA	NA	NA	NA
NC_045512.2	13568	C	G	61433	4002	37	4	0	34	6.51042e-05	61440	1	FALSE	NA	NA	NA	NA	NA	NA
NC_045512.2	13568	C	A	61433	4002	37	3	1	45	4.88281e-05	61440	0.910152	FALSE	NA	NA	NA	NA	NA	NA
NC_045512.2	13569	T	C	61571	4052	38	17	0	33	0.000276028	61588	1	FALSE	NA	NA	NA	NA	NA	NA
NC_045512.2	13569	T	-G	61571	4052	38	1	0	20	1.62369e-05	61588	1	FALSE	NA	NA	NA	NA	NA	NA
NC_045512.2	13570	G	T	61677	4051	38	3	0	45	4.86358e-05	61683	0.910152	FALSE	NA	NA	NA	NA	NA	NA
NC_045512.2	13570	G	A	61677	4051	38	3	0	45	4.86358e-05	61683	0.910152	FALSE	NA	NA	NA	NA	NA	NA
NC_045512.2	13571	G	A	61739	4053	38	3	0	34	4.85893e-05	61742	1	FALSE	NA	NA	NA	NA	NA	NA
NC_045512.2	13571	G	-T	61739	4053	38	5	0	20	8.09822e-05	61742	1	FALSE	NA	NA	NA	NA	NA	NA
NC_045512.2	13572	T	G	61624	4102	38	11	0	31	0.000178453	61641	1	FALSE	NA	NA	NA	NA	NA	NA
NC_045512.2	13572	T	C	61624	4102	38	3	1	45	4.86689e-05	61641	0.910096	FALSE	NA	NA	NA	NA	NA	NA
NC_045512.2	13572	T	A	61624	4102	38	3	0	31	4.86689e-05	61641	1	FALSE	NA	NA	NA	NA	NA	NA
NC_045512.2	13573	T	C	61546	4299	38	5	1	31	8.12321e-05	61552	1	FALSE	NA	NA	NA	NA	NA	NA
NC_045512.2	13573	T	A	61546	4299	38	1	0	26	1.62464e-05	61552	1	FALSE	NA	NA	NA	NA	NA	NA
NC_045512.2	13574	T	G	61636	4434	38	1	0	34	1.62235e-05	61639	1	FALSE	NA	NA	NA	NA	NA	NA
NC_045512.2	13574	T	C	61636	4434	38	2	0	51	3.2447e-05	61639	0.249998	FALSE	NA	NA	NA	NA	NA	NA
NC_045512.2	13575	T	G	61596	4453	38	1	0	34	1.62311e-05	61610	1	FALSE	NA	NA	NA	NA	NA	NA
NC_045512.2	13575	T	C	61596	4453	38	13	3	34	0.000211005	61610	1	FALSE	NA	NA	NA	NA	NA	NA
NC_045512.2	13576	G	A	61652	4452	38	6	0	34	9.7311e-05	61658	1	FALSE	NA	NA	NA	NA	NA	NA
NC_045512.2	13577	C	T	55683	5299	38	4	0	34	7.18288e-05	55688	1	FALSE	NA	NA	NA	NA	NA	NA
NC_045512.2	13577	C	G	55683	5299	38	1	1	26	1.79572e-05	55688	1	FALSE	NA	NA	NA	NA	NA	NA
NC_045512.2	13578	T	C	56053	5330	38	14	0	33	0.000249697	56068	1	FALSE	NA	NA	NA	NA	NA	NA
NC_045512.2	13578	T	A	56053	5330	38	1	0	34	1.78355e-05	56068	1	FALSE	NA	NA	NA	NA	NA	NA
NC_045512.2	13578	T	-A	56053	5330	38	2	0	20	3.5671e-05	56068	1	FALSE	NA	NA	NA	NA	NA	NA
NC_045512.2	13579	A	G	56029	5336	38	7	0	32	0.000124917	56037	1	FALSE	NA	NA	NA	NA	NA	NA
NC_045512.2	13579	A	C	56029	5336	38	1	0	34	1.78454e-05	56037	1	FALSE	NA	NA	NA	NA	NA	NA
NC_045512.2	13580	A	G	55791	5327	38	6	2	37	0.000107531	55798	1	FALSE	NA	NA	NA	NA	NA	NA
NC_045512.2	13580	A	C	55791	5327	38	1	0	26	1.79218e-05	55798	1	FALSE	NA	NA	NA	NA	NA	NA
NC_045512.2	13581	A	G	55562	5434	38	3	1	34	5.39898e-05	55566	1	FALSE	NA	NA	NA	NA	NA	NA
NC_045512.2	13581	A	C	55562	5434	38	1	0	24	1.79966e-05	55566	1	FALSE	NA	NA	NA	NA	NA	NA
NC_045512.2	13582	T	G	55981	5441	38	5	1	30	8.93064e-05	55987	1	FALSE	NA	NA	NA	NA	NA	NA
NC_045512.2	13582	T	C	55981	5441	38	1	0	34	1.78613e-05	55987	1	FALSE	NA	NA	NA	NA	NA	NA
NC_045512.2	13583	T	C	55702	5521	38	4	0	34	7.1803e-05	55708	1	FALSE	NA	NA	NA	NA	NA	NA
NC_045512.2	13583	T	A	55702	5521	38	2	0	30	3.59015e-05	55708	1	FALSE	NA	NA	NA	NA	NA	NA
NC_045512.2	13584	C	T	54577	5674	38	1	0	34	1.83221e-05	54579	1	FALSE	NA	NA	NA	NA	NA	NA
NC_045512.2	13584	C	A	54577	5674	38	1	0	34	1.83221e-05	54579	1	FALSE	NA	NA	NA	NA	NA	NA
NC_045512.2	13585	C	T	54086	5866	38	3	0	34	5.54631e-05	54090	1	FALSE	NA	NA	NA	NA	NA	NA
NC_045512.2	13585	C	A	54086	5866	38	1	0	34	1.84877e-05	54090	1	FALSE	NA	NA	NA	NA	NA	NA
NC_045512.2	13586	T	C	54787	5870	38	8	0	38	0.000145996	54796	1	FALSE	NA	NA	NA	NA	NA	NA
NC_045512.2	13586	T	A	54787	5870	38	1	0	26	1.82495e-05	54796	1	FALSE	NA	NA	NA	NA	NA	NA
NC_045512.2	13586	T	-A	54787	5870	38	4	0	20	7.2998e-05	54796	1	FALSE	NA	NA	NA	NA	NA	NA
NC_045512.2	13587	A	G	54767	5919	38	6	1	45	0.000109541	54774	0.499951	FALSE	NA	NA	NA	NA	NA	NA
NC_045512.2	13587	A	C	54767	5919	38	1	0	34	1.82568e-05	54774	1	FALSE	NA	NA	NA	NA	NA	NA
NC_045512.2	13588	A	G	54705	5925	38	3	0	34	5.48366e-05	54708	1	FALSE	NA	NA	NA	NA	NA	NA
NC_045512.2	13589	A	T	54656	5939	38	1	0	34	1.82946e-05	54661	1	FALSE	NA	NA	NA	NA	NA	NA
NC_045512.2	13589	A	G	54656	5939	38	3	0	34	5.48837e-05	54661	1	FALSE	NA	NA	NA	NA	NA	NA
NC_045512.2	13589	A	C	54656	5939	38	1	0	34	1.82946e-05	54661	1	FALSE	NA	NA	NA	NA	NA	NA
NC_045512.2	13590	A	T	54934	5979	38	1	0	34	1.8203e-05	54936	1	FALSE	NA	NA	NA	NA	NA	NA
NC_045512.2	13590	A	G	54934	5979	38	1	0	34	1.8203e-05	54936	1	FALSE	NA	NA	NA	NA	NA	NA
NC_045512.2	13591	A	G	52906	6107	37	4	1	51	7.55972e-05	52912	0.0624941	FALSE	NA	NA	NA	NA	NA	NA
NC_045512.2	13591	A	C	52906	6107	37	2	1	34	3.77986e-05	52912	1	FALSE	NA	NA	NA	NA	NA	NA
NC_045512.2	13592	C	T	32379	8364	37	1	0	34	3.08823e-05	32381	1	FALSE	NA	NA	NA	NA	NA	NA
NC_045512.2	13592	C	A	32379	8364	37	1	1	68	3.08823e-05	32381	0.5	FALSE	NA	NA	NA	NA	NA	NA
NC_045512.2	13593	T	G	32345	8267	37	3	0	34	9.27328e-05	32351	1	FALSE	NA	NA	NA	NA	NA	NA
NC_045512.2	13593	T	C	32345	8267	37	3	0	56	9.27328e-05	32351	0.124983	FALSE	NA	NA	NA	NA	NA	NA
NC_045512.2	13593	T	-A	32345	8267	37	1	0	20	3.09109e-05	32351	1	FALSE	NA	NA	NA	NA	NA	NA
NC_045512.2	13594	A	G	32365	8268	37	6	4	45	0.000185351	32371	0.253891	FALSE	NA	NA	NA	NA	NA	NA
NC_045512.2	13595	A	+T	32093	8336	37	1	0	20	3.11594e-05	32093	1	FALSE	NA	NA	NA	NA	NA	NA
NC_045512.2	13596	T	G	32196	8355	37	2	0	30	6.21099e-05	32201	1	FALSE	NA	NA	NA	NA	NA	NA
NC_045512.2	13596	T	C	32196	8355	37	3	0	31	9.31648e-05	32201	1	FALSE	NA	NA	NA	NA	NA	NA
NC_045512.2	13597	T	C	32059	8307	37	3	1	56	9.35658e-05	32063	0.124994	FALSE	NA	NA	NA	NA	NA	NA
NC_045512.2	13597	T	A	32059	8307	37	1	0	34	3.11886e-05	32063	1	FALSE	NA	NA	NA	NA	NA	NA
NC_045512.2	13599	T	G	31727	8117	37	1	1	26	3.15169e-05	31729	1	FALSE	NA	NA	NA	NA	NA	NA
NC_045512.2	13599	T	C	31727	8117	37	1	1	34	3.15169e-05	31729	1	FALSE	NA	NA	NA	NA	NA	NA
NC_045512.2	13600	T	C	31479	8064	36	2	1	34	6.35304e-05	31481	1	FALSE	NA	NA	NA	NA	NA	NA
NC_045512.2	13601	G	T	31797	8134	37	1	0	34	3.14485e-05	31798	1	FALSE	NA	NA	NA	NA	NA	NA
NC_045512.2	13603	C	T	26825	8565	36	11	2	34	0.000409897	26836	0.996195	FALSE	NA	NA	NA	NA	NA	NA
NC_045512.2	13604	G	T	26811	8545	36	2	1	47	7.45851e-05	26815	0.687493	FALSE	NA	NA	NA	NA	NA	NA
NC_045512.2	13604	G	A	26811	8545	36	2	1	34	7.45851e-05	26815	1	FALSE	NA	NA	NA	NA	NA	NA
NC_045512.2	13605	C	T	27096	8885	37	2	1	53	7.38062e-05	27098	0.250005	FALSE	NA	NA	NA	NA	NA	NA
NC_045512.2	13605	C	-T	27096	8885	37	2	0	20	7.38062e-05	27098	1	FALSE	NA	NA	NA	NA	NA	NA
NC_045512.2	13606	T	C	27174	8871	37	3	1	34	0.000110387	27177	1	FALSE	NA	NA	NA	NA	NA	NA
NC_045512.2	13607	T	G	27119	8840	37	6	0	31	0.000221157	27130	0.999967	FALSE	NA	NA	NA	NA	NA	NA
NC_045512.2	13607	T	C	27119	8840	37	2	0	36	7.37191e-05	27130	1	FALSE	NA	NA	NA	NA	NA	NA
NC_045512.2	13607	T	A	27119	8840	37	3	3	34	0.000110579	27130	1	FALSE	NA	NA	NA	NA	NA	NA
NC_045512.2	13608	C	A	26581	9240	37	1	0	34	3.76194e-05	26582	1	FALSE	NA	NA	NA	NA	NA	NA
NC_045512.2	13609	C	A	26599	9297	36	4	3	32	0.000150359	26603	0.999996	FALSE	NA	NA	NA	NA	NA	NA
NC_045512.2	13610	A	T	26671	9355	37	1	1	26	3.74897e-05	26674	1	FALSE	NA	NA	NA	NA	NA	NA
NC_045512.2	13610	A	G	26671	9355	37	1	1	34	3.74897e-05	26674	1	FALSE	NA	NA	NA	NA	NA	NA
NC_045512.2	13610	A	C	26671	9355	37	1	1	27	3.74897e-05	26674	1	FALSE	NA	NA	NA	NA	NA	NA
NC_045512.2	13611	A	T	26529	9366	36	1	1	34	3.76932e-05	26530	1	FALSE	NA	NA	NA	NA	NA	NA
NC_045512.2	13612	G	T	26804	9358	37	1	1	34	3.73051e-05	26806	1	FALSE	NA	NA	NA	NA	NA	NA
NC_045512.2	13612	G	A	26804	9358	37	1	0	34	3.73051e-05	26806	1	FALSE	NA	NA	NA	NA	NA	NA
NC_045512.2	13612	G	-A	26804	9358	37	20	0	20	0.000746102	26806	1	FALSE	NA	NA	NA	NA	NA	NA
NC_045512.2	13613	A	T	25932	9362	36	1	1	26	3.85475e-05	25942	1	FALSE	NA	NA	NA	NA	NA	NA
NC_045512.2	13613	A	G	25932	9362	36	9	2	34	0.000346928	25942	0.998526	FALSE	NA	NA	NA	NA	NA	NA
NC_045512.2	13614	A	G	26058	9373	37	4	2	59	0.00015348	26062	0.0624976	FALSE	NA	NA	NA	NA	NA	NA
NC_045512.2	13615	A	G	26211	9594	37	4	2	34	0.000152584	26215	0.999996	FALSE	NA	NA	NA	NA	NA	NA
NC_045512.2	13616	A	T	23794	9729	36	4	4	34	0.00016787	23828	0.999975	FALSE	NA	NA	NA	NA	NA	NA
NC_045512.2	13616	A	G	23794	9729	36	30	15	33	0.00125902	23828	0.20479	FALSE	NA	NA	NA	NA	NA	NA
NC_045512.2	13617	G	C	24053	9729	36	1	0	34	4.15679e-05	24057	1	FALSE	NA	NA	NA	NA	NA	NA
NC_045512.2	13617	G	A	24053	9729	36	3	2	56	0.000124704	24057	0.124992	FALSE	NA	NA	NA	NA	NA	NA
NC_045512.2	13619	A	G	23824	10458	36	2	1	34	8.39419e-05	23826	0.999999	FALSE	NA	NA	NA	NA	NA	NA
NC_045512.2	13620	C	T	22859	10578	36	14	5	34	0.000612049	22874	0.933827	FALSE	NA	NA	NA	NA	NA	NA
NC_045512.2	13620	C	A	22859	10578	36	1	1	34	4.37178e-05	22874	1	FALSE	NA	NA	NA	NA	NA	NA
NC_045512.2	13623	A	G	22881	10865	36	5	2	34	0.000218474	22886	0.999845	FALSE	NA	NA	NA	NA	NA	NA
NC_045512.2	13625	A	T	22270	11092	35	1	0	34	4.48994e-05	22272	1	FALSE	NA	NA	NA	NA	NA	NA
NC_045512.2	13625	A	G	22270	11092	35	1	1	34	4.48994e-05	22272	1	FALSE	NA	NA	NA	NA	NA	NA
NC_045512.2	13626	T	A	21889	12368	36	1	0	26	4.5683e-05	21890	1	FALSE	NA	NA	NA	NA	NA	NA
NC_045512.2	13627	G	A	21935	12532	36	1	0	34	4.55872e-05	21936	1	FALSE	NA	NA	NA	NA	NA	NA
NC_045512.2	13628	A	G	21983	12712	36	1	1	34	4.54876e-05	21984	1	FALSE	NA	NA	NA	NA	NA	NA
NC_045512.2	13630	A	T	19116	13030	35	1	1	34	5.23013e-05	19120	0.999999	FALSE	NA	NA	NA	NA	NA	NA
NC_045512.2	13630	A	G	19116	13030	35	3	2	34	0.000156904	19120	0.99994	FALSE	NA	NA	NA	NA	NA	NA
NC_045512.2	13631	A	T	19270	13238	35	1	1	34	5.18914e-05	19271	0.999999	FALSE	NA	NA	NA	NA	NA	NA
NC_045512.2	13632	T	C	19075	13257	35	1	1	26	5.24219e-05	19076	1	FALSE	NA	NA	NA	NA	NA	NA
NC_045512.2	13633	T	C	18796	13054	35	2	2	34	0.000106394	18798	0.99998	FALSE	NA	NA	NA	NA	NA	NA
NC_045512.2	13634	T	C	18573	13149	35	1	0	34	5.38387e-05	18574	0.999998	FALSE	NA	NA	NA	NA	NA	NA
NC_045512.2	13635	A	G	18773	13240	35	1	0	34	5.32652e-05	18774	0.999998	FALSE	NA	NA	NA	NA	NA	NA
NC_045512.2	13636	A	G	18982	13452	35	1	0	34	5.26759e-05	18984	0.999998	FALSE	NA	NA	NA	NA	NA	NA
NC_045512.2	13636	A	C	18982	13452	35	1	0	34	5.26759e-05	18984	0.999998	FALSE	NA	NA	NA	NA	NA	NA
NC_045512.2	13637	T	C	18916	13401	35	3	3	31	0.000158571	18919	0.99989	FALSE	NA	NA	NA	NA	NA	NA
NC_045512.2	13638	T	C	18819	13361	35	1	1	26	5.3135e-05	18820	1	FALSE	NA	NA	NA	NA	NA	NA
NC_045512.2	13641	T	G	18834	13405	35	1	1	26	5.30898e-05	18836	1	FALSE	NA	NA	NA	NA	NA	NA
NC_045512.2	13641	T	C	18834	13405	35	1	0	34	5.30898e-05	18836	0.999998	FALSE	NA	NA	NA	NA	NA	NA
NC_045512.2	13642	T	C	18548	13184	34	6	5	32	0.00032338	18554	0.996704	FALSE	NA	NA	NA	NA	NA	NA
NC_045512.2	13643	C	-T	18895	13543	35	1	0	20	5.29241e-05	18895	1	FALSE	NA	NA	NA	NA	NA	NA
NC_045512.2	13644	T	C	18757	13381	35	2	1	34	0.000106615	18759	0.99998	FALSE	NA	NA	NA	NA	NA	NA
NC_045512.2	13645	T	C	18864	13481	35	8	8	34	0.000423908	18872	0.985552	FALSE	NA	NA	NA	NA	NA	NA
NC_045512.2	13646	A	G	18999	13488	35	1	0	26	5.26316e-05	19000	1	FALSE	NA	NA	NA	NA	NA	NA
NC_045512.2	13649	T	C	18335	13116	35	2	0	30	0.000109069	18337	0.99998	FALSE	NA	NA	NA	NA	NA	NA
NC_045512.2	13650	T	C	18390	13199	35	1	1	34	5.43744e-05	18391	0.999998	FALSE	NA	NA	NA	NA	NA	NA
NC_045512.2	13651	G	A	18656	13262	35	3	3	34	0.00016078	18659	0.99989	FALSE	NA	NA	NA	NA	NA	NA
NC_045512.2	13652	T	C	18272	13173	34	7	5	34	0.000382953	18279	0.992703	FALSE	NA	NA	NA	NA	NA	NA
NC_045512.2	13653	A	T	16162	10955	35	3	3	34	0.000185552	16168	0.999637	FALSE	NA	NA	NA	NA	NA	NA
NC_045512.2	13653	A	G	16162	10955	35	3	2	34	0.000185552	16168	0.999637	FALSE	NA	NA	NA	NA	NA	NA
NC_045512.2	13654	G	T	16390	10946	35	1	1	26	6.10091e-05	16391	1	FALSE	NA	NA	NA	NA	NA	NA
NC_045512.2	13655	T	C	15990	10586	34	3	3	34	0.000187582	15993	0.999346	FALSE	NA	NA	NA	NA	NA	NA
NC_045512.2	13656	T	C	16036	10633	35	1	0	34	6.23558e-05	16037	0.999992	FALSE	NA	NA	NA	NA	NA	NA
NC_045512.2	13657	A	G	17854	12733	35	2	2	34	0.000112001	17857	0.999962	FALSE	NA	NA	NA	NA	NA	NA
NC_045512.2	13657	A	C	17854	12733	35	1	1	34	5.60004e-05	17857	0.999996	FALSE	NA	NA	NA	NA	NA	NA
NC_045512.2	13658	A	G	17575	12748	35	1	1	34	5.68958e-05	17576	0.999996	FALSE	NA	NA	NA	NA	NA	NA
NC_045512.2	13660	A	G	17420	12450	34	1	0	34	5.7402e-05	17421	0.999996	FALSE	NA	NA	NA	NA	NA	NA
NC_045512.2	13662	A	T	17801	12855	34	2	1	34	0.000112341	17803	0.999962	FALSE	NA	NA	NA	NA	NA	NA
NC_045512.2	13664	A	T	17868	12764	35	2	2	34	0.000111894	17874	0.999962	FALSE	NA	NA	NA	NA	NA	NA
NC_045512.2	13664	A	G	17868	12764	35	4	4	32	0.000223789	17874	0.999257	FALSE	NA	NA	NA	NA	NA	NA
NC_045512.2	13665	C	T	18248	12832	35	1	1	34	5.47975e-05	18249	0.999998	FALSE	NA	NA	NA	NA	NA	NA
NC_045512.2	13666	A	G	18285	12845	35	1	1	34	5.46866e-05	18286	0.999998	FALSE	NA	NA	NA	NA	NA	NA
NC_045512.2	13667	C	T	18796	13357	35	1	1	34	5.32e-05	18797	0.999998	FALSE	NA	NA	NA	NA	NA	NA
NC_045512.2	13668	T	G	18469	13046	35	1	0	34	5.41301e-05	18474	0.999998	FALSE	NA	NA	NA	NA	NA	NA
NC_045512.2	13668	T	C	18469	13046	35	4	2	34	0.000216521	18474	0.999574	FALSE	NA	NA	NA	NA	NA	NA
NC_045512.2	13669	T	G	19177	13599	35	3	0	31	0.000156405	19181	0.99994	FALSE	NA	NA	NA	NA	NA	NA
NC_045512.2	13669	T	C	19177	13599	35	1	1	34	5.21349e-05	19181	0.999999	FALSE	NA	NA	NA	NA	NA	NA
NC_045512.2	13670	T	C	18529	12912	34	1	1	34	5.39665e-05	18530	0.999998	FALSE	NA	NA	NA	NA	NA	NA
NC_045512.2	13672	T	C	19107	13603	34	3	2	34	0.000156986	19110	0.99994	FALSE	NA	NA	NA	NA	NA	NA
NC_045512.2	13674	T	C	19340	13798	35	2	1	34	0.000103402	19342	0.99999	FALSE	NA	NA	NA	NA	NA	NA
NC_045512.2	13677	C	T	20819	15177	35	1	0	68	4.80307e-05	20820	0.500012	FALSE	NA	NA	NA	NA	NA	NA
NC_045512.2	13678	T	C	20546	14905	35	2	2	34	9.73331e-05	20548	0.999995	FALSE	NA	NA	NA	NA	NA	NA
NC_045512.2	13679	A	C	25013	19560	35	1	1	26	3.99776e-05	25014	1	FALSE	NA	NA	NA	NA	NA	NA
NC_045512.2	13681	C	T	25343	19978	35	33	32	33	0.00130044	25376	0.178973	FALSE	NA	NA	NA	NA	NA	NA
NC_045512.2	13682	A	T	25319	19930	35	2	2	34	7.89733e-05	25325	1	FALSE	NA	NA	NA	NA	NA	NA
NC_045512.2	13682	A	G	25319	19930	35	4	4	34	0.000157947	25325	0.999992	FALSE	NA	NA	NA	NA	NA	NA
NC_045512.2	13684	C	T	28606	23506	36	34	33	34	0.00118711	28641	0.262774	FALSE	NA	NA	NA	NA	NA	NA
NC_045512.2	13684	C	A	28606	23506	36	1	1	34	3.4915e-05	28641	1	FALSE	NA	NA	NA	NA	NA	NA
NC_045512.2	13685	A	T	30346	25348	36	1	1	34	3.29489e-05	30350	1	FALSE	NA	NA	NA	NA	NA	NA
NC_045512.2	13685	A	G	30346	25348	36	2	1	34	6.58979e-05	30350	1	FALSE	NA	NA	NA	NA	NA	NA
NC_045512.2	13685	A	C	30346	25348	36	1	1	34	3.29489e-05	30350	1	FALSE	NA	NA	NA	NA	NA	NA
NC_045512.2	13686	T	C	29996	25016	36	2	0	30	6.66711e-05	29998	1	FALSE	NA	NA	NA	NA	NA	NA
NC_045512.2	13687	G	A	30094	25101	36	2	2	34	6.6454e-05	30096	1	FALSE	NA	NA	NA	NA	NA	NA
NC_045512.2	13688	A	G	30511	25504	36	1	1	34	3.2774e-05	30512	1	FALSE	NA	NA	NA	NA	NA	NA
NC_045512.2	13689	A	G	30481	25519	36	3	2	34	9.84123e-05	30484	1	FALSE	NA	NA	NA	NA	NA	NA
NC_045512.2	13691	A	G	30599	25956	36	4	2	30	0.000130706	30603	1	FALSE	NA	NA	NA	NA	NA	NA
NC_045512.2	13692	A	G	30612	25981	36	6	6	34	0.00019595	30620	0.999994	FALSE	NA	NA	NA	NA	NA	NA
NC_045512.2	13692	A	C	30612	25981	36	2	2	34	6.53168e-05	30620	1	FALSE	NA	NA	NA	NA	NA	NA
NC_045512.2	13693	A	G	30306	25764	35	1	1	34	3.29957e-05	30307	1	FALSE	NA	NA	NA	NA	NA	NA
NC_045512.2	13695	A	G	31346	26869	36	2	2	34	6.37918e-05	31352	1	FALSE	NA	NA	NA	NA	NA	NA
NC_045512.2	13695	A	C	31346	26869	36	4	4	32	0.000127584	31352	1	FALSE	NA	NA	NA	NA	NA	NA
NC_045512.2	13696	A	T	31779	27105	36	2	2	34	6.29168e-05	31788	1	FALSE	NA	NA	NA	NA	NA	NA
NC_045512.2	13696	A	G	31779	27105	36	2	2	34	6.29168e-05	31788	1	FALSE	NA	NA	NA	NA	NA	NA
NC_045512.2	13696	A	C	31779	27105	36	5	5	30	0.000157292	31788	0.999999	FALSE	NA	NA	NA	NA	NA	NA
NC_045512.2	13697	T	C	31099	26500	35	1	0	34	3.21543e-05	31100	1	FALSE	NA	NA	NA	NA	NA	NA
NC_045512.2	13698	T	C	31725	27125	36	6	4	31	0.00018909	31731	0.999996	FALSE	NA	NA	NA	NA	NA	NA
NC_045512.2	13699	T	C	31309	26761	34	1	1	26	3.19387e-05	31310	1	FALSE	NA	NA	NA	NA	NA	NA
NC_045512.2	13700	A	T	31864	27321	36	1	1	34	3.13735e-05	31874	1	FALSE	NA	NA	NA	NA	NA	NA
NC_045512.2	13700	A	G	31864	27321	36	3	3	34	9.41206e-05	31874	1	FALSE	NA	NA	NA	NA	NA	NA
NC_045512.2	13700	A	C	31864	27321	36	6	6	31	0.000188241	31874	0.999996	FALSE	NA	NA	NA	NA	NA	NA
NC_045512.2	13701	T	C	32505	28004	36	1	0	34	3.07636e-05	32506	1	FALSE	NA	NA	NA	NA	NA	NA
NC_045512.2	13702	A	G	32435	27954	36	6	6	34	0.000184945	32442	0.999998	FALSE	NA	NA	NA	NA	NA	NA
NC_045512.2	13702	A	C	32435	27954	36	1	1	34	3.08242e-05	32442	1	FALSE	NA	NA	NA	NA	NA	NA
NC_045512.2	13703	A	C	32594	28103	36	1	1	34	3.06796e-05	32595	1	FALSE	NA	NA	NA	NA	NA	NA
NC_045512.2	13706	T	G	33593	29289	36	2	2	34	5.95238e-05	33600	1	FALSE	NA	NA	NA	NA	NA	NA
NC_045512.2	13706	T	C	33593	29289	36	3	2	31	8.92857e-05	33600	1	FALSE	NA	NA	NA	NA	NA	NA
NC_045512.2	13706	T	A	33593	29289	36	2	2	30	5.95238e-05	33600	1	FALSE	NA	NA	NA	NA	NA	NA
NC_045512.2	13707	A	G	33708	29340	36	2	2	30	5.93296e-05	33710	1	FALSE	NA	NA	NA	NA	NA	NA
NC_045512.2	13708	C	-T	34695	30299	36	1	0	20	2.88226e-05	34695	1	FALSE	NA	NA	NA	NA	NA	NA
NC_045512.2	13709	T	C	34031	29610	35	2	2	34	5.87665e-05	34033	1	FALSE	NA	NA	NA	NA	NA	NA
NC_045512.2	13710	T	G	34560	30155	36	1	1	34	2.89318e-05	34564	1	FALSE	NA	NA	NA	NA	NA	NA
NC_045512.2	13710	T	C	34560	30155	36	3	2	40	8.67955e-05	34564	0.656257	FALSE	NA	NA	NA	NA	NA	NA
NC_045512.2	13710	T	-A	34560	30155	36	1	0	20	2.89318e-05	34564	1	FALSE	NA	NA	NA	NA	NA	NA
NC_045512.2	13711	A	G	35449	31121	36	5	4	40	0.000141028	35454	0.363274	FALSE	NA	NA	NA	NA	NA	NA
NC_045512.2	13712	A	G	35605	31279	36	3	3	31	8.42507e-05	35608	1	FALSE	NA	NA	NA	NA	NA	NA
NC_045512.2	13713	G	T	35653	31263	36	2	2	34	5.60884e-05	35658	1	FALSE	NA	NA	NA	NA	NA	NA
NC_045512.2	13713	G	A	35653	31263	36	3	3	34	8.41326e-05	35658	1	FALSE	NA	NA	NA	NA	NA	NA
NC_045512.2	13714	G	T	35791	31414	36	2	2	34	5.58737e-05	35795	1	FALSE	NA	NA	NA	NA	NA	NA
NC_045512.2	13714	G	C	35791	31414	36	1	1	34	2.79369e-05	35795	1	FALSE	NA	NA	NA	NA	NA	NA
NC_045512.2	13714	G	A	35791	31414	36	1	1	34	2.79369e-05	35795	1	FALSE	NA	NA	NA	NA	NA	NA
NC_045512.2	13715	A	G	36683	32345	36	1	1	34	2.72591e-05	36685	1	FALSE	NA	NA	NA	NA	NA	NA
NC_045512.2	13715	A	C	36683	32345	36	1	1	34	2.72591e-05	36685	1	FALSE	NA	NA	NA	NA	NA	NA
NC_045512.2	13716	T	C	37091	32752	36	1	1	26	2.69585e-05	37094	1	FALSE	NA	NA	NA	NA	NA	NA
NC_045512.2	13716	T	A	37091	32752	36	2	1	30	5.39171e-05	37094	1	FALSE	NA	NA	NA	NA	NA	NA
NC_045512.2	13717	T	C	35914	31610	36	3	3	31	8.35259e-05	35917	1	FALSE	NA	NA	NA	NA	NA	NA
NC_045512.2	13718	G	T	36868	32365	36	1	1	34	2.71223e-05	36870	1	FALSE	NA	NA	NA	NA	NA	NA
NC_045512.2	13718	G	A	36868	32365	36	1	1	34	2.71223e-05	36870	1	FALSE	NA	NA	NA	NA	NA	NA
NC_045512.2	13719	T	G	38949	34582	36	1	1	34	2.56726e-05	38952	1	FALSE	NA	NA	NA	NA	NA	NA
NC_045512.2	13719	T	C	38949	34582	36	2	2	34	5.13452e-05	38952	1	FALSE	NA	NA	NA	NA	NA	NA
NC_045512.2	13720	C	T	39652	35329	36	1	1	34	2.52169e-05	39656	1	FALSE	NA	NA	NA	NA	NA	NA
NC_045512.2	13720	C	G	39652	35329	36	3	2	45	7.56506e-05	39656	0.656256	FALSE	NA	NA	NA	NA	NA	NA
NC_045512.2	13721	C	T	39626	35382	36	3	1	34	7.57002e-05	39630	1	FALSE	NA	NA	NA	NA	NA	NA
NC_045512.2	13721	C	A	39626	35382	36	1	1	34	2.52334e-05	39630	1	FALSE	NA	NA	NA	NA	NA	NA
NC_045512.2	13722	A	G	39227	34968	36	5	4	39	0.000127447	39232	1	FALSE	NA	NA	NA	NA	NA	NA
NC_045512.2	13723	G	A	39170	34888	36	1	1	34	2.55291e-05	39171	1	FALSE	NA	NA	NA	NA	NA	NA
NC_045512.2	13724	C	T	40704	36636	36	46	45	34	0.00112878	40752	0.29488	FALSE	NA	NA	NA	NA	NA	NA
NC_045512.2	13724	C	A	40704	36636	36	2	1	34	4.90773e-05	40752	1	FALSE	NA	NA	NA	NA	NA	NA
NC_045512.2	13725	T	C	40549	36475	36	6	5	32	0.000147947	40555	1	FALSE	NA	NA	NA	NA	NA	NA
NC_045512.2	13726	G	C	40440	36350	36	1	1	34	2.47274e-05	40441	1	FALSE	NA	NA	NA	NA	NA	NA
NC_045512.2	13727	T	C	39411	35327	36	5	5	30	0.000126852	39416	1	FALSE	NA	NA	NA	NA	NA	NA
NC_045512.2	13728	T	G	39241	35129	36	3	3	34	7.6437e-05	39248	1	FALSE	NA	NA	NA	NA	NA	NA
NC_045512.2	13728	T	C	39241	35129	36	4	3	32	0.000101916	39248	1	FALSE	NA	NA	NA	NA	NA	NA
NC_045512.2	13729	G	A	39074	34931	36	3	3	34	7.67715e-05	39077	1	FALSE	NA	NA	NA	NA	NA	NA
NC_045512.2	13730	C	T	44922	41572	36	42	41	33	0.000934081	44964	0.626831	FALSE	NA	NA	NA	NA	NA	NA
NC_045512.2	13731	T	C	45022	41686	36	5	4	39	0.000111044	45027	1	FALSE	NA	NA	NA	NA	NA	NA
NC_045512.2	13731	T	-A	45022	41686	36	3	0	20	6.66267e-05	45027	1	FALSE	NA	NA	NA	NA	NA	NA
NC_045512.2	13732	A	G	44986	41605	36	2	2	34	4.44553e-05	44989	1	FALSE	NA	NA	NA	NA	NA	NA
NC_045512.2	13732	A	C	44986	41605	36	1	1	34	2.22277e-05	44989	1	FALSE	NA	NA	NA	NA	NA	NA
NC_045512.2	13733	A	G	45088	41728	36	2	2	47	4.43557e-05	45090	0.890638	FALSE	NA	NA	NA	NA	NA	NA
NC_045512.2	13734	A	T	45160	41823	36	1	1	34	2.2142e-05	45163	1	FALSE	NA	NA	NA	NA	NA	NA
NC_045512.2	13734	A	G	45160	41823	36	2	2	34	4.4284e-05	45163	1	FALSE	NA	NA	NA	NA	NA	NA
NC_045512.2	13735	C	T	45101	41754	36	43	42	34	0.000952508	45144	0.625434	FALSE	NA	NA	NA	NA	NA	NA
NC_045512.2	13736	A	T	45769	42506	36	1	0	34	2.1846e-05	45775	1	FALSE	NA	NA	NA	NA	NA	NA
NC_045512.2	13736	A	G	45769	42506	36	5	4	32	0.00010923	45775	1	FALSE	NA	NA	NA	NA	NA	NA
NC_045512.2	13737	T	G	49492	46552	36	1	1	34	2.02028e-05	49498	1	FALSE	NA	NA	NA	NA	NA	NA
NC_045512.2	13737	T	C	49492	46552	36	5	5	30	0.000101014	49498	1	FALSE	NA	NA	NA	NA	NA	NA
NC_045512.2	13738	G	A	49452	46523	36	1	1	34	2.02212e-05	49453	1	FALSE	NA	NA	NA	NA	NA	NA
NC_045512.2	13739	A	T	49443	46534	36	2	2	30	4.04424e-05	49453	1	FALSE	NA	NA	NA	NA	NA	NA
NC_045512.2	13739	A	G	49443	46534	36	6	6	34	0.000121327	49453	1	FALSE	NA	NA	NA	NA	NA	NA
NC_045512.2	13739	A	C	49443	46534	36	2	2	34	4.04424e-05	49453	1	FALSE	NA	NA	NA	NA	NA	NA
NC_045512.2	13740	C	T	49410	46791	36	2	1	43	4.0476e-05	49412	0.890637	FALSE	NA	NA	NA	NA	NA	NA
NC_045512.2	13741	T	C	49258	46646	36	4	4	34	8.11985e-05	49262	1	FALSE	NA	NA	NA	NA	NA	NA
NC_045512.2	13742	T	C	49037	46416	36	1	1	34	2.03923e-05	49038	1	FALSE	NA	NA	NA	NA	NA	NA
NC_045512.2	13743	C	T	49193	46603	36	44	43	34	0.000893564	49241	0.73297	FALSE	NA	NA	NA	NA	NA	NA
NC_045512.2	13743	C	A	49193	46603	36	4	3	50	8.12331e-05	49241	0.0623871	FALSE	NA	NA	NA	NA	NA	NA
NC_045512.2	13744	T	C	48685	46112	35	6	6	32	0.000123226	48691	1	FALSE	NA	NA	NA	NA	NA	NA
NC_045512.2	13745	T	C	49652	47095	36	2	2	30	4.02787e-05	49654	1	FALSE	NA	NA	NA	NA	NA	NA
NC_045512.2	13746	T	C	51180	48775	36	3	3	34	5.86132e-05	51183	1	FALSE	NA	NA	NA	NA	NA	NA
NC_045512.2	13748	A	G	51241	48941	36	3	3	31	5.85434e-05	51244	1	FALSE	NA	NA	NA	NA	NA	NA
NC_045512.2	13750	T	G	47662	45391	34	1	1	34	2.09754e-05	47675	1	FALSE	NA	NA	NA	NA	NA	NA
NC_045512.2	13750	T	C	47662	45391	34	12	12	30	0.000251704	47675	0.999999	FALSE	NA	NA	NA	NA	NA	NA
NC_045512.2	13751	T	C	50808	48542	36	3	3	34	5.90423e-05	50811	1	FALSE	NA	NA	NA	NA	NA	NA
NC_045512.2	13752	T	C	51059	48964	36	4	4	42	7.83315e-05	51065	0.746094	FALSE	NA	NA	NA	NA	NA	NA
NC_045512.2	13752	T	A	51059	48964	36	2	2	34	3.91658e-05	51065	1	FALSE	NA	NA	NA	NA	NA	NA
NC_045512.2	13753	A	G	50788	48700	36	2	2	34	3.93771e-05	50791	1	FALSE	NA	NA	NA	NA	NA	NA
NC_045512.2	13753	A	C	50788	48700	36	1	1	26	1.96885e-05	50791	1	FALSE	NA	NA	NA	NA	NA	NA
NC_045512.2	13754	G	T	50424	48385	36	3	3	31	5.94919e-05	50427	1	FALSE	NA	NA	NA	NA	NA	NA
NC_045512.2	13754	G	+A	50424	48385	36	1	0	20	1.98306e-05	50427	1	FALSE	NA	NA	NA	NA	NA	NA
NC_045512.2	13755	A	G	50676	48757	36	7	7	34	0.000138111	50684	1	FALSE	NA	NA	NA	NA	NA	NA
NC_045512.2	13755	A	C	50676	48757	36	1	1	34	1.97301e-05	50684	1	FALSE	NA	NA	NA	NA	NA	NA
NC_045512.2	13756	A	T	50745	48833	36	1	1	34	1.9704e-05	50751	1	FALSE	NA	NA	NA	NA	NA	NA
NC_045512.2	13756	A	G	50745	48833	36	5	4	32	9.85202e-05	50751	1	FALSE	NA	NA	NA	NA	NA	NA
NC_045512.2	13757	T	G	50359	48454	36	1	1	26	1.98558e-05	50363	1	FALSE	NA	NA	NA	NA	NA	NA
NC_045512.2	13757	T	C	50359	48454	36	2	2	34	3.97117e-05	50363	1	FALSE	NA	NA	NA	NA	NA	NA
NC_045512.2	13757	T	A	50359	48454	36	1	1	34	1.98558e-05	50363	1	FALSE	NA	NA	NA	NA	NA	NA
NC_045512.2	13757	T	-A	50359	48454	36	2	0	20	3.97117e-05	50363	1	FALSE	NA	NA	NA	NA	NA	NA
NC_045512.2	13758	A	T	48444	46576	36	1	1	34	2.0639e-05	48452	1	FALSE	NA	NA	NA	NA	NA	NA
NC_045512.2	13758	A	G	48444	46576	36	4	4	32	8.25559e-05	48452	1	FALSE	NA	NA	NA	NA	NA	NA
NC_045512.2	13758	A	C	48444	46576	36	3	3	29	6.19169e-05	48452	1	FALSE	NA	NA	NA	NA	NA	NA
NC_045512.2	13759	G	A	48420	46563	36	6	6	32	0.0001239	48426	1	FALSE	NA	NA	NA	NA	NA	NA
NC_045512.2	13760	A	T	48109	46416	35	2	2	30	4.15697e-05	48112	1	FALSE	NA	NA	NA	NA	NA	NA
NC_045512.2	13760	A	G	48109	46416	35	1	1	34	2.07848e-05	48112	1	FALSE	NA	NA	NA	NA	NA	NA
NC_045512.2	13761	C	T	48131	46496	35	30	29	34	0.000622885	48163	0.984637	FALSE	NA	NA	NA	NA	NA	NA
NC_045512.2	13761	C	G	48131	46496	35	1	1	34	2.07628e-05	48163	1	FALSE	NA	NA	NA	NA	NA	NA
NC_045512.2	13761	C	A	48131	46496	35	1	1	34	2.07628e-05	48163	1	FALSE	NA	NA	NA	NA	NA	NA
NC_045512.2	13762	G	T	47895	46256	35	1	1	34	2.08773e-05	47899	1	FALSE	NA	NA	NA	NA	NA	NA
NC_045512.2	13762	G	C	47895	46256	35	2	2	34	4.17545e-05	47899	1	FALSE	NA	NA	NA	NA	NA	NA
NC_045512.2	13762	G	A	47895	46256	35	1	1	34	2.08773e-05	47899	1	FALSE	NA	NA	NA	NA	NA	NA
NC_045512.2	13763	G	A	47444	45818	35	5	3	68	0.000105376	47449	0.0312484	FALSE	NA	NA	NA	NA	NA	NA
NC_045512.2	13764	T	C	47244	45630	35	4	4	34	8.46597e-05	47248	1	FALSE	NA	NA	NA	NA	NA	NA
NC_045512.2	13765	G	T	47448	45835	35	1	1	34	2.10717e-05	47457	1	FALSE	NA	NA	NA	NA	NA	NA
NC_045512.2	13765	G	C	47448	45835	35	1	1	34	2.10717e-05	47457	1	FALSE	NA	NA	NA	NA	NA	NA
NC_045512.2	13765	G	A	47448	45835	35	7	7	34	0.000147502	47457	1	FALSE	NA	NA	NA	NA	NA	NA
NC_045512.2	13766	A	T	47336	45920	35	1	1	34	2.11207e-05	47347	1	FALSE	NA	NA	NA	NA	NA	NA
NC_045512.2	13766	A	G	47336	45920	35	9	9	34	0.000190086	47347	1	FALSE	NA	NA	NA	NA	NA	NA
NC_045512.2	13766	A	C	47336	45920	35	1	1	34	2.11207e-05	47347	1	FALSE	NA	NA	NA	NA	NA	NA
NC_045512.2	13768	A	G	46748	45425	35	11	10	55	0.000235244	46760	0.000487994	TRUE	NA	NA	NA	NA	NA	NA
NC_045512.2	13768	A	C	46748	45425	35	1	1	34	2.13858e-05	46760	1	FALSE	NA	NA	NA	NA	NA	NA
NC_045512.2	13769	T	C	46709	45317	35	9	9	33	0.000192645	46718	1	FALSE	NA	NA	NA	NA	NA	NA
NC_045512.2	13770	G	T	45994	44718	35	2	2	34	4.34811e-05	45997	1	FALSE	NA	NA	NA	NA	NA	NA
NC_045512.2	13770	G	A	45994	44718	35	1	1	34	2.17405e-05	45997	1	FALSE	NA	NA	NA	NA	NA	NA
NC_045512.2	13771	G	A	46059	44795	35	3	2	45	6.51296e-05	46062	0.773455	FALSE	NA	NA	NA	NA	NA	NA
NC_045512.2	13772	T	G	45274	44056	35	1	1	34	2.20858e-05	45278	1	FALSE	NA	NA	NA	NA	NA	NA
NC_045512.2	13772	T	C	45274	44056	35	3	3	31	6.62573e-05	45278	1	FALSE	NA	NA	NA	NA	NA	NA
NC_045512.2	13773	A	G	45210	43997	35	1	1	34	2.21185e-05	45211	1	FALSE	NA	NA	NA	NA	NA	NA
NC_045512.2	13774	C	T	45148	43982	35	5	5	34	0.000110735	45153	1	FALSE	NA	NA	NA	NA	NA	NA
NC_045512.2	13775	C	T	44448	43314	35	4	4	34	8.99766e-05	44456	1	FALSE	NA	NA	NA	NA	NA	NA
NC_045512.2	13775	C	G	44448	43314	35	1	1	26	2.24942e-05	44456	1	FALSE	NA	NA	NA	NA	NA	NA
NC_045512.2	13775	C	A	44448	43314	35	3	3	45	6.74825e-05	44456	0.77341	FALSE	NA	NA	NA	NA	NA	NA
NC_045512.2	13776	A	T	43906	42773	35	3	3	31	6.83153e-05	43914	1	FALSE	NA	NA	NA	NA	NA	NA
NC_045512.2	13776	A	G	43906	42773	35	5	5	34	0.000113859	43914	1	FALSE	NA	NA	NA	NA	NA	NA
NC_045512.2	13777	C	T	43913	42902	35	15	15	34	0.00034146	43929	0.99995	FALSE	NA	NA	NA	NA	NA	NA
NC_045512.2	13777	C	A	43913	42902	35	1	1	34	2.2764e-05	43929	1	FALSE	NA	NA	NA	NA	NA	NA
NC_045512.2	13778	A	T	43365	42358	35	3	3	34	6.9169e-05	43372	1	FALSE	NA	NA	NA	NA	NA	NA
NC_045512.2	13778	A	G	43365	42358	35	3	3	34	6.9169e-05	43372	1	FALSE	NA	NA	NA	NA	NA	NA
NC_045512.2	13778	A	C	43365	42358	35	1	1	26	2.30563e-05	43372	1	FALSE	NA	NA	NA	NA	NA	NA
NC_045512.2	13779	T	C	41811	40804	34	7	7	34	0.000167388	41819	1	FALSE	NA	NA	NA	NA	NA	NA
NC_045512.2	13779	T	A	41811	40804	34	1	1	26	2.39126e-05	41819	1	FALSE	NA	NA	NA	NA	NA	NA
NC_045512.2	13780	A	T	77666	37921	34	1	1	34	1.28743e-05	77674	1	FALSE	NA	NA	NA	NA	NA	NA
NC_045512.2	13780	A	G	77666	37921	34	7	4	34	9.01202e-05	77674	1	FALSE	NA	NA	NA	NA	NA	NA
NC_045512.2	13781	T	G	76554	36164	34	3	0	31	3.91839e-05	76562	1	FALSE	NA	NA	NA	NA	NA	NA
NC_045512.2	13781	T	C	76554	36164	34	4	4	34	5.22452e-05	76562	1	FALSE	NA	NA	NA	NA	NA	NA
NC_045512.2	13781	T	A	76554	36164	34	1	0	26	1.30613e-05	76562	1	FALSE	NA	NA	NA	NA	NA	NA
NC_045512.2	13782	A	G	78008	37484	34	5	1	34	6.40911e-05	78014	1	FALSE	NA	NA	NA	NA	NA	NA
NC_045512.2	13782	A	C	78008	37484	34	1	1	34	1.28182e-05	78014	1	FALSE	NA	NA	NA	NA	NA	NA
NC_045512.2	13783	T	G	77399	37013	34	1	0	34	1.29177e-05	77413	1	FALSE	NA	NA	NA	NA	NA	NA
NC_045512.2	13783	T	C	77399	37013	34	10	7	37	0.000129177	77413	1	FALSE	NA	NA	NA	NA	NA	NA
NC_045512.2	13783	T	A	77399	37013	34	3	1	34	3.87532e-05	77413	1	FALSE	NA	NA	NA	NA	NA	NA
NC_045512.2	13784	C	T	76738	36291	34	4	4	32	5.212e-05	76746	1	FALSE	NA	NA	NA	NA	NA	NA
NC_045512.2	13784	C	G	76738	36291	34	3	3	34	3.909e-05	76746	1	FALSE	NA	NA	NA	NA	NA	NA
NC_045512.2	13784	C	A	76738	36291	34	1	0	34	1.303e-05	76746	1	FALSE	NA	NA	NA	NA	NA	NA
NC_045512.2	13785	A	T	74190	33501	34	1	1	34	1.34771e-05	74200	1	FALSE	NA	NA	NA	NA	NA	NA
NC_045512.2	13785	A	G	74190	33501	34	9	5	32	0.000121294	74200	1	FALSE	NA	NA	NA	NA	NA	NA
NC_045512.2	13785	A	+CGTCAACGT	74190	33501	34	1	0	20	1.34771e-05	74200	1	FALSE	NA	NA	NA	NA	NA	NA
NC_045512.2	13786	C	T	73777	31590	34	8	4	34	0.000108422	73786	1	FALSE	NA	NA	NA	NA	NA	NA
NC_045512.2	13786	C	G	73777	31590	34	1	0	34	1.35527e-05	73786	1	FALSE	NA	NA	NA	NA	NA	NA
NC_045512.2	13786	C	+T	73777	31590	34	1	0	20	1.35527e-05	73786	1	FALSE	NA	NA	NA	NA	NA	NA
NC_045512.2	13787	G	T	73851	31434	34	2	1	34	2.70728e-05	73875	1	FALSE	NA	NA	NA	NA	NA	NA
NC_045512.2	13787	G	A	73851	31434	34	22	9	34	0.0002978	73875	1	FALSE	NA	NA	NA	NA	NA	NA
NC_045512.2	13788	T	G	73471	31102	34	1	0	34	1.36091e-05	73480	1	FALSE	NA	NA	NA	NA	NA	NA
NC_045512.2	13788	T	C	73471	31102	34	7	2	34	9.5264e-05	73480	1	FALSE	NA	NA	NA	NA	NA	NA
NC_045512.2	13788	T	A	73471	31102	34	1	1	34	1.36091e-05	73480	1	FALSE	NA	NA	NA	NA	NA	NA
NC_045512.2	13788	T	-C	73471	31102	34	1	0	20	1.36091e-05	73480	1	FALSE	NA	NA	NA	NA	NA	NA
NC_045512.2	13789	C	T	73494	31096	34	5	3	39	6.80272e-05	73500	1	FALSE	NA	NA	NA	NA	NA	NA
NC_045512.2	13789	C	A	73494	31096	34	1	1	34	1.36054e-05	73500	1	FALSE	NA	NA	NA	NA	NA	NA
NC_045512.2	13790	A	G	72933	30417	34	5	3	34	6.85514e-05	72938	1	FALSE	NA	NA	NA	NA	NA	NA
NC_045512.2	13791	A	T	67879	30622	33	1	0	34	1.47308e-05	67885	1	FALSE	NA	NA	NA	NA	NA	NA
NC_045512.2	13791	A	G	67879	30622	33	2	0	34	2.94616e-05	67885	1	FALSE	NA	NA	NA	NA	NA	NA
NC_045512.2	13791	A	C	67879	30622	33	3	3	31	4.41924e-05	67885	1	FALSE	NA	NA	NA	NA	NA	NA
NC_045512.2	13792	C	T	73534	30791	34	8	4	34	0.000108781	73542	1	FALSE	NA	NA	NA	NA	NA	NA
NC_045512.2	13793	G	T	74814	30761	34	4	0	34	5.34574e-05	74826	1	FALSE	NA	NA	NA	NA	NA	NA
NC_045512.2	13793	G	C	74814	30761	34	1	1	34	1.33643e-05	74826	1	FALSE	NA	NA	NA	NA	NA	NA
NC_045512.2	13793	G	A	74814	30761	34	7	1	34	9.35504e-05	74826	1	FALSE	NA	NA	NA	NA	NA	NA
NC_045512.2	13794	T	C	68101	24070	33	8	7	33	0.000117459	68109	1	FALSE	NA	NA	NA	NA	NA	NA
NC_045512.2	13795	C	T	74024	30202	34	9	5	33	0.000121562	74036	1	FALSE	NA	NA	NA	NA	NA	NA
NC_045512.2	13795	C	A	74024	30202	34	3	1	34	4.05208e-05	74036	1	FALSE	NA	NA	NA	NA	NA	NA
NC_045512.2	13796	T	G	74116	30036	34	5	0	30	6.745e-05	74129	1	FALSE	NA	NA	NA	NA	NA	NA
NC_045512.2	13796	T	C	74116	30036	34	8	3	37	0.00010792	74129	1	FALSE	NA	NA	NA	NA	NA	NA
NC_045512.2	13797	T	C	74325	30068	34	8	0	34	0.000107624	74333	1	FALSE	NA	NA	NA	NA	NA	NA
NC_045512.2	13798	A	T	75591	29978	34	1	1	34	1.32279e-05	75598	1	FALSE	NA	NA	NA	NA	NA	NA
NC_045512.2	13798	A	G	75591	29978	34	6	2	34	7.93672e-05	75598	1	FALSE	NA	NA	NA	NA	NA	NA
NC_045512.2	13799	C	T	76242	30022	34	2	2	34	2.62316e-05	76244	1	FALSE	NA	NA	NA	NA	NA	NA
NC_045512.2	13800	T	C	76253	29875	35	9	6	37	0.000118014	76262	1	FALSE	NA	NA	NA	NA	NA	NA
NC_045512.2	13800	T	-A	76253	29875	35	1	0	20	1.31127e-05	76262	1	FALSE	NA	NA	NA	NA	NA	NA
NC_045512.2	13801	A	G	76289	29669	34	9	5	33	0.000117957	76299	1	FALSE	NA	NA	NA	NA	NA	NA
NC_045512.2	13801	A	C	76289	29669	34	1	1	34	1.31063e-05	76299	1	FALSE	NA	NA	NA	NA	NA	NA
NC_045512.2	13802	A	T	75321	28939	34	6	1	34	7.96495e-05	75330	1	FALSE	NA	NA	NA	NA	NA	NA
NC_045512.2	13802	A	G	75321	28939	34	3	2	45	3.98248e-05	75330	0.945307	FALSE	NA	NA	NA	NA	NA	NA
NC_045512.2	13803	A	G	76776	29001	35	7	2	34	9.1166e-05	76783	1	FALSE	NA	NA	NA	NA	NA	NA
NC_045512.2	13804	T	C	76674	28974	35	8	7	32	0.000104326	76683	1	FALSE	NA	NA	NA	NA	NA	NA
NC_045512.2	13804	T	A	76674	28974	35	1	0	34	1.30407e-05	76683	1	FALSE	NA	NA	NA	NA	NA	NA
NC_045512.2	13805	A	G	76462	28622	35	5	3	34	6.53868e-05	76468	1	FALSE	NA	NA	NA	NA	NA	NA
NC_045512.2	13805	A	C	76462	28622	35	1	0	34	1.30774e-05	76468	1	FALSE	NA	NA	NA	NA	NA	NA
NC_045512.2	13806	C	T	77156	28650	35	5	2	34	6.47945e-05	77167	1	FALSE	NA	NA	NA	NA	NA	NA
NC_045512.2	13806	C	G	77156	28650	35	2	0	26	2.59178e-05	77167	1	FALSE	NA	NA	NA	NA	NA	NA
NC_045512.2	13806	C	A	77156	28650	35	4	1	30	5.18356e-05	77167	1	FALSE	NA	NA	NA	NA	NA	NA
NC_045512.2	13807	A	G	75655	26968	35	6	0	34	7.93011e-05	75661	1	FALSE	NA	NA	NA	NA	NA	NA
NC_045512.2	13807	A	-C	75655	26968	35	1	0	20	1.32168e-05	75661	1	FALSE	NA	NA	NA	NA	NA	NA
NC_045512.2	13808	C	T	76265	27105	34	9	0	34	0.000117986	76280	1	FALSE	NA	NA	NA	NA	NA	NA
NC_045512.2	13808	C	G	76265	27105	34	2	0	30	2.62192e-05	76280	1	FALSE	NA	NA	NA	NA	NA	NA
NC_045512.2	13808	C	A	76265	27105	34	4	0	28	5.24384e-05	76280	1	FALSE	NA	NA	NA	NA	NA	NA
NC_045512.2	13809	A	T	75409	26152	34	1	1	34	1.32593e-05	75419	1	FALSE	NA	NA	NA	NA	NA	NA
NC_045512.2	13809	A	G	75409	26152	34	7	0	34	9.28148e-05	75419	1	FALSE	NA	NA	NA	NA	NA	NA
NC_045512.2	13809	A	C	75409	26152	34	2	2	34	2.65185e-05	75419	1	FALSE	NA	NA	NA	NA	NA	NA
NC_045512.2	13810	A	T	76061	25690	34	1	1	34	1.31461e-05	76068	1	FALSE	NA	NA	NA	NA	NA	NA
NC_045512.2	13810	A	G	76061	25690	34	6	1	34	7.88768e-05	76068	1	FALSE	NA	NA	NA	NA	NA	NA
NC_045512.2	13811	T	C	76329	25732	35	2	2	34	2.62013e-05	76332	1	FALSE	NA	NA	NA	NA	NA	NA
NC_045512.2	13811	T	A	76329	25732	35	1	0	34	1.31007e-05	76332	1	FALSE	NA	NA	NA	NA	NA	NA
NC_045512.2	13811	T	-G	76329	25732	35	1	0	20	1.31007e-05	76332	1	FALSE	NA	NA	NA	NA	NA	NA
NC_045512.2	13812	G	A	75641	24793	35	2	0	30	2.644e-05	75643	1	FALSE	NA	NA	NA	NA	NA	NA
NC_045512.2	13813	G	C	75659	24755	35	1	1	34	1.32153e-05	75670	1	FALSE	NA	NA	NA	NA	NA	NA
NC_045512.2	13813	G	A	75659	24755	35	10	0	37	0.000132153	75670	1	FALSE	NA	NA	NA	NA	NA	NA
NC_045512.2	13814	C	T	75497	24768	35	71	14	33	0.000939452	75576	0.660286	FALSE	NA	NA	NA	NA	NA	NA
NC_045512.2	13814	C	A	75497	24768	35	8	6	33	0.000105854	75576	1	FALSE	NA	NA	NA	NA	NA	NA
NC_045512.2	13815	A	G	74716	23731	35	19	9	32	0.000254232	74735	1	FALSE	NA	NA	NA	NA	NA	NA
NC_045512.2	13816	G	T	75759	23734	35	1	1	34	1.31991e-05	75763	1	FALSE	NA	NA	NA	NA	NA	NA
NC_045512.2	13816	G	C	75759	23734	35	1	0	34	1.31991e-05	75763	1	FALSE	NA	NA	NA	NA	NA	NA
NC_045512.2	13816	G	A	75759	23734	35	2	2	34	2.63981e-05	75763	1	FALSE	NA	NA	NA	NA	NA	NA
NC_045512.2	13817	A	G	74809	22729	35	4	0	32	5.34666e-05	74813	1	FALSE	NA	NA	NA	NA	NA	NA
NC_045512.2	13818	C	T	75076	22937	34	2	2	34	2.66383e-05	75080	1	FALSE	NA	NA	NA	NA	NA	NA
NC_045512.2	13818	C	A	75076	22937	34	2	0	34	2.66383e-05	75080	1	FALSE	NA	NA	NA	NA	NA	NA
NC_045512.2	13819	C	A	73310	21482	34	3	2	34	4.09204e-05	73313	1	FALSE	NA	NA	NA	NA	NA	NA
NC_045512.2	13820	T	C	72564	20493	35	9	5	36	0.000124013	72573	1	FALSE	NA	NA	NA	NA	NA	NA
NC_045512.2	13821	C	T	74713	19778	35	4	1	34	5.35346e-05	74718	1	FALSE	NA	NA	NA	NA	NA	NA
NC_045512.2	13821	C	G	74713	19778	35	1	0	34	1.33837e-05	74718	1	FALSE	NA	NA	NA	NA	NA	NA
NC_045512.2	13822	G	A	74838	19766	35	6	2	31	8.01667e-05	74844	1	FALSE	NA	NA	NA	NA	NA	NA
NC_045512.2	13823	T	C	74741	19754	35	9	2	34	0.0001204	74751	1	FALSE	NA	NA	NA	NA	NA	NA
NC_045512.2	13823	T	A	74741	19754	35	1	0	34	1.33777e-05	74751	1	FALSE	NA	NA	NA	NA	NA	NA
NC_045512.2	13824	C	T	74973	19854	35	4	3	49	5.33468e-05	74981	0.886714	FALSE	NA	NA	NA	NA	NA	NA
NC_045512.2	13824	C	G	74973	19854	35	1	1	34	1.33367e-05	74981	1	FALSE	NA	NA	NA	NA	NA	NA
NC_045512.2	13824	C	A	74973	19854	35	3	0	34	4.00101e-05	74981	1	FALSE	NA	NA	NA	NA	NA	NA
NC_045512.2	13825	T	C	73015	17983	35	9	4	41	0.000123247	73024	0.401815	FALSE	NA	NA	NA	NA	NA	NA
NC_045512.2	13826	A	G	73207	17956	35	4	0	32	5.46359e-05	73212	1	FALSE	NA	NA	NA	NA	NA	NA
NC_045512.2	13826	A	C	73207	17956	35	1	1	34	1.3659e-05	73212	1	FALSE	NA	NA	NA	NA	NA	NA
NC_045512.2	13827	T	C	72741	17572	35	9	4	32	0.000123705	72754	1	FALSE	NA	NA	NA	NA	NA	NA
NC_045512.2	13827	T	A	72741	17572	35	4	0	34	5.49798e-05	72754	1	FALSE	NA	NA	NA	NA	NA	NA
NC_045512.2	13828	G	C	73079	17366	35	1	1	26	1.36827e-05	73085	1	FALSE	NA	NA	NA	NA	NA	NA
NC_045512.2	13828	G	A	73079	17366	35	5	1	34	6.84135e-05	73085	1	FALSE	NA	NA	NA	NA	NA	NA
NC_045512.2	13829	C	T	73799	17645	34	3	2	34	4.06488e-05	73803	1	FALSE	NA	NA	NA	NA	NA	NA
NC_045512.2	13829	C	A	73799	17645	34	1	0	34	1.35496e-05	73803	1	FALSE	NA	NA	NA	NA	NA	NA
NC_045512.2	13830	T	C	58613	2200	35	3	0	34	5.11806e-05	58616	1	FALSE	NA	NA	NA	NA	NA	NA
NC_045512.2	13831	T	G	58810	2223	35	4	0	30	6.80075e-05	58817	1	FALSE	NA	NA	NA	NA	NA	NA
NC_045512.2	13831	T	C	58810	2223	35	3	0	31	5.10057e-05	58817	1	FALSE	NA	NA	NA	NA	NA	NA
NC_045512.2	13832	T	C	59009	2293	35	5	0	30	8.47242e-05	59015	1	FALSE	NA	NA	NA	NA	NA	NA
NC_045512.2	13832	T	A	59009	2293	35	1	0	34	1.69448e-05	59015	1	FALSE	NA	NA	NA	NA	NA	NA
NC_045512.2	13833	A	T	58884	2472	35	2	0	34	3.39639e-05	58886	1	FALSE	NA	NA	NA	NA	NA	NA
NC_045512.2	13834	A	T	58216	2496	35	3	1	31	5.15251e-05	58224	1	FALSE	NA	NA	NA	NA	NA	NA
NC_045512.2	13834	A	G	58216	2496	35	5	0	34	8.58752e-05	58224	1	FALSE	NA	NA	NA	NA	NA	NA
NC_045512.2	13836	G	T	59060	2658	35	2	0	34	3.3845e-05	59093	1	FALSE	NA	NA	NA	NA	NA	NA
NC_045512.2	13836	G	A	59060	2658	35	31	0	34	0.000524597	59093	0.998974	FALSE	NA	NA	NA	NA	NA	NA
NC_045512.2	13837	C	T	57875	2652	35	1	0	34	1.72783e-05	57876	1	FALSE	NA	NA	NA	NA	NA	NA
NC_045512.2	13838	A	G	59257	2664	35	1	0	34	1.68754e-05	59258	1	FALSE	NA	NA	NA	NA	NA	NA
NC_045512.2	13838	A	-T	59257	2664	35	11	0	20	0.000185629	59258	1	FALSE	NA	NA	NA	NA	NA	NA
NC_045512.2	13838	A	+T	59257	2664	35	1	0	20	1.68754e-05	59258	1	FALSE	NA	NA	NA	NA	NA	NA
NC_045512.2	13839	T	C	59054	2784	35	2	0	34	3.3865e-05	59058	1	FALSE	NA	NA	NA	NA	NA	NA
NC_045512.2	13839	T	A	59054	2784	35	2	1	51	3.3865e-05	59058	0.249951	FALSE	NA	NA	NA	NA	NA	NA
NC_045512.2	13840	T	C	59427	2780	35	4	0	34	6.73038e-05	59432	1	FALSE	NA	NA	NA	NA	NA	NA
NC_045512.2	13840	T	A	59427	2780	35	1	0	26	1.6826e-05	59432	1	FALSE	NA	NA	NA	NA	NA	NA
NC_045512.2	13841	T	C	59157	2768	36	372	17	36	0.00624874	59532	4.30107e-57	TRUE	NA	NA	NA	NA	NA	NA
NC_045512.2	13841	T	A	59157	2768	36	3	0	31	5.03931e-05	59532	1	FALSE	NA	NA	NA	NA	NA	NA
NC_045512.2	13842	T	G	59584	2788	36	1	0	34	1.67808e-05	59592	1	FALSE	NA	NA	NA	NA	NA	NA
NC_045512.2	13842	T	C	59584	2788	36	6	1	34	0.000100685	59592	1	FALSE	NA	NA	NA	NA	NA	NA
NC_045512.2	13842	T	A	59584	2788	36	1	0	24	1.67808e-05	59592	1	FALSE	NA	NA	NA	NA	NA	NA
NC_045512.2	13843	G	A	59711	2779	36	2	0	34	3.34935e-05	59713	1	FALSE	NA	NA	NA	NA	NA	NA
NC_045512.2	13844	A	G	59779	2820	36	4	0	34	6.69087e-05	59783	1	FALSE	NA	NA	NA	NA	NA	NA
NC_045512.2	13845	T	G	59693	2828	36	1	0	26	1.67504e-05	59700	1	FALSE	NA	NA	NA	NA	NA	NA
NC_045512.2	13845	T	C	59693	2828	36	5	3	61	8.37521e-05	59700	0.0312461	FALSE	NA	NA	NA	NA	NA	NA
NC_045512.2	13845	T	A	59693	2828	36	1	0	34	1.67504e-05	59700	1	FALSE	NA	NA	NA	NA	NA	NA
NC_045512.2	13846	G	T	59764	2835	36	1	0	34	1.67311e-05	59769	1	FALSE	NA	NA	NA	NA	NA	NA
NC_045512.2	13846	G	C	59764	2835	36	1	0	34	1.67311e-05	59769	1	FALSE	NA	NA	NA	NA	NA	NA
NC_045512.2	13846	G	A	59764	2835	36	3	0	34	5.01932e-05	59769	1	FALSE	NA	NA	NA	NA	NA	NA
NC_045512.2	13847	A	T	59803	2852	36	3	1	34	5.01605e-05	59808	1	FALSE	NA	NA	NA	NA	NA	NA
NC_045512.2	13847	A	G	59803	2852	36	2	0	51	3.34403e-05	59808	0.24999	FALSE	NA	NA	NA	NA	NA	NA
NC_045512.2	13848	A	T	61978	2866	36	2	0	34	3.2257e-05	62002	1	FALSE	NA	NA	NA	NA	NA	NA
NC_045512.2	13848	A	G	61978	2866	36	16	0	33	0.000258056	62002	1	FALSE	NA	NA	NA	NA	NA	NA
NC_045512.2	13848	A	C	61978	2866	36	6	0	34	9.67711e-05	62002	1	FALSE	NA	NA	NA	NA	NA	NA
NC_045512.2	13849	G	A	62380	2862	36	1	0	26	1.60305e-05	62381	1	FALSE	NA	NA	NA	NA	NA	NA
NC_045512.2	13850	G	T	62263	2868	36	2	0	34	3.21182e-05	62270	1	FALSE	NA	NA	NA	NA	NA	NA
NC_045512.2	13850	G	A	62263	2868	36	5	1	30	8.02955e-05	62270	1	FALSE	NA	NA	NA	NA	NA	NA
NC_045512.2	13851	T	G	62292	2963	36	1	0	34	1.60524e-05	62296	1	FALSE	NA	NA	NA	NA	NA	NA
NC_045512.2	13851	T	C	62292	2963	36	3	0	34	4.81572e-05	62296	1	FALSE	NA	NA	NA	NA	NA	NA
NC_045512.2	13852	A	G	62758	3150	36	4	1	34	6.37328e-05	62762	1	FALSE	NA	NA	NA	NA	NA	NA
NC_045512.2	13853	A	T	62788	3187	36	2	0	34	3.18512e-05	62792	1	FALSE	NA	NA	NA	NA	NA	NA
NC_045512.2	13853	A	G	62788	3187	36	2	0	34	3.18512e-05	62792	1	FALSE	NA	NA	NA	NA	NA	NA
NC_045512.2	13854	T	G	63311	3324	36	3	0	34	4.73784e-05	63320	1	FALSE	NA	NA	NA	NA	NA	NA
NC_045512.2	13854	T	C	63311	3324	36	5	0	34	7.8964e-05	63320	1	FALSE	NA	NA	NA	NA	NA	NA
NC_045512.2	13854	T	A	63311	3324	36	1	0	26	1.57928e-05	63320	1	FALSE	NA	NA	NA	NA	NA	NA
NC_045512.2	13855	T	G	62660	3330	36	2	0	30	3.19061e-05	62684	1	FALSE	NA	NA	NA	NA	NA	NA
NC_045512.2	13855	T	C	62660	3330	36	5	0	32	7.97652e-05	62684	1	FALSE	NA	NA	NA	NA	NA	NA
NC_045512.2	13855	T	A	62660	3330	36	17	0	33	0.000271202	62684	1	FALSE	NA	NA	NA	NA	NA	NA
NC_045512.2	13856	G	A	65070	3338	36	2	0	34	3.07352e-05	65072	1	FALSE	NA	NA	NA	NA	NA	NA
NC_045512.2	13857	T	C	65083	3932	37	6	0	34	9.21786e-05	65091	1	FALSE	NA	NA	NA	NA	NA	NA
NC_045512.2	13857	T	A	65083	3932	37	2	0	51	3.07262e-05	65091	0.249979	FALSE	NA	NA	NA	NA	NA	NA
NC_045512.2	13858	G	T	65154	3940	37	1	0	34	1.53473e-05	65158	1	FALSE	NA	NA	NA	NA	NA	NA
NC_045512.2	13858	G	A	65154	3940	37	3	2	56	4.60419e-05	65158	0.124997	FALSE	NA	NA	NA	NA	NA	NA
NC_045512.2	13859	A	T	65024	4483	37	2	0	34	3.07527e-05	65035	1	FALSE	NA	NA	NA	NA	NA	NA
NC_045512.2	13859	A	G	65024	4483	37	9	0	34	0.000138387	65035	1	FALSE	NA	NA	NA	NA	NA	NA
NC_045512.2	13860	C	T	64505	4756	37	4	0	51	6.2003e-05	64513	0.0624913	FALSE	NA	NA	NA	NA	NA	NA
NC_045512.2	13860	C	G	64505	4756	37	2	0	30	3.10015e-05	64513	1	FALSE	NA	NA	NA	NA	NA	NA
NC_045512.2	13860	C	A	64505	4756	37	2	0	34	3.10015e-05	64513	1	FALSE	NA	NA	NA	NA	NA	NA
NC_045512.2	13861	A	T	64091	4782	37	1	0	34	1.56011e-05	64098	1	FALSE	NA	NA	NA	NA	NA	NA
NC_045512.2	13861	A	G	64091	4782	37	6	0	34	9.36067e-05	64098	1	FALSE	NA	NA	NA	NA	NA	NA
NC_045512.2	13862	C	T	63337	4898	37	69	12	36	0.00108823	63406	0.331743	FALSE	NA	NA	NA	NA	NA	NA
NC_045512.2	13863	A	G	63542	4934	37	3	0	31	4.72106e-05	63545	1	FALSE	NA	NA	NA	NA	NA	NA
NC_045512.2	13864	T	G	60869	5100	37	1	0	34	1.64276e-05	60873	1	FALSE	NA	NA	NA	NA	NA	NA
NC_045512.2	13864	T	C	60869	5100	37	3	0	28	4.92829e-05	60873	1	FALSE	NA	NA	NA	NA	NA	NA
NC_045512.2	13865	T	G	60567	5154	37	1	0	26	1.65096e-05	60571	1	FALSE	NA	NA	NA	NA	NA	NA
NC_045512.2	13865	T	C	60567	5154	37	3	0	34	4.95287e-05	60571	1	FALSE	NA	NA	NA	NA	NA	NA
NC_045512.2	13865	T	-A	60567	5154	37	1	0	20	1.65096e-05	60571	1	FALSE	NA	NA	NA	NA	NA	NA
NC_045512.2	13866	A	T	60429	5186	37	1	0	34	1.65475e-05	60432	1	FALSE	NA	NA	NA	NA	NA	NA
NC_045512.2	13866	A	G	60429	5186	37	2	0	34	3.3095e-05	60432	1	FALSE	NA	NA	NA	NA	NA	NA
NC_045512.2	13867	A	G	58145	5529	37	6	0	31	0.00010318	58151	1	FALSE	NA	NA	NA	NA	NA	NA
NC_045512.2	13868	A	T	57465	5867	37	2	0	34	3.48014e-05	57469	1	FALSE	NA	NA	NA	NA	NA	NA
NC_045512.2	13868	A	G	57465	5867	37	2	0	34	3.48014e-05	57469	1	FALSE	NA	NA	NA	NA	NA	NA
NC_045512.2	13869	A	T	57842	5880	37	1	0	26	1.72864e-05	57849	1	FALSE	NA	NA	NA	NA	NA	NA
NC_045512.2	13869	A	G	57842	5880	37	6	0	34	0.000103718	57849	1	FALSE	NA	NA	NA	NA	NA	NA
NC_045512.2	13870	G	A	56001	6003	37	9	0	34	0.000160686	56010	1	FALSE	NA	NA	NA	NA	NA	NA
NC_045512.2	13871	A	T	54408	5809	37	2	0	34	3.67566e-05	54412	1	FALSE	NA	NA	NA	NA	NA	NA
NC_045512.2	13871	A	G	54408	5809	37	2	0	34	3.67566e-05	54412	1	FALSE	NA	NA	NA	NA	NA	NA
NC_045512.2	13872	A	G	44988	6705	37	2	1	51	4.44533e-05	44991	0.249997	FALSE	NA	NA	NA	NA	NA	NA
NC_045512.2	13872	A	C	44988	6705	37	1	0	26	2.22267e-05	44991	1	FALSE	NA	NA	NA	NA	NA	NA
NC_045512.2	13873	A	G	45091	6908	37	1	0	34	2.21764e-05	45093	1	FALSE	NA	NA	NA	NA	NA	NA
NC_045512.2	13873	A	C	45091	6908	37	1	1	27	2.21764e-05	45093	1	FALSE	NA	NA	NA	NA	NA	NA
NC_045512.2	13874	T	C	44423	6886	37	3	1	38	6.7525e-05	44428	1	FALSE	NA	NA	NA	NA	NA	NA
NC_045512.2	13874	T	A	44423	6886	37	2	1	34	4.50167e-05	44428	1	FALSE	NA	NA	NA	NA	NA	NA
NC_045512.2	13875	A	G	43548	7005	37	8	1	37	0.000183672	43556	1	FALSE	NA	NA	NA	NA	NA	NA
NC_045512.2	13877	T	G	34724	7719	37	1	0	34	2.87977e-05	34725	1	FALSE	NA	NA	NA	NA	NA	NA
NC_045512.2	13878	T	G	35028	8168	37	1	0	26	2.85445e-05	35033	1	FALSE	NA	NA	NA	NA	NA	NA
NC_045512.2	13878	T	C	35028	8168	37	4	1	34	0.000114178	35033	1	FALSE	NA	NA	NA	NA	NA	NA
NC_045512.2	13879	G	T	35306	8208	37	2	0	34	5.66444e-05	35308	1	FALSE	NA	NA	NA	NA	NA	NA
NC_045512.2	13880	T	G	34808	8253	37	1	0	34	2.87208e-05	34818	1	FALSE	NA	NA	NA	NA	NA	NA
NC_045512.2	13880	T	C	34808	8253	37	8	4	38	0.000229766	34818	0.999992	FALSE	NA	NA	NA	NA	NA	NA
NC_045512.2	13880	T	A	34808	8253	37	1	1	34	2.87208e-05	34818	1	FALSE	NA	NA	NA	NA	NA	NA
NC_045512.2	13881	C	T	34107	8320	37	1	0	34	2.93186e-05	34108	1	FALSE	NA	NA	NA	NA	NA	NA
NC_045512.2	13882	A	G	34550	8657	37	4	1	49	0.000115761	34554	0.500016	FALSE	NA	NA	NA	NA	NA	NA
NC_045512.2	13883	C	G	34911	8670	37	1	0	34	2.86434e-05	34912	1	FALSE	NA	NA	NA	NA	NA	NA
NC_045512.2	13884	A	T	34847	8742	36	1	0	26	2.86952e-05	34849	1	FALSE	NA	NA	NA	NA	NA	NA
NC_045512.2	13884	A	G	34847	8742	36	1	0	34	2.86952e-05	34849	1	FALSE	NA	NA	NA	NA	NA	NA
NC_045512.2	13885	T	C	35510	8795	37	11	5	54	0.000309676	35521	0.000487979	TRUE	NA	NA	NA	NA	NA	NA
NC_045512.2	13886	A	T	34705	8776	36	1	0	34	2.88135e-05	34706	1	FALSE	NA	NA	NA	NA	NA	NA
NC_045512.2	13887	C	T	34976	8953	36	33	25	33	0.000942561	35011	0.641872	FALSE	NA	NA	NA	NA	NA	NA
NC_045512.2	13887	C	G	34976	8953	36	2	0	26	5.71249e-05	35011	1	FALSE	NA	NA	NA	NA	NA	NA
NC_045512.2	13888	A	G	34840	8789	36	2	0	34	5.74003e-05	34843	1	FALSE	NA	NA	NA	NA	NA	NA
NC_045512.2	13888	A	C	34840	8789	36	1	1	34	2.87002e-05	34843	1	FALSE	NA	NA	NA	NA	NA	NA
NC_045512.2	13889	A	G	34930	9281	36	1	0	68	2.86279e-05	34931	0.500007	FALSE	NA	NA	NA	NA	NA	NA
NC_045512.2	13890	T	G	35598	9735	37	1	0	26	2.80883e-05	35602	1	FALSE	NA	NA	NA	NA	NA	NA
NC_045512.2	13890	T	C	35598	9735	37	3	2	35	8.42649e-05	35602	1	FALSE	NA	NA	NA	NA	NA	NA
NC_045512.2	13891	T	C	35624	9688	37	3	0	34	8.42058e-05	35627	1	FALSE	NA	NA	NA	NA	NA	NA
NC_045512.2	13892	G	C	35458	9511	37	1	1	34	2.82016e-05	35459	1	FALSE	NA	NA	NA	NA	NA	NA
NC_045512.2	13893	T	G	35147	9401	37	1	0	26	2.84487e-05	35151	1	FALSE	NA	NA	NA	NA	NA	NA
NC_045512.2	13893	T	C	35147	9401	37	3	1	45	8.53461e-05	35151	0.656257	FALSE	NA	NA	NA	NA	NA	NA
NC_045512.2	13894	T	C	34050	9660	37	4	4	31	0.000117461	34054	1	FALSE	NA	NA	NA	NA	NA	NA
NC_045512.2	13895	G	A	34179	9631	37	2	0	51	5.8512e-05	34181	0.250004	FALSE	NA	NA	NA	NA	NA	NA
NC_045512.2	13896	T	C	33616	9273	37	1	0	26	2.9746e-05	33618	1	FALSE	NA	NA	NA	NA	NA	NA
NC_045512.2	13896	T	A	33616	9273	37	1	1	34	2.9746e-05	33618	1	FALSE	NA	NA	NA	NA	NA	NA
NC_045512.2	13897	G	T	33580	9225	37	2	0	51	5.95557e-05	33582	0.250004	FALSE	NA	NA	NA	NA	NA	NA
NC_045512.2	13898	A	T	33335	9247	37	1	0	68	2.99967e-05	33337	0.5	FALSE	NA	NA	NA	NA	NA	NA
NC_045512.2	13898	A	G	33335	9247	37	1	0	34	2.99967e-05	33337	1	FALSE	NA	NA	NA	NA	NA	NA
NC_045512.2	13899	T	C	32276	9437	36	1	0	34	3.09818e-05	32277	1	FALSE	NA	NA	NA	NA	NA	NA
NC_045512.2	13900	G	A	31834	9420	36	1	0	34	3.1412e-05	31835	1	FALSE	NA	NA	NA	NA	NA	NA
NC_045512.2	13901	A	T	31768	9512	36	1	0	26	3.14743e-05	31772	1	FALSE	NA	NA	NA	NA	NA	NA
NC_045512.2	13901	A	G	31768	9512	36	3	1	34	9.44228e-05	31772	1	FALSE	NA	NA	NA	NA	NA	NA
NC_045512.2	13903	G	A	31882	9501	36	2	0	30	6.27274e-05	31884	1	FALSE	NA	NA	NA	NA	NA	NA
NC_045512.2	13904	A	T	30947	9609	36	2	0	34	6.46078e-05	30956	1	FALSE	NA	NA	NA	NA	NA	NA
NC_045512.2	13904	A	G	30947	9609	36	7	3	31	0.000226127	30956	0.999979	FALSE	NA	NA	NA	NA	NA	NA
NC_045512.2	13905	T	C	31091	9649	36	1	0	34	3.21626e-05	31092	1	FALSE	NA	NA	NA	NA	NA	NA
NC_045512.2	13906	T	C	32676	11845	37	4	0	34	0.000122399	32680	1	FALSE	NA	NA	NA	NA	NA	NA
NC_045512.2	13907	A	T	32273	12092	37	2	1	46	6.19559e-05	32281	0.812461	FALSE	NA	NA	NA	NA	NA	NA
NC_045512.2	13907	A	G	32273	12092	37	5	3	34	0.00015489	32281	0.999999	FALSE	NA	NA	NA	NA	NA	NA
NC_045512.2	13907	A	C	32273	12092	37	1	0	26	3.0978e-05	32281	1	FALSE	NA	NA	NA	NA	NA	NA
NC_045512.2	13908	T	G	32357	12156	37	2	0	30	6.18028e-05	32361	1	FALSE	NA	NA	NA	NA	NA	NA
NC_045512.2	13908	T	C	32357	12156	37	2	0	30	6.18028e-05	32361	1	FALSE	NA	NA	NA	NA	NA	NA
NC_045512.2	13909	T	C	31616	12151	37	3	1	42	9.48797e-05	31619	0.656272	FALSE	NA	NA	NA	NA	NA	NA
NC_045512.2	13910	T	C	31639	12207	37	2	1	40	6.32091e-05	31641	0.81252	FALSE	NA	NA	NA	NA	NA	NA
NC_045512.2	13911	C	-A	30728	12612	37	1	0	20	3.25436e-05	30728	1	FALSE	NA	NA	NA	NA	NA	NA
NC_045512.2	13912	A	G	30393	12258	36	12	11	34	0.000394672	30405	0.998561	FALSE	NA	NA	NA	NA	NA	NA
NC_045512.2	13913	A	T	29822	12487	36	2	1	26	6.70578e-05	29825	1	FALSE	NA	NA	NA	NA	NA	NA
NC_045512.2	13913	A	G	29822	12487	36	1	1	34	3.35289e-05	29825	1	FALSE	NA	NA	NA	NA	NA	NA
NC_045512.2	13914	T	G	30884	12955	37	1	0	26	3.23782e-05	30885	1	FALSE	NA	NA	NA	NA	NA	NA
NC_045512.2	13914	T	-A	30884	12955	37	7	0	20	0.000226647	30885	1	FALSE	NA	NA	NA	NA	NA	NA
NC_045512.2	13915	A	G	30884	12921	37	7	2	34	0.000226603	30891	0.999979	FALSE	NA	NA	NA	NA	NA	NA
NC_045512.2	13916	A	T	32062	14159	37	1	1	24	3.11867e-05	32065	1	FALSE	NA	NA	NA	NA	NA	NA
NC_045512.2	13916	A	G	32062	14159	37	2	0	34	6.23733e-05	32065	1	FALSE	NA	NA	NA	NA	NA	NA
NC_045512.2	13917	A	G	31067	14235	37	2	1	34	6.43708e-05	31070	1	FALSE	NA	NA	NA	NA	NA	NA
NC_045512.2	13917	A	C	31067	14235	37	1	1	34	3.21854e-05	31070	1	FALSE	NA	NA	NA	NA	NA	NA
NC_045512.2	13918	A	G	31162	14272	37	3	2	45	9.62618e-05	31165	0.656273	FALSE	NA	NA	NA	NA	NA	NA
NC_045512.2	13918	A	+C	31162	14272	37	1	0	20	3.20873e-05	31165	1	FALSE	NA	NA	NA	NA	NA	NA
NC_045512.2	13919	A	G	30930	14382	37	4	3	42	0.000129303	30935	0.5	FALSE	NA	NA	NA	NA	NA	NA
NC_045512.2	13919	A	C	30930	14382	37	1	1	34	3.23258e-05	30935	1	FALSE	NA	NA	NA	NA	NA	NA
NC_045512.2	13920	G	T	31280	14331	37	1	0	34	3.19683e-05	31281	1	FALSE	NA	NA	NA	NA	NA	NA
NC_045512.2	13920	G	+C	31280	14331	37	1	0	20	3.19683e-05	31281	1	FALSE	NA	NA	NA	NA	NA	NA
NC_045512.2	13921	G	C	31018	14473	37	1	1	26	3.22383e-05	31019	1	FALSE	NA	NA	NA	NA	NA	NA
NC_045512.2	13922	A	T	29492	15131	36	1	1	34	3.39041e-05	29495	1	FALSE	NA	NA	NA	NA	NA	NA
NC_045512.2	13922	A	G	29492	15131	36	2	1	34	6.78081e-05	29495	1	FALSE	NA	NA	NA	NA	NA	NA
NC_045512.2	13923	C	T	29436	15265	36	3	1	34	0.000101902	29440	1	FALSE	NA	NA	NA	NA	NA	NA
NC_045512.2	13923	C	A	29436	15265	36	1	0	34	3.39674e-05	29440	1	FALSE	NA	NA	NA	NA	NA	NA
NC_045512.2	13925	G	T	30286	15632	36	1	0	34	3.30142e-05	30290	1	FALSE	NA	NA	NA	NA	NA	NA
NC_045512.2	13925	G	C	30286	15632	36	2	2	34	6.60284e-05	30290	1	FALSE	NA	NA	NA	NA	NA	NA
NC_045512.2	13925	G	A	30286	15632	36	1	1	34	3.30142e-05	30290	1	FALSE	NA	NA	NA	NA	NA	NA
NC_045512.2	13926	G	C	30800	15871	37	1	1	34	3.24654e-05	30802	1	FALSE	NA	NA	NA	NA	NA	NA
NC_045512.2	13926	G	A	30800	15871	37	1	0	34	3.24654e-05	30802	1	FALSE	NA	NA	NA	NA	NA	NA
NC_045512.2	13927	T	G	30895	16049	37	2	0	34	6.47207e-05	30902	1	FALSE	NA	NA	NA	NA	NA	NA
NC_045512.2	13927	T	C	30895	16049	37	4	4	34	0.000129441	30902	1	FALSE	NA	NA	NA	NA	NA	NA
NC_045512.2	13927	T	A	30895	16049	37	1	0	34	3.23604e-05	30902	1	FALSE	NA	NA	NA	NA	NA	NA
NC_045512.2	13928	A	G	30937	16096	37	1	1	34	3.23227e-05	30938	1	FALSE	NA	NA	NA	NA	NA	NA
NC_045512.2	13929	T	G	30338	15951	36	2	0	30	6.59174e-05	30341	1	FALSE	NA	NA	NA	NA	NA	NA
NC_045512.2	13929	T	A	30338	15951	36	1	0	34	3.29587e-05	30341	1	FALSE	NA	NA	NA	NA	NA	NA
NC_045512.2	13930	G	A	29264	16037	36	1	0	34	3.41705e-05	29265	1	FALSE	NA	NA	NA	NA	NA	NA
NC_045512.2	13931	A	G	29466	16232	36	1	0	34	3.39363e-05	29467	1	FALSE	NA	NA	NA	NA	NA	NA
NC_045512.2	13932	T	G	29621	16225	36	1	1	26	3.37564e-05	29624	1	FALSE	NA	NA	NA	NA	NA	NA
NC_045512.2	13932	T	C	29621	16225	36	2	2	51	6.75128e-05	29624	0.249996	FALSE	NA	NA	NA	NA	NA	NA
NC_045512.2	13933	T	C	27291	13914	35	4	2	34	0.000146542	27296	0.999998	FALSE	NA	NA	NA	NA	NA	NA
NC_045512.2	13933	T	A	27291	13914	35	1	0	20	3.66354e-05	27296	1	FALSE	NA	NA	NA	NA	NA	NA
NC_045512.2	13935	T	C	28779	15454	36	3	3	34	0.000104232	28782	1	FALSE	NA	NA	NA	NA	NA	NA
NC_045512.2	13936	G	C	28900	15476	36	1	1	26	3.45985e-05	28903	1	FALSE	NA	NA	NA	NA	NA	NA
NC_045512.2	13936	G	A	28900	15476	36	2	1	34	6.9197e-05	28903	1	FALSE	NA	NA	NA	NA	NA	NA
NC_045512.2	13937	T	C	29188	15905	36	2	2	34	6.85166e-05	29190	1	FALSE	NA	NA	NA	NA	NA	NA
NC_045512.2	13938	A	G	29152	15875	36	6	5	32	0.000205775	29158	0.999989	FALSE	NA	NA	NA	NA	NA	NA
NC_045512.2	13939	G	-A	28914	15893	36	2	0	20	6.91706e-05	28914	1	FALSE	NA	NA	NA	NA	NA	NA
NC_045512.2	13940	A	G	28649	15695	36	1	0	26	3.49028e-05	28651	1	FALSE	NA	NA	NA	NA	NA	NA
NC_045512.2	13940	A	C	28649	15695	36	1	1	34	3.49028e-05	28651	1	FALSE	NA	NA	NA	NA	NA	NA
NC_045512.2	13941	A	G	28956	15981	36	6	1	39	0.000207168	28962	0.999981	FALSE	NA	NA	NA	NA	NA	NA
NC_045512.2	13942	A	T	29094	16126	37	1	1	34	3.43678e-05	29097	1	FALSE	NA	NA	NA	NA	NA	NA
NC_045512.2	13942	A	G	29094	16126	37	1	1	34	3.43678e-05	29097	1	FALSE	NA	NA	NA	NA	NA	NA
NC_045512.2	13942	A	C	29094	16126	37	1	1	26	3.43678e-05	29097	1	FALSE	NA	NA	NA	NA	NA	NA
NC_045512.2	13943	A	C	29095	16131	36	1	1	34	3.4369e-05	29096	1	FALSE	NA	NA	NA	NA	NA	NA
NC_045512.2	13943	A	-C	29095	16131	36	1	0	20	3.4369e-05	29096	1	FALSE	NA	NA	NA	NA	NA	NA
NC_045512.2	13944	C	T	29643	16447	36	1	1	34	3.37325e-05	29645	1	FALSE	NA	NA	NA	NA	NA	NA
NC_045512.2	13944	C	A	29643	16447	36	1	0	34	3.37325e-05	29645	1	FALSE	NA	NA	NA	NA	NA	NA
NC_045512.2	13946	C	A	29729	16491	36	2	0	34	6.72699e-05	29731	1	FALSE	NA	NA	NA	NA	NA	NA
NC_045512.2	13947	A	T	29645	16471	36	2	2	30	6.74468e-05	29653	1	FALSE	NA	NA	NA	NA	NA	NA
NC_045512.2	13947	A	G	29645	16471	36	5	1	40	0.000168617	29653	0.226521	FALSE	NA	NA	NA	NA	NA	NA
NC_045512.2	13947	A	C	29645	16471	36	1	1	26	3.37234e-05	29653	1	FALSE	NA	NA	NA	NA	NA	NA
NC_045512.2	13948	G	T	30704	16465	36	1	1	34	3.25669e-05	30706	1	FALSE	NA	NA	NA	NA	NA	NA
NC_045512.2	13948	G	A	30704	16465	36	1	0	26	3.25669e-05	30706	1	FALSE	NA	NA	NA	NA	NA	NA
NC_045512.2	13949	A	T	38710	27131	36	3	1	31	7.74893e-05	38715	1	FALSE	NA	NA	NA	NA	NA	NA
NC_045512.2	13949	A	G	38710	27131	36	2	1	34	5.16596e-05	38715	1	FALSE	NA	NA	NA	NA	NA	NA
NC_045512.2	13951	A	T	39267	27843	36	1	1	26	2.54654e-05	39269	1	FALSE	NA	NA	NA	NA	NA	NA
NC_045512.2	13951	A	G	39267	27843	36	1	1	68	2.54654e-05	39269	0.5	FALSE	NA	NA	NA	NA	NA	NA
NC_045512.2	13952	T	C	38471	26693	36	1	0	34	2.59923e-05	38473	1	FALSE	NA	NA	NA	NA	NA	NA
NC_045512.2	13952	T	A	38471	26693	36	1	1	26	2.59923e-05	38473	1	FALSE	NA	NA	NA	NA	NA	NA
NC_045512.2	13953	A	G	39807	28391	37	3	2	35	7.5358e-05	39810	1	FALSE	NA	NA	NA	NA	NA	NA
NC_045512.2	13953	A	-T	39807	28391	37	2	0	20	5.02386e-05	39810	1	FALSE	NA	NA	NA	NA	NA	NA
NC_045512.2	13954	T	C	39856	28434	37	7	5	34	0.000175601	39863	1	FALSE	NA	NA	NA	NA	NA	NA
NC_045512.2	13955	T	C	39443	28559	36	2	2	51	5.07035e-05	39445	0.250003	FALSE	NA	NA	NA	NA	NA	NA
NC_045512.2	13956	A	G	39675	28767	37	12	6	42	0.000302358	39688	0.0175697	FALSE	NA	NA	NA	NA	NA	NA
NC_045512.2	13956	A	C	39675	28767	37	1	1	26	2.51965e-05	39688	1	FALSE	NA	NA	NA	NA	NA	NA
NC_045512.2	13957	C	T	37614	28117	36	1	1	34	2.65851e-05	37615	1	FALSE	NA	NA	NA	NA	NA	NA
NC_045512.2	13958	G	T	37521	28038	36	1	1	34	2.66489e-05	37525	1	FALSE	NA	NA	NA	NA	NA	NA
NC_045512.2	13958	G	A	37521	28038	36	3	3	34	7.99467e-05	37525	1	FALSE	NA	NA	NA	NA	NA	NA
NC_045512.2	13959	C	T	37916	28337	36	6	6	32	0.00015822	37922	1	FALSE	NA	NA	NA	NA	NA	NA
NC_045512.2	13960	G	C	37887	28014	37	1	1	34	2.63873e-05	37897	1	FALSE	NA	NA	NA	NA	NA	NA
NC_045512.2	13960	G	A	37887	28014	37	9	9	40	0.000237486	37897	0.0729821	FALSE	NA	NA	NA	NA	NA	NA
NC_045512.2	13961	T	G	33562	23751	35	1	0	27	2.97912e-05	33567	1	FALSE	NA	NA	NA	NA	NA	NA
NC_045512.2	13961	T	C	33562	23751	35	2	2	34	5.95823e-05	33567	1	FALSE	NA	NA	NA	NA	NA	NA
NC_045512.2	13961	T	A	33562	23751	35	2	2	30	5.95823e-05	33567	1	FALSE	NA	NA	NA	NA	NA	NA
NC_045512.2	13962	A	G	37823	27964	37	1	0	34	2.64382e-05	37824	1	FALSE	NA	NA	NA	NA	NA	NA
NC_045512.2	13963	T	C	31978	22996	35	1	1	34	3.12598e-05	31990	1	FALSE	NA	NA	NA	NA	NA	NA
NC_045512.2	13963	T	A	31978	22996	35	11	11	30	0.000343857	31990	0.999531	FALSE	NA	NA	NA	NA	NA	NA
NC_045512.2	13965	C	T	39509	30464	36	13	4	38	0.000328931	39522	0.999937	FALSE	NA	NA	NA	NA	NA	NA
NC_045512.2	13966	G	C	39183	30149	36	2	2	36	5.10256e-05	39196	1	FALSE	NA	NA	NA	NA	NA	NA
NC_045512.2	13966	G	A	39183	30149	36	11	8	33	0.000280641	39196	0.999988	FALSE	NA	NA	NA	NA	NA	NA
NC_045512.2	13967	C	T	39339	30282	36	4	4	42	0.00010167	39343	0.500014	FALSE	NA	NA	NA	NA	NA	NA
NC_045512.2	13969	A	T	38960	30266	36	3	3	26	7.69843e-05	38969	1	FALSE	NA	NA	NA	NA	NA	NA
NC_045512.2	13969	A	G	38960	30266	36	1	1	34	2.56614e-05	38969	1	FALSE	NA	NA	NA	NA	NA	NA
NC_045512.2	13969	A	C	38960	30266	36	5	5	29	0.000128307	38969	1	FALSE	NA	NA	NA	NA	NA	NA
NC_045512.2	13970	A	C	38195	30466	36	1	1	24	2.61808e-05	38196	1	FALSE	NA	NA	NA	NA	NA	NA
NC_045512.2	13971	C	T	39414	30604	36	2	2	34	5.0737e-05	39419	1	FALSE	NA	NA	NA	NA	NA	NA
NC_045512.2	13971	C	A	39414	30604	36	3	3	34	7.61054e-05	39419	1	FALSE	NA	NA	NA	NA	NA	NA
NC_045512.2	13972	T	C	38731	29927	36	5	5	47	0.000129079	38736	0.363288	FALSE	NA	NA	NA	NA	NA	NA
NC_045512.2	13973	T	C	39080	30290	36	7	6	32	0.000179088	39087	1	FALSE	NA	NA	NA	NA	NA	NA
NC_045512.2	13974	A	G	39133	30275	36	5	2	34	0.000127753	39138	1	FALSE	NA	NA	NA	NA	NA	NA
NC_045512.2	13975	G	C	39115	30263	36	1	0	34	2.5563e-05	39119	1	FALSE	NA	NA	NA	NA	NA	NA
NC_045512.2	13975	G	A	39115	30263	36	3	2	31	7.66891e-05	39119	1	FALSE	NA	NA	NA	NA	NA	NA
NC_045512.2	13976	G	C	39955	31233	36	3	3	31	7.50751e-05	39960	1	FALSE	NA	NA	NA	NA	NA	NA
NC_045512.2	13976	G	A	39955	31233	36	2	2	34	5.00501e-05	39960	1	FALSE	NA	NA	NA	NA	NA	NA
NC_045512.2	13977	T	G	37850	29157	36	1	1	26	2.6418e-05	37853	1	FALSE	NA	NA	NA	NA	NA	NA
NC_045512.2	13977	T	C	37850	29157	36	2	2	34	5.2836e-05	37853	1	FALSE	NA	NA	NA	NA	NA	NA
NC_045512.2	13978	G	A	39582	30863	36	2	2	34	5.05255e-05	39584	1	FALSE	NA	NA	NA	NA	NA	NA
NC_045512.2	13979	A	G	39507	30806	36	4	4	34	0.000101227	39515	1	FALSE	NA	NA	NA	NA	NA	NA
NC_045512.2	13979	A	C	39507	30806	36	4	4	32	0.000101227	39515	1	FALSE	NA	NA	NA	NA	NA	NA
NC_045512.2	13980	A	T	38954	30835	36	1	1	27	2.56687e-05	38958	1	FALSE	NA	NA	NA	NA	NA	NA
NC_045512.2	13980	A	G	38954	30835	36	2	1	34	5.13373e-05	38958	1	FALSE	NA	NA	NA	NA	NA	NA
NC_045512.2	13980	A	C	38954	30835	36	1	0	26	2.56687e-05	38958	1	FALSE	NA	NA	NA	NA	NA	NA
NC_045512.2	13980	A	-C	38954	30835	36	3	0	20	7.7006e-05	38958	1	FALSE	NA	NA	NA	NA	NA	NA
NC_045512.2	13982	G	A	39900	31027	36	13	7	39	0.000325708	39913	0.999937	FALSE	NA	NA	NA	NA	NA	NA
NC_045512.2	13984	G	C	39715	31314	36	1	1	34	2.51781e-05	39717	1	FALSE	NA	NA	NA	NA	NA	NA
NC_045512.2	13984	G	A	39715	31314	36	1	1	34	2.51781e-05	39717	1	FALSE	NA	NA	NA	NA	NA	NA
NC_045512.2	13985	T	C	42449	34685	36	12	11	36	0.000282612	42461	0.999993	FALSE	NA	NA	NA	NA	NA	NA
NC_045512.2	13986	A	G	43047	35283	36	6	6	34	0.000139353	43056	1	FALSE	NA	NA	NA	NA	NA	NA
NC_045512.2	13986	A	C	43047	35283	36	3	3	34	6.96767e-05	43056	1	FALSE	NA	NA	NA	NA	NA	NA
NC_045512.2	13987	C	T	42884	35937	36	13	13	36	0.000303037	42899	0.999984	FALSE	NA	NA	NA	NA	NA	NA
NC_045512.2	13987	C	A	42884	35937	36	2	2	34	4.66211e-05	42899	1	FALSE	NA	NA	NA	NA	NA	NA
NC_045512.2	13988	G	C	42767	35808	36	1	1	26	2.33754e-05	42780	1	FALSE	NA	NA	NA	NA	NA	NA
NC_045512.2	13988	G	A	42767	35808	36	12	10	34	0.000280505	42780	0.999993	FALSE	NA	NA	NA	NA	NA	NA
NC_045512.2	13989	C	T	44632	37832	36	2	2	34	4.48089e-05	44634	1	FALSE	NA	NA	NA	NA	NA	NA
NC_045512.2	13990	C	T	44086	37394	36	1	1	34	2.26824e-05	44087	1	FALSE	NA	NA	NA	NA	NA	NA
NC_045512.2	13991	A	G	43526	36832	36	6	5	51	0.00013783	43532	0.0156234	FALSE	NA	NA	NA	NA	NA	NA
NC_045512.2	13992	A	G	43548	37001	36	1	1	34	2.29621e-05	43550	1	FALSE	NA	NA	NA	NA	NA	NA
NC_045512.2	13992	A	C	43548	37001	36	1	1	34	2.29621e-05	43550	1	FALSE	NA	NA	NA	NA	NA	NA
NC_045512.2	13993	G	T	43495	36855	36	2	2	30	4.5977e-05	43500	1	FALSE	NA	NA	NA	NA	NA	NA
NC_045512.2	13993	G	A	43495	36855	36	3	0	34	6.89655e-05	43500	1	FALSE	NA	NA	NA	NA	NA	NA
NC_045512.2	13994	C	T	44272	37781	36	2	2	34	4.51722e-05	44275	1	FALSE	NA	NA	NA	NA	NA	NA
NC_045512.2	13994	C	A	44272	37781	36	1	1	34	2.25861e-05	44275	1	FALSE	NA	NA	NA	NA	NA	NA
NC_045512.2	13995	T	C	42134	35694	35	5	4	34	0.000118649	42141	1	FALSE	NA	NA	NA	NA	NA	NA
NC_045512.2	13995	T	A	42134	35694	35	2	2	34	4.74597e-05	42141	1	FALSE	NA	NA	NA	NA	NA	NA
NC_045512.2	13996	T	C	44860	38461	36	5	4	28	0.000111443	44866	1	FALSE	NA	NA	NA	NA	NA	NA
NC_045512.2	13996	T	A	44860	38461	36	1	0	34	2.22886e-05	44866	1	FALSE	NA	NA	NA	NA	NA	NA
NC_045512.2	13997	T	C	44225	37832	36	1	1	34	2.26111e-05	44226	1	FALSE	NA	NA	NA	NA	NA	NA
NC_045512.2	13998	G	T	45155	38451	36	2	2	30	4.42889e-05	45158	1	FALSE	NA	NA	NA	NA	NA	NA
NC_045512.2	13998	G	A	45155	38451	36	1	1	34	2.21445e-05	45158	1	FALSE	NA	NA	NA	NA	NA	NA
NC_045512.2	14000	T	C	45851	39256	36	1	1	34	2.18083e-05	45854	1	FALSE	NA	NA	NA	NA	NA	NA
NC_045512.2	14000	T	A	45851	39256	36	2	2	34	4.36167e-05	45854	1	FALSE	NA	NA	NA	NA	NA	NA
NC_045512.2	14000	T	+A	45851	39256	36	1	0	20	2.18083e-05	45854	1	FALSE	NA	NA	NA	NA	NA	NA
NC_045512.2	14001	A	T	46048	39487	36	1	1	26	2.17146e-05	46052	1	FALSE	NA	NA	NA	NA	NA	NA
NC_045512.2	14001	A	G	46048	39487	36	3	2	34	6.51438e-05	46052	1	FALSE	NA	NA	NA	NA	NA	NA
NC_045512.2	14002	A	T	45857	39310	36	1	1	26	2.18055e-05	45860	1	FALSE	NA	NA	NA	NA	NA	NA
NC_045512.2	14002	A	G	45857	39310	36	2	2	34	4.3611e-05	45860	1	FALSE	NA	NA	NA	NA	NA	NA
NC_045512.2	14003	A	G	45934	39330	36	3	3	31	6.53054e-05	45938	1	FALSE	NA	NA	NA	NA	NA	NA
NC_045512.2	14003	A	C	45934	39330	36	1	1	34	2.17685e-05	45938	1	FALSE	NA	NA	NA	NA	NA	NA
NC_045512.2	14004	A	G	45805	39376	36	9	5	36	0.000196442	45815	1	FALSE	NA	NA	NA	NA	NA	NA
NC_045512.2	14004	A	C	45805	39376	36	1	1	34	2.18269e-05	45815	1	FALSE	NA	NA	NA	NA	NA	NA
NC_045512.2	14005	A	G	45719	39349	36	2	1	30	4.37436e-05	45721	1	FALSE	NA	NA	NA	NA	NA	NA
NC_045512.2	14006	C	G	45847	39338	36	1	0	27	2.18107e-05	45849	1	FALSE	NA	NA	NA	NA	NA	NA
NC_045512.2	14006	C	A	45847	39338	36	1	0	68	2.18107e-05	45849	0.5	FALSE	NA	NA	NA	NA	NA	NA
NC_045512.2	14007	A	T	42877	36373	36	1	1	26	2.33106e-05	42899	1	FALSE	NA	NA	NA	NA	NA	NA
NC_045512.2	14007	A	G	42877	36373	36	13	13	34	0.000303037	42899	0.999984	FALSE	NA	NA	NA	NA	NA	NA
NC_045512.2	14007	A	C	42877	36373	36	8	8	34	0.000186485	42899	1	FALSE	NA	NA	NA	NA	NA	NA
NC_045512.2	14008	G	A	43294	36384	36	1	1	34	2.30974e-05	43295	1	FALSE	NA	NA	NA	NA	NA	NA
NC_045512.2	14009	T	C	43436	36565	36	8	7	32	0.000184141	43445	1	FALSE	NA	NA	NA	NA	NA	NA
NC_045512.2	14009	T	A	43436	36565	36	1	1	24	2.30176e-05	43445	1	FALSE	NA	NA	NA	NA	NA	NA
NC_045512.2	14010	A	G	44620	37821	36	7	6	34	0.000156849	44629	1	FALSE	NA	NA	NA	NA	NA	NA
NC_045512.2	14010	A	C	44620	37821	36	2	2	34	4.48139e-05	44629	1	FALSE	NA	NA	NA	NA	NA	NA
NC_045512.2	14010	A	-C	44620	37821	36	1	0	20	2.2407e-05	44629	1	FALSE	NA	NA	NA	NA	NA	NA
NC_045512.2	14011	C	T	44657	37917	36	2	2	34	4.47838e-05	44659	1	FALSE	NA	NA	NA	NA	NA	NA
NC_045512.2	14012	A	G	44132	37399	36	4	2	34	9.0629e-05	44136	1	FALSE	NA	NA	NA	NA	NA	NA
NC_045512.2	14013	A	G	44344	37441	36	2	2	34	4.50999e-05	44346	1	FALSE	NA	NA	NA	NA	NA	NA
NC_045512.2	14014	T	C	44849	38061	36	5	4	34	0.000111473	44854	1	FALSE	NA	NA	NA	NA	NA	NA
NC_045512.2	14015	T	C	45121	38423	36	3	3	31	6.64835e-05	45124	1	FALSE	NA	NA	NA	NA	NA	NA
NC_045512.2	14016	C	T	45289	38570	36	2	2	34	4.41589e-05	45291	1	FALSE	NA	NA	NA	NA	NA	NA
NC_045512.2	14017	T	G	43581	36875	36	1	0	26	2.2941e-05	43590	1	FALSE	NA	NA	NA	NA	NA	NA
NC_045512.2	14017	T	C	43581	36875	36	8	8	36	0.000183528	43590	1	FALSE	NA	NA	NA	NA	NA	NA
NC_045512.2	14018	G	T	43951	37218	36	1	1	34	2.27511e-05	43954	1	FALSE	NA	NA	NA	NA	NA	NA
NC_045512.2	14018	G	A	43951	37218	36	2	1	51	4.55021e-05	43954	0.249997	FALSE	NA	NA	NA	NA	NA	NA
NC_045512.2	14019	T	C	43813	37084	36	2	1	51	4.56465e-05	43815	0.250003	FALSE	NA	NA	NA	NA	NA	NA
NC_045512.2	14020	G	T	43827	37104	36	1	1	34	2.28144e-05	43832	1	FALSE	NA	NA	NA	NA	NA	NA
NC_045512.2	14020	G	C	43827	37104	36	2	2	30	4.56288e-05	43832	1	FALSE	NA	NA	NA	NA	NA	NA
NC_045512.2	14020	G	A	43827	37104	36	2	0	34	4.56288e-05	43832	1	FALSE	NA	NA	NA	NA	NA	NA
NC_045512.2	14021	A	T	45123	38830	36	3	3	31	6.64732e-05	45131	1	FALSE	NA	NA	NA	NA	NA	NA
NC_045512.2	14021	A	G	45123	38830	36	4	4	34	8.86309e-05	45131	1	FALSE	NA	NA	NA	NA	NA	NA
NC_045512.2	14021	A	C	45123	38830	36	1	1	34	2.21577e-05	45131	1	FALSE	NA	NA	NA	NA	NA	NA
NC_045512.2	14022	T	G	44749	38463	36	1	1	26	2.23444e-05	44754	1	FALSE	NA	NA	NA	NA	NA	NA
NC_045512.2	14022	T	C	44749	38463	36	4	4	34	8.93775e-05	44754	1	FALSE	NA	NA	NA	NA	NA	NA
NC_045512.2	14023	G	T	44584	38256	36	2	1	68	4.48531e-05	44590	0.24998	FALSE	NA	NA	NA	NA	NA	NA
NC_045512.2	14023	G	C	44584	38256	36	1	1	26	2.24266e-05	44590	1	FALSE	NA	NA	NA	NA	NA	NA
NC_045512.2	14023	G	A	44584	38256	36	3	3	34	6.72797e-05	44590	1	FALSE	NA	NA	NA	NA	NA	NA
NC_045512.2	14024	C	T	45901	39796	36	7	7	34	0.000152476	45909	1	FALSE	NA	NA	NA	NA	NA	NA
NC_045512.2	14024	C	A	45901	39796	36	1	1	34	2.17822e-05	45909	1	FALSE	NA	NA	NA	NA	NA	NA
NC_045512.2	14025	C	T	44875	39121	36	1	1	34	2.22826e-05	44878	1	FALSE	NA	NA	NA	NA	NA	NA
NC_045512.2	14025	C	G	44875	39121	36	1	0	34	2.22826e-05	44878	1	FALSE	NA	NA	NA	NA	NA	NA
NC_045512.2	14025	C	A	44875	39121	36	1	1	34	2.22826e-05	44878	1	FALSE	NA	NA	NA	NA	NA	NA
NC_045512.2	14026	A	G	45090	39370	36	3	3	34	6.65292e-05	45093	1	FALSE	NA	NA	NA	NA	NA	NA
NC_045512.2	14027	T	C	44450	38955	36	8	8	34	0.000179941	44459	1	FALSE	NA	NA	NA	NA	NA	NA
NC_045512.2	14027	T	A	44450	38955	36	1	1	34	2.24926e-05	44459	1	FALSE	NA	NA	NA	NA	NA	NA
NC_045512.2	14028	G	T	44866	39318	36	1	0	68	2.22851e-05	44873	0.499972	FALSE	NA	NA	NA	NA	NA	NA
NC_045512.2	14028	G	C	44866	39318	36	3	3	31	6.68553e-05	44873	1	FALSE	NA	NA	NA	NA	NA	NA
NC_045512.2	14028	G	A	44866	39318	36	3	3	34	6.68553e-05	44873	1	FALSE	NA	NA	NA	NA	NA	NA
NC_045512.2	14029	C	T	50910	46038	37	18	18	35	0.00035344	50928	0.999978	FALSE	NA	NA	NA	NA	NA	NA
NC_045512.2	14030	G	C	50937	46087	37	2	2	51	3.92611e-05	50941	0.249993	FALSE	NA	NA	NA	NA	NA	NA
NC_045512.2	14030	G	A	50937	46087	37	2	2	34	3.92611e-05	50941	1	FALSE	NA	NA	NA	NA	NA	NA
NC_045512.2	14031	A	T	56511	52348	37	1	1	34	1.76944e-05	56515	1	FALSE	NA	NA	NA	NA	NA	NA
NC_045512.2	14031	A	G	56511	52348	37	1	1	34	1.76944e-05	56515	1	FALSE	NA	NA	NA	NA	NA	NA
NC_045512.2	14031	A	C	56511	52348	37	2	2	30	3.53888e-05	56515	1	FALSE	NA	NA	NA	NA	NA	NA
NC_045512.2	14032	A	G	56574	52620	37	6	5	34	0.000106041	56582	1	FALSE	NA	NA	NA	NA	NA	NA
NC_045512.2	14032	A	C	56574	52620	37	2	1	29	3.53469e-05	56582	1	FALSE	NA	NA	NA	NA	NA	NA
NC_045512.2	14033	A	T	56702	52663	37	2	2	30	3.52696e-05	56706	1	FALSE	NA	NA	NA	NA	NA	NA
NC_045512.2	14033	A	G	56702	52663	37	1	1	68	1.76348e-05	56706	0.499991	FALSE	NA	NA	NA	NA	NA	NA
NC_045512.2	14033	A	C	56702	52663	37	1	1	34	1.76348e-05	56706	1	FALSE	NA	NA	NA	NA	NA	NA
NC_045512.2	14034	T	C	58390	54537	37	5	5	32	8.56223e-05	58396	1	FALSE	NA	NA	NA	NA	NA	NA
NC_045512.2	14034	T	A	58390	54537	37	1	0	27	1.71245e-05	58396	1	FALSE	NA	NA	NA	NA	NA	NA
NC_045512.2	14035	G	A	58285	54428	37	2	2	34	3.4313e-05	58287	1	FALSE	NA	NA	NA	NA	NA	NA
NC_045512.2	14036	C	T	58284	54503	37	8	7	33	0.00013724	58292	1	FALSE	NA	NA	NA	NA	NA	NA
NC_045512.2	14037	T	C	58582	54887	37	6	4	44	0.000102408	58589	0.5	FALSE	NA	NA	NA	NA	NA	NA
NC_045512.2	14037	T	A	58582	54887	37	1	1	34	1.70681e-05	58589	1	FALSE	NA	NA	NA	NA	NA	NA
NC_045512.2	14038	G	C	58361	54665	37	6	6	30	0.000102787	58373	1	FALSE	NA	NA	NA	NA	NA	NA
NC_045512.2	14038	G	A	58361	54665	37	6	6	32	0.000102787	58373	1	FALSE	NA	NA	NA	NA	NA	NA
NC_045512.2	14039	G	T	58346	54648	37	4	4	34	6.85483e-05	58353	1	FALSE	NA	NA	NA	NA	NA	NA
NC_045512.2	14039	G	C	58346	54648	37	3	3	31	5.14112e-05	58353	1	FALSE	NA	NA	NA	NA	NA	NA
NC_045512.2	14040	T	C	58240	54545	37	1	0	68	1.71697e-05	58242	0.5	FALSE	NA	NA	NA	NA	NA	NA
NC_045512.2	14040	T	A	58240	54545	37	1	1	26	1.71697e-05	58242	1	FALSE	NA	NA	NA	NA	NA	NA
NC_045512.2	14041	A	T	57747	54056	37	1	1	26	1.73157e-05	57751	1	FALSE	NA	NA	NA	NA	NA	NA
NC_045512.2	14041	A	C	57747	54056	37	3	3	31	5.19472e-05	57751	1	FALSE	NA	NA	NA	NA	NA	NA
NC_045512.2	14042	T	G	58400	54720	37	1	1	34	1.71218e-05	58405	1	FALSE	NA	NA	NA	NA	NA	NA
NC_045512.2	14042	T	C	58400	54720	37	4	4	34	6.84873e-05	58405	1	FALSE	NA	NA	NA	NA	NA	NA
NC_045512.2	14043	T	C	58148	54483	37	10	10	33	0.000171942	58159	1	FALSE	NA	NA	NA	NA	NA	NA
NC_045512.2	14043	T	A	58148	54483	37	1	1	34	1.71942e-05	58159	1	FALSE	NA	NA	NA	NA	NA	NA
NC_045512.2	14043	T	+GTTG	58148	54483	37	1	0	20	1.71942e-05	58159	1	FALSE	NA	NA	NA	NA	NA	NA
NC_045512.2	14044	G	T	57287	53686	37	3	3	31	5.23652e-05	57290	1	FALSE	NA	NA	NA	NA	NA	NA
NC_045512.2	14045	T	C	52790	49351	36	9	9	32	0.000170451	52801	1	FALSE	NA	NA	NA	NA	NA	NA
NC_045512.2	14045	T	A	52790	49351	36	2	2	34	3.78781e-05	52801	1	FALSE	NA	NA	NA	NA	NA	NA
NC_045512.2	14046	T	C	57671	54234	37	13	13	34	0.000225366	57684	1	FALSE	NA	NA	NA	NA	NA	NA
NC_045512.2	14047	G	C	56773	53439	37	1	1	26	1.76137e-05	56774	1	FALSE	NA	NA	NA	NA	NA	NA
NC_045512.2	14047	G	-GT	56773	53439	37	2	0	20	3.52274e-05	56774	1	FALSE	NA	NA	NA	NA	NA	NA
NC_045512.2	14048	G	C	56665	53346	37	1	1	34	1.76438e-05	56677	1	FALSE	NA	NA	NA	NA	NA	NA
NC_045512.2	14048	G	A	56665	53346	37	11	9	40	0.000194082	56677	0.105028	FALSE	NA	NA	NA	NA	NA	NA
NC_045512.2	14048	G	+T	56665	53346	37	1	0	20	1.76432e-05	56679	1	FALSE	NA	NA	NA	NA	NA	NA
NC_045512.2	14049	T	G	46466	43706	37	13	13	34	0.000279624	46491	0.999997	FALSE	NA	NA	NA	NA	NA	NA
NC_045512.2	14049	T	C	46466	43706	37	10	9	36	0.000215095	46491	1	FALSE	NA	NA	NA	NA	NA	NA
NC_045512.2	14049	T	A	46466	43706	37	2	2	30	4.30191e-05	46491	1	FALSE	NA	NA	NA	NA	NA	NA
NC_045512.2	14050	G	T	45969	43218	37	2	1	47	4.35028e-05	45974	0.890622	FALSE	NA	NA	NA	NA	NA	NA
NC_045512.2	14050	G	C	45969	43218	37	2	2	34	4.35028e-05	45974	1	FALSE	NA	NA	NA	NA	NA	NA
NC_045512.2	14050	G	A	45969	43218	37	1	1	34	2.17514e-05	45974	1	FALSE	NA	NA	NA	NA	NA	NA
NC_045512.2	14051	T	C	45453	42736	37	9	9	34	0.000197963	45463	1	FALSE	NA	NA	NA	NA	NA	NA
NC_045512.2	14051	T	A	45453	42736	37	1	1	34	2.19959e-05	45463	1	FALSE	NA	NA	NA	NA	NA	NA
NC_045512.2	14052	A	T	45294	42679	37	1	1	34	2.20721e-05	45306	1	FALSE	NA	NA	NA	NA	NA	NA
NC_045512.2	14052	A	G	45294	42679	37	5	5	34	0.000110361	45306	1	FALSE	NA	NA	NA	NA	NA	NA
NC_045512.2	14052	A	C	45294	42679	37	6	6	30	0.000132433	45306	1	FALSE	NA	NA	NA	NA	NA	NA
NC_045512.2	14053	C	T	45296	42782	37	4	4	34	8.82866e-05	45307	1	FALSE	NA	NA	NA	NA	NA	NA
NC_045512.2	14053	C	G	45296	42782	37	1	1	34	2.20716e-05	45307	1	FALSE	NA	NA	NA	NA	NA	NA
NC_045512.2	14053	C	A	45296	42782	37	6	6	34	0.00013243	45307	1	FALSE	NA	NA	NA	NA	NA	NA
NC_045512.2	14054	T	C	44282	41776	37	3	3	34	6.774e-05	44287	1	FALSE	NA	NA	NA	NA	NA	NA
NC_045512.2	14054	T	A	44282	41776	37	2	2	34	4.516e-05	44287	1	FALSE	NA	NA	NA	NA	NA	NA
NC_045512.2	14055	G	C	44010	41509	37	1	1	26	2.27211e-05	44012	1	FALSE	NA	NA	NA	NA	NA	NA
NC_045512.2	14055	G	A	44010	41509	37	1	1	34	2.27211e-05	44012	1	FALSE	NA	NA	NA	NA	NA	NA
NC_045512.2	14056	A	T	43558	41056	37	2	1	51	4.59084e-05	43565	0.249974	FALSE	NA	NA	NA	NA	NA	NA
NC_045512.2	14056	A	G	43558	41056	37	2	1	51	4.59084e-05	43565	0.249974	FALSE	NA	NA	NA	NA	NA	NA
NC_045512.2	14056	A	C	43558	41056	37	3	3	34	6.88626e-05	43565	1	FALSE	NA	NA	NA	NA	NA	NA
NC_045512.2	14057	C	T	43415	40972	37	5	5	32	0.000115152	43421	1	FALSE	NA	NA	NA	NA	NA	NA
NC_045512.2	14057	C	A	43415	40972	37	1	1	34	2.30303e-05	43421	1	FALSE	NA	NA	NA	NA	NA	NA
NC_045512.2	14058	A	G	43229	40793	37	3	3	34	6.9393e-05	43232	1	FALSE	NA	NA	NA	NA	NA	NA
NC_045512.2	14059	T	G	41937	39514	37	1	1	26	2.38402e-05	41946	1	FALSE	NA	NA	NA	NA	NA	NA
NC_045512.2	14059	T	C	41937	39514	37	8	6	50	0.000190721	41946	0.00390495	TRUE	NA	NA	NA	NA	NA	NA
NC_045512.2	14060	T	C	42117	39801	37	1	1	26	2.37423e-05	42119	1	FALSE	NA	NA	NA	NA	NA	NA
NC_045512.2	14060	T	A	42117	39801	37	1	1	34	2.37423e-05	42119	1	FALSE	NA	NA	NA	NA	NA	NA
NC_045512.2	14061	A	T	41849	39665	37	2	1	30	4.7784e-05	41855	1	FALSE	NA	NA	NA	NA	NA	NA
NC_045512.2	14061	A	G	41849	39665	37	4	4	42	9.5568e-05	41855	0.636712	FALSE	NA	NA	NA	NA	NA	NA
NC_045512.2	14062	G	C	41647	39466	37	1	1	34	2.40108e-05	41648	1	FALSE	NA	NA	NA	NA	NA	NA
NC_045512.2	14063	A	G	41807	39640	37	2	1	51	4.78366e-05	41809	0.250003	FALSE	NA	NA	NA	NA	NA	NA
NC_045512.2	14064	T	C	40413	38265	36	2	2	34	4.94854e-05	40416	1	FALSE	NA	NA	NA	NA	NA	NA
NC_045512.2	14064	T	A	40413	38265	36	1	1	26	2.47427e-05	40416	1	FALSE	NA	NA	NA	NA	NA	NA
NC_045512.2	14065	A	G	39548	37435	37	9	9	34	0.00022752	39557	0.999998	FALSE	NA	NA	NA	NA	NA	NA
NC_045512.2	14066	A	G	39155	37150	36	3	3	34	7.66127e-05	39158	1	FALSE	NA	NA	NA	NA	NA	NA
NC_045512.2	14067	T	C	39107	37101	36	1	1	34	2.55702e-05	39108	1	FALSE	NA	NA	NA	NA	NA	NA
NC_045512.2	14068	C	T	39296	37358	36	1	0	68	2.54472e-05	39297	0.500006	FALSE	NA	NA	NA	NA	NA	NA
NC_045512.2	14068	C	-A	39296	37358	36	1	0	20	2.54472e-05	39297	1	FALSE	NA	NA	NA	NA	NA	NA
NC_045512.2	14069	A	G	39223	37284	37	2	2	34	5.09879e-05	39225	1	FALSE	NA	NA	NA	NA	NA	NA
NC_045512.2	14070	A	T	38507	36636	36	1	1	34	2.5968e-05	38509	1	FALSE	NA	NA	NA	NA	NA	NA
NC_045512.2	14070	A	G	38507	36636	36	1	1	34	2.5968e-05	38509	1	FALSE	NA	NA	NA	NA	NA	NA
NC_045512.2	14071	G	C	38485	36727	36	1	1	34	2.59835e-05	38486	1	FALSE	NA	NA	NA	NA	NA	NA
NC_045512.2	14072	A	T	38397	36655	36	1	1	26	2.60403e-05	38402	1	FALSE	NA	NA	NA	NA	NA	NA
NC_045512.2	14072	A	G	38397	36655	36	3	3	34	7.81209e-05	38402	1	FALSE	NA	NA	NA	NA	NA	NA
NC_045512.2	14072	A	C	38397	36655	36	1	1	34	2.60403e-05	38402	1	FALSE	NA	NA	NA	NA	NA	NA
NC_045512.2	14073	T	C	35051	33307	35	1	1	34	2.8529e-05	35052	1	FALSE	NA	NA	NA	NA	NA	NA
NC_045512.2	14074	C	T	38314	36663	36	1	1	34	2.60994e-05	38315	1	FALSE	NA	NA	NA	NA	NA	NA
NC_045512.2	14075	T	C	37262	35621	36	1	1	34	2.68363e-05	37263	1	FALSE	NA	NA	NA	NA	NA	NA
NC_045512.2	14076	C	T	37318	35692	36	5	1	68	0.000133962	37324	0.0312458	FALSE	NA	NA	NA	NA	NA	NA
NC_045512.2	14076	C	G	37318	35692	36	1	1	34	2.67924e-05	37324	1	FALSE	NA	NA	NA	NA	NA	NA
NC_045512.2	14076	C	-A	37318	35692	36	1	0	20	2.67924e-05	37324	1	FALSE	NA	NA	NA	NA	NA	NA
NC_045512.2	14078	A	G	37194	35567	36	2	2	34	5.37678e-05	37197	1	FALSE	NA	NA	NA	NA	NA	NA
NC_045512.2	14078	A	C	37194	35567	36	1	1	26	2.68839e-05	37197	1	FALSE	NA	NA	NA	NA	NA	NA
NC_045512.2	14079	T	C	37196	35577	36	3	3	34	8.06473e-05	37199	1	FALSE	NA	NA	NA	NA	NA	NA
NC_045512.2	14080	G	T	44631	36023	36	3	1	34	6.72088e-05	44637	1	FALSE	NA	NA	NA	NA	NA	NA
NC_045512.2	14080	G	A	44631	36023	36	3	2	34	6.72088e-05	44637	1	FALSE	NA	NA	NA	NA	NA	NA
NC_045512.2	14081	G	T	44564	35945	36	1	1	34	2.24386e-05	44566	1	FALSE	NA	NA	NA	NA	NA	NA
NC_045512.2	14081	G	A	44564	35945	36	1	1	34	2.24386e-05	44566	1	FALSE	NA	NA	NA	NA	NA	NA
NC_045512.2	14082	T	C	43861	35380	35	4	3	34	9.11889e-05	43865	1	FALSE	NA	NA	NA	NA	NA	NA
NC_045512.2	14082	T	-A	43861	35380	35	1	0	20	2.27972e-05	43865	1	FALSE	NA	NA	NA	NA	NA	NA
NC_045512.2	14083	A	G	43717	35293	35	3	2	34	6.86185e-05	43720	1	FALSE	NA	NA	NA	NA	NA	NA
NC_045512.2	14084	A	G	43753	35349	35	3	2	31	6.8562e-05	43756	1	FALSE	NA	NA	NA	NA	NA	NA
NC_045512.2	14085	C	T	44232	35284	35	2	1	30	4.52141e-05	44234	1	FALSE	NA	NA	NA	NA	NA	NA
NC_045512.2	14086	T	G	41006	32043	35	1	1	34	2.43831e-05	41012	1	FALSE	NA	NA	NA	NA	NA	NA
NC_045512.2	14086	T	C	41006	32043	35	4	2	34	9.75324e-05	41012	1	FALSE	NA	NA	NA	NA	NA	NA
NC_045512.2	14086	T	A	41006	32043	35	1	0	34	2.43831e-05	41012	1	FALSE	NA	NA	NA	NA	NA	NA
NC_045512.2	14087	G	T	40775	31031	35	1	1	34	2.4523e-05	40778	1	FALSE	NA	NA	NA	NA	NA	NA
NC_045512.2	14087	G	C	40775	31031	35	1	1	26	2.4523e-05	40778	1	FALSE	NA	NA	NA	NA	NA	NA
NC_045512.2	14087	G	A	40775	31031	35	1	1	34	2.4523e-05	40778	1	FALSE	NA	NA	NA	NA	NA	NA
NC_045512.2	14088	G	A	40950	30899	35	6	5	34	0.000146499	40956	1	FALSE	NA	NA	NA	NA	NA	NA
NC_045512.2	14089	T	C	38493	28485	35	8	7	36	0.000207787	38501	0.999999	FALSE	NA	NA	NA	NA	NA	NA
NC_045512.2	14090	A	T	38767	28863	35	1	1	34	2.57918e-05	38772	1	FALSE	NA	NA	NA	NA	NA	NA
NC_045512.2	14090	A	G	38767	28863	35	3	3	34	7.73754e-05	38772	1	FALSE	NA	NA	NA	NA	NA	NA
NC_045512.2	14090	A	C	38767	28863	35	1	1	26	2.57918e-05	38772	1	FALSE	NA	NA	NA	NA	NA	NA
NC_045512.2	14091	T	C	38723	28699	35	1	1	34	2.58224e-05	38726	1	FALSE	NA	NA	NA	NA	NA	NA
NC_045512.2	14091	T	A	38723	28699	35	2	2	34	5.16449e-05	38726	1	FALSE	NA	NA	NA	NA	NA	NA
NC_045512.2	14092	G	A	38831	28607	35	5	3	28	0.000128747	38836	1	FALSE	NA	NA	NA	NA	NA	NA
NC_045512.2	14093	A	T	38779	28613	35	1	1	34	2.57832e-05	38785	1	FALSE	NA	NA	NA	NA	NA	NA
NC_045512.2	14093	A	G	38779	28613	35	5	2	34	0.000128916	38785	1	FALSE	NA	NA	NA	NA	NA	NA
NC_045512.2	14094	T	C	38222	27937	35	2	0	29	5.23231e-05	38224	1	FALSE	NA	NA	NA	NA	NA	NA
NC_045512.2	14095	T	C	38200	27954	35	4	3	34	0.000104701	38204	1	FALSE	NA	NA	NA	NA	NA	NA
NC_045512.2	14096	T	C	37265	27041	35	5	4	34	0.000134156	37270	1	FALSE	NA	NA	NA	NA	NA	NA
NC_045512.2	14097	C	T	36929	26665	35	7	5	32	0.000189502	36939	0.999999	FALSE	NA	NA	NA	NA	NA	NA
NC_045512.2	14097	C	A	36929	26665	35	3	3	34	8.1215e-05	36939	1	FALSE	NA	NA	NA	NA	NA	NA
NC_045512.2	14098	G	T	37022	26737	35	1	0	34	2.70073e-05	37027	1	FALSE	NA	NA	NA	NA	NA	NA
NC_045512.2	14098	G	A	37022	26737	35	4	1	34	0.000108029	37027	1	FALSE	NA	NA	NA	NA	NA	NA
NC_045512.2	14099	G	C	37015	27004	35	4	4	34	0.000108041	37023	1	FALSE	NA	NA	NA	NA	NA	NA
NC_045512.2	14099	G	A	37015	27004	35	4	3	34	0.000108041	37023	1	FALSE	NA	NA	NA	NA	NA	NA
NC_045512.2	14100	T	C	37130	27270	35	1	1	34	2.69317e-05	37131	1	FALSE	NA	NA	NA	NA	NA	NA
NC_045512.2	14101	G	T	36551	26604	35	2	1	30	5.47151e-05	36553	1	FALSE	NA	NA	NA	NA	NA	NA
NC_045512.2	14102	A	G	36962	26471	35	3	3	34	8.11579e-05	36965	1	FALSE	NA	NA	NA	NA	NA	NA
NC_045512.2	14103	T	C	37094	26583	35	6	3	32	0.000161725	37100	1	FALSE	NA	NA	NA	NA	NA	NA
NC_045512.2	14104	T	G	36686	26240	35	1	1	34	2.72561e-05	36689	1	FALSE	NA	NA	NA	NA	NA	NA
NC_045512.2	14104	T	C	36686	26240	35	2	2	34	5.45123e-05	36689	1	FALSE	NA	NA	NA	NA	NA	NA
NC_045512.2	14105	T	C	36349	25919	35	6	3	38	0.000165035	36356	1	FALSE	NA	NA	NA	NA	NA	NA
NC_045512.2	14105	T	A	36349	25919	35	1	1	34	2.75058e-05	36356	1	FALSE	NA	NA	NA	NA	NA	NA
NC_045512.2	14106	C	T	37344	26590	35	3	2	34	8.03277e-05	37347	1	FALSE	NA	NA	NA	NA	NA	NA
NC_045512.2	14107	A	T	37755	26572	35	1	1	34	2.64852e-05	37757	1	FALSE	NA	NA	NA	NA	NA	NA
NC_045512.2	14107	A	G	37755	26572	35	1	0	34	2.64852e-05	37757	1	FALSE	NA	NA	NA	NA	NA	NA
NC_045512.2	14108	T	C	37883	26515	35	2	0	34	5.27913e-05	37885	1	FALSE	NA	NA	NA	NA	NA	NA
NC_045512.2	14109	A	G	38090	26846	35	6	3	34	0.000157497	38096	1	FALSE	NA	NA	NA	NA	NA	NA
NC_045512.2	14110	C	T	38520	26953	35	2	2	34	5.19116e-05	38527	1	FALSE	NA	NA	NA	NA	NA	NA
NC_045512.2	14110	C	G	38520	26953	35	1	0	34	2.59558e-05	38527	1	FALSE	NA	NA	NA	NA	NA	NA
NC_045512.2	14110	C	A	38520	26953	35	4	2	34	0.000103823	38527	1	FALSE	NA	NA	NA	NA	NA	NA
NC_045512.2	14111	A	G	37072	25457	35	8	7	38	0.00021575	37080	0.999998	FALSE	NA	NA	NA	NA	NA	NA
NC_045512.2	14112	A	G	37797	25603	35	1	1	34	2.64557e-05	37799	1	FALSE	NA	NA	NA	NA	NA	NA
NC_045512.2	14112	A	C	37797	25603	35	1	1	34	2.64557e-05	37799	1	FALSE	NA	NA	NA	NA	NA	NA
NC_045512.2	14113	A	G	33379	25597	34	1	0	34	2.99536e-05	33385	1	FALSE	NA	NA	NA	NA	NA	NA
NC_045512.2	14113	A	C	33379	25597	34	5	1	34	0.000149768	33385	1	FALSE	NA	NA	NA	NA	NA	NA
NC_045512.2	14113	A	-C	33379	25597	34	1	0	20	2.99536e-05	33385	1	FALSE	NA	NA	NA	NA	NA	NA
NC_045512.2	14114	C	T	37829	25763	35	1	1	26	2.6434e-05	37830	1	FALSE	NA	NA	NA	NA	NA	NA
NC_045512.2	14115	C	T	37034	24967	35	1	1	34	2.69993e-05	37038	1	FALSE	NA	NA	NA	NA	NA	NA
NC_045512.2	14115	C	G	37034	24967	35	2	0	34	5.39986e-05	37038	1	FALSE	NA	NA	NA	NA	NA	NA
NC_045512.2	14115	C	A	37034	24967	35	1	0	34	2.69993e-05	37038	1	FALSE	NA	NA	NA	NA	NA	NA
NC_045512.2	14116	A	T	36705	24229	35	1	1	34	2.72428e-05	36707	1	FALSE	NA	NA	NA	NA	NA	NA
NC_045512.2	14116	A	G	36705	24229	35	1	0	34	2.72428e-05	36707	1	FALSE	NA	NA	NA	NA	NA	NA
NC_045512.2	14117	C	T	14592	2261	37	7	0	34	0.000479485	14599	0.96089	FALSE	NA	NA	NA	NA	NA	NA
NC_045512.2	14119	C	T	14615	2258	37	4	0	42	0.000273617	14619	0.1875	FALSE	NA	NA	NA	NA	NA	NA
NC_045512.2	14120	C	T	14603	2261	37	1	0	34	6.84744e-05	14604	0.99997	FALSE	NA	NA	NA	NA	NA	NA
NC_045512.2	14121	A	T	15856	2293	36	1	0	34	6.30517e-05	15860	0.999985	FALSE	NA	NA	NA	NA	NA	NA
NC_045512.2	14121	A	G	15856	2293	36	3	0	34	0.000189155	15860	0.999346	FALSE	NA	NA	NA	NA	NA	NA
NC_045512.2	14122	G	T	16174	2290	37	1	0	34	6.18238e-05	16175	0.999992	FALSE	NA	NA	NA	NA	NA	NA
NC_045512.2	14125	A	T	17346	2362	37	1	0	34	5.76469e-05	17347	0.999996	FALSE	NA	NA	NA	NA	NA	NA
NC_045512.2	14126	G	T	17730	2376	37	1	0	34	5.63984e-05	17731	0.999996	FALSE	NA	NA	NA	NA	NA	NA
NC_045512.2	14127	T	C	17847	2618	37	5	0	34	0.000280081	17852	0.997835	FALSE	NA	NA	NA	NA	NA	NA
NC_045512.2	14127	T	-G	17847	2618	37	1	0	20	5.60161e-05	17852	1	FALSE	NA	NA	NA	NA	NA	NA
NC_045512.2	14128	G	T	17851	2606	37	3	0	34	0.000168011	17856	0.999799	FALSE	NA	NA	NA	NA	NA	NA
NC_045512.2	14128	G	C	17851	2606	37	1	0	34	5.60036e-05	17856	0.999996	FALSE	NA	NA	NA	NA	NA	NA
NC_045512.2	14128	G	A	17851	2606	37	1	0	34	5.60036e-05	17856	0.999996	FALSE	NA	NA	NA	NA	NA	NA
NC_045512.2	14129	G	A	18066	2628	37	1	0	34	5.53495e-05	18067	0.999998	FALSE	NA	NA	NA	NA	NA	NA
NC_045512.2	14130	A	G	18083	2629	37	4	0	42	0.000221153	18087	0.1875	FALSE	NA	NA	NA	NA	NA	NA
NC_045512.2	14131	G	A	18199	2632	37	1	0	34	5.49451e-05	18200	0.999998	FALSE	NA	NA	NA	NA	NA	NA
NC_045512.2	14132	T	C	18170	2685	37	2	1	34	0.000110059	18172	0.99998	FALSE	NA	NA	NA	NA	NA	NA
NC_045512.2	14133	T	G	18236	2732	37	1	0	34	5.48306e-05	18238	0.999998	FALSE	NA	NA	NA	NA	NA	NA
NC_045512.2	14133	T	C	18236	2732	37	1	0	34	5.48306e-05	18238	0.999998	FALSE	NA	NA	NA	NA	NA	NA
NC_045512.2	14135	C	-T	18427	2747	37	1	0	20	5.42682e-05	18427	1	FALSE	NA	NA	NA	NA	NA	NA
NC_045512.2	14136	T	C	18457	2754	37	1	0	34	5.41741e-05	18459	0.999998	FALSE	NA	NA	NA	NA	NA	NA
NC_045512.2	14136	T	A	18457	2754	37	1	0	34	5.41741e-05	18459	0.999998	FALSE	NA	NA	NA	NA	NA	NA
NC_045512.2	14138	T	C	19061	3128	38	1	1	68	5.24604e-05	19062	0.500013	FALSE	NA	NA	NA	NA	NA	NA
NC_045512.2	14139	T	C	19151	3139	38	1	0	34	5.22139e-05	19152	0.999999	FALSE	NA	NA	NA	NA	NA	NA
NC_045512.2	14141	T	C	19407	3155	38	1	0	34	5.15251e-05	19408	0.999999	FALSE	NA	NA	NA	NA	NA	NA
NC_045512.2	14142	A	C	19363	3152	38	1	1	68	5.16422e-05	19364	0.500013	FALSE	NA	NA	NA	NA	NA	NA
NC_045512.2	14143	G	T	19714	3154	38	1	0	68	5.07228e-05	19715	0.500013	FALSE	NA	NA	NA	NA	NA	NA
NC_045512.2	14144	A	G	19450	3297	38	1	0	34	5.14112e-05	19451	0.999999	FALSE	NA	NA	NA	NA	NA	NA
NC_045512.2	14145	T	C	19883	3309	38	1	0	34	5.02917e-05	19884	0.999999	FALSE	NA	NA	NA	NA	NA	NA
NC_045512.2	14146	T	C	19888	3290	38	1	1	34	5.0279e-05	19889	0.999999	FALSE	NA	NA	NA	NA	NA	NA
NC_045512.2	14147	C	-T	20010	3340	38	1	0	20	4.9975e-05	20010	1	FALSE	NA	NA	NA	NA	NA	NA
NC_045512.2	14151	T	C	20314	3377	38	1	0	34	4.92247e-05	20315	1	FALSE	NA	NA	NA	NA	NA	NA
NC_045512.2	14152	T	A	20261	3387	38	1	0	26	4.93535e-05	20262	1	FALSE	NA	NA	NA	NA	NA	NA
NC_045512.2	14154	T	C	20434	3393	38	4	0	51	0.000195714	20438	0.0624969	FALSE	NA	NA	NA	NA	NA	NA
NC_045512.2	14155	T	G	20426	3405	38	2	0	30	9.78953e-05	20430	0.999995	FALSE	NA	NA	NA	NA	NA	NA
NC_045512.2	14155	T	C	20426	3405	38	2	0	34	9.78953e-05	20430	0.999995	FALSE	NA	NA	NA	NA	NA	NA
NC_045512.2	14156	C	G	20389	3407	38	1	1	68	4.90436e-05	20390	0.500012	FALSE	NA	NA	NA	NA	NA	NA
NC_045512.2	14157	A	G	20474	3417	38	2	1	34	9.76753e-05	20476	0.999995	FALSE	NA	NA	NA	NA	NA	NA
NC_045512.2	14158	T	C	20647	3480	38	4	1	66	0.000193695	20651	0.062497	FALSE	NA	NA	NA	NA	NA	NA
NC_045512.2	14160	G	A	21295	3477	38	1	0	34	4.69572e-05	21296	1	FALSE	NA	NA	NA	NA	NA	NA
NC_045512.2	14161	T	C	21225	3462	38	1	0	68	4.7112e-05	21226	0.500012	FALSE	NA	NA	NA	NA	NA	NA
NC_045512.2	14162	T	C	20205	3775	38	5	0	34	0.00024739	20211	0.999546	FALSE	NA	NA	NA	NA	NA	NA
NC_045512.2	14162	T	A	20205	3775	38	1	0	26	4.9478e-05	20211	1	FALSE	NA	NA	NA	NA	NA	NA
NC_045512.2	14164	A	T	19856	3824	38	1	0	34	5.03601e-05	19857	0.999999	FALSE	NA	NA	NA	NA	NA	NA
NC_045512.2	14165	T	C	20408	3829	38	3	0	34	0.00014698	20411	0.999967	FALSE	NA	NA	NA	NA	NA	NA
NC_045512.2	14167	C	G	18969	4015	37	1	0	34	5.27093e-05	18972	0.999998	FALSE	NA	NA	NA	NA	NA	NA
NC_045512.2	14167	C	A	18969	4015	37	2	0	34	0.000105419	18972	0.99998	FALSE	NA	NA	NA	NA	NA	NA
NC_045512.2	14168	C	T	19081	4021	37	1	0	34	5.23862e-05	19089	0.999999	FALSE	NA	NA	NA	NA	NA	NA
NC_045512.2	14168	C	A	19081	4021	37	7	1	38	0.000366703	19089	0.995334	FALSE	NA	NA	NA	NA	NA	NA
NC_045512.2	14169	T	G	18981	3906	37	2	0	34	0.00010533	18988	0.99998	FALSE	NA	NA	NA	NA	NA	NA
NC_045512.2	14169	T	C	18981	3906	37	5	0	34	0.000263324	18988	0.998703	FALSE	NA	NA	NA	NA	NA	NA
NC_045512.2	14170	A	G	20372	4005	37	1	0	34	4.90846e-05	20373	1	FALSE	NA	NA	NA	NA	NA	NA
NC_045512.2	14171	T	C	20479	3963	37	1	0	34	4.88281e-05	20480	1	FALSE	NA	NA	NA	NA	NA	NA
NC_045512.2	14172	A	G	20126	4135	37	3	0	31	0.000149039	20129	0.999967	FALSE	NA	NA	NA	NA	NA	NA
NC_045512.2	14173	T	A	20180	4115	37	2	0	30	9.90982e-05	20182	0.999995	FALSE	NA	NA	NA	NA	NA	NA
NC_045512.2	14174	T	C	19034	4203	37	2	0	34	0.000105059	19037	0.99999	FALSE	NA	NA	NA	NA	NA	NA
NC_045512.2	14174	T	A	19034	4203	37	1	0	34	5.25293e-05	19037	0.999999	FALSE	NA	NA	NA	NA	NA	NA
NC_045512.2	14175	A	G	19014	4247	37	2	0	51	0.000105175	19016	0.250007	FALSE	NA	NA	NA	NA	NA	NA
NC_045512.2	14176	A	G	19227	4263	36	4	0	34	0.000207976	19233	0.999757	FALSE	NA	NA	NA	NA	NA	NA
NC_045512.2	14176	A	C	19227	4263	36	2	0	34	0.000103988	19233	0.99999	FALSE	NA	NA	NA	NA	NA	NA
NC_045512.2	14177	C	T	20527	4503	37	1	1	24	4.8714e-05	20528	1	FALSE	NA	NA	NA	NA	NA	NA
NC_045512.2	14179	T	A	19805	4272	37	1	0	34	5.04898e-05	19806	0.999999	FALSE	NA	NA	NA	NA	NA	NA
NC_045512.2	14180	T	C	19724	4205	37	5	0	34	0.000253434	19729	0.999231	FALSE	NA	NA	NA	NA	NA	NA
NC_045512.2	14181	G	C	19731	4254	37	1	0	34	5.06791e-05	19732	0.999999	FALSE	NA	NA	NA	NA	NA	NA
NC_045512.2	14182	A	G	19769	4271	37	1	0	34	5.05817e-05	19770	0.999999	FALSE	NA	NA	NA	NA	NA	NA
NC_045512.2	14185	A	G	19498	4123	37	2	0	34	0.000102559	19501	0.99999	FALSE	NA	NA	NA	NA	NA	NA
NC_045512.2	14185	A	C	19498	4123	37	1	1	34	5.12794e-05	19501	0.999999	FALSE	NA	NA	NA	NA	NA	NA
NC_045512.2	14188	G	A	19978	5347	37	2	0	34	0.0001001	19980	0.99999	FALSE	NA	NA	NA	NA	NA	NA
NC_045512.2	14189	C	A	19796	5423	37	1	0	34	5.05127e-05	19797	0.999999	FALSE	NA	NA	NA	NA	NA	NA
NC_045512.2	14189	C	-T	19796	5423	37	1	0	20	5.05127e-05	19797	1	FALSE	NA	NA	NA	NA	NA	NA
NC_045512.2	14190	T	G	19778	5359	37	1	0	34	5.05536e-05	19781	0.999999	FALSE	NA	NA	NA	NA	NA	NA
NC_045512.2	14190	T	C	19778	5359	37	2	1	34	0.000101107	19781	0.99999	FALSE	NA	NA	NA	NA	NA	NA
NC_045512.2	14191	T	G	19770	5342	37	1	0	34	5.05715e-05	19774	0.999999	FALSE	NA	NA	NA	NA	NA	NA
NC_045512.2	14191	T	C	19770	5342	37	3	2	45	0.000151714	19774	0.312491	FALSE	NA	NA	NA	NA	NA	NA
NC_045512.2	14192	T	C	19945	5561	37	2	0	34	0.000100266	19947	0.99999	FALSE	NA	NA	NA	NA	NA	NA
NC_045512.2	14193	A	G	19895	5617	37	1	0	34	5.02614e-05	19896	0.999999	FALSE	NA	NA	NA	NA	NA	NA
NC_045512.2	14194	A	G	19766	5672	37	1	0	34	5.05894e-05	19767	0.999999	FALSE	NA	NA	NA	NA	NA	NA
NC_045512.2	14195	C	T	19985	5693	37	2	0	34	0.00010006	19988	0.99999	FALSE	NA	NA	NA	NA	NA	NA
NC_045512.2	14195	C	G	19985	5693	37	1	0	34	5.003e-05	19988	0.999999	FALSE	NA	NA	NA	NA	NA	NA
NC_045512.2	14196	T	G	19867	5487	37	2	0	34	0.000100649	19871	0.99999	FALSE	NA	NA	NA	NA	NA	NA
NC_045512.2	14196	T	C	19867	5487	37	2	1	34	0.000100649	19871	0.99999	FALSE	NA	NA	NA	NA	NA	NA
NC_045512.2	14197	G	A	19885	5468	37	15	0	34	0.000753769	19900	0.804378	FALSE	NA	NA	NA	NA	NA	NA
NC_045512.2	14199	A	G	19739	5289	37	2	1	51	0.000101312	19741	0.250006	FALSE	NA	NA	NA	NA	NA	NA
NC_045512.2	14201	A	T	19218	4725	37	1	1	34	5.2021e-05	19223	0.999999	FALSE	NA	NA	NA	NA	NA	NA
NC_045512.2	14201	A	G	19218	4725	37	4	1	40	0.000208084	19223	0.187484	FALSE	NA	NA	NA	NA	NA	NA
NC_045512.2	14202	G	C	19814	4744	37	1	0	34	5.04617e-05	19817	0.999999	FALSE	NA	NA	NA	NA	NA	NA
NC_045512.2	14202	G	A	19814	4744	37	2	0	34	0.000100923	19817	0.99999	FALSE	NA	NA	NA	NA	NA	NA
NC_045512.2	14203	T	A	19371	4809	37	1	0	26	5.16209e-05	19372	1	FALSE	NA	NA	NA	NA	NA	NA
NC_045512.2	14205	A	T	19448	4890	37	1	0	68	5.14112e-05	19451	0.499987	FALSE	NA	NA	NA	NA	NA	NA
NC_045512.2	14205	A	G	19448	4890	37	2	1	30	0.000102822	19451	0.99999	FALSE	NA	NA	NA	NA	NA	NA
NC_045512.2	14206	C	T	19504	5035	37	1	0	34	5.1261e-05	19508	0.999999	FALSE	NA	NA	NA	NA	NA	NA
NC_045512.2	14206	C	G	19504	5035	37	2	0	34	0.000102522	19508	0.99999	FALSE	NA	NA	NA	NA	NA	NA
NC_045512.2	14206	C	A	19504	5035	37	1	0	34	5.1261e-05	19508	0.999999	FALSE	NA	NA	NA	NA	NA	NA
NC_045512.2	14207	A	T	19807	5476	37	1	0	26	5.04821e-05	19809	1	FALSE	NA	NA	NA	NA	NA	NA
NC_045512.2	14207	A	G	19807	5476	37	1	0	34	5.04821e-05	19809	0.999999	FALSE	NA	NA	NA	NA	NA	NA
NC_045512.2	14210	T	C	19258	4948	36	1	0	34	5.19238e-05	19259	0.999999	FALSE	NA	NA	NA	NA	NA	NA
NC_045512.2	14211	T	G	19134	5279	37	1	1	60	5.22466e-05	19140	0.499948	FALSE	NA	NA	NA	NA	NA	NA
NC_045512.2	14211	T	C	19134	5279	37	5	1	34	0.000261233	19140	0.999231	FALSE	NA	NA	NA	NA	NA	NA
NC_045512.2	14213	A	G	18867	5442	37	1	0	34	5.29998e-05	18868	0.999998	FALSE	NA	NA	NA	NA	NA	NA
NC_045512.2	14214	C	T	18845	5469	37	2	0	34	0.000106101	18850	0.99998	FALSE	NA	NA	NA	NA	NA	NA
NC_045512.2	14214	C	A	18845	5469	37	3	3	34	0.000159151	18850	0.99989	FALSE	NA	NA	NA	NA	NA	NA
NC_045512.2	14215	A	T	18526	5289	37	2	0	34	0.000107927	18531	0.99998	FALSE	NA	NA	NA	NA	NA	NA
NC_045512.2	14215	A	G	18526	5289	37	1	0	34	5.39636e-05	18531	0.999998	FALSE	NA	NA	NA	NA	NA	NA
NC_045512.2	14215	A	C	18526	5289	37	2	0	34	0.000107927	18531	0.99998	FALSE	NA	NA	NA	NA	NA	NA
NC_045512.2	14216	C	T	18628	5398	37	1	1	34	5.36769e-05	18630	0.999998	FALSE	NA	NA	NA	NA	NA	NA
NC_045512.2	14216	C	A	18628	5398	37	1	0	34	5.36769e-05	18630	0.999998	FALSE	NA	NA	NA	NA	NA	NA
NC_045512.2	14217	T	C	18296	5075	37	4	1	34	0.000218567	18301	0.999574	FALSE	NA	NA	NA	NA	NA	NA
NC_045512.2	14217	T	A	18296	5075	37	1	0	34	5.46418e-05	18301	0.999998	FALSE	NA	NA	NA	NA	NA	NA
NC_045512.2	14218	G	A	18782	5076	37	2	0	34	0.000106474	18784	0.99998	FALSE	NA	NA	NA	NA	NA	NA
NC_045512.2	14219	A	G	18987	5318	37	1	1	68	5.26648e-05	18988	0.500013	FALSE	NA	NA	NA	NA	NA	NA
NC_045512.2	14221	T	C	17888	5454	37	2	1	34	0.000111794	17890	0.999962	FALSE	NA	NA	NA	NA	NA	NA
NC_045512.2	14222	T	C	17954	5622	37	5	1	34	0.000278396	17960	0.997834	FALSE	NA	NA	NA	NA	NA	NA
NC_045512.2	14222	T	A	17954	5622	37	1	0	34	5.56793e-05	17960	0.999996	FALSE	NA	NA	NA	NA	NA	NA
NC_045512.2	14223	A	T	18273	5800	37	1	1	34	5.47226e-05	18274	0.999998	FALSE	NA	NA	NA	NA	NA	NA
NC_045512.2	14224	A	G	17407	6010	37	4	0	34	0.00022974	17411	0.999258	FALSE	NA	NA	NA	NA	NA	NA
NC_045512.2	14226	A	G	17324	6046	37	2	0	34	0.000115427	17327	0.999962	FALSE	NA	NA	NA	NA	NA	NA
NC_045512.2	14226	A	C	17324	6046	37	1	1	34	5.77134e-05	17327	0.999996	FALSE	NA	NA	NA	NA	NA	NA
NC_045512.2	14228	A	T	16419	5929	36	1	0	34	6.08902e-05	16423	0.999992	FALSE	NA	NA	NA	NA	NA	NA
NC_045512.2	14228	A	G	16419	5929	36	3	0	34	0.000182671	16423	0.999637	FALSE	NA	NA	NA	NA	NA	NA
NC_045512.2	14232	T	G	17845	5874	37	1	1	34	5.60287e-05	17848	0.999996	FALSE	NA	NA	NA	NA	NA	NA
NC_045512.2	14232	T	C	17845	5874	37	2	0	34	0.000112057	17848	0.999962	FALSE	NA	NA	NA	NA	NA	NA
NC_045512.2	14234	A	T	18042	6065	37	1	1	34	5.54201e-05	18044	0.999998	FALSE	NA	NA	NA	NA	NA	NA
NC_045512.2	14234	A	G	18042	6065	37	1	0	34	5.54201e-05	18044	0.999998	FALSE	NA	NA	NA	NA	NA	NA
NC_045512.2	14235	C	T	18062	6094	37	2	0	34	0.000110717	18064	0.99998	FALSE	NA	NA	NA	NA	NA	NA
NC_045512.2	14237	T	G	17971	6045	36	1	1	34	5.56421e-05	17972	0.999996	FALSE	NA	NA	NA	NA	NA	NA
NC_045512.2	14240	A	G	16672	5606	36	1	0	34	5.99772e-05	16673	0.999992	FALSE	NA	NA	NA	NA	NA	NA
NC_045512.2	14245	G	T	21234	10998	39	1	0	34	4.70898e-05	21236	1	FALSE	NA	NA	NA	NA	NA	NA
NC_045512.2	14245	G	A	21234	10998	39	1	1	34	4.70898e-05	21236	1	FALSE	NA	NA	NA	NA	NA	NA
NC_045512.2	14246	A	G	21218	11079	39	3	1	42	0.000141369	21221	0.500022	FALSE	NA	NA	NA	NA	NA	NA
NC_045512.2	14247	T	G	20538	10406	38	1	1	34	4.86855e-05	20540	1	FALSE	NA	NA	NA	NA	NA	NA
NC_045512.2	14247	T	C	20538	10406	38	1	1	26	4.86855e-05	20540	1	FALSE	NA	NA	NA	NA	NA	NA
NC_045512.2	14248	T	A	21155	11131	39	1	1	34	4.72679e-05	21156	1	FALSE	NA	NA	NA	NA	NA	NA
NC_045512.2	14249	T	G	20982	11120	39	5	0	32	0.000238209	20990	0.999546	FALSE	NA	NA	NA	NA	NA	NA
NC_045512.2	14249	T	C	20982	11120	39	2	0	51	9.52835e-05	20990	0.249934	FALSE	NA	NA	NA	NA	NA	NA
NC_045512.2	14249	T	A	20982	11120	39	1	0	34	4.76417e-05	20990	1	FALSE	NA	NA	NA	NA	NA	NA
NC_045512.2	14250	G	T	21635	11145	39	4	0	34	0.000184851	21639	0.999922	FALSE	NA	NA	NA	NA	NA	NA
NC_045512.2	14251	T	C	21800	11381	39	1	0	34	4.58695e-05	21801	1	FALSE	NA	NA	NA	NA	NA	NA
NC_045512.2	14252	T	C	21940	11547	39	2	2	34	9.11494e-05	21942	0.999997	FALSE	NA	NA	NA	NA	NA	NA
NC_045512.2	14253	A	T	21647	11140	38	3	2	34	0.000138568	21650	0.999982	FALSE	NA	NA	NA	NA	NA	NA
NC_045512.2	14256	A	G	22317	11629	39	1	0	34	4.48069e-05	22318	1	FALSE	NA	NA	NA	NA	NA	NA
NC_045512.2	14257	T	C	22267	11580	39	4	3	42	0.000179606	22271	0.343761	FALSE	NA	NA	NA	NA	NA	NA
NC_045512.2	14258	A	G	22205	11694	39	9	6	44	0.00040515	22214	0.032704	FALSE	NA	NA	NA	NA	NA	NA
NC_045512.2	14259	T	C	21898	11348	39	2	2	51	9.132e-05	21901	0.249994	FALSE	NA	NA	NA	NA	NA	NA
NC_045512.2	14259	T	A	21898	11348	39	1	1	34	4.566e-05	21901	1	FALSE	NA	NA	NA	NA	NA	NA
NC_045512.2	14260	G	T	22176	11654	39	1	1	34	4.50796e-05	22183	1	FALSE	NA	NA	NA	NA	NA	NA
NC_045512.2	14260	G	A	22176	11654	39	6	0	34	0.000270477	22183	0.999545	FALSE	NA	NA	NA	NA	NA	NA
NC_045512.2	14261	A	T	22057	12150	39	1	1	26	4.53104e-05	22070	1	FALSE	NA	NA	NA	NA	NA	NA
NC_045512.2	14261	A	G	22057	12150	39	9	5	37	0.000407793	22070	0.994671	FALSE	NA	NA	NA	NA	NA	NA
NC_045512.2	14261	A	C	22057	12150	39	3	3	34	0.000135931	22070	0.99999	FALSE	NA	NA	NA	NA	NA	NA
NC_045512.2	14263	T	C	21491	11564	38	4	3	32	0.00018609	21495	0.999922	FALSE	NA	NA	NA	NA	NA	NA
NC_045512.2	14265	C	T	22041	12401	39	1	0	34	4.53679e-05	22042	1	FALSE	NA	NA	NA	NA	NA	NA
NC_045512.2	14266	A	G	22090	12374	39	1	1	34	4.52673e-05	22091	1	FALSE	NA	NA	NA	NA	NA	NA
NC_045512.2	14267	C	T	23288	14091	39	18	6	41	0.000772201	23310	0.000200492	TRUE	NA	NA	NA	NA	NA	NA
NC_045512.2	14267	C	G	23288	14091	39	1	0	34	4.29e-05	23310	1	FALSE	NA	NA	NA	NA	NA	NA
NC_045512.2	14267	C	A	23288	14091	39	3	1	45	0.0001287	23310	0.499638	FALSE	NA	NA	NA	NA	NA	NA
NC_045512.2	14268	G	T	23276	14059	39	1	0	34	4.2959e-05	23278	1	FALSE	NA	NA	NA	NA	NA	NA
NC_045512.2	14268	G	A	23276	14059	39	1	0	34	4.2959e-05	23278	1	FALSE	NA	NA	NA	NA	NA	NA
NC_045512.2	14269	G	C	23457	14099	39	1	1	34	4.26294e-05	23458	1	FALSE	NA	NA	NA	NA	NA	NA
NC_045512.2	14270	A	G	23462	14122	39	3	1	42	0.00012785	23465	0.50002	FALSE	NA	NA	NA	NA	NA	NA
NC_045512.2	14271	A	G	22664	14365	39	2	1	51	8.82379e-05	22666	0.250006	FALSE	NA	NA	NA	NA	NA	NA
NC_045512.2	14273	A	G	22587	14500	38	2	0	51	8.85387e-05	22589	0.250006	FALSE	NA	NA	NA	NA	NA	NA
NC_045512.2	14273	A	-GAG	22587	14500	38	2	0	20	8.85387e-05	22589	1	FALSE	NA	NA	NA	NA	NA	NA
NC_045512.2	14275	A	G	22120	14388	38	7	6	52	0.000316356	22127	0.00780756	TRUE	NA	NA	NA	NA	NA	NA
NC_045512.2	14277	G	C	22372	14464	38	1	0	34	4.46967e-05	22373	1	FALSE	NA	NA	NA	NA	NA	NA
NC_045512.2	14278	T	C	21685	14772	38	1	0	68	4.61127e-05	21686	0.500012	FALSE	NA	NA	NA	NA	NA	NA
NC_045512.2	14279	T	C	22063	15168	38	1	1	34	4.53206e-05	22065	1	FALSE	NA	NA	NA	NA	NA	NA
NC_045512.2	14279	T	A	22063	15168	38	1	0	34	4.53206e-05	22065	1	FALSE	NA	NA	NA	NA	NA	NA
NC_045512.2	14280	A	G	22010	15104	38	1	1	34	4.54318e-05	22011	1	FALSE	NA	NA	NA	NA	NA	NA
NC_045512.2	14281	A	T	22035	15138	38	1	1	34	4.53721e-05	22040	1	FALSE	NA	NA	NA	NA	NA	NA
NC_045512.2	14281	A	G	22035	15138	38	4	3	34	0.000181488	22040	0.999956	FALSE	NA	NA	NA	NA	NA	NA
NC_045512.2	14282	A	C	21856	15194	38	2	2	34	9.14997e-05	21858	0.999997	FALSE	NA	NA	NA	NA	NA	NA
NC_045512.2	14283	A	G	21860	15223	38	4	3	34	0.000182949	21864	0.999922	FALSE	NA	NA	NA	NA	NA	NA
NC_045512.2	14285	T	G	20404	13711	37	2	2	34	9.79288e-05	20423	0.999994	FALSE	NA	NA	NA	NA	NA	NA
NC_045512.2	14285	T	C	20404	13711	37	15	14	33	0.000734466	20423	0.844748	FALSE	NA	NA	NA	NA	NA	NA
NC_045512.2	14285	T	A	20404	13711	37	2	2	34	9.79288e-05	20423	0.999994	FALSE	NA	NA	NA	NA	NA	NA
NC_045512.2	14286	C	A	20935	14837	38	2	2	34	9.55247e-05	20937	0.999995	FALSE	NA	NA	NA	NA	NA	NA
NC_045512.2	14287	T	A	20791	14692	38	1	1	34	4.80954e-05	20792	1	FALSE	NA	NA	NA	NA	NA	NA
NC_045512.2	14288	T	C	20746	14664	38	4	4	26	0.000192771	20750	1	FALSE	NA	NA	NA	NA	NA	NA
NC_045512.2	14289	T	C	20847	14780	38	5	4	34	0.000239785	20852	0.999546	FALSE	NA	NA	NA	NA	NA	NA
NC_045512.2	14290	G	T	20780	14731	38	2	2	34	9.62232e-05	20785	0.999995	FALSE	NA	NA	NA	NA	NA	NA
NC_045512.2	14290	G	A	20780	14731	38	3	1	68	0.000144335	20785	0.124982	FALSE	NA	NA	NA	NA	NA	NA
NC_045512.2	14291	A	T	21505	15597	38	1	1	26	4.64987e-05	21506	1	FALSE	NA	NA	NA	NA	NA	NA
NC_045512.2	14292	C	G	21493	15630	38	1	1	34	4.65246e-05	21494	1	FALSE	NA	NA	NA	NA	NA	NA
NC_045512.2	14293	C	T	21159	15377	38	2	2	51	9.45046e-05	21163	0.249982	FALSE	NA	NA	NA	NA	NA	NA
NC_045512.2	14293	C	A	21159	15377	38	2	2	34	9.45046e-05	21163	0.999997	FALSE	NA	NA	NA	NA	NA	NA
NC_045512.2	14294	G	A	21151	15347	38	7	6	48	0.000330844	21158	0.0898321	FALSE	NA	NA	NA	NA	NA	NA
NC_045512.2	14295	T	C	21183	15405	38	5	3	40	0.000235983	21188	0.226562	FALSE	NA	NA	NA	NA	NA	NA
NC_045512.2	14296	T	C	21560	16100	38	1	0	68	4.638e-05	21561	0.500012	FALSE	NA	NA	NA	NA	NA	NA
NC_045512.2	14297	A	G	21700	16175	38	1	1	26	4.60808e-05	21701	1	FALSE	NA	NA	NA	NA	NA	NA
NC_045512.2	14299	T	C	22419	17292	37	1	1	34	4.4603e-05	22420	1	FALSE	NA	NA	NA	NA	NA	NA
NC_045512.2	14300	T	C	24028	18920	39	4	4	42	0.000166445	24032	0.34376	FALSE	NA	NA	NA	NA	NA	NA
NC_045512.2	14301	T	G	24896	20059	39	2	0	27	8.03213e-05	24900	1	FALSE	NA	NA	NA	NA	NA	NA
NC_045512.2	14301	T	C	24896	20059	39	2	2	34	8.03213e-05	24900	1	FALSE	NA	NA	NA	NA	NA	NA
NC_045512.2	14302	A	G	24866	20029	39	2	2	34	8.04246e-05	24868	1	FALSE	NA	NA	NA	NA	NA	NA
NC_045512.2	14303	A	G	24886	20494	38	1	1	34	4.01816e-05	24887	1	FALSE	NA	NA	NA	NA	NA	NA
NC_045512.2	14306	A	T	24872	20554	39	1	0	68	4.02042e-05	24873	0.50001	FALSE	NA	NA	NA	NA	NA	NA
NC_045512.2	14307	T	C	25204	21091	39	3	3	34	0.000119015	25207	0.999998	FALSE	NA	NA	NA	NA	NA	NA
NC_045512.2	14308	T	C	25011	21004	39	3	2	68	0.000119923	25016	0.124985	FALSE	NA	NA	NA	NA	NA	NA
NC_045512.2	14308	T	A	25011	21004	39	2	2	68	7.99488e-05	25016	0.249975	FALSE	NA	NA	NA	NA	NA	NA
NC_045512.2	14308	T	-G	25011	21004	39	2	0	20	7.99488e-05	25016	1	FALSE	NA	NA	NA	NA	NA	NA
NC_045512.2	14309	G	A	24714	21081	38	1	1	34	4.04613e-05	24715	1	FALSE	NA	NA	NA	NA	NA	NA
NC_045512.2	14310	G	C	24705	21025	38	1	1	34	4.0476e-05	24706	1	FALSE	NA	NA	NA	NA	NA	NA
NC_045512.2	14311	G	T	24814	21116	38	8	6	37	0.000322295	24822	0.998953	FALSE	NA	NA	NA	NA	NA	NA
NC_045512.2	14312	A	G	24881	21177	38	5	4	34	0.000200916	24886	0.999948	FALSE	NA	NA	NA	NA	NA	NA
NC_045512.2	14313	T	C	24820	21150	38	1	1	34	4.02885e-05	24821	1	FALSE	NA	NA	NA	NA	NA	NA
NC_045512.2	14314	C	T	24911	21207	38	8	6	34	0.000320976	24924	0.998951	FALSE	NA	NA	NA	NA	NA	NA
NC_045512.2	14314	C	A	24911	21207	38	5	4	39	0.00020061	24924	0.999948	FALSE	NA	NA	NA	NA	NA	NA
NC_045512.2	14315	A	G	24970	21223	38	4	4	34	0.00016016	24975	0.999986	FALSE	NA	NA	NA	NA	NA	NA
NC_045512.2	14315	A	C	24970	21223	38	1	1	34	4.004e-05	24975	1	FALSE	NA	NA	NA	NA	NA	NA
NC_045512.2	14316	G	C	24967	21164	38	1	1	34	4.00449e-05	24972	1	FALSE	NA	NA	NA	NA	NA	NA
NC_045512.2	14316	G	A	24967	21164	38	4	4	34	0.000160179	24972	0.999986	FALSE	NA	NA	NA	NA	NA	NA
NC_045512.2	14317	A	T	25358	21929	38	2	2	34	7.8855e-05	25363	1	FALSE	NA	NA	NA	NA	NA	NA
NC_045512.2	14317	A	G	25358	21929	38	3	2	34	0.000118283	25363	0.999998	FALSE	NA	NA	NA	NA	NA	NA
NC_045512.2	14318	C	A	25251	22119	37	1	1	34	3.96008e-05	25252	1	FALSE	NA	NA	NA	NA	NA	NA
NC_045512.2	14319	A	T	24965	21838	37	2	2	34	8.00865e-05	24973	1	FALSE	NA	NA	NA	NA	NA	NA
NC_045512.2	14319	A	G	24965	21838	37	1	1	34	4.00432e-05	24973	1	FALSE	NA	NA	NA	NA	NA	NA
NC_045512.2	14319	A	C	24965	21838	37	5	5	30	0.000200216	24973	0.999948	FALSE	NA	NA	NA	NA	NA	NA
NC_045512.2	14320	T	A	24600	21484	37	1	1	26	4.06488e-05	24601	1	FALSE	NA	NA	NA	NA	NA	NA
NC_045512.2	14321	A	T	24902	21805	37	1	1	34	4.01461e-05	24909	1	FALSE	NA	NA	NA	NA	NA	NA
NC_045512.2	14321	A	G	24902	21805	37	6	6	34	0.000240877	24909	0.999838	FALSE	NA	NA	NA	NA	NA	NA
NC_045512.2	14321	A	-C	24902	21805	37	1	0	20	4.01461e-05	24909	1	FALSE	NA	NA	NA	NA	NA	NA
NC_045512.2	14322	C	T	25592	22685	38	5	5	29	0.000195335	25597	1	FALSE	NA	NA	NA	NA	NA	NA
NC_045512.2	14323	C	G	25340	22509	38	1	1	26	3.94617e-05	25341	1	FALSE	NA	NA	NA	NA	NA	NA
NC_045512.2	14324	A	T	25101	22256	38	1	1	26	3.98359e-05	25103	1	FALSE	NA	NA	NA	NA	NA	NA
NC_045512.2	14324	A	G	25101	22256	38	1	1	34	3.98359e-05	25103	1	FALSE	NA	NA	NA	NA	NA	NA
NC_045512.2	14325	C	T	25059	22180	38	1	1	34	3.9901e-05	25062	1	FALSE	NA	NA	NA	NA	NA	NA
NC_045512.2	14325	C	A	25059	22180	38	2	2	34	7.98021e-05	25062	1	FALSE	NA	NA	NA	NA	NA	NA
NC_045512.2	14326	C	T	24966	22093	38	1	1	34	4.00529e-05	24967	1	FALSE	NA	NA	NA	NA	NA	NA
NC_045512.2	14327	C	T	24786	21931	38	1	1	34	4.03372e-05	24791	1	FALSE	NA	NA	NA	NA	NA	NA
NC_045512.2	14327	C	G	24786	21931	38	1	1	34	4.03372e-05	24791	1	FALSE	NA	NA	NA	NA	NA	NA
NC_045512.2	14327	C	A	24786	21931	38	3	3	34	0.000121012	24791	0.999997	FALSE	NA	NA	NA	NA	NA	NA
NC_045512.2	14328	A	T	25031	22247	38	1	1	34	3.99425e-05	25036	1	FALSE	NA	NA	NA	NA	NA	NA
NC_045512.2	14328	A	G	25031	22247	38	3	3	31	0.000119827	25036	0.999998	FALSE	NA	NA	NA	NA	NA	NA
NC_045512.2	14328	A	C	25031	22247	38	1	1	34	3.99425e-05	25036	1	FALSE	NA	NA	NA	NA	NA	NA
NC_045512.2	14329	A	T	25036	22237	38	1	1	27	3.99393e-05	25038	1	FALSE	NA	NA	NA	NA	NA	NA
NC_045512.2	14329	A	G	25036	22237	38	1	1	68	3.99393e-05	25038	0.5	FALSE	NA	NA	NA	NA	NA	NA
NC_045512.2	14330	A	G	25178	23140	37	2	1	47	7.94218e-05	25182	0.687493	FALSE	NA	NA	NA	NA	NA	NA
NC_045512.2	14330	A	C	25178	23140	37	2	2	34	7.94218e-05	25182	1	FALSE	NA	NA	NA	NA	NA	NA
NC_045512.2	14331	T	G	25208	23184	37	1	1	34	3.96652e-05	25211	1	FALSE	NA	NA	NA	NA	NA	NA
NC_045512.2	14331	T	C	25208	23184	37	2	2	34	7.93305e-05	25211	1	FALSE	NA	NA	NA	NA	NA	NA
NC_045512.2	14332	T	C	25231	23217	37	11	11	33	0.000435764	25243	0.994349	FALSE	NA	NA	NA	NA	NA	NA
NC_045512.2	14332	T	A	25231	23217	37	1	1	26	3.96149e-05	25243	1	FALSE	NA	NA	NA	NA	NA	NA
NC_045512.2	14333	G	T	25267	23169	37	5	5	32	0.000197847	25272	0.99997	FALSE	NA	NA	NA	NA	NA	NA
NC_045512.2	14334	T	C	25430	23393	37	2	2	34	7.8638e-05	25433	1	FALSE	NA	NA	NA	NA	NA	NA
NC_045512.2	14334	T	A	25430	23393	37	1	1	26	3.9319e-05	25433	1	FALSE	NA	NA	NA	NA	NA	NA
NC_045512.2	14335	G	C	25299	23318	37	1	1	34	3.9521e-05	25303	1	FALSE	NA	NA	NA	NA	NA	NA
NC_045512.2	14335	G	A	25299	23318	37	3	3	34	0.000118563	25303	0.999998	FALSE	NA	NA	NA	NA	NA	NA
NC_045512.2	14337	T	C	25229	23337	36	4	4	30	0.000158523	25233	0.999992	FALSE	NA	NA	NA	NA	NA	NA
NC_045512.2	14337	T	-A	25229	23337	36	1	0	20	3.96306e-05	25233	1	FALSE	NA	NA	NA	NA	NA	NA
NC_045512.2	14338	A	G	25379	23508	36	3	1	45	0.000118189	25383	0.499982	FALSE	NA	NA	NA	NA	NA	NA
NC_045512.2	14338	A	C	25379	23508	36	1	1	34	3.93964e-05	25383	1	FALSE	NA	NA	NA	NA	NA	NA
NC_045512.2	14341	T	G	23247	21464	37	6	6	34	0.000257854	23269	0.999726	FALSE	NA	NA	NA	NA	NA	NA
NC_045512.2	14341	T	C	23247	21464	37	10	10	34	0.000429756	23269	0.993225	FALSE	NA	NA	NA	NA	NA	NA
NC_045512.2	14341	T	A	23247	21464	37	6	6	34	0.000257854	23269	0.999726	FALSE	NA	NA	NA	NA	NA	NA
NC_045512.2	14342	G	T	23101	21313	37	1	1	34	4.32732e-05	23109	1	FALSE	NA	NA	NA	NA	NA	NA
NC_045512.2	14342	G	C	23101	21313	37	6	6	32	0.000259639	23109	0.999728	FALSE	NA	NA	NA	NA	NA	NA
NC_045512.2	14342	G	A	23101	21313	37	1	1	34	4.32732e-05	23109	1	FALSE	NA	NA	NA	NA	NA	NA
NC_045512.2	14342	G	-T	23101	21313	37	1	0	20	4.32732e-05	23109	1	FALSE	NA	NA	NA	NA	NA	NA
NC_045512.2	14343	T	G	18261	16524	36	1	1	34	5.47345e-05	18270	0.999998	FALSE	NA	NA	NA	NA	NA	NA
NC_045512.2	14343	T	C	18261	16524	36	8	7	38	0.000437876	18270	0.985543	FALSE	NA	NA	NA	NA	NA	NA
NC_045512.2	14344	T	C	19716	18022	37	5	5	34	0.000253537	19721	0.999231	FALSE	NA	NA	NA	NA	NA	NA
NC_045512.2	14345	T	C	19849	18170	37	1	1	34	5.03778e-05	19850	0.999999	FALSE	NA	NA	NA	NA	NA	NA
NC_045512.2	14346	G	T	19725	18051	37	1	1	34	5.06894e-05	19728	0.999999	FALSE	NA	NA	NA	NA	NA	NA
NC_045512.2	14346	G	C	19725	18051	37	1	1	34	5.06894e-05	19728	0.999999	FALSE	NA	NA	NA	NA	NA	NA
NC_045512.2	14346	G	A	19725	18051	37	1	1	68	5.06894e-05	19728	0.499987	FALSE	NA	NA	NA	NA	NA	NA
NC_045512.2	14347	G	A	19800	18124	37	1	1	34	5.05025e-05	19801	0.999999	FALSE	NA	NA	NA	NA	NA	NA
NC_045512.2	14348	A	G	19816	18141	37	1	1	34	5.04617e-05	19817	0.999999	FALSE	NA	NA	NA	NA	NA	NA
NC_045512.2	14349	T	C	19642	17978	37	6	6	32	0.000305375	19648	0.997968	FALSE	NA	NA	NA	NA	NA	NA
NC_045512.2	14350	G	A	19557	17916	37	1	1	34	5.113e-05	19558	0.999999	FALSE	NA	NA	NA	NA	NA	NA
NC_045512.2	14351	A	G	19285	17992	36	1	1	34	5.18511e-05	19286	0.999999	FALSE	NA	NA	NA	NA	NA	NA
NC_045512.2	14352	C	A	19318	18037	36	1	1	34	5.17625e-05	19319	0.999999	FALSE	NA	NA	NA	NA	NA	NA
NC_045512.2	14353	A	G	19168	17891	36	3	3	31	0.000156478	19172	0.99994	FALSE	NA	NA	NA	NA	NA	NA
NC_045512.2	14353	A	C	19168	17891	36	1	1	34	5.21594e-05	19172	0.999999	FALSE	NA	NA	NA	NA	NA	NA
NC_045512.2	14354	G	A	19117	17904	36	1	1	34	5.23067e-05	19118	0.999999	FALSE	NA	NA	NA	NA	NA	NA
NC_045512.2	14355	A	T	19066	17976	36	1	1	34	5.24439e-05	19068	0.999999	FALSE	NA	NA	NA	NA	NA	NA
NC_045512.2	14355	A	G	19066	17976	36	1	1	34	5.24439e-05	19068	0.999999	FALSE	NA	NA	NA	NA	NA	NA
NC_045512.2	14357	G	A	18895	17823	36	5	5	34	0.00026455	18900	0.998705	FALSE	NA	NA	NA	NA	NA	NA
NC_045512.2	14358	C	T	18931	17860	36	4	3	54	0.000211249	18935	0.0624967	FALSE	NA	NA	NA	NA	NA	NA
NC_045512.2	14359	A	T	18894	17821	36	1	1	26	5.29241e-05	18895	1	FALSE	NA	NA	NA	NA	NA	NA
NC_045512.2	14360	T	C	18881	17815	36	2	2	34	0.000105915	18883	0.99998	FALSE	NA	NA	NA	NA	NA	NA
NC_045512.2	14361	T	C	18370	17318	36	1	0	60	5.44307e-05	18372	0.5	FALSE	NA	NA	NA	NA	NA	NA
NC_045512.2	14361	T	A	18370	17318	36	1	1	26	5.44307e-05	18372	1	FALSE	NA	NA	NA	NA	NA	NA
NC_045512.2	14363	T	C	17975	17010	36	6	5	39	0.000333648	17983	0.994699	FALSE	NA	NA	NA	NA	NA	NA
NC_045512.2	14363	T	A	17975	17010	36	2	2	34	0.000111216	17983	0.999962	FALSE	NA	NA	NA	NA	NA	NA
NC_045512.2	14364	G	T	17928	16963	36	2	2	34	0.000111508	17936	0.999962	FALSE	NA	NA	NA	NA	NA	NA
NC_045512.2	14364	G	C	17928	16963	36	1	1	34	5.57538e-05	17936	0.999996	FALSE	NA	NA	NA	NA	NA	NA
NC_045512.2	14364	G	A	17928	16963	36	5	5	34	0.000278769	17936	0.997832	FALSE	NA	NA	NA	NA	NA	NA
NC_045512.2	14367	T	G	30592	17014	35	2	0	34	6.53659e-05	30597	1	FALSE	NA	NA	NA	NA	NA	NA
NC_045512.2	14367	T	C	30592	17014	35	3	2	34	9.80488e-05	30597	1	FALSE	NA	NA	NA	NA	NA	NA
NC_045512.2	14368	T	G	28560	14965	35	1	0	34	3.50103e-05	28563	1	FALSE	NA	NA	NA	NA	NA	NA
NC_045512.2	14368	T	C	28560	14965	35	2	1	51	7.00207e-05	28563	0.249996	FALSE	NA	NA	NA	NA	NA	NA
NC_045512.2	14369	G	T	30081	14919	35	1	0	34	3.32425e-05	30082	1	FALSE	NA	NA	NA	NA	NA	NA
NC_045512.2	14370	T	C	30075	15002	34	3	1	34	9.97374e-05	30079	1	FALSE	NA	NA	NA	NA	NA	NA
NC_045512.2	14370	T	A	30075	15002	34	1	1	34	3.32458e-05	30079	1	FALSE	NA	NA	NA	NA	NA	NA
NC_045512.2	14371	G	A	30025	14920	34	27	14	36	0.000898443	30052	0.70181	FALSE	NA	NA	NA	NA	NA	NA
NC_045512.2	14372	C	T	30109	15046	34	1	1	34	3.32116e-05	30110	1	FALSE	NA	NA	NA	NA	NA	NA
NC_045512.2	14372	C	-A	30109	15046	34	2	0	20	6.64231e-05	30110	1	FALSE	NA	NA	NA	NA	NA	NA
NC_045512.2	14373	A	G	29891	14791	34	4	1	34	0.000133802	29895	0.999999	FALSE	NA	NA	NA	NA	NA	NA
NC_045512.2	14373	A	+AACT	29891	14791	34	2	0	20	6.68963e-05	29897	1	FALSE	NA	NA	NA	NA	NA	NA
NC_045512.2	14374	A	G	29935	14787	34	2	2	34	6.68025e-05	29939	1	FALSE	NA	NA	NA	NA	NA	NA
NC_045512.2	14374	A	C	29935	14787	34	2	0	34	6.68025e-05	29939	1	FALSE	NA	NA	NA	NA	NA	NA
NC_045512.2	14375	A	G	26418	14848	33	1	0	34	3.78515e-05	26419	1	FALSE	NA	NA	NA	NA	NA	NA
NC_045512.2	14376	C	A	33575	14969	34	1	1	34	2.97832e-05	33576	1	FALSE	NA	NA	NA	NA	NA	NA
NC_045512.2	14376	C	-T	33575	14969	34	1	0	20	2.97832e-05	33576	1	FALSE	NA	NA	NA	NA	NA	NA
NC_045512.2	14377	T	C	33561	14892	34	2	2	34	5.95894e-05	33563	1	FALSE	NA	NA	NA	NA	NA	NA
NC_045512.2	14379	T	C	32687	13993	34	1	0	34	3.05904e-05	32690	1	FALSE	NA	NA	NA	NA	NA	NA
NC_045512.2	14379	T	A	32687	13993	34	2	0	34	6.11808e-05	32690	1	FALSE	NA	NA	NA	NA	NA	NA
NC_045512.2	14379	T	-A	32687	13993	34	1	0	20	3.05904e-05	32690	1	FALSE	NA	NA	NA	NA	NA	NA
NC_045512.2	14380	A	T	32788	14064	34	1	1	34	3.0498e-05	32789	1	FALSE	NA	NA	NA	NA	NA	NA
NC_045512.2	14381	A	G	32902	14261	34	5	3	34	0.000151943	32907	0.999999	FALSE	NA	NA	NA	NA	NA	NA
NC_045512.2	14382	T	G	33030	14287	34	2	0	34	6.05455e-05	33033	1	FALSE	NA	NA	NA	NA	NA	NA
NC_045512.2	14382	T	C	33030	14287	34	1	1	34	3.02728e-05	33033	1	FALSE	NA	NA	NA	NA	NA	NA
NC_045512.2	14384	T	C	33849	14211	34	5	4	34	0.000147693	33854	1	FALSE	NA	NA	NA	NA	NA	NA
NC_045512.2	14385	T	G	33008	13171	34	1	1	34	3.02929e-05	33011	1	FALSE	NA	NA	NA	NA	NA	NA
NC_045512.2	14385	T	C	33008	13171	34	2	2	34	6.05859e-05	33011	1	FALSE	NA	NA	NA	NA	NA	NA
NC_045512.2	14386	T	G	33534	13705	34	2	0	30	5.96321e-05	33539	1	FALSE	NA	NA	NA	NA	NA	NA
NC_045512.2	14386	T	C	33534	13705	34	3	0	28	8.94481e-05	33539	1	FALSE	NA	NA	NA	NA	NA	NA
NC_045512.2	14387	T	G	33315	13524	34	2	0	30	6.00186e-05	33323	1	FALSE	NA	NA	NA	NA	NA	NA
NC_045512.2	14387	T	C	33315	13524	34	6	2	34	0.000180056	33323	0.999999	FALSE	NA	NA	NA	NA	NA	NA
NC_045512.2	14388	A	G	34736	13843	34	2	1	34	5.75705e-05	34740	1	FALSE	NA	NA	NA	NA	NA	NA
NC_045512.2	14388	A	C	34736	13843	34	2	2	34	5.75705e-05	34740	1	FALSE	NA	NA	NA	NA	NA	NA
NC_045512.2	14389	T	C	34770	13884	34	2	0	34	5.75175e-05	34772	1	FALSE	NA	NA	NA	NA	NA	NA
NC_045512.2	14390	T	C	36062	13635	34	3	1	34	8.31716e-05	36070	1	FALSE	NA	NA	NA	NA	NA	NA
NC_045512.2	14390	T	A	36062	13635	34	5	0	34	0.000138619	36070	1	FALSE	NA	NA	NA	NA	NA	NA
NC_045512.2	14391	C	T	36808	14060	34	2	2	34	5.43331e-05	36810	1	FALSE	NA	NA	NA	NA	NA	NA
NC_045512.2	14392	T	G	35823	12962	34	1	0	34	2.79111e-05	35828	1	FALSE	NA	NA	NA	NA	NA	NA
NC_045512.2	14392	T	C	35823	12962	34	4	1	32	0.000111645	35828	1	FALSE	NA	NA	NA	NA	NA	NA
NC_045512.2	14393	C	A	37035	13081	34	1	0	26	2.70008e-05	37036	1	FALSE	NA	NA	NA	NA	NA	NA
NC_045512.2	14394	T	C	36926	12967	34	8	3	40	0.000216579	36938	0.113238	FALSE	NA	NA	NA	NA	NA	NA
NC_045512.2	14394	T	A	36926	12967	34	4	0	32	0.00010829	36938	1	FALSE	NA	NA	NA	NA	NA	NA
NC_045512.2	14395	A	T	37249	13027	34	3	2	34	8.05304e-05	37253	1	FALSE	NA	NA	NA	NA	NA	NA
NC_045512.2	14395	A	G	37249	13027	34	1	1	26	2.68435e-05	37253	1	FALSE	NA	NA	NA	NA	NA	NA
NC_045512.2	14396	C	T	37291	13043	34	9	0	34	0.000241255	37305	0.999995	FALSE	NA	NA	NA	NA	NA	NA
NC_045512.2	14396	C	G	37291	13043	34	2	0	34	5.36121e-05	37305	1	FALSE	NA	NA	NA	NA	NA	NA
NC_045512.2	14396	C	A	37291	13043	34	3	0	34	8.04182e-05	37305	1	FALSE	NA	NA	NA	NA	NA	NA
NC_045512.2	14397	A	T	36396	12164	34	8	4	54	0.000219726	36409	0.00390303	TRUE	NA	NA	NA	NA	NA	NA
NC_045512.2	14397	A	G	36396	12164	34	4	3	51	0.000109863	36409	0.0624674	FALSE	NA	NA	NA	NA	NA	NA
NC_045512.2	14397	A	C	36396	12164	34	1	1	34	2.74657e-05	36409	1	FALSE	NA	NA	NA	NA	NA	NA
NC_045512.2	14398	G	T	39637	12205	34	1	1	26	2.5227e-05	39640	1	FALSE	NA	NA	NA	NA	NA	NA
NC_045512.2	14398	G	A	39637	12205	34	2	0	34	5.04541e-05	39640	1	FALSE	NA	NA	NA	NA	NA	NA
NC_045512.2	14399	T	C	37195	10038	35	1	0	34	2.68846e-05	37196	1	FALSE	NA	NA	NA	NA	NA	NA
NC_045512.2	14400	G	T	37095	9413	35	2	1	34	5.39127e-05	37097	1	FALSE	NA	NA	NA	NA	NA	NA
NC_045512.2	14401	T	G	36910	9286	35	1	0	34	2.70863e-05	36919	1	FALSE	NA	NA	NA	NA	NA	NA
NC_045512.2	14401	T	C	36910	9286	35	5	3	32	0.000135432	36919	1	FALSE	NA	NA	NA	NA	NA	NA
NC_045512.2	14401	T	A	36910	9286	35	3	2	31	8.1259e-05	36919	1	FALSE	NA	NA	NA	NA	NA	NA
NC_045512.2	14402	T	C	35735	8111	35	7	0	34	0.000195848	35742	0.999999	FALSE	NA	NA	NA	NA	NA	NA
NC_045512.2	14403	C	G	35708	8285	35	1	0	34	2.80041e-05	35709	1	FALSE	NA	NA	NA	NA	NA	NA
NC_045512.2	14404	C	T	35441	7977	35	2	0	34	5.6427e-05	35444	1	FALSE	NA	NA	NA	NA	NA	NA
NC_045512.2	14404	C	A	35441	7977	35	1	1	34	2.82135e-05	35444	1	FALSE	NA	NA	NA	NA	NA	NA
NC_045512.2	14406	A	G	35549	8022	35	2	1	34	5.62572e-05	35551	1	FALSE	NA	NA	NA	NA	NA	NA
NC_045512.2	14406	A	-C	35549	8022	35	1	0	20	2.81286e-05	35551	1	FALSE	NA	NA	NA	NA	NA	NA
NC_045512.2	14406	A	+T	35549	8022	35	1	0	20	2.81286e-05	35551	1	FALSE	NA	NA	NA	NA	NA	NA
NC_045512.2	14407	C	T	31846	7574	35	4307	234	34	0.119129	36154	0	TRUE	NA	NA	NA	NA	NA	NA
NC_045512.2	14407	C	G	31846	7574	35	1	0	34	2.76595e-05	36154	1	FALSE	NA	NA	NA	NA	NA	NA
NC_045512.2	14408	C	T	4	0	31	35506	7195	35	0.999803	35513	0	TRUE	NA	NA	NA	NA	NA	NA
NC_045512.2	14408	C	A	4	0	31	3	1	34	8.44761e-05	35513	3.94208e-08	TRUE	NA	NA	NA	NA	NA	NA
NC_045512.2	14409	T	C	34947	6672	35	5	1	34	0.000143053	34952	1	FALSE	NA	NA	NA	NA	NA	NA
NC_045512.2	14410	A	G	34738	6677	35	3	1	28	8.63533e-05	34741	1	FALSE	NA	NA	NA	NA	NA	NA
NC_045512.2	14411	C	T	30508	6450	35	4376	245	35	0.125437	34886	0	TRUE	NA	NA	NA	NA	NA	NA
NC_045512.2	14411	C	A	30508	6450	35	2	1	68	5.73296e-05	34886	0.217665	FALSE	NA	NA	NA	NA	NA	NA
NC_045512.2	14412	A	T	35099	6719	35	1	0	34	2.84868e-05	35104	1	FALSE	NA	NA	NA	NA	NA	NA
NC_045512.2	14412	A	G	35099	6719	35	4	0	34	0.000113947	35104	1	FALSE	NA	NA	NA	NA	NA	NA
NC_045512.2	14413	A	G	35184	6708	35	3	0	34	8.52539e-05	35189	1	FALSE	NA	NA	NA	NA	NA	NA
NC_045512.2	14413	A	C	35184	6708	35	2	2	34	5.68359e-05	35189	1	FALSE	NA	NA	NA	NA	NA	NA
NC_045512.2	14414	G	T	36036	6706	35	1	0	34	2.77493e-05	36037	1	FALSE	NA	NA	NA	NA	NA	NA
NC_045512.2	14414	G	-T	36036	6706	35	19	0	20	0.000527236	36037	1	FALSE	NA	NA	NA	NA	NA	NA
NC_045512.2	14415	T	G	35706	6901	36	3	0	34	8.40101e-05	35710	1	FALSE	NA	NA	NA	NA	NA	NA
NC_045512.2	14415	T	C	35706	6901	36	1	0	34	2.80034e-05	35710	1	FALSE	NA	NA	NA	NA	NA	NA
NC_045512.2	14416	T	C	35292	6511	36	1	0	34	2.83342e-05	35293	1	FALSE	NA	NA	NA	NA	NA	NA
NC_045512.2	14417	T	C	35377	6519	36	3	1	45	8.47937e-05	35380	0.65627	FALSE	NA	NA	NA	NA	NA	NA
NC_045512.2	14418	T	G	35346	6505	36	2	1	34	5.65723e-05	35353	1	FALSE	NA	NA	NA	NA	NA	NA
NC_045512.2	14418	T	C	35346	6505	36	5	0	34	0.000141431	35353	1	FALSE	NA	NA	NA	NA	NA	NA
NC_045512.2	14419	G	T	35318	6466	36	5	0	34	0.000141535	35327	1	FALSE	NA	NA	NA	NA	NA	NA
NC_045512.2	14419	G	C	35318	6466	36	2	2	30	5.66139e-05	35327	1	FALSE	NA	NA	NA	NA	NA	NA
NC_045512.2	14419	G	A	35318	6466	36	2	1	30	5.66139e-05	35327	1	FALSE	NA	NA	NA	NA	NA	NA
NC_045512.2	14420	G	T	35510	6504	36	1	0	34	2.81595e-05	35512	1	FALSE	NA	NA	NA	NA	NA	NA
NC_045512.2	14420	G	A	35510	6504	36	1	0	34	2.81595e-05	35512	1	FALSE	NA	NA	NA	NA	NA	NA
NC_045512.2	14421	A	G	35164	6693	37	14	2	32	0.000397976	35178	0.999302	FALSE	NA	NA	NA	NA	NA	NA
NC_045512.2	14422	C	T	35608	6686	37	5	1	32	0.000140386	35616	1	FALSE	NA	NA	NA	NA	NA	NA
NC_045512.2	14422	C	G	35608	6686	37	3	3	34	8.42318e-05	35616	1	FALSE	NA	NA	NA	NA	NA	NA
NC_045512.2	14423	C	T	33808	5758	36	2	1	30	5.91523e-05	33811	1	FALSE	NA	NA	NA	NA	NA	NA
NC_045512.2	14423	C	G	33808	5758	36	1	0	26	2.95762e-05	33811	1	FALSE	NA	NA	NA	NA	NA	NA
NC_045512.2	14424	A	T	34759	5683	37	1	0	34	2.87679e-05	34761	1	FALSE	NA	NA	NA	NA	NA	NA
NC_045512.2	14424	A	G	34759	5683	37	1	0	26	2.87679e-05	34761	1	FALSE	NA	NA	NA	NA	NA	NA
NC_045512.2	14425	C	T	32434	2758	37	1	0	26	3.08309e-05	32435	1	FALSE	NA	NA	NA	NA	NA	NA
NC_045512.2	14426	T	C	32406	2935	37	2	0	34	6.17132e-05	32408	1	FALSE	NA	NA	NA	NA	NA	NA
NC_045512.2	14427	A	G	32093	2944	37	2	0	30	6.2315e-05	32095	1	FALSE	NA	NA	NA	NA	NA	NA
NC_045512.2	14429	T	G	32399	3023	37	1	0	34	3.08594e-05	32405	1	FALSE	NA	NA	NA	NA	NA	NA
NC_045512.2	14429	T	C	32399	3023	37	2	0	34	6.17189e-05	32405	1	FALSE	NA	NA	NA	NA	NA	NA
NC_045512.2	14429	T	A	32399	3023	37	3	0	26	9.25783e-05	32405	1	FALSE	NA	NA	NA	NA	NA	NA
NC_045512.2	14430	G	C	32484	3020	37	1	1	34	3.07834e-05	32485	1	FALSE	NA	NA	NA	NA	NA	NA
NC_045512.2	14431	A	G	32506	3028	38	2	0	34	6.15214e-05	32509	1	FALSE	NA	NA	NA	NA	NA	NA
NC_045512.2	14431	A	C	32506	3028	38	1	0	34	3.07607e-05	32509	1	FALSE	NA	NA	NA	NA	NA	NA
NC_045512.2	14432	G	A	32773	3022	37	1	0	68	3.0512e-05	32774	0.500008	FALSE	NA	NA	NA	NA	NA	NA
NC_045512.2	14432	G	-AAAA	32773	3022	37	1	0	20	3.0512e-05	32774	1	FALSE	NA	NA	NA	NA	NA	NA
NC_045512.2	14432	G	-A	32773	3022	37	3	0	20	9.1536e-05	32774	1	FALSE	NA	NA	NA	NA	NA	NA
NC_045512.2	14433	A	G	31752	3059	37	7	0	34	0.000220403	31760	0.999988	FALSE	NA	NA	NA	NA	NA	NA
NC_045512.2	14433	A	C	31752	3059	37	1	0	34	3.14861e-05	31760	1	FALSE	NA	NA	NA	NA	NA	NA
NC_045512.2	14434	A	C	32776	3067	38	1	1	27	3.05092e-05	32777	1	FALSE	NA	NA	NA	NA	NA	NA
NC_045512.2	14435	A	G	32849	3073	38	2	0	34	6.08809e-05	32851	1	FALSE	NA	NA	NA	NA	NA	NA
NC_045512.2	14436	A	T	32855	3836	39	2	0	25	6.0855e-05	32865	1	FALSE	NA	NA	NA	NA	NA	NA
NC_045512.2	14436	A	G	32855	3836	39	8	1	38	0.00024342	32865	0.999979	FALSE	NA	NA	NA	NA	NA	NA
NC_045512.2	14437	A	G	32828	3844	39	3	1	42	9.13771e-05	32831	0.656271	FALSE	NA	NA	NA	NA	NA	NA
NC_045512.2	14438	T	G	33116	3846	39	10	0	31	0.000301869	33127	0.999915	FALSE	NA	NA	NA	NA	NA	NA
NC_045512.2	14438	T	A	33116	3846	39	1	0	34	3.01869e-05	33127	1	FALSE	NA	NA	NA	NA	NA	NA
NC_045512.2	14439	A	T	32759	3852	39	2	0	34	6.10445e-05	32763	1	FALSE	NA	NA	NA	NA	NA	NA
NC_045512.2	14439	A	G	32759	3852	39	2	0	30	6.10445e-05	32763	1	FALSE	NA	NA	NA	NA	NA	NA
NC_045512.2	14440	T	C	33157	3861	39	2	0	34	6.03154e-05	33159	1	FALSE	NA	NA	NA	NA	NA	NA
NC_045512.2	14441	T	C	33099	3891	39	4	2	40	0.000120831	33104	0.5	FALSE	NA	NA	NA	NA	NA	NA
NC_045512.2	14441	T	A	33099	3891	39	1	0	34	3.02078e-05	33104	1	FALSE	NA	NA	NA	NA	NA	NA
NC_045512.2	14442	T	C	33300	3899	39	2	0	34	6.00546e-05	33303	1	FALSE	NA	NA	NA	NA	NA	NA
NC_045512.2	14442	T	A	33300	3899	39	1	0	34	3.00273e-05	33303	1	FALSE	NA	NA	NA	NA	NA	NA
NC_045512.2	14444	T	G	33317	3831	38	2	0	30	6.00204e-05	33322	1	FALSE	NA	NA	NA	NA	NA	NA
NC_045512.2	14444	T	C	33317	3831	38	2	0	30	6.00204e-05	33322	1	FALSE	NA	NA	NA	NA	NA	NA
NC_045512.2	14444	T	A	33317	3831	38	1	0	34	3.00102e-05	33322	1	FALSE	NA	NA	NA	NA	NA	NA
NC_045512.2	14445	T	G	33352	3918	39	1	0	34	2.99787e-05	33357	1	FALSE	NA	NA	NA	NA	NA	NA
NC_045512.2	14445	T	C	33352	3918	39	2	0	34	5.99574e-05	33357	1	FALSE	NA	NA	NA	NA	NA	NA
NC_045512.2	14445	T	A	33352	3918	39	2	0	34	5.99574e-05	33357	1	FALSE	NA	NA	NA	NA	NA	NA
NC_045512.2	14448	T	C	33151	4174	39	1	0	34	3.01641e-05	33152	1	FALSE	NA	NA	NA	NA	NA	NA
NC_045512.2	14450	G	A	33359	4240	39	1	0	34	2.9976e-05	33360	1	FALSE	NA	NA	NA	NA	NA	NA
NC_045512.2	14451	T	G	33176	4253	39	4	0	32	0.000120544	33183	1	FALSE	NA	NA	NA	NA	NA	NA
NC_045512.2	14451	T	C	33176	4253	39	2	2	64	6.02718e-05	33183	0.249966	FALSE	NA	NA	NA	NA	NA	NA
NC_045512.2	14451	T	A	33176	4253	39	1	0	34	3.01359e-05	33183	1	FALSE	NA	NA	NA	NA	NA	NA
NC_045512.2	14452	G	A	33442	4285	39	2	0	34	5.98015e-05	33444	1	FALSE	NA	NA	NA	NA	NA	NA
NC_045512.2	14453	T	C	31154	4595	39	5	1	39	0.000160467	31159	0.999999	FALSE	NA	NA	NA	NA	NA	NA
NC_045512.2	14454	T	C	31216	4613	39	13	4	41	0.000416213	31234	0.0106203	FALSE	NA	NA	NA	NA	NA	NA
NC_045512.2	14454	T	A	31216	4613	39	5	1	40	0.000160082	31234	0.363062	FALSE	NA	NA	NA	NA	NA	NA
NC_045512.2	14455	C	G	30955	4845	39	3	0	34	9.68992e-05	30960	1	FALSE	NA	NA	NA	NA	NA	NA
NC_045512.2	14455	C	A	30955	4845	39	2	0	30	6.45995e-05	30960	1	FALSE	NA	NA	NA	NA	NA	NA
NC_045512.2	14456	C	T	31090	4878	38	2	0	34	6.43232e-05	31093	1	FALSE	NA	NA	NA	NA	NA	NA
NC_045512.2	14456	C	A	31090	4878	38	1	0	34	3.21616e-05	31093	1	FALSE	NA	NA	NA	NA	NA	NA
NC_045512.2	14457	A	T	31245	4997	39	1	0	34	3.2001e-05	31249	1	FALSE	NA	NA	NA	NA	NA	NA
NC_045512.2	14457	A	G	31245	4997	39	3	1	34	9.60031e-05	31249	1	FALSE	NA	NA	NA	NA	NA	NA
NC_045512.2	14458	T	C	30751	4803	38	1	0	34	3.25182e-05	30752	1	FALSE	NA	NA	NA	NA	NA	NA
NC_045512.2	14459	T	C	30895	5146	39	5	0	34	0.000161812	30900	0.999998	FALSE	NA	NA	NA	NA	NA	NA
NC_045512.2	14460	T	C	26382	5731	38	2	2	29	7.58035e-05	26384	1	FALSE	NA	NA	NA	NA	NA	NA
NC_045512.2	14461	G	T	26402	5719	38	2	2	34	7.57461e-05	26404	1	FALSE	NA	NA	NA	NA	NA	NA
NC_045512.2	14462	T	C	26427	5857	38	1	0	34	3.78387e-05	26428	1	FALSE	NA	NA	NA	NA	NA	NA
NC_045512.2	14463	A	T	26456	5867	38	2	2	34	7.55915e-05	26458	1	FALSE	NA	NA	NA	NA	NA	NA
NC_045512.2	14464	G	T	26546	5848	38	2	2	34	7.53352e-05	26548	1	FALSE	NA	NA	NA	NA	NA	NA
NC_045512.2	14465	T	C	26144	6294	38	1	0	34	3.82482e-05	26145	1	FALSE	NA	NA	NA	NA	NA	NA
NC_045512.2	14466	T	C	26185	6327	38	3	1	34	0.000114556	26188	0.999999	FALSE	NA	NA	NA	NA	NA	NA
NC_045512.2	14467	T	-C	26253	6469	39	1	0	20	3.80909e-05	26253	1	FALSE	NA	NA	NA	NA	NA	NA
NC_045512.2	14468	C	T	26313	6468	39	2	2	30	7.60023e-05	26315	1	FALSE	NA	NA	NA	NA	NA	NA
NC_045512.2	14469	A	G	26370	6526	39	4	0	40	0.000151665	26374	0.343759	FALSE	NA	NA	NA	NA	NA	NA
NC_045512.2	14470	A	G	22955	6726	37	3	1	43	0.000130668	22959	0.5	FALSE	NA	NA	NA	NA	NA	NA
NC_045512.2	14470	A	C	22955	6726	37	1	0	34	4.35559e-05	22959	1	FALSE	NA	NA	NA	NA	NA	NA
NC_045512.2	14471	C	A	25377	6761	38	3	3	34	0.000118203	25380	0.999998	FALSE	NA	NA	NA	NA	NA	NA
NC_045512.2	14472	T	C	25761	7167	39	3	0	31	0.000116437	25765	0.999998	FALSE	NA	NA	NA	NA	NA	NA
NC_045512.2	14472	T	A	25761	7167	39	1	0	34	3.88123e-05	25765	1	FALSE	NA	NA	NA	NA	NA	NA
NC_045512.2	14473	G	C	26221	7161	38	21	8	38	0.000800213	26243	0.80926	FALSE	NA	NA	NA	NA	NA	NA
NC_045512.2	14473	G	A	26221	7161	38	1	1	34	3.81054e-05	26243	1	FALSE	NA	NA	NA	NA	NA	NA
NC_045512.2	14475	A	G	26448	7378	39	4	2	42	0.000151217	26452	0.343759	FALSE	NA	NA	NA	NA	NA	NA
NC_045512.2	14477	A	G	23538	7807	38	6	0	31	0.000254842	23544	0.999728	FALSE	NA	NA	NA	NA	NA	NA
NC_045512.2	14477	A	-C	23538	7807	38	1	0	20	4.24737e-05	23544	1	FALSE	NA	NA	NA	NA	NA	NA
NC_045512.2	14478	C	T	24016	7975	38	6	1	34	0.000249761	24023	0.999838	FALSE	NA	NA	NA	NA	NA	NA
NC_045512.2	14478	C	G	24016	7975	38	1	0	34	4.16268e-05	24023	1	FALSE	NA	NA	NA	NA	NA	NA
NC_045512.2	14479	C	T	23927	7981	38	3	2	42	0.00012536	23931	0.5	FALSE	NA	NA	NA	NA	NA	NA
NC_045512.2	14479	C	G	23927	7981	38	1	0	26	4.17868e-05	23931	1	FALSE	NA	NA	NA	NA	NA	NA
NC_045512.2	14482	T	A	24688	8286	38	1	0	34	4.05039e-05	24689	1	FALSE	NA	NA	NA	NA	NA	NA
NC_045512.2	14483	T	G	25445	9396	39	2	1	34	7.85916e-05	25448	1	FALSE	NA	NA	NA	NA	NA	NA
NC_045512.2	14483	T	C	25445	9396	39	1	1	38	3.92958e-05	25448	1	FALSE	NA	NA	NA	NA	NA	NA
NC_045512.2	14484	C	G	24696	9512	39	1	0	26	4.04907e-05	24697	1	FALSE	NA	NA	NA	NA	NA	NA
NC_045512.2	14485	A	T	24707	9484	39	1	0	34	4.04694e-05	24710	1	FALSE	NA	NA	NA	NA	NA	NA
NC_045512.2	14485	A	C	24707	9484	39	2	2	30	8.09389e-05	24710	1	FALSE	NA	NA	NA	NA	NA	NA
NC_045512.2	14486	G	A	24658	9469	39	1	1	34	4.05531e-05	24659	1	FALSE	NA	NA	NA	NA	NA	NA
NC_045512.2	14487	A	G	24658	9547	39	3	0	30	0.000121645	24662	0.999997	FALSE	NA	NA	NA	NA	NA	NA
NC_045512.2	14487	A	C	24658	9547	39	1	1	34	4.05482e-05	24662	1	FALSE	NA	NA	NA	NA	NA	NA
NC_045512.2	14488	G	A	25304	9567	39	1	0	34	3.95179e-05	25305	1	FALSE	NA	NA	NA	NA	NA	NA
NC_045512.2	14489	A	T	23532	9675	37	1	0	34	4.24881e-05	23536	1	FALSE	NA	NA	NA	NA	NA	NA
NC_045512.2	14489	A	G	23532	9675	37	3	1	34	0.000127464	23536	0.999995	FALSE	NA	NA	NA	NA	NA	NA
NC_045512.2	14490	G	T	24688	9566	38	2	1	51	8.10045e-05	24690	0.250005	FALSE	NA	NA	NA	NA	NA	NA
NC_045512.2	14491	C	T	23515	10053	38	1	0	34	4.25242e-05	23516	1	FALSE	NA	NA	NA	NA	NA	NA
NC_045512.2	14491	C	-T	23515	10053	38	1	0	20	4.25242e-05	23516	1	FALSE	NA	NA	NA	NA	NA	NA
NC_045512.2	14492	T	C	23318	9857	38	3	1	34	0.000128639	23321	0.999995	FALSE	NA	NA	NA	NA	NA	NA
NC_045512.2	14493	A	T	23338	9860	38	1	0	26	4.28302e-05	23348	1	FALSE	NA	NA	NA	NA	NA	NA
NC_045512.2	14493	A	G	23338	9860	38	8	6	34	0.000342642	23348	0.998341	FALSE	NA	NA	NA	NA	NA	NA
NC_045512.2	14493	A	C	23338	9860	38	1	1	26	4.28302e-05	23348	1	FALSE	NA	NA	NA	NA	NA	NA
NC_045512.2	14494	G	T	22712	10027	37	1	1	26	4.40238e-05	22715	1	FALSE	NA	NA	NA	NA	NA	NA
NC_045512.2	14494	G	C	22712	10027	37	1	1	34	4.40238e-05	22715	1	FALSE	NA	NA	NA	NA	NA	NA
NC_045512.2	14494	G	A	22712	10027	37	1	0	34	4.40238e-05	22715	1	FALSE	NA	NA	NA	NA	NA	NA
NC_045512.2	14495	G	A	23407	10112	37	2	0	34	8.54372e-05	23409	0.999999	FALSE	NA	NA	NA	NA	NA	NA
NC_045512.2	14496	T	C	23569	10608	37	1	0	34	4.24268e-05	23570	1	FALSE	NA	NA	NA	NA	NA	NA
NC_045512.2	14497	G	C	23575	10332	37	1	1	26	4.24088e-05	23580	1	FALSE	NA	NA	NA	NA	NA	NA
NC_045512.2	14497	G	A	23575	10332	37	4	2	34	0.000169635	23580	0.999975	FALSE	NA	NA	NA	NA	NA	NA
NC_045512.2	14498	T	C	23489	10299	37	2	2	34	8.5139e-05	23491	0.999999	FALSE	NA	NA	NA	NA	NA	NA
NC_045512.2	14499	T	C	20929	10545	37	1	1	68	4.77783e-05	20930	0.500012	FALSE	NA	NA	NA	NA	NA	NA
NC_045512.2	14500	G	T	21304	10550	37	2	2	34	9.38659e-05	21307	0.999997	FALSE	NA	NA	NA	NA	NA	NA
NC_045512.2	14500	G	A	21304	10550	37	1	0	34	4.69329e-05	21307	1	FALSE	NA	NA	NA	NA	NA	NA
NC_045512.2	14501	T	C	21129	10771	37	2	1	34	9.46477e-05	21131	0.999997	FALSE	NA	NA	NA	NA	NA	NA
NC_045512.2	14502	A	G	21124	10761	37	2	1	30	9.46701e-05	21126	0.999997	FALSE	NA	NA	NA	NA	NA	NA
NC_045512.2	14504	A	C	20613	10391	37	3	3	34	0.000145518	20616	0.999967	FALSE	NA	NA	NA	NA	NA	NA
NC_045512.2	14506	A	G	21810	10686	36	42	30	36	0.00192202	21852	0.00554483	TRUE	NA	NA	NA	NA	NA	NA
NC_045512.2	14507	A	G	21797	10829	36	3	1	31	0.000137615	21800	0.999982	FALSE	NA	NA	NA	NA	NA	NA
NC_045512.2	14508	T	C	21101	11001	36	1	1	34	4.73889e-05	21102	1	FALSE	NA	NA	NA	NA	NA	NA
NC_045512.2	14509	C	T	17181	8708	36	3764	2142	36	0.179709	20945	0	TRUE	NA	NA	NA	NA	NA	NA
NC_045512.2	14510	A	G	20875	10777	36	6	0	39	0.000287329	20882	0.998757	FALSE	NA	NA	NA	NA	NA	NA
NC_045512.2	14510	A	C	20875	10777	36	1	1	34	4.78881e-05	20882	1	FALSE	NA	NA	NA	NA	NA	NA
NC_045512.2	14512	G	C	21104	10776	36	1	1	34	4.73776e-05	21107	1	FALSE	NA	NA	NA	NA	NA	NA
NC_045512.2	14512	G	A	21104	10776	36	2	0	34	9.47553e-05	21107	0.999997	FALSE	NA	NA	NA	NA	NA	NA
NC_045512.2	14513	A	G	21240	10842	36	1	1	34	4.70788e-05	21241	1	FALSE	NA	NA	NA	NA	NA	NA
NC_045512.2	14515	G	C	20089	10194	36	1	0	34	4.97735e-05	20091	1	FALSE	NA	NA	NA	NA	NA	NA
NC_045512.2	14515	G	A	20089	10194	36	1	0	34	4.97735e-05	20091	1	FALSE	NA	NA	NA	NA	NA	NA
NC_045512.2	14516	T	C	20184	10471	36	3	1	31	0.00014861	20187	0.999967	FALSE	NA	NA	NA	NA	NA	NA
NC_045512.2	14517	A	G	20294	10434	36	1	1	34	4.92732e-05	20295	1	FALSE	NA	NA	NA	NA	NA	NA
NC_045512.2	14518	A	G	21542	11539	37	3	2	42	0.000139243	21545	0.500022	FALSE	NA	NA	NA	NA	NA	NA
NC_045512.2	14519	A	T	19304	11551	35	1	0	34	5.17893e-05	19309	0.999999	FALSE	NA	NA	NA	NA	NA	NA
NC_045512.2	14519	A	G	19304	11551	35	3	2	34	0.000155368	19309	0.99994	FALSE	NA	NA	NA	NA	NA	NA
NC_045512.2	14519	A	C	19304	11551	35	1	1	34	5.17893e-05	19309	0.999999	FALSE	NA	NA	NA	NA	NA	NA
NC_045512.2	14520	C	T	21639	11669	37	2	2	34	9.24172e-05	21641	0.999997	FALSE	NA	NA	NA	NA	NA	NA
NC_045512.2	14521	T	C	21246	11256	37	5	5	32	0.000235283	21251	0.999734	FALSE	NA	NA	NA	NA	NA	NA
NC_045512.2	14522	T	G	21283	11316	37	1	0	34	4.6977e-05	21287	1	FALSE	NA	NA	NA	NA	NA	NA
NC_045512.2	14522	T	C	21283	11316	37	3	3	34	0.000140931	21287	0.999982	FALSE	NA	NA	NA	NA	NA	NA
NC_045512.2	14522	T	-A	21283	11316	37	1	0	20	4.6977e-05	21287	1	FALSE	NA	NA	NA	NA	NA	NA
NC_045512.2	14523	A	G	21242	11356	37	2	0	51	9.41442e-05	21244	0.249994	FALSE	NA	NA	NA	NA	NA	NA
NC_045512.2	14524	C	T	21227	11461	37	3	0	34	0.000141309	21230	0.999982	FALSE	NA	NA	NA	NA	NA	NA
NC_045512.2	14525	A	G	21231	11534	37	3	1	31	0.000141283	21234	0.999982	FALSE	NA	NA	NA	NA	NA	NA
NC_045512.2	14526	T	C	20864	11720	36	2	1	34	9.58497e-05	20866	0.999995	FALSE	NA	NA	NA	NA	NA	NA
NC_045512.2	14527	A	G	20483	11375	36	3	2	34	0.000146441	20486	0.999967	FALSE	NA	NA	NA	NA	NA	NA
NC_045512.2	14530	T	C	20918	10708	35	1	1	34	4.78034e-05	20919	1	FALSE	NA	NA	NA	NA	NA	NA
NC_045512.2	14531	C	T	22266	12059	36	1	0	34	4.49095e-05	22267	1	FALSE	NA	NA	NA	NA	NA	NA
NC_045512.2	14532	T	C	22228	12015	36	3	3	34	0.000134947	22231	0.99999	FALSE	NA	NA	NA	NA	NA	NA
NC_045512.2	14533	A	T	22222	11975	36	1	1	34	4.49944e-05	22225	1	FALSE	NA	NA	NA	NA	NA	NA
NC_045512.2	14533	A	G	22222	11975	36	1	0	34	4.49944e-05	22225	1	FALSE	NA	NA	NA	NA	NA	NA
NC_045512.2	14533	A	C	22222	11975	36	1	1	34	4.49944e-05	22225	1	FALSE	NA	NA	NA	NA	NA	NA
NC_045512.2	14535	A	T	22870	12886	36	1	0	34	4.37178e-05	22874	1	FALSE	NA	NA	NA	NA	NA	NA
NC_045512.2	14535	A	G	22870	12886	36	3	1	31	0.000131153	22874	0.99999	FALSE	NA	NA	NA	NA	NA	NA
NC_045512.2	14537	T	G	21399	11475	37	3	2	30	0.000140161	21404	0.999982	FALSE	NA	NA	NA	NA	NA	NA
NC_045512.2	14537	T	C	21399	11475	37	2	2	51	9.34405e-05	21404	0.249971	FALSE	NA	NA	NA	NA	NA	NA
NC_045512.2	14538	T	C	21549	11638	37	1	0	34	4.64016e-05	21551	1	FALSE	NA	NA	NA	NA	NA	NA
NC_045512.2	14538	T	A	21549	11638	37	1	0	26	4.64016e-05	21551	1	FALSE	NA	NA	NA	NA	NA	NA
NC_045512.2	14539	A	G	21478	11654	37	2	1	34	9.31099e-05	21480	0.999997	FALSE	NA	NA	NA	NA	NA	NA
NC_045512.2	14540	G	T	21664	11646	37	1	0	34	4.61574e-05	21665	1	FALSE	NA	NA	NA	NA	NA	NA
NC_045512.2	14541	T	C	21760	11829	37	4	4	32	0.000183781	21765	0.999922	FALSE	NA	NA	NA	NA	NA	NA
NC_045512.2	14541	T	A	21760	11829	37	1	0	34	4.59453e-05	21765	1	FALSE	NA	NA	NA	NA	NA	NA
NC_045512.2	14542	T	A	21778	11843	37	1	0	34	4.59158e-05	21779	1	FALSE	NA	NA	NA	NA	NA	NA
NC_045512.2	14544	T	C	21742	12068	37	1	0	34	4.59918e-05	21743	1	FALSE	NA	NA	NA	NA	NA	NA
NC_045512.2	14545	A	T	21760	12083	37	1	0	34	4.5939e-05	21768	1	FALSE	NA	NA	NA	NA	NA	NA
NC_045512.2	14545	A	G	21760	12083	37	7	1	42	0.000321573	21768	0.0898211	FALSE	NA	NA	NA	NA	NA	NA
NC_045512.2	14548	G	A	21954	12265	37	3	2	45	0.000136631	21957	0.500021	FALSE	NA	NA	NA	NA	NA	NA
NC_045512.2	14549	A	T	22117	12483	37	2	1	34	9.042e-05	22119	0.999999	FALSE	NA	NA	NA	NA	NA	NA
NC_045512.2	14550	A	G	22204	12603	37	3	2	28	0.000135093	22207	1	FALSE	NA	NA	NA	NA	NA	NA
NC_045512.2	14551	T	G	22457	13257	37	1	1	34	4.45256e-05	22459	1	FALSE	NA	NA	NA	NA	NA	NA
NC_045512.2	14551	T	C	22457	13257	37	1	1	68	4.45256e-05	22459	0.5	FALSE	NA	NA	NA	NA	NA	NA
NC_045512.2	14552	T	G	22405	13248	37	2	1	30	8.92538e-05	22408	0.999999	FALSE	NA	NA	NA	NA	NA	NA
NC_045512.2	14552	T	C	22405	13248	37	1	1	34	4.46269e-05	22408	1	FALSE	NA	NA	NA	NA	NA	NA
NC_045512.2	14553	A	G	22379	13384	37	2	2	34	8.93615e-05	22381	0.999999	FALSE	NA	NA	NA	NA	NA	NA
NC_045512.2	14554	C	T	21978	13580	37	4	1	34	0.000181967	21982	0.999922	FALSE	NA	NA	NA	NA	NA	NA
NC_045512.2	14555	T	C	21955	13554	37	2	1	30	9.10871e-05	21957	0.999997	FALSE	NA	NA	NA	NA	NA	NA
NC_045512.2	14556	T	A	22119	13491	37	2	2	34	9.04118e-05	22121	0.999999	FALSE	NA	NA	NA	NA	NA	NA
NC_045512.2	14557	G	A	22084	13515	37	1	0	26	4.52796e-05	22085	1	FALSE	NA	NA	NA	NA	NA	NA
NC_045512.2	14558	T	C	22085	13629	37	1	0	24	4.52755e-05	22087	1	FALSE	NA	NA	NA	NA	NA	NA
NC_045512.2	14558	T	A	22085	13629	37	1	0	26	4.52755e-05	22087	1	FALSE	NA	NA	NA	NA	NA	NA
NC_045512.2	14559	G	A	22196	13642	37	2	0	25	9.00982e-05	22198	1	FALSE	NA	NA	NA	NA	NA	NA
NC_045512.2	14560	T	C	22140	13629	37	1	1	34	4.5163e-05	22142	1	FALSE	NA	NA	NA	NA	NA	NA
NC_045512.2	14560	T	A	22140	13629	37	1	0	26	4.5163e-05	22142	1	FALSE	NA	NA	NA	NA	NA	NA
NC_045512.2	14561	A	G	22189	13622	37	1	0	34	4.50653e-05	22190	1	FALSE	NA	NA	NA	NA	NA	NA
NC_045512.2	14562	T	A	22198	13628	37	2	2	34	9.00901e-05	22200	0.999999	FALSE	NA	NA	NA	NA	NA	NA
NC_045512.2	14564	C	T	22179	13496	37	4	2	34	0.000180318	22183	0.999956	FALSE	NA	NA	NA	NA	NA	NA
NC_045512.2	14565	T	C	21664	12956	37	1	1	34	4.61574e-05	21665	1	FALSE	NA	NA	NA	NA	NA	NA
NC_045512.2	14566	G	C	21662	12889	37	1	0	34	4.61574e-05	21665	1	FALSE	NA	NA	NA	NA	NA	NA
NC_045512.2	14566	G	A	21662	12889	37	2	2	34	9.23148e-05	21665	0.999997	FALSE	NA	NA	NA	NA	NA	NA
NC_045512.2	14567	C	T	21718	13046	37	3	2	38	0.000138115	21721	0.999982	FALSE	NA	NA	NA	NA	NA	NA
NC_045512.2	14568	T	C	21565	12858	37	2	0	34	9.27343e-05	21567	0.999997	FALSE	NA	NA	NA	NA	NA	NA
NC_045512.2	14569	G	T	21645	12902	37	1	1	26	4.61958e-05	21647	1	FALSE	NA	NA	NA	NA	NA	NA
NC_045512.2	14569	G	C	21645	12902	37	1	1	27	4.61958e-05	21647	1	FALSE	NA	NA	NA	NA	NA	NA
NC_045512.2	14570	A	T	21587	12784	37	1	1	34	4.63113e-05	21593	1	FALSE	NA	NA	NA	NA	NA	NA
NC_045512.2	14570	A	G	21587	12784	37	5	4	34	0.000231557	21593	0.999734	FALSE	NA	NA	NA	NA	NA	NA
NC_045512.2	14571	C	T	21524	12844	37	3	1	34	0.00013936	21527	0.999982	FALSE	NA	NA	NA	NA	NA	NA
NC_045512.2	14572	C	T	21424	12777	37	1	1	34	4.6657e-05	21433	1	FALSE	NA	NA	NA	NA	NA	NA
NC_045512.2	14572	C	G	21424	12777	37	1	0	26	4.6657e-05	21433	1	FALSE	NA	NA	NA	NA	NA	NA
NC_045512.2	14572	C	A	21424	12777	37	7	2	64	0.000326599	21433	0.0078074	TRUE	NA	NA	NA	NA	NA	NA
NC_045512.2	14573	C	A	20556	12264	37	1	0	34	4.86452e-05	20557	1	FALSE	NA	NA	NA	NA	NA	NA
NC_045512.2	14574	T	G	20453	12209	37	1	1	34	4.88878e-05	20455	1	FALSE	NA	NA	NA	NA	NA	NA
NC_045512.2	14574	T	C	20453	12209	37	1	0	34	4.88878e-05	20455	1	FALSE	NA	NA	NA	NA	NA	NA
NC_045512.2	14575	G	A	21074	12209	37	4	3	34	0.000189771	21078	0.999922	FALSE	NA	NA	NA	NA	NA	NA
NC_045512.2	14576	C	T	17387	10292	37	4112	2483	37	0.191247	21501	0	TRUE	NA	NA	NA	NA	NA	NA
NC_045512.2	14576	C	G	17387	10292	37	2	2	34	9.30189e-05	21501	0.999977	FALSE	NA	NA	NA	NA	NA	NA
NC_045512.2	14577	T	C	21431	12690	37	2	1	34	9.3314e-05	21433	0.999997	FALSE	NA	NA	NA	NA	NA	NA
NC_045512.2	14578	A	G	21515	12743	37	2	2	51	9.29454e-05	21518	0.249994	FALSE	NA	NA	NA	NA	NA	NA
NC_045512.2	14578	A	C	21515	12743	37	1	1	34	4.64727e-05	21518	1	FALSE	NA	NA	NA	NA	NA	NA
NC_045512.2	14580	G	C	20994	12457	37	1	1	34	4.76259e-05	20997	1	FALSE	NA	NA	NA	NA	NA	NA
NC_045512.2	14580	G	A	20994	12457	37	2	2	34	9.52517e-05	20997	0.999995	FALSE	NA	NA	NA	NA	NA	NA
NC_045512.2	14581	C	T	20346	12308	37	5	1	40	0.000245688	20351	0.226562	FALSE	NA	NA	NA	NA	NA	NA
NC_045512.2	14582	A	G	19943	11893	37	6	5	38	0.000300767	19949	0.997968	FALSE	NA	NA	NA	NA	NA	NA
NC_045512.2	14583	C	T	19965	11958	37	4	1	34	0.00020031	19969	0.999757	FALSE	NA	NA	NA	NA	NA	NA
NC_045512.2	14584	G	C	18462	10483	37	1	1	34	5.41389e-05	18471	0.999998	FALSE	NA	NA	NA	NA	NA	NA
NC_045512.2	14584	G	A	18462	10483	37	8	4	44	0.000433111	18471	0.0195198	FALSE	NA	NA	NA	NA	NA	NA
NC_045512.2	14586	T	C	18425	10503	37	5	0	39	0.000271297	18430	0.998705	FALSE	NA	NA	NA	NA	NA	NA
NC_045512.2	14587	G	T	18468	10355	37	3	3	34	0.000162408	18472	0.99989	FALSE	NA	NA	NA	NA	NA	NA
NC_045512.2	14587	G	A	18468	10355	37	1	0	34	5.4136e-05	18472	0.999998	FALSE	NA	NA	NA	NA	NA	NA
NC_045512.2	14588	C	T	20112	12827	37	1	1	34	4.97191e-05	20113	1	FALSE	NA	NA	NA	NA	NA	NA
NC_045512.2	14589	T	C	20066	12794	37	2	1	34	9.96512e-05	20070	0.999995	FALSE	NA	NA	NA	NA	NA	NA
NC_045512.2	14589	T	A	20066	12794	37	2	2	34	9.96512e-05	20070	0.999995	FALSE	NA	NA	NA	NA	NA	NA
NC_045512.2	14591	C	A	19837	12912	37	2	2	34	0.000100812	19839	0.99999	FALSE	NA	NA	NA	NA	NA	NA
NC_045512.2	14592	T	C	19743	12811	37	1	0	34	5.06483e-05	19744	0.999999	FALSE	NA	NA	NA	NA	NA	NA
NC_045512.2	14593	G	T	19697	12730	37	2	2	34	0.000101513	19702	0.99999	FALSE	NA	NA	NA	NA	NA	NA
NC_045512.2	14593	G	A	19697	12730	37	3	0	34	0.000152269	19702	0.99994	FALSE	NA	NA	NA	NA	NA	NA
NC_045512.2	14594	G	C	19759	12770	37	1	0	34	5.06073e-05	19760	0.999999	FALSE	NA	NA	NA	NA	NA	NA
NC_045512.2	14595	T	C	19903	12974	37	3	1	34	0.000150708	19906	0.99994	FALSE	NA	NA	NA	NA	NA	NA
NC_045512.2	14596	A	G	18953	12497	37	1	1	34	5.27593e-05	18954	0.999998	FALSE	NA	NA	NA	NA	NA	NA
NC_045512.2	14597	A	G	19037	12510	37	8	2	33	0.000420036	19046	0.990442	FALSE	NA	NA	NA	NA	NA	NA
NC_045512.2	14597	A	C	19037	12510	37	1	1	34	5.25045e-05	19046	0.999999	FALSE	NA	NA	NA	NA	NA	NA
NC_045512.2	14598	T	-C	18831	12451	37	1	0	20	5.31039e-05	18831	1	FALSE	NA	NA	NA	NA	NA	NA
NC_045512.2	14599	C	T	15184	10317	36	3618	2318	38	0.192426	18802	0	TRUE	NA	NA	NA	NA	NA	NA
NC_045512.2	14601	A	G	18851	12744	37	4	2	38	0.000212145	18855	0.999574	FALSE	NA	NA	NA	NA	NA	NA
NC_045512.2	14601	A	-T	18851	12744	37	1	0	20	5.30363e-05	18855	1	FALSE	NA	NA	NA	NA	NA	NA
NC_045512.2	14602	T	C	18947	12864	37	1	1	34	5.2776e-05	18948	0.999998	FALSE	NA	NA	NA	NA	NA	NA
NC_045512.2	14603	T	C	20300	14489	37	1	0	68	4.92587e-05	20301	0.500012	FALSE	NA	NA	NA	NA	NA	NA
NC_045512.2	14604	A	T	20345	14576	37	1	0	34	4.91497e-05	20346	1	FALSE	NA	NA	NA	NA	NA	NA
NC_045512.2	14606	T	C	19442	14583	37	1	0	34	5.14324e-05	19443	0.999999	FALSE	NA	NA	NA	NA	NA	NA
NC_045512.2	14607	A	G	19263	14357	37	2	0	34	0.000103815	19265	0.99999	FALSE	NA	NA	NA	NA	NA	NA
NC_045512.2	14608	G	A	19202	14266	37	1	1	34	5.20752e-05	19203	0.999999	FALSE	NA	NA	NA	NA	NA	NA
NC_045512.2	14609	A	G	19295	14351	37	3	3	31	0.000155457	19298	0.99994	FALSE	NA	NA	NA	NA	NA	NA
NC_045512.2	14611	A	G	20049	15080	37	2	2	34	9.97456e-05	20051	0.999995	FALSE	NA	NA	NA	NA	NA	NA
NC_045512.2	14612	A	G	19954	15090	37	1	1	34	5.01128e-05	19955	0.999999	FALSE	NA	NA	NA	NA	NA	NA
NC_045512.2	14613	A	G	19573	15165	36	1	1	34	5.10882e-05	19574	0.999999	FALSE	NA	NA	NA	NA	NA	NA
NC_045512.2	14614	C	T	15959	11941	37	3897	3167	36	0.196263	19856	0	TRUE	NA	NA	NA	NA	NA	NA
NC_045512.2	14615	G	C	19692	14945	37	1	1	26	5.07769e-05	19694	1	FALSE	NA	NA	NA	NA	NA	NA
NC_045512.2	14615	G	A	19692	14945	37	1	1	34	5.07769e-05	19694	0.999999	FALSE	NA	NA	NA	NA	NA	NA
NC_045512.2	14618	C	T	20535	16221	37	1	1	34	4.86926e-05	20537	1	FALSE	NA	NA	NA	NA	NA	NA
NC_045512.2	14618	C	G	20535	16221	37	1	0	34	4.86926e-05	20537	1	FALSE	NA	NA	NA	NA	NA	NA
NC_045512.2	14619	T	G	19384	15089	37	1	0	34	5.1581e-05	19387	0.999999	FALSE	NA	NA	NA	NA	NA	NA
NC_045512.2	14619	T	C	19384	15089	37	2	1	34	0.000103162	19387	0.99999	FALSE	NA	NA	NA	NA	NA	NA
NC_045512.2	14620	A	T	28879	25765	39	1	1	34	3.4626e-05	28880	1	FALSE	NA	NA	NA	NA	NA	NA
NC_045512.2	14622	G	A	29169	26151	39	6	6	34	0.000205656	29175	0.999989	FALSE	NA	NA	NA	NA	NA	NA
NC_045512.2	14623	T	C	29036	26038	39	15	14	33	0.000516298	29053	0.988708	FALSE	NA	NA	NA	NA	NA	NA
NC_045512.2	14623	T	A	29036	26038	39	2	2	34	6.88397e-05	29053	1	FALSE	NA	NA	NA	NA	NA	NA
NC_045512.2	14624	G	A	28956	25980	39	2	2	34	6.90655e-05	28958	1	FALSE	NA	NA	NA	NA	NA	NA
NC_045512.2	14625	C	T	29069	26060	39	1	1	34	3.43985e-05	29071	1	FALSE	NA	NA	NA	NA	NA	NA
NC_045512.2	14625	C	A	29069	26060	39	1	1	34	3.43985e-05	29071	1	FALSE	NA	NA	NA	NA	NA	NA
NC_045512.2	14625	C	-T	29069	26060	39	5	0	20	0.000171993	29071	1	FALSE	NA	NA	NA	NA	NA	NA
NC_045512.2	14626	T	C	29198	26224	39	12	9	45	0.000410804	29211	0.0064589	TRUE	NA	NA	NA	NA	NA	NA
NC_045512.2	14626	T	A	29198	26224	39	1	1	26	3.42337e-05	29211	1	FALSE	NA	NA	NA	NA	NA	NA
NC_045512.2	14627	T	C	29398	26459	39	5	5	32	0.000170051	29403	0.999997	FALSE	NA	NA	NA	NA	NA	NA
NC_045512.2	14628	T	C	29412	26479	39	8	5	40	0.000271924	29420	0.0546785	FALSE	NA	NA	NA	NA	NA	NA
NC_045512.2	14629	T	C	29232	26924	38	2	2	30	6.84112e-05	29235	1	FALSE	NA	NA	NA	NA	NA	NA
NC_045512.2	14629	T	A	29232	26924	38	1	1	26	3.42056e-05	29235	1	FALSE	NA	NA	NA	NA	NA	NA
NC_045512.2	14630	C	T	29198	26887	38	3	3	35	0.000102729	29203	1	FALSE	NA	NA	NA	NA	NA	NA
NC_045512.2	14630	C	G	29198	26887	38	1	1	26	3.42431e-05	29203	1	FALSE	NA	NA	NA	NA	NA	NA
NC_045512.2	14630	C	A	29198	26887	38	1	1	34	3.42431e-05	29203	1	FALSE	NA	NA	NA	NA	NA	NA
NC_045512.2	14631	A	G	28418	26116	38	32	31	37	0.00112478	28450	0.349416	FALSE	NA	NA	NA	NA	NA	NA
NC_045512.2	14633	T	C	29499	27501	38	4	3	42	0.000135579	29503	0.343758	FALSE	NA	NA	NA	NA	NA	NA
NC_045512.2	14634	A	T	28539	26580	38	1	1	26	3.50361e-05	28542	1	FALSE	NA	NA	NA	NA	NA	NA
NC_045512.2	14634	A	G	28539	26580	38	2	1	51	7.00722e-05	28542	0.249996	FALSE	NA	NA	NA	NA	NA	NA
NC_045512.2	14635	G	C	28456	26509	38	1	1	34	3.51407e-05	28457	1	FALSE	NA	NA	NA	NA	NA	NA
NC_045512.2	14636	C	T	28347	26409	38	2	1	51	7.05492e-05	28349	0.250004	FALSE	NA	NA	NA	NA	NA	NA
NC_045512.2	14637	T	C	28298	26357	38	12	12	34	0.000423878	28310	0.996797	FALSE	NA	NA	NA	NA	NA	NA
NC_045512.2	14638	G	C	28133	26192	38	1	1	34	3.55429e-05	28135	1	FALSE	NA	NA	NA	NA	NA	NA
NC_045512.2	14638	G	A	28133	26192	38	1	1	34	3.55429e-05	28135	1	FALSE	NA	NA	NA	NA	NA	NA
NC_045512.2	14639	C	T	28208	26277	38	2	2	34	7.08943e-05	28211	1	FALSE	NA	NA	NA	NA	NA	NA
NC_045512.2	14639	C	A	28208	26277	38	1	1	34	3.54472e-05	28211	1	FALSE	NA	NA	NA	NA	NA	NA
NC_045512.2	14640	A	G	27921	25991	38	3	3	34	0.000107434	27924	1	FALSE	NA	NA	NA	NA	NA	NA
NC_045512.2	14641	C	T	28158	26324	38	2	2	30	7.10227e-05	28160	1	FALSE	NA	NA	NA	NA	NA	NA
NC_045512.2	14642	T	C	27686	25854	38	1	1	34	3.6118e-05	27687	1	FALSE	NA	NA	NA	NA	NA	NA
NC_045512.2	14643	T	C	27681	25854	38	1	1	34	3.61246e-05	27682	1	FALSE	NA	NA	NA	NA	NA	NA
NC_045512.2	14644	A	T	27578	25751	38	1	1	26	3.62555e-05	27582	1	FALSE	NA	NA	NA	NA	NA	NA
NC_045512.2	14644	A	G	27578	25751	38	1	1	34	3.62555e-05	27582	1	FALSE	NA	NA	NA	NA	NA	NA
NC_045512.2	14644	A	C	27578	25751	38	2	2	34	7.25111e-05	27582	1	FALSE	NA	NA	NA	NA	NA	NA
NC_045512.2	14645	C	T	27576	25754	38	2	2	30	7.25137e-05	27581	1	FALSE	NA	NA	NA	NA	NA	NA
NC_045512.2	14645	C	A	27576	25754	38	3	3	34	0.000108771	27581	1	FALSE	NA	NA	NA	NA	NA	NA
NC_045512.2	14646	T	C	27465	25640	38	5	5	34	0.000182017	27470	0.99999	FALSE	NA	NA	NA	NA	NA	NA
NC_045512.2	14646	T	-A	27465	25640	38	1	0	20	3.64033e-05	27470	1	FALSE	NA	NA	NA	NA	NA	NA
NC_045512.2	14647	A	T	27337	25515	38	1	1	26	3.65764e-05	27340	1	FALSE	NA	NA	NA	NA	NA	NA
NC_045512.2	14647	A	G	27337	25515	38	2	2	34	7.31529e-05	27340	1	FALSE	NA	NA	NA	NA	NA	NA
NC_045512.2	14648	A	G	27324	25572	37	1	1	34	3.65952e-05	27326	1	FALSE	NA	NA	NA	NA	NA	NA
NC_045512.2	14648	A	C	27324	25572	37	1	1	20	3.65952e-05	27326	1	FALSE	NA	NA	NA	NA	NA	NA
NC_045512.2	14649	C	T	27323	25622	38	3	1	54	0.000109782	27327	0.124993	FALSE	NA	NA	NA	NA	NA	NA
NC_045512.2	14649	C	A	27323	25622	38	1	1	34	3.65938e-05	27327	1	FALSE	NA	NA	NA	NA	NA	NA
NC_045512.2	14650	A	T	26629	24934	38	5	5	34	0.000187716	26636	0.999983	FALSE	NA	NA	NA	NA	NA	NA
NC_045512.2	14650	A	G	26629	24934	38	2	2	34	7.50863e-05	26636	1	FALSE	NA	NA	NA	NA	NA	NA
NC_045512.2	14651	A	G	26587	24896	37	1	1	24	3.7611e-05	26588	1	FALSE	NA	NA	NA	NA	NA	NA
NC_045512.2	14652	T	C	25853	24179	38	1	1	26	3.86772e-05	25855	1	FALSE	NA	NA	NA	NA	NA	NA
NC_045512.2	14652	T	A	25853	24179	38	1	0	26	3.86772e-05	25855	1	FALSE	NA	NA	NA	NA	NA	NA
NC_045512.2	14653	G	C	25986	24316	38	1	1	34	3.84808e-05	25987	1	FALSE	NA	NA	NA	NA	NA	NA
NC_045512.2	14654	T	C	25785	24128	38	3	3	34	0.000116329	25789	0.999998	FALSE	NA	NA	NA	NA	NA	NA
NC_045512.2	14654	T	A	25785	24128	38	1	1	34	3.87762e-05	25789	1	FALSE	NA	NA	NA	NA	NA	NA
NC_045512.2	14655	T	G	25778	24164	38	1	1	34	3.87868e-05	25782	1	FALSE	NA	NA	NA	NA	NA	NA
NC_045512.2	14655	T	C	25778	24164	38	3	3	34	0.00011636	25782	0.999998	FALSE	NA	NA	NA	NA	NA	NA
NC_045512.2	14656	G	A	25680	24066	37	6	6	34	0.00023359	25686	0.999904	FALSE	NA	NA	NA	NA	NA	NA
NC_045512.2	14657	C	T	25674	24228	37	10	9	36	0.000389332	25685	0.997014	FALSE	NA	NA	NA	NA	NA	NA
NC_045512.2	14657	C	G	25674	24228	37	1	1	34	3.89332e-05	25685	1	FALSE	NA	NA	NA	NA	NA	NA
NC_045512.2	14657	C	-T	25674	24228	37	1	0	20	3.89332e-05	25685	1	FALSE	NA	NA	NA	NA	NA	NA
NC_045512.2	14659	T	C	25379	23937	37	4	4	31	0.000157586	25383	0.999992	FALSE	NA	NA	NA	NA	NA	NA
NC_045512.2	14660	T	C	25168	23781	37	5	5	34	0.000198626	25173	0.99997	FALSE	NA	NA	NA	NA	NA	NA
NC_045512.2	14661	T	C	25241	23855	37	2	2	34	7.92299e-05	25243	1	FALSE	NA	NA	NA	NA	NA	NA
NC_045512.2	14662	C	T	25201	23846	37	4	4	34	0.000158699	25205	0.999992	FALSE	NA	NA	NA	NA	NA	NA
NC_045512.2	14663	A	G	25155	23799	37	7	7	34	0.000278197	25162	0.999734	FALSE	NA	NA	NA	NA	NA	NA
NC_045512.2	14664	A	G	25128	23779	37	3	3	34	0.000119374	25131	0.999998	FALSE	NA	NA	NA	NA	NA	NA
NC_045512.2	14665	A	C	25039	23890	36	2	1	27	7.9869e-05	25041	1	FALSE	NA	NA	NA	NA	NA	NA
NC_045512.2	14666	C	G	25100	24000	36	1	1	68	3.98391e-05	25101	0.50001	FALSE	NA	NA	NA	NA	NA	NA
NC_045512.2	14667	T	G	24693	23592	36	5	5	34	0.000202372	24707	0.999948	FALSE	NA	NA	NA	NA	NA	NA
NC_045512.2	14667	T	C	24693	23592	36	8	8	33	0.000323795	24707	0.99895	FALSE	NA	NA	NA	NA	NA	NA
NC_045512.2	14667	T	A	24693	23592	36	1	1	34	4.04744e-05	24707	1	FALSE	NA	NA	NA	NA	NA	NA
NC_045512.2	14668	G	A	24830	23738	36	38	34	43	0.00152807	24868	7.37798e-10	TRUE	NA	NA	NA	NA	NA	NA
NC_045512.2	14669	T	C	24892	23794	36	9	9	34	0.000361431	24901	0.997732	FALSE	NA	NA	NA	NA	NA	NA
NC_045512.2	14670	C	T	24848	23752	36	1	1	34	4.02414e-05	24850	1	FALSE	NA	NA	NA	NA	NA	NA
NC_045512.2	14670	C	A	24848	23752	36	1	1	34	4.02414e-05	24850	1	FALSE	NA	NA	NA	NA	NA	NA
NC_045512.2	14671	A	T	24787	23706	36	1	0	24	4.03372e-05	24791	1	FALSE	NA	NA	NA	NA	NA	NA
NC_045512.2	14671	A	G	24787	23706	36	3	3	31	0.000121012	24791	0.999997	FALSE	NA	NA	NA	NA	NA	NA
NC_045512.2	14672	A	G	24803	23809	36	3	2	28	0.000120938	24806	1	FALSE	NA	NA	NA	NA	NA	NA
NC_045512.2	14673	A	G	24799	23829	36	2	2	34	8.06419e-05	24801	1	FALSE	NA	NA	NA	NA	NA	NA
NC_045512.2	14673	A	-C	24799	23829	36	1	0	20	4.0321e-05	24801	1	FALSE	NA	NA	NA	NA	NA	NA
NC_045512.2	14675	C	T	24503	23824	35	5	5	34	0.000204015	24508	0.999948	FALSE	NA	NA	NA	NA	NA	NA
NC_045512.2	14677	G	A	23742	23074	35	5	5	34	0.000210553	23747	0.99991	FALSE	NA	NA	NA	NA	NA	NA
NC_045512.2	14678	G	-T	23818	23152	35	1	0	20	4.19851e-05	23818	1	FALSE	NA	NA	NA	NA	NA	NA
NC_045512.2	14679	T	C	23549	22902	35	1	1	34	4.24628e-05	23550	1	FALSE	NA	NA	NA	NA	NA	NA
NC_045512.2	14683	T	G	18608	18081	35	1	1	34	4.21585e-05	23720	0.999999	FALSE	NA	NA	NA	NA	NA	NA
NC_045512.2	14683	T	C	18608	18081	35	2	2	51	8.4317e-05	23720	0.193287	FALSE	NA	NA	NA	NA	NA	NA
NC_045512.2	14683	T	A	18608	18081	35	5109	5006	35	0.215388	23720	0	TRUE	NA	NA	NA	NA	NA	NA
NC_045512.2	14685	T	C	23500	22890	35	3	3	31	0.000127638	23504	0.999995	FALSE	NA	NA	NA	NA	NA	NA
NC_045512.2	14685	T	A	23500	22890	35	1	1	34	4.25459e-05	23504	1	FALSE	NA	NA	NA	NA	NA	NA
NC_045512.2	14687	A	G	23478	22892	35	2	2	34	8.51789e-05	23480	0.999999	FALSE	NA	NA	NA	NA	NA	NA
NC_045512.2	14689	A	G	20811	20311	35	17	17	34	0.000816131	20830	0.744359	FALSE	NA	NA	NA	NA	NA	NA
NC_045512.2	14689	A	C	20811	20311	35	2	2	34	9.60154e-05	20830	0.999994	FALSE	NA	NA	NA	NA	NA	NA
NC_045512.2	14690	A	G	20752	20252	35	1	1	34	4.81812e-05	20755	1	FALSE	NA	NA	NA	NA	NA	NA
NC_045512.2	14690	A	C	20752	20252	35	2	2	34	9.63623e-05	20755	0.999995	FALSE	NA	NA	NA	NA	NA	NA
NC_045512.2	14691	A	T	20642	20148	35	1	1	34	4.84379e-05	20645	1	FALSE	NA	NA	NA	NA	NA	NA
NC_045512.2	14691	A	G	20642	20148	35	2	2	34	9.68758e-05	20645	0.999995	FALSE	NA	NA	NA	NA	NA	NA
NC_045512.2	14692	G	T	20647	20158	35	1	1	34	4.84308e-05	20648	1	FALSE	NA	NA	NA	NA	NA	NA
NC_045512.2	14693	A	G	20614	20129	35	2	2	34	9.7012e-05	20616	0.999995	FALSE	NA	NA	NA	NA	NA	NA
NC_045512.2	14694	C	G	20610	20154	35	2	2	34	9.70309e-05	20612	0.999995	FALSE	NA	NA	NA	NA	NA	NA
NC_045512.2	14695	T	C	20378	19928	35	7	7	32	0.000343373	20386	0.997046	FALSE	NA	NA	NA	NA	NA	NA
NC_045512.2	14695	T	A	20378	19928	35	1	1	26	4.90533e-05	20386	1	FALSE	NA	NA	NA	NA	NA	NA
NC_045512.2	14698	T	C	20069	19700	34	5	5	34	0.000249078	20074	0.999547	FALSE	NA	NA	NA	NA	NA	NA
NC_045512.2	14699	A	T	20328	19958	35	1	1	34	4.91908e-05	20329	1	FALSE	NA	NA	NA	NA	NA	NA
NC_045512.2	14700	T	C	20248	19891	35	1	1	34	4.93852e-05	20249	1	FALSE	NA	NA	NA	NA	NA	NA
NC_045512.2	14702	A	G	19953	19605	35	3	3	34	0.000150331	19956	0.99994	FALSE	NA	NA	NA	NA	NA	NA
NC_045512.2	14703	C	G	19657	19322	35	2	2	30	0.000101735	19659	0.99999	FALSE	NA	NA	NA	NA	NA	NA
NC_045512.2	14704	T	G	13623	13308	31	1	1	34	7.33999e-05	13624	0.999939	FALSE	NA	NA	NA	NA	NA	NA
NC_045512.2	14705	T	G	17643	17338	35	1	1	34	5.66765e-05	17644	0.999996	FALSE	NA	NA	NA	NA	NA	NA
NC_045512.2	14706	T	C	17554	17255	35	3	3	34	0.000170872	17557	0.9998	FALSE	NA	NA	NA	NA	NA	NA
NC_045512.2	14707	G	A	17509	17208	35	2	2	34	0.000114214	17511	0.999962	FALSE	NA	NA	NA	NA	NA	NA
NC_045512.2	14708	C	T	17473	17290	34	7	7	34	0.000400458	17480	0.988699	FALSE	NA	NA	NA	NA	NA	NA
NC_045512.2	14709	T	C	17466	17282	34	3	3	34	0.000171733	17469	0.9998	FALSE	NA	NA	NA	NA	NA	NA
NC_045512.2	14710	G	T	17420	17229	34	1	1	34	5.73855e-05	17426	0.999996	FALSE	NA	NA	NA	NA	NA	NA
NC_045512.2	14710	G	C	17420	17229	34	3	3	31	0.000172157	17426	0.999799	FALSE	NA	NA	NA	NA	NA	NA
NC_045512.2	14710	G	A	17420	17229	34	2	2	34	0.000114771	17426	0.999962	FALSE	NA	NA	NA	NA	NA	NA
NC_045512.2	14711	T	C	16552	16372	34	3	3	34	0.000181214	16555	0.999637	FALSE	NA	NA	NA	NA	NA	NA
NC_045512.2	14988	T	G	16985	344	33	1	0	34	5.88685e-05	16987	0.999992	FALSE	NA	NA	NA	NA	NA	NA
NC_045512.2	14988	T	A	16985	344	33	1	0	34	5.88685e-05	16987	0.999992	FALSE	NA	NA	NA	NA	NA	NA
NC_045512.2	14989	G	A	17518	346	34	2	0	30	0.000114155	17520	0.999962	FALSE	NA	NA	NA	NA	NA	NA
NC_045512.2	14991	T	C	17769	360	34	2	0	30	0.000112543	17771	0.999962	FALSE	NA	NA	NA	NA	NA	NA
NC_045512.2	14992	T	C	17800	360	34	1	0	26	5.61766e-05	17801	1	FALSE	NA	NA	NA	NA	NA	NA
NC_045512.2	14994	A	G	17727	398	33	2	0	34	0.000112803	17730	0.999962	FALSE	NA	NA	NA	NA	NA	NA
NC_045512.2	14994	A	C	17727	398	33	1	0	34	5.64016e-05	17730	0.999996	FALSE	NA	NA	NA	NA	NA	NA
NC_045512.2	14995	A	G	17968	410	34	1	0	34	5.56514e-05	17969	0.999996	FALSE	NA	NA	NA	NA	NA	NA
NC_045512.2	14997	G	T	19366	432	34	5	0	34	0.000258091	19373	0.99923	FALSE	NA	NA	NA	NA	NA	NA
NC_045512.2	14997	G	A	19366	432	34	2	0	34	0.000103236	19373	0.99999	FALSE	NA	NA	NA	NA	NA	NA
NC_045512.2	14998	A	G	19328	432	34	4	1	34	0.000206911	19332	0.999757	FALSE	NA	NA	NA	NA	NA	NA
NC_045512.2	14999	G	A	21352	448	34	1	0	34	4.68318e-05	21353	1	FALSE	NA	NA	NA	NA	NA	NA
NC_045512.2	14999	G	-T	21352	448	34	1	0	20	4.68318e-05	21353	1	FALSE	NA	NA	NA	NA	NA	NA
NC_045512.2	15000	T	G	21270	491	34	2	0	34	9.40159e-05	21273	0.999997	FALSE	NA	NA	NA	NA	NA	NA
NC_045512.2	15000	T	C	21270	491	34	1	0	34	4.70079e-05	21273	1	FALSE	NA	NA	NA	NA	NA	NA
NC_045512.2	15001	T	G	21392	724	35	1	0	34	4.67333e-05	21398	1	FALSE	NA	NA	NA	NA	NA	NA
NC_045512.2	15001	T	C	21392	724	35	5	0	32	0.000233667	21398	0.999734	FALSE	NA	NA	NA	NA	NA	NA
NC_045512.2	15002	A	T	21402	737	35	1	0	34	4.67137e-05	21407	1	FALSE	NA	NA	NA	NA	NA	NA
NC_045512.2	15002	A	G	21402	737	35	4	0	31	0.000186855	21407	0.999922	FALSE	NA	NA	NA	NA	NA	NA
NC_045512.2	15004	G	A	21790	754	35	2	0	30	9.17768e-05	21792	0.999997	FALSE	NA	NA	NA	NA	NA	NA
NC_045512.2	15005	A	G	21857	753	35	13	0	34	0.000594422	21870	0.939364	FALSE	NA	NA	NA	NA	NA	NA
NC_045512.2	15006	G	T	23321	696	34	6	0	34	0.000257191	23329	0.999728	FALSE	NA	NA	NA	NA	NA	NA
NC_045512.2	15006	G	A	23321	696	34	2	0	34	8.57302e-05	23329	0.999999	FALSE	NA	NA	NA	NA	NA	NA
NC_045512.2	15007	G	T	23574	682	34	2	0	34	8.4832e-05	23576	0.999999	FALSE	NA	NA	NA	NA	NA	NA
NC_045512.2	15008	A	T	23707	873	35	2	0	34	8.43419e-05	23713	0.999999	FALSE	NA	NA	NA	NA	NA	NA
NC_045512.2	15008	A	G	23707	873	35	3	1	42	0.000126513	23713	0.49996	FALSE	NA	NA	NA	NA	NA	NA
NC_045512.2	15008	A	C	23707	873	35	1	0	34	4.2171e-05	23713	1	FALSE	NA	NA	NA	NA	NA	NA
NC_045512.2	15009	T	C	8085	244	35	15618	591	35	0.658904	23703	0	TRUE	NA	NA	NA	NA	NA	NA
NC_045512.2	15010	C	T	23807	904	35	1	0	34	4.20027e-05	23808	1	FALSE	NA	NA	NA	NA	NA	NA
NC_045512.2	15011	A	G	24279	907	35	3	0	34	0.000123548	24282	0.999997	FALSE	NA	NA	NA	NA	NA	NA
NC_045512.2	15012	A	G	24299	911	35	2	0	34	8.23011e-05	24301	1	FALSE	NA	NA	NA	NA	NA	NA
NC_045512.2	15013	G	T	24431	902	35	2	0	30	8.18565e-05	24433	1	FALSE	NA	NA	NA	NA	NA	NA
NC_045512.2	15015	T	A	24456	1032	35	1	0	26	4.08881e-05	24457	1	FALSE	NA	NA	NA	NA	NA	NA
NC_045512.2	15016	G	A	24449	982	35	7	0	34	0.000286228	24456	0.999563	FALSE	NA	NA	NA	NA	NA	NA
NC_045512.2	15017	C	T	24446	1058	35	18	0	34	0.000735745	24465	0.860125	FALSE	NA	NA	NA	NA	NA	NA
NC_045512.2	15017	C	G	24446	1058	35	1	0	34	4.08747e-05	24465	1	FALSE	NA	NA	NA	NA	NA	NA
NC_045512.2	15018	A	G	24535	1154	35	3	0	34	0.000122249	24540	0.999997	FALSE	NA	NA	NA	NA	NA	NA
NC_045512.2	15018	A	C	24535	1154	35	2	0	34	8.14996e-05	24540	1	FALSE	NA	NA	NA	NA	NA	NA
NC_045512.2	15019	C	T	24854	1161	35	2	0	34	8.04635e-05	24856	1	FALSE	NA	NA	NA	NA	NA	NA
NC_045512.2	15019	C	-T	24854	1161	35	4	0	20	0.000160927	24856	1	FALSE	NA	NA	NA	NA	NA	NA
NC_045512.2	15020	T	C	24832	1170	35	1	0	34	4.0269e-05	24833	1	FALSE	NA	NA	NA	NA	NA	NA
NC_045512.2	15021	T	C	24850	1183	36	1	0	34	4.02398e-05	24851	1	FALSE	NA	NA	NA	NA	NA	NA
NC_045512.2	15022	T	C	24815	1140	35	1	0	34	4.02966e-05	24816	1	FALSE	NA	NA	NA	NA	NA	NA
NC_045512.2	15023	T	C	24840	1188	36	7	0	34	0.000281724	24847	0.999563	FALSE	NA	NA	NA	NA	NA	NA
NC_045512.2	15025	G	A	24985	1213	36	7	0	34	0.00028009	24992	0.999563	FALSE	NA	NA	NA	NA	NA	NA
NC_045512.2	15026	C	T	25118	1344	36	2	0	30	7.96178e-05	25120	1	FALSE	NA	NA	NA	NA	NA	NA
NC_045512.2	15028	T	C	25163	1418	36	5	0	32	0.000198665	25168	0.99997	FALSE	NA	NA	NA	NA	NA	NA
NC_045512.2	15029	A	G	25427	1479	36	1	1	68	3.93252e-05	25429	0.5	FALSE	NA	NA	NA	NA	NA	NA
NC_045512.2	15029	A	C	25427	1479	36	1	0	26	3.93252e-05	25429	1	FALSE	NA	NA	NA	NA	NA	NA
NC_045512.2	15030	T	A	25770	1482	36	2	1	51	7.76036e-05	25772	0.250005	FALSE	NA	NA	NA	NA	NA	NA
NC_045512.2	15031	A	G	25658	1506	36	1	0	34	3.89727e-05	25659	1	FALSE	NA	NA	NA	NA	NA	NA
NC_045512.2	15032	C	A	25803	1586	36	1	0	34	3.87537e-05	25804	1	FALSE	NA	NA	NA	NA	NA	NA
NC_045512.2	15033	A	G	25848	1589	36	3	0	34	0.00011605	25851	0.999998	FALSE	NA	NA	NA	NA	NA	NA
NC_045512.2	15034	A	G	25917	1979	37	2	0	34	7.71635e-05	25919	1	FALSE	NA	NA	NA	NA	NA	NA
NC_045512.2	15035	A	G	23825	1978	35	4	0	32	0.000167863	23829	0.999976	FALSE	NA	NA	NA	NA	NA	NA
NC_045512.2	15036	A	G	28403	2341	38	1	0	34	3.52063e-05	28404	1	FALSE	NA	NA	NA	NA	NA	NA
NC_045512.2	15037	C	T	28514	2344	38	3	1	45	0.000105189	28520	0.499967	FALSE	NA	NA	NA	NA	NA	NA
NC_045512.2	15037	C	G	28514	2344	38	1	0	34	3.50631e-05	28520	1	FALSE	NA	NA	NA	NA	NA	NA
NC_045512.2	15037	C	A	28514	2344	38	2	0	30	7.01262e-05	28520	1	FALSE	NA	NA	NA	NA	NA	NA
NC_045512.2	15038	G	A	28568	2340	38	1	0	34	3.5003e-05	28569	1	FALSE	NA	NA	NA	NA	NA	NA
NC_045512.2	15039	T	C	28427	2409	38	3	0	34	0.000105511	28433	1	FALSE	NA	NA	NA	NA	NA	NA
NC_045512.2	15039	T	A	28427	2409	38	3	0	34	0.000105511	28433	1	FALSE	NA	NA	NA	NA	NA	NA
NC_045512.2	15039	T	-A	28427	2409	38	1	0	20	3.51704e-05	28433	1	FALSE	NA	NA	NA	NA	NA	NA
NC_045512.2	15040	A	T	28678	2438	38	1	0	34	3.48675e-05	28680	1	FALSE	NA	NA	NA	NA	NA	NA
NC_045512.2	15040	A	G	28678	2438	38	1	0	34	3.48675e-05	28680	1	FALSE	NA	NA	NA	NA	NA	NA
NC_045512.2	15041	A	G	29049	2650	38	1	0	34	3.44234e-05	29050	1	FALSE	NA	NA	NA	NA	NA	NA
NC_045512.2	15042	T	C	29125	2651	38	3	0	28	0.000102994	29128	1	FALSE	NA	NA	NA	NA	NA	NA
NC_045512.2	15043	G	C	29258	2662	38	1	0	68	3.41775e-05	29259	0.500009	FALSE	NA	NA	NA	NA	NA	NA
NC_045512.2	15044	T	C	29259	2679	38	5	1	47	0.000170858	29264	0.226562	FALSE	NA	NA	NA	NA	NA	NA
NC_045512.2	15045	C	T	29412	2681	38	1	0	34	3.39974e-05	29414	1	FALSE	NA	NA	NA	NA	NA	NA
NC_045512.2	15045	C	A	29412	2681	38	1	0	26	3.39974e-05	29414	1	FALSE	NA	NA	NA	NA	NA	NA
NC_045512.2	15046	A	T	29005	2777	38	1	0	26	3.44697e-05	29011	1	FALSE	NA	NA	NA	NA	NA	NA
NC_045512.2	15046	A	G	29005	2777	38	5	0	32	0.000172348	29011	0.999997	FALSE	NA	NA	NA	NA	NA	NA
NC_045512.2	15047	T	C	29788	2791	38	4	0	32	0.00013426	29793	0.999999	FALSE	NA	NA	NA	NA	NA	NA
NC_045512.2	15047	T	A	29788	2791	38	1	0	34	3.35649e-05	29793	1	FALSE	NA	NA	NA	NA	NA	NA
NC_045512.2	15048	C	T	30965	3103	39	3	0	34	9.68742e-05	30968	1	FALSE	NA	NA	NA	NA	NA	NA
NC_045512.2	15049	C	G	31188	3116	39	1	0	26	3.20626e-05	31189	1	FALSE	NA	NA	NA	NA	NA	NA
NC_045512.2	15050	C	T	31708	3139	39	4	0	32	0.000126131	31713	1	FALSE	NA	NA	NA	NA	NA	NA
NC_045512.2	15050	C	A	31708	3139	39	1	0	34	3.15328e-05	31713	1	FALSE	NA	NA	NA	NA	NA	NA
NC_045512.2	15051	T	G	31943	3170	39	2	0	34	6.25919e-05	31953	1	FALSE	NA	NA	NA	NA	NA	NA
NC_045512.2	15051	T	C	31943	3170	39	5	0	40	0.00015648	31953	0.363204	FALSE	NA	NA	NA	NA	NA	NA
NC_045512.2	15051	T	A	31943	3170	39	3	0	31	9.38879e-05	31953	1	FALSE	NA	NA	NA	NA	NA	NA
NC_045512.2	15052	A	G	32208	3189	39	4	0	32	0.000124177	32212	1	FALSE	NA	NA	NA	NA	NA	NA
NC_045512.2	15053	C	G	32890	3226	39	1	0	34	3.04035e-05	32891	1	FALSE	NA	NA	NA	NA	NA	NA
NC_045512.2	15054	T	C	32868	3206	39	1	0	34	3.04238e-05	32869	1	FALSE	NA	NA	NA	NA	NA	NA
NC_045512.2	15055	A	G	32631	3230	39	1	0	34	3.06448e-05	32632	1	FALSE	NA	NA	NA	NA	NA	NA
NC_045512.2	15056	T	G	32896	3207	39	1	0	26	3.0397e-05	32898	1	FALSE	NA	NA	NA	NA	NA	NA
NC_045512.2	15056	T	C	32896	3207	39	1	0	68	3.0397e-05	32898	0.5	FALSE	NA	NA	NA	NA	NA	NA
NC_045512.2	15057	A	G	32675	3231	39	8	1	38	0.000244776	32683	0.999979	FALSE	NA	NA	NA	NA	NA	NA
NC_045512.2	15058	A	G	33070	3245	39	2	0	34	6.04741e-05	33072	1	FALSE	NA	NA	NA	NA	NA	NA
NC_045512.2	15060	T	G	35230	3265	38	2	0	30	5.6765e-05	35233	1	FALSE	NA	NA	NA	NA	NA	NA
NC_045512.2	15060	T	A	35230	3265	38	1	0	34	2.83825e-05	35233	1	FALSE	NA	NA	NA	NA	NA	NA
NC_045512.2	15061	C	+A	35337	3260	38	1	0	20	2.8299e-05	35337	1	FALSE	NA	NA	NA	NA	NA	NA
NC_045512.2	15062	A	T	35025	3270	38	1	0	34	2.85478e-05	35029	1	FALSE	NA	NA	NA	NA	NA	NA
NC_045512.2	15062	A	G	35025	3270	38	1	0	34	2.85478e-05	35029	1	FALSE	NA	NA	NA	NA	NA	NA
NC_045512.2	15062	A	C	35025	3270	38	2	2	27	5.70955e-05	35029	1	FALSE	NA	NA	NA	NA	NA	NA
NC_045512.2	15063	A	G	35502	3280	38	3	0	34	8.44951e-05	35505	1	FALSE	NA	NA	NA	NA	NA	NA
NC_045512.2	15064	A	T	33139	3287	36	1	0	26	3.01741e-05	33141	1	FALSE	NA	NA	NA	NA	NA	NA
NC_045512.2	15064	A	G	33139	3287	36	1	0	34	3.01741e-05	33141	1	FALSE	NA	NA	NA	NA	NA	NA
NC_045512.2	15065	T	G	35425	3278	38	3	0	34	8.46692e-05	35432	1	FALSE	NA	NA	NA	NA	NA	NA
NC_045512.2	15065	T	C	35425	3278	38	4	1	42	0.000112892	35432	0.499969	FALSE	NA	NA	NA	NA	NA	NA
NC_045512.2	15066	G	A	35319	3288	38	2	0	34	5.66235e-05	35321	1	FALSE	NA	NA	NA	NA	NA	NA
NC_045512.2	15067	A	T	35636	3282	38	3	1	34	8.41586e-05	35647	1	FALSE	NA	NA	NA	NA	NA	NA
NC_045512.2	15067	A	G	35636	3282	38	1	1	46	2.80529e-05	35647	0.937474	FALSE	NA	NA	NA	NA	NA	NA
NC_045512.2	15067	A	C	35636	3282	38	7	0	34	0.00019637	35647	0.999999	FALSE	NA	NA	NA	NA	NA	NA
NC_045512.2	15068	A	T	31645	3936	38	3	0	34	9.47867e-05	31650	1	FALSE	NA	NA	NA	NA	NA	NA
NC_045512.2	15068	A	G	31645	3936	38	2	0	30	6.31912e-05	31650	1	FALSE	NA	NA	NA	NA	NA	NA
NC_045512.2	15069	T	C	31230	3605	37	4	2	40	0.000128057	31236	0.499982	FALSE	NA	NA	NA	NA	NA	NA
NC_045512.2	15069	T	A	31230	3605	37	2	0	34	6.40287e-05	31236	1	FALSE	NA	NA	NA	NA	NA	NA
NC_045512.2	15070	C	T	31555	3973	38	1	0	34	3.16877e-05	31558	1	FALSE	NA	NA	NA	NA	NA	NA
NC_045512.2	15070	C	G	31555	3973	38	1	0	26	3.16877e-05	31558	1	FALSE	NA	NA	NA	NA	NA	NA
NC_045512.2	15070	C	A	31555	3973	38	1	0	34	3.16877e-05	31558	1	FALSE	NA	NA	NA	NA	NA	NA
NC_045512.2	15071	T	C	31659	3989	38	2	1	51	6.31692e-05	31661	0.250004	FALSE	NA	NA	NA	NA	NA	NA
NC_045512.2	15072	T	G	31565	4000	38	1	0	26	3.16787e-05	31567	1	FALSE	NA	NA	NA	NA	NA	NA
NC_045512.2	15072	T	A	31565	4000	38	1	1	68	3.16787e-05	31567	0.5	FALSE	NA	NA	NA	NA	NA	NA
NC_045512.2	15073	A	G	29919	4284	37	3	0	34	0.000100257	29923	1	FALSE	NA	NA	NA	NA	NA	NA
NC_045512.2	15073	A	C	29919	4284	37	1	0	34	3.34191e-05	29923	1	FALSE	NA	NA	NA	NA	NA	NA
NC_045512.2	15074	A	T	25815	4798	37	1	1	34	3.87252e-05	25823	1	FALSE	NA	NA	NA	NA	NA	NA
NC_045512.2	15074	A	G	25815	4798	37	6	1	34	0.000232351	25823	0.999904	FALSE	NA	NA	NA	NA	NA	NA
NC_045512.2	15074	A	C	25815	4798	37	1	0	34	3.87252e-05	25823	1	FALSE	NA	NA	NA	NA	NA	NA
NC_045512.2	15075	G	T	26021	4793	37	5	0	34	0.000192108	26027	0.999983	FALSE	NA	NA	NA	NA	NA	NA
NC_045512.2	15075	G	A	26021	4793	37	1	0	34	3.84216e-05	26027	1	FALSE	NA	NA	NA	NA	NA	NA
NC_045512.2	15076	T	G	25908	4741	37	3	0	34	0.000115781	25911	0.999998	FALSE	NA	NA	NA	NA	NA	NA
NC_045512.2	15077	A	G	25860	4630	37	2	0	30	7.73305e-05	25863	1	FALSE	NA	NA	NA	NA	NA	NA
NC_045512.2	15077	A	C	25860	4630	37	1	0	34	3.86653e-05	25863	1	FALSE	NA	NA	NA	NA	NA	NA
NC_045512.2	15078	T	G	25937	4700	37	1	0	20	3.8552e-05	25939	1	FALSE	NA	NA	NA	NA	NA	NA
NC_045512.2	15078	T	A	25937	4700	37	1	0	34	3.8552e-05	25939	1	FALSE	NA	NA	NA	NA	NA	NA
NC_045512.2	15079	G	A	25747	4692	37	7	2	38	0.000271802	25754	0.999734	FALSE	NA	NA	NA	NA	NA	NA
NC_045512.2	15080	C	T	24453	4900	36	11	1	34	0.00044964	24464	0.991685	FALSE	NA	NA	NA	NA	NA	NA
NC_045512.2	15081	C	A	24617	4984	36	1	0	34	4.06207e-05	24618	1	FALSE	NA	NA	NA	NA	NA	NA
NC_045512.2	15083	T	C	24564	4975	36	1	1	26	4.07083e-05	24565	1	FALSE	NA	NA	NA	NA	NA	NA
NC_045512.2	15084	T	G	24430	4992	36	1	0	26	4.09266e-05	24434	1	FALSE	NA	NA	NA	NA	NA	NA
NC_045512.2	15084	T	C	24430	4992	36	2	0	34	8.18532e-05	24434	1	FALSE	NA	NA	NA	NA	NA	NA
NC_045512.2	15084	T	A	24430	4992	36	1	0	34	4.09266e-05	24434	1	FALSE	NA	NA	NA	NA	NA	NA
NC_045512.2	15085	A	G	24277	4983	36	2	1	30	8.23757e-05	24279	1	FALSE	NA	NA	NA	NA	NA	NA
NC_045512.2	15086	G	T	24694	4990	36	1	0	68	4.04924e-05	24696	0.5	FALSE	NA	NA	NA	NA	NA	NA
NC_045512.2	15086	G	A	24694	4990	36	1	0	34	4.04924e-05	24696	1	FALSE	NA	NA	NA	NA	NA	NA
NC_045512.2	15087	T	C	24691	5024	36	2	0	34	8.09848e-05	24696	1	FALSE	NA	NA	NA	NA	NA	NA
NC_045512.2	15087	T	A	24691	5024	36	3	0	31	0.000121477	24696	0.999997	FALSE	NA	NA	NA	NA	NA	NA
NC_045512.2	15088	G	A	24749	5038	36	8	1	38	0.000323141	24757	0.998953	FALSE	NA	NA	NA	NA	NA	NA
NC_045512.2	15090	A	G	24673	5228	36	1	1	34	4.05285e-05	24674	1	FALSE	NA	NA	NA	NA	NA	NA
NC_045512.2	15091	A	G	24915	5627	37	1	1	34	4.01349e-05	24916	1	FALSE	NA	NA	NA	NA	NA	NA
NC_045512.2	15092	A	C	23492	5658	36	1	1	34	4.25659e-05	23493	1	FALSE	NA	NA	NA	NA	NA	NA
NC_045512.2	15094	A	G	26664	5953	36	5	0	46	0.000187484	26669	0.226562	FALSE	NA	NA	NA	NA	NA	NA
NC_045512.2	15095	A	G	26798	5975	37	2	0	51	7.46269e-05	26800	0.250005	FALSE	NA	NA	NA	NA	NA	NA
NC_045512.2	15097	A	G	26224	5966	36	8	3	34	0.000304971	26232	0.999591	FALSE	NA	NA	NA	NA	NA	NA
NC_045512.2	15098	G	T	25851	6115	37	3	0	34	0.000116032	25855	0.999998	FALSE	NA	NA	NA	NA	NA	NA
NC_045512.2	15098	G	C	25851	6115	37	1	0	34	3.86772e-05	25855	1	FALSE	NA	NA	NA	NA	NA	NA
NC_045512.2	15099	A	G	24925	6100	36	6	4	46	0.000240664	24931	0.144525	FALSE	NA	NA	NA	NA	NA	NA
NC_045512.2	15100	G	C	24942	6293	36	1	1	26	4.00818e-05	24949	1	FALSE	NA	NA	NA	NA	NA	NA
NC_045512.2	15100	G	A	24942	6293	36	6	1	34	0.000240491	24949	0.999838	FALSE	NA	NA	NA	NA	NA	NA
NC_045512.2	15101	C	-T	25014	6672	36	247	0	20	0.00987447	25014	0.614423	FALSE	NA	NA	NA	NA	NA	NA
NC_045512.2	15102	T	C	24579	6473	37	8	5	42	0.000325375	24587	0.0529279	FALSE	NA	NA	NA	NA	NA	NA
NC_045512.2	15103	C	G	24852	6573	37	1	0	34	4.02366e-05	24853	1	FALSE	NA	NA	NA	NA	NA	NA
NC_045512.2	15104	G	T	23819	5520	36	2	0	34	8.39384e-05	23827	0.999999	FALSE	NA	NA	NA	NA	NA	NA
NC_045512.2	15104	G	C	23819	5520	36	2	1	34	8.39384e-05	23827	0.999999	FALSE	NA	NA	NA	NA	NA	NA
NC_045512.2	15104	G	A	23819	5520	36	4	0	34	0.000167877	23827	0.999975	FALSE	NA	NA	NA	NA	NA	NA
NC_045512.2	15105	C	T	25117	7003	37	39	12	39	0.00155033	25156	0.0516182	FALSE	NA	NA	NA	NA	NA	NA
NC_045512.2	15106	A	G	24575	7065	36	1	1	34	4.06901e-05	24576	1	FALSE	NA	NA	NA	NA	NA	NA
NC_045512.2	15107	C	T	24671	7603	37	5	5	34	0.000202626	24676	0.999948	FALSE	NA	NA	NA	NA	NA	NA
NC_045512.2	15108	C	G	24518	7491	37	1	0	34	4.07847e-05	24519	1	FALSE	NA	NA	NA	NA	NA	NA
NC_045512.2	15109	G	A	24576	7467	37	1	1	34	4.06884e-05	24577	1	FALSE	NA	NA	NA	NA	NA	NA
NC_045512.2	15110	T	C	24834	7543	37	1	0	34	4.02658e-05	24835	1	FALSE	NA	NA	NA	NA	NA	NA
NC_045512.2	15111	A	G	24721	7531	37	1	0	34	4.04482e-05	24723	1	FALSE	NA	NA	NA	NA	NA	NA
NC_045512.2	15111	A	C	24721	7531	37	1	1	34	4.04482e-05	24723	1	FALSE	NA	NA	NA	NA	NA	NA
NC_045512.2	15112	G	C	24650	7594	37	1	1	34	4.05663e-05	24651	1	FALSE	NA	NA	NA	NA	NA	NA
NC_045512.2	15113	C	T	24582	7775	37	5	3	32	0.000203351	24588	0.999948	FALSE	NA	NA	NA	NA	NA	NA
NC_045512.2	15113	C	G	24582	7775	37	1	1	26	4.06702e-05	24588	1	FALSE	NA	NA	NA	NA	NA	NA
NC_045512.2	15114	T	G	24572	7718	37	3	0	34	0.000122055	24579	0.999997	FALSE	NA	NA	NA	NA	NA	NA
NC_045512.2	15114	T	C	24572	7718	37	4	2	34	0.000162741	24579	0.999986	FALSE	NA	NA	NA	NA	NA	NA
NC_045512.2	15114	T	-G	24572	7718	37	1	0	20	4.06851e-05	24579	1	FALSE	NA	NA	NA	NA	NA	NA
NC_045512.2	15115	G	T	24624	7697	37	3	0	34	0.000121813	24628	0.999997	FALSE	NA	NA	NA	NA	NA	NA
NC_045512.2	15115	G	A	24624	7697	37	1	1	34	4.06042e-05	24628	1	FALSE	NA	NA	NA	NA	NA	NA
NC_045512.2	15117	T	C	24488	7570	37	4	2	34	0.000163305	24494	0.999986	FALSE	NA	NA	NA	NA	NA	NA
NC_045512.2	15117	T	A	24488	7570	37	2	0	34	8.16526e-05	24494	1	FALSE	NA	NA	NA	NA	NA	NA
NC_045512.2	15118	G	A	24985	7583	37	2	2	51	8.00416e-05	24987	0.250005	FALSE	NA	NA	NA	NA	NA	NA
NC_045512.2	15119	T	C	24448	7038	36	3	0	31	0.000122694	24451	0.999997	FALSE	NA	NA	NA	NA	NA	NA
NC_045512.2	15121	T	C	24863	7294	36	2	0	34	8.04343e-05	24865	1	FALSE	NA	NA	NA	NA	NA	NA
NC_045512.2	15122	C	A	25328	7819	37	1	0	34	3.94804e-05	25329	1	FALSE	NA	NA	NA	NA	NA	NA
NC_045512.2	15123	T	C	25350	7759	37	3	3	34	0.000118329	25353	0.999998	FALSE	NA	NA	NA	NA	NA	NA
NC_045512.2	15124	A	G	25712	7817	37	1	0	34	3.88908e-05	25713	1	FALSE	NA	NA	NA	NA	NA	NA
NC_045512.2	15125	T	C	25769	7790	37	1	0	34	3.88048e-05	25770	1	FALSE	NA	NA	NA	NA	NA	NA
NC_045512.2	15126	C	A	26692	7864	36	2	2	68	7.49232e-05	26694	0.250005	FALSE	NA	NA	NA	NA	NA	NA
NC_045512.2	15127	T	G	26954	8294	37	1	0	34	3.70961e-05	26957	1	FALSE	NA	NA	NA	NA	NA	NA
NC_045512.2	15127	T	C	26954	8294	37	2	0	34	7.41922e-05	26957	1	FALSE	NA	NA	NA	NA	NA	NA
NC_045512.2	15128	G	C	27828	8283	37	1	1	34	3.59337e-05	27829	1	FALSE	NA	NA	NA	NA	NA	NA
NC_045512.2	15129	T	G	27778	8234	37	5	0	34	0.00017996	27784	0.99999	FALSE	NA	NA	NA	NA	NA	NA
NC_045512.2	15129	T	C	27778	8234	37	1	0	34	3.59919e-05	27784	1	FALSE	NA	NA	NA	NA	NA	NA
NC_045512.2	15130	A	G	27702	8143	37	3	0	34	0.000108284	27705	1	FALSE	NA	NA	NA	NA	NA	NA
NC_045512.2	15133	A	T	28360	8319	37	1	1	27	3.52584e-05	28362	1	FALSE	NA	NA	NA	NA	NA	NA
NC_045512.2	15133	A	G	28360	8319	37	1	0	34	3.52584e-05	28362	1	FALSE	NA	NA	NA	NA	NA	NA
NC_045512.2	15134	C	T	28332	8317	37	3	0	34	0.000105876	28335	1	FALSE	NA	NA	NA	NA	NA	NA
NC_045512.2	15135	T	C	27536	7605	37	2	1	32	7.26269e-05	27538	1	FALSE	NA	NA	NA	NA	NA	NA
NC_045512.2	15136	A	T	28070	7651	37	1	1	26	3.56163e-05	28077	1	FALSE	NA	NA	NA	NA	NA	NA
NC_045512.2	15136	A	G	28070	7651	37	6	0	34	0.000213698	28077	0.999981	FALSE	NA	NA	NA	NA	NA	NA
NC_045512.2	15137	T	G	25955	7672	37	1	1	26	3.85253e-05	25957	1	FALSE	NA	NA	NA	NA	NA	NA
NC_045512.2	15137	T	C	25955	7672	37	1	0	34	3.85253e-05	25957	1	FALSE	NA	NA	NA	NA	NA	NA
NC_045512.2	15138	G	C	26058	7683	37	1	1	34	3.83745e-05	26059	1	FALSE	NA	NA	NA	NA	NA	NA
NC_045512.2	15139	A	G	26018	7685	37	1	0	34	3.84335e-05	26019	1	FALSE	NA	NA	NA	NA	NA	NA
NC_045512.2	15139	A	-C	26018	7685	37	1	0	20	3.84335e-05	26019	1	FALSE	NA	NA	NA	NA	NA	NA
NC_045512.2	15141	C	A	26360	7759	37	1	0	26	3.79348e-05	26361	1	FALSE	NA	NA	NA	NA	NA	NA
NC_045512.2	15142	A	G	26334	7758	37	2	0	34	7.59417e-05	26336	1	FALSE	NA	NA	NA	NA	NA	NA
NC_045512.2	15143	A	G	26132	7780	37	1	0	34	3.82643e-05	26134	1	FALSE	NA	NA	NA	NA	NA	NA
NC_045512.2	15143	A	C	26132	7780	37	1	1	34	3.82643e-05	26134	1	FALSE	NA	NA	NA	NA	NA	NA
NC_045512.2	15144	T	C	26263	7784	37	1	0	34	3.80749e-05	26264	1	FALSE	NA	NA	NA	NA	NA	NA
NC_045512.2	15145	A	G	26101	7784	37	5	3	34	0.000191527	26106	0.999983	FALSE	NA	NA	NA	NA	NA	NA
NC_045512.2	15146	G	C	26216	7791	37	1	1	34	3.81432e-05	26217	1	FALSE	NA	NA	NA	NA	NA	NA
NC_045512.2	15147	A	G	25907	7616	37	2	0	34	7.71933e-05	25909	1	FALSE	NA	NA	NA	NA	NA	NA
NC_045512.2	15149	A	G	24270	7202	37	10	3	47	0.000411862	24280	0.0192788	FALSE	NA	NA	NA	NA	NA	NA
NC_045512.2	15150	G	T	24079	7230	37	1	0	34	4.15248e-05	24082	1	FALSE	NA	NA	NA	NA	NA	NA
NC_045512.2	15150	G	C	24079	7230	37	1	1	34	4.15248e-05	24082	1	FALSE	NA	NA	NA	NA	NA	NA
NC_045512.2	15150	G	A	24079	7230	37	1	0	34	4.15248e-05	24082	1	FALSE	NA	NA	NA	NA	NA	NA
NC_045512.2	15151	T	C	24311	8200	37	1	0	34	4.11303e-05	24313	1	FALSE	NA	NA	NA	NA	NA	NA
NC_045512.2	15151	T	A	24311	8200	37	1	0	26	4.11303e-05	24313	1	FALSE	NA	NA	NA	NA	NA	NA
NC_045512.2	15152	T	C	24254	8180	37	1	1	34	4.12286e-05	24255	1	FALSE	NA	NA	NA	NA	NA	NA
NC_045512.2	15153	T	C	24004	8233	37	2	2	34	8.3309e-05	24007	1	FALSE	NA	NA	NA	NA	NA	NA
NC_045512.2	15153	T	A	24004	8233	37	1	1	34	4.16545e-05	24007	1	FALSE	NA	NA	NA	NA	NA	NA
NC_045512.2	15154	C	A	23626	8253	37	1	1	34	4.23245e-05	23627	1	FALSE	NA	NA	NA	NA	NA	NA
NC_045512.2	15156	T	C	23714	8346	37	2	0	51	8.43313e-05	23716	0.250005	FALSE	NA	NA	NA	NA	NA	NA
NC_045512.2	15157	C	T	23663	8340	37	1	0	34	4.22583e-05	23664	1	FALSE	NA	NA	NA	NA	NA	NA
NC_045512.2	15157	C	-A	23663	8340	37	4	0	20	0.000169033	23664	1	FALSE	NA	NA	NA	NA	NA	NA
NC_045512.2	15157	C	+A	23663	8340	37	1	0	20	4.22583e-05	23664	1	FALSE	NA	NA	NA	NA	NA	NA
NC_045512.2	15158	A	G	23644	8359	37	2	1	34	8.45809e-05	23646	0.999999	FALSE	NA	NA	NA	NA	NA	NA
NC_045512.2	15159	A	G	23093	8401	36	4	3	34	0.000173183	23097	0.999976	FALSE	NA	NA	NA	NA	NA	NA
NC_045512.2	15160	A	G	22434	9179	37	2	1	34	8.91424e-05	22436	0.999999	FALSE	NA	NA	NA	NA	NA	NA
NC_045512.2	15161	A	G	23296	10207	37	4	0	42	0.000171674	23300	0.34376	FALSE	NA	NA	NA	NA	NA	NA
NC_045512.2	15162	A	G	23037	10217	37	2	2	34	8.68093e-05	23039	0.999999	FALSE	NA	NA	NA	NA	NA	NA
NC_045512.2	15163	T	C	23295	10319	37	4	4	32	0.000171674	23300	0.999975	FALSE	NA	NA	NA	NA	NA	NA
NC_045512.2	15163	T	A	23295	10319	37	1	0	34	4.29185e-05	23300	1	FALSE	NA	NA	NA	NA	NA	NA
NC_045512.2	15165	A	T	23303	10372	37	1	0	34	4.29092e-05	23305	1	FALSE	NA	NA	NA	NA	NA	NA
NC_045512.2	15165	A	C	23303	10372	37	1	1	34	4.29092e-05	23305	1	FALSE	NA	NA	NA	NA	NA	NA
NC_045512.2	15166	T	C	23284	10360	37	1	1	34	4.29443e-05	23286	1	FALSE	NA	NA	NA	NA	NA	NA
NC_045512.2	15166	T	A	23284	10360	37	1	0	34	4.29443e-05	23286	1	FALSE	NA	NA	NA	NA	NA	NA
NC_045512.2	15167	T	C	23285	10406	37	3	1	34	0.000128816	23289	0.999995	FALSE	NA	NA	NA	NA	NA	NA
NC_045512.2	15167	T	A	23285	10406	37	1	1	24	4.29387e-05	23289	1	FALSE	NA	NA	NA	NA	NA	NA
NC_045512.2	15168	G	A	23071	10413	37	1	0	68	4.33426e-05	23072	0.500011	FALSE	NA	NA	NA	NA	NA	NA
NC_045512.2	15169	A	G	22646	10755	37	1	0	26	4.4156e-05	22647	1	FALSE	NA	NA	NA	NA	NA	NA
NC_045512.2	15170	A	T	22817	10956	37	1	0	34	4.38174e-05	22822	1	FALSE	NA	NA	NA	NA	NA	NA
NC_045512.2	15170	A	G	22817	10956	37	4	1	34	0.000175269	22822	0.999956	FALSE	NA	NA	NA	NA	NA	NA
NC_045512.2	15171	A	G	22911	11032	37	1	0	34	4.36453e-05	22912	1	FALSE	NA	NA	NA	NA	NA	NA
NC_045512.2	15172	T	C	22891	11038	37	1	0	34	4.36834e-05	22892	1	FALSE	NA	NA	NA	NA	NA	NA
NC_045512.2	15174	A	G	23777	12167	38	5	2	34	0.000210243	23782	0.99991	FALSE	NA	NA	NA	NA	NA	NA
NC_045512.2	15175	A	G	25457	14192	38	4	3	32	0.000157103	25461	0.999992	FALSE	NA	NA	NA	NA	NA	NA
NC_045512.2	15176	T	G	25240	14175	38	1	1	26	3.96181e-05	25241	1	FALSE	NA	NA	NA	NA	NA	NA
NC_045512.2	15177	A	G	25142	14253	38	4	2	31	0.000159071	25146	0.999992	FALSE	NA	NA	NA	NA	NA	NA
NC_045512.2	15178	G	A	25359	14266	38	8	8	34	0.00031537	25367	0.999343	FALSE	NA	NA	NA	NA	NA	NA
NC_045512.2	15179	C	T	25168	14224	38	19	18	39	0.000754357	25187	0.854528	FALSE	NA	NA	NA	NA	NA	NA
NC_045512.2	15181	G	C	24942	14129	38	2	1	34	8.01667e-05	24948	1	FALSE	NA	NA	NA	NA	NA	NA
NC_045512.2	15181	G	A	24942	14129	38	4	3	29	0.000160333	24948	1	FALSE	NA	NA	NA	NA	NA	NA
NC_045512.2	15182	C	G	25680	14825	38	3	0	34	0.000116809	25683	0.999998	FALSE	NA	NA	NA	NA	NA	NA
NC_045512.2	15184	A	G	25893	14830	38	1	1	34	3.8619e-05	25894	1	FALSE	NA	NA	NA	NA	NA	NA
NC_045512.2	15186	T	C	26008	14963	38	2	1	29	7.68935e-05	26010	1	FALSE	NA	NA	NA	NA	NA	NA
NC_045512.2	15187	A	T	25808	14963	38	1	1	34	3.87447e-05	25810	1	FALSE	NA	NA	NA	NA	NA	NA
NC_045512.2	15187	A	G	25808	14963	38	1	1	34	3.87447e-05	25810	1	FALSE	NA	NA	NA	NA	NA	NA
NC_045512.2	15188	G	T	26086	14959	38	1	1	34	3.83333e-05	26087	1	FALSE	NA	NA	NA	NA	NA	NA
NC_045512.2	15189	A	-G	27748	17425	38	1	0	20	3.60386e-05	27748	1	FALSE	NA	NA	NA	NA	NA	NA
NC_045512.2	15190	G	A	28051	17392	38	2	0	34	7.12936e-05	28053	1	FALSE	NA	NA	NA	NA	NA	NA
NC_045512.2	15191	G	T	27801	17185	38	1	0	34	3.59686e-05	27802	1	FALSE	NA	NA	NA	NA	NA	NA
NC_045512.2	15192	A	G	27445	16776	38	3	3	45	0.000109286	27451	0.499966	FALSE	NA	NA	NA	NA	NA	NA
NC_045512.2	15192	A	C	27445	16776	38	3	3	34	0.000109286	27451	1	FALSE	NA	NA	NA	NA	NA	NA
NC_045512.2	15193	G	A	27408	16706	38	3	3	34	0.000109445	27411	1	FALSE	NA	NA	NA	NA	NA	NA
NC_045512.2	15194	C	T	27303	18173	38	1	1	26	3.66247e-05	27304	1	FALSE	NA	NA	NA	NA	NA	NA
NC_045512.2	15195	T	C	27380	18266	38	4	3	42	0.000146065	27385	0.343741	FALSE	NA	NA	NA	NA	NA	NA
NC_045512.2	15195	T	A	27380	18266	38	1	0	26	3.65163e-05	27385	1	FALSE	NA	NA	NA	NA	NA	NA
NC_045512.2	15196	A	T	27183	17941	38	2	2	26	7.357e-05	27185	1	FALSE	NA	NA	NA	NA	NA	NA
NC_045512.2	15197	C	T	26982	18308	38	2	2	34	7.41152e-05	26985	1	FALSE	NA	NA	NA	NA	NA	NA
NC_045512.2	15197	C	G	26982	18308	38	1	1	34	3.70576e-05	26985	1	FALSE	NA	NA	NA	NA	NA	NA
NC_045512.2	15198	T	C	26983	18316	38	3	3	34	0.000111169	26986	0.999999	FALSE	NA	NA	NA	NA	NA	NA
NC_045512.2	15200	T	G	28098	19363	38	1	1	26	3.55847e-05	28102	1	FALSE	NA	NA	NA	NA	NA	NA
NC_045512.2	15200	T	C	28098	19363	38	2	2	34	7.11693e-05	28102	1	FALSE	NA	NA	NA	NA	NA	NA
NC_045512.2	15200	T	A	28098	19363	38	1	1	34	3.55847e-05	28102	1	FALSE	NA	NA	NA	NA	NA	NA
NC_045512.2	15200	T	-A	28098	19363	38	1	0	20	3.55847e-05	28102	1	FALSE	NA	NA	NA	NA	NA	NA
NC_045512.2	15201	A	G	27965	19230	38	3	1	34	0.000107262	27969	1	FALSE	NA	NA	NA	NA	NA	NA
NC_045512.2	15201	A	C	27965	19230	38	1	1	34	3.57539e-05	27969	1	FALSE	NA	NA	NA	NA	NA	NA
NC_045512.2	15202	G	T	27972	19199	38	1	1	34	3.57488e-05	27973	1	FALSE	NA	NA	NA	NA	NA	NA
NC_045512.2	15203	T	C	27389	18648	38	3	2	42	0.000109521	27392	0.500017	FALSE	NA	NA	NA	NA	NA	NA
NC_045512.2	15204	A	C	27537	18772	38	1	1	34	3.63135e-05	27538	1	FALSE	NA	NA	NA	NA	NA	NA
NC_045512.2	15205	A	G	28758	20281	39	1	0	34	3.47705e-05	28760	1	FALSE	NA	NA	NA	NA	NA	NA
NC_045512.2	15205	A	C	28758	20281	39	1	1	34	3.47705e-05	28760	1	FALSE	NA	NA	NA	NA	NA	NA
NC_045512.2	15207	T	G	28379	20138	39	2	0	27	7.04672e-05	28382	1	FALSE	NA	NA	NA	NA	NA	NA
NC_045512.2	15207	T	C	28379	20138	39	1	0	34	3.52336e-05	28382	1	FALSE	NA	NA	NA	NA	NA	NA
NC_045512.2	15207	T	-G	28379	20138	39	1	0	20	3.52336e-05	28382	1	FALSE	NA	NA	NA	NA	NA	NA
NC_045512.2	15208	G	T	27455	19655	38	1	0	34	3.64113e-05	27464	1	FALSE	NA	NA	NA	NA	NA	NA
NC_045512.2	15208	G	C	27455	19655	38	7	6	31	0.000254879	27464	0.999903	FALSE	NA	NA	NA	NA	NA	NA
NC_045512.2	15208	G	A	27455	19655	38	1	0	34	3.64113e-05	27464	1	FALSE	NA	NA	NA	NA	NA	NA
NC_045512.2	15209	G	C	27492	19692	38	1	0	34	3.63716e-05	27494	1	FALSE	NA	NA	NA	NA	NA	NA
NC_045512.2	15209	G	A	27492	19692	38	1	0	60	3.63716e-05	27494	0.5	FALSE	NA	NA	NA	NA	NA	NA
NC_045512.2	15209	G	-A	27492	19692	38	1	0	20	3.63716e-05	27494	1	FALSE	NA	NA	NA	NA	NA	NA
NC_045512.2	15210	A	G	27865	20134	38	3	2	34	0.00010765	27868	1	FALSE	NA	NA	NA	NA	NA	NA
NC_045512.2	15211	A	G	28083	20696	38	3	2	34	0.000106807	28088	1	FALSE	NA	NA	NA	NA	NA	NA
NC_045512.2	15211	A	C	28083	20696	38	2	1	34	7.12048e-05	28088	1	FALSE	NA	NA	NA	NA	NA	NA
NC_045512.2	15212	C	T	28102	20710	38	2	2	34	7.11617e-05	28105	1	FALSE	NA	NA	NA	NA	NA	NA
NC_045512.2	15212	C	G	28102	20710	38	1	0	34	3.55809e-05	28105	1	FALSE	NA	NA	NA	NA	NA	NA
NC_045512.2	15212	C	-A	28102	20710	38	1	0	20	3.55809e-05	28105	1	FALSE	NA	NA	NA	NA	NA	NA
NC_045512.2	15213	A	G	28139	20812	38	4	4	34	0.000142131	28143	0.999999	FALSE	NA	NA	NA	NA	NA	NA
NC_045512.2	15214	A	G	28162	20869	38	3	2	34	0.000106508	28167	1	FALSE	NA	NA	NA	NA	NA	NA
NC_045512.2	15214	A	C	28162	20869	38	2	2	30	7.10051e-05	28167	1	FALSE	NA	NA	NA	NA	NA	NA
NC_045512.2	15215	G	A	28078	20770	38	14	12	38	0.000498363	28092	0.990265	FALSE	NA	NA	NA	NA	NA	NA
NC_045512.2	15216	C	T	29229	22136	38	9	7	41	0.000307787	29241	0.0326942	FALSE	NA	NA	NA	NA	NA	NA
NC_045512.2	15216	C	A	29229	22136	38	3	3	31	0.000102596	29241	1	FALSE	NA	NA	NA	NA	NA	NA
NC_045512.2	15217	A	G	29232	22137	38	4	3	32	0.000136808	29238	0.999999	FALSE	NA	NA	NA	NA	NA	NA
NC_045512.2	15217	A	C	29232	22137	38	2	2	34	6.84041e-05	29238	1	FALSE	NA	NA	NA	NA	NA	NA
NC_045512.2	15218	A	G	29140	22050	38	2	2	29	6.86271e-05	29143	1	FALSE	NA	NA	NA	NA	NA	NA
NC_045512.2	15218	A	C	29140	22050	38	1	1	34	3.43136e-05	29143	1	FALSE	NA	NA	NA	NA	NA	NA
NC_045512.2	15219	A	T	29314	22862	38	1	1	34	3.41122e-05	29315	1	FALSE	NA	NA	NA	NA	NA	NA
NC_045512.2	15220	T	G	29941	23356	38	1	1	34	3.33923e-05	29947	1	FALSE	NA	NA	NA	NA	NA	NA
NC_045512.2	15220	T	C	29941	23356	38	5	2	47	0.000166962	29947	0.226549	FALSE	NA	NA	NA	NA	NA	NA
NC_045512.2	15221	T	C	30406	24155	38	6	5	38	0.000197291	30412	0.999994	FALSE	NA	NA	NA	NA	NA	NA
NC_045512.2	15223	T	G	29628	23476	38	1	1	34	3.37496e-05	29630	1	FALSE	NA	NA	NA	NA	NA	NA
NC_045512.2	15223	T	C	29628	23476	38	1	0	34	3.37496e-05	29630	1	FALSE	NA	NA	NA	NA	NA	NA
NC_045512.2	15224	A	G	30309	24223	38	2	1	34	6.59805e-05	30312	1	FALSE	NA	NA	NA	NA	NA	NA
NC_045512.2	15224	A	C	30309	24223	38	1	1	34	3.29902e-05	30312	1	FALSE	NA	NA	NA	NA	NA	NA
NC_045512.2	15225	T	C	30766	25077	38	2	2	34	6.50026e-05	30768	1	FALSE	NA	NA	NA	NA	NA	NA
NC_045512.2	15226	G	C	30796	25117	38	1	1	26	3.24707e-05	30797	1	FALSE	NA	NA	NA	NA	NA	NA
NC_045512.2	15227	G	C	31540	26918	37	1	1	34	3.17048e-05	31541	1	FALSE	NA	NA	NA	NA	NA	NA
NC_045512.2	15228	T	C	31012	26449	37	1	1	34	3.22445e-05	31013	1	FALSE	NA	NA	NA	NA	NA	NA
NC_045512.2	15229	G	A	30588	26622	36	3	3	34	9.80681e-05	30591	1	FALSE	NA	NA	NA	NA	NA	NA
NC_045512.2	15230	G	-T	30608	26643	36	1	0	20	3.26712e-05	30608	1	FALSE	NA	NA	NA	NA	NA	NA
NC_045512.2	15231	T	G	28040	24084	35	1	0	24	3.56583e-05	28044	1	FALSE	NA	NA	NA	NA	NA	NA
NC_045512.2	15231	T	C	28040	24084	35	3	3	34	0.000106975	28044	1	FALSE	NA	NA	NA	NA	NA	NA
NC_045512.2	15232	T	G	30430	26649	36	3	3	34	9.85578e-05	30439	1	FALSE	NA	NA	NA	NA	NA	NA
NC_045512.2	15232	T	C	30430	26649	36	5	4	32	0.000164263	30439	0.999998	FALSE	NA	NA	NA	NA	NA	NA
NC_045512.2	15232	T	A	30430	26649	36	1	1	34	3.28526e-05	30439	1	FALSE	NA	NA	NA	NA	NA	NA
NC_045512.2	15233	G	A	30279	26514	36	1	1	34	3.30251e-05	30280	1	FALSE	NA	NA	NA	NA	NA	NA
NC_045512.2	15234	G	T	29970	26537	36	1	0	68	3.33456e-05	29989	0.499858	FALSE	NA	NA	NA	NA	NA	NA
NC_045512.2	15234	G	C	29970	26537	36	1	1	26	3.33456e-05	29989	1	FALSE	NA	NA	NA	NA	NA	NA
NC_045512.2	15234	G	A	29970	26537	36	17	7	36	0.000566875	29989	0.973001	FALSE	NA	NA	NA	NA	NA	NA
NC_045512.2	15235	C	T	32749	29479	36	8	8	34	0.000244223	32757	0.999979	FALSE	NA	NA	NA	NA	NA	NA
NC_045512.2	15236	A	T	32439	29158	36	2	2	30	6.16333e-05	32450	1	FALSE	NA	NA	NA	NA	NA	NA
NC_045512.2	15236	A	G	32439	29158	36	9	8	41	0.00027735	32450	0.072972	FALSE	NA	NA	NA	NA	NA	NA
NC_045512.2	15237	C	T	32419	29558	36	1	1	34	3.08442e-05	32421	1	FALSE	NA	NA	NA	NA	NA	NA
NC_045512.2	15237	C	G	32419	29558	36	1	1	34	3.08442e-05	32421	1	FALSE	NA	NA	NA	NA	NA	NA
NC_045512.2	15238	A	G	31930	29080	36	3	3	34	9.39467e-05	31933	1	FALSE	NA	NA	NA	NA	NA	NA
NC_045512.2	15239	A	G	31890	29169	36	1	1	26	3.13568e-05	31891	1	FALSE	NA	NA	NA	NA	NA	NA
NC_045512.2	15240	C	T	34078	31919	35	2	2	34	5.8682e-05	34082	1	FALSE	NA	NA	NA	NA	NA	NA
NC_045512.2	15240	C	A	34078	31919	35	2	2	34	5.8682e-05	34082	1	FALSE	NA	NA	NA	NA	NA	NA
NC_045512.2	15241	A	T	34181	32030	35	1	1	26	2.92535e-05	34184	1	FALSE	NA	NA	NA	NA	NA	NA
NC_045512.2	15241	A	G	34181	32030	35	1	1	34	2.92535e-05	34184	1	FALSE	NA	NA	NA	NA	NA	NA
NC_045512.2	15241	A	C	34181	32030	35	1	1	34	2.92535e-05	34184	1	FALSE	NA	NA	NA	NA	NA	NA
NC_045512.2	15242	T	C	36007	33666	35	4	4	30	0.000111077	36011	1	FALSE	NA	NA	NA	NA	NA	NA
NC_045512.2	15243	G	A	35826	33443	35	5	5	34	0.000139544	35831	1	FALSE	NA	NA	NA	NA	NA	NA
NC_045512.2	15244	T	G	35920	33591	35	1	1	34	2.78381e-05	35922	1	FALSE	NA	NA	NA	NA	NA	NA
NC_045512.2	15244	T	C	35920	33591	35	1	1	34	2.78381e-05	35922	1	FALSE	NA	NA	NA	NA	NA	NA
NC_045512.2	15245	T	G	36019	33690	35	1	1	34	2.77616e-05	36021	1	FALSE	NA	NA	NA	NA	NA	NA
NC_045512.2	15245	T	A	36019	33690	35	1	1	34	2.77616e-05	36021	1	FALSE	NA	NA	NA	NA	NA	NA
NC_045512.2	15245	T	-A	36019	33690	35	1	0	20	2.77616e-05	36021	1	FALSE	NA	NA	NA	NA	NA	NA
NC_045512.2	15246	A	T	35984	33704	35	1	1	34	2.7784e-05	35992	1	FALSE	NA	NA	NA	NA	NA	NA
NC_045512.2	15246	A	G	35984	33704	35	5	5	40	0.00013892	35992	0.363228	FALSE	NA	NA	NA	NA	NA	NA
NC_045512.2	15246	A	C	35984	33704	35	2	2	30	5.55679e-05	35992	1	FALSE	NA	NA	NA	NA	NA	NA
NC_045512.2	15247	A	T	36935	34748	35	2	2	34	5.41389e-05	36942	1	FALSE	NA	NA	NA	NA	NA	NA
NC_045512.2	15247	A	G	36935	34748	35	4	4	32	0.000108278	36942	1	FALSE	NA	NA	NA	NA	NA	NA
NC_045512.2	15247	A	C	36935	34748	35	1	1	34	2.70695e-05	36942	1	FALSE	NA	NA	NA	NA	NA	NA
NC_045512.2	15248	A	T	37004	34811	35	1	1	26	2.70219e-05	37007	1	FALSE	NA	NA	NA	NA	NA	NA
NC_045512.2	15248	A	C	37004	34811	35	2	2	34	5.40438e-05	37007	1	FALSE	NA	NA	NA	NA	NA	NA
NC_045512.2	15249	A	G	37680	35553	36	2	2	34	5.30757e-05	37682	1	FALSE	NA	NA	NA	NA	NA	NA
NC_045512.2	15250	A	C	37384	35305	35	2	1	27	5.3496e-05	37386	1	FALSE	NA	NA	NA	NA	NA	NA
NC_045512.2	15252	T	C	38625	36676	36	6	5	39	0.000155316	38631	1	FALSE	NA	NA	NA	NA	NA	NA
NC_045512.2	15253	G	C	38571	36570	36	1	1	26	2.59242e-05	38574	1	FALSE	NA	NA	NA	NA	NA	NA
NC_045512.2	15253	G	A	38571	36570	36	2	2	34	5.18484e-05	38574	1	FALSE	NA	NA	NA	NA	NA	NA
NC_045512.2	15254	T	C	31005	29009	33	5	5	34	0.000161238	31010	0.999999	FALSE	NA	NA	NA	NA	NA	NA
NC_045512.2	15255	T	G	38686	36686	36	1	1	26	2.58458e-05	38691	1	FALSE	NA	NA	NA	NA	NA	NA
NC_045512.2	15255	T	C	38686	36686	36	2	2	34	5.16916e-05	38691	1	FALSE	NA	NA	NA	NA	NA	NA
NC_045512.2	15255	T	A	38686	36686	36	2	2	51	5.16916e-05	38691	0.249984	FALSE	NA	NA	NA	NA	NA	NA
NC_045512.2	15256	T	C	38574	36580	36	6	6	34	0.000155521	38580	1	FALSE	NA	NA	NA	NA	NA	NA
NC_045512.2	15258	T	G	38586	36593	36	1	1	26	2.59101e-05	38595	1	FALSE	NA	NA	NA	NA	NA	NA
NC_045512.2	15258	T	C	38586	36593	36	7	6	37	0.000181371	38595	1	FALSE	NA	NA	NA	NA	NA	NA
NC_045512.2	15258	T	A	38586	36593	36	1	1	34	2.59101e-05	38595	1	FALSE	NA	NA	NA	NA	NA	NA
NC_045512.2	15259	A	G	38433	36449	36	1	1	34	2.60186e-05	38434	1	FALSE	NA	NA	NA	NA	NA	NA
NC_045512.2	15261	T	C	37798	35843	36	4	4	32	0.000105815	37802	1	FALSE	NA	NA	NA	NA	NA	NA
NC_045512.2	15262	G	C	36481	34533	36	1	1	34	2.74093e-05	36484	1	FALSE	NA	NA	NA	NA	NA	NA
NC_045512.2	15262	G	A	36481	34533	36	2	2	34	5.48186e-05	36484	1	FALSE	NA	NA	NA	NA	NA	NA
NC_045512.2	15263	A	T	36529	34580	36	2	2	30	5.4742e-05	36535	1	FALSE	NA	NA	NA	NA	NA	NA
NC_045512.2	15263	A	G	36529	34580	36	4	4	32	0.000109484	36535	1	FALSE	NA	NA	NA	NA	NA	NA
NC_045512.2	15264	T	C	36284	34352	36	3	3	34	8.26742e-05	36287	1	FALSE	NA	NA	NA	NA	NA	NA
NC_045512.2	15265	G	T	36338	34401	36	1	1	34	2.75179e-05	36340	1	FALSE	NA	NA	NA	NA	NA	NA
NC_045512.2	15265	G	C	36338	34401	36	1	1	34	2.75179e-05	36340	1	FALSE	NA	NA	NA	NA	NA	NA
NC_045512.2	15266	T	C	36353	34432	36	3	3	45	8.25151e-05	36357	0.656256	FALSE	NA	NA	NA	NA	NA	NA
NC_045512.2	15266	T	A	36353	34432	36	1	1	26	2.7505e-05	36357	1	FALSE	NA	NA	NA	NA	NA	NA
NC_045512.2	15267	A	G	36360	34433	36	9	9	34	0.000247463	36369	0.999992	FALSE	NA	NA	NA	NA	NA	NA
NC_045512.2	15269	A	G	35964	34088	36	8	6	51	0.000222395	35972	0.00390516	TRUE	NA	NA	NA	NA	NA	NA
NC_045512.2	15270	A	T	35965	34071	36	2	2	34	5.55911e-05	35977	1	FALSE	NA	NA	NA	NA	NA	NA
NC_045512.2	15270	A	G	35965	34071	36	7	4	32	0.000194569	35977	0.999999	FALSE	NA	NA	NA	NA	NA	NA
NC_045512.2	15270	A	C	35965	34071	36	3	3	34	8.33866e-05	35977	1	FALSE	NA	NA	NA	NA	NA	NA
NC_045512.2	15271	A	G	35659	33813	36	2	2	34	5.60837e-05	35661	1	FALSE	NA	NA	NA	NA	NA	NA
NC_045512.2	15272	A	T	35479	33653	36	5	5	30	0.000140849	35499	1	FALSE	NA	NA	NA	NA	NA	NA
NC_045512.2	15272	A	G	35479	33653	36	2	1	51	5.63396e-05	35499	0.249877	FALSE	NA	NA	NA	NA	NA	NA
NC_045512.2	15272	A	C	35479	33653	36	13	13	33	0.000366207	35499	0.999642	FALSE	NA	NA	NA	NA	NA	NA
NC_045512.2	15273	C	T	35620	33840	36	2	2	34	5.61451e-05	35622	1	FALSE	NA	NA	NA	NA	NA	NA
NC_045512.2	15274	C	T	34984	33213	36	6	6	34	0.000171478	34990	0.999999	FALSE	NA	NA	NA	NA	NA	NA
NC_045512.2	15275	C	T	34116	32362	36	2	2	34	5.86166e-05	34120	1	FALSE	NA	NA	NA	NA	NA	NA
NC_045512.2	15275	C	A	34116	32362	36	2	2	34	5.86166e-05	34120	1	FALSE	NA	NA	NA	NA	NA	NA
NC_045512.2	15276	T	C	31619	29885	36	5	5	40	0.000158108	31624	0.36329	FALSE	NA	NA	NA	NA	NA	NA
NC_045512.2	15277	C	T	31696	29962	36	1	1	34	3.15467e-05	31699	1	FALSE	NA	NA	NA	NA	NA	NA
NC_045512.2	15277	C	G	31696	29962	36	1	1	34	3.15467e-05	31699	1	FALSE	NA	NA	NA	NA	NA	NA
NC_045512.2	15277	C	A	31696	29962	36	1	1	34	3.15467e-05	31699	1	FALSE	NA	NA	NA	NA	NA	NA
NC_045512.2	15278	A	G	31644	29913	36	1	1	26	3.15996e-05	31646	1	FALSE	NA	NA	NA	NA	NA	NA
NC_045512.2	15278	A	C	31644	29913	36	1	1	34	3.15996e-05	31646	1	FALSE	NA	NA	NA	NA	NA	NA
NC_045512.2	15279	C	G	31647	29933	36	1	1	26	3.15976e-05	31648	1	FALSE	NA	NA	NA	NA	NA	NA
NC_045512.2	15280	C	T	31648	29957	36	1	1	34	3.15966e-05	31649	1	FALSE	NA	NA	NA	NA	NA	NA
NC_045512.2	15280	C	-T	31648	29957	36	1	0	20	3.15966e-05	31649	1	FALSE	NA	NA	NA	NA	NA	NA
NC_045512.2	15281	T	C	31168	29483	36	1	1	34	3.20832e-05	31169	1	FALSE	NA	NA	NA	NA	NA	NA
NC_045512.2	15281	T	-TA	31168	29483	36	1	0	20	3.20821e-05	31170	1	FALSE	NA	NA	NA	NA	NA	NA
NC_045512.2	15282	T	C	30644	28968	36	4	4	32	0.000130514	30648	1	FALSE	NA	NA	NA	NA	NA	NA
NC_045512.2	15283	A	G	30689	29123	35	1	1	34	3.25839e-05	30690	1	FALSE	NA	NA	NA	NA	NA	NA
NC_045512.2	15284	T	C	30589	29159	35	1	1	34	3.26872e-05	30593	1	FALSE	NA	NA	NA	NA	NA	NA
NC_045512.2	15284	T	A	30589	29159	35	3	2	31	9.80616e-05	30593	1	FALSE	NA	NA	NA	NA	NA	NA
NC_045512.2	15285	G	A	30697	29265	35	2	2	30	6.51487e-05	30699	1	FALSE	NA	NA	NA	NA	NA	NA
NC_045512.2	15286	G	T	30491	29210	35	1	1	34	3.27955e-05	30492	1	FALSE	NA	NA	NA	NA	NA	NA
NC_045512.2	15287	G	A	30451	29177	35	1	1	34	3.28386e-05	30452	1	FALSE	NA	NA	NA	NA	NA	NA
NC_045512.2	15289	T	C	27641	26444	35	2	2	34	7.2351e-05	27643	1	FALSE	NA	NA	NA	NA	NA	NA
NC_045512.2	15291	G	T	27471	26282	35	5	2	34	0.000181957	27479	0.99999	FALSE	NA	NA	NA	NA	NA	NA
NC_045512.2	15291	G	A	27471	26282	35	3	3	34	0.000109174	27479	1	FALSE	NA	NA	NA	NA	NA	NA
NC_045512.2	15292	G	T	27504	26400	35	4	2	34	0.000145407	27509	0.999998	FALSE	NA	NA	NA	NA	NA	NA
NC_045512.2	15292	G	A	27504	26400	35	1	1	34	3.63517e-05	27509	1	FALSE	NA	NA	NA	NA	NA	NA
NC_045512.2	15293	A	T	27486	26414	35	1	1	34	3.63782e-05	27489	1	FALSE	NA	NA	NA	NA	NA	NA
NC_045512.2	15293	A	G	27486	26414	35	2	2	34	7.27564e-05	27489	1	FALSE	NA	NA	NA	NA	NA	NA
NC_045512.2	15293	A	-T	27486	26414	35	1	0	20	3.63782e-05	27489	1	FALSE	NA	NA	NA	NA	NA	NA
NC_045512.2	15294	T	C	27119	26067	35	1	1	34	3.68732e-05	27120	1	FALSE	NA	NA	NA	NA	NA	NA
NC_045512.2	15295	T	C	25956	25046	35	1	1	34	3.85253e-05	25957	1	FALSE	NA	NA	NA	NA	NA	NA
NC_045512.2	15296	A	T	25733	24846	35	2	2	34	7.77152e-05	25735	1	FALSE	NA	NA	NA	NA	NA	NA
NC_045512.2	15297	T	C	25741	24925	35	4	4	34	0.00015537	25745	0.999992	FALSE	NA	NA	NA	NA	NA	NA
NC_045512.2	15298	C	T	25671	24910	34	1	1	34	3.89529e-05	25672	1	FALSE	NA	NA	NA	NA	NA	NA
NC_045512.2	15299	C	T	25619	25007	34	1	1	34	3.9029e-05	25622	1	FALSE	NA	NA	NA	NA	NA	NA
NC_045512.2	15299	C	A	25619	25007	34	2	2	34	7.80579e-05	25622	1	FALSE	NA	NA	NA	NA	NA	NA
NC_045512.2	15300	T	C	24038	23424	34	1	1	34	4.15991e-05	24039	1	FALSE	NA	NA	NA	NA	NA	NA
NC_045512.2	15300	T	-A	24038	23424	34	1	0	20	4.15991e-05	24039	1	FALSE	NA	NA	NA	NA	NA	NA
NC_045512.2	15301	A	T	23955	23340	34	1	1	34	4.17397e-05	23958	1	FALSE	NA	NA	NA	NA	NA	NA
NC_045512.2	15301	A	C	23955	23340	34	2	2	34	8.34794e-05	23958	0.999999	FALSE	NA	NA	NA	NA	NA	NA
NC_045512.2	15303	A	G	23951	23351	34	9	5	34	0.000375626	23960	0.99651	FALSE	NA	NA	NA	NA	NA	NA
NC_045512.2	15304	T	C	23996	23396	34	1	0	68	4.16701e-05	23998	0.5	FALSE	NA	NA	NA	NA	NA	NA
NC_045512.2	15304	T	A	23996	23396	34	1	1	34	4.16701e-05	23998	1	FALSE	NA	NA	NA	NA	NA	NA
NC_045512.2	15305	G	T	23715	23145	34	1	1	26	4.21656e-05	23716	1	FALSE	NA	NA	NA	NA	NA	NA
NC_045512.2	15306	T	C	21651	21081	34	5	5	34	0.000230872	21657	0.999734	FALSE	NA	NA	NA	NA	NA	NA
NC_045512.2	15306	T	A	21651	21081	34	1	1	26	4.61744e-05	21657	1	FALSE	NA	NA	NA	NA	NA	NA
NC_045512.2	15307	G	A	21725	21155	34	3	3	34	0.000138071	21728	0.999982	FALSE	NA	NA	NA	NA	NA	NA
NC_045512.2	15308	A	G	21715	21152	34	6	3	34	0.00027623	21721	0.999246	FALSE	NA	NA	NA	NA	NA	NA
NC_045512.2	15309	T	C	21464	20893	34	2	2	34	9.31706e-05	21466	0.999997	FALSE	NA	NA	NA	NA	NA	NA
NC_045512.2	15310	A	T	21232	20675	34	1	1	34	4.70677e-05	21246	1	FALSE	NA	NA	NA	NA	NA	NA
NC_045512.2	15310	A	G	21232	20675	34	12	12	34	0.000564812	21246	0.959975	FALSE	NA	NA	NA	NA	NA	NA
NC_045512.2	15310	A	C	21232	20675	34	1	1	34	4.70677e-05	21246	1	FALSE	NA	NA	NA	NA	NA	NA
NC_045512.2	15311	G	A	21217	20655	34	2	2	34	9.42551e-05	21219	0.999997	FALSE	NA	NA	NA	NA	NA	NA
NC_045512.2	15312	A	G	20669	20129	34	5	5	34	0.00024185	20674	0.999546	FALSE	NA	NA	NA	NA	NA	NA
NC_045512.2	15313	G	C	20357	19783	34	1	1	26	4.91183e-05	20359	1	FALSE	NA	NA	NA	NA	NA	NA
NC_045512.2	15313	G	A	20357	19783	34	1	1	34	4.91183e-05	20359	1	FALSE	NA	NA	NA	NA	NA	NA
NC_045512.2	15314	C	T	20263	19696	34	2	2	34	9.86923e-05	20265	0.999995	FALSE	NA	NA	NA	NA	NA	NA
NC_045512.2	15316	A	T	18902	18331	34	1	1	34	5.29017e-05	18903	0.999998	FALSE	NA	NA	NA	NA	NA	NA
NC_045512.2	15317	T	C	18814	18242	34	2	2	34	0.000106293	18816	0.99998	FALSE	NA	NA	NA	NA	NA	NA
NC_045512.2	15318	G	T	18763	18186	34	1	1	34	5.3285e-05	18767	0.999998	FALSE	NA	NA	NA	NA	NA	NA
NC_045512.2	15318	G	A	18763	18186	34	3	3	34	0.000159855	18767	0.99989	FALSE	NA	NA	NA	NA	NA	NA
NC_045512.2	15318	G	-C	18763	18186	34	1	0	20	5.3285e-05	18767	1	FALSE	NA	NA	NA	NA	NA	NA
NC_045512.2	15319	C	T	18810	18234	34	4	4	34	0.000212596	18815	0.999573	FALSE	NA	NA	NA	NA	NA	NA
NC_045512.2	15319	C	G	18810	18234	34	1	1	34	5.31491e-05	18815	0.999998	FALSE	NA	NA	NA	NA	NA	NA
NC_045512.2	15320	C	T	18114	17540	34	2	2	30	0.0001104	18116	0.99998	FALSE	NA	NA	NA	NA	NA	NA
NC_045512.2	15321	T	C	17351	16773	34	5	5	32	0.000288085	17356	0.997835	FALSE	NA	NA	NA	NA	NA	NA
NC_045512.2	15322	A	G	16585	16014	34	9	9	34	0.000542332	16595	0.94619	FALSE	NA	NA	NA	NA	NA	NA
NC_045512.2	15322	A	C	16585	16014	34	1	1	34	6.02591e-05	16595	0.999992	FALSE	NA	NA	NA	NA	NA	NA
NC_045512.2	15323	A	G	16550	16064	34	1	1	34	6.04193e-05	16551	0.999992	FALSE	NA	NA	NA	NA	NA	NA
NC_045512.2	15324	C	T	16546	16075	34	2	1	34	0.000120853	16549	0.999928	FALSE	NA	NA	NA	NA	NA	NA
NC_045512.2	15324	C	A	16546	16075	34	1	1	34	6.04266e-05	16549	0.999992	FALSE	NA	NA	NA	NA	NA	NA
NC_045512.2	15325	A	T	15984	15520	34	1	1	26	6.2543e-05	15989	1	FALSE	NA	NA	NA	NA	NA	NA
NC_045512.2	15325	A	C	15984	15520	34	4	4	32	0.000250172	15989	0.997793	FALSE	NA	NA	NA	NA	NA	NA
NC_045512.2	15327	G	T	13390	12973	34	1	0	34	7.46547e-05	13395	0.999939	FALSE	NA	NA	NA	NA	NA	NA
NC_045512.2	15327	G	A	13390	12973	34	4	4	34	0.000298619	13395	0.993651	FALSE	NA	NA	NA	NA	NA	NA
NC_045512.2	15328	C	T	13161	12821	34	2	2	30	0.000151941	13163	0.999513	FALSE	NA	NA	NA	NA	NA	NA
NC_045512.2	15329	T	G	12614	12280	34	1	1	34	7.92519e-05	12618	0.999878	FALSE	NA	NA	NA	NA	NA	NA
NC_045512.2	15329	T	C	12614	12280	34	1	1	34	7.92519e-05	12618	0.999878	FALSE	NA	NA	NA	NA	NA	NA
NC_045512.2	15329	T	A	12614	12280	34	2	2	34	0.000158504	12618	0.999086	FALSE	NA	NA	NA	NA	NA	NA
NC_045512.2	15331	A	C	12642	12320	34	1	1	34	7.90952e-05	12643	0.999878	FALSE	NA	NA	NA	NA	NA	NA
NC_045512.2	15380	G	A	122	45	38	2	0	68	0.016129	124	0.251012	FALSE	NA	NA	NA	NA	NA	NA
NC_045512.2	15411	T	C	135	77	40	1	0	34	0.00735294	136	0.501845	FALSE	NA	NA	NA	NA	NA	NA
NC_045512.2	15485	C	T	122	94	38	34	28	35	0.217949	156	8.67251e-12	TRUE	NA	NA	NA	NA	NA	NA
NC_045512.2	15514	A	T	146	135	40	1	1	26	0.00680272	147	0.75256	FALSE	NA	NA	NA	NA	NA	NA
NC_045512.2	15562	T	C	34911	1234	33	3	0	34	8.59205e-05	34916	1	FALSE	NA	NA	NA	NA	NA	NA
NC_045512.2	15562	T	A	34911	1234	33	2	0	30	5.72803e-05	34916	1	FALSE	NA	NA	NA	NA	NA	NA
NC_045512.2	15563	T	G	35457	1234	33	2	0	30	5.64e-05	35461	1	FALSE	NA	NA	NA	NA	NA	NA
NC_045512.2	15563	T	C	35457	1234	33	1	0	34	2.82e-05	35461	1	FALSE	NA	NA	NA	NA	NA	NA
NC_045512.2	15563	T	A	35457	1234	33	1	0	26	2.82e-05	35461	1	FALSE	NA	NA	NA	NA	NA	NA
NC_045512.2	15564	A	G	35978	1259	33	5	0	34	0.000138955	35983	1	FALSE	NA	NA	NA	NA	NA	NA
NC_045512.2	15565	T	C	36051	1255	34	4	0	32	0.000110942	36055	1	FALSE	NA	NA	NA	NA	NA	NA
NC_045512.2	15566	C	T	36597	1420	34	1	0	34	2.73224e-05	36600	1	FALSE	NA	NA	NA	NA	NA	NA
NC_045512.2	15566	C	G	36597	1420	34	1	0	34	2.73224e-05	36600	1	FALSE	NA	NA	NA	NA	NA	NA
NC_045512.2	15566	C	A	36597	1420	34	1	0	26	2.73224e-05	36600	1	FALSE	NA	NA	NA	NA	NA	NA
NC_045512.2	15567	T	G	36856	1424	34	1	0	34	2.71319e-05	36857	1	FALSE	NA	NA	NA	NA	NA	NA
NC_045512.2	15567	T	-A	36856	1424	34	2	0	20	5.42638e-05	36857	1	FALSE	NA	NA	NA	NA	NA	NA
NC_045512.2	15568	A	T	37810	1460	34	1	0	34	2.64438e-05	37816	1	FALSE	NA	NA	NA	NA	NA	NA
NC_045512.2	15568	A	G	37810	1460	34	5	0	32	0.000132219	37816	1	FALSE	NA	NA	NA	NA	NA	NA
NC_045512.2	15569	C	A	37667	1462	34	2	0	30	5.30941e-05	37669	1	FALSE	NA	NA	NA	NA	NA	NA
NC_045512.2	15570	T	C	37712	1409	34	3	0	34	7.95418e-05	37716	1	FALSE	NA	NA	NA	NA	NA	NA
NC_045512.2	15570	T	A	37712	1409	34	1	0	34	2.65139e-05	37716	1	FALSE	NA	NA	NA	NA	NA	NA
NC_045512.2	15571	G	T	38064	1477	34	1	0	34	2.62695e-05	38067	1	FALSE	NA	NA	NA	NA	NA	NA
NC_045512.2	15571	G	A	38064	1477	34	2	0	34	5.25389e-05	38067	1	FALSE	NA	NA	NA	NA	NA	NA
NC_045512.2	15572	A	G	38201	1519	34	9	2	34	0.00023554	38210	0.999997	FALSE	NA	NA	NA	NA	NA	NA
NC_045512.2	15573	T	C	38353	1528	34	1	0	34	2.60729e-05	38354	1	FALSE	NA	NA	NA	NA	NA	NA
NC_045512.2	15574	G	T	38376	1523	34	1	0	34	2.60573e-05	38377	1	FALSE	NA	NA	NA	NA	NA	NA
NC_045512.2	15575	G	T	38618	1534	34	1	0	34	2.589e-05	38625	1	FALSE	NA	NA	NA	NA	NA	NA
NC_045512.2	15575	G	C	38618	1534	34	1	1	26	2.589e-05	38625	1	FALSE	NA	NA	NA	NA	NA	NA
NC_045512.2	15575	G	A	38618	1534	34	5	0	34	0.00012945	38625	1	FALSE	NA	NA	NA	NA	NA	NA
NC_045512.2	15575	G	-T	38618	1534	34	1	0	20	2.589e-05	38625	1	FALSE	NA	NA	NA	NA	NA	NA
NC_045512.2	15576	T	C	38882	1549	34	1	0	34	2.57182e-05	38883	1	FALSE	NA	NA	NA	NA	NA	NA
NC_045512.2	15577	A	T	38921	1551	34	1	0	34	2.56878e-05	38929	1	FALSE	NA	NA	NA	NA	NA	NA
NC_045512.2	15577	A	G	38921	1551	34	6	0	34	0.000154127	38929	1	FALSE	NA	NA	NA	NA	NA	NA
NC_045512.2	15577	A	C	38921	1551	34	1	1	34	2.56878e-05	38929	1	FALSE	NA	NA	NA	NA	NA	NA
NC_045512.2	15578	A	T	38977	1559	34	1	0	34	2.56515e-05	38984	1	FALSE	NA	NA	NA	NA	NA	NA
NC_045512.2	15578	A	G	38977	1559	34	5	1	34	0.000128258	38984	1	FALSE	NA	NA	NA	NA	NA	NA
NC_045512.2	15578	A	C	38977	1559	34	1	0	34	2.56515e-05	38984	1	FALSE	NA	NA	NA	NA	NA	NA
NC_045512.2	15579	C	A	38518	1578	33	1	0	26	2.59612e-05	38519	1	FALSE	NA	NA	NA	NA	NA	NA
NC_045512.2	15579	C	-A	38518	1578	33	1	0	20	2.59612e-05	38519	1	FALSE	NA	NA	NA	NA	NA	NA
NC_045512.2	15580	A	G	38603	1728	33	5	0	34	0.000129507	38608	1	FALSE	NA	NA	NA	NA	NA	NA
NC_045512.2	15581	A	G	39403	1729	34	7	0	34	0.00017762	39410	1	FALSE	NA	NA	NA	NA	NA	NA
NC_045512.2	15582	A	G	39184	1728	34	3	0	34	7.6556e-05	39187	1	FALSE	NA	NA	NA	NA	NA	NA
NC_045512.2	15583	A	T	39413	1742	34	1	0	34	2.53711e-05	39415	1	FALSE	NA	NA	NA	NA	NA	NA
NC_045512.2	15583	A	G	39413	1742	34	1	0	34	2.53711e-05	39415	1	FALSE	NA	NA	NA	NA	NA	NA
NC_045512.2	15583	A	+C	39413	1742	34	1	0	20	2.53711e-05	39415	1	FALSE	NA	NA	NA	NA	NA	NA
NC_045512.2	15584	T	G	39345	1740	34	1	0	34	2.54136e-05	39349	1	FALSE	NA	NA	NA	NA	NA	NA
NC_045512.2	15584	T	C	39345	1740	34	1	0	34	2.54136e-05	39349	1	FALSE	NA	NA	NA	NA	NA	NA
NC_045512.2	15584	T	A	39345	1740	34	2	0	34	5.08272e-05	39349	1	FALSE	NA	NA	NA	NA	NA	NA
NC_045512.2	15585	T	C	39317	1795	34	4	0	34	0.000101724	39322	1	FALSE	NA	NA	NA	NA	NA	NA
NC_045512.2	15585	T	A	39317	1795	34	1	0	34	2.54311e-05	39322	1	FALSE	NA	NA	NA	NA	NA	NA
NC_045512.2	15586	G	C	41194	1815	34	1	0	34	2.4273e-05	41198	1	FALSE	NA	NA	NA	NA	NA	NA
NC_045512.2	15586	G	A	41194	1815	34	3	0	34	7.28191e-05	41198	1	FALSE	NA	NA	NA	NA	NA	NA
NC_045512.2	15587	C	T	41333	1839	34	25	1	35	0.00060442	41362	0.982232	FALSE	NA	NA	NA	NA	NA	NA
NC_045512.2	15587	C	G	41333	1839	34	1	0	26	2.41768e-05	41362	1	FALSE	NA	NA	NA	NA	NA	NA
NC_045512.2	15587	C	A	41333	1839	34	3	0	34	7.25303e-05	41362	1	FALSE	NA	NA	NA	NA	NA	NA
NC_045512.2	15588	C	T	41718	1848	35	2	0	34	4.7934e-05	41724	1	FALSE	NA	NA	NA	NA	NA	NA
NC_045512.2	15588	C	G	41718	1848	35	2	0	34	4.7934e-05	41724	1	FALSE	NA	NA	NA	NA	NA	NA
NC_045512.2	15588	C	A	41718	1848	35	2	0	34	4.7934e-05	41724	1	FALSE	NA	NA	NA	NA	NA	NA
NC_045512.2	15589	G	T	41966	1851	35	1	0	34	2.3826e-05	41971	1	FALSE	NA	NA	NA	NA	NA	NA
NC_045512.2	15589	G	A	41966	1851	35	4	0	34	9.53039e-05	41971	1	FALSE	NA	NA	NA	NA	NA	NA
NC_045512.2	15590	A	G	42259	1923	35	2	0	30	4.7325e-05	42261	1	FALSE	NA	NA	NA	NA	NA	NA
NC_045512.2	15591	T	C	35476	1614	35	7001	308	35	0.164819	42477	0	TRUE	NA	NA	NA	NA	NA	NA
NC_045512.2	15592	A	G	41701	1921	34	1	0	34	2.39797e-05	41702	1	FALSE	NA	NA	NA	NA	NA	NA
NC_045512.2	15593	A	T	42830	1875	34	2	0	34	4.66886e-05	42837	1	FALSE	NA	NA	NA	NA	NA	NA
NC_045512.2	15593	A	G	42830	1875	34	5	0	34	0.000116722	42837	1	FALSE	NA	NA	NA	NA	NA	NA
NC_045512.2	15594	G	A	43942	1878	35	1	0	26	2.27568e-05	43943	1	FALSE	NA	NA	NA	NA	NA	NA
NC_045512.2	15595	T	C	43933	1966	35	5	0	34	0.000113797	43938	1	FALSE	NA	NA	NA	NA	NA	NA
NC_045512.2	15596	A	G	43992	2030	35	5	0	34	0.000113644	43997	1	FALSE	NA	NA	NA	NA	NA	NA
NC_045512.2	15597	T	C	43990	2024	35	2	0	34	4.54618e-05	43993	1	FALSE	NA	NA	NA	NA	NA	NA
NC_045512.2	15597	T	A	43990	2024	35	1	0	34	2.27309e-05	43993	1	FALSE	NA	NA	NA	NA	NA	NA
NC_045512.2	15598	G	A	44280	2038	35	4	0	34	9.03261e-05	44284	1	FALSE	NA	NA	NA	NA	NA	NA
NC_045512.2	15599	T	C	44275	2056	35	8	0	38	0.000180648	44285	1	FALSE	NA	NA	NA	NA	NA	NA
NC_045512.2	15599	T	A	44275	2056	35	2	1	51	4.5162e-05	44285	0.249958	FALSE	NA	NA	NA	NA	NA	NA
NC_045512.2	15600	C	T	44366	2065	35	7	0	34	0.00015775	44374	1	FALSE	NA	NA	NA	NA	NA	NA
NC_045512.2	15600	C	G	44366	2065	35	1	0	34	2.25357e-05	44374	1	FALSE	NA	NA	NA	NA	NA	NA
NC_045512.2	15602	G	A	44417	2116	35	45	3	40	0.0010121	44462	4.07668e-10	TRUE	NA	NA	NA	NA	NA	NA
NC_045512.2	15603	C	T	44510	2143	35	1	0	34	2.24664e-05	44511	1	FALSE	NA	NA	NA	NA	NA	NA
NC_045512.2	15604	A	G	44543	2183	35	8	0	34	0.000179569	44551	1	FALSE	NA	NA	NA	NA	NA	NA
NC_045512.2	15605	A	G	46769	2190	35	4	1	33	8.55194e-05	46773	1	FALSE	NA	NA	NA	NA	NA	NA
NC_045512.2	15605	A	+T	46769	2190	35	1	0	20	2.13799e-05	46773	1	FALSE	NA	NA	NA	NA	NA	NA
NC_045512.2	15606	T	C	46909	2169	35	2	0	34	4.26339e-05	46911	1	FALSE	NA	NA	NA	NA	NA	NA
NC_045512.2	15607	T	C	49148	2280	35	9	0	34	0.000183087	49157	1	FALSE	NA	NA	NA	NA	NA	NA
NC_045512.2	15608	T	C	49209	2290	35	2	0	26	4.06413e-05	49211	1	FALSE	NA	NA	NA	NA	NA	NA
NC_045512.2	15609	A	T	49340	2288	35	1	0	34	2.02655e-05	49345	1	FALSE	NA	NA	NA	NA	NA	NA
NC_045512.2	15609	A	G	49340	2288	35	4	0	34	8.10619e-05	49345	1	FALSE	NA	NA	NA	NA	NA	NA
NC_045512.2	15610	C	T	49366	2305	35	1	0	34	2.02552e-05	49370	1	FALSE	NA	NA	NA	NA	NA	NA
NC_045512.2	15610	C	G	49366	2305	35	1	0	34	2.02552e-05	49370	1	FALSE	NA	NA	NA	NA	NA	NA
NC_045512.2	15610	C	A	49366	2305	35	2	0	30	4.05104e-05	49370	1	FALSE	NA	NA	NA	NA	NA	NA
NC_045512.2	15611	A	T	49453	2314	35	1	0	34	2.02188e-05	49459	1	FALSE	NA	NA	NA	NA	NA	NA
NC_045512.2	15611	A	G	49453	2314	35	5	0	34	0.000101094	49459	1	FALSE	NA	NA	NA	NA	NA	NA
NC_045512.2	15612	A	T	50814	2551	35	1	0	34	1.96773e-05	50820	1	FALSE	NA	NA	NA	NA	NA	NA
NC_045512.2	15612	A	G	50814	2551	35	4	0	32	7.87092e-05	50820	1	FALSE	NA	NA	NA	NA	NA	NA
NC_045512.2	15612	A	C	50814	2551	35	1	0	34	1.96773e-05	50820	1	FALSE	NA	NA	NA	NA	NA	NA
NC_045512.2	15613	C	T	50807	2560	35	1	0	34	1.96812e-05	50810	1	FALSE	NA	NA	NA	NA	NA	NA
NC_045512.2	15613	C	G	50807	2560	35	2	0	34	3.93623e-05	50810	1	FALSE	NA	NA	NA	NA	NA	NA
NC_045512.2	15614	A	T	50660	2555	35	2	0	34	3.94773e-05	50662	1	FALSE	NA	NA	NA	NA	NA	NA
NC_045512.2	15615	C	T	50914	2559	35	1	0	34	1.96363e-05	50926	1	FALSE	NA	NA	NA	NA	NA	NA
NC_045512.2	15615	C	G	50914	2559	35	10	0	34	0.000196363	50926	1	FALSE	NA	NA	NA	NA	NA	NA
NC_045512.2	15615	C	A	50914	2559	35	1	0	34	1.96363e-05	50926	1	FALSE	NA	NA	NA	NA	NA	NA
NC_045512.2	15616	A	T	50937	2558	35	9	0	34	0.00017662	50957	1	FALSE	NA	NA	NA	NA	NA	NA
NC_045512.2	15616	A	G	50937	2558	35	11	1	37	0.000215868	50957	1	FALSE	NA	NA	NA	NA	NA	NA
NC_045512.2	15617	G	C	63001	2632	35	23	0	33	0.000364929	63026	0.999997	FALSE	NA	NA	NA	NA	NA	NA
NC_045512.2	15617	G	A	63001	2632	35	2	0	30	3.17329e-05	63026	1	FALSE	NA	NA	NA	NA	NA	NA
NC_045512.2	15618	A	T	62582	2711	35	8	0	32	0.000127806	62595	1	FALSE	NA	NA	NA	NA	NA	NA
NC_045512.2	15618	A	G	62582	2711	35	4	0	34	6.39029e-05	62595	1	FALSE	NA	NA	NA	NA	NA	NA
NC_045512.2	15618	A	C	62582	2711	35	1	0	34	1.59757e-05	62595	1	FALSE	NA	NA	NA	NA	NA	NA
NC_045512.2	15619	C	T	71224	2789	35	2	0	34	2.80781e-05	71230	1	FALSE	NA	NA	NA	NA	NA	NA
NC_045512.2	15619	C	G	71224	2789	35	1	1	24	1.4039e-05	71230	1	FALSE	NA	NA	NA	NA	NA	NA
NC_045512.2	15619	C	A	71224	2789	35	3	0	31	4.21171e-05	71230	1	FALSE	NA	NA	NA	NA	NA	NA
NC_045512.2	15619	C	-T	71224	2789	35	1	0	20	1.4039e-05	71230	1	FALSE	NA	NA	NA	NA	NA	NA
NC_045512.2	15620	T	G	70993	2762	35	4	0	32	5.63364e-05	71002	1	FALSE	NA	NA	NA	NA	NA	NA
NC_045512.2	15620	T	C	70993	2762	35	5	0	32	7.04206e-05	71002	1	FALSE	NA	NA	NA	NA	NA	NA
NC_045512.2	15621	T	C	71852	3048	35	3	1	34	4.17502e-05	71856	1	FALSE	NA	NA	NA	NA	NA	NA
NC_045512.2	15621	T	A	71852	3048	35	1	0	34	1.39167e-05	71856	1	FALSE	NA	NA	NA	NA	NA	NA
NC_045512.2	15622	T	G	72094	3069	35	2	0	34	2.77354e-05	72110	1	FALSE	NA	NA	NA	NA	NA	NA
NC_045512.2	15622	T	C	72094	3069	35	9	0	33	0.000124809	72110	1	FALSE	NA	NA	NA	NA	NA	NA
NC_045512.2	15622	T	A	72094	3069	35	5	0	34	6.93385e-05	72110	1	FALSE	NA	NA	NA	NA	NA	NA
NC_045512.2	15623	A	G	72070	3069	35	8	0	33	0.000110991	72078	1	FALSE	NA	NA	NA	NA	NA	NA
NC_045512.2	15624	T	C	72298	3063	35	2	0	34	2.76618e-05	72302	1	FALSE	NA	NA	NA	NA	NA	NA
NC_045512.2	15624	T	A	72298	3063	35	2	0	30	2.76618e-05	72302	1	FALSE	NA	NA	NA	NA	NA	NA
NC_045512.2	15625	G	T	72276	3072	35	2	0	34	2.76709e-05	72278	1	FALSE	NA	NA	NA	NA	NA	NA
NC_045512.2	15626	A	T	72383	3100	35	2	0	34	2.76262e-05	72395	1	FALSE	NA	NA	NA	NA	NA	NA
NC_045512.2	15626	A	G	72383	3100	35	10	0	35	0.000138131	72395	1	FALSE	NA	NA	NA	NA	NA	NA
NC_045512.2	15627	G	T	72762	3084	35	1	0	34	1.37425e-05	72767	1	FALSE	NA	NA	NA	NA	NA	NA
NC_045512.2	15627	G	A	72762	3084	35	4	0	32	5.497e-05	72767	1	FALSE	NA	NA	NA	NA	NA	NA
NC_045512.2	15628	T	G	72849	3167	35	2	0	34	2.7451e-05	72857	1	FALSE	NA	NA	NA	NA	NA	NA
NC_045512.2	15628	T	C	72849	3167	35	5	1	40	6.86276e-05	72857	0.806149	FALSE	NA	NA	NA	NA	NA	NA
NC_045512.2	15628	T	A	72849	3167	35	1	0	26	1.37255e-05	72857	1	FALSE	NA	NA	NA	NA	NA	NA
NC_045512.2	15629	G	T	73113	3182	35	1	0	34	1.36771e-05	73115	1	FALSE	NA	NA	NA	NA	NA	NA
NC_045512.2	15629	G	A	73113	3182	35	1	0	34	1.36771e-05	73115	1	FALSE	NA	NA	NA	NA	NA	NA
NC_045512.2	15630	T	G	73414	3642	35	1	0	34	1.36197e-05	73423	1	FALSE	NA	NA	NA	NA	NA	NA
NC_045512.2	15630	T	C	73414	3642	35	5	0	32	6.80986e-05	73423	1	FALSE	NA	NA	NA	NA	NA	NA
NC_045512.2	15630	T	A	73414	3642	35	3	0	31	4.08591e-05	73423	1	FALSE	NA	NA	NA	NA	NA	NA
NC_045512.2	15631	C	G	74998	3654	36	1	0	34	1.33335e-05	74999	1	FALSE	NA	NA	NA	NA	NA	NA
NC_045512.2	15632	T	C	75118	3806	36	6	0	34	7.98658e-05	75126	1	FALSE	NA	NA	NA	NA	NA	NA
NC_045512.2	15632	T	A	75118	3806	36	2	0	34	2.66219e-05	75126	1	FALSE	NA	NA	NA	NA	NA	NA
NC_045512.2	15633	C	T	76106	3917	36	1	0	34	1.31387e-05	76111	1	FALSE	NA	NA	NA	NA	NA	NA
NC_045512.2	15633	C	A	76106	3917	36	4	0	42	5.25548e-05	76111	0.886727	FALSE	NA	NA	NA	NA	NA	NA
NC_045512.2	15634	T	C	76268	3918	36	3	0	34	3.93324e-05	76273	1	FALSE	NA	NA	NA	NA	NA	NA
NC_045512.2	15634	T	A	76268	3918	36	2	0	30	2.62216e-05	76273	1	FALSE	NA	NA	NA	NA	NA	NA
NC_045512.2	15635	A	G	76370	4337	36	2	0	30	2.61876e-05	76372	1	FALSE	NA	NA	NA	NA	NA	NA
NC_045512.2	15636	T	G	76900	4344	36	1	0	34	1.30031e-05	76905	1	FALSE	NA	NA	NA	NA	NA	NA
NC_045512.2	15636	T	C	76900	4344	36	4	0	34	5.20122e-05	76905	1	FALSE	NA	NA	NA	NA	NA	NA
NC_045512.2	15637	A	G	74584	4347	36	11	1	36	0.000147461	74596	1	FALSE	NA	NA	NA	NA	NA	NA
NC_045512.2	15637	A	C	74584	4347	36	1	1	26	1.34055e-05	74596	1	FALSE	NA	NA	NA	NA	NA	NA
NC_045512.2	15638	G	T	78317	4350	36	4	1	42	5.10712e-05	78322	0.886727	FALSE	NA	NA	NA	NA	NA	NA
NC_045512.2	15638	G	C	78317	4350	36	1	0	34	1.27678e-05	78322	1	FALSE	NA	NA	NA	NA	NA	NA
NC_045512.2	15639	A	G	78525	4489	36	6	0	34	7.64029e-05	78531	1	FALSE	NA	NA	NA	NA	NA	NA
NC_045512.2	15640	A	T	78929	4513	36	1	0	26	1.26675e-05	78942	1	FALSE	NA	NA	NA	NA	NA	NA
NC_045512.2	15640	A	G	78929	4513	36	12	1	31	0.00015201	78942	1	FALSE	NA	NA	NA	NA	NA	NA
NC_045512.2	15641	A	T	78997	4658	36	1	1	34	1.26576e-05	79004	1	FALSE	NA	NA	NA	NA	NA	NA
NC_045512.2	15641	A	G	78997	4658	36	5	0	34	6.32879e-05	79004	1	FALSE	NA	NA	NA	NA	NA	NA
NC_045512.2	15641	A	C	78997	4658	36	1	0	34	1.26576e-05	79004	1	FALSE	NA	NA	NA	NA	NA	NA
NC_045512.2	15642	T	G	79030	4586	36	2	0	34	2.53052e-05	79035	1	FALSE	NA	NA	NA	NA	NA	NA
NC_045512.2	15642	T	C	79030	4586	36	3	0	34	3.79579e-05	79035	1	FALSE	NA	NA	NA	NA	NA	NA
NC_045512.2	15643	A	G	77708	4606	36	18	2	39	0.000231583	77726	1	FALSE	NA	NA	NA	NA	NA	NA
NC_045512.2	15644	G	C	76217	4819	36	8	0	33	0.000104948	76228	1	FALSE	NA	NA	NA	NA	NA	NA
NC_045512.2	15644	G	A	76217	4819	36	3	0	34	3.93556e-05	76228	1	FALSE	NA	NA	NA	NA	NA	NA
NC_045512.2	15645	A	T	70887	5262	36	7	0	34	9.87278e-05	70902	1	FALSE	NA	NA	NA	NA	NA	NA
NC_045512.2	15645	A	G	70887	5262	36	7	1	37	9.87278e-05	70902	1	FALSE	NA	NA	NA	NA	NA	NA
NC_045512.2	15645	A	C	70887	5262	36	1	0	34	1.4104e-05	70902	1	FALSE	NA	NA	NA	NA	NA	NA
NC_045512.2	15646	G	T	79415	5350	36	10	0	34	0.000125888	79436	1	FALSE	NA	NA	NA	NA	NA	NA
NC_045512.2	15646	G	C	79415	5350	36	2	0	51	2.51775e-05	79436	0.249942	FALSE	NA	NA	NA	NA	NA	NA
NC_045512.2	15646	G	A	79415	5350	36	9	0	34	0.000113299	79436	1	FALSE	NA	NA	NA	NA	NA	NA
NC_045512.2	15647	A	T	78461	5660	35	6	0	32	7.64565e-05	78476	1	FALSE	NA	NA	NA	NA	NA	NA
NC_045512.2	15647	A	G	78461	5660	35	8	0	38	0.000101942	78476	1	FALSE	NA	NA	NA	NA	NA	NA
NC_045512.2	15647	A	C	78461	5660	35	1	0	34	1.27427e-05	78476	1	FALSE	NA	NA	NA	NA	NA	NA
NC_045512.2	15648	T	G	84798	5608	36	1	0	34	1.1792e-05	84803	1	FALSE	NA	NA	NA	NA	NA	NA
NC_045512.2	15648	T	C	84798	5608	36	2	1	34	2.35841e-05	84803	1	FALSE	NA	NA	NA	NA	NA	NA
NC_045512.2	15648	T	A	84798	5608	36	2	0	30	2.35841e-05	84803	1	FALSE	NA	NA	NA	NA	NA	NA
NC_045512.2	15649	G	T	79857	6102	36	2	0	34	2.50432e-05	79862	1	FALSE	NA	NA	NA	NA	NA	NA
NC_045512.2	15649	G	A	79857	6102	36	3	0	34	3.75648e-05	79862	1	FALSE	NA	NA	NA	NA	NA	NA
NC_045512.2	15650	T	C	77266	6174	36	4	0	34	5.17645e-05	77273	1	FALSE	NA	NA	NA	NA	NA	NA
NC_045512.2	15650	T	A	77266	6174	36	3	0	45	3.88234e-05	77273	0.945311	FALSE	NA	NA	NA	NA	NA	NA
NC_045512.2	15651	T	G	74855	6703	36	1	0	34	1.33583e-05	74860	1	FALSE	NA	NA	NA	NA	NA	NA
NC_045512.2	15651	T	C	74855	6703	36	3	0	34	4.00748e-05	74860	1	FALSE	NA	NA	NA	NA	NA	NA
NC_045512.2	15651	T	A	74855	6703	36	1	0	34	1.33583e-05	74860	1	FALSE	NA	NA	NA	NA	NA	NA
NC_045512.2	15652	G	T	76990	6788	36	1	0	34	1.29882e-05	76993	1	FALSE	NA	NA	NA	NA	NA	NA
NC_045512.2	15652	G	C	76990	6788	36	1	0	34	1.29882e-05	76993	1	FALSE	NA	NA	NA	NA	NA	NA
NC_045512.2	15652	G	A	76990	6788	36	1	1	34	1.29882e-05	76993	1	FALSE	NA	NA	NA	NA	NA	NA
NC_045512.2	15652	G	-AC	76990	6788	36	1	0	20	1.29882e-05	76993	1	FALSE	NA	NA	NA	NA	NA	NA
NC_045512.2	15653	A	T	77325	7398	36	2	1	30	2.58632e-05	77330	1	FALSE	NA	NA	NA	NA	NA	NA
NC_045512.2	15653	A	G	77325	7398	36	3	0	34	3.87948e-05	77330	1	FALSE	NA	NA	NA	NA	NA	NA
NC_045512.2	15654	C	T	77412	7837	36	5	2	61	6.45836e-05	77419	0.031246	FALSE	NA	NA	NA	NA	NA	NA
NC_045512.2	15654	C	A	77412	7837	36	2	0	34	2.58335e-05	77419	1	FALSE	NA	NA	NA	NA	NA	NA
NC_045512.2	15655	A	T	76728	7740	36	2	0	30	2.6063e-05	76737	1	FALSE	NA	NA	NA	NA	NA	NA
NC_045512.2	15655	A	G	76728	7740	36	6	0	32	7.81891e-05	76737	1	FALSE	NA	NA	NA	NA	NA	NA
NC_045512.2	15655	A	C	76728	7740	36	1	0	34	1.30315e-05	76737	1	FALSE	NA	NA	NA	NA	NA	NA
NC_045512.2	15656	C	T	77613	7755	36	5	0	34	6.44139e-05	77623	1	FALSE	NA	NA	NA	NA	NA	NA
NC_045512.2	15656	C	G	77613	7755	36	4	0	34	5.15311e-05	77623	1	FALSE	NA	NA	NA	NA	NA	NA
NC_045512.2	15656	C	A	77613	7755	36	1	1	34	1.28828e-05	77623	1	FALSE	NA	NA	NA	NA	NA	NA
NC_045512.2	15657	A	T	76973	7536	36	3	1	28	3.89681e-05	76986	1	FALSE	NA	NA	NA	NA	NA	NA
NC_045512.2	15657	A	G	76973	7536	36	9	0	34	0.000116904	76986	1	FALSE	NA	NA	NA	NA	NA	NA
NC_045512.2	15657	A	C	76973	7536	36	1	0	34	1.29894e-05	76986	1	FALSE	NA	NA	NA	NA	NA	NA
NC_045512.2	15658	G	C	78535	7573	36	1	0	34	1.27324e-05	78540	1	FALSE	NA	NA	NA	NA	NA	NA
NC_045512.2	15658	G	A	78535	7573	36	4	0	32	5.09295e-05	78540	1	FALSE	NA	NA	NA	NA	NA	NA
NC_045512.2	15659	A	T	78527	7649	36	1	0	34	1.27327e-05	78538	1	FALSE	NA	NA	NA	NA	NA	NA
NC_045512.2	15659	A	G	78527	7649	36	10	1	34	0.000127327	78538	1	FALSE	NA	NA	NA	NA	NA	NA
NC_045512.2	15660	C	T	70149	8626	36	1	0	34	1.42548e-05	70152	1	FALSE	NA	NA	NA	NA	NA	NA
NC_045512.2	15660	C	A	70149	8626	36	2	1	68	2.85095e-05	70152	0.249998	FALSE	NA	NA	NA	NA	NA	NA
NC_045512.2	15661	T	G	68189	6842	35	1	0	34	1.46636e-05	68196	1	FALSE	NA	NA	NA	NA	NA	NA
NC_045512.2	15661	T	C	68189	6842	35	5	1	34	7.33181e-05	68196	1	FALSE	NA	NA	NA	NA	NA	NA
NC_045512.2	15661	T	A	68189	6842	35	1	0	27	1.46636e-05	68196	1	FALSE	NA	NA	NA	NA	NA	NA
NC_045512.2	15662	T	G	70469	9300	36	1	0	34	1.41892e-05	70476	1	FALSE	NA	NA	NA	NA	NA	NA
NC_045512.2	15662	T	C	70469	9300	36	3	0	34	4.25677e-05	70476	1	FALSE	NA	NA	NA	NA	NA	NA
NC_045512.2	15662	T	A	70469	9300	36	3	1	34	4.25677e-05	70476	1	FALSE	NA	NA	NA	NA	NA	NA
NC_045512.2	15663	T	C	70545	9343	36	14	0	34	0.000198416	70559	1	FALSE	NA	NA	NA	NA	NA	NA
NC_045512.2	15664	G	T	70270	9414	36	1	0	34	1.42304e-05	70272	1	FALSE	NA	NA	NA	NA	NA	NA
NC_045512.2	15664	G	A	70270	9414	36	1	0	34	1.42304e-05	70272	1	FALSE	NA	NA	NA	NA	NA	NA
NC_045512.2	15665	T	C	69908	9399	36	4	1	34	5.7214e-05	69913	1	FALSE	NA	NA	NA	NA	NA	NA
NC_045512.2	15665	T	A	69908	9399	36	1	0	34	1.43035e-05	69913	1	FALSE	NA	NA	NA	NA	NA	NA
NC_045512.2	15665	T	-G	69908	9399	36	1	0	20	1.43035e-05	69913	1	FALSE	NA	NA	NA	NA	NA	NA
NC_045512.2	15666	G	A	70205	9433	36	3	0	45	4.27302e-05	70208	0.945319	FALSE	NA	NA	NA	NA	NA	NA
NC_045512.2	15667	A	T	69409	9283	36	2	1	34	2.88081e-05	69425	1	FALSE	NA	NA	NA	NA	NA	NA
NC_045512.2	15667	A	G	69409	9283	36	14	3	43	0.000201656	69425	0.0576424	FALSE	NA	NA	NA	NA	NA	NA
NC_045512.2	15668	A	G	68997	9578	36	8	2	41	0.000115934	69005	0.395269	FALSE	NA	NA	NA	NA	NA	NA
NC_045512.2	15669	T	C	69922	11452	37	7	3	38	0.0001001	69930	1	FALSE	NA	NA	NA	NA	NA	NA
NC_045512.2	15669	T	A	69922	11452	37	1	0	34	1.43e-05	69930	1	FALSE	NA	NA	NA	NA	NA	NA
NC_045512.2	15670	G	A	69975	11489	37	1	0	34	1.42906e-05	69976	1	FALSE	NA	NA	NA	NA	NA	NA
NC_045512.2	15671	A	G	69436	11442	36	15	0	33	0.00021598	69451	1	FALSE	NA	NA	NA	NA	NA	NA
NC_045512.2	15672	G	C	71504	11494	37	1	0	34	1.3985e-05	71505	1	FALSE	NA	NA	NA	NA	NA	NA
NC_045512.2	15672	G	-T	71504	11494	37	2	0	20	2.79701e-05	71505	1	FALSE	NA	NA	NA	NA	NA	NA
NC_045512.2	15673	T	C	71407	11753	37	7	2	32	9.80159e-05	71417	1	FALSE	NA	NA	NA	NA	NA	NA
NC_045512.2	15673	T	A	71407	11753	37	3	0	31	4.20068e-05	71417	1	FALSE	NA	NA	NA	NA	NA	NA
NC_045512.2	15674	T	G	70913	11313	36	3	3	34	4.23018e-05	70919	1	FALSE	NA	NA	NA	NA	NA	NA
NC_045512.2	15674	T	C	70913	11313	36	1	0	34	1.41006e-05	70919	1	FALSE	NA	NA	NA	NA	NA	NA
NC_045512.2	15674	T	A	70913	11313	36	2	0	26	2.82012e-05	70919	1	FALSE	NA	NA	NA	NA	NA	NA
NC_045512.2	15675	T	A	71425	11840	37	1	0	34	1.40005e-05	71426	1	FALSE	NA	NA	NA	NA	NA	NA
NC_045512.2	15676	T	G	71032	12266	37	1	0	34	1.4077e-05	71038	1	FALSE	NA	NA	NA	NA	NA	NA
NC_045512.2	15676	T	C	71032	12266	37	5	2	32	7.03849e-05	71038	1	FALSE	NA	NA	NA	NA	NA	NA
NC_045512.2	15677	A	G	71969	12494	37	23	6	38	0.000319471	71994	1	FALSE	NA	NA	NA	NA	NA	NA
NC_045512.2	15677	A	C	71969	12494	37	2	1	30	2.77801e-05	71994	1	FALSE	NA	NA	NA	NA	NA	NA
NC_045512.2	15678	C	T	72432	12617	37	10	2	35	0.000138036	72445	1	FALSE	NA	NA	NA	NA	NA	NA
NC_045512.2	15678	C	G	72432	12617	37	3	1	45	4.14107e-05	72445	0.945297	FALSE	NA	NA	NA	NA	NA	NA
NC_045512.2	15679	G	C	72996	12581	37	2	2	34	2.73879e-05	73025	1	FALSE	NA	NA	NA	NA	NA	NA
NC_045512.2	15679	G	A	72996	12581	37	27	1	35	0.000369736	73025	0.999999	FALSE	NA	NA	NA	NA	NA	NA
NC_045512.2	15680	C	T	75169	13035	37	2	0	34	2.6606e-05	75171	1	FALSE	NA	NA	NA	NA	NA	NA
NC_045512.2	15681	A	G	74556	13686	37	4	2	42	5.36473e-05	74561	0.886727	FALSE	NA	NA	NA	NA	NA	NA
NC_045512.2	15681	A	C	74556	13686	37	1	1	34	1.34118e-05	74561	1	FALSE	NA	NA	NA	NA	NA	NA
NC_045512.2	15682	T	C	75522	13440	37	2	0	34	2.64813e-05	75525	1	FALSE	NA	NA	NA	NA	NA	NA
NC_045512.2	15682	T	A	75522	13440	37	1	1	26	1.32406e-05	75525	1	FALSE	NA	NA	NA	NA	NA	NA
NC_045512.2	15683	A	G	75520	13883	37	1	1	68	1.32412e-05	75522	0.5	FALSE	NA	NA	NA	NA	NA	NA
NC_045512.2	15683	A	C	75520	13883	37	1	1	34	1.32412e-05	75522	1	FALSE	NA	NA	NA	NA	NA	NA
NC_045512.2	15684	T	G	74606	12579	37	4	0	28	5.36092e-05	74614	1	FALSE	NA	NA	NA	NA	NA	NA
NC_045512.2	15684	T	C	74606	12579	37	4	0	34	5.36092e-05	74614	1	FALSE	NA	NA	NA	NA	NA	NA
NC_045512.2	15685	T	C	75842	13912	37	10	3	35	0.000131836	75852	1	FALSE	NA	NA	NA	NA	NA	NA
NC_045512.2	15686	T	G	75910	13758	37	1	0	27	1.31709e-05	75925	1	FALSE	NA	NA	NA	NA	NA	NA
NC_045512.2	15686	T	C	75910	13758	37	14	3	38	0.000184392	75925	1	FALSE	NA	NA	NA	NA	NA	NA
NC_045512.2	15687	G	T	75016	13970	37	2	1	51	2.66567e-05	75028	0.249968	FALSE	NA	NA	NA	NA	NA	NA
NC_045512.2	15687	G	C	75016	13970	37	2	2	26	2.66567e-05	75028	1	FALSE	NA	NA	NA	NA	NA	NA
NC_045512.2	15687	G	A	75016	13970	37	8	2	50	0.000106627	75028	0.0039049	TRUE	NA	NA	NA	NA	NA	NA
NC_045512.2	15688	C	T	74448	13981	37	12	1	42	0.000161154	74463	0.179611	FALSE	NA	NA	NA	NA	NA	NA
NC_045512.2	15688	C	A	74448	13981	37	3	0	31	4.02885e-05	74463	1	FALSE	NA	NA	NA	NA	NA	NA
NC_045512.2	15689	G	T	74688	13977	37	2	0	34	2.6773e-05	74702	1	FALSE	NA	NA	NA	NA	NA	NA
NC_045512.2	15689	G	C	74688	13977	37	2	1	30	2.6773e-05	74702	1	FALSE	NA	NA	NA	NA	NA	NA
NC_045512.2	15689	G	A	74688	13977	37	10	4	43	0.000133865	74702	0.31449	FALSE	NA	NA	NA	NA	NA	NA
NC_045512.2	15690	T	G	74593	14280	37	3	0	34	4.0208e-05	74612	1	FALSE	NA	NA	NA	NA	NA	NA
NC_045512.2	15690	T	C	74593	14280	37	10	7	32	0.000134027	74612	1	FALSE	NA	NA	NA	NA	NA	NA
NC_045512.2	15690	T	A	74593	14280	37	6	0	32	8.0416e-05	74612	1	FALSE	NA	NA	NA	NA	NA	NA
NC_045512.2	15691	A	T	75169	14959	37	2	1	34	2.66039e-05	75177	1	FALSE	NA	NA	NA	NA	NA	NA
NC_045512.2	15691	A	G	75169	14959	37	5	0	32	6.65097e-05	75177	1	FALSE	NA	NA	NA	NA	NA	NA
NC_045512.2	15691	A	C	75169	14959	37	1	1	26	1.33019e-05	75177	1	FALSE	NA	NA	NA	NA	NA	NA
NC_045512.2	15692	A	T	76977	15202	37	1	1	26	1.29892e-05	76987	1	FALSE	NA	NA	NA	NA	NA	NA
NC_045512.2	15692	A	G	76977	15202	37	5	0	34	6.4946e-05	76987	1	FALSE	NA	NA	NA	NA	NA	NA
NC_045512.2	15692	A	C	76977	15202	37	4	1	34	5.19568e-05	76987	1	FALSE	NA	NA	NA	NA	NA	NA
NC_045512.2	15693	A	G	69638	15553	35	12	3	39	0.000172288	69651	1	FALSE	NA	NA	NA	NA	NA	NA
NC_045512.2	15693	A	C	69638	15553	35	1	0	26	1.43573e-05	69651	1	FALSE	NA	NA	NA	NA	NA	NA
NC_045512.2	15694	C	G	79299	15837	37	3	0	31	3.78301e-05	79302	1	FALSE	NA	NA	NA	NA	NA	NA
NC_045512.2	15695	A	G	78825	15776	37	3	0	34	3.80575e-05	78828	1	FALSE	NA	NA	NA	NA	NA	NA
NC_045512.2	15695	A	-T	78825	15776	37	1	0	20	1.26858e-05	78828	1	FALSE	NA	NA	NA	NA	NA	NA
NC_045512.2	15696	T	G	79525	16074	37	4	0	32	5.02917e-05	79536	1	FALSE	NA	NA	NA	NA	NA	NA
NC_045512.2	15696	T	C	79525	16074	37	5	0	32	6.28646e-05	79536	1	FALSE	NA	NA	NA	NA	NA	NA
NC_045512.2	15696	T	A	79525	16074	37	2	0	30	2.51458e-05	79536	1	FALSE	NA	NA	NA	NA	NA	NA
NC_045512.2	15697	T	G	79445	15984	37	2	1	30	2.51712e-05	79456	1	FALSE	NA	NA	NA	NA	NA	NA
NC_045512.2	15697	T	C	79445	15984	37	8	1	36	0.000100685	79456	1	FALSE	NA	NA	NA	NA	NA	NA
NC_045512.2	15697	T	A	79445	15984	37	1	0	34	1.25856e-05	79456	1	FALSE	NA	NA	NA	NA	NA	NA
NC_045512.2	15698	T	G	79515	15756	37	6	0	34	7.54413e-05	79532	1	FALSE	NA	NA	NA	NA	NA	NA
NC_045512.2	15698	T	C	79515	15756	37	7	1	38	8.80149e-05	79532	1	FALSE	NA	NA	NA	NA	NA	NA
NC_045512.2	15698	T	A	79515	15756	37	4	1	40	5.02942e-05	79532	0.886678	FALSE	NA	NA	NA	NA	NA	NA
NC_045512.2	15699	C	T	79686	16070	37	6	4	45	7.52851e-05	79697	0.709449	FALSE	NA	NA	NA	NA	NA	NA
NC_045512.2	15699	C	A	79686	16070	37	5	0	30	6.27376e-05	79697	1	FALSE	NA	NA	NA	NA	NA	NA
NC_045512.2	15700	T	G	79752	16027	37	2	0	26	2.50749e-05	79761	1	FALSE	NA	NA	NA	NA	NA	NA
NC_045512.2	15700	T	C	79752	16027	37	6	1	44	7.52247e-05	79761	0.709465	FALSE	NA	NA	NA	NA	NA	NA
NC_045512.2	15700	T	A	79752	16027	37	1	0	34	1.25375e-05	79761	1	FALSE	NA	NA	NA	NA	NA	NA
NC_045512.2	15701	C	T	80534	17261	38	1	0	68	1.24167e-05	80537	0.499997	FALSE	NA	NA	NA	NA	NA	NA
NC_045512.2	15701	C	G	80534	17261	38	2	1	34	2.48333e-05	80537	1	FALSE	NA	NA	NA	NA	NA	NA
NC_045512.2	15701	C	-A	80534	17261	38	1	0	20	1.24167e-05	80537	1	FALSE	NA	NA	NA	NA	NA	NA
NC_045512.2	15702	A	G	79872	17141	38	3	0	56	3.75577e-05	79877	0.124993	FALSE	NA	NA	NA	NA	NA	NA
NC_045512.2	15702	A	C	79872	17141	38	2	2	34	2.50385e-05	79877	1	FALSE	NA	NA	NA	NA	NA	NA
NC_045512.2	15703	A	G	80503	17172	38	8	1	31	9.93653e-05	80511	1	FALSE	NA	NA	NA	NA	NA	NA
NC_045512.2	15704	T	G	81906	17325	38	1	0	34	1.22079e-05	81914	1	FALSE	NA	NA	NA	NA	NA	NA
NC_045512.2	15704	T	C	81906	17325	38	3	0	34	3.66238e-05	81914	1	FALSE	NA	NA	NA	NA	NA	NA
NC_045512.2	15704	T	A	81906	17325	38	4	0	34	4.88317e-05	81914	1	FALSE	NA	NA	NA	NA	NA	NA
NC_045512.2	15705	G	T	81788	17208	38	3	0	34	3.6678e-05	81793	1	FALSE	NA	NA	NA	NA	NA	NA
NC_045512.2	15705	G	C	81788	17208	38	1	0	26	1.2226e-05	81793	1	FALSE	NA	NA	NA	NA	NA	NA
NC_045512.2	15705	G	A	81788	17208	38	1	1	24	1.2226e-05	81793	1	FALSE	NA	NA	NA	NA	NA	NA
NC_045512.2	15706	A	T	80164	17568	37	1	0	34	1.24733e-05	80171	1	FALSE	NA	NA	NA	NA	NA	NA
NC_045512.2	15706	A	G	80164	17568	37	6	2	44	7.484e-05	80171	0.788035	FALSE	NA	NA	NA	NA	NA	NA
NC_045512.2	15707	T	C	80195	17461	38	9	2	40	0.000112212	80205	0.5	FALSE	NA	NA	NA	NA	NA	NA
NC_045512.2	15707	T	A	80195	17461	38	1	0	68	1.24681e-05	80205	0.499975	FALSE	NA	NA	NA	NA	NA	NA
NC_045512.2	15708	G	T	78595	17701	37	1	0	34	1.27228e-05	78599	1	FALSE	NA	NA	NA	NA	NA	NA
NC_045512.2	15708	G	A	78595	17701	37	3	1	34	3.81684e-05	78599	1	FALSE	NA	NA	NA	NA	NA	NA
NC_045512.2	15709	A	T	78334	17704	37	2	0	47	2.55301e-05	78339	0.98047	FALSE	NA	NA	NA	NA	NA	NA
NC_045512.2	15709	A	G	78334	17704	37	3	1	34	3.82951e-05	78339	1	FALSE	NA	NA	NA	NA	NA	NA
NC_045512.2	15710	T	C	78728	17848	37	6	1	31	7.6205e-05	78735	1	FALSE	NA	NA	NA	NA	NA	NA
NC_045512.2	15710	T	A	78728	17848	37	1	1	68	1.27008e-05	78735	0.499984	FALSE	NA	NA	NA	NA	NA	NA
NC_045512.2	15711	A	T	77603	17831	37	3	1	43	3.86548e-05	77610	0.945311	FALSE	NA	NA	NA	NA	NA	NA
NC_045512.2	15711	A	G	77603	17831	37	4	3	40	5.15398e-05	77610	0.886719	FALSE	NA	NA	NA	NA	NA	NA
NC_045512.2	15712	C	T	78293	18045	37	1	1	34	1.27722e-05	78295	1	FALSE	NA	NA	NA	NA	NA	NA
NC_045512.2	15712	C	A	78293	18045	37	1	1	34	1.27722e-05	78295	1	FALSE	NA	NA	NA	NA	NA	NA
NC_045512.2	15713	T	G	78043	17512	37	3	0	42	3.84364e-05	78051	0.945309	FALSE	NA	NA	NA	NA	NA	NA
NC_045512.2	15713	T	C	78043	17512	37	5	2	32	6.40607e-05	78051	1	FALSE	NA	NA	NA	NA	NA	NA
NC_045512.2	15714	C	T	11	1	34	77963	17534	37	0.999833	77976	0	TRUE	NA	NA	NA	NA	NA	NA
NC_045512.2	15714	C	G	11	1	34	1	0	26	1.28245e-05	77976	0.113641	FALSE	NA	NA	NA	NA	NA	NA
NC_045512.2	15714	C	A	11	1	34	1	0	34	1.28245e-05	77976	0.011937	FALSE	NA	NA	NA	NA	NA	NA
NC_045512.2	15715	T	C	77971	17671	37	2	0	34	2.56499e-05	77973	1	FALSE	NA	NA	NA	NA	NA	NA
NC_045512.2	15716	C	T	67725	18659	37	1	0	34	1.47649e-05	67728	1	FALSE	NA	NA	NA	NA	NA	NA
NC_045512.2	15716	C	A	67725	18659	37	2	1	34	2.95299e-05	67728	1	FALSE	NA	NA	NA	NA	NA	NA
NC_045512.2	15717	T	C	67667	18504	37	5	3	32	7.38858e-05	67672	1	FALSE	NA	NA	NA	NA	NA	NA
NC_045512.2	15718	G	A	67889	18615	37	2	0	34	2.9459e-05	67891	1	FALSE	NA	NA	NA	NA	NA	NA
NC_045512.2	15719	A	G	67859	18691	37	16	6	36	0.000235727	67875	1	FALSE	NA	NA	NA	NA	NA	NA
NC_045512.2	15720	C	T	61676	19664	37	8	0	34	0.000129689	61686	1	FALSE	NA	NA	NA	NA	NA	NA
NC_045512.2	15720	C	G	61676	19664	37	2	0	34	3.24223e-05	61686	1	FALSE	NA	NA	NA	NA	NA	NA
NC_045512.2	15721	G	T	61263	19287	37	3	2	45	4.8962e-05	61272	0.910144	FALSE	NA	NA	NA	NA	NA	NA
NC_045512.2	15721	G	A	61263	19287	37	6	1	34	9.7924e-05	61272	1	FALSE	NA	NA	NA	NA	NA	NA
NC_045512.2	15722	A	T	63254	20085	37	1	0	68	1.58083e-05	63258	0.499992	FALSE	NA	NA	NA	NA	NA	NA
NC_045512.2	15722	A	G	63254	20085	37	3	0	34	4.74248e-05	63258	1	FALSE	NA	NA	NA	NA	NA	NA
NC_045512.2	15723	T	G	63333	20183	37	1	0	34	1.57881e-05	63339	1	FALSE	NA	NA	NA	NA	NA	NA
NC_045512.2	15723	T	C	63333	20183	37	4	1	34	6.31522e-05	63339	1	FALSE	NA	NA	NA	NA	NA	NA
NC_045512.2	15723	T	A	63333	20183	37	1	0	34	1.57881e-05	63339	1	FALSE	NA	NA	NA	NA	NA	NA
NC_045512.2	15724	G	T	63957	20171	37	1	1	68	1.56343e-05	63962	0.499988	FALSE	NA	NA	NA	NA	NA	NA
NC_045512.2	15724	G	A	63957	20171	37	4	2	34	6.25371e-05	63962	1	FALSE	NA	NA	NA	NA	NA	NA
NC_045512.2	15725	C	T	62844	20346	36	7	1	38	0.000111357	62861	1	FALSE	NA	NA	NA	NA	NA	NA
NC_045512.2	15725	C	G	62844	20346	36	6	1	28	9.54487e-05	62861	1	FALSE	NA	NA	NA	NA	NA	NA
NC_045512.2	15725	C	A	62844	20346	36	4	0	32	6.36325e-05	62861	1	FALSE	NA	NA	NA	NA	NA	NA
NC_045512.2	15726	T	C	63756	20334	37	7	3	34	0.000109782	63763	1	FALSE	NA	NA	NA	NA	NA	NA
NC_045512.2	15727	G	T	64928	20296	37	1	0	34	1.53993e-05	64938	1	FALSE	NA	NA	NA	NA	NA	NA
NC_045512.2	15727	G	C	64928	20296	37	2	1	30	3.07986e-05	64938	1	FALSE	NA	NA	NA	NA	NA	NA
NC_045512.2	15727	G	A	64928	20296	37	7	0	32	0.000107795	64938	1	FALSE	NA	NA	NA	NA	NA	NA
NC_045512.2	15728	T	C	64903	20334	37	6	1	34	9.24357e-05	64910	1	FALSE	NA	NA	NA	NA	NA	NA
NC_045512.2	15728	T	A	64903	20334	37	1	0	34	1.54059e-05	64910	1	FALSE	NA	NA	NA	NA	NA	NA
NC_045512.2	15729	T	C	64792	20265	37	5	1	34	7.71641e-05	64797	1	FALSE	NA	NA	NA	NA	NA	NA
NC_045512.2	15730	G	T	65116	20267	37	3	0	34	4.60688e-05	65120	1	FALSE	NA	NA	NA	NA	NA	NA
NC_045512.2	15730	G	A	65116	20267	37	1	0	34	1.53563e-05	65120	1	FALSE	NA	NA	NA	NA	NA	NA
NC_045512.2	15731	T	G	63001	19671	37	2	0	34	3.174e-05	63012	1	FALSE	NA	NA	NA	NA	NA	NA
NC_045512.2	15731	T	C	63001	19671	37	6	5	32	9.522e-05	63012	1	FALSE	NA	NA	NA	NA	NA	NA
NC_045512.2	15731	T	A	63001	19671	37	3	0	31	4.761e-05	63012	1	FALSE	NA	NA	NA	NA	NA	NA
NC_045512.2	15732	G	A	63265	19729	36	6	0	32	9.48302e-05	63271	1	FALSE	NA	NA	NA	NA	NA	NA
NC_045512.2	15733	T	G	62847	19344	36	1	1	34	1.59091e-05	62857	1	FALSE	NA	NA	NA	NA	NA	NA
NC_045512.2	15733	T	C	62847	19344	36	9	3	34	0.000143182	62857	1	FALSE	NA	NA	NA	NA	NA	NA
NC_045512.2	15734	G	T	61975	19283	36	3	0	34	4.84043e-05	61978	1	FALSE	NA	NA	NA	NA	NA	NA
NC_045512.2	15735	T	G	62167	19333	36	2	2	34	3.21688e-05	62172	1	FALSE	NA	NA	NA	NA	NA	NA
NC_045512.2	15735	T	C	62167	19333	36	3	2	42	4.82532e-05	62172	0.91016	FALSE	NA	NA	NA	NA	NA	NA
NC_045512.2	15736	T	G	60871	18664	36	2	0	34	3.28499e-05	60883	1	FALSE	NA	NA	NA	NA	NA	NA
NC_045512.2	15736	T	C	60871	18664	36	9	1	43	0.000147825	60883	0.303586	FALSE	NA	NA	NA	NA	NA	NA
NC_045512.2	15736	T	A	60871	18664	36	1	1	34	1.64249e-05	60883	1	FALSE	NA	NA	NA	NA	NA	NA
NC_045512.2	15737	T	G	60976	18854	36	1	1	34	1.63969e-05	60987	1	FALSE	NA	NA	NA	NA	NA	NA
NC_045512.2	15737	T	C	60976	18854	36	9	1	33	0.000147572	60987	1	FALSE	NA	NA	NA	NA	NA	NA
NC_045512.2	15737	T	A	60976	18854	36	1	1	34	1.63969e-05	60987	1	FALSE	NA	NA	NA	NA	NA	NA
NC_045512.2	15738	C	T	60596	18940	36	2	1	34	3.30044e-05	60598	1	FALSE	NA	NA	NA	NA	NA	NA
NC_045512.2	15738	C	+A	60596	18940	36	2	0	20	3.30044e-05	60598	1	FALSE	NA	NA	NA	NA	NA	NA
NC_045512.2	15739	A	G	60495	18691	36	5	0	32	8.26446e-05	60500	1	FALSE	NA	NA	NA	NA	NA	NA
NC_045512.2	15740	A	G	59958	18811	36	3	2	34	5.00317e-05	59962	1	FALSE	NA	NA	NA	NA	NA	NA
NC_045512.2	15740	A	C	59958	18811	36	1	1	34	1.66772e-05	59962	1	FALSE	NA	NA	NA	NA	NA	NA
NC_045512.2	15741	T	C	59896	18760	36	5	2	34	8.34711e-05	59901	1	FALSE	NA	NA	NA	NA	NA	NA
NC_045512.2	15742	A	T	58417	18510	36	2	0	26	3.42272e-05	58433	1	FALSE	NA	NA	NA	NA	NA	NA
NC_045512.2	15742	A	G	58417	18510	36	13	9	34	0.000222477	58433	1	FALSE	NA	NA	NA	NA	NA	NA
NC_045512.2	15742	A	C	58417	18510	36	1	1	34	1.71136e-05	58433	1	FALSE	NA	NA	NA	NA	NA	NA
NC_045512.2	15743	G	T	60284	18502	36	1	1	34	1.65862e-05	60291	1	FALSE	NA	NA	NA	NA	NA	NA
NC_045512.2	15743	G	C	60284	18502	36	5	4	36	8.29311e-05	60291	1	FALSE	NA	NA	NA	NA	NA	NA
NC_045512.2	15743	G	A	60284	18502	36	1	0	34	1.65862e-05	60291	1	FALSE	NA	NA	NA	NA	NA	NA
NC_045512.2	15744	C	T	62181	20379	36	3	0	34	4.82439e-05	62184	1	FALSE	NA	NA	NA	NA	NA	NA
NC_045512.2	15745	A	G	62476	20322	37	2	1	34	3.20108e-05	62479	1	FALSE	NA	NA	NA	NA	NA	NA
NC_045512.2	15745	A	C	62476	20322	37	1	1	27	1.60054e-05	62479	1	FALSE	NA	NA	NA	NA	NA	NA
NC_045512.2	15746	C	T	55469	21204	36	1	0	34	1.80274e-05	55471	1	FALSE	NA	NA	NA	NA	NA	NA
NC_045512.2	15746	C	G	55469	21204	36	1	0	34	1.80274e-05	55471	1	FALSE	NA	NA	NA	NA	NA	NA
NC_045512.2	15746	C	-T	55469	21204	36	1	0	20	1.80274e-05	55471	1	FALSE	NA	NA	NA	NA	NA	NA
NC_045512.2	15747	T	C	54848	20482	36	3	0	34	5.46916e-05	54853	1	FALSE	NA	NA	NA	NA	NA	NA
NC_045512.2	15747	T	A	54848	20482	36	2	1	34	3.64611e-05	54853	1	FALSE	NA	NA	NA	NA	NA	NA
NC_045512.2	15748	T	C	56195	22265	36	4	0	34	7.11756e-05	56199	1	FALSE	NA	NA	NA	NA	NA	NA
NC_045512.2	15749	A	G	52800	22657	36	2	2	34	3.78766e-05	52803	1	FALSE	NA	NA	NA	NA	NA	NA
NC_045512.2	15749	A	C	52800	22657	36	1	1	34	1.89383e-05	52803	1	FALSE	NA	NA	NA	NA	NA	NA
NC_045512.2	15750	T	C	52755	22723	36	7	3	48	0.000132671	52762	0.387213	FALSE	NA	NA	NA	NA	NA	NA
NC_045512.2	15751	G	A	52612	22663	36	2	2	34	3.80127e-05	52614	1	FALSE	NA	NA	NA	NA	NA	NA
NC_045512.2	15752	C	T	50797	22857	36	17	5	36	0.000334553	50814	0.999989	FALSE	NA	NA	NA	NA	NA	NA
NC_045512.2	15753	A	G	52447	24547	36	1	1	24	1.90665e-05	52448	1	FALSE	NA	NA	NA	NA	NA	NA
NC_045512.2	15754	T	C	53096	23914	36	2	1	34	3.76662e-05	53098	1	FALSE	NA	NA	NA	NA	NA	NA
NC_045512.2	15756	T	C	52955	24042	36	3	2	28	5.66487e-05	52958	1	FALSE	NA	NA	NA	NA	NA	NA
NC_045512.2	15758	A	T	56078	27666	36	1	0	34	1.78304e-05	56084	1	FALSE	NA	NA	NA	NA	NA	NA
NC_045512.2	15758	A	G	56078	27666	36	5	1	32	8.9152e-05	56084	1	FALSE	NA	NA	NA	NA	NA	NA
NC_045512.2	15759	A	T	55054	27870	36	2	2	34	3.63201e-05	55066	1	FALSE	NA	NA	NA	NA	NA	NA
NC_045512.2	15759	A	G	55054	27870	36	7	3	34	0.00012712	55066	1	FALSE	NA	NA	NA	NA	NA	NA
NC_045512.2	15759	A	C	55054	27870	36	3	3	34	5.44801e-05	55066	1	FALSE	NA	NA	NA	NA	NA	NA
NC_045512.2	15760	G	T	55317	27748	36	2	2	34	3.61494e-05	55326	1	FALSE	NA	NA	NA	NA	NA	NA
NC_045512.2	15760	G	C	55317	27748	36	2	2	30	3.61494e-05	55326	1	FALSE	NA	NA	NA	NA	NA	NA
NC_045512.2	15760	G	A	55317	27748	36	5	3	52	9.03734e-05	55326	0.0312429	FALSE	NA	NA	NA	NA	NA	NA
NC_045512.2	15761	G	C	57768	28864	36	4	4	34	6.92365e-05	57773	1	FALSE	NA	NA	NA	NA	NA	NA
NC_045512.2	15761	G	A	57768	28864	36	1	1	34	1.73091e-05	57773	1	FALSE	NA	NA	NA	NA	NA	NA
NC_045512.2	15762	T	C	56842	27947	36	1	0	34	1.75923e-05	56843	1	FALSE	NA	NA	NA	NA	NA	NA
NC_045512.2	15763	C	T	59332	31042	37	5	4	32	8.42616e-05	59339	1	FALSE	NA	NA	NA	NA	NA	NA
NC_045512.2	15763	C	G	59332	31042	37	1	0	26	1.68523e-05	59339	1	FALSE	NA	NA	NA	NA	NA	NA
NC_045512.2	15763	C	A	59332	31042	37	1	0	26	1.68523e-05	59339	1	FALSE	NA	NA	NA	NA	NA	NA
NC_045512.2	15764	T	C	59289	30958	37	13	8	39	0.000219217	59302	1	FALSE	NA	NA	NA	NA	NA	NA
NC_045512.2	15764	T	-A	59289	30958	37	1	0	20	1.68628e-05	59302	1	FALSE	NA	NA	NA	NA	NA	NA
NC_045512.2	15765	A	G	59244	30923	37	4	2	42	6.75128e-05	59248	0.746102	FALSE	NA	NA	NA	NA	NA	NA
NC_045512.2	15766	G	T	59334	30971	37	6	6	34	0.000101107	59343	1	FALSE	NA	NA	NA	NA	NA	NA
NC_045512.2	15766	G	C	59334	30971	37	1	0	34	1.68512e-05	59343	1	FALSE	NA	NA	NA	NA	NA	NA
NC_045512.2	15766	G	A	59334	30971	37	2	1	34	3.37024e-05	59343	1	FALSE	NA	NA	NA	NA	NA	NA
NC_045512.2	15767	T	C	60632	32601	37	11	4	33	0.000181386	60644	1	FALSE	NA	NA	NA	NA	NA	NA
NC_045512.2	15767	T	A	60632	32601	37	1	1	34	1.64897e-05	60644	1	FALSE	NA	NA	NA	NA	NA	NA
NC_045512.2	15768	G	T	61011	32535	37	1	0	34	1.63891e-05	61016	1	FALSE	NA	NA	NA	NA	NA	NA
NC_045512.2	15768	G	A	61011	32535	37	4	2	31	6.55566e-05	61016	1	FALSE	NA	NA	NA	NA	NA	NA
NC_045512.2	15769	G	T	60525	32083	37	1	1	34	1.65205e-05	60531	1	FALSE	NA	NA	NA	NA	NA	NA
NC_045512.2	15769	G	C	60525	32083	37	2	2	30	3.30409e-05	60531	1	FALSE	NA	NA	NA	NA	NA	NA
NC_045512.2	15769	G	A	60525	32083	37	3	0	34	4.95614e-05	60531	1	FALSE	NA	NA	NA	NA	NA	NA
NC_045512.2	15770	C	T	57767	29580	37	1	1	34	1.731e-05	57770	1	FALSE	NA	NA	NA	NA	NA	NA
NC_045512.2	15770	C	G	57767	29580	37	2	0	51	3.462e-05	57770	0.249998	FALSE	NA	NA	NA	NA	NA	NA
NC_045512.2	15771	T	C	57969	29776	37	10	5	34	0.000172476	57979	1	FALSE	NA	NA	NA	NA	NA	NA
NC_045512.2	15771	T	-A	57969	29776	37	2	0	20	3.44952e-05	57979	1	FALSE	NA	NA	NA	NA	NA	NA
NC_045512.2	15772	A	G	57571	29287	37	15	4	35	0.00026048	57586	1	FALSE	NA	NA	NA	NA	NA	NA
NC_045512.2	15773	G	C	57119	29393	37	1	1	34	1.75036e-05	57131	1	FALSE	NA	NA	NA	NA	NA	NA
NC_045512.2	15773	G	A	57119	29393	37	11	2	41	0.00019254	57131	0.105041	FALSE	NA	NA	NA	NA	NA	NA
NC_045512.2	15774	C	T	60160	32859	37	7	6	34	0.000116341	60168	1	FALSE	NA	NA	NA	NA	NA	NA
NC_045512.2	15774	C	A	60160	32859	37	1	0	34	1.66201e-05	60168	1	FALSE	NA	NA	NA	NA	NA	NA
NC_045512.2	15775	A	T	60670	33105	37	2	2	34	3.29582e-05	60683	1	FALSE	NA	NA	NA	NA	NA	NA
NC_045512.2	15775	A	G	60670	33105	37	11	10	33	0.00018127	60683	1	FALSE	NA	NA	NA	NA	NA	NA
NC_045512.2	15776	T	C	61248	33982	37	5	4	39	8.16273e-05	61254	1	FALSE	NA	NA	NA	NA	NA	NA
NC_045512.2	15776	T	A	61248	33982	37	1	1	34	1.63255e-05	61254	1	FALSE	NA	NA	NA	NA	NA	NA
NC_045512.2	15776	T	-A	61248	33982	37	1	0	20	1.63255e-05	61254	1	FALSE	NA	NA	NA	NA	NA	NA
NC_045512.2	15777	A	T	60472	33236	37	15	9	40	0.000247963	60493	0.0391449	FALSE	NA	NA	NA	NA	NA	NA
NC_045512.2	15777	A	G	60472	33236	37	4	3	34	6.61234e-05	60493	1	FALSE	NA	NA	NA	NA	NA	NA
NC_045512.2	15777	A	C	60472	33236	37	2	2	34	3.30617e-05	60493	1	FALSE	NA	NA	NA	NA	NA	NA
NC_045512.2	15778	A	G	60370	33332	37	6	5	34	9.93756e-05	60377	1	FALSE	NA	NA	NA	NA	NA	NA
NC_045512.2	15778	A	C	60370	33332	37	1	1	27	1.65626e-05	60377	1	FALSE	NA	NA	NA	NA	NA	NA
NC_045512.2	15779	A	T	59276	33344	37	3	3	34	5.06013e-05	59287	1	FALSE	NA	NA	NA	NA	NA	NA
NC_045512.2	15779	A	G	59276	33344	37	4	4	34	6.74684e-05	59287	1	FALSE	NA	NA	NA	NA	NA	NA
NC_045512.2	15779	A	C	59276	33344	37	4	2	32	6.74684e-05	59287	1	FALSE	NA	NA	NA	NA	NA	NA
NC_045512.2	15780	G	T	59589	33303	37	1	1	26	1.67808e-05	59592	1	FALSE	NA	NA	NA	NA	NA	NA
NC_045512.2	15780	G	A	59589	33303	37	2	1	51	3.35616e-05	59592	0.249998	FALSE	NA	NA	NA	NA	NA	NA
NC_045512.2	15781	A	G	57257	33759	36	1	1	34	1.74645e-05	57259	1	FALSE	NA	NA	NA	NA	NA	NA
NC_045512.2	15781	A	C	57257	33759	36	1	1	34	1.74645e-05	57259	1	FALSE	NA	NA	NA	NA	NA	NA
NC_045512.2	15782	A	G	56772	32466	37	3	0	34	5.28402e-05	56775	1	FALSE	NA	NA	NA	NA	NA	NA
NC_045512.2	15783	C	T	57441	32608	37	1	1	68	1.74086e-05	57443	0.5	FALSE	NA	NA	NA	NA	NA	NA
NC_045512.2	15783	C	A	57441	32608	37	1	0	26	1.74086e-05	57443	1	FALSE	NA	NA	NA	NA	NA	NA
NC_045512.2	15784	T	G	56382	31549	37	2	0	34	3.54685e-05	56388	1	FALSE	NA	NA	NA	NA	NA	NA
NC_045512.2	15784	T	C	56382	31549	37	4	3	34	7.09371e-05	56388	1	FALSE	NA	NA	NA	NA	NA	NA
NC_045512.2	15784	T	+GAC	56382	31549	37	1	0	20	1.77343e-05	56388	1	FALSE	NA	NA	NA	NA	NA	NA
NC_045512.2	15785	T	C	57192	32393	37	3	3	34	5.24521e-05	57195	1	FALSE	NA	NA	NA	NA	NA	NA
NC_045512.2	15786	T	C	57611	32944	37	3	1	34	5.20707e-05	57614	1	FALSE	NA	NA	NA	NA	NA	NA
NC_045512.2	15787	A	T	57519	32896	37	2	2	51	3.47681e-05	57524	0.249989	FALSE	NA	NA	NA	NA	NA	NA
NC_045512.2	15787	A	G	57519	32896	37	3	1	34	5.21521e-05	57524	1	FALSE	NA	NA	NA	NA	NA	NA
NC_045512.2	15788	A	T	56985	33026	37	1	0	34	1.75469e-05	56990	1	FALSE	NA	NA	NA	NA	NA	NA
NC_045512.2	15788	A	G	56985	33026	37	4	1	32	7.01878e-05	56990	1	FALSE	NA	NA	NA	NA	NA	NA
NC_045512.2	15788	A	-GTC	56985	33026	37	1	0	20	1.75469e-05	56990	1	FALSE	NA	NA	NA	NA	NA	NA
NC_045512.2	15789	G	A	57345	33006	37	1	0	34	1.7438e-05	57346	1	FALSE	NA	NA	NA	NA	NA	NA
NC_045512.2	15790	T	G	58265	34211	37	2	1	34	3.43236e-05	58269	1	FALSE	NA	NA	NA	NA	NA	NA
NC_045512.2	15790	T	C	58265	34211	37	2	0	34	3.43236e-05	58269	1	FALSE	NA	NA	NA	NA	NA	NA
NC_045512.2	15791	C	T	58171	34371	37	1	1	34	1.71901e-05	58173	1	FALSE	NA	NA	NA	NA	NA	NA
NC_045512.2	15791	C	A	58171	34371	37	1	1	34	1.71901e-05	58173	1	FALSE	NA	NA	NA	NA	NA	NA
NC_045512.2	15792	A	G	56474	33106	37	6	3	34	0.000106232	56480	1	FALSE	NA	NA	NA	NA	NA	NA
NC_045512.2	15793	G	A	56324	33341	37	4	4	34	7.10126e-05	56328	1	FALSE	NA	NA	NA	NA	NA	NA
NC_045512.2	15794	T	C	56916	36575	37	4	4	34	7.02716e-05	56922	1	FALSE	NA	NA	NA	NA	NA	NA
NC_045512.2	15794	T	A	56916	36575	37	2	0	34	3.51358e-05	56922	1	FALSE	NA	NA	NA	NA	NA	NA
NC_045512.2	15795	T	C	59290	39788	37	4	2	32	6.74605e-05	59294	1	FALSE	NA	NA	NA	NA	NA	NA
NC_045512.2	15796	C	T	59581	40224	37	1	1	34	1.67836e-05	59582	1	FALSE	NA	NA	NA	NA	NA	NA
NC_045512.2	15797	T	G	58138	38771	37	2	1	47	3.43932e-05	58151	0.937477	FALSE	NA	NA	NA	NA	NA	NA
NC_045512.2	15797	T	C	58138	38771	37	10	5	35	0.000171966	58151	1	FALSE	NA	NA	NA	NA	NA	NA
NC_045512.2	15797	T	A	58138	38771	37	1	1	34	1.71966e-05	58151	1	FALSE	NA	NA	NA	NA	NA	NA
NC_045512.2	15798	T	C	59467	40144	37	7	5	31	0.000117697	59475	1	FALSE	NA	NA	NA	NA	NA	NA
NC_045512.2	15798	T	A	59467	40144	37	1	1	34	1.68138e-05	59475	1	FALSE	NA	NA	NA	NA	NA	NA
NC_045512.2	15799	T	C	58403	39368	36	3	2	30	5.13637e-05	58407	1	FALSE	NA	NA	NA	NA	NA	NA
NC_045512.2	15799	T	A	58403	39368	36	1	1	34	1.71212e-05	58407	1	FALSE	NA	NA	NA	NA	NA	NA
NC_045512.2	15800	A	G	60177	41386	37	5	4	34	8.30813e-05	60182	1	FALSE	NA	NA	NA	NA	NA	NA
NC_045512.2	15801	T	G	60615	41808	37	3	0	31	4.94894e-05	60619	1	FALSE	NA	NA	NA	NA	NA	NA
NC_045512.2	15801	T	C	60615	41808	37	1	1	34	1.64965e-05	60619	1	FALSE	NA	NA	NA	NA	NA	NA
NC_045512.2	15802	T	C	57734	39002	37	9	7	32	0.000155858	57745	1	FALSE	NA	NA	NA	NA	NA	NA
NC_045512.2	15802	T	A	57734	39002	37	2	1	26	3.4635e-05	57745	1	FALSE	NA	NA	NA	NA	NA	NA
NC_045512.2	15803	A	T	58768	40125	37	1	1	34	1.70146e-05	58773	1	FALSE	NA	NA	NA	NA	NA	NA
NC_045512.2	15803	A	G	58768	40125	37	4	4	42	6.80585e-05	58773	0.746102	FALSE	NA	NA	NA	NA	NA	NA
NC_045512.2	15804	T	C	63918	46124	38	6	4	34	9.38585e-05	63926	1	FALSE	NA	NA	NA	NA	NA	NA
NC_045512.2	15804	T	A	63918	46124	38	2	1	25	3.12862e-05	63926	1	FALSE	NA	NA	NA	NA	NA	NA
NC_045512.2	15805	C	T	63673	46988	37	1	0	34	1.57043e-05	63677	1	FALSE	NA	NA	NA	NA	NA	NA
NC_045512.2	15805	C	G	63673	46988	37	1	0	34	1.57043e-05	63677	1	FALSE	NA	NA	NA	NA	NA	NA
NC_045512.2	15805	C	A	63673	46988	37	2	2	34	3.14085e-05	63677	1	FALSE	NA	NA	NA	NA	NA	NA
NC_045512.2	15805	C	-A	63673	46988	37	2	0	20	3.14085e-05	63677	1	FALSE	NA	NA	NA	NA	NA	NA
NC_045512.2	15806	A	G	64713	48091	38	1	1	34	1.54526e-05	64714	1	FALSE	NA	NA	NA	NA	NA	NA
NC_045512.2	15807	A	G	64640	48124	37	4	3	34	6.18764e-05	64645	1	FALSE	NA	NA	NA	NA	NA	NA
NC_045512.2	15807	A	C	64640	48124	37	1	1	34	1.54691e-05	64645	1	FALSE	NA	NA	NA	NA	NA	NA
NC_045512.2	15808	A	T	64842	48348	37	1	1	34	1.542e-05	64851	1	FALSE	NA	NA	NA	NA	NA	NA
NC_045512.2	15808	A	G	64842	48348	37	7	4	37	0.00010794	64851	1	FALSE	NA	NA	NA	NA	NA	NA
NC_045512.2	15808	A	C	64842	48348	37	1	0	24	1.542e-05	64851	1	FALSE	NA	NA	NA	NA	NA	NA
NC_045512.2	15809	A	G	65251	48936	38	3	3	45	4.59742e-05	65254	0.910168	FALSE	NA	NA	NA	NA	NA	NA
NC_045512.2	15810	C	T	65340	48974	38	1	1	34	1.53041e-05	65342	1	FALSE	NA	NA	NA	NA	NA	NA
NC_045512.2	15810	C	A	65340	48974	38	1	1	34	1.53041e-05	65342	1	FALSE	NA	NA	NA	NA	NA	NA
NC_045512.2	15811	A	G	65138	48737	38	8	8	38	0.000122801	65146	1	FALSE	NA	NA	NA	NA	NA	NA
NC_045512.2	15812	A	G	64822	48505	37	2	1	46	3.08523e-05	64825	0.964848	FALSE	NA	NA	NA	NA	NA	NA
NC_045512.2	15812	A	C	64822	48505	37	1	1	26	1.54261e-05	64825	1	FALSE	NA	NA	NA	NA	NA	NA
NC_045512.2	15813	T	C	64595	48804	37	13	13	33	0.000201204	64611	1	FALSE	NA	NA	NA	NA	NA	NA
NC_045512.2	15813	T	A	64595	48804	37	3	2	53	4.64317e-05	64611	0.124962	FALSE	NA	NA	NA	NA	NA	NA
NC_045512.2	15814	G	T	65152	49247	37	8	2	41	0.000122775	65160	0.395269	FALSE	NA	NA	NA	NA	NA	NA
NC_045512.2	15814	G	-T	65152	49247	37	2	0	20	3.06937e-05	65160	1	FALSE	NA	NA	NA	NA	NA	NA
NC_045512.2	15815	T	G	68458	53242	37	5	5	34	7.30225e-05	68472	1	FALSE	NA	NA	NA	NA	NA	NA
NC_045512.2	15815	T	C	68458	53242	37	7	6	34	0.000102232	68472	1	FALSE	NA	NA	NA	NA	NA	NA
NC_045512.2	15815	T	A	68458	53242	37	2	1	27	2.9209e-05	68472	1	FALSE	NA	NA	NA	NA	NA	NA
NC_045512.2	15816	T	C	71609	56437	38	17	16	35	0.000237337	71628	1	FALSE	NA	NA	NA	NA	NA	NA
NC_045512.2	15816	T	A	71609	56437	38	2	2	29	2.7922e-05	71628	1	FALSE	NA	NA	NA	NA	NA	NA
NC_045512.2	15817	T	C	71198	56038	37	6	5	39	8.42649e-05	71204	1	FALSE	NA	NA	NA	NA	NA	NA
NC_045512.2	15818	T	C	72021	56893	38	6	6	32	8.33021e-05	72027	1	FALSE	NA	NA	NA	NA	NA	NA
NC_045512.2	15819	T	G	73061	58359	37	1	1	68	1.36855e-05	73070	0.499976	FALSE	NA	NA	NA	NA	NA	NA
NC_045512.2	15819	T	C	73061	58359	37	8	6	33	0.000109484	73070	1	FALSE	NA	NA	NA	NA	NA	NA
NC_045512.2	15820	A	T	74488	59800	38	1	1	34	1.34241e-05	74493	1	FALSE	NA	NA	NA	NA	NA	NA
NC_045512.2	15820	A	G	74488	59800	38	4	4	34	5.36963e-05	74493	1	FALSE	NA	NA	NA	NA	NA	NA
NC_045512.2	15821	T	G	75305	60989	38	1	1	34	1.32753e-05	75328	1	FALSE	NA	NA	NA	NA	NA	NA
NC_045512.2	15821	T	C	75305	60989	38	22	20	33	0.000292056	75328	1	FALSE	NA	NA	NA	NA	NA	NA
NC_045512.2	15822	G	T	75835	61474	38	4	2	68	5.27398e-05	75844	0.0624909	FALSE	NA	NA	NA	NA	NA	NA
NC_045512.2	15822	G	A	75835	61474	38	5	4	34	6.59248e-05	75844	1	FALSE	NA	NA	NA	NA	NA	NA
NC_045512.2	15823	T	C	74315	61317	37	3	3	34	4.0366e-05	74320	1	FALSE	NA	NA	NA	NA	NA	NA
NC_045512.2	15823	T	A	74315	61317	37	2	1	29	2.69107e-05	74320	1	FALSE	NA	NA	NA	NA	NA	NA
NC_045512.2	15824	C	T	77195	65326	38	1	1	34	1.2954e-05	77196	1	FALSE	NA	NA	NA	NA	NA	NA
NC_045512.2	15825	T	C	82163	70810	38	13	12	35	0.000158197	82176	1	FALSE	NA	NA	NA	NA	NA	NA
NC_045512.2	15826	G	T	82480	71147	38	3	2	45	3.63698e-05	82486	0.967287	FALSE	NA	NA	NA	NA	NA	NA
NC_045512.2	15826	G	A	82480	71147	38	3	2	54	3.63698e-05	82486	0.124993	FALSE	NA	NA	NA	NA	NA	NA
NC_045512.2	15827	A	T	84921	73877	38	3	3	34	3.53232e-05	84930	1	FALSE	NA	NA	NA	NA	NA	NA
NC_045512.2	15827	A	G	84921	73877	38	6	3	38	7.06464e-05	84930	1	FALSE	NA	NA	NA	NA	NA	NA
NC_045512.2	15828	A	T	84694	74361	38	1	1	34	1.18044e-05	84714	1	FALSE	NA	NA	NA	NA	NA	NA
NC_045512.2	15828	A	G	84694	74361	38	13	13	34	0.000153458	84714	1	FALSE	NA	NA	NA	NA	NA	NA
NC_045512.2	15828	A	C	84694	74361	38	6	6	29	7.08265e-05	84714	1	FALSE	NA	NA	NA	NA	NA	NA
NC_045512.2	15829	G	T	84620	74207	38	1	1	34	1.18167e-05	84626	1	FALSE	NA	NA	NA	NA	NA	NA
NC_045512.2	15829	G	C	84620	74207	38	1	1	34	1.18167e-05	84626	1	FALSE	NA	NA	NA	NA	NA	NA
NC_045512.2	15829	G	A	84620	74207	38	4	3	40	4.72668e-05	84626	0.927006	FALSE	NA	NA	NA	NA	NA	NA
NC_045512.2	15829	G	-C	84620	74207	38	1	0	20	1.18167e-05	84626	1	FALSE	NA	NA	NA	NA	NA	NA
NC_045512.2	15830	C	T	91650	82274	38	1	1	34	1.0911e-05	91651	1	FALSE	NA	NA	NA	NA	NA	NA
NC_045512.2	15830	C	-A	91650	82274	38	4	0	20	4.36433e-05	91652	1	FALSE	NA	NA	NA	NA	NA	NA
NC_045512.2	15830	C	+A	91650	82274	38	3	0	20	3.27325e-05	91652	1	FALSE	NA	NA	NA	NA	NA	NA
NC_045512.2	15831	A	G	91275	81896	38	14	14	33	0.000153357	91290	1	FALSE	NA	NA	NA	NA	NA	NA
NC_045512.2	15831	A	C	91275	81896	38	1	1	34	1.09541e-05	91290	1	FALSE	NA	NA	NA	NA	NA	NA
NC_045512.2	15832	A	G	91413	82033	38	22	22	34	0.000240603	91437	1	FALSE	NA	NA	NA	NA	NA	NA
NC_045512.2	15832	A	C	91413	82033	38	2	2	34	2.1873e-05	91437	1	FALSE	NA	NA	NA	NA	NA	NA
NC_045512.2	15833	A	T	91505	82573	37	1	1	26	1.09272e-05	91515	1	FALSE	NA	NA	NA	NA	NA	NA
NC_045512.2	15833	A	G	91505	82573	37	9	8	35	9.83445e-05	91515	1	FALSE	NA	NA	NA	NA	NA	NA
NC_045512.2	15834	A	T	93734	84748	38	10	9	37	0.00010667	93747	1	FALSE	NA	NA	NA	NA	NA	NA
NC_045512.2	15834	A	G	93734	84748	38	3	3	34	3.2001e-05	93747	1	FALSE	NA	NA	NA	NA	NA	NA
NC_045512.2	15835	T	G	92423	83465	37	1	1	34	1.08192e-05	92428	1	FALSE	NA	NA	NA	NA	NA	NA
NC_045512.2	15835	T	C	92423	83465	37	4	4	28	4.32769e-05	92428	1	FALSE	NA	NA	NA	NA	NA	NA
NC_045512.2	15836	G	T	94003	85176	38	1	1	34	1.06376e-05	94006	1	FALSE	NA	NA	NA	NA	NA	NA
NC_045512.2	15836	G	A	94003	85176	38	2	2	34	2.12752e-05	94006	1	FALSE	NA	NA	NA	NA	NA	NA
NC_045512.2	15837	T	C	93048	84217	37	4	3	42	4.29863e-05	93053	0.953863	FALSE	NA	NA	NA	NA	NA	NA
NC_045512.2	15837	T	A	93048	84217	37	1	0	60	1.07466e-05	93053	0.499992	FALSE	NA	NA	NA	NA	NA	NA
NC_045512.2	15838	T	G	93239	84420	38	1	1	34	1.07229e-05	93258	1	FALSE	NA	NA	NA	NA	NA	NA
NC_045512.2	15838	T	C	93239	84420	38	15	12	37	0.000160844	93258	1	FALSE	NA	NA	NA	NA	NA	NA
NC_045512.2	15838	T	A	93239	84420	38	3	3	34	3.21688e-05	93258	1	FALSE	NA	NA	NA	NA	NA	NA
NC_045512.2	15838	T	-G	93239	84420	38	1	0	20	1.07229e-05	93258	1	FALSE	NA	NA	NA	NA	NA	NA
NC_045512.2	15839	G	T	92678	84417	37	3	3	28	3.23625e-05	92700	1	FALSE	NA	NA	NA	NA	NA	NA
NC_045512.2	15839	G	C	92678	84417	37	2	2	34	2.1575e-05	92700	1	FALSE	NA	NA	NA	NA	NA	NA
NC_045512.2	15839	G	A	92678	84417	37	17	14	48	0.000183387	92700	0.0842825	FALSE	NA	NA	NA	NA	NA	NA
NC_045512.2	15840	G	T	93449	85187	37	2	2	34	2.13986e-05	93464	1	FALSE	NA	NA	NA	NA	NA	NA
NC_045512.2	15840	G	C	93449	85187	37	12	12	33	0.000128392	93464	1	FALSE	NA	NA	NA	NA	NA	NA
NC_045512.2	15840	G	A	93449	85187	37	1	1	34	1.06993e-05	93464	1	FALSE	NA	NA	NA	NA	NA	NA
NC_045512.2	15841	A	T	93141	84879	37	2	2	30	2.1471e-05	93149	1	FALSE	NA	NA	NA	NA	NA	NA
NC_045512.2	15841	A	G	93141	84879	37	6	4	33	6.44129e-05	93149	1	FALSE	NA	NA	NA	NA	NA	NA
NC_045512.2	15842	C	T	93037	85952	37	2	2	34	2.14959e-05	93041	1	FALSE	NA	NA	NA	NA	NA	NA
NC_045512.2	15842	C	G	93037	85952	37	2	1	30	2.14959e-05	93041	1	FALSE	NA	NA	NA	NA	NA	NA
NC_045512.2	15843	T	G	90737	83691	37	1	1	34	1.10192e-05	90751	1	FALSE	NA	NA	NA	NA	NA	NA
NC_045512.2	15843	T	C	90737	83691	37	13	13	34	0.000143249	90751	1	FALSE	NA	NA	NA	NA	NA	NA
NC_045512.2	15844	G	T	90660	83614	37	2	2	34	2.2059e-05	90666	1	FALSE	NA	NA	NA	NA	NA	NA
NC_045512.2	15844	G	C	90660	83614	37	2	2	30	2.2059e-05	90666	1	FALSE	NA	NA	NA	NA	NA	NA
NC_045512.2	15844	G	A	90660	83614	37	2	2	34	2.2059e-05	90666	1	FALSE	NA	NA	NA	NA	NA	NA
NC_045512.2	15845	A	T	90546	83469	37	2	1	34	2.2085e-05	90559	1	FALSE	NA	NA	NA	NA	NA	NA
NC_045512.2	15845	A	G	90546	83469	37	7	7	34	7.72977e-05	90559	1	FALSE	NA	NA	NA	NA	NA	NA
NC_045512.2	15845	A	C	90546	83469	37	4	4	34	4.41701e-05	90559	1	FALSE	NA	NA	NA	NA	NA	NA
NC_045512.2	15846	G	C	90534	83468	37	4	4	30	4.41803e-05	90538	1	FALSE	NA	NA	NA	NA	NA	NA
NC_045512.2	15847	A	T	89906	83445	36	2	2	34	2.2242e-05	89920	1	FALSE	NA	NA	NA	NA	NA	NA
NC_045512.2	15847	A	G	89906	83445	36	9	8	34	0.000100089	89920	1	FALSE	NA	NA	NA	NA	NA	NA
NC_045512.2	15847	A	C	89906	83445	36	3	3	34	3.3363e-05	89920	1	FALSE	NA	NA	NA	NA	NA	NA
NC_045512.2	15848	C	T	90237	83712	37	3	2	40	3.32447e-05	90240	0.980717	FALSE	NA	NA	NA	NA	NA	NA
NC_045512.2	15849	T	C	87919	81409	37	10	8	39	0.000113726	87931	1	FALSE	NA	NA	NA	NA	NA	NA
NC_045512.2	15849	T	A	87919	81409	37	2	1	30	2.27451e-05	87931	1	FALSE	NA	NA	NA	NA	NA	NA
NC_045512.2	15850	G	T	88035	81504	37	2	2	34	2.27159e-05	88044	1	FALSE	NA	NA	NA	NA	NA	NA
NC_045512.2	15850	G	C	88035	81504	37	5	5	34	5.67898e-05	88044	1	FALSE	NA	NA	NA	NA	NA	NA
NC_045512.2	15850	G	A	88035	81504	37	2	2	34	2.27159e-05	88044	1	FALSE	NA	NA	NA	NA	NA	NA
NC_045512.2	15851	A	T	87901	81364	37	5	5	34	5.68673e-05	87924	1	FALSE	NA	NA	NA	NA	NA	NA
NC_045512.2	15851	A	G	87901	81364	37	18	18	35	0.000204722	87924	1	FALSE	NA	NA	NA	NA	NA	NA
NC_045512.2	15851	A	-C	87901	81364	37	1	0	20	1.13735e-05	87924	1	FALSE	NA	NA	NA	NA	NA	NA
NC_045512.2	15852	C	T	87812	81308	37	5	5	34	5.6934e-05	87821	1	FALSE	NA	NA	NA	NA	NA	NA
NC_045512.2	15852	C	A	87812	81308	37	4	4	34	4.55472e-05	87821	1	FALSE	NA	NA	NA	NA	NA	NA
NC_045512.2	15853	C	A	87210	81639	36	3	3	34	3.43985e-05	87213	1	FALSE	NA	NA	NA	NA	NA	NA
NC_045512.2	15853	C	-T	87210	81639	36	2	0	20	2.29324e-05	87213	1	FALSE	NA	NA	NA	NA	NA	NA
NC_045512.2	15854	T	C	84024	78487	36	5	5	32	5.95019e-05	84031	1	FALSE	NA	NA	NA	NA	NA	NA
NC_045512.2	15854	T	A	84024	78487	36	2	2	51	2.38007e-05	84031	0.249981	FALSE	NA	NA	NA	NA	NA	NA
NC_045512.2	15855	T	G	84078	78557	36	2	1	34	2.37846e-05	84088	1	FALSE	NA	NA	NA	NA	NA	NA
NC_045512.2	15855	T	C	84078	78557	36	7	7	34	8.32461e-05	84088	1	FALSE	NA	NA	NA	NA	NA	NA
NC_045512.2	15855	T	A	84078	78557	36	1	1	34	1.18923e-05	84088	1	FALSE	NA	NA	NA	NA	NA	NA
NC_045512.2	15856	A	G	83629	78195	36	4	3	42	4.78274e-05	83634	0.927009	FALSE	NA	NA	NA	NA	NA	NA
NC_045512.2	15856	A	C	83629	78195	36	1	1	34	1.19569e-05	83634	1	FALSE	NA	NA	NA	NA	NA	NA
NC_045512.2	15857	C	T	84029	78627	36	1	1	34	1.19005e-05	84030	1	FALSE	NA	NA	NA	NA	NA	NA
NC_045512.2	15858	T	G	81771	76383	36	5	4	34	6.11404e-05	81779	1	FALSE	NA	NA	NA	NA	NA	NA
NC_045512.2	15858	T	C	81771	76383	36	3	3	45	3.66842e-05	81779	0.967284	FALSE	NA	NA	NA	NA	NA	NA
NC_045512.2	15858	T	-A	81771	76383	36	1	0	20	1.22281e-05	81779	1	FALSE	NA	NA	NA	NA	NA	NA
NC_045512.2	15859	A	T	79532	74199	36	2	2	34	2.51405e-05	79553	1	FALSE	NA	NA	NA	NA	NA	NA
NC_045512.2	15859	A	G	79532	74199	36	9	9	33	0.000113132	79553	1	FALSE	NA	NA	NA	NA	NA	NA
NC_045512.2	15859	A	C	79532	74199	36	10	10	34	0.000125702	79553	1	FALSE	NA	NA	NA	NA	NA	NA
NC_045512.2	15860	A	T	79019	73719	36	3	3	28	3.79617e-05	79027	1	FALSE	NA	NA	NA	NA	NA	NA
NC_045512.2	15860	A	G	79019	73719	36	3	1	45	3.79617e-05	79027	0.945309	FALSE	NA	NA	NA	NA	NA	NA
NC_045512.2	15860	A	C	79019	73719	36	2	2	34	2.53078e-05	79027	1	FALSE	NA	NA	NA	NA	NA	NA
NC_045512.2	15861	A	T	78261	73293	36	2	2	34	2.55503e-05	78277	1	FALSE	NA	NA	NA	NA	NA	NA
NC_045512.2	15861	A	G	78261	73293	36	9	9	34	0.000114976	78277	1	FALSE	NA	NA	NA	NA	NA	NA
NC_045512.2	15861	A	C	78261	73293	36	5	4	34	6.38757e-05	78277	1	FALSE	NA	NA	NA	NA	NA	NA
NC_045512.2	15862	G	T	77757	73883	35	3	3	34	3.85802e-05	77760	1	FALSE	NA	NA	NA	NA	NA	NA
NC_045512.2	15863	G	C	77701	73840	35	1	1	34	1.28695e-05	77703	1	FALSE	NA	NA	NA	NA	NA	NA
NC_045512.2	15863	G	A	77701	73840	35	1	1	34	1.28695e-05	77703	1	FALSE	NA	NA	NA	NA	NA	NA
NC_045512.2	15864	A	T	73772	70204	35	2	2	34	2.71072e-05	73781	1	FALSE	NA	NA	NA	NA	NA	NA
NC_045512.2	15864	A	G	73772	70204	35	5	5	34	6.77681e-05	73781	1	FALSE	NA	NA	NA	NA	NA	NA
NC_045512.2	15864	A	C	73772	70204	35	2	2	34	2.71072e-05	73781	1	FALSE	NA	NA	NA	NA	NA	NA
NC_045512.2	15865	C	T	73698	70149	35	2	2	34	2.7137e-05	73700	1	FALSE	NA	NA	NA	NA	NA	NA
NC_045512.2	15866	C	T	72227	68711	35	3	2	34	4.15334e-05	72231	1	FALSE	NA	NA	NA	NA	NA	NA
NC_045512.2	15866	C	A	72227	68711	35	1	1	34	1.38445e-05	72231	1	FALSE	NA	NA	NA	NA	NA	NA
NC_045512.2	15867	T	C	71885	68357	35	7	7	34	9.73642e-05	71895	1	FALSE	NA	NA	NA	NA	NA	NA
NC_045512.2	15867	T	A	71885	68357	35	3	3	34	4.17275e-05	71895	1	FALSE	NA	NA	NA	NA	NA	NA
NC_045512.2	15868	C	T	71643	68348	35	3	3	34	4.1872e-05	71647	1	FALSE	NA	NA	NA	NA	NA	NA
NC_045512.2	15868	C	G	71643	68348	35	1	1	34	1.39573e-05	71647	1	FALSE	NA	NA	NA	NA	NA	NA
NC_045512.2	15868	C	-A	71643	68348	35	1	0	20	1.39573e-05	71647	1	FALSE	NA	NA	NA	NA	NA	NA
NC_045512.2	15869	A	T	71744	68456	35	1	1	26	1.39375e-05	71749	1	FALSE	NA	NA	NA	NA	NA	NA
NC_045512.2	15869	A	G	71744	68456	35	4	4	34	5.57499e-05	71749	1	FALSE	NA	NA	NA	NA	NA	NA
NC_045512.2	15870	T	C	71446	68160	35	5	5	34	6.9978e-05	71451	1	FALSE	NA	NA	NA	NA	NA	NA
NC_045512.2	15871	G	T	71586	68293	35	2	2	30	2.79376e-05	71588	1	FALSE	NA	NA	NA	NA	NA	NA
NC_045512.2	15872	A	T	71228	67951	35	2	2	34	2.80757e-05	71236	1	FALSE	NA	NA	NA	NA	NA	NA
NC_045512.2	15872	A	G	71228	67951	35	5	5	34	7.01892e-05	71236	1	FALSE	NA	NA	NA	NA	NA	NA
NC_045512.2	15872	A	C	71228	67951	35	1	1	26	1.40378e-05	71236	1	FALSE	NA	NA	NA	NA	NA	NA
NC_045512.2	15873	A	G	71290	68119	35	5	5	32	7.01311e-05	71295	1	FALSE	NA	NA	NA	NA	NA	NA
NC_045512.2	15873	A	-TT	71290	68119	35	1	0	20	1.40262e-05	71295	1	FALSE	NA	NA	NA	NA	NA	NA
NC_045512.2	15873	A	-T	71290	68119	35	5	0	20	7.01311e-05	71295	1	FALSE	NA	NA	NA	NA	NA	NA
NC_045512.2	15874	T	C	70473	67756	35	2	2	34	2.83789e-05	70475	1	FALSE	NA	NA	NA	NA	NA	NA
NC_045512.2	15875	T	G	59870	57202	33	5	5	34	8.34962e-05	59883	1	FALSE	NA	NA	NA	NA	NA	NA
NC_045512.2	15875	T	C	59870	57202	33	4	4	42	6.67969e-05	59883	0.746028	FALSE	NA	NA	NA	NA	NA	NA
NC_045512.2	15875	T	A	59870	57202	33	4	4	34	6.67969e-05	59883	1	FALSE	NA	NA	NA	NA	NA	NA
NC_045512.2	15876	T	G	66825	64240	35	16	16	33	0.000239345	66849	1	FALSE	NA	NA	NA	NA	NA	NA
NC_045512.2	15876	T	C	66825	64240	35	8	8	34	0.000119673	66849	1	FALSE	NA	NA	NA	NA	NA	NA
NC_045512.2	15877	T	C	65786	63220	35	6	6	34	9.11965e-05	65792	1	FALSE	NA	NA	NA	NA	NA	NA
NC_045512.2	15878	G	T	65804	63252	35	2	2	34	3.03905e-05	65810	1	FALSE	NA	NA	NA	NA	NA	NA
NC_045512.2	15878	G	A	65804	63252	35	4	4	34	6.0781e-05	65810	1	FALSE	NA	NA	NA	NA	NA	NA
NC_045512.2	15879	C	T	65825	63454	35	31	31	35	0.00047071	65858	0.999848	FALSE	NA	NA	NA	NA	NA	NA
NC_045512.2	15879	C	A	65825	63454	35	2	2	34	3.03684e-05	65858	1	FALSE	NA	NA	NA	NA	NA	NA
NC_045512.2	15880	T	G	63779	61405	34	1	1	34	1.56757e-05	63793	1	FALSE	NA	NA	NA	NA	NA	NA
NC_045512.2	15880	T	C	63779	61405	34	9	9	33	0.000141081	63793	1	FALSE	NA	NA	NA	NA	NA	NA
NC_045512.2	15880	T	A	63779	61405	34	4	4	34	6.27028e-05	63793	1	FALSE	NA	NA	NA	NA	NA	NA
NC_045512.2	15881	C	T	65671	63375	35	2	2	34	3.04539e-05	65673	1	FALSE	NA	NA	NA	NA	NA	NA
NC_045512.2	15882	T	C	65019	62730	35	7	7	34	0.000107649	65026	1	FALSE	NA	NA	NA	NA	NA	NA
NC_045512.2	15883	C	T	64773	62965	34	5	5	34	7.71855e-05	64779	1	FALSE	NA	NA	NA	NA	NA	NA
NC_045512.2	15883	C	A	64773	62965	34	1	1	34	1.54371e-05	64779	1	FALSE	NA	NA	NA	NA	NA	NA
NC_045512.2	15884	A	G	64576	62765	34	2	2	34	3.09703e-05	64578	1	FALSE	NA	NA	NA	NA	NA	NA
NC_045512.2	15885	A	T	64664	62860	34	4	4	34	6.18477e-05	64675	1	FALSE	NA	NA	NA	NA	NA	NA
NC_045512.2	15885	A	G	64664	62860	34	6	6	34	9.27716e-05	64675	1	FALSE	NA	NA	NA	NA	NA	NA
NC_045512.2	15885	A	C	64664	62860	34	1	1	26	1.54619e-05	64675	1	FALSE	NA	NA	NA	NA	NA	NA
NC_045512.2	15886	C	T	100627	63513	34	5	3	32	4.96806e-05	100643	1	FALSE	NA	NA	NA	NA	NA	NA
NC_045512.2	15886	C	G	100627	63513	34	1	1	34	9.93611e-06	100643	1	FALSE	NA	NA	NA	NA	NA	NA
NC_045512.2	15886	C	A	100627	63513	34	10	1	34	9.93611e-05	100643	1	FALSE	NA	NA	NA	NA	NA	NA
NC_045512.2	15887	A	T	108930	62953	34	4	2	30	3.67171e-05	108941	1	FALSE	NA	NA	NA	NA	NA	NA
NC_045512.2	15887	A	G	108930	62953	34	7	6	34	6.4255e-05	108941	1	FALSE	NA	NA	NA	NA	NA	NA
NC_045512.2	15888	T	G	109854	63042	34	3	0	31	2.73065e-05	109864	1	FALSE	NA	NA	NA	NA	NA	NA
NC_045512.2	15888	T	C	109854	63042	34	5	4	34	4.55108e-05	109864	1	FALSE	NA	NA	NA	NA	NA	NA
NC_045512.2	15888	T	A	109854	63042	34	2	1	29	1.82043e-05	109864	1	FALSE	NA	NA	NA	NA	NA	NA
NC_045512.2	15889	A	T	109016	62424	34	3	2	31	2.75166e-05	109025	1	FALSE	NA	NA	NA	NA	NA	NA
NC_045512.2	15889	A	G	109016	62424	34	6	4	34	5.50332e-05	109025	1	FALSE	NA	NA	NA	NA	NA	NA
NC_045512.2	15890	C	T	110537	63035	34	6	0	34	5.42731e-05	110552	1	FALSE	NA	NA	NA	NA	NA	NA
NC_045512.2	15890	C	G	110537	63035	34	4	1	30	3.61821e-05	110552	1	FALSE	NA	NA	NA	NA	NA	NA
NC_045512.2	15890	C	A	110537	63035	34	5	2	30	4.52276e-05	110552	1	FALSE	NA	NA	NA	NA	NA	NA
NC_045512.2	15891	A	T	108712	61039	34	1	0	34	9.19735e-06	108727	1	FALSE	NA	NA	NA	NA	NA	NA
NC_045512.2	15891	A	G	108712	61039	34	10	4	32	9.19735e-05	108727	1	FALSE	NA	NA	NA	NA	NA	NA
NC_045512.2	15891	A	C	108712	61039	34	4	4	34	3.67894e-05	108727	1	FALSE	NA	NA	NA	NA	NA	NA
NC_045512.2	15892	A	T	110813	59541	34	1	1	34	9.02332e-06	110824	1	FALSE	NA	NA	NA	NA	NA	NA
NC_045512.2	15892	A	G	110813	59541	34	7	3	33	6.31632e-05	110824	1	FALSE	NA	NA	NA	NA	NA	NA
NC_045512.2	15892	A	C	110813	59541	34	3	3	34	2.70699e-05	110824	1	FALSE	NA	NA	NA	NA	NA	NA
NC_045512.2	15893	T	G	110278	58981	34	4	0	34	3.62674e-05	110292	1	FALSE	NA	NA	NA	NA	NA	NA
NC_045512.2	15893	T	C	110278	58981	34	10	6	33	9.06684e-05	110292	1	FALSE	NA	NA	NA	NA	NA	NA
NC_045512.2	15894	G	T	108425	57484	34	3	2	34	2.76661e-05	108436	1	FALSE	NA	NA	NA	NA	NA	NA
NC_045512.2	15894	G	C	108425	57484	34	3	3	29	2.76661e-05	108436	1	FALSE	NA	NA	NA	NA	NA	NA
NC_045512.2	15894	G	A	108425	57484	34	5	4	34	4.61101e-05	108436	1	FALSE	NA	NA	NA	NA	NA	NA
NC_045512.2	15895	C	T	108432	57393	34	6	4	32	5.53271e-05	108446	1	FALSE	NA	NA	NA	NA	NA	NA
NC_045512.2	15895	C	G	108432	57393	34	3	2	31	2.76635e-05	108446	1	FALSE	NA	NA	NA	NA	NA	NA
NC_045512.2	15895	C	A	108432	57393	34	5	2	32	4.61059e-05	108446	1	FALSE	NA	NA	NA	NA	NA	NA
NC_045512.2	15896	T	G	109885	53534	34	1	0	26	9.09943e-06	109897	1	FALSE	NA	NA	NA	NA	NA	NA
NC_045512.2	15896	T	C	109885	53534	34	10	4	34	9.09943e-05	109897	1	FALSE	NA	NA	NA	NA	NA	NA
NC_045512.2	15896	T	A	109885	53534	34	1	0	34	9.09943e-06	109897	1	FALSE	NA	NA	NA	NA	NA	NA
NC_045512.2	15896	T	-A	109885	53534	34	1	0	20	9.09943e-06	109897	1	FALSE	NA	NA	NA	NA	NA	NA
NC_045512.2	15897	A	T	117389	53838	34	2	1	30	1.70346e-05	117408	1	FALSE	NA	NA	NA	NA	NA	NA
NC_045512.2	15897	A	G	117389	53838	34	17	3	34	0.000144794	117408	1	FALSE	NA	NA	NA	NA	NA	NA
NC_045512.2	15898	G	T	118672	53727	34	1	0	34	8.42609e-06	118679	1	FALSE	NA	NA	NA	NA	NA	NA
NC_045512.2	15898	G	C	118672	53727	34	1	1	34	8.42609e-06	118679	1	FALSE	NA	NA	NA	NA	NA	NA
NC_045512.2	15898	G	A	118672	53727	34	5	3	34	4.21305e-05	118679	1	FALSE	NA	NA	NA	NA	NA	NA
NC_045512.2	15899	T	C	117674	52839	34	5	2	32	4.24863e-05	117685	1	FALSE	NA	NA	NA	NA	NA	NA
NC_045512.2	15899	T	A	117674	52839	34	6	4	32	5.09836e-05	117685	1	FALSE	NA	NA	NA	NA	NA	NA
NC_045512.2	15900	T	G	118750	53813	34	2	0	30	1.68403e-05	118763	1	FALSE	NA	NA	NA	NA	NA	NA
NC_045512.2	15900	T	C	118750	53813	34	7	4	34	5.89409e-05	118763	1	FALSE	NA	NA	NA	NA	NA	NA
NC_045512.2	15900	T	A	118750	53813	34	4	3	34	3.36805e-05	118763	1	FALSE	NA	NA	NA	NA	NA	NA
NC_045512.2	15900	T	-A	118750	53813	34	3	0	20	2.52604e-05	118763	1	FALSE	NA	NA	NA	NA	NA	NA
NC_045512.2	15901	A	T	117953	51869	34	2	0	34	1.69542e-05	117965	1	FALSE	NA	NA	NA	NA	NA	NA
NC_045512.2	15901	A	G	117953	51869	34	9	2	34	7.62938e-05	117965	1	FALSE	NA	NA	NA	NA	NA	NA
NC_045512.2	15901	A	C	117953	51869	34	1	1	26	8.47709e-06	117965	1	FALSE	NA	NA	NA	NA	NA	NA
NC_045512.2	15902	A	T	117203	51811	34	1	1	26	8.53119e-06	117217	1	FALSE	NA	NA	NA	NA	NA	NA
NC_045512.2	15902	A	G	117203	51811	34	10	4	34	8.53119e-05	117217	1	FALSE	NA	NA	NA	NA	NA	NA
NC_045512.2	15902	A	C	117203	51811	34	3	2	34	2.55936e-05	117217	1	FALSE	NA	NA	NA	NA	NA	NA
NC_045512.2	15903	A	G	117344	51693	34	7	2	34	5.96496e-05	117352	1	FALSE	NA	NA	NA	NA	NA	NA
NC_045512.2	15903	A	C	117344	51693	34	1	1	34	8.52137e-06	117352	1	FALSE	NA	NA	NA	NA	NA	NA
NC_045512.2	15904	C	T	118171	51821	34	5	5	34	4.23087e-05	118179	1	FALSE	NA	NA	NA	NA	NA	NA
NC_045512.2	15904	C	A	118171	51821	34	3	3	34	2.53852e-05	118179	1	FALSE	NA	NA	NA	NA	NA	NA
NC_045512.2	15905	A	T	111519	45153	34	5	2	32	4.48242e-05	111547	1	FALSE	NA	NA	NA	NA	NA	NA
NC_045512.2	15905	A	G	111519	45153	34	16	3	33	0.000143437	111547	1	FALSE	NA	NA	NA	NA	NA	NA
NC_045512.2	15905	A	C	111519	45153	34	7	6	34	6.27538e-05	111547	1	FALSE	NA	NA	NA	NA	NA	NA
NC_045512.2	15906	G	T	118846	44403	34	12	3	33	0.000100953	118867	1	FALSE	NA	NA	NA	NA	NA	NA
NC_045512.2	15906	G	A	118846	44403	34	9	4	33	7.57149e-05	118867	1	FALSE	NA	NA	NA	NA	NA	NA
NC_045512.2	15907	G	T	119049	43478	34	4	2	42	3.35982e-05	119054	0.982425	FALSE	NA	NA	NA	NA	NA	NA
NC_045512.2	15907	G	A	119049	43478	34	1	0	34	8.39955e-06	119054	1	FALSE	NA	NA	NA	NA	NA	NA
NC_045512.2	15909	T	C	119119	43768	34	11	6	33	9.23346e-05	119132	1	FALSE	NA	NA	NA	NA	NA	NA
NC_045512.2	15909	T	A	119119	43768	34	2	1	34	1.67881e-05	119132	1	FALSE	NA	NA	NA	NA	NA	NA
NC_045512.2	15910	G	T	120185	43309	35	4	2	34	3.32809e-05	120189	1	FALSE	NA	NA	NA	NA	NA	NA
NC_045512.2	15910	G	-A	120185	43309	35	1	0	20	8.32023e-06	120189	1	FALSE	NA	NA	NA	NA	NA	NA
NC_045512.2	15911	A	T	121075	43300	34	1	0	34	8.25784e-06	121097	1	FALSE	NA	NA	NA	NA	NA	NA
NC_045512.2	15911	A	G	121075	43300	34	19	6	33	0.000156899	121097	1	FALSE	NA	NA	NA	NA	NA	NA
NC_045512.2	15911	A	C	121075	43300	34	2	2	30	1.65157e-05	121097	1	FALSE	NA	NA	NA	NA	NA	NA
NC_045512.2	15912	T	G	122748	43480	35	2	1	34	1.62929e-05	122753	1	FALSE	NA	NA	NA	NA	NA	NA
NC_045512.2	15912	T	C	122748	43480	35	2	2	34	1.62929e-05	122753	1	FALSE	NA	NA	NA	NA	NA	NA
NC_045512.2	15912	T	A	122748	43480	35	1	0	34	8.14644e-06	122753	1	FALSE	NA	NA	NA	NA	NA	NA
NC_045512.2	15913	G	T	124358	43403	35	5	5	34	4.02033e-05	124368	1	FALSE	NA	NA	NA	NA	NA	NA
NC_045512.2	15913	G	C	124358	43403	35	1	1	26	8.04065e-06	124368	1	FALSE	NA	NA	NA	NA	NA	NA
NC_045512.2	15913	G	A	124358	43403	35	4	3	38	3.21626e-05	124368	1	FALSE	NA	NA	NA	NA	NA	NA
NC_045512.2	15914	A	T	84157	3260	35	4	0	34	4.7524e-05	84168	1	FALSE	NA	NA	NA	NA	NA	NA
NC_045512.2	15914	A	G	84157	3260	35	7	0	34	8.3167e-05	84168	1	FALSE	NA	NA	NA	NA	NA	NA
NC_045512.2	15914	A	-T	84157	3260	35	3	0	20	3.5643e-05	84168	1	FALSE	NA	NA	NA	NA	NA	NA
NC_045512.2	15915	T	G	84914	3285	35	1	0	26	1.17759e-05	84919	1	FALSE	NA	NA	NA	NA	NA	NA
NC_045512.2	15915	T	C	84914	3285	35	3	0	31	3.53278e-05	84919	1	FALSE	NA	NA	NA	NA	NA	NA
NC_045512.2	15915	T	A	84914	3285	35	1	0	34	1.17759e-05	84919	1	FALSE	NA	NA	NA	NA	NA	NA
NC_045512.2	15916	T	G	86368	3290	35	3	0	34	3.4725e-05	86393	1	FALSE	NA	NA	NA	NA	NA	NA
NC_045512.2	15916	T	C	86368	3290	35	14	0	34	0.00016205	86393	1	FALSE	NA	NA	NA	NA	NA	NA
NC_045512.2	15916	T	A	86368	3290	35	8	0	31	9.26001e-05	86393	1	FALSE	NA	NA	NA	NA	NA	NA
NC_045512.2	15917	A	T	106190	3498	35	2	0	34	1.88301e-05	106213	1	FALSE	NA	NA	NA	NA	NA	NA
NC_045512.2	15917	A	G	106190	3498	35	21	1	35	0.000197716	106213	1	FALSE	NA	NA	NA	NA	NA	NA
NC_045512.2	15917	A	-TG	106190	3498	35	1	0	20	9.41504e-06	106213	1	FALSE	NA	NA	NA	NA	NA	NA
NC_045512.2	15918	T	G	107433	3527	35	3	0	34	2.79202e-05	107449	1	FALSE	NA	NA	NA	NA	NA	NA
NC_045512.2	15918	T	C	107433	3527	35	7	0	32	6.51472e-05	107449	1	FALSE	NA	NA	NA	NA	NA	NA
NC_045512.2	15918	T	A	107433	3527	35	6	0	34	5.58404e-05	107449	1	FALSE	NA	NA	NA	NA	NA	NA
NC_045512.2	15919	G	T	109205	3556	35	2	0	34	1.83135e-05	109209	1	FALSE	NA	NA	NA	NA	NA	NA
NC_045512.2	15919	G	A	109205	3556	35	2	0	51	1.83135e-05	109209	0.499993	FALSE	NA	NA	NA	NA	NA	NA
NC_045512.2	15920	T	G	108715	3582	34	2	0	34	1.83938e-05	108732	1	FALSE	NA	NA	NA	NA	NA	NA
NC_045512.2	15920	T	C	108715	3582	34	12	0	34	0.000110363	108732	1	FALSE	NA	NA	NA	NA	NA	NA
NC_045512.2	15920	T	A	108715	3582	34	3	0	34	2.75908e-05	108732	1	FALSE	NA	NA	NA	NA	NA	NA
NC_045512.2	15921	G	T	94251	3216	35	18097	405	34	0.161066	112358	0	TRUE	NA	NA	NA	NA	NA	NA
NC_045512.2	15921	G	C	94251	3216	35	4	0	34	3.56005e-05	112358	1	FALSE	NA	NA	NA	NA	NA	NA
NC_045512.2	15921	G	A	94251	3216	35	6	0	34	5.34007e-05	112358	1	FALSE	NA	NA	NA	NA	NA	NA
NC_045512.2	15922	T	G	112458	4335	35	1	1	26	8.89102e-06	112473	1	FALSE	NA	NA	NA	NA	NA	NA
NC_045512.2	15922	T	C	112458	4335	35	9	0	34	8.00192e-05	112473	1	FALSE	NA	NA	NA	NA	NA	NA
NC_045512.2	15922	T	A	112458	4335	35	5	0	29	4.44551e-05	112473	1	FALSE	NA	NA	NA	NA	NA	NA
NC_045512.2	15923	A	G	112625	4352	35	6	1	44	5.32713e-05	112631	0.928278	FALSE	NA	NA	NA	NA	NA	NA
NC_045512.2	15924	C	T	113021	4358	35	8	0	34	7.07745e-05	113035	1	FALSE	NA	NA	NA	NA	NA	NA
NC_045512.2	15924	C	G	113021	4358	35	3	0	34	2.65405e-05	113035	1	FALSE	NA	NA	NA	NA	NA	NA
NC_045512.2	15924	C	A	113021	4358	35	3	0	31	2.65405e-05	113035	1	FALSE	NA	NA	NA	NA	NA	NA
NC_045512.2	15925	C	T	112847	4366	35	12	0	34	0.000106325	112862	1	FALSE	NA	NA	NA	NA	NA	NA
NC_045512.2	15925	C	G	112847	4366	35	1	0	34	8.86038e-06	112862	1	FALSE	NA	NA	NA	NA	NA	NA
NC_045512.2	15925	C	A	112847	4366	35	2	1	34	1.77208e-05	112862	1	FALSE	NA	NA	NA	NA	NA	NA
NC_045512.2	15925	C	-T	112847	4366	35	1	0	20	8.86038e-06	112862	1	FALSE	NA	NA	NA	NA	NA	NA
NC_045512.2	15926	T	G	113771	4371	35	8	0	34	7.02975e-05	113802	1	FALSE	NA	NA	NA	NA	NA	NA
NC_045512.2	15926	T	C	113771	4371	35	20	0	35	0.000175744	113802	1	FALSE	NA	NA	NA	NA	NA	NA
NC_045512.2	15926	T	A	113771	4371	35	3	0	31	2.63616e-05	113802	1	FALSE	NA	NA	NA	NA	NA	NA
NC_045512.2	15927	T	G	133182	4573	35	5	0	32	3.75342e-05	133212	1	FALSE	NA	NA	NA	NA	NA	NA
NC_045512.2	15927	T	C	133182	4573	35	20	0	33	0.000150137	133212	1	FALSE	NA	NA	NA	NA	NA	NA
NC_045512.2	15927	T	A	133182	4573	35	5	0	29	3.75342e-05	133212	1	FALSE	NA	NA	NA	NA	NA	NA
NC_045512.2	15928	C	T	134136	4834	35	1	0	34	7.45445e-06	134148	1	FALSE	NA	NA	NA	NA	NA	NA
NC_045512.2	15928	C	G	134136	4834	35	3	0	34	2.23634e-05	134148	1	FALSE	NA	NA	NA	NA	NA	NA
NC_045512.2	15928	C	A	134136	4834	35	8	0	33	5.96356e-05	134148	1	FALSE	NA	NA	NA	NA	NA	NA
NC_045512.2	15929	C	G	134077	4871	35	4	0	32	2.9832e-05	134084	1	FALSE	NA	NA	NA	NA	NA	NA
NC_045512.2	15929	C	A	134077	4871	35	3	0	34	2.2374e-05	134084	1	FALSE	NA	NA	NA	NA	NA	NA
NC_045512.2	15929	C	-T	134077	4871	35	3	0	20	2.2374e-05	134084	1	FALSE	NA	NA	NA	NA	NA	NA
NC_045512.2	15930	T	G	134341	4899	35	5	0	32	3.7211e-05	134369	1	FALSE	NA	NA	NA	NA	NA	NA
NC_045512.2	15930	T	C	134341	4899	35	20	0	34	0.000148844	134369	1	FALSE	NA	NA	NA	NA	NA	NA
NC_045512.2	15930	T	A	134341	4899	35	3	0	34	2.23266e-05	134369	1	FALSE	NA	NA	NA	NA	NA	NA
NC_045512.2	15931	T	G	134215	4929	35	1	0	34	7.44912e-06	134244	1	FALSE	NA	NA	NA	NA	NA	NA
NC_045512.2	15931	T	C	134215	4929	35	28	1	35	0.000208575	134244	1	FALSE	NA	NA	NA	NA	NA	NA
NC_045512.2	15932	A	T	138703	4946	35	2	0	34	1.44181e-05	138715	1	FALSE	NA	NA	NA	NA	NA	NA
NC_045512.2	15932	A	G	138703	4946	35	8	1	34	5.76722e-05	138715	1	FALSE	NA	NA	NA	NA	NA	NA
NC_045512.2	15932	A	C	138703	4946	35	2	0	34	1.44181e-05	138715	1	FALSE	NA	NA	NA	NA	NA	NA
NC_045512.2	15932	A	-C	138703	4946	35	1	0	20	7.20903e-06	138715	1	FALSE	NA	NA	NA	NA	NA	NA
NC_045512.2	15933	C	T	139052	5005	35	5	0	34	3.59547e-05	139064	1	FALSE	NA	NA	NA	NA	NA	NA
NC_045512.2	15933	C	G	139052	5005	35	2	0	34	1.43819e-05	139064	1	FALSE	NA	NA	NA	NA	NA	NA
NC_045512.2	15933	C	A	139052	5005	35	5	1	39	3.59547e-05	139064	1	FALSE	NA	NA	NA	NA	NA	NA
NC_045512.2	15934	C	T	138710	5307	35	5	0	34	3.60405e-05	138733	1	FALSE	NA	NA	NA	NA	NA	NA
NC_045512.2	15934	C	G	138710	5307	35	8	0	38	5.76647e-05	138733	1	FALSE	NA	NA	NA	NA	NA	NA
NC_045512.2	15934	C	A	138710	5307	35	10	0	34	7.20809e-05	138733	1	FALSE	NA	NA	NA	NA	NA	NA
NC_045512.2	15935	C	T	139046	5308	35	5	1	40	3.59557e-05	139060	0.984556	FALSE	NA	NA	NA	NA	NA	NA
NC_045512.2	15935	C	G	139046	5308	35	5	0	34	3.59557e-05	139060	1	FALSE	NA	NA	NA	NA	NA	NA
NC_045512.2	15935	C	A	139046	5308	35	4	0	34	2.87646e-05	139060	1	FALSE	NA	NA	NA	NA	NA	NA
NC_045512.2	15935	C	-AGATCCATCAAGAATCCTAGGGGCCGGCT	139046	5308	35	1	0	20	7.19114e-06	139060	1	FALSE	NA	NA	NA	NA	NA	NA
NC_045512.2	15935	C	-AGATCCATCAAGAATCCTAG	139046	5308	35	1	0	20	7.19114e-06	139060	1	FALSE	NA	NA	NA	NA	NA	NA
NC_045512.2	15935	C	-AGATCCATCAAGAATCCT	139046	5308	35	2	0	20	1.43823e-05	139060	1	FALSE	NA	NA	NA	NA	NA	NA
NC_045512.2	15936	A	T	139408	5310	35	14	0	34	0.000100397	139447	1	FALSE	NA	NA	NA	NA	NA	NA
NC_045512.2	15936	A	G	139408	5310	35	24	0	33	0.000172108	139447	1	FALSE	NA	NA	NA	NA	NA	NA
NC_045512.2	15936	A	C	139408	5310	35	1	0	34	7.17118e-06	139447	1	FALSE	NA	NA	NA	NA	NA	NA
NC_045512.2	15937	G	T	146836	5348	35	8	0	34	5.44781e-05	146848	1	FALSE	NA	NA	NA	NA	NA	NA
NC_045512.2	15937	G	C	146836	5348	35	2	0	34	1.36195e-05	146848	1	FALSE	NA	NA	NA	NA	NA	NA
NC_045512.2	15937	G	A	146836	5348	35	2	0	51	1.36195e-05	146848	0.499962	FALSE	NA	NA	NA	NA	NA	NA
NC_045512.2	15937	G	+A	146836	5348	35	1	0	20	6.80948e-06	146854	1	FALSE	NA	NA	NA	NA	NA	NA
NC_045512.2	15938	A	T	146423	6152	35	1	0	34	6.82911e-06	146432	1	FALSE	NA	NA	NA	NA	NA	NA
NC_045512.2	15938	A	G	146423	6152	35	8	1	42	5.46329e-05	146432	0.933099	FALSE	NA	NA	NA	NA	NA	NA
NC_045512.2	15939	T	G	148183	6150	35	1	0	34	6.74732e-06	148207	1	FALSE	NA	NA	NA	NA	NA	NA
NC_045512.2	15939	T	C	148183	6150	35	18	0	33	0.000121452	148207	1	FALSE	NA	NA	NA	NA	NA	NA
NC_045512.2	15939	T	A	148183	6150	35	5	0	30	3.37366e-05	148207	1	FALSE	NA	NA	NA	NA	NA	NA
NC_045512.2	15940	C	T	149215	6178	35	4	0	34	2.68041e-05	149231	1	FALSE	NA	NA	NA	NA	NA	NA
NC_045512.2	15940	C	G	149215	6178	35	1	0	34	6.70102e-06	149231	1	FALSE	NA	NA	NA	NA	NA	NA
NC_045512.2	15940	C	A	149215	6178	35	11	4	46	7.37112e-05	149231	0.787793	FALSE	NA	NA	NA	NA	NA	NA
NC_045512.2	15941	C	T	150778	6226	35	5	0	34	3.31578e-05	150794	1	FALSE	NA	NA	NA	NA	NA	NA
NC_045512.2	15941	C	G	150778	6226	35	3	0	31	1.98947e-05	150794	1	FALSE	NA	NA	NA	NA	NA	NA
NC_045512.2	15941	C	A	150778	6226	35	8	0	34	5.30525e-05	150794	1	FALSE	NA	NA	NA	NA	NA	NA
NC_045512.2	15942	A	T	151323	6461	35	4	0	34	2.64302e-05	151342	1	FALSE	NA	NA	NA	NA	NA	NA
NC_045512.2	15942	A	G	151323	6461	35	15	1	34	9.91133e-05	151342	1	FALSE	NA	NA	NA	NA	NA	NA
NC_045512.2	15943	T	C	151767	6861	36	16	3	37	0.00010541	151788	1	FALSE	NA	NA	NA	NA	NA	NA
NC_045512.2	15943	T	A	151767	6861	36	5	0	30	3.29407e-05	151788	1	FALSE	NA	NA	NA	NA	NA	NA
NC_045512.2	15943	T	-C	151767	6861	36	2	0	20	1.31759e-05	151792	1	FALSE	NA	NA	NA	NA	NA	NA
NC_045512.2	15944	C	T	152275	6889	36	4	0	34	2.62674e-05	152280	1	FALSE	NA	NA	NA	NA	NA	NA
NC_045512.2	15944	C	A	152275	6889	36	1	0	34	6.56685e-06	152280	1	FALSE	NA	NA	NA	NA	NA	NA
NC_045512.2	15945	A	G	152425	7226	36	10	0	35	6.56009e-05	152437	1	FALSE	NA	NA	NA	NA	NA	NA
NC_045512.2	15945	A	C	152425	7226	36	2	0	30	1.31202e-05	152437	1	FALSE	NA	NA	NA	NA	NA	NA
NC_045512.2	15946	A	T	150019	7232	35	2	0	34	1.33303e-05	150034	1	FALSE	NA	NA	NA	NA	NA	NA
NC_045512.2	15946	A	G	150019	7232	35	12	1	32	7.99819e-05	150034	1	FALSE	NA	NA	NA	NA	NA	NA
NC_045512.2	15946	A	C	150019	7232	35	1	1	24	6.66516e-06	150034	1	FALSE	NA	NA	NA	NA	NA	NA
NC_045512.2	15947	G	T	152871	7239	36	1	0	34	6.54099e-06	152882	1	FALSE	NA	NA	NA	NA	NA	NA
NC_045512.2	15947	G	C	152871	7239	36	1	0	34	6.54099e-06	152882	1	FALSE	NA	NA	NA	NA	NA	NA
NC_045512.2	15947	G	A	152871	7239	36	9	0	30	5.88689e-05	152882	1	FALSE	NA	NA	NA	NA	NA	NA
NC_045512.2	15948	A	G	151328	7271	35	9	0	33	5.94699e-05	151337	1	FALSE	NA	NA	NA	NA	NA	NA
NC_045512.2	15949	A	G	154299	7460	36	18	3	41	0.000116641	154320	0.364117	FALSE	NA	NA	NA	NA	NA	NA
NC_045512.2	15949	A	C	154299	7460	36	3	2	30	1.94401e-05	154320	1	FALSE	NA	NA	NA	NA	NA	NA
NC_045512.2	15950	T	G	155346	7447	36	3	0	34	1.93095e-05	155364	1	FALSE	NA	NA	NA	NA	NA	NA
NC_045512.2	15950	T	C	155346	7447	36	12	2	36	7.7238e-05	155364	1	FALSE	NA	NA	NA	NA	NA	NA
NC_045512.2	15950	T	A	155346	7447	36	3	0	28	1.93095e-05	155364	1	FALSE	NA	NA	NA	NA	NA	NA
NC_045512.2	15951	C	T	156451	7535	36	1	0	34	6.39166e-06	156454	1	FALSE	NA	NA	NA	NA	NA	NA
NC_045512.2	15951	C	G	156451	7535	36	2	0	26	1.27833e-05	156454	1	FALSE	NA	NA	NA	NA	NA	NA
NC_045512.2	15952	C	T	156396	7555	36	6	0	34	3.8359e-05	156417	1	FALSE	NA	NA	NA	NA	NA	NA
NC_045512.2	15952	C	G	156396	7555	36	5	0	29	3.19658e-05	156417	1	FALSE	NA	NA	NA	NA	NA	NA
NC_045512.2	15952	C	A	156396	7555	36	10	0	33	6.39317e-05	156417	1	FALSE	NA	NA	NA	NA	NA	NA
NC_045512.2	15953	T	C	156502	7645	36	11	1	32	7.02799e-05	156517	1	FALSE	NA	NA	NA	NA	NA	NA
NC_045512.2	15953	T	A	156502	7645	36	4	0	34	2.55563e-05	156517	1	FALSE	NA	NA	NA	NA	NA	NA
NC_045512.2	15954	A	T	155812	7688	36	1	0	34	6.41643e-06	155850	1	FALSE	NA	NA	NA	NA	NA	NA
NC_045512.2	15954	A	G	155812	7688	36	34	0	35	0.000218158	155850	1	FALSE	NA	NA	NA	NA	NA	NA
NC_045512.2	15954	A	C	155812	7688	36	3	0	34	1.92493e-05	155850	1	FALSE	NA	NA	NA	NA	NA	NA
NC_045512.2	15954	A	-G	155812	7688	36	7	0	20	4.49144e-05	155852	1	FALSE	NA	NA	NA	NA	NA	NA
NC_045512.2	15954	A	+G	155812	7688	36	1	0	20	6.41634e-06	155852	1	FALSE	NA	NA	NA	NA	NA	NA
NC_045512.2	15955	G	A	156695	7702	36	4	0	34	2.55266e-05	156699	1	FALSE	NA	NA	NA	NA	NA	NA
NC_045512.2	15956	G	T	156670	8335	36	3	0	34	1.91472e-05	156681	1	FALSE	NA	NA	NA	NA	NA	NA
NC_045512.2	15956	G	A	156670	8335	36	8	1	37	5.10592e-05	156681	1	FALSE	NA	NA	NA	NA	NA	NA
NC_045512.2	15957	G	T	157186	8358	36	3	0	34	1.90838e-05	157201	1	FALSE	NA	NA	NA	NA	NA	NA
NC_045512.2	15957	G	C	157186	8358	36	5	1	32	3.18064e-05	157201	1	FALSE	NA	NA	NA	NA	NA	NA
NC_045512.2	15957	G	A	157186	8358	36	7	0	31	4.4529e-05	157201	1	FALSE	NA	NA	NA	NA	NA	NA
NC_045512.2	15958	G	C	157258	8435	36	2	1	29	1.27168e-05	157272	1	FALSE	NA	NA	NA	NA	NA	NA
NC_045512.2	15958	G	A	157258	8435	36	12	0	36	7.63009e-05	157272	1	FALSE	NA	NA	NA	NA	NA	NA
NC_045512.2	15959	C	T	157024	8569	36	28	1	34	0.000178276	157060	1	FALSE	NA	NA	NA	NA	NA	NA
NC_045512.2	15959	C	G	157024	8569	36	8	0	33	5.09359e-05	157060	1	FALSE	NA	NA	NA	NA	NA	NA
NC_045512.2	15960	C	T	157518	8567	36	42	1	34	0.000266555	157566	1	FALSE	NA	NA	NA	NA	NA	NA
NC_045512.2	15960	C	G	157518	8567	36	3	0	45	1.90396e-05	157566	0.999343	FALSE	NA	NA	NA	NA	NA	NA
NC_045512.2	15960	C	A	157518	8567	36	3	0	34	1.90396e-05	157566	1	FALSE	NA	NA	NA	NA	NA	NA
NC_045512.2	15961	G	T	157583	8566	36	5	0	34	3.17217e-05	157621	1	FALSE	NA	NA	NA	NA	NA	NA
NC_045512.2	15961	G	A	157583	8566	36	33	9	45	0.000209363	157621	0.00663615	TRUE	NA	NA	NA	NA	NA	NA
NC_045512.2	15962	G	T	157595	8609	36	6	1	34	3.80609e-05	157642	1	FALSE	NA	NA	NA	NA	NA	NA
NC_045512.2	15962	G	C	157595	8609	36	1	0	26	6.34349e-06	157642	1	FALSE	NA	NA	NA	NA	NA	NA
NC_045512.2	15962	G	A	157595	8609	36	40	5	40	0.000253739	157642	0.000507128	TRUE	NA	NA	NA	NA	NA	NA
NC_045512.2	15963	C	T	157935	8896	36	18	0	34	0.000113955	157957	1	FALSE	NA	NA	NA	NA	NA	NA
NC_045512.2	15963	C	G	157935	8896	36	2	0	34	1.26617e-05	157957	1	FALSE	NA	NA	NA	NA	NA	NA
NC_045512.2	15963	C	A	157935	8896	36	2	0	30	1.26617e-05	157957	1	FALSE	NA	NA	NA	NA	NA	NA
NC_045512.2	15964	T	G	156813	9016	36	6	0	34	3.82585e-05	156828	1	FALSE	NA	NA	NA	NA	NA	NA
NC_045512.2	15964	T	C	156813	9016	36	9	0	33	5.73877e-05	156828	1	FALSE	NA	NA	NA	NA	NA	NA
NC_045512.2	15965	G	T	160967	9125	36	9	0	34	5.59062e-05	160984	1	FALSE	NA	NA	NA	NA	NA	NA
NC_045512.2	15965	G	A	160967	9125	36	8	0	34	4.96944e-05	160984	1	FALSE	NA	NA	NA	NA	NA	NA
NC_045512.2	15965	G	-T	160967	9125	36	2	0	20	1.24236e-05	160984	1	FALSE	NA	NA	NA	NA	NA	NA
NC_045512.2	15966	T	G	160727	9291	36	9	0	30	5.59893e-05	160745	1	FALSE	NA	NA	NA	NA	NA	NA
NC_045512.2	15966	T	C	160727	9291	36	9	2	44	5.59893e-05	160745	0.946114	FALSE	NA	NA	NA	NA	NA	NA
NC_045512.2	15967	T	G	160679	9038	36	1	1	20	6.22332e-06	160686	1	FALSE	NA	NA	NA	NA	NA	NA
NC_045512.2	15967	T	C	160679	9038	36	6	0	38	3.73399e-05	160686	1	FALSE	NA	NA	NA	NA	NA	NA
NC_045512.2	15968	T	C	161677	10976	37	17	1	36	0.000105137	161694	1	FALSE	NA	NA	NA	NA	NA	NA
NC_045512.2	15969	T	G	153835	11774	37	1	0	34	6.49992e-06	153848	1	FALSE	NA	NA	NA	NA	NA	NA
NC_045512.2	15969	T	C	153835	11774	37	11	0	33	7.14991e-05	153848	1	FALSE	NA	NA	NA	NA	NA	NA
NC_045512.2	15969	T	A	153835	11774	37	1	0	34	6.49992e-06	153848	1	FALSE	NA	NA	NA	NA	NA	NA
NC_045512.2	15970	G	T	155503	11784	37	2	1	30	1.28607e-05	155512	1	FALSE	NA	NA	NA	NA	NA	NA
NC_045512.2	15970	G	C	155503	11784	37	1	0	26	6.43037e-06	155512	1	FALSE	NA	NA	NA	NA	NA	NA
NC_045512.2	15970	G	A	155503	11784	37	6	1	38	3.85822e-05	155512	1	FALSE	NA	NA	NA	NA	NA	NA
NC_045512.2	15971	T	G	155188	11788	37	2	0	30	1.28864e-05	155202	1	FALSE	NA	NA	NA	NA	NA	NA
NC_045512.2	15971	T	C	155188	11788	37	7	1	31	4.51025e-05	155202	1	FALSE	NA	NA	NA	NA	NA	NA
NC_045512.2	15971	T	A	155188	11788	37	5	0	34	3.22161e-05	155202	1	FALSE	NA	NA	NA	NA	NA	NA
NC_045512.2	15972	A	T	155045	11899	37	2	0	34	1.28966e-05	155080	1	FALSE	NA	NA	NA	NA	NA	NA
NC_045512.2	15972	A	G	155045	11899	37	32	0	33	0.000206345	155080	1	FALSE	NA	NA	NA	NA	NA	NA
NC_045512.2	15972	A	C	155045	11899	37	1	0	34	6.44828e-06	155080	1	FALSE	NA	NA	NA	NA	NA	NA
NC_045512.2	15973	G	T	155403	11899	37	5	0	34	3.21728e-05	155411	1	FALSE	NA	NA	NA	NA	NA	NA
NC_045512.2	15973	G	A	155403	11899	37	3	0	34	1.93037e-05	155411	1	FALSE	NA	NA	NA	NA	NA	NA
NC_045512.2	15974	A	G	150470	13563	37	5	0	34	3.32281e-05	150475	1	FALSE	NA	NA	NA	NA	NA	NA
NC_045512.2	15975	T	G	152673	13546	37	6	0	30	3.9295e-05	152691	1	FALSE	NA	NA	NA	NA	NA	NA
NC_045512.2	15975	T	C	152673	13546	37	7	2	38	4.58442e-05	152691	1	FALSE	NA	NA	NA	NA	NA	NA
NC_045512.2	15975	T	A	152673	13546	37	5	3	61	3.27459e-05	152691	0.0312428	FALSE	NA	NA	NA	NA	NA	NA
NC_045512.2	15976	G	T	152553	13536	37	4	0	34	2.6219e-05	152561	1	FALSE	NA	NA	NA	NA	NA	NA
NC_045512.2	15976	G	A	152553	13536	37	4	0	34	2.6219e-05	152561	1	FALSE	NA	NA	NA	NA	NA	NA
NC_045512.2	15977	A	T	152377	13748	37	3	0	34	1.96861e-05	152392	1	FALSE	NA	NA	NA	NA	NA	NA
NC_045512.2	15977	A	G	152377	13748	37	11	3	38	7.21823e-05	152392	1	FALSE	NA	NA	NA	NA	NA	NA
NC_045512.2	15977	A	C	152377	13748	37	1	0	34	6.56202e-06	152392	1	FALSE	NA	NA	NA	NA	NA	NA
NC_045512.2	15978	T	G	152349	13775	37	2	0	30	1.31264e-05	152365	1	FALSE	NA	NA	NA	NA	NA	NA
NC_045512.2	15978	T	C	152349	13775	37	9	0	34	5.90687e-05	152365	1	FALSE	NA	NA	NA	NA	NA	NA
NC_045512.2	15978	T	A	152349	13775	37	5	3	36	3.28159e-05	152365	1	FALSE	NA	NA	NA	NA	NA	NA
NC_045512.2	15979	A	T	148498	14763	37	1	0	26	6.73342e-06	148513	1	FALSE	NA	NA	NA	NA	NA	NA
NC_045512.2	15979	A	G	148498	14763	37	14	1	35	9.42678e-05	148513	1	FALSE	NA	NA	NA	NA	NA	NA
NC_045512.2	15980	T	G	150680	15567	38	1	0	26	6.63605e-06	150692	1	FALSE	NA	NA	NA	NA	NA	NA
NC_045512.2	15980	T	C	150680	15567	38	10	3	42	6.63605e-05	150692	0.885245	FALSE	NA	NA	NA	NA	NA	NA
NC_045512.2	15980	T	A	150680	15567	38	1	0	34	6.63605e-06	150692	1	FALSE	NA	NA	NA	NA	NA	NA
NC_045512.2	15981	C	T	147329	16685	38	8	2	51	5.42947e-05	147344	0.019527	FALSE	NA	NA	NA	NA	NA	NA
NC_045512.2	15981	C	A	147329	16685	38	7	0	32	4.75079e-05	147344	1	FALSE	NA	NA	NA	NA	NA	NA
NC_045512.2	15982	G	A	147422	16638	38	39	5	36	0.000264477	147461	1	FALSE	NA	NA	NA	NA	NA	NA
NC_045512.2	15983	T	G	147032	16841	38	3	0	34	2.04011e-05	147051	1	FALSE	NA	NA	NA	NA	NA	NA
NC_045512.2	15983	T	C	147032	16841	38	16	1	42	0.000108806	147051	0.427749	FALSE	NA	NA	NA	NA	NA	NA
NC_045512.2	15983	T	-A	147032	16841	38	14	0	20	9.52051e-05	147051	1	FALSE	NA	NA	NA	NA	NA	NA
NC_045512.2	15983	T	+A	147032	16841	38	1	0	20	6.80036e-06	147051	1	FALSE	NA	NA	NA	NA	NA	NA
NC_045512.2	15984	A	T	140562	17455	37	1	0	34	7.11394e-06	140569	1	FALSE	NA	NA	NA	NA	NA	NA
NC_045512.2	15984	A	G	140562	17455	37	5	0	34	3.55697e-05	140569	1	FALSE	NA	NA	NA	NA	NA	NA
NC_045512.2	15984	A	C	140562	17455	37	1	0	34	7.11394e-06	140569	1	FALSE	NA	NA	NA	NA	NA	NA
NC_045512.2	15985	A	G	142106	17500	37	14	0	33	9.85069e-05	142122	1	FALSE	NA	NA	NA	NA	NA	NA
NC_045512.2	15985	A	C	142106	17500	37	2	0	51	1.40724e-05	142122	0.499966	FALSE	NA	NA	NA	NA	NA	NA
NC_045512.2	15986	A	G	121887	18027	35	3	0	34	2.46117e-05	121893	1	FALSE	NA	NA	NA	NA	NA	NA
NC_045512.2	15986	A	C	121887	18027	35	3	0	28	2.46117e-05	121893	1	FALSE	NA	NA	NA	NA	NA	NA
NC_045512.2	15987	A	T	138763	18178	37	1	0	34	7.20565e-06	138780	1	FALSE	NA	NA	NA	NA	NA	NA
NC_045512.2	15987	A	G	138763	18178	37	14	4	39	0.000100879	138780	1	FALSE	NA	NA	NA	NA	NA	NA
NC_045512.2	15987	A	C	138763	18178	37	2	0	34	1.44113e-05	138780	1	FALSE	NA	NA	NA	NA	NA	NA
NC_045512.2	15988	A	T	128402	18946	36	2	0	34	1.55745e-05	128415	1	FALSE	NA	NA	NA	NA	NA	NA
NC_045512.2	15988	A	G	128402	18946	36	10	1	34	7.78725e-05	128415	1	FALSE	NA	NA	NA	NA	NA	NA
NC_045512.2	15988	A	C	128402	18946	36	1	1	34	7.78725e-06	128415	1	FALSE	NA	NA	NA	NA	NA	NA
NC_045512.2	15989	C	T	131288	19012	37	10	3	51	7.61609e-05	131301	0.00585815	TRUE	NA	NA	NA	NA	NA	NA
NC_045512.2	15989	C	A	131288	19012	37	3	0	34	2.28483e-05	131301	1	FALSE	NA	NA	NA	NA	NA	NA
NC_045512.2	15990	A	T	130670	18679	37	4	2	34	3.06058e-05	130694	1	FALSE	NA	NA	NA	NA	NA	NA
NC_045512.2	15990	A	G	130670	18679	37	18	3	36	0.000137726	130694	1	FALSE	NA	NA	NA	NA	NA	NA
NC_045512.2	15990	A	C	130670	18679	37	2	0	34	1.53029e-05	130694	1	FALSE	NA	NA	NA	NA	NA	NA
NC_045512.2	15991	G	T	135306	18816	37	28	3	35	0.000206891	135337	1	FALSE	NA	NA	NA	NA	NA	NA
NC_045512.2	15991	G	A	135306	18816	37	3	2	56	2.21669e-05	135337	0.312424	FALSE	NA	NA	NA	NA	NA	NA
NC_045512.2	15992	A	T	136937	19754	37	2	1	47	1.46022e-05	136966	0.999511	FALSE	NA	NA	NA	NA	NA	NA
NC_045512.2	15992	A	G	136937	19754	37	24	2	34	0.000175226	136966	1	FALSE	NA	NA	NA	NA	NA	NA
NC_045512.2	15992	A	C	136937	19754	37	3	1	34	2.19032e-05	136966	1	FALSE	NA	NA	NA	NA	NA	NA
NC_045512.2	15993	T	C	134843	20101	37	16	3	37	0.000118642	134859	1	FALSE	NA	NA	NA	NA	NA	NA
NC_045512.2	15994	G	T	134663	20055	37	3	1	45	2.2275e-05	134680	0.997909	FALSE	NA	NA	NA	NA	NA	NA
NC_045512.2	15994	G	C	134663	20055	37	1	1	34	7.42501e-06	134680	1	FALSE	NA	NA	NA	NA	NA	NA
NC_045512.2	15994	G	A	134663	20055	37	13	1	38	9.65251e-05	134680	1	FALSE	NA	NA	NA	NA	NA	NA
NC_045512.2	15995	G	T	138689	20221	37	6	3	51	4.32585e-05	138701	0.0624917	FALSE	NA	NA	NA	NA	NA	NA
NC_045512.2	15995	G	A	138689	20221	37	6	0	34	4.32585e-05	138701	1	FALSE	NA	NA	NA	NA	NA	NA
NC_045512.2	15996	T	G	138367	20294	37	10	0	32	7.22522e-05	138404	1	FALSE	NA	NA	NA	NA	NA	NA
NC_045512.2	15996	T	C	138367	20294	37	17	3	37	0.000122829	138404	1	FALSE	NA	NA	NA	NA	NA	NA
NC_045512.2	15996	T	A	138367	20294	37	10	2	34	7.22522e-05	138404	1	FALSE	NA	NA	NA	NA	NA	NA
NC_045512.2	15996	T	+A	138367	20294	37	1	0	20	7.22522e-06	138404	1	FALSE	NA	NA	NA	NA	NA	NA
NC_045512.2	15997	A	T	134744	20669	37	2	1	47	1.4841e-05	134762	0.999512	FALSE	NA	NA	NA	NA	NA	NA
NC_045512.2	15997	A	G	134744	20669	37	16	2	35	0.000118728	134762	1	FALSE	NA	NA	NA	NA	NA	NA
NC_045512.2	15998	C	T	127790	21521	37	4	0	34	3.12984e-05	127802	1	FALSE	NA	NA	NA	NA	NA	NA
NC_045512.2	15998	C	G	127790	21521	37	6	0	31	4.69476e-05	127802	1	FALSE	NA	NA	NA	NA	NA	NA
NC_045512.2	15998	C	A	127790	21521	37	2	1	34	1.56492e-05	127802	1	FALSE	NA	NA	NA	NA	NA	NA
NC_045512.2	15999	A	G	130842	21615	37	10	3	36	7.64222e-05	130852	1	FALSE	NA	NA	NA	NA	NA	NA
NC_045512.2	16000	C	T	132325	21836	37	3	0	45	2.26701e-05	132333	0.99791	FALSE	NA	NA	NA	NA	NA	NA
NC_045512.2	16000	C	G	132325	21836	37	2	0	30	1.51134e-05	132333	1	FALSE	NA	NA	NA	NA	NA	NA
NC_045512.2	16000	C	A	132325	21836	37	3	0	34	2.26701e-05	132333	1	FALSE	NA	NA	NA	NA	NA	NA
NC_045512.2	16001	T	G	131721	21617	37	4	0	32	3.03631e-05	131739	1	FALSE	NA	NA	NA	NA	NA	NA
NC_045512.2	16001	T	C	131721	21617	37	7	1	38	5.31354e-05	131739	1	FALSE	NA	NA	NA	NA	NA	NA
NC_045512.2	16001	T	A	131721	21617	37	7	0	33	5.31354e-05	131739	1	FALSE	NA	NA	NA	NA	NA	NA
NC_045512.2	16002	T	G	131428	21544	37	4	2	30	3.04287e-05	131455	1	FALSE	NA	NA	NA	NA	NA	NA
NC_045512.2	16002	T	C	131428	21544	37	16	5	32	0.000121715	131455	1	FALSE	NA	NA	NA	NA	NA	NA
NC_045512.2	16002	T	A	131428	21544	37	7	3	32	5.32502e-05	131455	1	FALSE	NA	NA	NA	NA	NA	NA
NC_045512.2	16003	A	T	131429	21665	37	1	0	34	7.60821e-06	131437	1	FALSE	NA	NA	NA	NA	NA	NA
NC_045512.2	16003	A	G	131429	21665	37	6	0	31	4.56492e-05	131437	1	FALSE	NA	NA	NA	NA	NA	NA
NC_045512.2	16003	A	C	131429	21665	37	1	1	27	7.60821e-06	131437	1	FALSE	NA	NA	NA	NA	NA	NA
NC_045512.2	16004	T	G	132184	21029	37	3	0	34	2.26936e-05	132196	1	FALSE	NA	NA	NA	NA	NA	NA
NC_045512.2	16004	T	C	132184	21029	37	7	1	42	5.29517e-05	132196	0.94234	FALSE	NA	NA	NA	NA	NA	NA
NC_045512.2	16004	T	A	132184	21029	37	2	0	34	1.51291e-05	132196	1	FALSE	NA	NA	NA	NA	NA	NA
NC_045512.2	16005	G	T	131930	21067	37	4	1	42	3.03161e-05	131943	0.993636	FALSE	NA	NA	NA	NA	NA	NA
NC_045512.2	16005	G	C	131930	21067	37	1	0	26	7.57903e-06	131943	1	FALSE	NA	NA	NA	NA	NA	NA
NC_045512.2	16005	G	A	131930	21067	37	8	1	35	6.06322e-05	131943	1	FALSE	NA	NA	NA	NA	NA	NA
NC_045512.2	16006	A	T	133105	22313	37	1	1	24	7.51191e-06	133122	1	FALSE	NA	NA	NA	NA	NA	NA
NC_045512.2	16006	A	G	133105	22313	37	16	1	30	0.000120191	133122	1	FALSE	NA	NA	NA	NA	NA	NA
NC_045512.2	16007	T	G	126675	22939	37	2	1	26	1.57866e-05	126690	1	FALSE	NA	NA	NA	NA	NA	NA
NC_045512.2	16007	T	C	126675	22939	37	8	3	34	6.31463e-05	126690	1	FALSE	NA	NA	NA	NA	NA	NA
NC_045512.2	16007	T	A	126675	22939	37	5	0	30	3.94664e-05	126690	1	FALSE	NA	NA	NA	NA	NA	NA
NC_045512.2	16008	T	G	124436	22975	37	1	0	34	8.03555e-06	124447	1	FALSE	NA	NA	NA	NA	NA	NA
NC_045512.2	16008	T	C	124436	22975	37	9	1	31	7.23199e-05	124447	1	FALSE	NA	NA	NA	NA	NA	NA
NC_045512.2	16008	T	A	124436	22975	37	1	0	26	8.03555e-06	124447	1	FALSE	NA	NA	NA	NA	NA	NA
NC_045512.2	16009	G	T	124520	22986	37	1	0	68	8.03026e-06	124529	0.499986	FALSE	NA	NA	NA	NA	NA	NA
NC_045512.2	16009	G	C	124520	22986	37	4	1	34	3.2121e-05	124529	1	FALSE	NA	NA	NA	NA	NA	NA
NC_045512.2	16009	G	A	124520	22986	37	4	2	34	3.2121e-05	124529	1	FALSE	NA	NA	NA	NA	NA	NA
NC_045512.2	16010	A	T	124149	23030	37	1	1	60	8.05425e-06	124158	0.499986	FALSE	NA	NA	NA	NA	NA	NA
NC_045512.2	16010	A	G	124149	23030	37	6	1	34	4.83255e-05	124158	1	FALSE	NA	NA	NA	NA	NA	NA
NC_045512.2	16010	A	C	124149	23030	37	2	1	51	1.61085e-05	124158	0.499982	FALSE	NA	NA	NA	NA	NA	NA
NC_045512.2	16011	A	T	123915	23714	37	2	0	34	1.61376e-05	123934	1	FALSE	NA	NA	NA	NA	NA	NA
NC_045512.2	16011	A	G	123915	23714	37	14	1	37	0.000112963	123934	1	FALSE	NA	NA	NA	NA	NA	NA
NC_045512.2	16011	A	C	123915	23714	37	3	0	34	2.42064e-05	123934	1	FALSE	NA	NA	NA	NA	NA	NA
NC_045512.2	16011	A	-C	123915	23714	37	1	0	20	8.06881e-06	123934	1	FALSE	NA	NA	NA	NA	NA	NA
NC_045512.2	16012	C	T	121721	23933	37	23	5	41	0.000188854	121787	0.0446555	FALSE	NA	NA	NA	NA	NA	NA
NC_045512.2	16012	C	A	121721	23933	37	43	12	36	0.000353075	121787	1	FALSE	NA	NA	NA	NA	NA	NA
NC_045512.2	16013	G	T	121346	23479	37	1	1	34	8.24035e-06	121354	1	FALSE	NA	NA	NA	NA	NA	NA
NC_045512.2	16013	G	C	121346	23479	37	3	3	26	2.47211e-05	121354	1	FALSE	NA	NA	NA	NA	NA	NA
NC_045512.2	16013	G	A	121346	23479	37	4	1	34	3.29614e-05	121354	1	FALSE	NA	NA	NA	NA	NA	NA
NC_045512.2	16014	G	T	123338	23705	37	1	0	34	8.10714e-06	123348	1	FALSE	NA	NA	NA	NA	NA	NA
NC_045512.2	16014	G	A	123338	23705	37	9	0	34	7.29643e-05	123348	1	FALSE	NA	NA	NA	NA	NA	NA
NC_045512.2	16015	T	G	119713	20522	36	4	0	32	3.34082e-05	119731	1	FALSE	NA	NA	NA	NA	NA	NA
NC_045512.2	16015	T	C	119713	20522	36	14	0	38	0.000116929	119731	1	FALSE	NA	NA	NA	NA	NA	NA
NC_045512.2	16016	T	G	123245	25187	37	4	0	34	3.24512e-05	123262	1	FALSE	NA	NA	NA	NA	NA	NA
NC_045512.2	16016	T	C	123245	25187	37	11	2	46	8.92408e-05	123262	0.661151	FALSE	NA	NA	NA	NA	NA	NA
NC_045512.2	16016	T	A	123245	25187	37	2	0	30	1.62256e-05	123262	1	FALSE	NA	NA	NA	NA	NA	NA
NC_045512.2	16017	C	T	104946	26561	36	2	1	34	1.9056e-05	104954	1	FALSE	NA	NA	NA	NA	NA	NA
NC_045512.2	16017	C	G	104946	26561	36	4	0	30	3.81119e-05	104954	1	FALSE	NA	NA	NA	NA	NA	NA
NC_045512.2	16017	C	A	104946	26561	36	2	1	34	1.9056e-05	104954	1	FALSE	NA	NA	NA	NA	NA	NA
NC_045512.2	16018	G	T	104950	26548	36	6	5	34	5.71603e-05	104968	1	FALSE	NA	NA	NA	NA	NA	NA
NC_045512.2	16018	G	A	104950	26548	36	12	1	34	0.000114321	104968	1	FALSE	NA	NA	NA	NA	NA	NA
NC_045512.2	16019	T	C	105154	28158	37	12	2	33	0.000114102	105169	1	FALSE	NA	NA	NA	NA	NA	NA
NC_045512.2	16019	T	A	105154	28158	37	3	0	31	2.85255e-05	105169	1	FALSE	NA	NA	NA	NA	NA	NA
NC_045512.2	16020	G	T	105307	28284	37	6	0	34	5.69709e-05	105317	1	FALSE	NA	NA	NA	NA	NA	NA
NC_045512.2	16020	G	C	105307	28284	37	2	2	34	1.89903e-05	105317	1	FALSE	NA	NA	NA	NA	NA	NA
NC_045512.2	16020	G	A	105307	28284	37	2	2	34	1.89903e-05	105317	1	FALSE	NA	NA	NA	NA	NA	NA
NC_045512.2	16021	T	G	104974	28103	36	2	0	30	1.90505e-05	104984	1	FALSE	NA	NA	NA	NA	NA	NA
NC_045512.2	16021	T	C	104974	28103	36	8	0	33	7.62021e-05	104984	1	FALSE	NA	NA	NA	NA	NA	NA
NC_045512.2	16022	C	T	103408	29098	37	2	1	34	1.93388e-05	103419	1	FALSE	NA	NA	NA	NA	NA	NA
NC_045512.2	16022	C	A	103408	29098	37	9	0	45	8.70246e-05	103419	0.676197	FALSE	NA	NA	NA	NA	NA	NA
NC_045512.2	16022	C	-T	103408	29098	37	2	0	20	1.93388e-05	103419	1	FALSE	NA	NA	NA	NA	NA	NA
NC_045512.2	16023	T	G	102079	27796	37	6	1	55	5.87711e-05	102091	0.0624855	FALSE	NA	NA	NA	NA	NA	NA
NC_045512.2	16023	T	C	102079	27796	37	5	1	40	4.89759e-05	102091	0.940754	FALSE	NA	NA	NA	NA	NA	NA
NC_045512.2	16023	T	A	102079	27796	37	1	0	26	9.79518e-06	102091	1	FALSE	NA	NA	NA	NA	NA	NA
NC_045512.2	16024	T	G	101685	27509	36	3	0	31	2.95014e-05	101690	1	FALSE	NA	NA	NA	NA	NA	NA
NC_045512.2	16024	T	C	101685	27509	36	2	0	34	1.96676e-05	101690	1	FALSE	NA	NA	NA	NA	NA	NA
NC_045512.2	16025	T	G	101939	27971	37	1	0	34	9.80825e-06	101955	1	FALSE	NA	NA	NA	NA	NA	NA
NC_045512.2	16025	T	C	101939	27971	37	14	5	34	0.000137315	101955	1	FALSE	NA	NA	NA	NA	NA	NA
NC_045512.2	16025	T	A	101939	27971	37	1	0	26	9.80825e-06	101955	1	FALSE	NA	NA	NA	NA	NA	NA
NC_045512.2	16026	A	T	102616	27957	36	2	1	30	1.94867e-05	102634	1	FALSE	NA	NA	NA	NA	NA	NA
NC_045512.2	16026	A	G	102616	27957	36	14	4	36	0.000136407	102634	1	FALSE	NA	NA	NA	NA	NA	NA
NC_045512.2	16026	A	C	102616	27957	36	2	2	26	1.94867e-05	102634	1	FALSE	NA	NA	NA	NA	NA	NA
NC_045512.2	16028	C	T	88665	30649	36	1	0	34	1.12779e-05	88669	1	FALSE	NA	NA	NA	NA	NA	NA
NC_045512.2	16028	C	G	88665	30649	36	3	0	40	3.38337e-05	88669	0.967289	FALSE	NA	NA	NA	NA	NA	NA
NC_045512.2	16029	T	G	89762	31691	36	3	0	34	3.34184e-05	89771	1	FALSE	NA	NA	NA	NA	NA	NA
NC_045512.2	16029	T	C	89762	31691	36	4	2	42	4.45578e-05	89771	0.926998	FALSE	NA	NA	NA	NA	NA	NA
NC_045512.2	16029	T	A	89762	31691	36	2	1	30	2.22789e-05	89771	1	FALSE	NA	NA	NA	NA	NA	NA
NC_045512.2	16030	A	T	91611	32966	36	1	1	68	1.0915e-05	91617	0.499989	FALSE	NA	NA	NA	NA	NA	NA
NC_045512.2	16030	A	G	91611	32966	36	4	2	32	4.366e-05	91617	1	FALSE	NA	NA	NA	NA	NA	NA
NC_045512.2	16030	A	C	91611	32966	36	1	1	34	1.0915e-05	91617	1	FALSE	NA	NA	NA	NA	NA	NA
NC_045512.2	16031	T	G	91517	32938	36	1	0	34	1.09263e-05	91522	1	FALSE	NA	NA	NA	NA	NA	NA
NC_045512.2	16031	T	C	91517	32938	36	2	1	51	2.18527e-05	91522	0.249993	FALSE	NA	NA	NA	NA	NA	NA
NC_045512.2	16031	T	A	91517	32938	36	2	0	51	2.18527e-05	91522	0.249993	FALSE	NA	NA	NA	NA	NA	NA
NC_045512.2	16032	A	T	90684	32919	36	1	0	34	1.10265e-05	90691	1	FALSE	NA	NA	NA	NA	NA	NA
NC_045512.2	16032	A	G	90684	32919	36	5	4	34	5.51323e-05	90691	1	FALSE	NA	NA	NA	NA	NA	NA
NC_045512.2	16032	A	C	90684	32919	36	1	1	34	1.10265e-05	90691	1	FALSE	NA	NA	NA	NA	NA	NA
NC_045512.2	16033	G	T	88275	33271	36	1	0	34	1.1328e-05	88277	1	FALSE	NA	NA	NA	NA	NA	NA
NC_045512.2	16033	G	C	88275	33271	36	1	1	34	1.1328e-05	88277	1	FALSE	NA	NA	NA	NA	NA	NA
NC_045512.2	16034	A	T	88285	34101	36	1	0	34	1.13263e-05	88290	1	FALSE	NA	NA	NA	NA	NA	NA
NC_045512.2	16034	A	G	88285	34101	36	4	2	30	4.53052e-05	88290	1	FALSE	NA	NA	NA	NA	NA	NA
NC_045512.2	16035	T	C	89960	33640	36	3	0	31	3.33456e-05	89967	1	FALSE	NA	NA	NA	NA	NA	NA
NC_045512.2	16035	T	A	89960	33640	36	4	1	32	4.44607e-05	89967	1	FALSE	NA	NA	NA	NA	NA	NA
NC_045512.2	16036	G	A	89713	33221	36	17	10	35	0.000189457	89730	1	FALSE	NA	NA	NA	NA	NA	NA
NC_045512.2	16037	C	T	84834	35436	36	6	1	34	7.07205e-05	84841	1	FALSE	NA	NA	NA	NA	NA	NA
NC_045512.2	16037	C	A	84834	35436	36	1	0	26	1.17868e-05	84841	1	FALSE	NA	NA	NA	NA	NA	NA
NC_045512.2	16037	C	-T	84834	35436	36	1	0	20	1.17868e-05	84841	1	FALSE	NA	NA	NA	NA	NA	NA
NC_045512.2	16038	T	G	85139	35336	36	2	1	34	2.34874e-05	85152	1	FALSE	NA	NA	NA	NA	NA	NA
NC_045512.2	16038	T	C	85139	35336	36	10	4	34	0.000117437	85152	1	FALSE	NA	NA	NA	NA	NA	NA
NC_045512.2	16038	T	A	85139	35336	36	1	0	34	1.17437e-05	85152	1	FALSE	NA	NA	NA	NA	NA	NA
NC_045512.2	16039	T	G	85082	35339	36	1	0	34	1.17521e-05	85091	1	FALSE	NA	NA	NA	NA	NA	NA
NC_045512.2	16039	T	C	85082	35339	36	8	5	32	9.4017e-05	85091	1	FALSE	NA	NA	NA	NA	NA	NA
NC_045512.2	16039	T	-A	85082	35339	36	1	0	20	1.17521e-05	85091	1	FALSE	NA	NA	NA	NA	NA	NA
NC_045512.2	16040	A	T	84255	35345	36	1	1	34	1.18673e-05	84265	1	FALSE	NA	NA	NA	NA	NA	NA
NC_045512.2	16040	A	G	84255	35345	36	9	5	34	0.000106806	84265	1	FALSE	NA	NA	NA	NA	NA	NA
NC_045512.2	16040	A	-C	84255	35345	36	2	0	20	2.37344e-05	84266	1	FALSE	NA	NA	NA	NA	NA	NA
NC_045512.2	16040	A	+C	84255	35345	36	1	0	20	1.18672e-05	84266	1	FALSE	NA	NA	NA	NA	NA	NA
NC_045512.2	16041	C	T	82607	35629	36	6	6	39	7.26278e-05	82613	1	FALSE	NA	NA	NA	NA	NA	NA
NC_045512.2	16042	C	T	83360	37251	36	3	1	34	3.59863e-05	83365	1	FALSE	NA	NA	NA	NA	NA	NA
NC_045512.2	16042	C	A	83360	37251	36	2	2	68	2.39909e-05	83365	0.249993	FALSE	NA	NA	NA	NA	NA	NA
NC_045512.2	16043	C	T	84679	38616	36	5	3	34	5.9043e-05	84684	1	FALSE	NA	NA	NA	NA	NA	NA
NC_045512.2	16044	A	T	86033	40250	36	2	1	34	2.32455e-05	86038	1	FALSE	NA	NA	NA	NA	NA	NA
NC_045512.2	16044	A	G	86033	40250	36	3	0	31	3.48683e-05	86038	1	FALSE	NA	NA	NA	NA	NA	NA
NC_045512.2	16045	C	T	87782	40451	36	1	1	26	1.13913e-05	87786	1	FALSE	NA	NA	NA	NA	NA	NA
NC_045512.2	16045	C	G	87782	40451	36	1	0	26	1.13913e-05	87786	1	FALSE	NA	NA	NA	NA	NA	NA
NC_045512.2	16045	C	A	87782	40451	36	2	0	34	2.27827e-05	87786	1	FALSE	NA	NA	NA	NA	NA	NA
NC_045512.2	16045	C	-T	87782	40451	36	2	0	20	2.27827e-05	87786	1	FALSE	NA	NA	NA	NA	NA	NA
NC_045512.2	16046	T	G	87331	39875	36	1	0	26	1.14491e-05	87343	1	FALSE	NA	NA	NA	NA	NA	NA
NC_045512.2	16046	T	C	87331	39875	36	9	3	30	0.000103042	87343	1	FALSE	NA	NA	NA	NA	NA	NA
NC_045512.2	16046	T	A	87331	39875	36	2	1	29	2.28982e-05	87343	1	FALSE	NA	NA	NA	NA	NA	NA
NC_045512.2	16047	T	C	87545	40069	36	10	4	33	0.000114214	87555	1	FALSE	NA	NA	NA	NA	NA	NA
NC_045512.2	16048	A	G	87198	40110	36	3	2	34	3.44029e-05	87202	1	FALSE	NA	NA	NA	NA	NA	NA
NC_045512.2	16048	A	C	87198	40110	36	1	1	34	1.14676e-05	87202	1	FALSE	NA	NA	NA	NA	NA	NA
NC_045512.2	16049	C	T	86720	41419	36	6	3	39	6.91826e-05	86727	1	FALSE	NA	NA	NA	NA	NA	NA
NC_045512.2	16049	C	G	86720	41419	36	1	0	34	1.15304e-05	86727	1	FALSE	NA	NA	NA	NA	NA	NA
NC_045512.2	16050	T	C	86336	40949	36	7	3	30	8.1072e-05	86343	1	FALSE	NA	NA	NA	NA	NA	NA
NC_045512.2	16050	T	-A	86336	40949	36	1	0	20	1.15817e-05	86343	1	FALSE	NA	NA	NA	NA	NA	NA
NC_045512.2	16051	A	G	89074	43831	36	6	1	32	6.73537e-05	89082	1	FALSE	NA	NA	NA	NA	NA	NA
NC_045512.2	16051	A	C	89074	43831	36	2	1	34	2.24512e-05	89082	1	FALSE	NA	NA	NA	NA	NA	NA
NC_045512.2	16052	A	G	87892	43813	36	7	4	38	7.96369e-05	87899	1	FALSE	NA	NA	NA	NA	NA	NA
NC_045512.2	16053	A	G	88816	44808	36	14	6	36	0.000157603	88831	1	FALSE	NA	NA	NA	NA	NA	NA
NC_045512.2	16053	A	C	88816	44808	36	1	0	26	1.12573e-05	88831	1	FALSE	NA	NA	NA	NA	NA	NA
NC_045512.2	16054	C	T	91819	47927	36	2	1	34	2.17815e-05	91821	1	FALSE	NA	NA	NA	NA	NA	NA
NC_045512.2	16055	A	T	90943	46354	36	6	4	39	6.59667e-05	90955	1	FALSE	NA	NA	NA	NA	NA	NA
NC_045512.2	16055	A	G	90943	46354	36	5	1	32	5.49722e-05	90955	1	FALSE	NA	NA	NA	NA	NA	NA
NC_045512.2	16055	A	C	90943	46354	36	1	0	34	1.09944e-05	90955	1	FALSE	NA	NA	NA	NA	NA	NA
NC_045512.2	16056	T	C	92150	47421	36	10	8	34	0.000108502	92164	1	FALSE	NA	NA	NA	NA	NA	NA
NC_045512.2	16056	T	A	92150	47421	36	4	1	30	4.34009e-05	92164	1	FALSE	NA	NA	NA	NA	NA	NA
NC_045512.2	16056	T	-C	92150	47421	36	1	0	20	1.08502e-05	92164	1	FALSE	NA	NA	NA	NA	NA	NA
NC_045512.2	16057	C	T	92312	47829	36	2	1	34	2.1665e-05	92315	1	FALSE	NA	NA	NA	NA	NA	NA
NC_045512.2	16057	C	A	92312	47829	36	1	0	34	1.08325e-05	92315	1	FALSE	NA	NA	NA	NA	NA	NA
NC_045512.2	16058	C	T	92577	47922	36	7	3	43	7.55989e-05	92594	0.772701	FALSE	NA	NA	NA	NA	NA	NA
NC_045512.2	16058	C	G	92577	47922	36	1	1	34	1.07998e-05	92594	1	FALSE	NA	NA	NA	NA	NA	NA
NC_045512.2	16058	C	A	92577	47922	36	9	6	33	9.71985e-05	92594	1	FALSE	NA	NA	NA	NA	NA	NA
NC_045512.2	16058	C	-T	92577	47922	36	1	0	20	1.07998e-05	92594	1	FALSE	NA	NA	NA	NA	NA	NA
NC_045512.2	16059	T	C	96059	51813	37	3	2	34	3.12298e-05	96062	1	FALSE	NA	NA	NA	NA	NA	NA
NC_045512.2	16059	T	-A	96059	51813	37	1	0	20	1.04098e-05	96063	1	FALSE	NA	NA	NA	NA	NA	NA
NC_045512.2	16060	A	T	100032	52114	37	1	1	60	9.996e-06	100040	0.499983	FALSE	NA	NA	NA	NA	NA	NA
NC_045512.2	16060	A	G	100032	52114	37	7	5	38	6.9972e-05	100040	1	FALSE	NA	NA	NA	NA	NA	NA
NC_045512.2	16061	A	G	100646	53188	37	4	1	40	3.97413e-05	100651	0.971318	FALSE	NA	NA	NA	NA	NA	NA
NC_045512.2	16061	A	C	100646	53188	37	1	1	34	9.93532e-06	100651	1	FALSE	NA	NA	NA	NA	NA	NA
NC_045512.2	16062	T	G	100792	53209	37	2	1	30	1.98407e-05	100803	1	FALSE	NA	NA	NA	NA	NA	NA
NC_045512.2	16062	T	C	100792	53209	37	8	4	33	7.93627e-05	100803	1	FALSE	NA	NA	NA	NA	NA	NA
NC_045512.2	16062	T	A	100792	53209	37	1	1	34	9.92034e-06	100803	1	FALSE	NA	NA	NA	NA	NA	NA
NC_045512.2	16063	C	T	100439	53141	37	3	1	34	2.98668e-05	100446	1	FALSE	NA	NA	NA	NA	NA	NA
NC_045512.2	16063	C	A	100439	53141	37	4	1	42	3.98224e-05	100446	0.971315	FALSE	NA	NA	NA	NA	NA	NA
NC_045512.2	16064	A	T	99758	52567	37	2	2	26	2.00445e-05	99778	1	FALSE	NA	NA	NA	NA	NA	NA
NC_045512.2	16064	A	G	99758	52567	37	13	8	34	0.000130289	99778	1	FALSE	NA	NA	NA	NA	NA	NA
NC_045512.2	16064	A	C	99758	52567	37	5	5	34	5.01112e-05	99778	1	FALSE	NA	NA	NA	NA	NA	NA
NC_045512.2	16065	G	T	102718	52182	37	4	0	34	3.89389e-05	102725	1	FALSE	NA	NA	NA	NA	NA	NA
NC_045512.2	16065	G	C	102718	52182	37	1	1	68	9.73473e-06	102725	0.499988	FALSE	NA	NA	NA	NA	NA	NA
NC_045512.2	16065	G	A	102718	52182	37	2	0	34	1.94695e-05	102725	1	FALSE	NA	NA	NA	NA	NA	NA
NC_045512.2	16066	G	T	101327	53287	36	3	3	34	2.96062e-05	101330	1	FALSE	NA	NA	NA	NA	NA	NA
NC_045512.2	16066	G	-A	101327	53287	36	1	0	20	9.86875e-06	101330	1	FALSE	NA	NA	NA	NA	NA	NA
NC_045512.2	16067	A	T	101562	53529	36	2	2	34	1.96889e-05	101580	1	FALSE	NA	NA	NA	NA	NA	NA
NC_045512.2	16067	A	G	101562	53529	36	16	6	35	0.000157511	101580	1	FALSE	NA	NA	NA	NA	NA	NA
NC_045512.2	16068	G	T	101854	53550	36	8	4	34	7.85345e-05	101866	1	FALSE	NA	NA	NA	NA	NA	NA
NC_045512.2	16068	G	C	101854	53550	36	1	1	34	9.81682e-06	101866	1	FALSE	NA	NA	NA	NA	NA	NA
NC_045512.2	16068	G	A	101854	53550	36	3	1	34	2.94505e-05	101866	1	FALSE	NA	NA	NA	NA	NA	NA
NC_045512.2	16069	T	G	99087	51298	37	2	0	34	2.01824e-05	99096	1	FALSE	NA	NA	NA	NA	NA	NA
NC_045512.2	16069	T	C	99087	51298	37	6	3	39	6.05473e-05	99096	1	FALSE	NA	NA	NA	NA	NA	NA
NC_045512.2	16069	T	A	99087	51298	37	1	0	26	1.00912e-05	99096	1	FALSE	NA	NA	NA	NA	NA	NA
NC_045512.2	16070	A	T	100660	51495	37	2	1	26	1.98663e-05	100673	1	FALSE	NA	NA	NA	NA	NA	NA
NC_045512.2	16070	A	G	100660	51495	37	10	2	32	9.93315e-05	100673	1	FALSE	NA	NA	NA	NA	NA	NA
NC_045512.2	16070	A	C	100660	51495	37	1	1	34	9.93315e-06	100673	1	FALSE	NA	NA	NA	NA	NA	NA
NC_045512.2	16071	T	G	100296	52117	37	7	2	29	6.97795e-05	100316	1	FALSE	NA	NA	NA	NA	NA	NA
NC_045512.2	16071	T	C	100296	52117	37	10	7	37	9.9685e-05	100316	1	FALSE	NA	NA	NA	NA	NA	NA
NC_045512.2	16071	T	A	100296	52117	37	3	1	31	2.99055e-05	100316	1	FALSE	NA	NA	NA	NA	NA	NA
NC_045512.2	16072	G	T	100092	51745	36	2	0	34	1.99802e-05	100099	1	FALSE	NA	NA	NA	NA	NA	NA
NC_045512.2	16072	G	C	100092	51745	36	1	1	34	9.99011e-06	100099	1	FALSE	NA	NA	NA	NA	NA	NA
NC_045512.2	16072	G	A	100092	51745	36	4	4	34	3.99604e-05	100099	1	FALSE	NA	NA	NA	NA	NA	NA
NC_045512.2	16073	C	T	100954	53751	37	11	4	31	0.000108949	100965	1	FALSE	NA	NA	NA	NA	NA	NA
NC_045512.2	16074	T	G	98296	50956	37	3	0	29	3.05132e-05	98318	1	FALSE	NA	NA	NA	NA	NA	NA
NC_045512.2	16074	T	C	98296	50956	37	18	8	36	0.000183079	98318	1	FALSE	NA	NA	NA	NA	NA	NA
NC_045512.2	16074	T	A	98296	50956	37	1	0	34	1.01711e-05	98318	1	FALSE	NA	NA	NA	NA	NA	NA
NC_045512.2	16075	G	T	98378	50899	37	6	2	32	6.09806e-05	98392	1	FALSE	NA	NA	NA	NA	NA	NA
NC_045512.2	16075	G	C	98378	50899	37	3	3	34	3.04903e-05	98392	1	FALSE	NA	NA	NA	NA	NA	NA
NC_045512.2	16075	G	A	98378	50899	37	5	1	34	5.08171e-05	98392	1	FALSE	NA	NA	NA	NA	NA	NA
NC_045512.2	16076	A	T	100316	53018	37	4	3	37	3.987e-05	100326	1	FALSE	NA	NA	NA	NA	NA	NA
NC_045512.2	16076	A	G	100316	53018	37	6	4	39	5.9805e-05	100326	1	FALSE	NA	NA	NA	NA	NA	NA
NC_045512.2	16077	T	G	99855	52581	37	3	0	31	3.00387e-05	99871	1	FALSE	NA	NA	NA	NA	NA	NA
NC_045512.2	16077	T	C	99855	52581	37	12	7	36	0.000120155	99871	1	FALSE	NA	NA	NA	NA	NA	NA
NC_045512.2	16077	T	A	99855	52581	37	1	0	34	1.00129e-05	99871	1	FALSE	NA	NA	NA	NA	NA	NA
NC_045512.2	16078	G	T	100078	52619	37	3	0	34	2.99736e-05	100088	1	FALSE	NA	NA	NA	NA	NA	NA
NC_045512.2	16078	G	A	100078	52619	37	7	2	34	6.99385e-05	100088	1	FALSE	NA	NA	NA	NA	NA	NA
NC_045512.2	16079	T	G	92029	44817	34	4	0	30	4.34584e-05	92042	1	FALSE	NA	NA	NA	NA	NA	NA
NC_045512.2	16079	T	C	92029	44817	34	9	9	32	9.77814e-05	92042	1	FALSE	NA	NA	NA	NA	NA	NA
NC_045512.2	16080	C	T	97287	51299	37	3	3	31	3.08347e-05	97293	1	FALSE	NA	NA	NA	NA	NA	NA
NC_045512.2	16080	C	G	97287	51299	37	2	1	30	2.05565e-05	97293	1	FALSE	NA	NA	NA	NA	NA	NA
NC_045512.2	16080	C	A	97287	51299	37	1	0	34	1.02782e-05	97293	1	FALSE	NA	NA	NA	NA	NA	NA
NC_045512.2	16080	C	-T	97287	51299	37	1	0	20	1.02782e-05	97293	1	FALSE	NA	NA	NA	NA	NA	NA
NC_045512.2	16081	T	G	96647	50734	37	1	1	68	1.03455e-05	96660	0.499966	FALSE	NA	NA	NA	NA	NA	NA
NC_045512.2	16081	T	C	96647	50734	37	8	6	33	8.27643e-05	96660	1	FALSE	NA	NA	NA	NA	NA	NA
NC_045512.2	16081	T	A	96647	50734	37	4	2	34	4.13822e-05	96660	1	FALSE	NA	NA	NA	NA	NA	NA
NC_045512.2	16082	T	G	96513	50731	37	3	1	28	3.10797e-05	96526	1	FALSE	NA	NA	NA	NA	NA	NA
NC_045512.2	16082	T	C	96513	50731	37	5	4	40	5.17995e-05	96526	0.910203	FALSE	NA	NA	NA	NA	NA	NA
NC_045512.2	16082	T	A	96513	50731	37	5	4	34	5.17995e-05	96526	1	FALSE	NA	NA	NA	NA	NA	NA
NC_045512.2	16083	T	G	98676	53442	37	2	0	26	2.02655e-05	98690	1	FALSE	NA	NA	NA	NA	NA	NA
NC_045512.2	16083	T	C	98676	53442	37	9	6	37	9.11946e-05	98690	1	FALSE	NA	NA	NA	NA	NA	NA
NC_045512.2	16083	T	A	98676	53442	37	3	2	31	3.03982e-05	98690	1	FALSE	NA	NA	NA	NA	NA	NA
NC_045512.2	16084	C	T	99211	53124	37	2	1	34	2.01562e-05	99225	1	FALSE	NA	NA	NA	NA	NA	NA
NC_045512.2	16084	C	G	99211	53124	37	1	0	34	1.00781e-05	99225	1	FALSE	NA	NA	NA	NA	NA	NA
NC_045512.2	16084	C	A	99211	53124	37	11	9	33	0.000110859	99225	1	FALSE	NA	NA	NA	NA	NA	NA
NC_045512.2	16085	A	T	99544	53470	37	1	1	34	1.0045e-05	99552	1	FALSE	NA	NA	NA	NA	NA	NA
NC_045512.2	16085	A	G	99544	53470	37	7	6	40	7.0315e-05	99552	0.77276	FALSE	NA	NA	NA	NA	NA	NA
NC_045512.2	16085	A	-T	99544	53470	37	1	0	20	1.0045e-05	99552	1	FALSE	NA	NA	NA	NA	NA	NA
NC_045512.2	16085	A	+T	99544	53470	37	1	0	20	1.0045e-05	99552	1	FALSE	NA	NA	NA	NA	NA	NA
NC_045512.2	16086	T	G	96166	50008	36	1	1	26	1.03977e-05	96175	1	FALSE	NA	NA	NA	NA	NA	NA
NC_045512.2	16086	T	C	96166	50008	36	6	4	32	6.23863e-05	96175	1	FALSE	NA	NA	NA	NA	NA	NA
NC_045512.2	16086	T	A	96166	50008	36	2	0	34	2.07954e-05	96175	1	FALSE	NA	NA	NA	NA	NA	NA
NC_045512.2	16087	T	G	99244	53337	37	1	1	26	1.00754e-05	99252	1	FALSE	NA	NA	NA	NA	NA	NA
NC_045512.2	16087	T	C	99244	53337	37	5	3	32	5.03768e-05	99252	1	FALSE	NA	NA	NA	NA	NA	NA
NC_045512.2	16087	T	A	99244	53337	37	2	0	34	2.01507e-05	99252	1	FALSE	NA	NA	NA	NA	NA	NA
NC_045512.2	16088	T	G	98944	53265	37	1	0	26	1.01054e-05	98957	1	FALSE	NA	NA	NA	NA	NA	NA
NC_045512.2	16088	T	C	98944	53265	37	11	6	45	0.000111159	98957	0.411888	FALSE	NA	NA	NA	NA	NA	NA
NC_045512.2	16088	T	A	98944	53265	37	1	0	34	1.01054e-05	98957	1	FALSE	NA	NA	NA	NA	NA	NA
NC_045512.2	16089	G	C	98955	53055	37	1	1	34	1.01046e-05	98965	1	FALSE	NA	NA	NA	NA	NA	NA
NC_045512.2	16089	G	A	98955	53055	37	9	9	34	9.09412e-05	98965	1	FALSE	NA	NA	NA	NA	NA	NA
NC_045512.2	16090	T	C	101323	56542	37	7	4	34	6.90805e-05	101331	1	FALSE	NA	NA	NA	NA	NA	NA
NC_045512.2	16090	T	A	101323	56542	37	1	1	34	9.86865e-06	101331	1	FALSE	NA	NA	NA	NA	NA	NA
NC_045512.2	16091	A	G	101440	56770	37	12	6	35	0.000118281	101453	1	FALSE	NA	NA	NA	NA	NA	NA
NC_045512.2	16091	A	C	101440	56770	37	1	1	26	9.85678e-06	101453	1	FALSE	NA	NA	NA	NA	NA	NA
NC_045512.2	16092	C	T	97349	58175	37	4	3	32	4.10876e-05	97353	1	FALSE	NA	NA	NA	NA	NA	NA
NC_045512.2	16092	C	-T	97349	58175	37	2	0	20	2.05438e-05	97353	1	FALSE	NA	NA	NA	NA	NA	NA
NC_045512.2	16093	T	G	96427	56996	37	2	0	26	2.07391e-05	96436	1	FALSE	NA	NA	NA	NA	NA	NA
NC_045512.2	16093	T	C	96427	56996	37	6	3	31	6.22174e-05	96436	1	FALSE	NA	NA	NA	NA	NA	NA
NC_045512.2	16093	T	A	96427	56996	37	1	1	34	1.03696e-05	96436	1	FALSE	NA	NA	NA	NA	NA	NA
NC_045512.2	16094	T	G	96716	57268	37	1	1	34	1.03373e-05	96737	1	FALSE	NA	NA	NA	NA	NA	NA
NC_045512.2	16094	T	C	96716	57268	37	15	9	36	0.00015506	96737	1	FALSE	NA	NA	NA	NA	NA	NA
NC_045512.2	16094	T	A	96716	57268	37	5	4	32	5.16865e-05	96737	1	FALSE	NA	NA	NA	NA	NA	NA
NC_045512.2	16095	A	G	96965	57502	37	5	4	40	5.15618e-05	96971	0.910225	FALSE	NA	NA	NA	NA	NA	NA
NC_045512.2	16095	A	C	96965	57502	37	1	0	26	1.03124e-05	96971	1	FALSE	NA	NA	NA	NA	NA	NA
NC_045512.2	16096	C	T	94188	58008	36	5	3	32	5.30814e-05	94195	1	FALSE	NA	NA	NA	NA	NA	NA
NC_045512.2	16096	C	A	94188	58008	36	2	2	34	2.12325e-05	94195	1	FALSE	NA	NA	NA	NA	NA	NA
NC_045512.2	16097	A	T	94377	58153	36	3	1	30	3.17817e-05	94394	1	FALSE	NA	NA	NA	NA	NA	NA
NC_045512.2	16097	A	G	94377	58153	36	14	12	35	0.000148315	94394	1	FALSE	NA	NA	NA	NA	NA	NA
NC_045512.2	16098	A	T	95340	58305	36	3	2	34	3.1464e-05	95347	1	FALSE	NA	NA	NA	NA	NA	NA
NC_045512.2	16098	A	G	95340	58305	36	4	4	34	4.1952e-05	95347	1	FALSE	NA	NA	NA	NA	NA	NA
NC_045512.2	16098	A	-T	95340	58305	36	3	0	20	3.1464e-05	95347	1	FALSE	NA	NA	NA	NA	NA	NA
NC_045512.2	16099	T	G	95072	58349	36	4	0	28	4.20703e-05	95079	1	FALSE	NA	NA	NA	NA	NA	NA
NC_045512.2	16099	T	C	95072	58349	36	3	2	34	3.15527e-05	95079	1	FALSE	NA	NA	NA	NA	NA	NA
NC_045512.2	16100	A	T	93898	58899	36	3	2	34	3.19475e-05	93904	1	FALSE	NA	NA	NA	NA	NA	NA
NC_045512.2	16100	A	G	93898	58899	36	3	3	31	3.19475e-05	93904	1	FALSE	NA	NA	NA	NA	NA	NA
NC_045512.2	16101	C	T	92478	59176	36	3	3	34	3.24387e-05	92482	1	FALSE	NA	NA	NA	NA	NA	NA
NC_045512.2	16101	C	A	92478	59176	36	1	0	34	1.08129e-05	92482	1	FALSE	NA	NA	NA	NA	NA	NA
NC_045512.2	16102	A	G	91897	58597	36	5	2	34	5.44058e-05	91902	1	FALSE	NA	NA	NA	NA	NA	NA
NC_045512.2	16103	T	G	92443	58607	36	1	0	34	1.08168e-05	92449	1	FALSE	NA	NA	NA	NA	NA	NA
NC_045512.2	16103	T	C	92443	58607	36	4	2	40	4.32671e-05	92449	0.953861	FALSE	NA	NA	NA	NA	NA	NA
NC_045512.2	16103	T	A	92443	58607	36	1	0	34	1.08168e-05	92449	1	FALSE	NA	NA	NA	NA	NA	NA
NC_045512.2	16104	A	T	92943	59132	36	2	2	30	2.15158e-05	92955	1	FALSE	NA	NA	NA	NA	NA	NA
NC_045512.2	16104	A	G	92943	59132	36	10	7	34	0.000107579	92955	1	FALSE	NA	NA	NA	NA	NA	NA
NC_045512.2	16104	A	-AGAAAGCTACATGATG	92943	59132	36	2	0	20	2.15158e-05	92955	1	FALSE	NA	NA	NA	NA	NA	NA
NC_045512.2	16105	A	T	91531	59068	36	4	4	30	4.36944e-05	91545	1	FALSE	NA	NA	NA	NA	NA	NA
NC_045512.2	16105	A	G	91531	59068	36	9	5	34	9.83123e-05	91545	1	FALSE	NA	NA	NA	NA	NA	NA
NC_045512.2	16105	A	C	91531	59068	36	1	1	34	1.09236e-05	91545	1	FALSE	NA	NA	NA	NA	NA	NA
NC_045512.2	16106	G	C	91354	58953	36	1	1	26	1.09461e-05	91357	1	FALSE	NA	NA	NA	NA	NA	NA
NC_045512.2	16106	G	A	91354	58953	36	2	2	34	2.18921e-05	91357	1	FALSE	NA	NA	NA	NA	NA	NA
NC_045512.2	16106	G	-A	91354	58953	36	1	0	20	1.09458e-05	91359	1	FALSE	NA	NA	NA	NA	NA	NA
NC_045512.2	16107	A	G	89577	57710	36	7	2	35	7.81381e-05	89585	1	FALSE	NA	NA	NA	NA	NA	NA
NC_045512.2	16107	A	C	89577	57710	36	1	1	34	1.11626e-05	89585	1	FALSE	NA	NA	NA	NA	NA	NA
NC_045512.2	16108	A	T	91005	59002	36	2	2	34	2.19739e-05	91017	1	FALSE	NA	NA	NA	NA	NA	NA
NC_045512.2	16108	A	G	91005	59002	36	10	10	33	0.00010987	91017	1	FALSE	NA	NA	NA	NA	NA	NA
NC_045512.2	16109	A	G	89221	57430	36	13	6	38	0.000145679	89237	1	FALSE	NA	NA	NA	NA	NA	NA
NC_045512.2	16109	A	C	89221	57430	36	3	2	31	3.36183e-05	89237	1	FALSE	NA	NA	NA	NA	NA	NA
NC_045512.2	16110	G	T	88918	57195	36	1	1	34	1.12461e-05	88920	1	FALSE	NA	NA	NA	NA	NA	NA
NC_045512.2	16110	G	A	88918	57195	36	1	1	34	1.12461e-05	88920	1	FALSE	NA	NA	NA	NA	NA	NA
NC_045512.2	16112	T	C	88359	56745	36	7	5	33	7.9216e-05	88366	1	FALSE	NA	NA	NA	NA	NA	NA
NC_045512.2	16112	T	-ACATGATGAGTTAACAGGAC	88359	56745	36	1	0	20	1.13163e-05	88368	1	FALSE	NA	NA	NA	NA	NA	NA
NC_045512.2	16113	A	G	88258	56841	36	7	2	34	7.93048e-05	88267	1	FALSE	NA	NA	NA	NA	NA	NA
NC_045512.2	16113	A	C	88258	56841	36	2	2	30	2.26585e-05	88267	1	FALSE	NA	NA	NA	NA	NA	NA
NC_045512.2	16114	C	T	85982	57479	36	4	1	34	4.65176e-05	85989	1	FALSE	NA	NA	NA	NA	NA	NA
NC_045512.2	16114	C	G	85982	57479	36	3	2	31	3.48882e-05	85989	1	FALSE	NA	NA	NA	NA	NA	NA
NC_045512.2	16115	A	T	96801	69173	36	2	2	34	2.0659e-05	96810	1	FALSE	NA	NA	NA	NA	NA	NA
NC_045512.2	16115	A	G	96801	69173	36	7	4	32	7.23066e-05	96810	1	FALSE	NA	NA	NA	NA	NA	NA
NC_045512.2	16116	T	C	96395	68748	36	8	7	34	8.29815e-05	96407	1	FALSE	NA	NA	NA	NA	NA	NA
NC_045512.2	16116	T	A	96395	68748	36	4	4	34	4.14908e-05	96407	1	FALSE	NA	NA	NA	NA	NA	NA
NC_045512.2	16116	T	-G	96395	68748	36	1	0	20	1.03724e-05	96410	1	FALSE	NA	NA	NA	NA	NA	NA
NC_045512.2	16117	G	A	95324	67715	36	4	3	34	4.19604e-05	95328	1	FALSE	NA	NA	NA	NA	NA	NA
NC_045512.2	16118	A	T	102747	75775	36	3	1	68	2.91948e-05	102758	0.12498	FALSE	NA	NA	NA	NA	NA	NA
NC_045512.2	16118	A	G	102747	75775	36	6	4	34	5.83896e-05	102758	1	FALSE	NA	NA	NA	NA	NA	NA
NC_045512.2	16118	A	C	102747	75775	36	2	2	30	1.94632e-05	102758	1	FALSE	NA	NA	NA	NA	NA	NA
NC_045512.2	16119	T	C	112357	86509	36	9	4	36	8.00947e-05	112367	1	FALSE	NA	NA	NA	NA	NA	NA
NC_045512.2	16119	T	A	112357	86509	36	1	0	27	8.89941e-06	112367	1	FALSE	NA	NA	NA	NA	NA	NA
NC_045512.2	16119	T	+GA	112357	86509	36	2	0	20	1.77983e-05	112370	1	FALSE	NA	NA	NA	NA	NA	NA
NC_045512.2	16120	G	T	112814	87054	37	2	2	30	1.77269e-05	112823	1	FALSE	NA	NA	NA	NA	NA	NA
NC_045512.2	16120	G	C	112814	87054	37	1	1	34	8.86344e-06	112823	1	FALSE	NA	NA	NA	NA	NA	NA
NC_045512.2	16120	G	A	112814	87054	37	6	4	32	5.31806e-05	112823	1	FALSE	NA	NA	NA	NA	NA	NA
NC_045512.2	16121	A	T	114267	89659	37	6	6	34	5.24971e-05	114292	1	FALSE	NA	NA	NA	NA	NA	NA
NC_045512.2	16121	A	G	114267	89659	37	15	12	38	0.000131243	114292	1	FALSE	NA	NA	NA	NA	NA	NA
NC_045512.2	16121	A	C	114267	89659	37	4	2	30	3.49981e-05	114292	1	FALSE	NA	NA	NA	NA	NA	NA
NC_045512.2	16122	G	C	113612	89039	36	1	1	34	8.8015e-06	113617	1	FALSE	NA	NA	NA	NA	NA	NA
NC_045512.2	16122	G	A	113612	89039	36	4	4	34	3.5206e-05	113617	1	FALSE	NA	NA	NA	NA	NA	NA
NC_045512.2	16123	T	G	108466	84174	36	2	2	30	1.84378e-05	108473	1	FALSE	NA	NA	NA	NA	NA	NA
NC_045512.2	16123	T	C	108466	84174	36	2	2	34	1.84378e-05	108473	1	FALSE	NA	NA	NA	NA	NA	NA
NC_045512.2	16123	T	A	108466	84174	36	3	2	31	2.76567e-05	108473	1	FALSE	NA	NA	NA	NA	NA	NA
NC_045512.2	16124	T	G	112551	88652	36	1	0	27	8.88399e-06	112562	1	FALSE	NA	NA	NA	NA	NA	NA
NC_045512.2	16124	T	C	112551	88652	36	5	4	39	4.442e-05	112562	1	FALSE	NA	NA	NA	NA	NA	NA
NC_045512.2	16124	T	A	112551	88652	36	5	4	42	4.442e-05	112562	0.96159	FALSE	NA	NA	NA	NA	NA	NA
NC_045512.2	16125	A	T	114147	89888	37	1	1	34	8.76002e-06	114155	1	FALSE	NA	NA	NA	NA	NA	NA
NC_045512.2	16125	A	G	114147	89888	37	6	3	39	5.25601e-05	114155	1	FALSE	NA	NA	NA	NA	NA	NA
NC_045512.2	16125	A	C	114147	89888	37	1	1	34	8.76002e-06	114155	1	FALSE	NA	NA	NA	NA	NA	NA
NC_045512.2	16126	A	T	113640	90012	36	1	1	34	8.79879e-06	113652	1	FALSE	NA	NA	NA	NA	NA	NA
NC_045512.2	16126	A	G	113640	90012	36	8	4	37	7.03903e-05	113652	1	FALSE	NA	NA	NA	NA	NA	NA
NC_045512.2	16126	A	C	113640	90012	36	3	3	28	2.63964e-05	113652	1	FALSE	NA	NA	NA	NA	NA	NA
NC_045512.2	16127	C	T	112903	90439	36	26	18	34	0.000230223	112934	1	FALSE	NA	NA	NA	NA	NA	NA
NC_045512.2	16127	C	G	112903	90439	36	1	0	27	8.85473e-06	112934	1	FALSE	NA	NA	NA	NA	NA	NA
NC_045512.2	16127	C	A	112903	90439	36	4	4	34	3.54189e-05	112934	1	FALSE	NA	NA	NA	NA	NA	NA
NC_045512.2	16127	C	-A	112903	90439	36	1	0	20	8.85465e-06	112935	1	FALSE	NA	NA	NA	NA	NA	NA
NC_045512.2	16128	A	T	111910	89511	36	3	3	34	2.67998e-05	111941	1	FALSE	NA	NA	NA	NA	NA	NA
NC_045512.2	16128	A	G	111910	89511	36	25	22	36	0.000223332	111941	1	FALSE	NA	NA	NA	NA	NA	NA
NC_045512.2	16128	A	C	111910	89511	36	3	3	34	2.67998e-05	111941	1	FALSE	NA	NA	NA	NA	NA	NA
NC_045512.2	16129	G	T	110889	89300	36	2	2	30	1.80343e-05	110900	1	FALSE	NA	NA	NA	NA	NA	NA
NC_045512.2	16129	G	C	110889	89300	36	7	7	30	6.31199e-05	110900	1	FALSE	NA	NA	NA	NA	NA	NA
NC_045512.2	16129	G	A	110889	89300	36	2	2	34	1.80343e-05	110900	1	FALSE	NA	NA	NA	NA	NA	NA
NC_045512.2	16130	G	T	129010	109098	37	3	2	31	2.32522e-05	129020	1	FALSE	NA	NA	NA	NA	NA	NA
NC_045512.2	16130	G	C	129010	109098	37	1	1	26	7.75074e-06	129020	1	FALSE	NA	NA	NA	NA	NA	NA
NC_045512.2	16130	G	A	129010	109098	37	6	6	34	4.65044e-05	129020	1	FALSE	NA	NA	NA	NA	NA	NA
NC_045512.2	16131	A	T	128442	109122	37	6	6	32	4.67013e-05	128476	1	FALSE	NA	NA	NA	NA	NA	NA
NC_045512.2	16131	A	G	128442	109122	37	26	20	37	0.000202372	128476	1	FALSE	NA	NA	NA	NA	NA	NA
NC_045512.2	16131	A	C	128442	109122	37	2	2	34	1.55671e-05	128476	1	FALSE	NA	NA	NA	NA	NA	NA
NC_045512.2	16132	C	T	128521	109221	37	14	13	36	0.000108916	128540	1	FALSE	NA	NA	NA	NA	NA	NA
NC_045512.2	16132	C	G	128521	109221	37	1	1	34	7.77968e-06	128540	1	FALSE	NA	NA	NA	NA	NA	NA
NC_045512.2	16132	C	A	128521	109221	37	4	4	34	3.11187e-05	128540	1	FALSE	NA	NA	NA	NA	NA	NA
NC_045512.2	16133	A	T	127833	108549	37	4	4	32	3.12881e-05	127844	1	FALSE	NA	NA	NA	NA	NA	NA
NC_045512.2	16133	A	G	127833	108549	37	5	5	34	3.91102e-05	127844	1	FALSE	NA	NA	NA	NA	NA	NA
NC_045512.2	16133	A	C	127833	108549	37	2	2	34	1.56441e-05	127844	1	FALSE	NA	NA	NA	NA	NA	NA
NC_045512.2	16134	C	T	131034	112572	36	12	11	36	9.15702e-05	131047	1	FALSE	NA	NA	NA	NA	NA	NA
NC_045512.2	16134	C	A	131034	112572	36	1	1	34	7.63085e-06	131047	1	FALSE	NA	NA	NA	NA	NA	NA
NC_045512.2	16135	A	G	130681	112249	36	9	7	35	6.88653e-05	130690	1	FALSE	NA	NA	NA	NA	NA	NA
NC_045512.2	16136	T	C	144819	128333	36	25	24	33	0.000172597	144846	1	FALSE	NA	NA	NA	NA	NA	NA
NC_045512.2	16136	T	A	144819	128333	36	2	0	51	1.38078e-05	144846	0.499938	FALSE	NA	NA	NA	NA	NA	NA
NC_045512.2	16137	G	C	147328	131099	36	1	1	34	6.7873e-06	147334	1	FALSE	NA	NA	NA	NA	NA	NA
NC_045512.2	16137	G	A	147328	131099	36	5	5	34	3.39365e-05	147334	1	FALSE	NA	NA	NA	NA	NA	NA
NC_045512.2	16137	G	-T	147328	131099	36	2	0	20	1.35746e-05	147334	1	FALSE	NA	NA	NA	NA	NA	NA
NC_045512.2	16138	T	C	143951	128665	35	15	13	34	0.000104191	143967	1	FALSE	NA	NA	NA	NA	NA	NA
NC_045512.2	16138	T	A	143951	128665	35	1	0	34	6.94604e-06	143967	1	FALSE	NA	NA	NA	NA	NA	NA
NC_045512.2	16139	T	G	152574	137494	36	1	0	26	6.55132e-06	152641	1	FALSE	NA	NA	NA	NA	NA	NA
NC_045512.2	16139	T	C	152574	137494	36	65	56	36	0.000425836	152641	1	FALSE	NA	NA	NA	NA	NA	NA
NC_045512.2	16139	T	A	152574	137494	36	1	1	34	6.55132e-06	152641	1	FALSE	NA	NA	NA	NA	NA	NA
NC_045512.2	16139	T	-A	152574	137494	36	1	0	20	6.55132e-06	152641	1	FALSE	NA	NA	NA	NA	NA	NA
NC_045512.2	16140	A	T	151577	136519	36	2	2	30	1.31925e-05	151601	1	FALSE	NA	NA	NA	NA	NA	NA
NC_045512.2	16140	A	G	151577	136519	36	7	6	34	4.61738e-05	151601	1	FALSE	NA	NA	NA	NA	NA	NA
NC_045512.2	16140	A	C	151577	136519	36	15	15	30	9.89439e-05	151601	1	FALSE	NA	NA	NA	NA	NA	NA
NC_045512.2	16141	G	T	152281	137207	36	2	2	30	1.31328e-05	152290	1	FALSE	NA	NA	NA	NA	NA	NA
NC_045512.2	16141	G	C	152281	137207	36	5	5	32	3.28321e-05	152290	1	FALSE	NA	NA	NA	NA	NA	NA
NC_045512.2	16141	G	A	152281	137207	36	2	0	34	1.31328e-05	152290	1	FALSE	NA	NA	NA	NA	NA	NA
NC_045512.2	16141	G	+AC	152281	137207	36	2	0	20	1.31328e-05	152290	1	FALSE	NA	NA	NA	NA	NA	NA
NC_045512.2	16142	A	T	186996	142365	36	4	2	32	2.1389e-05	187012	1	FALSE	NA	NA	NA	NA	NA	NA
NC_045512.2	16142	A	G	186996	142365	36	11	4	32	5.88198e-05	187012	1	FALSE	NA	NA	NA	NA	NA	NA
NC_045512.2	16142	A	C	186996	142365	36	1	1	34	5.34725e-06	187012	1	FALSE	NA	NA	NA	NA	NA	NA
NC_045512.2	16143	C	T	189780	140956	36	7	6	38	3.68817e-05	189796	1	FALSE	NA	NA	NA	NA	NA	NA
NC_045512.2	16143	C	G	189780	140956	36	6	3	32	3.16129e-05	189796	1	FALSE	NA	NA	NA	NA	NA	NA
NC_045512.2	16143	C	A	189780	140956	36	3	0	31	1.58064e-05	189796	1	FALSE	NA	NA	NA	NA	NA	NA
NC_045512.2	16144	A	T	189669	141474	36	4	2	42	2.10869e-05	189691	0.999572	FALSE	NA	NA	NA	NA	NA	NA
NC_045512.2	16144	A	G	189669	141474	36	13	10	32	6.85325e-05	189691	1	FALSE	NA	NA	NA	NA	NA	NA
NC_045512.2	16144	A	C	189669	141474	36	5	5	30	2.63587e-05	189691	1	FALSE	NA	NA	NA	NA	NA	NA
NC_045512.2	16145	T	G	188006	139183	36	7	3	32	3.72255e-05	188043	1	FALSE	NA	NA	NA	NA	NA	NA
NC_045512.2	16145	T	C	188006	139183	36	30	25	37	0.000159538	188043	1	FALSE	NA	NA	NA	NA	NA	NA
NC_045512.2	16146	G	T	191510	140007	36	5	2	34	2.6105e-05	191534	1	FALSE	NA	NA	NA	NA	NA	NA
NC_045512.2	16146	G	C	191510	140007	36	5	5	30	2.6105e-05	191534	1	FALSE	NA	NA	NA	NA	NA	NA
NC_045512.2	16146	G	A	191510	140007	36	14	7	32	7.30941e-05	191534	1	FALSE	NA	NA	NA	NA	NA	NA
NC_045512.2	16147	T	G	200200	149940	36	1	1	26	4.99401e-06	200240	1	FALSE	NA	NA	NA	NA	NA	NA
NC_045512.2	16147	T	C	200200	149940	36	37	28	39	0.000184778	200240	1	FALSE	NA	NA	NA	NA	NA	NA
NC_045512.2	16147	T	A	200200	149940	36	2	2	34	9.98801e-06	200240	1	FALSE	NA	NA	NA	NA	NA	NA
NC_045512.2	16148	A	T	212969	162954	36	3	3	31	1.40855e-05	212985	1	FALSE	NA	NA	NA	NA	NA	NA
NC_045512.2	16148	A	G	212969	162954	36	10	6	39	4.69517e-05	212985	1	FALSE	NA	NA	NA	NA	NA	NA
NC_045512.2	16148	A	C	212969	162954	36	3	3	31	1.40855e-05	212985	1	FALSE	NA	NA	NA	NA	NA	NA
NC_045512.2	16148	A	-TT	212969	162954	36	3	0	20	1.40855e-05	212985	1	FALSE	NA	NA	NA	NA	NA	NA
NC_045512.2	16148	A	-T	212969	162954	36	1	0	20	4.69517e-06	212985	1	FALSE	NA	NA	NA	NA	NA	NA
NC_045512.2	16149	T	C	214556	164372	36	18	14	35	8.38864e-05	214576	1	FALSE	NA	NA	NA	NA	NA	NA
NC_045512.2	16149	T	A	214556	164372	36	2	0	51	9.32071e-06	214576	0.687464	FALSE	NA	NA	NA	NA	NA	NA
NC_045512.2	16150	T	G	213635	163817	36	1	0	34	4.68025e-06	213664	1	FALSE	NA	NA	NA	NA	NA	NA
NC_045512.2	16150	T	C	213635	163817	36	25	14	35	0.000117006	213664	1	FALSE	NA	NA	NA	NA	NA	NA
NC_045512.2	16150	T	A	213635	163817	36	3	2	31	1.40407e-05	213664	1	FALSE	NA	NA	NA	NA	NA	NA
NC_045512.2	16151	C	T	218495	163751	36	9	5	32	4.11865e-05	218518	1	FALSE	NA	NA	NA	NA	NA	NA
NC_045512.2	16151	C	G	218495	163751	36	12	2	36	5.49154e-05	218518	1	FALSE	NA	NA	NA	NA	NA	NA
NC_045512.2	16151	C	A	218495	163751	36	2	1	34	9.15256e-06	218518	1	FALSE	NA	NA	NA	NA	NA	NA
NC_045512.2	16152	T	G	215304	160557	36	6	4	32	2.78634e-05	215336	1	FALSE	NA	NA	NA	NA	NA	NA
NC_045512.2	16152	T	C	215304	160557	36	23	18	34	0.00010681	215336	1	FALSE	NA	NA	NA	NA	NA	NA
NC_045512.2	16152	T	A	215304	160557	36	3	1	34	1.39317e-05	215336	1	FALSE	NA	NA	NA	NA	NA	NA
NC_045512.2	16153	G	T	216928	161114	36	4	3	34	1.84384e-05	216939	1	FALSE	NA	NA	NA	NA	NA	NA
NC_045512.2	16153	G	C	216928	161114	36	1	1	34	4.60959e-06	216939	1	FALSE	NA	NA	NA	NA	NA	NA
NC_045512.2	16153	G	A	216928	161114	36	6	5	34	2.76575e-05	216939	1	FALSE	NA	NA	NA	NA	NA	NA
NC_045512.2	16153	G	-T	216928	161114	36	1	0	20	4.60959e-06	216939	1	FALSE	NA	NA	NA	NA	NA	NA
NC_045512.2	16154	T	G	219692	164519	37	3	1	34	1.36541e-05	219714	1	FALSE	NA	NA	NA	NA	NA	NA
NC_045512.2	16154	T	C	219692	164519	37	16	15	35	7.28219e-05	219714	1	FALSE	NA	NA	NA	NA	NA	NA
NC_045512.2	16154	T	A	219692	164519	37	3	1	31	1.36541e-05	219714	1	FALSE	NA	NA	NA	NA	NA	NA
NC_045512.2	16155	T	G	216554	161624	37	2	0	34	9.23468e-06	216575	1	FALSE	NA	NA	NA	NA	NA	NA
NC_045512.2	16155	T	C	216554	161624	37	17	10	38	7.84947e-05	216575	1	FALSE	NA	NA	NA	NA	NA	NA
NC_045512.2	16155	T	A	216554	161624	37	2	1	34	9.23468e-06	216575	1	FALSE	NA	NA	NA	NA	NA	NA
NC_045512.2	16155	T	-A	216554	161624	37	2	0	20	9.23468e-06	216575	1	FALSE	NA	NA	NA	NA	NA	NA
NC_045512.2	16156	A	T	214637	160247	36	2	1	34	9.31658e-06	214671	1	FALSE	NA	NA	NA	NA	NA	NA
NC_045512.2	16156	A	G	214637	160247	36	22	16	35	0.000102482	214671	1	FALSE	NA	NA	NA	NA	NA	NA
NC_045512.2	16156	A	C	214637	160247	36	10	10	34	4.65829e-05	214671	1	FALSE	NA	NA	NA	NA	NA	NA
NC_045512.2	16157	T	G	215669	160868	37	1	1	26	4.63626e-06	215691	1	FALSE	NA	NA	NA	NA	NA	NA
NC_045512.2	16157	T	C	215669	160868	37	20	17	34	9.27252e-05	215691	1	FALSE	NA	NA	NA	NA	NA	NA
NC_045512.2	16157	T	A	215669	160868	37	1	1	34	4.63626e-06	215691	1	FALSE	NA	NA	NA	NA	NA	NA
NC_045512.2	16158	G	T	214951	159683	36	2	2	30	9.30371e-06	214968	1	FALSE	NA	NA	NA	NA	NA	NA
NC_045512.2	16158	G	C	214951	159683	36	3	3	34	1.39556e-05	214968	1	FALSE	NA	NA	NA	NA	NA	NA
NC_045512.2	16158	G	A	214951	159683	36	12	6	44	5.58223e-05	214968	0.959929	FALSE	NA	NA	NA	NA	NA	NA
NC_045512.2	16159	C	T	215553	162400	36	10	9	33	4.63876e-05	215575	1	FALSE	NA	NA	NA	NA	NA	NA
NC_045512.2	16159	C	G	215553	162400	36	2	2	34	9.27751e-06	215575	1	FALSE	NA	NA	NA	NA	NA	NA
NC_045512.2	16159	C	A	215553	162400	36	10	10	37	4.63876e-05	215575	1	FALSE	NA	NA	NA	NA	NA	NA
NC_045512.2	16159	C	-T	215553	162400	36	1	0	20	4.63876e-06	215575	1	FALSE	NA	NA	NA	NA	NA	NA
NC_045512.2	16160	T	G	210896	157446	36	1	1	26	4.74127e-06	210914	1	FALSE	NA	NA	NA	NA	NA	NA
NC_045512.2	16160	T	C	210896	157446	36	17	14	36	8.06016e-05	210914	1	FALSE	NA	NA	NA	NA	NA	NA
NC_045512.2	16161	T	G	211196	157621	36	8	0	29	3.78747e-05	211223	1	FALSE	NA	NA	NA	NA	NA	NA
NC_045512.2	16161	T	C	211196	157621	36	14	8	43	6.62807e-05	211223	0.912249	FALSE	NA	NA	NA	NA	NA	NA
NC_045512.2	16161	T	A	211196	157621	36	5	3	30	2.36717e-05	211223	1	FALSE	NA	NA	NA	NA	NA	NA
NC_045512.2	16162	A	T	209160	155533	36	2	2	30	9.56114e-06	209180	1	FALSE	NA	NA	NA	NA	NA	NA
NC_045512.2	16162	A	G	209160	155533	36	17	9	32	8.12697e-05	209180	1	FALSE	NA	NA	NA	NA	NA	NA
NC_045512.2	16162	A	C	209160	155533	36	1	1	34	4.78057e-06	209180	1	FALSE	NA	NA	NA	NA	NA	NA
NC_045512.2	16163	C	T	209925	156235	36	6	3	34	2.85803e-05	209935	1	FALSE	NA	NA	NA	NA	NA	NA
NC_045512.2	16163	C	G	209925	156235	36	3	1	31	1.42901e-05	209935	1	FALSE	NA	NA	NA	NA	NA	NA
NC_045512.2	16163	C	A	209925	156235	36	1	1	34	4.76338e-06	209935	1	FALSE	NA	NA	NA	NA	NA	NA
NC_045512.2	16163	C	-TAA	209925	156235	36	1	0	20	4.76338e-06	209935	1	FALSE	NA	NA	NA	NA	NA	NA
NC_045512.2	16163	C	-T	209925	156235	36	2	0	20	9.52676e-06	209935	1	FALSE	NA	NA	NA	NA	NA	NA
NC_045512.2	16164	T	G	209307	155586	36	2	1	30	9.55461e-06	209323	1	FALSE	NA	NA	NA	NA	NA	NA
NC_045512.2	16164	T	C	209307	155586	36	11	7	30	5.25504e-05	209323	1	FALSE	NA	NA	NA	NA	NA	NA
NC_045512.2	16164	T	A	209307	155586	36	3	2	31	1.43319e-05	209323	1	FALSE	NA	NA	NA	NA	NA	NA
NC_045512.2	16164	T	-A	209307	155586	36	2	0	20	9.55447e-06	209326	1	FALSE	NA	NA	NA	NA	NA	NA
NC_045512.2	16165	A	T	210622	155635	36	6	3	31	2.84843e-05	210642	1	FALSE	NA	NA	NA	NA	NA	NA
NC_045512.2	16165	A	G	210622	155635	36	10	6	36	4.74739e-05	210642	1	FALSE	NA	NA	NA	NA	NA	NA
NC_045512.2	16165	A	C	210622	155635	36	4	4	35	1.89896e-05	210642	1	FALSE	NA	NA	NA	NA	NA	NA
NC_045512.2	16166	A	T	210612	157184	35	1	1	34	4.7478e-06	210624	1	FALSE	NA	NA	NA	NA	NA	NA
NC_045512.2	16166	A	G	210612	157184	35	9	8	36	4.27302e-05	210624	1	FALSE	NA	NA	NA	NA	NA	NA
NC_045512.2	16166	A	C	210612	157184	35	2	2	34	9.49559e-06	210624	1	FALSE	NA	NA	NA	NA	NA	NA
NC_045512.2	16167	T	G	209493	154726	35	1	0	34	4.77279e-06	209521	1	FALSE	NA	NA	NA	NA	NA	NA
NC_045512.2	16167	T	C	209493	154726	35	24	18	32	0.000114547	209521	1	FALSE	NA	NA	NA	NA	NA	NA
NC_045512.2	16167	T	A	209493	154726	35	3	2	42	1.43184e-05	209521	0.999967	FALSE	NA	NA	NA	NA	NA	NA
NC_045512.2	16167	T	-G	209493	154726	35	1	0	20	4.77279e-06	209521	1	FALSE	NA	NA	NA	NA	NA	NA
NC_045512.2	16168	G	T	211412	156721	35	1	0	34	4.72999e-06	211417	1	FALSE	NA	NA	NA	NA	NA	NA
NC_045512.2	16168	G	A	211412	156721	35	4	2	42	1.892e-05	211417	0.999922	FALSE	NA	NA	NA	NA	NA	NA
NC_045512.2	16169	A	T	211510	156849	35	4	2	38	1.89078e-05	211553	1	FALSE	NA	NA	NA	NA	NA	NA
NC_045512.2	16169	A	G	211510	156849	35	17	15	32	8.03581e-05	211553	1	FALSE	NA	NA	NA	NA	NA	NA
NC_045512.2	16169	A	C	211510	156849	35	22	22	32	0.000103993	211553	1	FALSE	NA	NA	NA	NA	NA	NA
NC_045512.2	16170	T	G	210217	155545	35	2	0	34	9.51289e-06	210241	1	FALSE	NA	NA	NA	NA	NA	NA
NC_045512.2	16170	T	C	210217	155545	35	18	13	38	8.5616e-05	210241	1	FALSE	NA	NA	NA	NA	NA	NA
NC_045512.2	16170	T	A	210217	155545	35	4	3	34	1.90258e-05	210241	1	FALSE	NA	NA	NA	NA	NA	NA
NC_045512.2	16170	T	-A	210217	155545	35	3	0	20	1.42693e-05	210241	1	FALSE	NA	NA	NA	NA	NA	NA
NC_045512.2	16171	A	T	210337	156598	35	5	4	34	2.37666e-05	210379	1	FALSE	NA	NA	NA	NA	NA	NA
NC_045512.2	16171	A	G	210337	156598	35	37	27	35	0.000175873	210379	1	FALSE	NA	NA	NA	NA	NA	NA
NC_045512.2	16172	A	T	210472	156551	35	6	6	32	2.85041e-05	210496	1	FALSE	NA	NA	NA	NA	NA	NA
NC_045512.2	16172	A	G	210472	156551	35	16	13	31	7.60109e-05	210496	1	FALSE	NA	NA	NA	NA	NA	NA
NC_045512.2	16172	A	C	210472	156551	35	2	1	34	9.50137e-06	210496	1	FALSE	NA	NA	NA	NA	NA	NA
NC_045512.2	16173	C	T	211232	156691	35	12	11	31	5.68061e-05	211245	1	FALSE	NA	NA	NA	NA	NA	NA
NC_045512.2	16173	C	G	211232	156691	35	1	1	34	4.73384e-06	211245	1	FALSE	NA	NA	NA	NA	NA	NA
NC_045512.2	16174	A	T	209305	154497	35	8	8	32	3.82177e-05	209327	1	FALSE	NA	NA	NA	NA	NA	NA
NC_045512.2	16174	A	G	209305	154497	35	11	8	37	5.25494e-05	209327	1	FALSE	NA	NA	NA	NA	NA	NA
NC_045512.2	16174	A	C	209305	154497	35	3	3	31	1.43316e-05	209327	1	FALSE	NA	NA	NA	NA	NA	NA
NC_045512.2	16174	A	+G	209305	154497	35	1	0	20	4.77721e-06	209327	1	FALSE	NA	NA	NA	NA	NA	NA
NC_045512.2	16175	C	T	211339	154842	35	14	12	31	6.62396e-05	211354	1	FALSE	NA	NA	NA	NA	NA	NA
NC_045512.2	16175	C	A	211339	154842	35	1	1	34	4.7314e-06	211354	1	FALSE	NA	NA	NA	NA	NA	NA
NC_045512.2	16176	T	G	198896	142416	34	5	4	30	2.51351e-05	198925	1	FALSE	NA	NA	NA	NA	NA	NA
NC_045512.2	16176	T	C	198896	142416	34	22	16	33	0.000110594	198925	1	FALSE	NA	NA	NA	NA	NA	NA
NC_045512.2	16176	T	A	198896	142416	34	2	0	34	1.0054e-05	198925	1	FALSE	NA	NA	NA	NA	NA	NA
NC_045512.2	16177	T	G	208888	152441	35	2	0	30	9.5735e-06	208910	1	FALSE	NA	NA	NA	NA	NA	NA
NC_045512.2	16177	T	C	208888	152441	35	18	8	33	8.61615e-05	208910	1	FALSE	NA	NA	NA	NA	NA	NA
NC_045512.2	16177	T	A	208888	152441	35	2	1	34	9.5735e-06	208910	1	FALSE	NA	NA	NA	NA	NA	NA
NC_045512.2	16177	T	-C	208888	152441	35	1	0	20	4.78675e-06	208910	1	FALSE	NA	NA	NA	NA	NA	NA
NC_045512.2	16178	C	T	209058	152696	35	11	9	36	5.26137e-05	209071	1	FALSE	NA	NA	NA	NA	NA	NA
NC_045512.2	16178	C	G	209058	152696	35	1	0	68	4.78306e-06	209071	0.499986	FALSE	NA	NA	NA	NA	NA	NA
NC_045512.2	16178	C	A	209058	152696	35	1	1	34	4.78306e-06	209071	1	FALSE	NA	NA	NA	NA	NA	NA
NC_045512.2	16178	C	-A	209058	152696	35	1	0	20	4.78304e-06	209072	1	FALSE	NA	NA	NA	NA	NA	NA
NC_045512.2	16179	A	T	208373	151938	35	2	2	30	9.59698e-06	208399	1	FALSE	NA	NA	NA	NA	NA	NA
NC_045512.2	16179	A	G	208373	151938	35	22	18	33	0.000105567	208399	1	FALSE	NA	NA	NA	NA	NA	NA
NC_045512.2	16179	A	C	208373	151938	35	2	1	34	9.59698e-06	208399	1	FALSE	NA	NA	NA	NA	NA	NA
NC_045512.2	16180	A	T	206842	152032	35	16	9	34	7.73309e-05	206903	1	FALSE	NA	NA	NA	NA	NA	NA
NC_045512.2	16180	A	G	206842	152032	35	30	23	33	0.000144995	206903	1	FALSE	NA	NA	NA	NA	NA	NA
NC_045512.2	16180	A	C	206842	152032	35	15	12	32	7.24977e-05	206903	1	FALSE	NA	NA	NA	NA	NA	NA
NC_045512.2	16181	G	T	209008	152225	35	3	0	34	1.4353e-05	209016	1	FALSE	NA	NA	NA	NA	NA	NA
NC_045512.2	16181	G	A	209008	152225	35	5	3	34	2.39216e-05	209016	1	FALSE	NA	NA	NA	NA	NA	NA
NC_045512.2	16182	G	T	210285	151963	35	1	1	34	4.75527e-06	210293	1	FALSE	NA	NA	NA	NA	NA	NA
NC_045512.2	16182	G	C	210285	151963	35	1	1	34	4.75527e-06	210293	1	FALSE	NA	NA	NA	NA	NA	NA
NC_045512.2	16182	G	A	210285	151963	35	6	2	38	2.85316e-05	210293	1	FALSE	NA	NA	NA	NA	NA	NA
NC_045512.2	16183	T	G	206484	148432	35	3	3	34	1.45276e-05	206503	1	FALSE	NA	NA	NA	NA	NA	NA
NC_045512.2	16183	T	C	206484	148432	35	16	12	36	7.74807e-05	206503	1	FALSE	NA	NA	NA	NA	NA	NA
NC_045512.2	16184	A	T	206591	148484	35	1	1	34	4.84018e-06	206604	1	FALSE	NA	NA	NA	NA	NA	NA
NC_045512.2	16184	A	G	206591	148484	35	9	5	34	4.35616e-05	206604	1	FALSE	NA	NA	NA	NA	NA	NA
NC_045512.2	16184	A	C	206591	148484	35	3	3	34	1.45205e-05	206604	1	FALSE	NA	NA	NA	NA	NA	NA
NC_045512.2	16184	A	+T	206591	148484	35	1	0	20	4.84018e-06	206604	1	FALSE	NA	NA	NA	NA	NA	NA
NC_045512.2	16185	T	G	206545	148521	35	6	2	32	2.90468e-05	206563	1	FALSE	NA	NA	NA	NA	NA	NA
NC_045512.2	16185	T	C	206545	148521	35	8	6	33	3.87291e-05	206563	1	FALSE	NA	NA	NA	NA	NA	NA
NC_045512.2	16185	T	A	206545	148521	35	4	1	30	1.93646e-05	206563	1	FALSE	NA	NA	NA	NA	NA	NA
NC_045512.2	16186	T	C	206479	148560	35	12	5	33	5.81122e-05	206497	1	FALSE	NA	NA	NA	NA	NA	NA
NC_045512.2	16186	T	A	206479	148560	35	6	5	34	2.90561e-05	206497	1	FALSE	NA	NA	NA	NA	NA	NA
NC_045512.2	16186	T	-G	206479	148560	35	5	0	20	2.42134e-05	206497	1	FALSE	NA	NA	NA	NA	NA	NA
NC_045512.2	16187	G	T	206516	148595	35	33	30	34	0.000159754	206567	1	FALSE	NA	NA	NA	NA	NA	NA
NC_045512.2	16187	G	C	206516	148595	35	1	1	34	4.84104e-06	206567	1	FALSE	NA	NA	NA	NA	NA	NA
NC_045512.2	16187	G	A	206516	148595	35	17	9	34	8.22978e-05	206567	1	FALSE	NA	NA	NA	NA	NA	NA
NC_045512.2	16188	G	T	206375	148448	35	5	3	32	2.42266e-05	206385	1	FALSE	NA	NA	NA	NA	NA	NA
NC_045512.2	16188	G	C	206375	148448	35	1	1	34	4.84531e-06	206385	1	FALSE	NA	NA	NA	NA	NA	NA
NC_045512.2	16188	G	A	206375	148448	35	4	3	34	1.93813e-05	206385	1	FALSE	NA	NA	NA	NA	NA	NA
NC_045512.2	16189	G	C	206628	148728	35	1	1	34	4.83933e-06	206640	1	FALSE	NA	NA	NA	NA	NA	NA
NC_045512.2	16189	G	A	206628	148728	35	11	10	34	5.32327e-05	206640	1	FALSE	NA	NA	NA	NA	NA	NA
NC_045512.2	16189	G	-A	206628	148728	35	1	0	20	4.83933e-06	206640	1	FALSE	NA	NA	NA	NA	NA	NA
NC_045512.2	16190	A	T	205714	147813	35	1	1	34	4.86069e-06	205732	1	FALSE	NA	NA	NA	NA	NA	NA
NC_045512.2	16190	A	G	205714	147813	35	16	11	35	7.77711e-05	205732	1	FALSE	NA	NA	NA	NA	NA	NA
NC_045512.2	16190	A	C	205714	147813	35	1	1	26	4.86069e-06	205732	1	FALSE	NA	NA	NA	NA	NA	NA
NC_045512.2	16191	A	G	201283	144872	35	22	14	33	0.000109286	201306	1	FALSE	NA	NA	NA	NA	NA	NA
NC_045512.2	16191	A	C	201283	144872	35	1	0	26	4.96756e-06	201306	1	FALSE	NA	NA	NA	NA	NA	NA
NC_045512.2	16192	C	T	202578	144847	35	7	3	34	3.45525e-05	202590	1	FALSE	NA	NA	NA	NA	NA	NA
NC_045512.2	16192	C	G	202578	144847	35	3	2	31	1.48082e-05	202590	1	FALSE	NA	NA	NA	NA	NA	NA
NC_045512.2	16192	C	A	202578	144847	35	2	1	30	9.87216e-06	202590	1	FALSE	NA	NA	NA	NA	NA	NA
NC_045512.2	16193	C	T	201920	144623	35	3	3	31	1.48559e-05	201940	1	FALSE	NA	NA	NA	NA	NA	NA
NC_045512.2	16193	C	A	201920	144623	35	17	11	34	8.41834e-05	201940	1	FALSE	NA	NA	NA	NA	NA	NA
NC_045512.2	16194	T	G	200587	143248	35	7	1	34	3.48804e-05	200686	1	FALSE	NA	NA	NA	NA	NA	NA
NC_045512.2	16194	T	C	200587	143248	35	91	63	33	0.000453445	200686	1	FALSE	NA	NA	NA	NA	NA	NA
NC_045512.2	16194	T	A	200587	143248	35	1	1	34	4.98291e-06	200686	1	FALSE	NA	NA	NA	NA	NA	NA
NC_045512.2	16195	G	C	202060	144285	35	2	2	34	9.89756e-06	202070	1	FALSE	NA	NA	NA	NA	NA	NA
NC_045512.2	16195	G	A	202060	144285	35	8	4	33	3.95902e-05	202070	1	FALSE	NA	NA	NA	NA	NA	NA
NC_045512.2	16196	A	T	201937	144055	35	2	2	34	9.90295e-06	201960	1	FALSE	NA	NA	NA	NA	NA	NA
NC_045512.2	16196	A	G	201937	144055	35	21	15	33	0.000103981	201960	1	FALSE	NA	NA	NA	NA	NA	NA
NC_045512.2	16197	G	T	202030	144061	35	4	2	34	1.97983e-05	202038	1	FALSE	NA	NA	NA	NA	NA	NA
NC_045512.2	16197	G	A	202030	144061	35	4	4	34	1.97983e-05	202038	1	FALSE	NA	NA	NA	NA	NA	NA
NC_045512.2	16197	G	-T	202030	144061	35	4	0	20	1.97983e-05	202038	1	FALSE	NA	NA	NA	NA	NA	NA
NC_045512.2	16198	T	G	201564	143707	35	1	1	34	4.96098e-06	201573	1	FALSE	NA	NA	NA	NA	NA	NA
NC_045512.2	16198	T	C	201564	143707	35	6	4	39	2.97659e-05	201573	1	FALSE	NA	NA	NA	NA	NA	NA
NC_045512.2	16198	T	A	201564	143707	35	2	1	30	9.92196e-06	201573	1	FALSE	NA	NA	NA	NA	NA	NA
NC_045512.2	16199	T	G	198987	142037	34	3	3	34	1.50752e-05	199002	1	FALSE	NA	NA	NA	NA	NA	NA
NC_045512.2	16199	T	C	198987	142037	34	12	11	34	6.03009e-05	199002	1	FALSE	NA	NA	NA	NA	NA	NA
NC_045512.2	16200	T	C	202543	145011	35	16	14	32	7.89886e-05	202561	1	FALSE	NA	NA	NA	NA	NA	NA
NC_045512.2	16200	T	A	202543	145011	35	2	1	30	9.87357e-06	202561	1	FALSE	NA	NA	NA	NA	NA	NA
NC_045512.2	16201	T	G	201163	144354	35	11	1	29	5.46766e-05	201183	1	FALSE	NA	NA	NA	NA	NA	NA
NC_045512.2	16201	T	C	201163	144354	35	8	3	32	3.97648e-05	201183	1	FALSE	NA	NA	NA	NA	NA	NA
NC_045512.2	16201	T	A	201163	144354	35	1	1	34	4.9706e-06	201183	1	FALSE	NA	NA	NA	NA	NA	NA
NC_045512.2	16202	A	T	201201	144537	35	3	3	34	1.49086e-05	201226	1	FALSE	NA	NA	NA	NA	NA	NA
NC_045512.2	16202	A	G	201201	144537	35	18	11	37	8.94517e-05	201226	1	FALSE	NA	NA	NA	NA	NA	NA
NC_045512.2	16202	A	C	201201	144537	35	4	4	32	1.98781e-05	201226	1	FALSE	NA	NA	NA	NA	NA	NA
NC_045512.2	16203	T	G	201656	145077	35	1	1	34	4.95845e-06	201676	1	FALSE	NA	NA	NA	NA	NA	NA
NC_045512.2	16203	T	C	201656	145077	35	15	11	36	7.43767e-05	201676	1	FALSE	NA	NA	NA	NA	NA	NA
NC_045512.2	16203	T	A	201656	145077	35	4	3	42	1.98338e-05	201676	0.999861	FALSE	NA	NA	NA	NA	NA	NA
NC_045512.2	16203	T	-G	201656	145077	35	1	0	20	4.95845e-06	201676	1	FALSE	NA	NA	NA	NA	NA	NA
NC_045512.2	16204	G	T	201044	144895	35	4	4	32	1.98941e-05	201065	1	FALSE	NA	NA	NA	NA	NA	NA
NC_045512.2	16204	G	C	201044	144895	35	4	4	32	1.98941e-05	201065	1	FALSE	NA	NA	NA	NA	NA	NA
NC_045512.2	16204	G	A	201044	144895	35	13	6	41	6.46557e-05	201065	0.918614	FALSE	NA	NA	NA	NA	NA	NA
NC_045512.2	16205	A	T	200269	144230	35	25	22	34	0.000124731	200432	1	FALSE	NA	NA	NA	NA	NA	NA
NC_045512.2	16205	A	G	200269	144230	35	117	78	34	0.000583739	200432	0.999999	FALSE	NA	NA	NA	NA	NA	NA
NC_045512.2	16205	A	C	200269	144230	35	21	15	33	0.000104774	200432	1	FALSE	NA	NA	NA	NA	NA	NA
NC_045512.2	16206	G	T	200615	143936	35	28	21	33	0.000139541	200658	1	FALSE	NA	NA	NA	NA	NA	NA
NC_045512.2	16206	G	C	200615	143936	35	4	4	34	1.99344e-05	200658	1	FALSE	NA	NA	NA	NA	NA	NA
NC_045512.2	16206	G	A	200615	143936	35	11	9	34	5.48196e-05	200658	1	FALSE	NA	NA	NA	NA	NA	NA
NC_045512.2	16207	G	T	204683	143805	35	3	2	31	1.46545e-05	204715	1	FALSE	NA	NA	NA	NA	NA	NA
NC_045512.2	16207	G	C	204683	143805	35	3	2	31	1.46545e-05	204715	1	FALSE	NA	NA	NA	NA	NA	NA
NC_045512.2	16207	G	A	204683	143805	35	26	24	33	0.000127006	204715	1	FALSE	NA	NA	NA	NA	NA	NA
NC_045512.2	16208	C	T	205259	144098	35	12	7	32	5.84556e-05	205284	1	FALSE	NA	NA	NA	NA	NA	NA
NC_045512.2	16208	C	G	205259	144098	35	5	2	32	2.43565e-05	205284	1	FALSE	NA	NA	NA	NA	NA	NA
NC_045512.2	16208	C	A	205259	144098	35	8	6	34	3.89704e-05	205284	1	FALSE	NA	NA	NA	NA	NA	NA
NC_045512.2	16209	T	C	204452	140957	35	48	38	33	0.000234715	204503	1	FALSE	NA	NA	NA	NA	NA	NA
NC_045512.2	16209	T	A	204452	140957	35	3	3	28	1.46697e-05	204503	1	FALSE	NA	NA	NA	NA	NA	NA
NC_045512.2	16210	A	T	210151	142881	35	6	4	32	2.85467e-05	210182	1	FALSE	NA	NA	NA	NA	NA	NA
NC_045512.2	16210	A	G	210151	142881	35	21	7	33	9.99134e-05	210182	1	FALSE	NA	NA	NA	NA	NA	NA
NC_045512.2	16210	A	C	210151	142881	35	4	4	32	1.90311e-05	210182	1	FALSE	NA	NA	NA	NA	NA	NA
NC_045512.2	16211	T	G	210169	141978	35	1	1	34	4.75787e-06	210178	1	FALSE	NA	NA	NA	NA	NA	NA
NC_045512.2	16211	T	C	210169	141978	35	7	6	34	3.33051e-05	210178	1	FALSE	NA	NA	NA	NA	NA	NA
NC_045512.2	16211	T	A	210169	141978	35	1	0	34	4.75787e-06	210178	1	FALSE	NA	NA	NA	NA	NA	NA
NC_045512.2	16212	G	T	211570	142626	35	8	5	54	3.7809e-05	211590	0.0546763	FALSE	NA	NA	NA	NA	NA	NA
NC_045512.2	16212	G	C	211570	142626	35	5	5	30	2.36306e-05	211590	1	FALSE	NA	NA	NA	NA	NA	NA
NC_045512.2	16212	G	A	211570	142626	35	7	4	34	3.30828e-05	211590	1	FALSE	NA	NA	NA	NA	NA	NA
NC_045512.2	16213	T	G	210582	142172	35	4	1	32	1.89922e-05	210613	1	FALSE	NA	NA	NA	NA	NA	NA
NC_045512.2	16213	T	C	210582	142172	35	21	16	35	9.97089e-05	210613	1	FALSE	NA	NA	NA	NA	NA	NA
NC_045512.2	16213	T	A	210582	142172	35	6	4	31	2.84883e-05	210613	1	FALSE	NA	NA	NA	NA	NA	NA
NC_045512.2	16213	T	-A	210582	142172	35	2	0	20	9.49609e-06	210613	1	FALSE	NA	NA	NA	NA	NA	NA
NC_045512.2	16214	A	T	211641	143168	35	7	7	34	3.30655e-05	211701	1	FALSE	NA	NA	NA	NA	NA	NA
NC_045512.2	16214	A	G	211641	143168	35	51	38	33	0.000240906	211701	1	FALSE	NA	NA	NA	NA	NA	NA
NC_045512.2	16214	A	C	211641	143168	35	2	2	34	9.44729e-06	211701	1	FALSE	NA	NA	NA	NA	NA	NA
NC_045512.2	16214	A	+C	211641	143168	35	1	0	20	4.7236e-06	211703	1	FALSE	NA	NA	NA	NA	NA	NA
NC_045512.2	16215	C	T	211358	143093	35	29	21	34	0.000137185	211393	1	FALSE	NA	NA	NA	NA	NA	NA
NC_045512.2	16215	C	G	211358	143093	35	3	1	31	1.41916e-05	211393	1	FALSE	NA	NA	NA	NA	NA	NA
NC_045512.2	16215	C	A	211358	143093	35	3	2	34	1.41916e-05	211393	1	FALSE	NA	NA	NA	NA	NA	NA
NC_045512.2	16215	C	-A	211358	143093	35	4	0	20	1.89221e-05	211393	1	FALSE	NA	NA	NA	NA	NA	NA
NC_045512.2	16215	C	+T	211358	143093	35	4	0	20	1.89221e-05	211393	1	FALSE	NA	NA	NA	NA	NA	NA
NC_045512.2	16216	A	T	198295	129896	35	6	6	32	3.02518e-05	198335	1	FALSE	NA	NA	NA	NA	NA	NA
NC_045512.2	16216	A	G	198295	129896	35	14	6	37	7.05876e-05	198335	1	FALSE	NA	NA	NA	NA	NA	NA
NC_045512.2	16216	A	C	198295	129896	35	20	20	33	0.000100839	198335	1	FALSE	NA	NA	NA	NA	NA	NA
NC_045512.2	16217	C	T	199261	130046	35	18	14	38	9.03206e-05	199290	1	FALSE	NA	NA	NA	NA	NA	NA
NC_045512.2	16217	C	G	199261	130046	35	7	0	31	3.51247e-05	199290	1	FALSE	NA	NA	NA	NA	NA	NA
NC_045512.2	16217	C	A	199261	130046	35	4	1	32	2.00713e-05	199290	1	FALSE	NA	NA	NA	NA	NA	NA
NC_045512.2	16218	A	T	190523	121065	35	1	0	34	5.24841e-06	190534	1	FALSE	NA	NA	NA	NA	NA	NA
NC_045512.2	16218	A	G	190523	121065	35	6	6	32	3.14904e-05	190534	1	FALSE	NA	NA	NA	NA	NA	NA
NC_045512.2	16218	A	C	190523	121065	35	4	3	32	2.09936e-05	190534	1	FALSE	NA	NA	NA	NA	NA	NA
NC_045512.2	16219	C	T	192044	121150	35	16	12	40	8.33051e-05	192065	0.75021	FALSE	NA	NA	NA	NA	NA	NA
NC_045512.2	16219	C	G	192044	121150	35	1	1	34	5.20657e-06	192065	1	FALSE	NA	NA	NA	NA	NA	NA
NC_045512.2	16219	C	A	192044	121150	35	4	4	34	2.08263e-05	192065	1	FALSE	NA	NA	NA	NA	NA	NA
NC_045512.2	16220	C	T	177330	106785	36	4	2	32	2.25548e-05	177346	1	FALSE	NA	NA	NA	NA	NA	NA
NC_045512.2	16220	C	G	177330	106785	36	4	0	30	2.25548e-05	177346	1	FALSE	NA	NA	NA	NA	NA	NA
NC_045512.2	16220	C	A	177330	106785	36	8	3	33	4.51096e-05	177346	1	FALSE	NA	NA	NA	NA	NA	NA
NC_045512.2	16220	C	-G	177330	106785	36	1	0	20	5.63869e-06	177346	1	FALSE	NA	NA	NA	NA	NA	NA
NC_045512.2	16221	G	T	175499	103762	36	2	2	34	1.13849e-05	175671	1	FALSE	NA	NA	NA	NA	NA	NA
NC_045512.2	16221	G	C	175499	103762	36	8	6	33	4.55397e-05	175671	1	FALSE	NA	NA	NA	NA	NA	NA
NC_045512.2	16221	G	A	175499	103762	36	162	108	37	0.000922178	175671	0.777087	FALSE	NA	NA	NA	NA	NA	NA
NC_045512.2	16222	C	T	169205	104639	35	5	3	34	2.95461e-05	169227	1	FALSE	NA	NA	NA	NA	NA	NA
NC_045512.2	16222	C	G	169205	104639	35	7	0	33	4.13646e-05	169227	1	FALSE	NA	NA	NA	NA	NA	NA
NC_045512.2	16222	C	A	169205	104639	35	10	6	34	5.90922e-05	169227	1	FALSE	NA	NA	NA	NA	NA	NA
NC_045512.2	16223	A	T	169331	104706	36	9	7	32	5.31431e-05	169354	1	FALSE	NA	NA	NA	NA	NA	NA
NC_045512.2	16223	A	G	169331	104706	36	12	8	33	7.08575e-05	169354	1	FALSE	NA	NA	NA	NA	NA	NA
NC_045512.2	16223	A	C	169331	104706	36	2	2	34	1.18096e-05	169354	1	FALSE	NA	NA	NA	NA	NA	NA
NC_045512.2	16224	T	C	168835	104423	36	20	13	35	0.000118444	168856	1	FALSE	NA	NA	NA	NA	NA	NA
NC_045512.2	16224	T	A	168835	104423	36	1	1	34	5.92221e-06	168856	1	FALSE	NA	NA	NA	NA	NA	NA
NC_045512.2	16225	A	T	167863	104258	36	4	3	34	2.38264e-05	167881	1	FALSE	NA	NA	NA	NA	NA	NA
NC_045512.2	16225	A	G	167863	104258	36	11	9	33	6.55226e-05	167881	1	FALSE	NA	NA	NA	NA	NA	NA
NC_045512.2	16225	A	C	167863	104258	36	3	2	31	1.78698e-05	167881	1	FALSE	NA	NA	NA	NA	NA	NA
NC_045512.2	16226	C	T	167560	104326	35	25	21	34	0.000149175	167588	1	FALSE	NA	NA	NA	NA	NA	NA
NC_045512.2	16226	C	G	167560	104326	35	2	1	26	1.1934e-05	167588	1	FALSE	NA	NA	NA	NA	NA	NA
NC_045512.2	16226	C	A	167560	104326	35	1	1	34	5.96701e-06	167588	1	FALSE	NA	NA	NA	NA	NA	NA
NC_045512.2	16227	A	T	151773	89366	36	7	7	31	4.60823e-05	151902	1	FALSE	NA	NA	NA	NA	NA	NA
NC_045512.2	16227	A	G	151773	89366	36	105	28	37	0.000691235	151902	0.998385	FALSE	NA	NA	NA	NA	NA	NA
NC_045512.2	16227	A	C	151773	89366	36	17	16	32	0.000111914	151902	1	FALSE	NA	NA	NA	NA	NA	NA
NC_045512.2	16228	G	T	155652	88763	36	2	2	30	1.28476e-05	155671	1	FALSE	NA	NA	NA	NA	NA	NA
NC_045512.2	16228	G	C	155652	88763	36	4	4	32	2.56952e-05	155671	1	FALSE	NA	NA	NA	NA	NA	NA
NC_045512.2	16228	G	A	155652	88763	36	13	10	34	8.35095e-05	155671	1	FALSE	NA	NA	NA	NA	NA	NA
NC_045512.2	16229	T	G	147794	81770	35	7	5	32	4.73562e-05	147816	1	FALSE	NA	NA	NA	NA	NA	NA
NC_045512.2	16229	T	C	147794	81770	35	11	4	33	7.44168e-05	147816	1	FALSE	NA	NA	NA	NA	NA	NA
NC_045512.2	16229	T	A	147794	81770	35	4	1	40	2.70607e-05	147816	0.996229	FALSE	NA	NA	NA	NA	NA	NA
NC_045512.2	16230	C	T	142614	79941	36	5	2	34	3.50572e-05	142624	1	FALSE	NA	NA	NA	NA	NA	NA
NC_045512.2	16230	C	G	142614	79941	36	2	0	27	1.40229e-05	142624	1	FALSE	NA	NA	NA	NA	NA	NA
NC_045512.2	16230	C	A	142614	79941	36	3	2	34	2.10343e-05	142624	1	FALSE	NA	NA	NA	NA	NA	NA
NC_045512.2	16230	C	-T	142614	79941	36	4	0	20	2.80458e-05	142624	1	FALSE	NA	NA	NA	NA	NA	NA
NC_045512.2	16231	T	C	140880	78260	36	9	3	37	6.38792e-05	140891	1	FALSE	NA	NA	NA	NA	NA	NA
NC_045512.2	16231	T	A	140880	78260	36	2	0	30	1.41954e-05	140891	1	FALSE	NA	NA	NA	NA	NA	NA
NC_045512.2	16232	T	G	140640	78292	36	2	0	34	1.42191e-05	140656	1	FALSE	NA	NA	NA	NA	NA	NA
NC_045512.2	16232	T	C	140640	78292	36	14	12	36	9.95336e-05	140656	1	FALSE	NA	NA	NA	NA	NA	NA
NC_045512.2	16233	A	T	140816	78429	36	2	1	34	1.42018e-05	140827	1	FALSE	NA	NA	NA	NA	NA	NA
NC_045512.2	16233	A	G	140816	78429	36	5	2	30	3.55046e-05	140827	1	FALSE	NA	NA	NA	NA	NA	NA
NC_045512.2	16233	A	C	140816	78429	36	4	3	30	2.84036e-05	140827	1	FALSE	NA	NA	NA	NA	NA	NA
NC_045512.2	16234	C	T	136768	78897	35	9	1	34	6.57967e-05	136785	1	FALSE	NA	NA	NA	NA	NA	NA
NC_045512.2	16234	C	G	136768	78897	35	1	0	26	7.31074e-06	136785	1	FALSE	NA	NA	NA	NA	NA	NA
NC_045512.2	16234	C	A	136768	78897	35	7	6	34	5.11752e-05	136785	1	FALSE	NA	NA	NA	NA	NA	NA
NC_045512.2	16235	A	T	131272	74098	35	6	1	32	4.56969e-05	131300	1	FALSE	NA	NA	NA	NA	NA	NA
NC_045512.2	16235	A	G	131272	74098	35	18	16	41	0.000137091	131300	0.236492	FALSE	NA	NA	NA	NA	NA	NA
NC_045512.2	16235	A	C	131272	74098	35	4	4	32	3.04646e-05	131300	1	FALSE	NA	NA	NA	NA	NA	NA
NC_045512.2	16236	G	T	60582	6702	36	6	0	34	9.90279e-05	60589	1	FALSE	NA	NA	NA	NA	NA	NA
NC_045512.2	16236	G	A	60582	6702	36	1	0	34	1.65046e-05	60589	1	FALSE	NA	NA	NA	NA	NA	NA
NC_045512.2	16237	G	C	57767	7920	36	2	2	30	3.46188e-05	57772	1	FALSE	NA	NA	NA	NA	NA	NA
NC_045512.2	16237	G	A	57767	7920	36	3	0	34	5.19283e-05	57772	1	FALSE	NA	NA	NA	NA	NA	NA
NC_045512.2	16238	C	T	57344	8266	36	8	1	42	0.000139489	57352	0.290527	FALSE	NA	NA	NA	NA	NA	NA
NC_045512.2	16239	T	G	57479	8355	36	2	0	34	3.47838e-05	57498	1	FALSE	NA	NA	NA	NA	NA	NA
NC_045512.2	16239	T	C	57479	8355	36	16	1	36	0.000278271	57498	1	FALSE	NA	NA	NA	NA	NA	NA
NC_045512.2	16239	T	A	57479	8355	36	1	0	34	1.73919e-05	57498	1	FALSE	NA	NA	NA	NA	NA	NA
NC_045512.2	16240	G	T	59190	8484	36	1	0	34	1.68933e-05	59195	1	FALSE	NA	NA	NA	NA	NA	NA
NC_045512.2	16240	G	A	59190	8484	36	4	1	34	6.75733e-05	59195	1	FALSE	NA	NA	NA	NA	NA	NA
NC_045512.2	16241	T	C	59064	8445	36	1	1	34	1.69302e-05	59066	1	FALSE	NA	NA	NA	NA	NA	NA
NC_045512.2	16241	T	A	59064	8445	36	1	0	34	1.69302e-05	59066	1	FALSE	NA	NA	NA	NA	NA	NA
NC_045512.2	16242	T	G	59229	8647	36	1	1	60	1.68822e-05	59234	0.499987	FALSE	NA	NA	NA	NA	NA	NA
NC_045512.2	16242	T	C	59229	8647	36	4	0	34	6.75288e-05	59234	1	FALSE	NA	NA	NA	NA	NA	NA
NC_045512.2	16242	T	-G	59229	8647	36	3	0	20	5.06466e-05	59234	1	FALSE	NA	NA	NA	NA	NA	NA
NC_045512.2	16243	G	T	59320	8629	36	4	0	34	6.74252e-05	59325	1	FALSE	NA	NA	NA	NA	NA	NA
NC_045512.2	16243	G	C	59320	8629	36	1	0	34	1.68563e-05	59325	1	FALSE	NA	NA	NA	NA	NA	NA
NC_045512.2	16244	G	A	57073	9643	37	2	1	34	3.50416e-05	57075	1	FALSE	NA	NA	NA	NA	NA	NA
NC_045512.2	16245	G	T	57541	9946	37	1	1	34	1.73774e-05	57546	1	FALSE	NA	NA	NA	NA	NA	NA
NC_045512.2	16245	G	A	57541	9946	37	4	0	34	6.95096e-05	57546	1	FALSE	NA	NA	NA	NA	NA	NA
NC_045512.2	16246	G	T	57264	9969	37	2	0	34	3.49211e-05	57272	1	FALSE	NA	NA	NA	NA	NA	NA
NC_045512.2	16246	G	A	57264	9969	37	6	0	32	0.000104763	57272	1	FALSE	NA	NA	NA	NA	NA	NA
NC_045512.2	16247	C	-T	54463	10650	36	1	0	20	1.83611e-05	54463	1	FALSE	NA	NA	NA	NA	NA	NA
NC_045512.2	16248	T	G	54711	10933	37	6	0	34	0.000109621	54734	1	FALSE	NA	NA	NA	NA	NA	NA
NC_045512.2	16248	T	C	54711	10933	37	15	2	34	0.000274053	54734	1	FALSE	NA	NA	NA	NA	NA	NA
NC_045512.2	16248	T	A	54711	10933	37	2	0	34	3.65404e-05	54734	1	FALSE	NA	NA	NA	NA	NA	NA
NC_045512.2	16249	T	G	54735	11009	37	7	2	42	0.000127821	54764	0.386941	FALSE	NA	NA	NA	NA	NA	NA
NC_045512.2	16249	T	C	54735	11009	37	20	1	34	0.000365203	54764	0.999983	FALSE	NA	NA	NA	NA	NA	NA
NC_045512.2	16249	T	A	54735	11009	37	2	0	34	3.65203e-05	54764	1	FALSE	NA	NA	NA	NA	NA	NA
NC_045512.2	16250	G	A	54883	11005	37	2	1	34	3.64398e-05	54885	1	FALSE	NA	NA	NA	NA	NA	NA
NC_045512.2	16251	T	G	54768	11020	37	1	0	26	1.82568e-05	54774	1	FALSE	NA	NA	NA	NA	NA	NA
NC_045512.2	16251	T	C	54768	11020	37	3	0	45	5.47705e-05	54774	0.855466	FALSE	NA	NA	NA	NA	NA	NA
NC_045512.2	16251	T	A	54768	11020	37	2	2	29	3.65137e-05	54774	1	FALSE	NA	NA	NA	NA	NA	NA
NC_045512.2	16252	G	A	51223	11315	36	7	0	34	0.000136639	51230	1	FALSE	NA	NA	NA	NA	NA	NA
NC_045512.2	16252	G	+T	51223	11315	36	1	0	20	1.95198e-05	51230	1	FALSE	NA	NA	NA	NA	NA	NA
NC_045512.2	16253	T	C	51389	11546	36	8	2	37	0.000155651	51397	1	FALSE	NA	NA	NA	NA	NA	NA
NC_045512.2	16254	T	G	50341	11330	36	5	0	32	9.93068e-05	50349	1	FALSE	NA	NA	NA	NA	NA	NA
NC_045512.2	16254	T	C	50341	11330	36	2	1	51	3.97227e-05	50349	0.249973	FALSE	NA	NA	NA	NA	NA	NA
NC_045512.2	16254	T	A	50341	11330	36	1	0	34	1.98614e-05	50349	1	FALSE	NA	NA	NA	NA	NA	NA
NC_045512.2	16255	C	T	50413	11603	36	3	0	34	5.95026e-05	50418	1	FALSE	NA	NA	NA	NA	NA	NA
NC_045512.2	16255	C	G	50413	11603	36	1	1	34	1.98342e-05	50418	1	FALSE	NA	NA	NA	NA	NA	NA
NC_045512.2	16255	C	A	50413	11603	36	1	1	34	1.98342e-05	50418	1	FALSE	NA	NA	NA	NA	NA	NA
NC_045512.2	16256	T	G	50224	11319	36	1	0	34	1.991e-05	50226	1	FALSE	NA	NA	NA	NA	NA	NA
NC_045512.2	16256	T	C	50224	11319	36	1	0	34	1.991e-05	50226	1	FALSE	NA	NA	NA	NA	NA	NA
NC_045512.2	16257	T	G	50793	11731	36	1	0	34	1.96854e-05	50799	1	FALSE	NA	NA	NA	NA	NA	NA
NC_045512.2	16257	T	C	50793	11731	36	4	0	34	7.87417e-05	50799	1	FALSE	NA	NA	NA	NA	NA	NA
NC_045512.2	16257	T	A	50793	11731	36	1	0	34	1.96854e-05	50799	1	FALSE	NA	NA	NA	NA	NA	NA
NC_045512.2	16258	T	C	51169	12326	37	6	0	38	0.000117242	51176	1	FALSE	NA	NA	NA	NA	NA	NA
NC_045512.2	16258	T	A	51169	12326	37	1	1	34	1.95404e-05	51176	1	FALSE	NA	NA	NA	NA	NA	NA
NC_045512.2	16259	G	C	51026	12308	37	4	3	59	7.8373e-05	51038	0.0624792	FALSE	NA	NA	NA	NA	NA	NA
NC_045512.2	16259	G	A	51026	12308	37	8	3	34	0.000156746	51038	1	FALSE	NA	NA	NA	NA	NA	NA
NC_045512.2	16260	C	T	50921	12422	37	14	1	35	0.000274839	50939	0.999999	FALSE	NA	NA	NA	NA	NA	NA
NC_045512.2	16260	C	G	50921	12422	37	4	0	32	7.85253e-05	50939	1	FALSE	NA	NA	NA	NA	NA	NA
NC_045512.2	16261	A	T	51055	12418	37	1	1	34	1.95852e-05	51059	1	FALSE	NA	NA	NA	NA	NA	NA
NC_045512.2	16261	A	G	51055	12418	37	3	0	34	5.87556e-05	51059	1	FALSE	NA	NA	NA	NA	NA	NA
NC_045512.2	16262	A	T	51226	12804	37	3	1	34	5.85572e-05	51232	1	FALSE	NA	NA	NA	NA	NA	NA
NC_045512.2	16262	A	G	51226	12804	37	3	1	34	5.85572e-05	51232	1	FALSE	NA	NA	NA	NA	NA	NA
NC_045512.2	16263	T	C	51904	13690	37	6	4	36	0.000115585	51910	1	FALSE	NA	NA	NA	NA	NA	NA
NC_045512.2	16264	T	C	51850	13751	37	7	4	35	0.000134987	51857	1	FALSE	NA	NA	NA	NA	NA	NA
NC_045512.2	16265	C	T	50853	13938	37	1	0	34	1.96618e-05	50860	1	FALSE	NA	NA	NA	NA	NA	NA
NC_045512.2	16265	C	G	50853	13938	37	1	0	34	1.96618e-05	50860	1	FALSE	NA	NA	NA	NA	NA	NA
NC_045512.2	16265	C	A	50853	13938	37	5	3	31	9.83091e-05	50860	1	FALSE	NA	NA	NA	NA	NA	NA
NC_045512.2	16266	A	T	50785	13838	37	1	0	34	1.96878e-05	50793	1	FALSE	NA	NA	NA	NA	NA	NA
NC_045512.2	16266	A	G	50785	13838	37	6	0	34	0.000118127	50793	1	FALSE	NA	NA	NA	NA	NA	NA
NC_045512.2	16266	A	C	50785	13838	37	1	0	34	1.96878e-05	50793	1	FALSE	NA	NA	NA	NA	NA	NA
NC_045512.2	16267	C	T	49607	13978	37	11	3	36	0.000221689	49619	1	FALSE	NA	NA	NA	NA	NA	NA
NC_045512.2	16267	C	A	49607	13978	37	1	0	68	2.01536e-05	49619	0.49995	FALSE	NA	NA	NA	NA	NA	NA
NC_045512.2	16268	A	T	49404	13941	37	1	1	68	2.02347e-05	49420	0.499929	FALSE	NA	NA	NA	NA	NA	NA
NC_045512.2	16268	A	G	49404	13941	37	14	1	33	0.000283286	49420	0.999999	FALSE	NA	NA	NA	NA	NA	NA
NC_045512.2	16268	A	C	49404	13941	37	1	0	34	2.02347e-05	49420	1	FALSE	NA	NA	NA	NA	NA	NA
NC_045512.2	16269	G	T	49642	13918	37	1	0	34	2.01438e-05	49643	1	FALSE	NA	NA	NA	NA	NA	NA
NC_045512.2	16270	A	G	49845	14280	37	3	1	34	6.01817e-05	49849	1	FALSE	NA	NA	NA	NA	NA	NA
NC_045512.2	16270	A	C	49845	14280	37	1	1	26	2.00606e-05	49849	1	FALSE	NA	NA	NA	NA	NA	NA
NC_045512.2	16271	C	T	50230	14329	37	1	0	34	1.9908e-05	50231	1	FALSE	NA	NA	NA	NA	NA	NA
NC_045512.2	16272	T	G	49984	14094	37	4	2	32	8.00064e-05	49996	1	FALSE	NA	NA	NA	NA	NA	NA
NC_045512.2	16272	T	C	49984	14094	37	7	4	30	0.000140011	49996	1	FALSE	NA	NA	NA	NA	NA	NA
NC_045512.2	16272	T	A	49984	14094	37	1	1	34	2.00016e-05	49996	1	FALSE	NA	NA	NA	NA	NA	NA
NC_045512.2	16273	T	C	50505	14247	37	5	3	32	9.89903e-05	50510	1	FALSE	NA	NA	NA	NA	NA	NA
NC_045512.2	16273	T	-C	50505	14247	37	1	0	20	1.97981e-05	50510	1	FALSE	NA	NA	NA	NA	NA	NA
NC_045512.2	16274	C	T	49886	14348	37	4	4	34	8.01748e-05	49891	1	FALSE	NA	NA	NA	NA	NA	NA
NC_045512.2	16274	C	A	49886	14348	37	1	0	24	2.00437e-05	49891	1	FALSE	NA	NA	NA	NA	NA	NA
NC_045512.2	16275	A	G	50844	15496	37	3	2	42	5.90005e-05	50847	0.855485	FALSE	NA	NA	NA	NA	NA	NA
NC_045512.2	16276	T	C	49553	15668	37	2	0	34	4.03592e-05	49555	1	FALSE	NA	NA	NA	NA	NA	NA
NC_045512.2	16277	T	C	49661	15875	37	2	1	34	4.02706e-05	49664	1	FALSE	NA	NA	NA	NA	NA	NA
NC_045512.2	16277	T	A	49661	15875	37	1	0	27	2.01353e-05	49664	1	FALSE	NA	NA	NA	NA	NA	NA
NC_045512.2	16278	A	T	49733	15862	37	1	1	26	2.01054e-05	49738	1	FALSE	NA	NA	NA	NA	NA	NA
NC_045512.2	16278	A	G	49733	15862	37	4	2	40	8.04214e-05	49738	0.636724	FALSE	NA	NA	NA	NA	NA	NA
NC_045512.2	16279	A	T	49503	15873	37	2	2	34	4.03967e-05	49509	1	FALSE	NA	NA	NA	NA	NA	NA
NC_045512.2	16279	A	G	49503	15873	37	2	0	34	4.03967e-05	49509	1	FALSE	NA	NA	NA	NA	NA	NA
NC_045512.2	16279	A	C	49503	15873	37	2	0	34	4.03967e-05	49509	1	FALSE	NA	NA	NA	NA	NA	NA
NC_045512.2	16280	G	A	50124	15739	37	1	0	27	1.99501e-05	50125	1	FALSE	NA	NA	NA	NA	NA	NA
NC_045512.2	16281	A	T	52787	19331	37	1	0	34	1.89423e-05	52792	1	FALSE	NA	NA	NA	NA	NA	NA
NC_045512.2	16281	A	G	52787	19331	37	4	1	42	7.57691e-05	52792	0.746103	FALSE	NA	NA	NA	NA	NA	NA
NC_045512.2	16282	T	C	52539	19331	37	5	2	47	9.51583e-05	52544	0.623064	FALSE	NA	NA	NA	NA	NA	NA
NC_045512.2	16283	G	T	51162	19445	37	3	1	62	5.86327e-05	51166	0.124996	FALSE	NA	NA	NA	NA	NA	NA
NC_045512.2	16283	G	A	51162	19445	37	1	0	34	1.95442e-05	51166	1	FALSE	NA	NA	NA	NA	NA	NA
NC_045512.2	16284	T	C	50780	19132	37	12	4	36	0.000236239	50796	1	FALSE	NA	NA	NA	NA	NA	NA
NC_045512.2	16284	T	A	50780	19132	37	4	1	40	7.87464e-05	50796	0.745997	FALSE	NA	NA	NA	NA	NA	NA
NC_045512.2	16285	G	A	50726	19180	37	7	1	34	0.000137977	50733	1	FALSE	NA	NA	NA	NA	NA	NA
NC_045512.2	16286	G	T	51042	19295	37	2	0	30	3.9178e-05	51049	1	FALSE	NA	NA	NA	NA	NA	NA
NC_045512.2	16286	G	A	51042	19295	37	5	4	32	9.79451e-05	51049	1	FALSE	NA	NA	NA	NA	NA	NA
NC_045512.2	16287	T	C	50944	19238	37	6	2	38	0.00011776	50951	1	FALSE	NA	NA	NA	NA	NA	NA
NC_045512.2	16287	T	A	50944	19238	37	1	1	34	1.96267e-05	50951	1	FALSE	NA	NA	NA	NA	NA	NA
NC_045512.2	16288	G	T	50948	19177	37	1	0	34	1.96267e-05	50951	1	FALSE	NA	NA	NA	NA	NA	NA
NC_045512.2	16288	G	A	50948	19177	37	2	1	34	3.92534e-05	50951	1	FALSE	NA	NA	NA	NA	NA	NA
NC_045512.2	16289	C	T	50674	19350	37	6	1	32	0.000118388	50681	1	FALSE	NA	NA	NA	NA	NA	NA
NC_045512.2	16289	C	G	50674	19350	37	1	0	34	1.97313e-05	50681	1	FALSE	NA	NA	NA	NA	NA	NA
NC_045512.2	16290	T	G	50899	19392	38	2	2	34	3.92889e-05	50905	1	FALSE	NA	NA	NA	NA	NA	NA
NC_045512.2	16290	T	C	50899	19392	38	3	1	31	5.89333e-05	50905	1	FALSE	NA	NA	NA	NA	NA	NA
NC_045512.2	16290	T	A	50899	19392	38	1	0	34	1.96444e-05	50905	1	FALSE	NA	NA	NA	NA	NA	NA
NC_045512.2	16291	T	G	52549	20357	38	1	0	34	1.90244e-05	52564	1	FALSE	NA	NA	NA	NA	NA	NA
NC_045512.2	16291	T	C	52549	20357	38	13	5	46	0.000247318	52564	0.048108	FALSE	NA	NA	NA	NA	NA	NA
NC_045512.2	16291	T	A	52549	20357	38	1	0	34	1.90244e-05	52564	1	FALSE	NA	NA	NA	NA	NA	NA
NC_045512.2	16292	G	C	52470	20205	38	1	1	34	1.90531e-05	52485	1	FALSE	NA	NA	NA	NA	NA	NA
NC_045512.2	16292	G	A	52470	20205	38	14	6	44	0.000266743	52485	0.0317722	FALSE	NA	NA	NA	NA	NA	NA
NC_045512.2	16293	C	T	52402	20434	38	2	2	34	3.8165e-05	52404	1	FALSE	NA	NA	NA	NA	NA	NA
NC_045512.2	16294	A	G	52509	20498	38	4	2	34	7.61716e-05	52513	1	FALSE	NA	NA	NA	NA	NA	NA
NC_045512.2	16295	T	C	52827	20248	38	3	0	31	5.67859e-05	52830	1	FALSE	NA	NA	NA	NA	NA	NA
NC_045512.2	16296	A	T	52730	20377	38	1	0	34	1.89613e-05	52739	1	FALSE	NA	NA	NA	NA	NA	NA
NC_045512.2	16296	A	G	52730	20377	38	6	1	45	0.000113768	52739	0.499974	FALSE	NA	NA	NA	NA	NA	NA
NC_045512.2	16296	A	C	52730	20377	38	2	2	34	3.79226e-05	52739	1	FALSE	NA	NA	NA	NA	NA	NA
NC_045512.2	16297	C	T	52716	20477	38	10	7	34	0.000189653	52728	1	FALSE	NA	NA	NA	NA	NA	NA
NC_045512.2	16297	C	G	52716	20477	38	1	0	34	1.89653e-05	52728	1	FALSE	NA	NA	NA	NA	NA	NA
NC_045512.2	16297	C	A	52716	20477	38	1	0	34	1.89653e-05	52728	1	FALSE	NA	NA	NA	NA	NA	NA
NC_045512.2	16298	G	T	52727	20480	38	1	0	34	1.89602e-05	52742	1	FALSE	NA	NA	NA	NA	NA	NA
NC_045512.2	16298	G	A	52727	20480	38	14	3	47	0.000265443	52742	0.0317723	FALSE	NA	NA	NA	NA	NA	NA
NC_045512.2	16299	T	C	54574	23173	38	3	3	34	5.49672e-05	54578	1	FALSE	NA	NA	NA	NA	NA	NA
NC_045512.2	16299	T	A	54574	23173	38	1	0	34	1.83224e-05	54578	1	FALSE	NA	NA	NA	NA	NA	NA
NC_045512.2	16300	A	T	53935	22427	38	2	0	34	3.70782e-05	53940	1	FALSE	NA	NA	NA	NA	NA	NA
NC_045512.2	16300	A	G	53935	22427	38	3	0	34	5.56174e-05	53940	1	FALSE	NA	NA	NA	NA	NA	NA
NC_045512.2	16301	G	A	53708	22477	38	4	4	34	7.44713e-05	53712	1	FALSE	NA	NA	NA	NA	NA	NA
NC_045512.2	16302	A	G	53709	22580	38	1	0	34	1.86178e-05	53712	1	FALSE	NA	NA	NA	NA	NA	NA
NC_045512.2	16302	A	C	53709	22580	38	2	2	34	3.72356e-05	53712	1	FALSE	NA	NA	NA	NA	NA	NA
NC_045512.2	16303	C	T	54289	23054	38	2	0	34	3.68385e-05	54291	1	FALSE	NA	NA	NA	NA	NA	NA
NC_045512.2	16304	C	T	53682	22688	38	1	0	34	1.86279e-05	53683	1	FALSE	NA	NA	NA	NA	NA	NA
NC_045512.2	16305	A	T	54502	23412	39	3	1	34	5.50307e-05	54515	1	FALSE	NA	NA	NA	NA	NA	NA
NC_045512.2	16305	A	G	54502	23412	39	10	4	31	0.000183436	54515	1	FALSE	NA	NA	NA	NA	NA	NA
NC_045512.2	16306	T	C	55257	23466	39	3	2	30	5.42878e-05	55261	1	FALSE	NA	NA	NA	NA	NA	NA
NC_045512.2	16306	T	A	55257	23466	39	1	0	68	1.80959e-05	55261	0.499991	FALSE	NA	NA	NA	NA	NA	NA
NC_045512.2	16307	T	G	54547	23388	38	3	0	29	5.49894e-05	54556	1	FALSE	NA	NA	NA	NA	NA	NA
NC_045512.2	16307	T	C	54547	23388	38	4	1	49	7.33192e-05	54556	0.746067	FALSE	NA	NA	NA	NA	NA	NA
NC_045512.2	16307	T	A	54547	23388	38	2	1	34	3.66596e-05	54556	1	FALSE	NA	NA	NA	NA	NA	NA
NC_045512.2	16308	C	A	49896	24492	38	5	3	54	0.000100198	49901	0.0312484	FALSE	NA	NA	NA	NA	NA	NA
NC_045512.2	16309	T	C	49974	24546	38	2	2	30	4.00192e-05	49976	1	FALSE	NA	NA	NA	NA	NA	NA
NC_045512.2	16310	T	C	49606	24344	38	3	2	30	6.04729e-05	49609	1	FALSE	NA	NA	NA	NA	NA	NA
NC_045512.2	16311	A	G	46977	24943	37	2	2	40	4.25713e-05	46980	0.890632	FALSE	NA	NA	NA	NA	NA	NA
NC_045512.2	16311	A	C	46977	24943	37	1	1	34	2.12857e-05	46980	1	FALSE	NA	NA	NA	NA	NA	NA
NC_045512.2	16314	T	C	47209	26696	37	3	3	28	6.35432e-05	47212	1	FALSE	NA	NA	NA	NA	NA	NA
NC_045512.2	16315	T	G	46204	25650	37	2	1	30	4.32797e-05	46211	1	FALSE	NA	NA	NA	NA	NA	NA
NC_045512.2	16315	T	C	46204	25650	37	5	2	34	0.000108199	46211	1	FALSE	NA	NA	NA	NA	NA	NA
NC_045512.2	16317	T	G	46175	25539	37	1	0	26	2.16539e-05	46181	1	FALSE	NA	NA	NA	NA	NA	NA
NC_045512.2	16317	T	C	46175	25539	37	4	1	32	8.66157e-05	46181	1	FALSE	NA	NA	NA	NA	NA	NA
NC_045512.2	16317	T	A	46175	25539	37	1	0	34	2.16539e-05	46181	1	FALSE	NA	NA	NA	NA	NA	NA
NC_045512.2	16318	A	G	45642	25713	37	10	4	37	0.000219048	45652	1	FALSE	NA	NA	NA	NA	NA	NA
NC_045512.2	16319	A	G	46259	26592	37	8	2	38	0.000172898	46270	1	FALSE	NA	NA	NA	NA	NA	NA
NC_045512.2	16319	A	C	46259	26592	37	3	3	31	6.48368e-05	46270	1	FALSE	NA	NA	NA	NA	NA	NA
NC_045512.2	16320	A	G	45140	27028	37	2	1	34	4.43046e-05	45142	1	FALSE	NA	NA	NA	NA	NA	NA
NC_045512.2	16321	T	C	45485	27041	37	4	4	42	8.79333e-05	45489	0.636737	FALSE	NA	NA	NA	NA	NA	NA
NC_045512.2	16322	G	A	44525	26903	37	1	1	34	2.24588e-05	44526	1	FALSE	NA	NA	NA	NA	NA	NA
NC_045512.2	16323	C	T	44051	27404	37	6	6	32	0.000136187	44057	1	FALSE	NA	NA	NA	NA	NA	NA
NC_045512.2	16324	T	C	43283	26583	37	5	4	34	0.000115505	43288	1	FALSE	NA	NA	NA	NA	NA	NA
NC_045512.2	16325	G	T	44544	27123	37	1	1	34	2.24482e-05	44547	1	FALSE	NA	NA	NA	NA	NA	NA
NC_045512.2	16325	G	A	44544	27123	37	2	1	34	4.48964e-05	44547	1	FALSE	NA	NA	NA	NA	NA	NA
NC_045512.2	16326	T	G	44530	27147	37	1	1	26	2.24532e-05	44537	1	FALSE	NA	NA	NA	NA	NA	NA
NC_045512.2	16326	T	C	44530	27147	37	4	3	34	8.9813e-05	44537	1	FALSE	NA	NA	NA	NA	NA	NA
NC_045512.2	16326	T	A	44530	27147	37	2	0	26	4.49065e-05	44537	1	FALSE	NA	NA	NA	NA	NA	NA
NC_045512.2	16327	T	C	44552	27168	37	1	1	34	2.24452e-05	44553	1	FALSE	NA	NA	NA	NA	NA	NA
NC_045512.2	16328	A	T	45043	27828	37	1	1	34	2.21995e-05	45046	1	FALSE	NA	NA	NA	NA	NA	NA
NC_045512.2	16328	A	G	45043	27828	37	2	2	34	4.43991e-05	45046	1	FALSE	NA	NA	NA	NA	NA	NA
NC_045512.2	16329	C	T	41916	28298	36	2	2	34	4.77099e-05	41920	1	FALSE	NA	NA	NA	NA	NA	NA
NC_045512.2	16329	C	A	41916	28298	36	2	2	34	4.77099e-05	41920	1	FALSE	NA	NA	NA	NA	NA	NA
NC_045512.2	16330	G	T	41968	28280	36	1	1	34	2.38231e-05	41976	1	FALSE	NA	NA	NA	NA	NA	NA
NC_045512.2	16330	G	A	41968	28280	36	7	7	34	0.000166762	41976	1	FALSE	NA	NA	NA	NA	NA	NA
NC_045512.2	16331	A	T	42539	29999	36	1	1	34	2.35056e-05	42543	1	FALSE	NA	NA	NA	NA	NA	NA
NC_045512.2	16331	A	G	42539	29999	36	3	2	34	7.05169e-05	42543	1	FALSE	NA	NA	NA	NA	NA	NA
NC_045512.2	16332	C	T	42472	29981	36	1	1	34	2.35433e-05	42475	1	FALSE	NA	NA	NA	NA	NA	NA
NC_045512.2	16332	C	G	42472	29981	36	1	1	34	2.35433e-05	42475	1	FALSE	NA	NA	NA	NA	NA	NA
NC_045512.2	16332	C	A	42472	29981	36	1	1	34	2.35433e-05	42475	1	FALSE	NA	NA	NA	NA	NA	NA
NC_045512.2	16333	C	T	42552	30123	36	2	0	34	4.69991e-05	42554	1	FALSE	NA	NA	NA	NA	NA	NA
NC_045512.2	16334	A	G	41255	28756	36	1	1	34	2.42383e-05	41257	1	FALSE	NA	NA	NA	NA	NA	NA
NC_045512.2	16334	A	C	41255	28756	36	1	1	34	2.42383e-05	41257	1	FALSE	NA	NA	NA	NA	NA	NA
NC_045512.2	16335	T	G	42308	29475	36	2	1	34	4.72601e-05	42319	1	FALSE	NA	NA	NA	NA	NA	NA
NC_045512.2	16335	T	C	42308	29475	36	7	7	36	0.00016541	42319	1	FALSE	NA	NA	NA	NA	NA	NA
NC_045512.2	16335	T	A	42308	29475	36	2	2	34	4.72601e-05	42319	1	FALSE	NA	NA	NA	NA	NA	NA
NC_045512.2	16336	G	T	42536	29497	36	1	1	34	2.35062e-05	42542	1	FALSE	NA	NA	NA	NA	NA	NA
NC_045512.2	16336	G	A	42536	29497	36	5	2	32	0.000117531	42542	1	FALSE	NA	NA	NA	NA	NA	NA
NC_045512.2	16337	T	G	42742	30079	36	2	1	30	4.67847e-05	42749	1	FALSE	NA	NA	NA	NA	NA	NA
NC_045512.2	16337	T	C	42742	30079	36	5	3	40	0.000116962	42749	0.499986	FALSE	NA	NA	NA	NA	NA	NA
NC_045512.2	16338	C	T	42303	30330	36	1	1	34	2.36379e-05	42305	1	FALSE	NA	NA	NA	NA	NA	NA
NC_045512.2	16338	C	A	42303	30330	36	1	1	34	2.36379e-05	42305	1	FALSE	NA	NA	NA	NA	NA	NA
NC_045512.2	16339	A	G	42178	30217	36	5	4	40	0.000118531	42183	0.500015	FALSE	NA	NA	NA	NA	NA	NA
NC_045512.2	16340	T	C	41886	29808	36	13	4	34	0.000310263	41900	0.999974	FALSE	NA	NA	NA	NA	NA	NA
NC_045512.2	16340	T	A	41886	29808	36	1	0	26	2.38663e-05	41900	1	FALSE	NA	NA	NA	NA	NA	NA
NC_045512.2	16341	A	G	41582	30769	36	4	2	34	9.61862e-05	41586	1	FALSE	NA	NA	NA	NA	NA	NA
NC_045512.2	16342	T	G	41712	30866	36	2	1	30	4.79432e-05	41716	1	FALSE	NA	NA	NA	NA	NA	NA
NC_045512.2	16342	T	C	41712	30866	36	1	1	34	2.39716e-05	41716	1	FALSE	NA	NA	NA	NA	NA	NA
NC_045512.2	16342	T	A	41712	30866	36	1	1	34	2.39716e-05	41716	1	FALSE	NA	NA	NA	NA	NA	NA
NC_045512.2	16343	C	T	43932	33307	36	2	2	34	4.55228e-05	43934	1	FALSE	NA	NA	NA	NA	NA	NA
NC_045512.2	16343	C	-A	43932	33307	36	1	0	20	2.27614e-05	43934	1	FALSE	NA	NA	NA	NA	NA	NA
NC_045512.2	16344	A	G	44134	33634	36	6	5	34	0.000135925	44142	1	FALSE	NA	NA	NA	NA	NA	NA
NC_045512.2	16344	A	C	44134	33634	36	2	2	34	4.53083e-05	44142	1	FALSE	NA	NA	NA	NA	NA	NA
NC_045512.2	16345	A	C	43157	33337	36	1	1	34	2.31707e-05	43158	1	FALSE	NA	NA	NA	NA	NA	NA
NC_045512.2	16348	T	C	43413	33616	36	3	2	34	6.90958e-05	43418	1	FALSE	NA	NA	NA	NA	NA	NA
NC_045512.2	16348	T	A	43413	33616	36	2	1	26	4.60638e-05	43418	1	FALSE	NA	NA	NA	NA	NA	NA
NC_045512.2	16349	C	T	44022	34286	36	2	2	30	4.54298e-05	44024	1	FALSE	NA	NA	NA	NA	NA	NA
NC_045512.2	16350	A	T	44202	34224	36	3	3	31	6.78626e-05	44207	1	FALSE	NA	NA	NA	NA	NA	NA
NC_045512.2	16350	A	G	44202	34224	36	2	1	30	4.52417e-05	44207	1	FALSE	NA	NA	NA	NA	NA	NA
NC_045512.2	16351	C	T	46491	36701	36	2	2	30	4.30172e-05	46493	1	FALSE	NA	NA	NA	NA	NA	NA
NC_045512.2	16352	A	T	46732	36968	36	2	2	30	4.27945e-05	46735	1	FALSE	NA	NA	NA	NA	NA	NA
NC_045512.2	16352	A	G	46732	36968	36	1	0	24	2.13972e-05	46735	1	FALSE	NA	NA	NA	NA	NA	NA
NC_045512.2	16353	T	G	46734	37191	36	1	0	27	2.13954e-05	46739	1	FALSE	NA	NA	NA	NA	NA	NA
NC_045512.2	16353	T	C	46734	37191	36	2	2	34	4.27908e-05	46739	1	FALSE	NA	NA	NA	NA	NA	NA
NC_045512.2	16353	T	A	46734	37191	36	2	2	30	4.27908e-05	46739	1	FALSE	NA	NA	NA	NA	NA	NA
NC_045512.2	16353	T	-A	46734	37191	36	1	0	20	2.13954e-05	46739	1	FALSE	NA	NA	NA	NA	NA	NA
NC_045512.2	16354	A	T	46557	36926	36	4	4	30	8.59014e-05	46565	1	FALSE	NA	NA	NA	NA	NA	NA
NC_045512.2	16354	A	G	46557	36926	36	3	2	30	6.44261e-05	46565	1	FALSE	NA	NA	NA	NA	NA	NA
NC_045512.2	16354	A	C	46557	36926	36	1	1	34	2.14754e-05	46565	1	FALSE	NA	NA	NA	NA	NA	NA
NC_045512.2	16355	A	T	46880	36967	36	2	2	30	4.26576e-05	46885	1	FALSE	NA	NA	NA	NA	NA	NA
NC_045512.2	16355	A	G	46880	36967	36	3	3	31	6.39863e-05	46885	1	FALSE	NA	NA	NA	NA	NA	NA
NC_045512.2	16356	A	T	46597	37940	35	1	1	34	2.14597e-05	46599	1	FALSE	NA	NA	NA	NA	NA	NA
NC_045512.2	16356	A	G	46597	37940	35	1	1	34	2.14597e-05	46599	1	FALSE	NA	NA	NA	NA	NA	NA
NC_045512.2	16356	A	-T	46597	37940	35	1	0	20	2.14597e-05	46599	1	FALSE	NA	NA	NA	NA	NA	NA
NC_045512.2	16357	T	G	47632	37903	36	1	1	34	2.0993e-05	47635	1	FALSE	NA	NA	NA	NA	NA	NA
NC_045512.2	16357	T	C	47632	37903	36	2	1	34	4.19859e-05	47635	1	FALSE	NA	NA	NA	NA	NA	NA
NC_045512.2	16358	T	C	47720	38181	36	6	4	34	0.000125718	47726	1	FALSE	NA	NA	NA	NA	NA	NA
NC_045512.2	16359	A	G	47087	37459	36	4	1	40	8.49419e-05	47091	0.636736	FALSE	NA	NA	NA	NA	NA	NA
NC_045512.2	16361	T	C	46820	37434	36	4	4	35	8.54263e-05	46824	1	FALSE	NA	NA	NA	NA	NA	NA
NC_045512.2	16362	C	T	47091	37834	36	2	2	34	4.24692e-05	47093	1	FALSE	NA	NA	NA	NA	NA	NA
NC_045512.2	16363	T	G	46763	37496	36	1	1	34	2.13808e-05	46771	1	FALSE	NA	NA	NA	NA	NA	NA
NC_045512.2	16363	T	C	46763	37496	36	6	6	31	0.000128285	46771	1	FALSE	NA	NA	NA	NA	NA	NA
NC_045512.2	16363	T	A	46763	37496	36	1	1	34	2.13808e-05	46771	1	FALSE	NA	NA	NA	NA	NA	NA
NC_045512.2	16364	T	C	45684	36410	36	9	9	36	0.000196967	45693	1	FALSE	NA	NA	NA	NA	NA	NA
NC_045512.2	16365	G	C	45519	36374	36	3	3	31	6.59022e-05	45522	1	FALSE	NA	NA	NA	NA	NA	NA
NC_045512.2	16366	T	C	48521	39603	36	3	1	34	6.18251e-05	48524	1	FALSE	NA	NA	NA	NA	NA	NA
NC_045512.2	16367	C	T	48822	39691	36	4	3	34	8.19185e-05	48829	1	FALSE	NA	NA	NA	NA	NA	NA
NC_045512.2	16367	C	G	48822	39691	36	2	1	51	4.09593e-05	48829	0.249977	FALSE	NA	NA	NA	NA	NA	NA
NC_045512.2	16367	C	A	48822	39691	36	1	1	34	2.04796e-05	48829	1	FALSE	NA	NA	NA	NA	NA	NA
NC_045512.2	16368	T	C	48814	39680	36	3	2	45	6.1454e-05	48817	0.773454	FALSE	NA	NA	NA	NA	NA	NA
NC_045512.2	16369	G	T	48569	39378	36	2	2	34	4.11717e-05	48577	1	FALSE	NA	NA	NA	NA	NA	NA
NC_045512.2	16369	G	C	48569	39378	36	1	0	34	2.05859e-05	48577	1	FALSE	NA	NA	NA	NA	NA	NA
NC_045512.2	16369	G	A	48569	39378	36	5	5	34	0.000102929	48577	1	FALSE	NA	NA	NA	NA	NA	NA
NC_045512.2	16370	T	G	50560	41600	36	3	0	28	5.93202e-05	50573	1	FALSE	NA	NA	NA	NA	NA	NA
NC_045512.2	16370	T	C	50560	41600	36	8	8	33	0.000158187	50573	1	FALSE	NA	NA	NA	NA	NA	NA
NC_045512.2	16370	T	A	50560	41600	36	2	1	30	3.95468e-05	50573	1	FALSE	NA	NA	NA	NA	NA	NA
NC_045512.2	16371	T	C	52587	43766	37	7	7	32	0.00013309	52596	1	FALSE	NA	NA	NA	NA	NA	NA
NC_045512.2	16371	T	A	52587	43766	37	2	1	51	3.80257e-05	52596	0.249969	FALSE	NA	NA	NA	NA	NA	NA
NC_045512.2	16372	A	T	52157	43728	36	2	2	34	3.83399e-05	52165	1	FALSE	NA	NA	NA	NA	NA	NA
NC_045512.2	16372	A	G	52157	43728	36	2	0	46	3.83399e-05	52165	0.937491	FALSE	NA	NA	NA	NA	NA	NA
NC_045512.2	16372	A	C	52157	43728	36	4	4	28	7.66798e-05	52165	1	FALSE	NA	NA	NA	NA	NA	NA
NC_045512.2	16373	A	G	53144	44130	36	4	4	32	7.52587e-05	53150	1	FALSE	NA	NA	NA	NA	NA	NA
NC_045512.2	16373	A	C	53144	44130	36	2	2	34	3.76294e-05	53150	1	FALSE	NA	NA	NA	NA	NA	NA
NC_045512.2	16374	T	G	52740	43974	36	3	2	29	5.6871e-05	52751	1	FALSE	NA	NA	NA	NA	NA	NA
NC_045512.2	16374	T	C	52740	43974	36	7	7	32	0.000132699	52751	1	FALSE	NA	NA	NA	NA	NA	NA
NC_045512.2	16374	T	A	52740	43974	36	1	1	34	1.8957e-05	52751	1	FALSE	NA	NA	NA	NA	NA	NA
NC_045512.2	16374	T	-C	52740	43974	36	1	0	20	1.8957e-05	52751	1	FALSE	NA	NA	NA	NA	NA	NA
NC_045512.2	16375	C	T	54411	46134	36	2	2	34	3.67559e-05	54413	1	FALSE	NA	NA	NA	NA	NA	NA
NC_045512.2	16376	C	T	54917	46872	36	1	1	34	1.82076e-05	54922	1	FALSE	NA	NA	NA	NA	NA	NA
NC_045512.2	16376	C	G	54917	46872	36	1	1	34	1.82076e-05	54922	1	FALSE	NA	NA	NA	NA	NA	NA
NC_045512.2	16376	C	A	54917	46872	36	3	2	45	5.46229e-05	54922	0.855472	FALSE	NA	NA	NA	NA	NA	NA
NC_045512.2	16377	G	T	49441	42233	36	5512	4625	36	0.100246	54985	0	TRUE	NA	NA	NA	NA	NA	NA
NC_045512.2	16377	G	C	49441	42233	36	5	4	34	9.09339e-05	54985	1	FALSE	NA	NA	NA	NA	NA	NA
NC_045512.2	16377	G	A	49441	42233	36	27	23	34	0.000491043	54985	0.996204	FALSE	NA	NA	NA	NA	NA	NA
NC_045512.2	16378	T	C	54889	46867	36	5	3	34	9.10846e-05	54894	1	FALSE	NA	NA	NA	NA	NA	NA
NC_045512.2	16379	A	T	55253	47331	36	3	3	40	5.42859e-05	55263	0.855442	FALSE	NA	NA	NA	NA	NA	NA
NC_045512.2	16379	A	G	55253	47331	36	5	4	34	9.04764e-05	55263	1	FALSE	NA	NA	NA	NA	NA	NA
NC_045512.2	16379	A	C	55253	47331	36	2	2	30	3.61906e-05	55263	1	FALSE	NA	NA	NA	NA	NA	NA
NC_045512.2	16380	T	C	56515	48652	36	2	1	47	3.53876e-05	56517	0.937509	FALSE	NA	NA	NA	NA	NA	NA
NC_045512.2	16381	G	T	56406	48855	36	1	1	34	1.77277e-05	56409	1	FALSE	NA	NA	NA	NA	NA	NA
NC_045512.2	16381	G	A	56406	48855	36	2	2	30	3.54553e-05	56409	1	FALSE	NA	NA	NA	NA	NA	NA
NC_045512.2	16382	T	G	34007	26531	33	5	5	32	0.00014699	34016	1	FALSE	NA	NA	NA	NA	NA	NA
NC_045512.2	16382	T	C	34007	26531	33	1	1	34	2.93979e-05	34016	1	FALSE	NA	NA	NA	NA	NA	NA
NC_045512.2	16382	T	A	34007	26531	33	3	1	34	8.81938e-05	34016	1	FALSE	NA	NA	NA	NA	NA	NA
NC_045512.2	16383	T	C	56639	49475	37	2	2	34	3.53101e-05	56641	1	FALSE	NA	NA	NA	NA	NA	NA
NC_045512.2	16384	T	G	56657	49569	37	1	0	34	1.7647e-05	56667	1	FALSE	NA	NA	NA	NA	NA	NA
NC_045512.2	16384	T	C	56657	49569	37	8	6	34	0.000141176	56667	1	FALSE	NA	NA	NA	NA	NA	NA
NC_045512.2	16384	T	A	56657	49569	37	1	1	34	1.7647e-05	56667	1	FALSE	NA	NA	NA	NA	NA	NA
NC_045512.2	16385	G	A	56602	49512	37	8	7	34	0.000141318	56610	1	FALSE	NA	NA	NA	NA	NA	NA
NC_045512.2	16386	C	T	58686	52015	36	10	9	34	0.000170366	58697	1	FALSE	NA	NA	NA	NA	NA	NA
NC_045512.2	16386	C	A	58686	52015	36	1	1	34	1.70366e-05	58697	1	FALSE	NA	NA	NA	NA	NA	NA
NC_045512.2	16387	A	G	58876	52196	36	7	6	37	0.000118876	58885	1	FALSE	NA	NA	NA	NA	NA	NA
NC_045512.2	16387	A	C	58876	52196	36	2	2	34	3.39645e-05	58885	1	FALSE	NA	NA	NA	NA	NA	NA
NC_045512.2	16388	A	T	59265	52603	37	2	2	51	3.37445e-05	59269	0.249994	FALSE	NA	NA	NA	NA	NA	NA
NC_045512.2	16388	A	G	59265	52603	37	2	2	30	3.37445e-05	59269	1	FALSE	NA	NA	NA	NA	NA	NA
NC_045512.2	16389	T	C	58863	52245	37	4	4	34	6.79486e-05	58868	1	FALSE	NA	NA	NA	NA	NA	NA
NC_045512.2	16389	T	A	58863	52245	37	1	0	24	1.69872e-05	58868	1	FALSE	NA	NA	NA	NA	NA	NA
NC_045512.2	16390	G	C	58412	51814	36	1	1	34	1.71177e-05	58419	1	FALSE	NA	NA	NA	NA	NA	NA
NC_045512.2	16390	G	A	58412	51814	36	6	6	34	0.000102706	58419	1	FALSE	NA	NA	NA	NA	NA	NA
NC_045512.2	16390	G	-C	58412	51814	36	3	0	20	5.13532e-05	58419	1	FALSE	NA	NA	NA	NA	NA	NA
NC_045512.2	16391	C	T	59734	53907	36	6	5	34	0.000100435	59740	1	FALSE	NA	NA	NA	NA	NA	NA
NC_045512.2	16392	T	G	58709	52863	36	3	3	34	5.10873e-05	58723	1	FALSE	NA	NA	NA	NA	NA	NA
NC_045512.2	16392	T	C	58709	52863	36	10	9	40	0.000170291	58723	0.15084	FALSE	NA	NA	NA	NA	NA	NA
NC_045512.2	16392	T	A	58709	52863	36	1	1	34	1.70291e-05	58723	1	FALSE	NA	NA	NA	NA	NA	NA
NC_045512.2	16393	C	T	62617	57022	36	1	1	34	1.59698e-05	62618	1	FALSE	NA	NA	NA	NA	NA	NA
NC_045512.2	16394	C	T	62558	56989	36	4	2	51	6.39345e-05	62564	0.062495	FALSE	NA	NA	NA	NA	NA	NA
NC_045512.2	16394	C	G	62558	56989	36	1	1	34	1.59836e-05	62564	1	FALSE	NA	NA	NA	NA	NA	NA
NC_045512.2	16394	C	A	62558	56989	36	1	1	34	1.59836e-05	62564	1	FALSE	NA	NA	NA	NA	NA	NA
NC_045512.2	16395	A	T	62448	56861	36	1	1	34	1.601e-05	62461	1	FALSE	NA	NA	NA	NA	NA	NA
NC_045512.2	16395	A	G	62448	56861	36	11	10	34	0.00017611	62461	1	FALSE	NA	NA	NA	NA	NA	NA
NC_045512.2	16395	A	C	62448	56861	36	1	1	34	1.601e-05	62461	1	FALSE	NA	NA	NA	NA	NA	NA
NC_045512.2	16396	G	T	62322	57123	36	1	1	34	1.60444e-05	62327	1	FALSE	NA	NA	NA	NA	NA	NA
NC_045512.2	16396	G	C	62322	57123	36	3	3	34	4.81332e-05	62327	1	FALSE	NA	NA	NA	NA	NA	NA
NC_045512.2	16396	G	A	62322	57123	36	1	1	68	1.60444e-05	62327	0.499988	FALSE	NA	NA	NA	NA	NA	NA
NC_045512.2	16397	G	C	68357	63694	36	2	2	30	2.92573e-05	68359	1	FALSE	NA	NA	NA	NA	NA	NA
NC_045512.2	16398	T	C	70399	65936	36	8	8	34	0.000113625	70407	1	FALSE	NA	NA	NA	NA	NA	NA
NC_045512.2	16399	T	C	67453	63046	36	10	10	33	0.000148229	67463	1	FALSE	NA	NA	NA	NA	NA	NA
NC_045512.2	16400	G	A	67495	63092	36	2	1	34	2.96309e-05	67497	1	FALSE	NA	NA	NA	NA	NA	NA
NC_045512.2	16401	T	G	67006	62621	36	1	1	34	1.49207e-05	67021	1	FALSE	NA	NA	NA	NA	NA	NA
NC_045512.2	16401	T	C	67006	62621	36	14	13	33	0.00020889	67021	1	FALSE	NA	NA	NA	NA	NA	NA
NC_045512.2	16402	G	T	67214	62944	36	2	2	34	2.97535e-05	67219	1	FALSE	NA	NA	NA	NA	NA	NA
NC_045512.2	16402	G	C	67214	62944	36	1	1	34	1.48767e-05	67219	1	FALSE	NA	NA	NA	NA	NA	NA
NC_045512.2	16402	G	A	67214	62944	36	2	2	34	2.97535e-05	67219	1	FALSE	NA	NA	NA	NA	NA	NA
NC_045512.2	16403	A	G	67187	62946	36	4	3	51	5.953e-05	67193	0.0624953	FALSE	NA	NA	NA	NA	NA	NA
NC_045512.2	16403	A	C	67187	62946	36	2	2	34	2.9765e-05	67193	1	FALSE	NA	NA	NA	NA	NA	NA
NC_045512.2	16404	T	G	66065	61928	36	1	1	34	1.51341e-05	66076	1	FALSE	NA	NA	NA	NA	NA	NA
NC_045512.2	16404	T	C	66065	61928	36	10	9	40	0.000151341	66076	0.227235	FALSE	NA	NA	NA	NA	NA	NA
NC_045512.2	16405	G	T	66319	62186	36	4	4	34	6.03054e-05	66329	1	FALSE	NA	NA	NA	NA	NA	NA
NC_045512.2	16405	G	A	66319	62186	36	6	6	34	9.04582e-05	66329	1	FALSE	NA	NA	NA	NA	NA	NA
NC_045512.2	16406	T	C	65023	61043	36	6	5	34	9.22651e-05	65030	1	FALSE	NA	NA	NA	NA	NA	NA
NC_045512.2	16406	T	A	65023	61043	36	1	0	68	1.53775e-05	65030	0.499981	FALSE	NA	NA	NA	NA	NA	NA
NC_045512.2	16407	C	T	64951	61404	36	2	2	34	3.07905e-05	64955	1	FALSE	NA	NA	NA	NA	NA	NA
NC_045512.2	16407	C	A	64951	61404	36	2	2	51	3.07905e-05	64955	0.249994	FALSE	NA	NA	NA	NA	NA	NA
NC_045512.2	16408	A	T	64784	61230	36	2	2	34	3.0869e-05	64790	1	FALSE	NA	NA	NA	NA	NA	NA
NC_045512.2	16408	A	G	64784	61230	36	3	3	34	4.63034e-05	64790	1	FALSE	NA	NA	NA	NA	NA	NA
NC_045512.2	16408	A	C	64784	61230	36	1	1	34	1.54345e-05	64790	1	FALSE	NA	NA	NA	NA	NA	NA
NC_045512.2	16409	C	T	64816	61324	36	2	1	34	3.08556e-05	64818	1	FALSE	NA	NA	NA	NA	NA	NA
NC_045512.2	16410	A	G	64748	61254	36	12	12	34	0.0001853	64760	1	FALSE	NA	NA	NA	NA	NA	NA
NC_045512.2	16411	G	C	64696	61210	36	3	3	34	4.63643e-05	64705	1	FALSE	NA	NA	NA	NA	NA	NA
NC_045512.2	16411	G	A	64696	61210	36	6	6	34	9.27285e-05	64705	1	FALSE	NA	NA	NA	NA	NA	NA
NC_045512.2	16412	A	T	64479	61009	36	1	1	34	1.55082e-05	64482	1	FALSE	NA	NA	NA	NA	NA	NA
NC_045512.2	16412	A	G	64479	61009	36	1	0	68	1.55082e-05	64482	0.499996	FALSE	NA	NA	NA	NA	NA	NA
NC_045512.2	16412	A	C	64479	61009	36	1	1	26	1.55082e-05	64482	1	FALSE	NA	NA	NA	NA	NA	NA
NC_045512.2	16413	T	C	79542	60364	35	3	3	31	3.77131e-05	79548	1	FALSE	NA	NA	NA	NA	NA	NA
NC_045512.2	16413	T	A	79542	60364	35	3	0	26	3.77131e-05	79548	1	FALSE	NA	NA	NA	NA	NA	NA
NC_045512.2	16414	G	C	79811	60605	35	2	2	30	2.50564e-05	79820	1	FALSE	NA	NA	NA	NA	NA	NA
NC_045512.2	16414	G	A	79811	60605	35	7	3	30	8.76973e-05	79820	1	FALSE	NA	NA	NA	NA	NA	NA
NC_045512.2	16415	T	G	78009	58415	35	2	0	30	2.56302e-05	78033	1	FALSE	NA	NA	NA	NA	NA	NA
NC_045512.2	16415	T	C	78009	58415	35	18	17	33	0.000230672	78033	1	FALSE	NA	NA	NA	NA	NA	NA
NC_045512.2	16415	T	A	78009	58415	35	4	0	30	5.12604e-05	78033	1	FALSE	NA	NA	NA	NA	NA	NA
NC_045512.2	16416	G	C	78590	58646	35	2	2	34	2.54479e-05	78592	1	FALSE	NA	NA	NA	NA	NA	NA
NC_045512.2	16417	A	T	78609	58516	35	2	1	34	2.54382e-05	78622	1	FALSE	NA	NA	NA	NA	NA	NA
NC_045512.2	16417	A	G	78609	58516	35	11	7	39	0.00013991	78622	1	FALSE	NA	NA	NA	NA	NA	NA
NC_045512.2	16418	C	T	79453	58686	35	4	2	42	5.03385e-05	79462	0.886711	FALSE	NA	NA	NA	NA	NA	NA
NC_045512.2	16418	C	G	79453	58686	35	4	0	30	5.03385e-05	79462	1	FALSE	NA	NA	NA	NA	NA	NA
NC_045512.2	16418	C	A	79453	58686	35	1	1	34	1.25846e-05	79462	1	FALSE	NA	NA	NA	NA	NA	NA
NC_045512.2	16419	T	G	79422	58632	35	1	0	27	1.25883e-05	79439	1	FALSE	NA	NA	NA	NA	NA	NA
NC_045512.2	16419	T	C	79422	58632	35	13	10	33	0.000163648	79439	1	FALSE	NA	NA	NA	NA	NA	NA
NC_045512.2	16419	T	A	79422	58632	35	3	3	34	3.77648e-05	79439	1	FALSE	NA	NA	NA	NA	NA	NA
NC_045512.2	16420	C	T	79372	57678	35	3	3	34	3.77953e-05	79375	1	FALSE	NA	NA	NA	NA	NA	NA
NC_045512.2	16421	A	T	78878	57263	35	2	2	34	2.53514e-05	78891	1	FALSE	NA	NA	NA	NA	NA	NA
NC_045512.2	16421	A	G	78878	57263	35	10	6	37	0.000126757	78891	1	FALSE	NA	NA	NA	NA	NA	NA
NC_045512.2	16421	A	C	78878	57263	35	1	1	34	1.26757e-05	78891	1	FALSE	NA	NA	NA	NA	NA	NA
NC_045512.2	16422	A	G	81062	57323	35	6	3	39	7.40119e-05	81068	1	FALSE	NA	NA	NA	NA	NA	NA
NC_045512.2	16423	C	T	81425	57530	35	2	2	34	2.45607e-05	81431	1	FALSE	NA	NA	NA	NA	NA	NA
NC_045512.2	16423	C	A	81425	57530	35	4	3	42	4.91213e-05	81431	0.927006	FALSE	NA	NA	NA	NA	NA	NA
NC_045512.2	16423	C	-T	81425	57530	35	1	0	20	1.22803e-05	81431	1	FALSE	NA	NA	NA	NA	NA	NA
NC_045512.2	16424	T	C	80760	56911	35	7	5	32	8.66691e-05	80767	1	FALSE	NA	NA	NA	NA	NA	NA
NC_045512.2	16425	T	G	81405	57039	35	4	1	34	4.91322e-05	81413	1	FALSE	NA	NA	NA	NA	NA	NA
NC_045512.2	16425	T	C	81405	57039	35	4	2	32	4.91322e-05	81413	1	FALSE	NA	NA	NA	NA	NA	NA
NC_045512.2	16426	T	C	81411	57307	35	2	1	34	2.45658e-05	81414	1	FALSE	NA	NA	NA	NA	NA	NA
NC_045512.2	16426	T	A	81411	57307	35	1	0	34	1.22829e-05	81414	1	FALSE	NA	NA	NA	NA	NA	NA
NC_045512.2	16427	A	T	82189	57094	34	2	1	34	2.4333e-05	82193	1	FALSE	NA	NA	NA	NA	NA	NA
NC_045512.2	16427	A	G	82189	57094	34	2	1	30	2.4333e-05	82193	1	FALSE	NA	NA	NA	NA	NA	NA
NC_045512.2	16428	C	T	82773	57323	34	4	4	34	4.83209e-05	82780	1	FALSE	NA	NA	NA	NA	NA	NA
NC_045512.2	16428	C	G	82773	57323	34	2	0	34	2.41604e-05	82780	1	FALSE	NA	NA	NA	NA	NA	NA
NC_045512.2	16428	C	A	82773	57323	34	1	0	26	1.20802e-05	82780	1	FALSE	NA	NA	NA	NA	NA	NA
NC_045512.2	16428	C	-T	82773	57323	34	1	0	20	1.20802e-05	82780	1	FALSE	NA	NA	NA	NA	NA	NA
NC_045512.2	16429	T	C	81979	56505	34	4	2	51	4.879e-05	81984	0.0624962	FALSE	NA	NA	NA	NA	NA	NA
NC_045512.2	16429	T	A	81979	56505	34	1	0	26	1.21975e-05	81984	1	FALSE	NA	NA	NA	NA	NA	NA
NC_045512.2	16430	T	G	81795	56234	34	1	0	26	1.22251e-05	81799	1	FALSE	NA	NA	NA	NA	NA	NA
NC_045512.2	16430	T	C	81795	56234	34	3	3	28	3.66753e-05	81799	1	FALSE	NA	NA	NA	NA	NA	NA
NC_045512.2	16431	A	G	80330	54803	34	11	7	33	0.000136916	80341	1	FALSE	NA	NA	NA	NA	NA	NA
NC_045512.2	16432	G	C	80663	54764	34	2	1	30	2.47939e-05	80665	1	FALSE	NA	NA	NA	NA	NA	NA
NC_045512.2	16433	G	T	80850	54929	34	1	1	34	1.23677e-05	80856	1	FALSE	NA	NA	NA	NA	NA	NA
NC_045512.2	16433	G	C	80850	54929	34	2	2	30	2.47353e-05	80856	1	FALSE	NA	NA	NA	NA	NA	NA
NC_045512.2	16433	G	A	80850	54929	34	3	3	31	3.7103e-05	80856	1	FALSE	NA	NA	NA	NA	NA	NA
NC_045512.2	16434	A	T	80524	54451	34	3	3	34	3.72467e-05	80544	1	FALSE	NA	NA	NA	NA	NA	NA
NC_045512.2	16434	A	G	80524	54451	34	15	11	35	0.000186234	80544	1	FALSE	NA	NA	NA	NA	NA	NA
NC_045512.2	16434	A	C	80524	54451	34	2	2	30	2.48311e-05	80544	1	FALSE	NA	NA	NA	NA	NA	NA
NC_045512.2	16435	G	T	82436	54196	34	1	1	34	1.21299e-05	82441	1	FALSE	NA	NA	NA	NA	NA	NA
NC_045512.2	16435	G	C	82436	54196	34	1	1	26	1.21299e-05	82441	1	FALSE	NA	NA	NA	NA	NA	NA
NC_045512.2	16435	G	A	82436	54196	34	3	3	34	3.63897e-05	82441	1	FALSE	NA	NA	NA	NA	NA	NA
NC_045512.2	16436	G	T	83010	53950	34	3	3	34	3.61354e-05	83021	1	FALSE	NA	NA	NA	NA	NA	NA
NC_045512.2	16436	G	C	83010	53950	34	1	1	34	1.20451e-05	83021	1	FALSE	NA	NA	NA	NA	NA	NA
NC_045512.2	16436	G	A	83010	53950	34	7	2	37	8.4316e-05	83021	1	FALSE	NA	NA	NA	NA	NA	NA
NC_045512.2	16437	T	C	82494	53574	34	10	8	34	0.000121205	82505	1	FALSE	NA	NA	NA	NA	NA	NA
NC_045512.2	16437	T	A	82494	53574	34	1	1	34	1.21205e-05	82505	1	FALSE	NA	NA	NA	NA	NA	NA
NC_045512.2	16438	A	G	82349	53448	34	13	5	36	0.000157838	82363	1	FALSE	NA	NA	NA	NA	NA	NA
NC_045512.2	16438	A	C	82349	53448	34	1	1	34	1.21414e-05	82363	1	FALSE	NA	NA	NA	NA	NA	NA
NC_045512.2	16439	T	C	82231	53327	34	8	7	34	9.72763e-05	82240	1	FALSE	NA	NA	NA	NA	NA	NA
NC_045512.2	16439	T	A	82231	53327	34	1	1	34	1.21595e-05	82240	1	FALSE	NA	NA	NA	NA	NA	NA
NC_045512.2	16439	T	-GAG	82231	53327	34	3	0	20	3.64786e-05	82240	1	FALSE	NA	NA	NA	NA	NA	NA
NC_045512.2	16439	T	-G	82231	53327	34	1	0	20	1.21595e-05	82240	1	FALSE	NA	NA	NA	NA	NA	NA
NC_045512.2	16440	G	T	82561	53297	34	5	2	34	6.05532e-05	82572	1	FALSE	NA	NA	NA	NA	NA	NA
NC_045512.2	16440	G	C	82561	53297	34	1	0	34	1.21106e-05	82572	1	FALSE	NA	NA	NA	NA	NA	NA
NC_045512.2	16440	G	A	82561	53297	34	5	1	32	6.05532e-05	82572	1	FALSE	NA	NA	NA	NA	NA	NA
NC_045512.2	16441	A	T	82396	52838	34	2	1	30	2.42662e-05	82419	1	FALSE	NA	NA	NA	NA	NA	NA
NC_045512.2	16441	A	G	82396	52838	34	19	6	33	0.000230529	82419	1	FALSE	NA	NA	NA	NA	NA	NA
NC_045512.2	16441	A	C	82396	52838	34	2	1	30	2.42662e-05	82419	1	FALSE	NA	NA	NA	NA	NA	NA
NC_045512.2	16442	G	T	82382	52374	34	2	2	34	2.42742e-05	82392	1	FALSE	NA	NA	NA	NA	NA	NA
NC_045512.2	16442	G	C	82382	52374	34	1	1	34	1.21371e-05	82392	1	FALSE	NA	NA	NA	NA	NA	NA
NC_045512.2	16442	G	A	82382	52374	34	7	3	37	8.49597e-05	82392	1	FALSE	NA	NA	NA	NA	NA	NA
NC_045512.2	16443	C	T	84295	52894	34	4	1	34	4.7449e-05	84301	1	FALSE	NA	NA	NA	NA	NA	NA
NC_045512.2	16443	C	G	84295	52894	34	1	0	34	1.18623e-05	84301	1	FALSE	NA	NA	NA	NA	NA	NA
NC_045512.2	16443	C	A	84295	52894	34	1	1	34	1.18623e-05	84301	1	FALSE	NA	NA	NA	NA	NA	NA
NC_045512.2	16444	T	G	80703	49254	34	1	0	26	1.239e-05	80710	1	FALSE	NA	NA	NA	NA	NA	NA
NC_045512.2	16444	T	C	80703	49254	34	6	3	34	7.43402e-05	80710	1	FALSE	NA	NA	NA	NA	NA	NA
NC_045512.2	16445	A	T	80214	48552	34	2	2	30	2.49311e-05	80221	1	FALSE	NA	NA	NA	NA	NA	NA
NC_045512.2	16445	A	G	80214	48552	34	5	2	32	6.23278e-05	80221	1	FALSE	NA	NA	NA	NA	NA	NA
NC_045512.2	16446	T	G	80234	48614	34	1	0	26	1.24628e-05	80239	1	FALSE	NA	NA	NA	NA	NA	NA
NC_045512.2	16446	T	C	80234	48614	34	2	0	34	2.49255e-05	80239	1	FALSE	NA	NA	NA	NA	NA	NA
NC_045512.2	16446	T	A	80234	48614	34	2	1	30	2.49255e-05	80239	1	FALSE	NA	NA	NA	NA	NA	NA
NC_045512.2	16447	T	C	79920	48387	34	6	3	32	7.50694e-05	79926	1	FALSE	NA	NA	NA	NA	NA	NA
NC_045512.2	16448	A	T	80881	48615	34	1	1	34	1.23634e-05	80884	1	FALSE	NA	NA	NA	NA	NA	NA
NC_045512.2	16448	A	G	80881	48615	34	2	1	34	2.47268e-05	80884	1	FALSE	NA	NA	NA	NA	NA	NA
NC_045512.2	16449	T	C	80703	48276	34	4	1	34	4.9562e-05	80707	1	FALSE	NA	NA	NA	NA	NA	NA
NC_045512.2	16450	T	C	79395	47063	34	2	2	34	2.51896e-05	79398	1	FALSE	NA	NA	NA	NA	NA	NA
NC_045512.2	16450	T	A	79395	47063	34	1	1	34	1.25948e-05	79398	1	FALSE	NA	NA	NA	NA	NA	NA
NC_045512.2	16450	T	-G	79395	47063	34	1	0	20	1.25948e-05	79398	1	FALSE	NA	NA	NA	NA	NA	NA
NC_045512.2	16451	G	C	79331	47062	34	4	4	30	5.04108e-05	79348	1	FALSE	NA	NA	NA	NA	NA	NA
NC_045512.2	16451	G	A	79331	47062	34	13	4	34	0.000163835	79348	1	FALSE	NA	NA	NA	NA	NA	NA
NC_045512.2	16452	T	C	76757	44597	34	18	14	34	0.000234451	76775	1	FALSE	NA	NA	NA	NA	NA	NA
NC_045512.2	16453	A	T	76741	44367	34	2	2	30	2.60586e-05	76750	1	FALSE	NA	NA	NA	NA	NA	NA
NC_045512.2	16453	A	G	76741	44367	34	6	4	34	7.81759e-05	76750	1	FALSE	NA	NA	NA	NA	NA	NA
NC_045512.2	16453	A	C	76741	44367	34	1	0	26	1.30293e-05	76750	1	FALSE	NA	NA	NA	NA	NA	NA
NC_045512.2	16454	A	T	76533	44170	34	3	3	31	3.91921e-05	76546	1	FALSE	NA	NA	NA	NA	NA	NA
NC_045512.2	16454	A	G	76533	44170	34	10	7	34	0.00013064	76546	1	FALSE	NA	NA	NA	NA	NA	NA
NC_045512.2	16455	A	T	73247	44192	33	1	1	34	1.36517e-05	73251	1	FALSE	NA	NA	NA	NA	NA	NA
NC_045512.2	16455	A	G	73247	44192	33	2	2	51	2.73034e-05	73251	0.249995	FALSE	NA	NA	NA	NA	NA	NA
NC_045512.2	16455	A	C	73247	44192	33	1	0	26	1.36517e-05	73251	1	FALSE	NA	NA	NA	NA	NA	NA
NC_045512.2	16456	T	G	76556	44266	34	1	0	34	1.30608e-05	76565	1	FALSE	NA	NA	NA	NA	NA	NA
NC_045512.2	16456	T	C	76556	44266	34	7	3	32	9.14256e-05	76565	1	FALSE	NA	NA	NA	NA	NA	NA
NC_045512.2	16456	T	A	76556	44266	34	1	1	34	1.30608e-05	76565	1	FALSE	NA	NA	NA	NA	NA	NA
NC_045512.2	16456	T	-CACATAAA	76556	44266	34	2	0	20	2.61216e-05	76565	1	FALSE	NA	NA	NA	NA	NA	NA
NC_045512.2	16457	C	T	75863	43186	34	1	0	34	1.3181e-05	75867	1	FALSE	NA	NA	NA	NA	NA	NA
NC_045512.2	16457	C	G	75863	43186	34	1	0	34	1.3181e-05	75867	1	FALSE	NA	NA	NA	NA	NA	NA
NC_045512.2	16457	C	A	75863	43186	34	2	1	34	2.63619e-05	75867	1	FALSE	NA	NA	NA	NA	NA	NA
NC_045512.2	16458	A	T	76410	42747	34	1	1	34	1.30839e-05	76430	1	FALSE	NA	NA	NA	NA	NA	NA
NC_045512.2	16458	A	G	76410	42747	34	9	2	34	0.000117755	76430	1	FALSE	NA	NA	NA	NA	NA	NA
NC_045512.2	16458	A	C	76410	42747	34	10	6	33	0.000130839	76430	1	FALSE	NA	NA	NA	NA	NA	NA
NC_045512.2	16459	C	T	76505	43005	34	1	0	34	1.30707e-05	76507	1	FALSE	NA	NA	NA	NA	NA	NA
NC_045512.2	16459	C	G	76505	43005	34	1	0	34	1.30707e-05	76507	1	FALSE	NA	NA	NA	NA	NA	NA
NC_045512.2	16460	A	T	76606	42905	34	1	0	34	1.30528e-05	76612	1	FALSE	NA	NA	NA	NA	NA	NA
NC_045512.2	16460	A	G	76606	42905	34	5	2	34	6.52639e-05	76612	1	FALSE	NA	NA	NA	NA	NA	NA
NC_045512.2	16461	T	G	76353	42826	34	2	1	30	2.61924e-05	76358	1	FALSE	NA	NA	NA	NA	NA	NA
NC_045512.2	16461	T	C	76353	42826	34	3	3	31	3.92886e-05	76358	1	FALSE	NA	NA	NA	NA	NA	NA
NC_045512.2	16462	A	G	76398	42602	34	5	4	34	6.54416e-05	76404	1	FALSE	NA	NA	NA	NA	NA	NA
NC_045512.2	16462	A	C	76398	42602	34	1	1	26	1.30883e-05	76404	1	FALSE	NA	NA	NA	NA	NA	NA
NC_045512.2	16463	A	G	76455	42550	34	2	1	30	2.61575e-05	76460	1	FALSE	NA	NA	NA	NA	NA	NA
NC_045512.2	16463	A	C	76455	42550	34	3	1	31	3.92362e-05	76460	1	FALSE	NA	NA	NA	NA	NA	NA
NC_045512.2	16464	A	G	68547	42455	33	5	3	40	7.29352e-05	68554	0.725569	FALSE	NA	NA	NA	NA	NA	NA
NC_045512.2	16464	A	C	68547	42455	33	2	1	34	2.91741e-05	68554	1	FALSE	NA	NA	NA	NA	NA	NA
NC_045512.2	16465	C	T	76304	42428	34	5	1	34	6.55222e-05	76310	1	FALSE	NA	NA	NA	NA	NA	NA
NC_045512.2	16465	C	A	76304	42428	34	1	1	34	1.31044e-05	76310	1	FALSE	NA	NA	NA	NA	NA	NA
NC_045512.2	16466	C	T	74727	40944	34	3	1	31	4.01434e-05	74732	1	FALSE	NA	NA	NA	NA	NA	NA
NC_045512.2	16466	C	A	74727	40944	34	2	0	34	2.67623e-05	74732	1	FALSE	NA	NA	NA	NA	NA	NA
NC_045512.2	16467	A	T	73585	38957	34	3	2	34	4.0767e-05	73589	1	FALSE	NA	NA	NA	NA	NA	NA
NC_045512.2	16467	A	G	73585	38957	34	1	0	34	1.3589e-05	73589	1	FALSE	NA	NA	NA	NA	NA	NA
NC_045512.2	16468	C	T	73890	38905	34	2	0	34	2.70658e-05	73894	1	FALSE	NA	NA	NA	NA	NA	NA
NC_045512.2	16468	C	A	73890	38905	34	2	0	34	2.70658e-05	73894	1	FALSE	NA	NA	NA	NA	NA	NA
NC_045512.2	16469	C	T	73414	38598	34	2	0	30	2.72409e-05	73419	1	FALSE	NA	NA	NA	NA	NA	NA
NC_045512.2	16469	C	G	73414	38598	34	2	1	34	2.72409e-05	73419	1	FALSE	NA	NA	NA	NA	NA	NA
NC_045512.2	16469	C	A	73414	38598	34	1	0	34	1.36205e-05	73419	1	FALSE	NA	NA	NA	NA	NA	NA
NC_045512.2	16470	C	T	73300	38371	34	1	1	34	1.36416e-05	73305	1	FALSE	NA	NA	NA	NA	NA	NA
NC_045512.2	16470	C	G	73300	38371	34	1	0	34	1.36416e-05	73305	1	FALSE	NA	NA	NA	NA	NA	NA
NC_045512.2	16470	C	A	73300	38371	34	3	1	34	4.09249e-05	73305	1	FALSE	NA	NA	NA	NA	NA	NA
NC_045512.2	16471	A	T	69905	35891	34	3	3	31	4.29117e-05	69911	1	FALSE	NA	NA	NA	NA	NA	NA
NC_045512.2	16471	A	G	69905	35891	34	2	2	34	2.86078e-05	69911	1	FALSE	NA	NA	NA	NA	NA	NA
NC_045512.2	16471	A	C	69905	35891	34	1	1	34	1.43039e-05	69911	1	FALSE	NA	NA	NA	NA	NA	NA
NC_045512.2	16472	T	C	68403	33586	34	10	3	33	0.000146167	68415	1	FALSE	NA	NA	NA	NA	NA	NA
NC_045512.2	16472	T	A	68403	33586	34	2	1	34	2.92334e-05	68415	1	FALSE	NA	NA	NA	NA	NA	NA
NC_045512.2	16473	T	G	69077	34072	34	1	1	34	1.44739e-05	69090	1	FALSE	NA	NA	NA	NA	NA	NA
NC_045512.2	16473	T	C	69077	34072	34	11	2	37	0.000159213	69090	1	FALSE	NA	NA	NA	NA	NA	NA
NC_045512.2	16473	T	A	69077	34072	34	1	0	34	1.44739e-05	69090	1	FALSE	NA	NA	NA	NA	NA	NA
NC_045512.2	16474	A	T	68488	33876	34	1	1	34	1.45977e-05	68504	1	FALSE	NA	NA	NA	NA	NA	NA
NC_045512.2	16474	A	G	68488	33876	34	15	4	33	0.000218965	68504	1	FALSE	NA	NA	NA	NA	NA	NA
NC_045512.2	16475	G	T	69751	33712	34	1	1	34	1.43361e-05	69754	1	FALSE	NA	NA	NA	NA	NA	NA
NC_045512.2	16475	G	C	69751	33712	34	1	1	26	1.43361e-05	69754	1	FALSE	NA	NA	NA	NA	NA	NA
NC_045512.2	16475	G	A	69751	33712	34	1	1	34	1.43361e-05	69754	1	FALSE	NA	NA	NA	NA	NA	NA
NC_045512.2	16475	G	-T	69751	33712	34	3	0	20	4.30083e-05	69754	1	FALSE	NA	NA	NA	NA	NA	NA
NC_045512.2	16476	T	C	64911	29086	34	3	2	45	4.6215e-05	64914	0.910156	FALSE	NA	NA	NA	NA	NA	NA
NC_045512.2	16477	T	C	66080	29716	35	5	3	34	7.56601e-05	66085	1	FALSE	NA	NA	NA	NA	NA	NA
NC_045512.2	16478	T	G	66049	29665	35	1	0	34	1.51364e-05	66066	1	FALSE	NA	NA	NA	NA	NA	NA
NC_045512.2	16478	T	C	66049	29665	35	16	9	35	0.000242182	66066	1	FALSE	NA	NA	NA	NA	NA	NA
NC_045512.2	16479	T	G	65509	29070	35	1	1	26	1.52637e-05	65515	1	FALSE	NA	NA	NA	NA	NA	NA
NC_045512.2	16479	T	C	65509	29070	35	5	3	34	7.63184e-05	65515	1	FALSE	NA	NA	NA	NA	NA	NA
NC_045512.2	16480	C	T	38255	2038	36	2	0	34	5.2278e-05	38257	1	FALSE	NA	NA	NA	NA	NA	NA
NC_045512.2	16481	C	T	38378	2059	36	2	0	34	5.21064e-05	38383	1	FALSE	NA	NA	NA	NA	NA	NA
NC_045512.2	16481	C	G	38378	2059	36	1	0	34	2.60532e-05	38383	1	FALSE	NA	NA	NA	NA	NA	NA
NC_045512.2	16481	C	A	38378	2059	36	2	0	34	5.21064e-05	38383	1	FALSE	NA	NA	NA	NA	NA	NA
NC_045512.2	16482	A	G	38711	2058	36	3	0	31	7.74913e-05	38714	1	FALSE	NA	NA	NA	NA	NA	NA
NC_045512.2	16483	T	C	38834	2075	36	5	0	34	0.000128733	38840	1	FALSE	NA	NA	NA	NA	NA	NA
NC_045512.2	16483	T	A	38834	2075	36	1	0	26	2.57467e-05	38840	1	FALSE	NA	NA	NA	NA	NA	NA
NC_045512.2	16483	T	+TGTGTGCTAATGGAC	38834	2075	36	1	0	20	2.57467e-05	38840	1	FALSE	NA	NA	NA	NA	NA	NA
NC_045512.2	16484	T	G	38780	2077	36	1	1	34	2.57778e-05	38793	1	FALSE	NA	NA	NA	NA	NA	NA
NC_045512.2	16484	T	C	38780	2077	36	12	1	39	0.000309334	38793	0.999955	FALSE	NA	NA	NA	NA	NA	NA
NC_045512.2	16486	T	C	39657	2343	36	1	0	34	2.52156e-05	39658	1	FALSE	NA	NA	NA	NA	NA	NA
NC_045512.2	16487	G	A	40659	2357	36	1	0	34	2.45942e-05	40660	1	FALSE	NA	NA	NA	NA	NA	NA
NC_045512.2	16488	T	G	40692	2368	36	1	0	34	2.45743e-05	40693	1	FALSE	NA	NA	NA	NA	NA	NA
NC_045512.2	16490	C	T	40721	2393	36	6	1	39	0.000147315	40729	1	FALSE	NA	NA	NA	NA	NA	NA
NC_045512.2	16490	C	G	40721	2393	36	2	0	34	4.91051e-05	40729	1	FALSE	NA	NA	NA	NA	NA	NA
NC_045512.2	16491	T	C	41004	2440	36	2	0	34	4.87734e-05	41006	1	FALSE	NA	NA	NA	NA	NA	NA
NC_045512.2	16491	T	-A	41004	2440	36	2	0	20	4.87734e-05	41006	1	FALSE	NA	NA	NA	NA	NA	NA
NC_045512.2	16492	A	G	40502	2468	36	7	1	38	0.000172801	40509	1	FALSE	NA	NA	NA	NA	NA	NA
NC_045512.2	16493	A	G	40747	2474	36	1	0	34	2.45405e-05	40749	1	FALSE	NA	NA	NA	NA	NA	NA
NC_045512.2	16493	A	C	40747	2474	36	1	1	34	2.45405e-05	40749	1	FALSE	NA	NA	NA	NA	NA	NA
NC_045512.2	16494	T	C	41035	2480	36	3	0	34	7.31012e-05	41039	1	FALSE	NA	NA	NA	NA	NA	NA
NC_045512.2	16494	T	A	41035	2480	36	1	0	34	2.43671e-05	41039	1	FALSE	NA	NA	NA	NA	NA	NA
NC_045512.2	16495	G	A	42207	2491	36	1	0	34	2.36922e-05	42208	1	FALSE	NA	NA	NA	NA	NA	NA
NC_045512.2	16497	A	T	38999	2815	36	1	0	68	2.56397e-05	39002	0.499994	FALSE	NA	NA	NA	NA	NA	NA
NC_045512.2	16497	A	G	38999	2815	36	2	0	34	5.12794e-05	39002	1	FALSE	NA	NA	NA	NA	NA	NA
NC_045512.2	16498	C	T	36577	3051	36	1	0	34	2.73381e-05	36579	1	FALSE	NA	NA	NA	NA	NA	NA
NC_045512.2	16498	C	G	36577	3051	36	1	0	34	2.73381e-05	36579	1	FALSE	NA	NA	NA	NA	NA	NA
NC_045512.2	16499	A	T	36208	3095	36	1	0	24	2.76136e-05	36214	1	FALSE	NA	NA	NA	NA	NA	NA
NC_045512.2	16499	A	G	36208	3095	36	3	0	34	8.28409e-05	36214	1	FALSE	NA	NA	NA	NA	NA	NA
NC_045512.2	16499	A	C	36208	3095	36	2	0	34	5.52273e-05	36214	1	FALSE	NA	NA	NA	NA	NA	NA
NC_045512.2	16499	A	+T	36208	3095	36	1	0	20	2.76136e-05	36214	1	FALSE	NA	NA	NA	NA	NA	NA
NC_045512.2	16500	A	T	36765	3105	36	1	0	26	2.71968e-05	36769	1	FALSE	NA	NA	NA	NA	NA	NA
NC_045512.2	16500	A	G	36765	3105	36	3	0	45	8.15905e-05	36769	0.656256	FALSE	NA	NA	NA	NA	NA	NA
NC_045512.2	16501	G	T	37666	3119	36	1	0	34	2.65484e-05	37667	1	FALSE	NA	NA	NA	NA	NA	NA
NC_045512.2	16501	G	-T	37666	3119	36	12	0	20	0.000318581	37667	1	FALSE	NA	NA	NA	NA	NA	NA
NC_045512.2	16502	T	G	37170	3028	36	6	0	34	0.00016139	37177	1	FALSE	NA	NA	NA	NA	NA	NA
NC_045512.2	16502	T	C	37170	3028	36	1	0	34	2.68984e-05	37177	1	FALSE	NA	NA	NA	NA	NA	NA
NC_045512.2	16504	T	C	36953	3398	36	2	0	34	5.41184e-05	36956	1	FALSE	NA	NA	NA	NA	NA	NA
NC_045512.2	16504	T	A	36953	3398	36	1	0	26	2.70592e-05	36956	1	FALSE	NA	NA	NA	NA	NA	NA
NC_045512.2	16505	T	C	36426	3448	36	1	0	34	2.74522e-05	36427	1	FALSE	NA	NA	NA	NA	NA	NA
NC_045512.2	16506	T	G	35651	3495	36	2	1	34	5.60852e-05	35660	1	FALSE	NA	NA	NA	NA	NA	NA
NC_045512.2	16506	T	C	35651	3495	36	6	1	39	0.000168256	35660	1	FALSE	NA	NA	NA	NA	NA	NA
NC_045512.2	16506	T	A	35651	3495	36	1	0	26	2.80426e-05	35660	1	FALSE	NA	NA	NA	NA	NA	NA
NC_045512.2	16507	G	A	32515	3682	36	1	0	34	3.07541e-05	32516	1	FALSE	NA	NA	NA	NA	NA	NA
NC_045512.2	16508	G	C	32532	3697	36	1	0	34	3.0738e-05	32533	1	FALSE	NA	NA	NA	NA	NA	NA
NC_045512.2	16509	T	G	32255	3371	35	1	1	26	3.10001e-05	32258	1	FALSE	NA	NA	NA	NA	NA	NA
NC_045512.2	16509	T	C	32255	3371	35	2	0	30	6.20001e-05	32258	1	FALSE	NA	NA	NA	NA	NA	NA
NC_045512.2	16510	T	C	32510	3829	36	3	0	34	9.22679e-05	32514	1	FALSE	NA	NA	NA	NA	NA	NA
NC_045512.2	16510	T	A	32510	3829	36	1	0	26	3.0756e-05	32514	1	FALSE	NA	NA	NA	NA	NA	NA
NC_045512.2	16510	T	-TA	32510	3829	36	1	0	20	3.0756e-05	32514	1	FALSE	NA	NA	NA	NA	NA	NA
NC_045512.2	16511	T	C	32599	4024	36	7	0	34	0.000214684	32606	0.999993	FALSE	NA	NA	NA	NA	NA	NA
NC_045512.2	16512	A	G	31520	4089	36	2	1	30	6.34478e-05	31522	1	FALSE	NA	NA	NA	NA	NA	NA
NC_045512.2	16513	T	G	31285	4122	36	1	1	26	3.19632e-05	31286	1	FALSE	NA	NA	NA	NA	NA	NA
NC_045512.2	16514	A	T	31248	4113	36	1	0	34	3.1998e-05	31252	1	FALSE	NA	NA	NA	NA	NA	NA
NC_045512.2	16514	A	G	31248	4113	36	3	0	31	9.59939e-05	31252	1	FALSE	NA	NA	NA	NA	NA	NA
NC_045512.2	16515	T	C	31250	4155	36	7	0	34	0.000223936	31259	0.999988	FALSE	NA	NA	NA	NA	NA	NA
NC_045512.2	16515	T	A	31250	4155	36	2	0	34	6.39816e-05	31259	1	FALSE	NA	NA	NA	NA	NA	NA
NC_045512.2	16516	A	T	31365	5112	37	1	0	34	3.18806e-05	31367	1	FALSE	NA	NA	NA	NA	NA	NA
NC_045512.2	16516	A	G	31365	5112	37	1	1	26	3.18806e-05	31367	1	FALSE	NA	NA	NA	NA	NA	NA
NC_045512.2	16517	A	G	31148	5179	37	1	1	34	3.21038e-05	31149	1	FALSE	NA	NA	NA	NA	NA	NA
NC_045512.2	16518	A	G	29895	5425	35	2	0	34	6.68963e-05	29897	1	FALSE	NA	NA	NA	NA	NA	NA
NC_045512.2	16519	A	G	30951	5485	37	2	0	60	6.46141e-05	30953	0.250004	FALSE	NA	NA	NA	NA	NA	NA
NC_045512.2	16520	A	G	31245	5516	37	9	1	37	0.000287963	31254	0.999909	FALSE	NA	NA	NA	NA	NA	NA
NC_045512.2	16522	A	G	30625	6050	37	5	0	34	0.000163239	30630	0.999998	FALSE	NA	NA	NA	NA	NA	NA
NC_045512.2	16523	C	A	28844	6274	37	1	0	68	3.46681e-05	28845	0.500009	FALSE	NA	NA	NA	NA	NA	NA
NC_045512.2	16524	A	G	29118	6389	37	3	1	34	0.000103018	29121	1	FALSE	NA	NA	NA	NA	NA	NA
NC_045512.2	16525	T	C	29271	6405	37	3	0	34	0.00010248	29274	1	FALSE	NA	NA	NA	NA	NA	NA
NC_045512.2	16526	G	A	28984	6429	37	2	1	34	6.89988e-05	28986	1	FALSE	NA	NA	NA	NA	NA	NA
NC_045512.2	16527	T	A	29084	6363	37	1	0	34	3.4382e-05	29085	1	FALSE	NA	NA	NA	NA	NA	NA
NC_045512.2	16528	G	T	28312	6465	37	8	0	34	0.000282476	28321	0.999844	FALSE	NA	NA	NA	NA	NA	NA
NC_045512.2	16528	G	A	28312	6465	37	1	0	34	3.53095e-05	28321	1	FALSE	NA	NA	NA	NA	NA	NA
NC_045512.2	16529	T	C	27876	6421	37	2	2	34	7.17412e-05	27878	1	FALSE	NA	NA	NA	NA	NA	NA
NC_045512.2	16530	T	G	28099	6701	37	1	0	34	3.55859e-05	28101	1	FALSE	NA	NA	NA	NA	NA	NA
NC_045512.2	16530	T	C	28099	6701	37	1	1	68	3.55859e-05	28101	0.5	FALSE	NA	NA	NA	NA	NA	NA
NC_045512.2	16532	G	T	28046	6684	37	1	0	34	3.56532e-05	28048	1	FALSE	NA	NA	NA	NA	NA	NA
NC_045512.2	16532	G	C	28046	6684	37	1	1	27	3.56532e-05	28048	1	FALSE	NA	NA	NA	NA	NA	NA
NC_045512.2	16533	T	G	27830	6811	37	1	1	26	3.5926e-05	27835	1	FALSE	NA	NA	NA	NA	NA	NA
NC_045512.2	16533	T	C	27830	6811	37	4	1	34	0.000143704	27835	0.999998	FALSE	NA	NA	NA	NA	NA	NA
NC_045512.2	16533	T	-AG	27830	6811	37	3	0	20	0.000107778	27835	1	FALSE	NA	NA	NA	NA	NA	NA
NC_045512.2	16534	A	G	27603	6762	37	2	0	34	7.24506e-05	27605	1	FALSE	NA	NA	NA	NA	NA	NA
NC_045512.2	16535	G	A	28319	6763	37	1	1	34	3.53107e-05	28320	1	FALSE	NA	NA	NA	NA	NA	NA
NC_045512.2	16537	G	A	26022	6971	37	1	1	34	3.84275e-05	26023	1	FALSE	NA	NA	NA	NA	NA	NA
NC_045512.2	16538	A	T	26112	7050	37	1	1	34	3.82863e-05	26119	1	FALSE	NA	NA	NA	NA	NA	NA
NC_045512.2	16538	A	G	26112	7050	37	6	0	34	0.000229718	26119	0.999944	FALSE	NA	NA	NA	NA	NA	NA
NC_045512.2	16539	T	C	26161	7049	37	3	0	45	0.000114661	26164	0.500018	FALSE	NA	NA	NA	NA	NA	NA
NC_045512.2	16541	A	G	26057	7049	36	2	0	34	7.67489e-05	26059	1	FALSE	NA	NA	NA	NA	NA	NA
NC_045512.2	16542	T	C	25632	7086	36	5	4	34	0.000195031	25637	0.99997	FALSE	NA	NA	NA	NA	NA	NA
NC_045512.2	16544	T	C	24234	6943	36	2	1	51	8.25219e-05	24236	0.250005	FALSE	NA	NA	NA	NA	NA	NA
NC_045512.2	16545	T	G	24122	6864	36	1	0	34	4.14525e-05	24124	1	FALSE	NA	NA	NA	NA	NA	NA
NC_045512.2	16545	T	C	24122	6864	36	1	1	34	4.14525e-05	24124	1	FALSE	NA	NA	NA	NA	NA	NA
NC_045512.2	16545	T	-A	24122	6864	36	1	0	20	4.14525e-05	24124	1	FALSE	NA	NA	NA	NA	NA	NA
NC_045512.2	16546	A	G	23765	6889	36	5	2	32	0.000210349	23770	0.99991	FALSE	NA	NA	NA	NA	NA	NA
NC_045512.2	16547	C	T	23091	6977	36	1	1	34	4.3305e-05	23092	1	FALSE	NA	NA	NA	NA	NA	NA
NC_045512.2	16548	T	G	23150	6980	36	2	0	26	8.63782e-05	23154	1	FALSE	NA	NA	NA	NA	NA	NA
NC_045512.2	16548	T	C	23150	6980	36	2	0	34	8.63782e-05	23154	0.999999	FALSE	NA	NA	NA	NA	NA	NA
NC_045512.2	16549	G	C	23169	6968	36	1	0	26	4.31593e-05	23170	1	FALSE	NA	NA	NA	NA	NA	NA
NC_045512.2	16550	A	G	23025	6773	36	3	1	56	0.000130276	23028	0.125	FALSE	NA	NA	NA	NA	NA	NA
NC_045512.2	16551	C	T	23917	6802	36	1	0	34	4.18095e-05	23918	1	FALSE	NA	NA	NA	NA	NA	NA
NC_045512.2	16551	C	-T	23917	6802	36	2	0	20	8.3619e-05	23918	1	FALSE	NA	NA	NA	NA	NA	NA
NC_045512.2	16553	T	G	23691	6607	36	3	0	31	0.000126598	23697	0.999995	FALSE	NA	NA	NA	NA	NA	NA
NC_045512.2	16553	T	C	23691	6607	36	3	1	45	0.000126598	23697	0.49996	FALSE	NA	NA	NA	NA	NA	NA
NC_045512.2	16554	T	G	23696	6748	36	1	0	26	4.21923e-05	23701	1	FALSE	NA	NA	NA	NA	NA	NA
NC_045512.2	16554	T	C	23696	6748	36	4	0	34	0.000168769	23701	0.999975	FALSE	NA	NA	NA	NA	NA	NA
NC_045512.2	16555	A	T	23834	6956	36	1	0	34	4.19516e-05	23837	1	FALSE	NA	NA	NA	NA	NA	NA
NC_045512.2	16555	A	G	23834	6956	36	2	0	34	8.39032e-05	23837	0.999999	FALSE	NA	NA	NA	NA	NA	NA
NC_045512.2	16558	G	T	23202	7042	36	1	1	34	4.30923e-05	23206	1	FALSE	NA	NA	NA	NA	NA	NA
NC_045512.2	16558	G	A	23202	7042	36	3	1	34	0.000129277	23206	0.999995	FALSE	NA	NA	NA	NA	NA	NA
NC_045512.2	16559	C	T	22505	7160	36	3	2	34	0.000133286	22508	0.99999	FALSE	NA	NA	NA	NA	NA	NA
NC_045512.2	16560	A	T	22457	7109	36	1	1	34	4.45137e-05	22465	1	FALSE	NA	NA	NA	NA	NA	NA
NC_045512.2	16560	A	G	22457	7109	36	7	1	34	0.000311596	22465	0.998846	FALSE	NA	NA	NA	NA	NA	NA
NC_045512.2	16561	A	G	22556	7124	36	2	2	34	8.86603e-05	22558	0.999999	FALSE	NA	NA	NA	NA	NA	NA
NC_045512.2	16562	T	C	22538	7125	36	1	0	68	4.43675e-05	22539	0.500011	FALSE	NA	NA	NA	NA	NA	NA
NC_045512.2	16563	T	C	22886	7560	36	2	0	34	8.7382e-05	22888	0.999999	FALSE	NA	NA	NA	NA	NA	NA
NC_045512.2	16564	G	C	22841	7525	36	1	0	26	4.37713e-05	22846	1	FALSE	NA	NA	NA	NA	NA	NA
NC_045512.2	16564	G	A	22841	7525	36	4	1	34	0.000175085	22846	0.999956	FALSE	NA	NA	NA	NA	NA	NA
NC_045512.2	16565	C	T	22814	7922	36	5	1	30	0.000219116	22819	0.999845	FALSE	NA	NA	NA	NA	NA	NA
NC_045512.2	16566	A	G	23015	7916	37	7	2	34	0.000304004	23026	0.999286	FALSE	NA	NA	NA	NA	NA	NA
NC_045512.2	16566	A	C	23015	7916	37	4	0	34	0.000173717	23026	0.999975	FALSE	NA	NA	NA	NA	NA	NA
NC_045512.2	16567	A	G	23725	7937	36	3	0	31	0.000126428	23729	0.999995	FALSE	NA	NA	NA	NA	NA	NA
NC_045512.2	16567	A	C	23725	7937	36	1	1	34	4.21425e-05	23729	1	FALSE	NA	NA	NA	NA	NA	NA
NC_045512.2	16569	A	T	22886	8096	36	2	2	30	8.73706e-05	22891	0.999999	FALSE	NA	NA	NA	NA	NA	NA
NC_045512.2	16569	A	G	22886	8096	36	2	0	30	8.73706e-05	22891	0.999999	FALSE	NA	NA	NA	NA	NA	NA
NC_045512.2	16569	A	C	22886	8096	36	1	1	34	4.36853e-05	22891	1	FALSE	NA	NA	NA	NA	NA	NA
NC_045512.2	16570	T	G	22850	8020	36	1	0	26	4.37618e-05	22851	1	FALSE	NA	NA	NA	NA	NA	NA
NC_045512.2	16571	G	T	22808	8121	36	1	0	34	4.38404e-05	22810	1	FALSE	NA	NA	NA	NA	NA	NA
NC_045512.2	16571	G	C	22808	8121	36	1	1	34	4.38404e-05	22810	1	FALSE	NA	NA	NA	NA	NA	NA
NC_045512.2	16572	T	C	22842	7954	36	1	0	26	4.37771e-05	22843	1	FALSE	NA	NA	NA	NA	NA	NA
NC_045512.2	16573	G	T	22883	8036	36	1	0	34	4.36948e-05	22886	1	FALSE	NA	NA	NA	NA	NA	NA
NC_045512.2	16573	G	A	22883	8036	36	2	1	34	8.73897e-05	22886	0.999999	FALSE	NA	NA	NA	NA	NA	NA
NC_045512.2	16574	A	G	22836	8005	36	5	4	34	0.000218905	22841	0.999845	FALSE	NA	NA	NA	NA	NA	NA
NC_045512.2	16575	C	T	22546	9873	37	4	0	34	0.000177368	22552	0.999956	FALSE	NA	NA	NA	NA	NA	NA
NC_045512.2	16575	C	G	22546	9873	37	2	0	34	8.86839e-05	22552	0.999999	FALSE	NA	NA	NA	NA	NA	NA
NC_045512.2	16576	T	C	22160	9464	37	5	0	34	0.000225581	22165	0.999845	FALSE	NA	NA	NA	NA	NA	NA
NC_045512.2	16577	G	A	22574	9354	36	7	4	31	0.000309995	22581	0.998846	FALSE	NA	NA	NA	NA	NA	NA
NC_045512.2	16578	G	T	22902	9450	37	1	1	26	4.36567e-05	22906	1	FALSE	NA	NA	NA	NA	NA	NA
NC_045512.2	16578	G	A	22902	9450	37	3	0	31	0.00013097	22906	0.99999	FALSE	NA	NA	NA	NA	NA	NA
NC_045512.2	16579	A	G	22959	9465	37	2	0	34	8.71042e-05	22961	0.999999	FALSE	NA	NA	NA	NA	NA	NA
NC_045512.2	16580	C	T	22825	9522	36	1	0	34	4.3802e-05	22830	1	FALSE	NA	NA	NA	NA	NA	NA
NC_045512.2	16580	C	G	22825	9522	36	3	0	34	0.000131406	22830	0.99999	FALSE	NA	NA	NA	NA	NA	NA
NC_045512.2	16580	C	A	22825	9522	36	1	0	34	4.3802e-05	22830	1	FALSE	NA	NA	NA	NA	NA	NA
NC_045512.2	16580	C	+A	22825	9522	36	1	0	20	4.3802e-05	22830	1	FALSE	NA	NA	NA	NA	NA	NA
NC_045512.2	16581	A	G	22630	9355	36	1	1	34	4.41852e-05	22632	1	FALSE	NA	NA	NA	NA	NA	NA
NC_045512.2	16581	A	C	22630	9355	36	1	1	26	4.41852e-05	22632	1	FALSE	NA	NA	NA	NA	NA	NA
NC_045512.2	16582	A	G	22614	9320	36	3	2	28	0.000132644	22617	1	FALSE	NA	NA	NA	NA	NA	NA
NC_045512.2	16585	G	A	22659	9360	36	3	3	34	0.00013238	22662	0.99999	FALSE	NA	NA	NA	NA	NA	NA
NC_045512.2	16586	C	T	23812	12507	37	3	2	31	0.000125971	23815	0.999995	FALSE	NA	NA	NA	NA	NA	NA
NC_045512.2	16587	T	G	23483	12130	37	1	0	34	4.25767e-05	23487	1	FALSE	NA	NA	NA	NA	NA	NA
NC_045512.2	16587	T	C	23483	12130	37	2	2	34	8.51535e-05	23487	0.999999	FALSE	NA	NA	NA	NA	NA	NA
NC_045512.2	16587	T	A	23483	12130	37	1	1	34	4.25767e-05	23487	1	FALSE	NA	NA	NA	NA	NA	NA
NC_045512.2	16587	T	-G	23483	12130	37	1	0	20	4.25767e-05	23487	1	FALSE	NA	NA	NA	NA	NA	NA
NC_045512.2	16588	G	A	23620	12133	37	2	2	34	8.46668e-05	23622	0.999999	FALSE	NA	NA	NA	NA	NA	NA
NC_045512.2	16589	G	T	23729	12253	37	2	2	30	8.42779e-05	23731	0.999999	FALSE	NA	NA	NA	NA	NA	NA
NC_045512.2	16590	T	C	23815	12295	37	1	1	68	4.19886e-05	23816	0.50001	FALSE	NA	NA	NA	NA	NA	NA
NC_045512.2	16591	G	T	23700	12340	37	3	2	34	0.000126561	23704	0.999995	FALSE	NA	NA	NA	NA	NA	NA
NC_045512.2	16591	G	A	23700	12340	37	1	1	34	4.2187e-05	23704	1	FALSE	NA	NA	NA	NA	NA	NA
NC_045512.2	16594	T	C	27344	16494	37	1	1	60	3.65698e-05	27345	0.500009	FALSE	NA	NA	NA	NA	NA	NA
NC_045512.2	16595	A	G	27299	16496	37	3	3	34	0.000109882	27302	1	FALSE	NA	NA	NA	NA	NA	NA
NC_045512.2	16596	C	T	29710	20064	37	1	0	68	3.36576e-05	29711	0.500008	FALSE	NA	NA	NA	NA	NA	NA
NC_045512.2	16597	A	T	29670	20014	37	1	1	34	3.37007e-05	29673	1	FALSE	NA	NA	NA	NA	NA	NA
NC_045512.2	16597	A	G	29670	20014	37	1	1	34	3.37007e-05	29673	1	FALSE	NA	NA	NA	NA	NA	NA
NC_045512.2	16597	A	C	29670	20014	37	1	1	34	3.37007e-05	29673	1	FALSE	NA	NA	NA	NA	NA	NA
NC_045512.2	16598	T	C	29767	20090	37	1	0	34	3.35931e-05	29768	1	FALSE	NA	NA	NA	NA	NA	NA
NC_045512.2	16599	T	C	29707	20088	37	1	1	34	3.3661e-05	29708	1	FALSE	NA	NA	NA	NA	NA	NA
NC_045512.2	16600	T	C	29832	20191	37	3	3	34	0.000100553	29835	1	FALSE	NA	NA	NA	NA	NA	NA
NC_045512.2	16601	T	G	29605	20525	37	1	1	26	3.37758e-05	29607	1	FALSE	NA	NA	NA	NA	NA	NA
NC_045512.2	16601	T	C	29605	20525	37	1	1	34	3.37758e-05	29607	1	FALSE	NA	NA	NA	NA	NA	NA
NC_045512.2	16602	A	G	29275	20659	37	3	0	34	0.000102463	29279	1	FALSE	NA	NA	NA	NA	NA	NA
NC_045512.2	16602	A	C	29275	20659	37	1	1	34	3.41542e-05	29279	1	FALSE	NA	NA	NA	NA	NA	NA
NC_045512.2	16604	C	T	29693	20820	37	1	1	34	3.36757e-05	29695	1	FALSE	NA	NA	NA	NA	NA	NA
NC_045512.2	16604	C	G	29693	20820	37	1	0	34	3.36757e-05	29695	1	FALSE	NA	NA	NA	NA	NA	NA
NC_045512.2	16605	T	C	30423	21658	37	1	1	34	3.28688e-05	30424	1	FALSE	NA	NA	NA	NA	NA	NA
NC_045512.2	16606	A	G	30604	21847	37	2	1	51	6.5336e-05	30611	0.249963	FALSE	NA	NA	NA	NA	NA	NA
NC_045512.2	16606	A	C	30604	21847	37	5	5	32	0.00016334	30611	0.999998	FALSE	NA	NA	NA	NA	NA	NA
NC_045512.2	16607	A	G	30497	21931	37	13	2	41	0.00042609	30510	0.010629	FALSE	NA	NA	NA	NA	NA	NA
NC_045512.2	16608	C	T	32241	22706	37	2	0	34	6.2027e-05	32244	1	FALSE	NA	NA	NA	NA	NA	NA
NC_045512.2	16608	C	G	32241	22706	37	1	1	34	3.10135e-05	32244	1	FALSE	NA	NA	NA	NA	NA	NA
NC_045512.2	16609	A	G	32172	22644	37	1	0	34	3.1082e-05	32173	1	FALSE	NA	NA	NA	NA	NA	NA
NC_045512.2	16610	C	T	32597	22726	37	1	1	34	3.06748e-05	32600	1	FALSE	NA	NA	NA	NA	NA	NA
NC_045512.2	16610	C	G	32597	22726	37	2	2	34	6.13497e-05	32600	1	FALSE	NA	NA	NA	NA	NA	NA
NC_045512.2	16612	T	G	31989	22522	37	1	0	34	3.12539e-05	31996	1	FALSE	NA	NA	NA	NA	NA	NA
NC_045512.2	16612	T	C	31989	22522	37	4	1	34	0.000125016	31996	1	FALSE	NA	NA	NA	NA	NA	NA
NC_045512.2	16612	T	A	31989	22522	37	2	0	34	6.25078e-05	31996	1	FALSE	NA	NA	NA	NA	NA	NA
NC_045512.2	16613	G	A	32574	22524	37	2	1	68	6.13949e-05	32576	0.250004	FALSE	NA	NA	NA	NA	NA	NA
NC_045512.2	16614	T	G	33003	23026	37	1	0	34	3.02975e-05	33006	1	FALSE	NA	NA	NA	NA	NA	NA
NC_045512.2	16614	T	A	33003	23026	37	2	2	34	6.0595e-05	33006	1	FALSE	NA	NA	NA	NA	NA	NA
NC_045512.2	16615	A	T	32940	22932	37	1	1	26	3.03527e-05	32946	1	FALSE	NA	NA	NA	NA	NA	NA
NC_045512.2	16615	A	G	32940	22932	37	3	0	34	9.10581e-05	32946	1	FALSE	NA	NA	NA	NA	NA	NA
NC_045512.2	16615	A	C	32940	22932	37	2	2	26	6.07054e-05	32946	1	FALSE	NA	NA	NA	NA	NA	NA
NC_045512.2	16616	C	T	33200	23543	37	2	1	34	6.02373e-05	33202	1	FALSE	NA	NA	NA	NA	NA	NA
NC_045512.2	16617	T	C	31797	22133	37	4	4	42	0.000125774	31803	0.499983	FALSE	NA	NA	NA	NA	NA	NA
NC_045512.2	16617	T	A	31797	22133	37	2	2	34	6.28871e-05	31803	1	FALSE	NA	NA	NA	NA	NA	NA
NC_045512.2	16618	G	A	31758	22082	37	1	0	34	3.14871e-05	31759	1	FALSE	NA	NA	NA	NA	NA	NA
NC_045512.2	16619	A	G	32319	22756	37	4	4	34	0.000123751	32323	1	FALSE	NA	NA	NA	NA	NA	NA
NC_045512.2	16620	A	T	32254	22760	37	1	0	68	3.09972e-05	32261	0.499961	FALSE	NA	NA	NA	NA	NA	NA
NC_045512.2	16620	A	G	32254	22760	37	6	4	40	0.000185983	32261	0.253891	FALSE	NA	NA	NA	NA	NA	NA
NC_045512.2	16621	A	G	32181	22867	37	4	2	31	0.000124281	32185	1	FALSE	NA	NA	NA	NA	NA	NA
NC_045512.2	16623	A	T	31391	22108	37	1	1	34	3.18532e-05	31394	1	FALSE	NA	NA	NA	NA	NA	NA
NC_045512.2	16623	A	G	31391	22108	37	2	1	30	6.37064e-05	31394	1	FALSE	NA	NA	NA	NA	NA	NA
NC_045512.2	16625	T	C	31140	22065	37	2	2	29	6.4222e-05	31142	1	FALSE	NA	NA	NA	NA	NA	NA
NC_045512.2	16626	C	T	31381	22499	37	1	0	68	3.18654e-05	31382	0.500008	FALSE	NA	NA	NA	NA	NA	NA
NC_045512.2	16627	A	G	31317	22427	37	6	4	39	0.000191553	31323	0.999996	FALSE	NA	NA	NA	NA	NA	NA
NC_045512.2	16628	A	T	31221	22472	37	1	0	34	3.20225e-05	31228	1	FALSE	NA	NA	NA	NA	NA	NA
NC_045512.2	16628	A	G	31221	22472	37	5	3	47	0.000160113	31228	0.363255	FALSE	NA	NA	NA	NA	NA	NA
NC_045512.2	16628	A	C	31221	22472	37	1	1	34	3.20225e-05	31228	1	FALSE	NA	NA	NA	NA	NA	NA
NC_045512.2	16630	C	T	32973	24590	37	1	0	34	3.03242e-05	32977	1	FALSE	NA	NA	NA	NA	NA	NA
NC_045512.2	16630	C	G	32973	24590	37	1	0	34	3.03242e-05	32977	1	FALSE	NA	NA	NA	NA	NA	NA
NC_045512.2	16630	C	A	32973	24590	37	2	2	34	6.06483e-05	32977	1	FALSE	NA	NA	NA	NA	NA	NA
NC_045512.2	16632	T	C	32723	24326	37	1	1	34	3.05586e-05	32724	1	FALSE	NA	NA	NA	NA	NA	NA
NC_045512.2	16633	T	C	32301	23908	37	2	0	51	6.19138e-05	32303	0.250004	FALSE	NA	NA	NA	NA	NA	NA
NC_045512.2	16634	T	C	32704	24292	38	5	5	29	0.000152863	32709	1	FALSE	NA	NA	NA	NA	NA	NA
NC_045512.2	16635	T	C	32663	24269	38	6	3	34	0.000183655	32670	0.999998	FALSE	NA	NA	NA	NA	NA	NA
NC_045512.2	16635	T	A	32663	24269	38	1	1	34	3.06091e-05	32670	1	FALSE	NA	NA	NA	NA	NA	NA
NC_045512.2	16637	C	T	32218	24608	37	12	11	34	0.000372324	32230	0.999373	FALSE	NA	NA	NA	NA	NA	NA
NC_045512.2	16638	A	G	32158	24519	37	8	3	38	0.00024871	32166	0.999979	FALSE	NA	NA	NA	NA	NA	NA
NC_045512.2	16639	G	A	32088	24452	37	15	13	34	0.000467246	32103	0.996041	FALSE	NA	NA	NA	NA	NA	NA
NC_045512.2	16640	C	T	32580	25054	37	3	3	56	9.20726e-05	32583	0.125	FALSE	NA	NA	NA	NA	NA	NA
NC_045512.2	16641	A	G	32517	25029	37	3	2	34	9.22424e-05	32523	1	FALSE	NA	NA	NA	NA	NA	NA
NC_045512.2	16641	A	C	32517	25029	37	3	3	31	9.22424e-05	32523	1	FALSE	NA	NA	NA	NA	NA	NA
NC_045512.2	16643	A	G	32420	25242	37	2	2	34	6.16865e-05	32422	1	FALSE	NA	NA	NA	NA	NA	NA
NC_045512.2	16644	A	T	32223	25288	37	1	1	34	3.10318e-05	32225	1	FALSE	NA	NA	NA	NA	NA	NA
NC_045512.2	16644	A	G	32223	25288	37	1	1	34	3.10318e-05	32225	1	FALSE	NA	NA	NA	NA	NA	NA
NC_045512.2	16645	A	G	32169	25319	36	3	2	34	9.32488e-05	32172	1	FALSE	NA	NA	NA	NA	NA	NA
NC_045512.2	16646	C	T	32245	25344	37	7	7	34	0.000217041	32252	0.999993	FALSE	NA	NA	NA	NA	NA	NA
NC_045512.2	16647	G	A	32290	25280	37	4	4	34	0.000123862	32294	1	FALSE	NA	NA	NA	NA	NA	NA
NC_045512.2	16648	C	T	32342	25386	37	6	6	34	0.000185477	32349	0.999998	FALSE	NA	NA	NA	NA	NA	NA
NC_045512.2	16648	C	A	32342	25386	37	1	1	34	3.09129e-05	32349	1	FALSE	NA	NA	NA	NA	NA	NA
NC_045512.2	16649	T	C	32388	25397	37	10	4	44	0.000308652	32399	0.0461264	FALSE	NA	NA	NA	NA	NA	NA
NC_045512.2	16649	T	A	32388	25397	37	1	1	34	3.08652e-05	32399	1	FALSE	NA	NA	NA	NA	NA	NA
NC_045512.2	16650	C	A	32678	25704	37	1	1	34	3.06007e-05	32679	1	FALSE	NA	NA	NA	NA	NA	NA
NC_045512.2	16651	A	G	32867	25971	37	3	1	45	9.12686e-05	32870	0.656271	FALSE	NA	NA	NA	NA	NA	NA
NC_045512.2	16652	A	T	33294	26996	36	1	1	24	3.00345e-05	33295	1	FALSE	NA	NA	NA	NA	NA	NA
NC_045512.2	16653	A	G	33182	27039	36	4	4	34	0.000120533	33186	1	FALSE	NA	NA	NA	NA	NA	NA
NC_045512.2	16654	G	A	33303	26968	36	3	3	34	9.00739e-05	33306	1	FALSE	NA	NA	NA	NA	NA	NA
NC_045512.2	16655	C	G	33292	26910	36	2	2	34	6.00655e-05	33297	1	FALSE	NA	NA	NA	NA	NA	NA
NC_045512.2	16655	C	A	33292	26910	36	3	3	34	9.00982e-05	33297	1	FALSE	NA	NA	NA	NA	NA	NA
NC_045512.2	16656	T	C	33353	27002	37	1	1	34	2.99814e-05	33354	1	FALSE	NA	NA	NA	NA	NA	NA
NC_045512.2	16657	A	G	36958	31103	37	2	1	30	5.41126e-05	36960	1	FALSE	NA	NA	NA	NA	NA	NA
NC_045512.2	16659	T	C	37445	31763	37	1	1	26	2.67044e-05	37447	1	FALSE	NA	NA	NA	NA	NA	NA
NC_045512.2	16659	T	A	37445	31763	37	1	1	34	2.67044e-05	37447	1	FALSE	NA	NA	NA	NA	NA	NA
NC_045512.2	16660	G	T	37456	31741	37	2	2	34	5.33889e-05	37461	1	FALSE	NA	NA	NA	NA	NA	NA
NC_045512.2	16660	G	C	37456	31741	37	2	2	30	5.33889e-05	37461	1	FALSE	NA	NA	NA	NA	NA	NA
NC_045512.2	16660	G	A	37456	31741	37	1	1	26	2.66944e-05	37461	1	FALSE	NA	NA	NA	NA	NA	NA
NC_045512.2	16661	A	G	36900	31185	37	1	1	34	2.70995e-05	36901	1	FALSE	NA	NA	NA	NA	NA	NA
NC_045512.2	16661	A	-G	36900	31185	37	1	0	20	2.70995e-05	36901	1	FALSE	NA	NA	NA	NA	NA	NA
NC_045512.2	16662	G	A	36734	31049	37	2	2	34	5.44425e-05	36736	1	FALSE	NA	NA	NA	NA	NA	NA
NC_045512.2	16663	G	T	37739	32204	37	1	0	34	2.64964e-05	37741	1	FALSE	NA	NA	NA	NA	NA	NA
NC_045512.2	16663	G	A	37739	32204	37	1	1	26	2.64964e-05	37741	1	FALSE	NA	NA	NA	NA	NA	NA
NC_045512.2	16664	A	T	37065	31634	37	2	2	34	5.39549e-05	37068	1	FALSE	NA	NA	NA	NA	NA	NA
NC_045512.2	16664	A	G	37065	31634	37	1	1	34	2.69774e-05	37068	1	FALSE	NA	NA	NA	NA	NA	NA
NC_045512.2	16665	G	T	37246	31834	37	2	1	34	5.36927e-05	37249	1	FALSE	NA	NA	NA	NA	NA	NA
NC_045512.2	16665	G	C	37246	31834	37	1	1	34	2.68464e-05	37249	1	FALSE	NA	NA	NA	NA	NA	NA
NC_045512.2	16666	A	G	36542	31360	37	2	2	34	5.47285e-05	36544	1	FALSE	NA	NA	NA	NA	NA	NA
NC_045512.2	16667	C	T	38367	33248	37	1	1	34	2.60634e-05	38368	1	FALSE	NA	NA	NA	NA	NA	NA
NC_045512.2	16668	A	G	38471	33356	37	10	10	34	0.000259869	38481	0.999992	FALSE	NA	NA	NA	NA	NA	NA
NC_045512.2	16668	A	+T	38471	33356	37	1	0	20	2.59869e-05	38481	1	FALSE	NA	NA	NA	NA	NA	NA
NC_045512.2	16669	T	C	37594	32567	36	6	6	32	0.000159574	37600	1	FALSE	NA	NA	NA	NA	NA	NA
NC_045512.2	16670	T	G	38395	33412	37	4	4	34	0.00010415	38406	1	FALSE	NA	NA	NA	NA	NA	NA
NC_045512.2	16670	T	C	38395	33412	37	3	3	34	7.81128e-05	38406	1	FALSE	NA	NA	NA	NA	NA	NA
NC_045512.2	16670	T	A	38395	33412	37	4	1	51	0.00010415	38406	0.0624756	FALSE	NA	NA	NA	NA	NA	NA
NC_045512.2	16671	T	C	38183	33232	37	2	2	34	5.23752e-05	38186	1	FALSE	NA	NA	NA	NA	NA	NA
NC_045512.2	16671	T	A	38183	33232	37	1	0	24	2.61876e-05	38186	1	FALSE	NA	NA	NA	NA	NA	NA
NC_045512.2	16672	A	T	38375	33433	37	1	1	34	2.60566e-05	38378	1	FALSE	NA	NA	NA	NA	NA	NA
NC_045512.2	16672	A	G	38375	33433	37	2	2	34	5.21132e-05	38378	1	FALSE	NA	NA	NA	NA	NA	NA
NC_045512.2	16673	A	T	38260	33479	37	1	1	26	2.61342e-05	38264	1	FALSE	NA	NA	NA	NA	NA	NA
NC_045512.2	16673	A	G	38260	33479	37	3	3	31	7.84027e-05	38264	1	FALSE	NA	NA	NA	NA	NA	NA
NC_045512.2	16674	A	T	37677	33568	36	1	1	34	2.65386e-05	37681	1	FALSE	NA	NA	NA	NA	NA	NA
NC_045512.2	16674	A	G	37677	33568	36	2	2	34	5.30771e-05	37681	1	FALSE	NA	NA	NA	NA	NA	NA
NC_045512.2	16674	A	C	37677	33568	36	1	1	34	2.65386e-05	37681	1	FALSE	NA	NA	NA	NA	NA	NA
NC_045512.2	16675	C	T	38352	34119	36	7	7	32	0.000182482	38360	1	FALSE	NA	NA	NA	NA	NA	NA
NC_045512.2	16675	C	G	38352	34119	36	1	1	34	2.60688e-05	38360	1	FALSE	NA	NA	NA	NA	NA	NA
NC_045512.2	16676	T	C	36266	32051	37	2	1	34	5.5145e-05	36268	1	FALSE	NA	NA	NA	NA	NA	NA
NC_045512.2	16677	G	C	37068	32329	37	2	2	34	5.39505e-05	37071	1	FALSE	NA	NA	NA	NA	NA	NA
NC_045512.2	16677	G	A	37068	32329	37	1	1	68	2.69753e-05	37071	0.499993	FALSE	NA	NA	NA	NA	NA	NA
NC_045512.2	16678	T	C	37039	32413	36	12	11	41	0.000323869	37052	0.0175691	FALSE	NA	NA	NA	NA	NA	NA
NC_045512.2	16678	T	A	37039	32413	36	1	1	34	2.69891e-05	37052	1	FALSE	NA	NA	NA	NA	NA	NA
NC_045512.2	16679	C	G	38426	33867	37	1	1	26	2.60234e-05	38427	1	FALSE	NA	NA	NA	NA	NA	NA
NC_045512.2	16680	T	C	39257	34796	37	5	4	30	0.000127343	39264	1	FALSE	NA	NA	NA	NA	NA	NA
NC_045512.2	16680	T	A	39257	34796	37	2	2	34	5.09372e-05	39264	1	FALSE	NA	NA	NA	NA	NA	NA
NC_045512.2	16681	T	C	39238	34792	37	2	2	34	5.09684e-05	39240	1	FALSE	NA	NA	NA	NA	NA	NA
NC_045512.2	16682	A	G	39110	34658	37	3	3	45	7.66989e-05	39114	0.656256	FALSE	NA	NA	NA	NA	NA	NA
NC_045512.2	16682	A	C	39110	34658	37	1	1	34	2.55663e-05	39114	1	FALSE	NA	NA	NA	NA	NA	NA
NC_045512.2	16683	T	C	39292	34825	37	5	4	40	0.000127236	39297	0.363288	FALSE	NA	NA	NA	NA	NA	NA
NC_045512.2	16684	G	C	39021	34710	37	1	1	26	2.56266e-05	39022	1	FALSE	NA	NA	NA	NA	NA	NA
NC_045512.2	16685	G	T	39062	34738	37	1	1	34	2.55997e-05	39063	1	FALSE	NA	NA	NA	NA	NA	NA
NC_045512.2	16686	T	C	35007	30797	37	8	7	35	0.000228474	35015	0.999996	FALSE	NA	NA	NA	NA	NA	NA
NC_045512.2	16687	A	G	35529	31328	37	1	0	34	2.81436e-05	35532	1	FALSE	NA	NA	NA	NA	NA	NA
NC_045512.2	16687	A	C	35529	31328	37	2	2	34	5.62873e-05	35532	1	FALSE	NA	NA	NA	NA	NA	NA
NC_045512.2	16688	T	C	35523	31309	37	5	5	39	0.00014073	35529	1	FALSE	NA	NA	NA	NA	NA	NA
NC_045512.2	16688	T	A	35523	31309	37	1	1	34	2.8146e-05	35529	1	FALSE	NA	NA	NA	NA	NA	NA
NC_045512.2	16689	T	G	35361	31243	37	2	0	30	5.65467e-05	35369	1	FALSE	NA	NA	NA	NA	NA	NA
NC_045512.2	16689	T	C	35361	31243	37	6	6	34	0.00016964	35369	1	FALSE	NA	NA	NA	NA	NA	NA
NC_045512.2	16690	G	C	35324	31212	37	2	2	34	5.66059e-05	35332	1	FALSE	NA	NA	NA	NA	NA	NA
NC_045512.2	16690	G	A	35324	31212	37	6	5	34	0.000169818	35332	1	FALSE	NA	NA	NA	NA	NA	NA
NC_045512.2	16691	C	T	35214	31204	37	7	6	48	0.000198739	35222	0.171858	FALSE	NA	NA	NA	NA	NA	NA
NC_045512.2	16691	C	A	35214	31204	37	1	1	34	2.83913e-05	35222	1	FALSE	NA	NA	NA	NA	NA	NA
NC_045512.2	16692	T	C	35077	31061	37	11	11	34	0.000313489	35089	0.999922	FALSE	NA	NA	NA	NA	NA	NA
NC_045512.2	16692	T	A	35077	31061	37	1	1	26	2.8499e-05	35089	1	FALSE	NA	NA	NA	NA	NA	NA
NC_045512.2	16693	A	T	34859	30852	37	2	2	30	5.73575e-05	34869	1	FALSE	NA	NA	NA	NA	NA	NA
NC_045512.2	16693	A	G	34859	30852	37	8	7	45	0.00022943	34869	0.113254	FALSE	NA	NA	NA	NA	NA	NA
NC_045512.2	16694	C	A	34771	30917	37	1	1	34	2.87588e-05	34772	1	FALSE	NA	NA	NA	NA	NA	NA
NC_045512.2	16695	T	G	30245	26448	37	3	3	34	9.9131e-05	30263	1	FALSE	NA	NA	NA	NA	NA	NA
NC_045512.2	16695	T	C	30245	26448	37	10	10	35	0.000330437	30263	0.999661	FALSE	NA	NA	NA	NA	NA	NA
NC_045512.2	16695	T	A	30245	26448	37	5	5	34	0.000165218	30263	0.999998	FALSE	NA	NA	NA	NA	NA	NA
NC_045512.2	16696	G	A	30149	26349	37	2	2	34	6.63328e-05	30151	1	FALSE	NA	NA	NA	NA	NA	NA
NC_045512.2	16696	G	+C	30149	26349	37	1	0	20	3.31664e-05	30151	1	FALSE	NA	NA	NA	NA	NA	NA
NC_045512.2	16697	T	C	26406	22677	37	4	4	34	0.000151452	26411	0.999996	FALSE	NA	NA	NA	NA	NA	NA
NC_045512.2	16697	T	A	26406	22677	37	1	1	26	3.7863e-05	26411	1	FALSE	NA	NA	NA	NA	NA	NA
NC_045512.2	16698	A	G	26372	22637	38	1	1	34	3.79061e-05	26381	1	FALSE	NA	NA	NA	NA	NA	NA
NC_045512.2	16698	A	C	26372	22637	38	8	8	34	0.000303249	26381	0.999591	FALSE	NA	NA	NA	NA	NA	NA
NC_045512.2	16699	C	T	26284	22563	38	1	1	34	3.80445e-05	26285	1	FALSE	NA	NA	NA	NA	NA	NA
NC_045512.2	16700	G	T	26095	22384	38	1	1	34	3.83127e-05	26101	1	FALSE	NA	NA	NA	NA	NA	NA
NC_045512.2	16700	G	C	26095	22384	38	3	3	31	0.000114938	26101	0.999999	FALSE	NA	NA	NA	NA	NA	NA
NC_045512.2	16700	G	A	26095	22384	38	2	2	34	7.66254e-05	26101	1	FALSE	NA	NA	NA	NA	NA	NA
NC_045512.2	16701	T	C	25870	22170	37	3	3	34	0.000115947	25874	0.999998	FALSE	NA	NA	NA	NA	NA	NA
NC_045512.2	16701	T	A	25870	22170	37	1	0	27	3.86488e-05	25874	1	FALSE	NA	NA	NA	NA	NA	NA
NC_045512.2	16703	A	T	25571	21952	37	2	2	30	7.81861e-05	25580	1	FALSE	NA	NA	NA	NA	NA	NA
NC_045512.2	16703	A	G	25571	21952	37	7	6	33	0.000273651	25580	0.999733	FALSE	NA	NA	NA	NA	NA	NA
NC_045512.2	16704	A	G	25454	22065	37	2	2	34	7.85669e-05	25456	1	FALSE	NA	NA	NA	NA	NA	NA
NC_045512.2	16706	T	C	23946	20582	37	11	7	35	0.000459156	23957	0.987875	FALSE	NA	NA	NA	NA	NA	NA
NC_045512.2	16707	G	A	23803	20434	37	2	2	34	8.4016e-05	23805	0.999999	FALSE	NA	NA	NA	NA	NA	NA
NC_045512.2	16708	C	T	23050	21051	36	19	18	35	0.000823509	23072	0.779621	FALSE	NA	NA	NA	NA	NA	NA
NC_045512.2	16708	C	G	23050	21051	36	3	0	34	0.000130028	23072	0.999995	FALSE	NA	NA	NA	NA	NA	NA
NC_045512.2	16708	C	-T	23050	21051	36	2	0	20	8.66852e-05	23072	1	FALSE	NA	NA	NA	NA	NA	NA
NC_045512.2	16709	T	C	22309	20305	35	2	2	34	8.96419e-05	22311	0.999999	FALSE	NA	NA	NA	NA	NA	NA
NC_045512.2	16709	T	+GTCTGACAGA	22309	20305	35	4	0	20	0.000179268	22313	1	FALSE	NA	NA	NA	NA	NA	NA
NC_045512.2	16710	G	T	22418	20419	36	1	1	34	4.4603e-05	22420	1	FALSE	NA	NA	NA	NA	NA	NA
NC_045512.2	16710	G	A	22418	20419	36	1	1	34	4.4603e-05	22420	1	FALSE	NA	NA	NA	NA	NA	NA
NC_045512.2	16711	T	G	22147	20159	35	1	1	34	4.51508e-05	22148	1	FALSE	NA	NA	NA	NA	NA	NA
NC_045512.2	16712	C	T	22324	20329	36	1	1	34	4.47868e-05	22328	1	FALSE	NA	NA	NA	NA	NA	NA
NC_045512.2	16712	C	A	22324	20329	36	3	3	34	0.00013436	22328	0.99999	FALSE	NA	NA	NA	NA	NA	NA
NC_045512.2	16714	G	T	21699	19709	36	2	2	34	9.21574e-05	21702	0.999997	FALSE	NA	NA	NA	NA	NA	NA
NC_045512.2	16714	G	C	21699	19709	36	1	1	34	4.60787e-05	21702	1	FALSE	NA	NA	NA	NA	NA	NA
NC_045512.2	16715	A	T	21651	19658	36	2	2	34	9.23574e-05	21655	0.999997	FALSE	NA	NA	NA	NA	NA	NA
NC_045512.2	16715	A	G	21651	19658	36	2	2	30	9.23574e-05	21655	0.999997	FALSE	NA	NA	NA	NA	NA	NA
NC_045512.2	16716	C	T	21657	19739	36	3	3	34	0.000138479	21664	0.999982	FALSE	NA	NA	NA	NA	NA	NA
NC_045512.2	16716	C	A	21657	19739	36	4	1	34	0.000184638	21664	0.999922	FALSE	NA	NA	NA	NA	NA	NA
NC_045512.2	16716	C	-AG	21657	19739	36	2	0	20	9.23191e-05	21664	1	FALSE	NA	NA	NA	NA	NA	NA
NC_045512.2	16717	A	T	21202	19287	36	1	1	34	4.71587e-05	21205	1	FALSE	NA	NA	NA	NA	NA	NA
NC_045512.2	16717	A	G	21202	19287	36	2	2	30	9.43174e-05	21205	0.999997	FALSE	NA	NA	NA	NA	NA	NA
NC_045512.2	16718	G	T	21168	19252	36	1	1	34	4.72166e-05	21179	1	FALSE	NA	NA	NA	NA	NA	NA
NC_045512.2	16718	G	A	21168	19252	36	10	7	33	0.000472166	21179	0.98529	FALSE	NA	NA	NA	NA	NA	NA
NC_045512.2	16719	A	T	64119	18695	34	1	1	34	1.55928e-05	64132	1	FALSE	NA	NA	NA	NA	NA	NA
NC_045512.2	16719	A	G	64119	18695	34	12	3	32	0.000187114	64132	1	FALSE	NA	NA	NA	NA	NA	NA
NC_045512.2	16720	G	T	76272	18686	34	1	1	26	1.31103e-05	76276	1	FALSE	NA	NA	NA	NA	NA	NA
NC_045512.2	16720	G	C	76272	18686	34	1	1	34	1.31103e-05	76276	1	FALSE	NA	NA	NA	NA	NA	NA
NC_045512.2	16720	G	A	76272	18686	34	2	0	30	2.62206e-05	76276	1	FALSE	NA	NA	NA	NA	NA	NA
NC_045512.2	16721	A	T	72738	18905	33	1	1	34	1.37463e-05	72747	1	FALSE	NA	NA	NA	NA	NA	NA
NC_045512.2	16721	A	G	72738	18905	33	7	4	34	9.62239e-05	72747	1	FALSE	NA	NA	NA	NA	NA	NA
NC_045512.2	16721	A	C	72738	18905	33	1	1	34	1.37463e-05	72747	1	FALSE	NA	NA	NA	NA	NA	NA
NC_045512.2	16722	A	T	77394	18960	34	1	0	34	1.29194e-05	77403	1	FALSE	NA	NA	NA	NA	NA	NA
NC_045512.2	16722	A	G	77394	18960	34	7	2	34	9.04358e-05	77403	1	FALSE	NA	NA	NA	NA	NA	NA
NC_045512.2	16722	A	C	77394	18960	34	1	0	26	1.29194e-05	77403	1	FALSE	NA	NA	NA	NA	NA	NA
NC_045512.2	16722	A	-T	77394	18960	34	1	0	20	1.29194e-05	77403	1	FALSE	NA	NA	NA	NA	NA	NA
NC_045512.2	16723	T	C	78902	19014	34	6	3	29	7.6035e-05	78911	1	FALSE	NA	NA	NA	NA	NA	NA
NC_045512.2	16723	T	A	78902	19014	34	3	0	34	3.80175e-05	78911	1	FALSE	NA	NA	NA	NA	NA	NA
NC_045512.2	16724	T	C	78889	18963	34	27	6	39	0.000342132	78917	1	FALSE	NA	NA	NA	NA	NA	NA
NC_045512.2	16724	T	A	78889	18963	34	1	0	26	1.26715e-05	78917	1	FALSE	NA	NA	NA	NA	NA	NA
NC_045512.2	16725	A	G	79291	19346	34	25	6	34	0.000315195	79316	1	FALSE	NA	NA	NA	NA	NA	NA
NC_045512.2	16726	C	T	78602	19366	34	6	4	34	7.63281e-05	78608	1	FALSE	NA	NA	NA	NA	NA	NA
NC_045512.2	16727	A	T	73065	18773	34	5052	105	34	0.0646656	78125	0	TRUE	NA	NA	NA	NA	NA	NA
NC_045512.2	16727	A	G	73065	18773	34	6	2	32	7.68e-05	78125	1	FALSE	NA	NA	NA	NA	NA	NA
NC_045512.2	16727	A	C	73065	18773	34	2	0	34	2.56e-05	78125	1	FALSE	NA	NA	NA	NA	NA	NA
NC_045512.2	16728	T	G	78816	18566	34	1	0	34	1.26868e-05	78822	1	FALSE	NA	NA	NA	NA	NA	NA
NC_045512.2	16728	T	C	78816	18566	34	4	0	34	5.07473e-05	78822	1	FALSE	NA	NA	NA	NA	NA	NA
NC_045512.2	16728	T	A	78816	18566	34	1	0	34	1.26868e-05	78822	1	FALSE	NA	NA	NA	NA	NA	NA
NC_045512.2	16729	C	T	77292	16777	34	2	0	34	2.58746e-05	77296	1	FALSE	NA	NA	NA	NA	NA	NA
NC_045512.2	16729	C	G	77292	16777	34	1	0	34	1.29373e-05	77296	1	FALSE	NA	NA	NA	NA	NA	NA
NC_045512.2	16729	C	A	77292	16777	34	1	0	26	1.29373e-05	77296	1	FALSE	NA	NA	NA	NA	NA	NA
NC_045512.2	16729	C	-T	77292	16777	34	1	0	20	1.29373e-05	77296	1	FALSE	NA	NA	NA	NA	NA	NA
NC_045512.2	16730	T	G	78347	16786	35	4	0	32	5.10471e-05	78359	1	FALSE	NA	NA	NA	NA	NA	NA
NC_045512.2	16730	T	C	78347	16786	35	7	2	34	8.93324e-05	78359	1	FALSE	NA	NA	NA	NA	NA	NA
NC_045512.2	16730	T	A	78347	16786	35	1	0	34	1.27618e-05	78359	1	FALSE	NA	NA	NA	NA	NA	NA
NC_045512.2	16731	T	G	78448	16653	35	4	0	31	5.09794e-05	78463	1	FALSE	NA	NA	NA	NA	NA	NA
NC_045512.2	16731	T	C	78448	16653	35	10	2	34	0.000127449	78463	1	FALSE	NA	NA	NA	NA	NA	NA
NC_045512.2	16731	T	A	78448	16653	35	1	0	34	1.27449e-05	78463	1	FALSE	NA	NA	NA	NA	NA	NA
NC_045512.2	16732	T	G	78462	16657	35	2	0	30	2.54868e-05	78472	1	FALSE	NA	NA	NA	NA	NA	NA
NC_045512.2	16732	T	C	78462	16657	35	5	0	34	6.3717e-05	78472	1	FALSE	NA	NA	NA	NA	NA	NA
NC_045512.2	16732	T	A	78462	16657	35	3	0	30	3.82302e-05	78472	1	FALSE	NA	NA	NA	NA	NA	NA
NC_045512.2	16733	C	T	79331	17233	35	2	0	34	2.52096e-05	79335	1	FALSE	NA	NA	NA	NA	NA	NA
NC_045512.2	16733	C	G	79331	17233	35	1	0	34	1.26048e-05	79335	1	FALSE	NA	NA	NA	NA	NA	NA
NC_045512.2	16733	C	A	79331	17233	35	1	0	34	1.26048e-05	79335	1	FALSE	NA	NA	NA	NA	NA	NA
NC_045512.2	16734	A	G	78258	17183	35	10	2	34	0.000127766	78268	1	FALSE	NA	NA	NA	NA	NA	NA
NC_045512.2	16735	T	G	79440	17320	35	2	0	30	2.51737e-05	79448	1	FALSE	NA	NA	NA	NA	NA	NA
NC_045512.2	16735	T	C	79440	17320	35	6	1	34	7.55211e-05	79448	1	FALSE	NA	NA	NA	NA	NA	NA
NC_045512.2	16736	G	T	79417	17335	35	2	0	34	2.51826e-05	79420	1	FALSE	NA	NA	NA	NA	NA	NA
NC_045512.2	16736	G	A	79417	17335	35	1	0	34	1.25913e-05	79420	1	FALSE	NA	NA	NA	NA	NA	NA
NC_045512.2	16737	G	T	79524	17260	35	1	1	34	1.25734e-05	79533	1	FALSE	NA	NA	NA	NA	NA	NA
NC_045512.2	16737	G	C	79524	17260	35	2	1	34	2.51468e-05	79533	1	FALSE	NA	NA	NA	NA	NA	NA
NC_045512.2	16737	G	A	79524	17260	35	6	2	49	7.54404e-05	79533	0.709465	FALSE	NA	NA	NA	NA	NA	NA
NC_045512.2	16738	G	A	79758	17256	35	6	0	34	7.52219e-05	79764	1	FALSE	NA	NA	NA	NA	NA	NA
NC_045512.2	16738	G	-A	79758	17256	35	1	0	20	1.2537e-05	79764	1	FALSE	NA	NA	NA	NA	NA	NA
NC_045512.2	16739	A	T	79586	16838	35	2	0	34	2.51282e-05	79592	1	FALSE	NA	NA	NA	NA	NA	NA
NC_045512.2	16739	A	G	79586	16838	35	4	0	34	5.02563e-05	79592	1	FALSE	NA	NA	NA	NA	NA	NA
NC_045512.2	16740	A	T	79493	16780	35	1	0	34	1.25781e-05	79503	1	FALSE	NA	NA	NA	NA	NA	NA
NC_045512.2	16740	A	G	79493	16780	35	9	3	37	0.000113203	79503	1	FALSE	NA	NA	NA	NA	NA	NA
NC_045512.2	16741	G	A	80685	16808	35	2	0	34	2.47871e-05	80687	1	FALSE	NA	NA	NA	NA	NA	NA
NC_045512.2	16742	T	G	80599	16679	35	1	0	26	1.24056e-05	80609	1	FALSE	NA	NA	NA	NA	NA	NA
NC_045512.2	16742	T	C	80599	16679	35	7	0	34	8.68389e-05	80609	1	FALSE	NA	NA	NA	NA	NA	NA
NC_045512.2	16742	T	A	80599	16679	35	2	0	30	2.48111e-05	80609	1	FALSE	NA	NA	NA	NA	NA	NA
NC_045512.2	16743	T	G	81441	16808	35	3	0	31	3.68247e-05	81467	1	FALSE	NA	NA	NA	NA	NA	NA
NC_045512.2	16743	T	C	81441	16808	35	18	5	34	0.000220948	81467	1	FALSE	NA	NA	NA	NA	NA	NA
NC_045512.2	16743	T	A	81441	16808	35	5	0	32	6.13745e-05	81467	1	FALSE	NA	NA	NA	NA	NA	NA
NC_045512.2	16743	T	-G	81441	16808	35	1	0	20	1.22749e-05	81467	1	FALSE	NA	NA	NA	NA	NA	NA
NC_045512.2	16744	G	T	84258	16789	35	5	1	34	5.93352e-05	84267	1	FALSE	NA	NA	NA	NA	NA	NA
NC_045512.2	16744	G	C	84258	16789	35	1	1	27	1.1867e-05	84267	1	FALSE	NA	NA	NA	NA	NA	NA
NC_045512.2	16744	G	A	84258	16789	35	3	1	45	3.56011e-05	84267	0.967281	FALSE	NA	NA	NA	NA	NA	NA
NC_045512.2	16745	G	T	84310	16833	35	1	0	34	1.18585e-05	84328	1	FALSE	NA	NA	NA	NA	NA	NA
NC_045512.2	16745	G	C	84310	16833	35	10	2	33	0.000118585	84328	1	FALSE	NA	NA	NA	NA	NA	NA
NC_045512.2	16745	G	A	84310	16833	35	7	0	34	8.30092e-05	84328	1	FALSE	NA	NA	NA	NA	NA	NA
NC_045512.2	16745	G	-T	84310	16833	35	3	0	20	3.55754e-05	84328	1	FALSE	NA	NA	NA	NA	NA	NA
NC_045512.2	16746	T	G	84298	16837	35	2	0	34	2.37223e-05	84309	1	FALSE	NA	NA	NA	NA	NA	NA
NC_045512.2	16746	T	C	84298	16837	35	7	2	43	8.30279e-05	84309	0.69634	FALSE	NA	NA	NA	NA	NA	NA
NC_045512.2	16746	T	A	84298	16837	35	2	0	34	2.37223e-05	84309	1	FALSE	NA	NA	NA	NA	NA	NA
NC_045512.2	16746	T	-A	84298	16837	35	2	0	20	2.37214e-05	84312	1	FALSE	NA	NA	NA	NA	NA	NA
NC_045512.2	16747	A	T	84248	16733	35	4	2	28	4.74693e-05	84265	1	FALSE	NA	NA	NA	NA	NA	NA
NC_045512.2	16747	A	G	84248	16733	35	11	5	40	0.000130541	84265	0.323728	FALSE	NA	NA	NA	NA	NA	NA
NC_045512.2	16747	A	C	84248	16733	35	2	2	30	2.37346e-05	84265	1	FALSE	NA	NA	NA	NA	NA	NA
NC_045512.2	16748	A	T	84943	16731	35	2	1	30	2.3541e-05	84958	1	FALSE	NA	NA	NA	NA	NA	NA
NC_045512.2	16748	A	G	84943	16731	35	11	3	34	0.000129476	84958	1	FALSE	NA	NA	NA	NA	NA	NA
NC_045512.2	16748	A	C	84943	16731	35	2	2	34	2.3541e-05	84958	1	FALSE	NA	NA	NA	NA	NA	NA
NC_045512.2	16749	A	G	87020	16844	33	5	1	34	5.74548e-05	87025	1	FALSE	NA	NA	NA	NA	NA	NA
NC_045512.2	16750	C	T	96552	16850	35	1	0	34	1.03569e-05	96554	1	FALSE	NA	NA	NA	NA	NA	NA
NC_045512.2	16750	C	A	96552	16850	35	1	0	34	1.03569e-05	96554	1	FALSE	NA	NA	NA	NA	NA	NA
NC_045512.2	16751	C	T	96171	16608	35	1	0	34	1.03972e-05	96180	1	FALSE	NA	NA	NA	NA	NA	NA
NC_045512.2	16751	C	G	96171	16608	35	2	0	34	2.07943e-05	96180	1	FALSE	NA	NA	NA	NA	NA	NA
NC_045512.2	16751	C	A	96171	16608	35	6	3	32	6.2383e-05	96180	1	FALSE	NA	NA	NA	NA	NA	NA
NC_045512.2	16752	T	C	95857	16094	35	27	2	34	0.000281587	95885	1	FALSE	NA	NA	NA	NA	NA	NA
NC_045512.2	16752	T	A	95857	16094	35	1	0	26	1.04292e-05	95885	1	FALSE	NA	NA	NA	NA	NA	NA
NC_045512.2	16753	A	T	95264	15280	35	6	0	32	6.29769e-05	95273	1	FALSE	NA	NA	NA	NA	NA	NA
NC_045512.2	16753	A	G	95264	15280	35	3	1	31	3.14885e-05	95273	1	FALSE	NA	NA	NA	NA	NA	NA
NC_045512.2	16754	G	T	96916	15010	35	3	2	31	3.09524e-05	96923	1	FALSE	NA	NA	NA	NA	NA	NA
NC_045512.2	16754	G	C	96916	15010	35	4	4	32	4.12699e-05	96923	1	FALSE	NA	NA	NA	NA	NA	NA
NC_045512.2	16755	A	T	96692	15475	35	1	0	34	1.03414e-05	96699	1	FALSE	NA	NA	NA	NA	NA	NA
NC_045512.2	16755	A	G	96692	15475	35	6	3	34	6.20482e-05	96699	1	FALSE	NA	NA	NA	NA	NA	NA
NC_045512.2	16756	C	T	97678	15947	35	1	0	34	1.02375e-05	97680	1	FALSE	NA	NA	NA	NA	NA	NA
NC_045512.2	16756	C	G	97678	15947	35	1	0	34	1.02375e-05	97680	1	FALSE	NA	NA	NA	NA	NA	NA
NC_045512.2	16757	C	G	96704	15494	35	2	0	34	2.06812e-05	96706	1	FALSE	NA	NA	NA	NA	NA	NA
NC_045512.2	16758	A	T	91704	10253	35	4	1	32	4.3611e-05	91720	1	FALSE	NA	NA	NA	NA	NA	NA
NC_045512.2	16758	A	G	91704	10253	35	9	0	33	9.81247e-05	91720	1	FALSE	NA	NA	NA	NA	NA	NA
NC_045512.2	16758	A	C	91704	10253	35	3	2	31	3.27082e-05	91720	1	FALSE	NA	NA	NA	NA	NA	NA
NC_045512.2	16759	C	T	94287	10494	36	3	0	34	3.18147e-05	94296	1	FALSE	NA	NA	NA	NA	NA	NA
NC_045512.2	16759	C	G	94287	10494	36	4	3	32	4.24196e-05	94296	1	FALSE	NA	NA	NA	NA	NA	NA
NC_045512.2	16759	C	A	94287	10494	36	2	0	34	2.12098e-05	94296	1	FALSE	NA	NA	NA	NA	NA	NA
NC_045512.2	16760	C	T	94071	10430	35	6	1	32	6.37769e-05	94078	1	FALSE	NA	NA	NA	NA	NA	NA
NC_045512.2	16760	C	A	94071	10430	35	1	0	26	1.06295e-05	94078	1	FALSE	NA	NA	NA	NA	NA	NA
NC_045512.2	16761	A	T	94350	10502	36	6	0	34	6.35842e-05	94363	1	FALSE	NA	NA	NA	NA	NA	NA
NC_045512.2	16761	A	G	94350	10502	36	7	0	31	7.41816e-05	94363	1	FALSE	NA	NA	NA	NA	NA	NA
NC_045512.2	16762	C	A	94684	10558	36	4	2	30	4.2244e-05	94688	1	FALSE	NA	NA	NA	NA	NA	NA
NC_045512.2	16762	C	-T	94684	10558	36	1	0	20	1.0561e-05	94688	1	FALSE	NA	NA	NA	NA	NA	NA
NC_045512.2	16763	T	G	93176	9237	36	1	0	34	1.07309e-05	93189	1	FALSE	NA	NA	NA	NA	NA	NA
NC_045512.2	16763	T	C	93176	9237	36	9	0	40	9.65779e-05	93189	0.592704	FALSE	NA	NA	NA	NA	NA	NA
NC_045512.2	16763	T	A	93176	9237	36	3	0	28	3.21926e-05	93189	1	FALSE	NA	NA	NA	NA	NA	NA
NC_045512.2	16764	T	G	87115	4144	36	1	0	34	1.14778e-05	87125	1	FALSE	NA	NA	NA	NA	NA	NA
NC_045512.2	16764	T	C	87115	4144	36	5	0	34	5.73888e-05	87125	1	FALSE	NA	NA	NA	NA	NA	NA
NC_045512.2	16764	T	A	87115	4144	36	4	0	32	4.5911e-05	87125	1	FALSE	NA	NA	NA	NA	NA	NA
NC_045512.2	16765	A	G	87291	4173	36	5	0	34	5.72764e-05	87296	1	FALSE	NA	NA	NA	NA	NA	NA
NC_045512.2	16766	A	G	86508	4190	35	3	0	34	3.46773e-05	86512	1	FALSE	NA	NA	NA	NA	NA	NA
NC_045512.2	16766	A	C	86508	4190	35	1	0	26	1.15591e-05	86512	1	FALSE	NA	NA	NA	NA	NA	NA
NC_045512.2	16768	C	T	87408	4289	36	6	0	34	6.86389e-05	87414	1	FALSE	NA	NA	NA	NA	NA	NA
NC_045512.2	16769	G	A	87863	4285	36	6	1	32	6.82835e-05	87869	1	FALSE	NA	NA	NA	NA	NA	NA
NC_045512.2	16769	G	-A	87863	4285	36	1	0	20	1.13806e-05	87869	1	FALSE	NA	NA	NA	NA	NA	NA
NC_045512.2	16770	A	T	88944	4700	36	2	0	34	2.2484e-05	88952	1	FALSE	NA	NA	NA	NA	NA	NA
NC_045512.2	16770	A	G	88944	4700	36	6	0	34	6.74521e-05	88952	1	FALSE	NA	NA	NA	NA	NA	NA
NC_045512.2	16771	A	T	89526	4793	36	2	1	34	2.23359e-05	89542	1	FALSE	NA	NA	NA	NA	NA	NA
NC_045512.2	16771	A	G	89526	4793	36	14	1	38	0.000156351	89542	1	FALSE	NA	NA	NA	NA	NA	NA
NC_045512.2	16772	A	G	90414	4881	36	3	0	34	3.31789e-05	90419	1	FALSE	NA	NA	NA	NA	NA	NA
NC_045512.2	16772	A	C	90414	4881	36	2	0	34	2.21192e-05	90419	1	FALSE	NA	NA	NA	NA	NA	NA
NC_045512.2	16772	A	-T	90414	4881	36	2	0	20	2.21192e-05	90419	1	FALSE	NA	NA	NA	NA	NA	NA
NC_045512.2	16773	T	G	90174	4890	36	1	0	26	1.10892e-05	90178	1	FALSE	NA	NA	NA	NA	NA	NA
NC_045512.2	16773	T	C	90174	4890	36	2	0	30	2.21784e-05	90178	1	FALSE	NA	NA	NA	NA	NA	NA
NC_045512.2	16773	T	A	90174	4890	36	1	0	34	1.10892e-05	90178	1	FALSE	NA	NA	NA	NA	NA	NA
NC_045512.2	16774	T	G	89796	4914	36	1	0	26	1.1135e-05	89807	1	FALSE	NA	NA	NA	NA	NA	NA
NC_045512.2	16774	T	C	89796	4914	36	10	0	34	0.00011135	89807	1	FALSE	NA	NA	NA	NA	NA	NA
NC_045512.2	16775	A	T	90484	4906	36	4	0	34	4.41984e-05	90501	1	FALSE	NA	NA	NA	NA	NA	NA
NC_045512.2	16775	A	G	90484	4906	36	13	1	36	0.000143645	90501	1	FALSE	NA	NA	NA	NA	NA	NA
NC_045512.2	16776	T	G	89854	4923	36	1	0	26	1.1119e-05	89936	1	FALSE	NA	NA	NA	NA	NA	NA
NC_045512.2	16776	T	C	89854	4923	36	81	2	37	0.00090064	89936	0.755033	FALSE	NA	NA	NA	NA	NA	NA
NC_045512.2	16777	G	C	91447	4948	36	3	0	34	3.28037e-05	91453	1	FALSE	NA	NA	NA	NA	NA	NA
NC_045512.2	16777	G	A	91447	4948	36	3	0	34	3.28037e-05	91453	1	FALSE	NA	NA	NA	NA	NA	NA
NC_045512.2	16778	T	C	91333	4981	36	8	1	37	8.7581e-05	91344	1	FALSE	NA	NA	NA	NA	NA	NA
NC_045512.2	16778	T	A	91333	4981	36	3	0	34	3.28429e-05	91344	1	FALSE	NA	NA	NA	NA	NA	NA
NC_045512.2	16779	C	T	95182	5023	36	6	1	38	6.30285e-05	95195	1	FALSE	NA	NA	NA	NA	NA	NA
NC_045512.2	16779	C	G	95182	5023	36	6	0	31	6.30285e-05	95195	1	FALSE	NA	NA	NA	NA	NA	NA
NC_045512.2	16779	C	A	95182	5023	36	1	0	34	1.05048e-05	95195	1	FALSE	NA	NA	NA	NA	NA	NA
NC_045512.2	16779	C	-T	95182	5023	36	6	0	20	6.30285e-05	95195	1	FALSE	NA	NA	NA	NA	NA	NA
NC_045512.2	16780	T	G	95261	5495	36	1	0	34	1.04959e-05	95275	1	FALSE	NA	NA	NA	NA	NA	NA
NC_045512.2	16780	T	C	95261	5495	36	12	5	51	0.000125951	95275	0.000243949	TRUE	NA	NA	NA	NA	NA	NA
NC_045512.2	16780	T	A	95261	5495	36	1	0	34	1.04959e-05	95275	1	FALSE	NA	NA	NA	NA	NA	NA
NC_045512.2	16781	T	G	95678	5581	37	2	0	30	2.09006e-05	95691	1	FALSE	NA	NA	NA	NA	NA	NA
NC_045512.2	16781	T	C	95678	5581	37	9	2	41	9.40527e-05	95691	0.592713	FALSE	NA	NA	NA	NA	NA	NA
NC_045512.2	16781	T	A	95678	5581	37	2	0	34	2.09006e-05	95691	1	FALSE	NA	NA	NA	NA	NA	NA
NC_045512.2	16782	T	C	95550	5879	37	6	0	31	6.27891e-05	95558	1	FALSE	NA	NA	NA	NA	NA	NA
NC_045512.2	16782	T	A	95550	5879	37	2	0	30	2.09297e-05	95558	1	FALSE	NA	NA	NA	NA	NA	NA
NC_045512.2	16783	A	T	96039	5939	37	2	0	34	2.08236e-05	96045	1	FALSE	NA	NA	NA	NA	NA	NA
NC_045512.2	16783	A	G	96039	5939	37	4	0	31	4.16471e-05	96045	1	FALSE	NA	NA	NA	NA	NA	NA
NC_045512.2	16784	C	T	96060	5946	37	7	1	32	7.28529e-05	96084	1	FALSE	NA	NA	NA	NA	NA	NA
NC_045512.2	16784	C	G	96060	5946	37	15	0	31	0.000156113	96084	1	FALSE	NA	NA	NA	NA	NA	NA
NC_045512.2	16784	C	A	96060	5946	37	2	0	34	2.08151e-05	96084	1	FALSE	NA	NA	NA	NA	NA	NA
NC_045512.2	16785	T	G	96231	5976	37	1	0	34	1.039e-05	96246	1	FALSE	NA	NA	NA	NA	NA	NA
NC_045512.2	16785	T	C	96231	5976	37	13	0	34	0.000135071	96246	1	FALSE	NA	NA	NA	NA	NA	NA
NC_045512.2	16785	T	A	96231	5976	37	1	0	34	1.039e-05	96246	1	FALSE	NA	NA	NA	NA	NA	NA
NC_045512.2	16786	G	T	98034	5992	37	2	0	30	2.03992e-05	98043	1	FALSE	NA	NA	NA	NA	NA	NA
NC_045512.2	16786	G	A	98034	5992	37	7	0	43	7.13972e-05	98043	0.772754	FALSE	NA	NA	NA	NA	NA	NA
NC_045512.2	16787	G	T	98759	5997	37	1	0	52	1.01252e-05	98763	0.499995	FALSE	NA	NA	NA	NA	NA	NA
NC_045512.2	16787	G	C	98759	5997	37	1	0	34	1.01252e-05	98763	1	FALSE	NA	NA	NA	NA	NA	NA
NC_045512.2	16787	G	A	98759	5997	37	2	0	34	2.02505e-05	98763	1	FALSE	NA	NA	NA	NA	NA	NA
NC_045512.2	16787	G	-T	98759	5997	37	1	0	20	1.01252e-05	98763	1	FALSE	NA	NA	NA	NA	NA	NA
NC_045512.2	16788	T	C	98667	6032	37	11	1	33	0.000111474	98678	1	FALSE	NA	NA	NA	NA	NA	NA
NC_045512.2	16789	T	G	98823	6039	37	15	0	30	0.000151762	98839	1	FALSE	NA	NA	NA	NA	NA	NA
NC_045512.2	16789	T	C	98823	6039	37	1	0	34	1.01175e-05	98839	1	FALSE	NA	NA	NA	NA	NA	NA
NC_045512.2	16790	A	T	98644	6060	37	3	0	31	3.04096e-05	98653	1	FALSE	NA	NA	NA	NA	NA	NA
NC_045512.2	16790	A	G	98644	6060	37	6	0	32	6.08192e-05	98653	1	FALSE	NA	NA	NA	NA	NA	NA
NC_045512.2	16791	T	C	99271	6106	37	8	1	34	8.05802e-05	99280	1	FALSE	NA	NA	NA	NA	NA	NA
NC_045512.2	16791	T	A	99271	6106	37	1	0	34	1.00725e-05	99280	1	FALSE	NA	NA	NA	NA	NA	NA
NC_045512.2	16792	C	T	99362	6093	37	9	0	34	9.05515e-05	99391	1	FALSE	NA	NA	NA	NA	NA	NA
NC_045512.2	16792	C	G	99362	6093	37	9	0	34	9.05515e-05	99391	1	FALSE	NA	NA	NA	NA	NA	NA
NC_045512.2	16792	C	A	99362	6093	37	11	6	55	0.000110674	99391	0.000487687	TRUE	NA	NA	NA	NA	NA	NA
NC_045512.2	16793	G	T	103167	6113	37	1	0	26	9.69105e-06	103188	1	FALSE	NA	NA	NA	NA	NA	NA
NC_045512.2	16793	G	A	103167	6113	37	20	3	35	0.000193821	103188	1	FALSE	NA	NA	NA	NA	NA	NA
NC_045512.2	16794	T	C	103221	6109	37	18	1	37	0.000174351	103240	1	FALSE	NA	NA	NA	NA	NA	NA
NC_045512.2	16794	T	A	103221	6109	37	1	0	34	9.68617e-06	103240	1	FALSE	NA	NA	NA	NA	NA	NA
NC_045512.2	16795	G	T	103671	6103	37	3	0	34	2.89335e-05	103686	1	FALSE	NA	NA	NA	NA	NA	NA
NC_045512.2	16795	G	A	103671	6103	37	12	2	39	0.000115734	103686	1	FALSE	NA	NA	NA	NA	NA	NA
NC_045512.2	16796	T	C	103626	6113	37	12	0	33	0.000115785	103640	1	FALSE	NA	NA	NA	NA	NA	NA
NC_045512.2	16796	T	A	103626	6113	37	2	0	34	1.92976e-05	103640	1	FALSE	NA	NA	NA	NA	NA	NA
NC_045512.2	16796	T	-A	103626	6113	37	1	0	20	9.64878e-06	103640	1	FALSE	NA	NA	NA	NA	NA	NA
NC_045512.2	16797	A	G	103217	6496	37	16	0	33	0.000154988	103234	1	FALSE	NA	NA	NA	NA	NA	NA
NC_045512.2	16797	A	C	103217	6496	37	1	0	26	9.68673e-06	103234	1	FALSE	NA	NA	NA	NA	NA	NA
NC_045512.2	16798	A	T	98251	6199	37	6765	382	37	0.0644145	105023	0	TRUE	NA	NA	NA	NA	NA	NA
NC_045512.2	16798	A	G	98251	6199	37	6	0	32	5.71303e-05	105023	1	FALSE	NA	NA	NA	NA	NA	NA
NC_045512.2	16798	A	C	98251	6199	37	1	0	34	9.52172e-06	105023	1	FALSE	NA	NA	NA	NA	NA	NA
NC_045512.2	16799	C	T	98050	7077	37	2	0	40	2.0394e-05	98068	0.994138	FALSE	NA	NA	NA	NA	NA	NA
NC_045512.2	16799	C	G	98050	7077	37	12	0	33	0.000122364	98068	1	FALSE	NA	NA	NA	NA	NA	NA
NC_045512.2	16799	C	A	98050	7077	37	4	0	32	4.0788e-05	98068	1	FALSE	NA	NA	NA	NA	NA	NA
NC_045512.2	16800	T	C	98398	7070	37	5	1	32	5.08104e-05	98405	1	FALSE	NA	NA	NA	NA	NA	NA
NC_045512.2	16800	T	A	98398	7070	37	2	0	30	2.03242e-05	98405	1	FALSE	NA	NA	NA	NA	NA	NA
NC_045512.2	16800	T	-A	98398	7070	37	28	0	20	0.000284538	98405	1	FALSE	NA	NA	NA	NA	NA	NA
NC_045512.2	16801	A	T	97003	7154	37	2	0	30	2.06141e-05	97021	1	FALSE	NA	NA	NA	NA	NA	NA
NC_045512.2	16801	A	G	97003	7154	37	15	1	38	0.000154606	97021	1	FALSE	NA	NA	NA	NA	NA	NA
NC_045512.2	16801	A	C	97003	7154	37	1	1	27	1.0307e-05	97021	1	FALSE	NA	NA	NA	NA	NA	NA
NC_045512.2	16802	A	T	95049	7081	36	1	0	34	1.05196e-05	95061	1	FALSE	NA	NA	NA	NA	NA	NA
NC_045512.2	16802	A	G	95049	7081	36	10	0	36	0.000105196	95061	1	FALSE	NA	NA	NA	NA	NA	NA
NC_045512.2	16802	A	C	95049	7081	36	1	0	34	1.05196e-05	95061	1	FALSE	NA	NA	NA	NA	NA	NA
NC_045512.2	16803	A	T	97005	7244	37	2	0	34	2.06156e-05	97014	1	FALSE	NA	NA	NA	NA	NA	NA
NC_045512.2	16803	A	G	97005	7244	37	6	1	35	6.18467e-05	97014	1	FALSE	NA	NA	NA	NA	NA	NA
NC_045512.2	16803	A	C	97005	7244	37	1	0	34	1.03078e-05	97014	1	FALSE	NA	NA	NA	NA	NA	NA
NC_045512.2	16804	A	T	96868	7243	37	4	1	59	4.12895e-05	96877	0.0624929	FALSE	NA	NA	NA	NA	NA	NA
NC_045512.2	16804	A	G	96868	7243	37	5	0	32	5.16118e-05	96877	1	FALSE	NA	NA	NA	NA	NA	NA
NC_045512.2	16805	A	G	85729	7612	35	10	4	40	0.000116629	85742	0.40724	FALSE	NA	NA	NA	NA	NA	NA
NC_045512.2	16805	A	C	85729	7612	35	3	0	34	3.49887e-05	85742	1	FALSE	NA	NA	NA	NA	NA	NA
NC_045512.2	16806	C	T	88835	8008	37	5	2	59	5.62803e-05	88841	0.0312482	FALSE	NA	NA	NA	NA	NA	NA
NC_045512.2	16806	C	G	88835	8008	37	1	0	34	1.12561e-05	88841	1	FALSE	NA	NA	NA	NA	NA	NA
NC_045512.2	16807	A	T	88834	7793	37	1	0	34	1.12563e-05	88839	1	FALSE	NA	NA	NA	NA	NA	NA
NC_045512.2	16807	A	G	88834	7793	37	3	0	34	3.3769e-05	88839	1	FALSE	NA	NA	NA	NA	NA	NA
NC_045512.2	16807	A	C	88834	7793	37	1	0	34	1.12563e-05	88839	1	FALSE	NA	NA	NA	NA	NA	NA
NC_045512.2	16808	G	T	88608	7904	36	3	0	34	3.38535e-05	88617	1	FALSE	NA	NA	NA	NA	NA	NA
NC_045512.2	16808	G	A	88608	7904	36	6	1	51	6.77071e-05	88617	0.0156226	FALSE	NA	NA	NA	NA	NA	NA
NC_045512.2	16809	T	C	85834	8302	36	2	0	34	2.33e-05	85837	1	FALSE	NA	NA	NA	NA	NA	NA
NC_045512.2	16809	T	A	85834	8302	36	1	0	34	1.165e-05	85837	1	FALSE	NA	NA	NA	NA	NA	NA
NC_045512.2	16810	A	T	85446	8412	36	1	0	34	1.17032e-05	85447	1	FALSE	NA	NA	NA	NA	NA	NA
NC_045512.2	16811	A	G	71872	9463	36	13	1	32	0.000180837	71888	1	FALSE	NA	NA	NA	NA	NA	NA
NC_045512.2	16811	A	C	71872	9463	36	3	0	34	4.17316e-05	71888	1	FALSE	NA	NA	NA	NA	NA	NA
NC_045512.2	16812	A	G	59926	9431	34	10	0	33	0.000166834	59940	1	FALSE	NA	NA	NA	NA	NA	NA
NC_045512.2	16812	A	C	59926	9431	34	4	0	32	6.67334e-05	59940	1	FALSE	NA	NA	NA	NA	NA	NA
NC_045512.2	16813	G	A	75082	9429	36	6	0	34	7.99062e-05	75088	1	FALSE	NA	NA	NA	NA	NA	NA
NC_045512.2	16814	T	C	75214	9564	36	6	1	31	7.9765e-05	75221	1	FALSE	NA	NA	NA	NA	NA	NA
NC_045512.2	16814	T	A	75214	9564	36	1	0	34	1.32942e-05	75221	1	FALSE	NA	NA	NA	NA	NA	NA
NC_045512.2	16815	A	G	74966	10082	36	5	0	32	6.66925e-05	74971	1	FALSE	NA	NA	NA	NA	NA	NA
NC_045512.2	16816	C	T	75415	10219	36	3	0	35	3.97783e-05	75418	1	FALSE	NA	NA	NA	NA	NA	NA
NC_045512.2	16816	C	+A	75415	10219	36	1	0	20	1.32594e-05	75418	1	FALSE	NA	NA	NA	NA	NA	NA
NC_045512.2	16817	A	G	77512	10140	36	4	0	34	5.16022e-05	77516	1	FALSE	NA	NA	NA	NA	NA	NA
NC_045512.2	16818	A	T	77888	10215	36	1	0	34	1.2838e-05	77894	1	FALSE	NA	NA	NA	NA	NA	NA
NC_045512.2	16818	A	G	77888	10215	36	4	1	32	5.13518e-05	77894	1	FALSE	NA	NA	NA	NA	NA	NA
NC_045512.2	16818	A	C	77888	10215	36	1	1	27	1.2838e-05	77894	1	FALSE	NA	NA	NA	NA	NA	NA
NC_045512.2	16819	A	G	70901	10374	35	4	0	32	5.64135e-05	70905	1	FALSE	NA	NA	NA	NA	NA	NA
NC_045512.2	16820	T	C	76815	10506	36	6	2	44	7.81026e-05	76822	0.709481	FALSE	NA	NA	NA	NA	NA	NA
NC_045512.2	16820	T	A	76815	10506	36	1	0	26	1.30171e-05	76822	1	FALSE	NA	NA	NA	NA	NA	NA
NC_045512.2	16821	A	T	66368	11231	35	2	0	30	3.013e-05	66379	1	FALSE	NA	NA	NA	NA	NA	NA
NC_045512.2	16821	A	G	66368	11231	35	9	0	34	0.000135585	66379	1	FALSE	NA	NA	NA	NA	NA	NA
NC_045512.2	16821	A	-G	66368	11231	35	1	0	20	1.5065e-05	66379	1	FALSE	NA	NA	NA	NA	NA	NA
NC_045512.2	16822	G	A	67639	10956	36	7	2	53	0.00010348	67646	0.00781129	TRUE	NA	NA	NA	NA	NA	NA
NC_045512.2	16823	G	T	66536	11019	35	2	0	34	3.00562e-05	66542	1	FALSE	NA	NA	NA	NA	NA	NA
NC_045512.2	16823	G	A	66536	11019	35	4	1	34	6.01124e-05	66542	1	FALSE	NA	NA	NA	NA	NA	NA
NC_045512.2	16824	A	G	66125	11028	35	20	2	33	0.000302357	66147	1	FALSE	NA	NA	NA	NA	NA	NA
NC_045512.2	16824	A	C	66125	11028	35	2	0	34	3.02357e-05	66147	1	FALSE	NA	NA	NA	NA	NA	NA
NC_045512.2	16825	G	A	69556	11015	35	3	2	54	4.31289e-05	69559	0.125	FALSE	NA	NA	NA	NA	NA	NA
NC_045512.2	16826	A	T	68122	10535	35	1	0	34	1.4678e-05	68129	1	FALSE	NA	NA	NA	NA	NA	NA
NC_045512.2	16826	A	G	68122	10535	35	6	2	32	8.80682e-05	68129	1	FALSE	NA	NA	NA	NA	NA	NA
NC_045512.2	16827	G	T	69955	10509	35	3	0	34	4.2881e-05	69961	1	FALSE	NA	NA	NA	NA	NA	NA
NC_045512.2	16827	G	C	69955	10509	35	2	1	30	2.85874e-05	69961	1	FALSE	NA	NA	NA	NA	NA	NA
NC_045512.2	16827	G	A	69955	10509	35	1	1	34	1.42937e-05	69961	1	FALSE	NA	NA	NA	NA	NA	NA
NC_045512.2	16827	G	-T	69955	10509	35	1	0	20	1.42937e-05	69961	1	FALSE	NA	NA	NA	NA	NA	NA
NC_045512.2	16828	T	G	70672	11726	36	11	0	31	0.000155609	70690	1	FALSE	NA	NA	NA	NA	NA	NA
NC_045512.2	16828	T	C	70672	11726	36	4	0	34	5.65851e-05	70690	1	FALSE	NA	NA	NA	NA	NA	NA
NC_045512.2	16828	T	A	70672	11726	36	3	0	31	4.24388e-05	70690	1	FALSE	NA	NA	NA	NA	NA	NA
NC_045512.2	16829	A	T	70570	11763	36	4	2	40	5.66701e-05	70584	0.886687	FALSE	NA	NA	NA	NA	NA	NA
NC_045512.2	16829	A	G	70570	11763	36	10	1	34	0.000141675	70584	1	FALSE	NA	NA	NA	NA	NA	NA
NC_045512.2	16830	C	G	69733	12680	36	1	0	26	1.434e-05	69735	1	FALSE	NA	NA	NA	NA	NA	NA
NC_045512.2	16830	C	A	69733	12680	36	1	0	26	1.434e-05	69735	1	FALSE	NA	NA	NA	NA	NA	NA
NC_045512.2	16831	A	G	71141	14248	36	2	0	34	2.81116e-05	71145	1	FALSE	NA	NA	NA	NA	NA	NA
NC_045512.2	16831	A	C	71141	14248	36	2	2	34	2.81116e-05	71145	1	FALSE	NA	NA	NA	NA	NA	NA
NC_045512.2	16832	C	T	72594	14492	36	5	0	34	6.88705e-05	72600	1	FALSE	NA	NA	NA	NA	NA	NA
NC_045512.2	16832	C	A	72594	14492	36	1	0	34	1.37741e-05	72600	1	FALSE	NA	NA	NA	NA	NA	NA
NC_045512.2	16833	C	G	71593	14513	36	2	0	34	2.79341e-05	71597	1	FALSE	NA	NA	NA	NA	NA	NA
NC_045512.2	16833	C	A	71593	14513	36	2	0	34	2.79341e-05	71597	1	FALSE	NA	NA	NA	NA	NA	NA
NC_045512.2	16833	C	-T	71593	14513	36	3	0	20	4.19012e-05	71597	1	FALSE	NA	NA	NA	NA	NA	NA
NC_045512.2	16834	T	G	69759	12342	36	1	0	26	1.43342e-05	69763	1	FALSE	NA	NA	NA	NA	NA	NA
NC_045512.2	16834	T	C	69759	12342	36	2	0	34	2.86685e-05	69763	1	FALSE	NA	NA	NA	NA	NA	NA
NC_045512.2	16834	T	A	69759	12342	36	1	0	34	1.43342e-05	69763	1	FALSE	NA	NA	NA	NA	NA	NA
NC_045512.2	16835	T	C	71008	13514	36	3	0	34	4.22464e-05	71012	1	FALSE	NA	NA	NA	NA	NA	NA
NC_045512.2	16835	T	A	71008	13514	36	1	0	26	1.40821e-05	71012	1	FALSE	NA	NA	NA	NA	NA	NA
NC_045512.2	16836	T	G	72243	15299	37	1	0	26	1.38406e-05	72251	1	FALSE	NA	NA	NA	NA	NA	NA
NC_045512.2	16836	T	C	72243	15299	37	6	3	39	8.30438e-05	72251	1	FALSE	NA	NA	NA	NA	NA	NA
NC_045512.2	16836	T	A	72243	15299	37	1	0	34	1.38406e-05	72251	1	FALSE	NA	NA	NA	NA	NA	NA
NC_045512.2	16837	G	A	72238	15312	37	3	0	27	4.15277e-05	72241	1	FALSE	NA	NA	NA	NA	NA	NA
NC_045512.2	16837	G	-A	72238	15312	37	103	0	20	0.00142578	72241	1	FALSE	NA	NA	NA	NA	NA	NA
NC_045512.2	16837	G	+A	72238	15312	37	4	0	20	5.53702e-05	72241	1	FALSE	NA	NA	NA	NA	NA	NA
NC_045512.2	16838	A	T	72253	15594	37	2	1	30	2.76778e-05	72260	1	FALSE	NA	NA	NA	NA	NA	NA
NC_045512.2	16838	A	G	72253	15594	37	5	1	32	6.91946e-05	72260	1	FALSE	NA	NA	NA	NA	NA	NA
NC_045512.2	16839	A	T	72140	15648	37	2	1	30	2.77219e-05	72145	1	FALSE	NA	NA	NA	NA	NA	NA
NC_045512.2	16839	A	G	72140	15648	37	3	1	42	4.15829e-05	72145	0.945316	FALSE	NA	NA	NA	NA	NA	NA
NC_045512.2	16840	A	T	72207	15662	37	1	1	26	1.38477e-05	72214	1	FALSE	NA	NA	NA	NA	NA	NA
NC_045512.2	16840	A	G	72207	15662	37	6	1	32	8.30864e-05	72214	1	FALSE	NA	NA	NA	NA	NA	NA
NC_045512.2	16841	A	T	71866	15374	37	2	1	30	2.7828e-05	71870	1	FALSE	NA	NA	NA	NA	NA	NA
NC_045512.2	16841	A	G	71866	15374	37	2	0	34	2.7828e-05	71870	1	FALSE	NA	NA	NA	NA	NA	NA
NC_045512.2	16842	A	G	70368	15429	36	38	4	34	0.000539719	70407	0.999312	FALSE	NA	NA	NA	NA	NA	NA
NC_045512.2	16842	A	C	70368	15429	36	1	0	24	1.42031e-05	70407	1	FALSE	NA	NA	NA	NA	NA	NA
NC_045512.2	16842	A	+G	70368	15429	36	1	0	20	1.42031e-05	70407	1	FALSE	NA	NA	NA	NA	NA	NA
NC_045512.2	16843	G	C	71141	15477	37	1	0	34	1.40554e-05	71147	1	FALSE	NA	NA	NA	NA	NA	NA
NC_045512.2	16843	G	A	71141	15477	37	5	1	40	7.0277e-05	71147	0.806163	FALSE	NA	NA	NA	NA	NA	NA
NC_045512.2	16844	G	T	71340	16482	37	5	0	34	7.00781e-05	71349	1	FALSE	NA	NA	NA	NA	NA	NA
NC_045512.2	16844	G	A	71340	16482	37	4	0	32	5.60625e-05	71349	1	FALSE	NA	NA	NA	NA	NA	NA
NC_045512.2	16845	T	C	70105	16865	37	7	2	36	9.98388e-05	70113	1	FALSE	NA	NA	NA	NA	NA	NA
NC_045512.2	16845	T	A	70105	16865	37	1	0	34	1.42627e-05	70113	1	FALSE	NA	NA	NA	NA	NA	NA
NC_045512.2	16846	G	A	73067	16926	37	4	0	34	5.47413e-05	73071	1	FALSE	NA	NA	NA	NA	NA	NA
NC_045512.2	16847	A	G	73108	17017	37	4	1	31	5.47106e-05	73112	1	FALSE	NA	NA	NA	NA	NA	NA
NC_045512.2	16848	C	T	64712	18309	36	1	0	34	1.54526e-05	64714	1	FALSE	NA	NA	NA	NA	NA	NA
NC_045512.2	16848	C	A	64712	18309	36	1	1	34	1.54526e-05	64714	1	FALSE	NA	NA	NA	NA	NA	NA
NC_045512.2	16848	C	-T	64712	18309	36	1	0	20	1.54526e-05	64714	1	FALSE	NA	NA	NA	NA	NA	NA
NC_045512.2	16849	T	G	64770	18492	36	4	0	32	6.17446e-05	64783	1	FALSE	NA	NA	NA	NA	NA	NA
NC_045512.2	16849	T	C	64770	18492	36	7	0	34	0.000108053	64783	1	FALSE	NA	NA	NA	NA	NA	NA
NC_045512.2	16849	T	A	64770	18492	36	2	0	34	3.08723e-05	64783	1	FALSE	NA	NA	NA	NA	NA	NA
NC_045512.2	16850	A	T	64962	18392	36	1	0	26	1.53924e-05	64967	1	FALSE	NA	NA	NA	NA	NA	NA
NC_045512.2	16850	A	G	64962	18392	36	4	1	34	6.15697e-05	64967	1	FALSE	NA	NA	NA	NA	NA	NA
NC_045512.2	16851	T	G	65911	18593	36	2	0	30	3.03412e-05	65917	1	FALSE	NA	NA	NA	NA	NA	NA
NC_045512.2	16851	T	C	65911	18593	36	4	0	34	6.06824e-05	65917	1	FALSE	NA	NA	NA	NA	NA	NA
NC_045512.2	16852	G	C	65681	18423	36	6	6	30	9.13423e-05	65687	1	FALSE	NA	NA	NA	NA	NA	NA
NC_045512.2	16852	G	-GT	65681	18423	36	1	0	20	1.52237e-05	65687	1	FALSE	NA	NA	NA	NA	NA	NA
NC_045512.2	16854	T	G	68235	21148	37	1	0	34	1.46542e-05	68240	1	FALSE	NA	NA	NA	NA	NA	NA
NC_045512.2	16854	T	C	68235	21148	37	2	0	30	2.93083e-05	68240	1	FALSE	NA	NA	NA	NA	NA	NA
NC_045512.2	16854	T	A	68235	21148	37	2	0	34	2.93083e-05	68240	1	FALSE	NA	NA	NA	NA	NA	NA
NC_045512.2	16855	G	C	66324	20985	36	1	1	34	1.50766e-05	66328	1	FALSE	NA	NA	NA	NA	NA	NA
NC_045512.2	16855	G	A	66324	20985	36	3	1	34	4.52298e-05	66328	1	FALSE	NA	NA	NA	NA	NA	NA
NC_045512.2	16856	A	T	70313	25151	37	2	0	34	2.84406e-05	70322	1	FALSE	NA	NA	NA	NA	NA	NA
NC_045512.2	16856	A	G	70313	25151	37	7	3	32	9.95421e-05	70322	1	FALSE	NA	NA	NA	NA	NA	NA
NC_045512.2	16857	T	G	69967	25144	37	2	0	30	2.85825e-05	69973	1	FALSE	NA	NA	NA	NA	NA	NA
NC_045512.2	16857	T	C	69967	25144	37	4	3	34	5.71649e-05	69973	1	FALSE	NA	NA	NA	NA	NA	NA
NC_045512.2	16858	G	C	70004	25155	37	1	1	26	1.42841e-05	70008	1	FALSE	NA	NA	NA	NA	NA	NA
NC_045512.2	16858	G	A	70004	25155	37	3	0	34	4.28522e-05	70008	1	FALSE	NA	NA	NA	NA	NA	NA
NC_045512.2	16859	C	T	68024	25841	37	11	2	34	0.000161679	68036	1	FALSE	NA	NA	NA	NA	NA	NA
NC_045512.2	16859	C	G	68024	25841	37	1	0	34	1.46981e-05	68036	1	FALSE	NA	NA	NA	NA	NA	NA
NC_045512.2	16860	T	G	68069	25815	37	3	0	34	4.40593e-05	68090	1	FALSE	NA	NA	NA	NA	NA	NA
NC_045512.2	16860	T	C	68069	25815	37	16	7	40	0.000234983	68090	0.0262216	FALSE	NA	NA	NA	NA	NA	NA
NC_045512.2	16860	T	A	68069	25815	37	2	1	34	2.93729e-05	68090	1	FALSE	NA	NA	NA	NA	NA	NA
NC_045512.2	16861	G	T	69748	25983	37	3	1	34	4.30046e-05	69760	1	FALSE	NA	NA	NA	NA	NA	NA
NC_045512.2	16861	G	C	69748	25983	37	1	1	27	1.43349e-05	69760	1	FALSE	NA	NA	NA	NA	NA	NA
NC_045512.2	16861	G	A	69748	25983	37	8	5	42	0.000114679	69760	0.395227	FALSE	NA	NA	NA	NA	NA	NA
NC_045512.2	16862	T	C	69666	25997	37	7	5	38	0.000100469	69673	1	FALSE	NA	NA	NA	NA	NA	NA
NC_045512.2	16863	T	C	69913	25919	37	19	5	37	0.000271681	69935	1	FALSE	NA	NA	NA	NA	NA	NA
NC_045512.2	16863	T	A	69913	25919	37	3	1	28	4.2897e-05	69935	1	FALSE	NA	NA	NA	NA	NA	NA
NC_045512.2	16864	G	T	70403	25851	37	1	0	34	1.42027e-05	70409	1	FALSE	NA	NA	NA	NA	NA	NA
NC_045512.2	16864	G	C	70403	25851	37	1	1	26	1.42027e-05	70409	1	FALSE	NA	NA	NA	NA	NA	NA
NC_045512.2	16864	G	A	70403	25851	37	4	1	34	5.68109e-05	70409	1	FALSE	NA	NA	NA	NA	NA	NA
NC_045512.2	16864	G	-T	70403	25851	37	1	0	20	1.42027e-05	70409	1	FALSE	NA	NA	NA	NA	NA	NA
NC_045512.2	16865	T	C	66604	22138	36	8	2	34	0.000120098	66612	1	FALSE	NA	NA	NA	NA	NA	NA
NC_045512.2	16866	T	G	70872	26504	37	4	0	32	5.64294e-05	70885	1	FALSE	NA	NA	NA	NA	NA	NA
NC_045512.2	16866	T	C	70872	26504	37	7	3	34	9.87515e-05	70885	1	FALSE	NA	NA	NA	NA	NA	NA
NC_045512.2	16866	T	A	70872	26504	37	2	1	34	2.82147e-05	70885	1	FALSE	NA	NA	NA	NA	NA	NA
NC_045512.2	16867	T	C	70638	26568	37	6	3	39	8.49317e-05	70645	1	FALSE	NA	NA	NA	NA	NA	NA
NC_045512.2	16867	T	A	70638	26568	37	1	0	34	1.41553e-05	70645	1	FALSE	NA	NA	NA	NA	NA	NA
NC_045512.2	16868	A	G	70373	26458	37	6	1	39	8.52527e-05	70379	1	FALSE	NA	NA	NA	NA	NA	NA
NC_045512.2	16869	C	T	71377	27573	37	16	6	34	0.000224108	71394	1	FALSE	NA	NA	NA	NA	NA	NA
NC_045512.2	16869	C	G	71377	27573	37	1	0	34	1.40068e-05	71394	1	FALSE	NA	NA	NA	NA	NA	NA
NC_045512.2	16870	C	T	69605	26889	37	34	10	39	0.000488218	69641	0.99983	FALSE	NA	NA	NA	NA	NA	NA
NC_045512.2	16870	C	G	69605	26889	37	2	0	34	2.87187e-05	69641	1	FALSE	NA	NA	NA	NA	NA	NA
NC_045512.2	16871	G	A	70061	26871	37	3	0	45	4.2818e-05	70064	0.945321	FALSE	NA	NA	NA	NA	NA	NA
NC_045512.2	16871	G	-A	70061	26871	37	2	0	20	2.85453e-05	70064	1	FALSE	NA	NA	NA	NA	NA	NA
NC_045512.2	16872	A	T	72020	27747	37	2	0	34	2.77674e-05	72027	1	FALSE	NA	NA	NA	NA	NA	NA
NC_045512.2	16872	A	G	72020	27747	37	4	2	34	5.55347e-05	72027	1	FALSE	NA	NA	NA	NA	NA	NA
NC_045512.2	16872	A	C	72020	27747	37	1	0	34	1.38837e-05	72027	1	FALSE	NA	NA	NA	NA	NA	NA
NC_045512.2	16873	G	C	71506	27564	37	1	1	26	1.39837e-05	71512	1	FALSE	NA	NA	NA	NA	NA	NA
NC_045512.2	16873	G	A	71506	27564	37	5	2	34	6.99183e-05	71512	1	FALSE	NA	NA	NA	NA	NA	NA
NC_045512.2	16874	G	T	72885	27728	37	2	0	30	2.74352e-05	72899	1	FALSE	NA	NA	NA	NA	NA	NA
NC_045512.2	16874	G	C	72885	27728	37	2	0	34	2.74352e-05	72899	1	FALSE	NA	NA	NA	NA	NA	NA
NC_045512.2	16874	G	A	72885	27728	37	10	2	34	0.000137176	72899	1	FALSE	NA	NA	NA	NA	NA	NA
NC_045512.2	16875	T	C	73023	27847	37	10	2	40	0.000136923	73034	0.314519	FALSE	NA	NA	NA	NA	NA	NA
NC_045512.2	16875	T	A	73023	27847	37	1	1	34	1.36923e-05	73034	1	FALSE	NA	NA	NA	NA	NA	NA
NC_045512.2	16876	A	T	73232	28338	37	1	0	34	1.36526e-05	73246	1	FALSE	NA	NA	NA	NA	NA	NA
NC_045512.2	16876	A	G	73232	28338	37	9	5	37	0.000122874	73246	1	FALSE	NA	NA	NA	NA	NA	NA
NC_045512.2	16876	A	C	73232	28338	37	4	4	30	5.46105e-05	73246	1	FALSE	NA	NA	NA	NA	NA	NA
NC_045512.2	16877	C	T	72809	28698	37	5	1	34	6.86681e-05	72814	1	FALSE	NA	NA	NA	NA	NA	NA
NC_045512.2	16878	A	T	72670	28583	37	2	1	51	2.75137e-05	72691	0.249936	FALSE	NA	NA	NA	NA	NA	NA
NC_045512.2	16878	A	G	72670	28583	37	16	9	35	0.00022011	72691	1	FALSE	NA	NA	NA	NA	NA	NA
NC_045512.2	16878	A	C	72670	28583	37	3	2	28	4.12706e-05	72691	1	FALSE	NA	NA	NA	NA	NA	NA
NC_045512.2	16879	A	G	72895	29069	37	9	6	36	0.000123448	72905	1	FALSE	NA	NA	NA	NA	NA	NA
NC_045512.2	16879	A	C	72895	29069	37	1	0	26	1.37165e-05	72905	1	FALSE	NA	NA	NA	NA	NA	NA
NC_045512.2	16880	C	T	70409	29432	37	4	1	42	5.68061e-05	70415	0.886723	FALSE	NA	NA	NA	NA	NA	NA
NC_045512.2	16880	C	G	70409	29432	37	1	1	26	1.42015e-05	70415	1	FALSE	NA	NA	NA	NA	NA	NA
NC_045512.2	16880	C	A	70409	29432	37	1	0	34	1.42015e-05	70415	1	FALSE	NA	NA	NA	NA	NA	NA
NC_045512.2	16881	A	G	72487	32291	37	5	3	32	6.89722e-05	72493	1	FALSE	NA	NA	NA	NA	NA	NA
NC_045512.2	16881	A	C	72487	32291	37	1	0	34	1.37944e-05	72493	1	FALSE	NA	NA	NA	NA	NA	NA
NC_045512.2	16882	A	T	73820	32510	37	1	1	34	1.35463e-05	73821	1	FALSE	NA	NA	NA	NA	NA	NA
NC_045512.2	16883	C	T	73648	32197	37	2	0	34	2.7154e-05	73654	1	FALSE	NA	NA	NA	NA	NA	NA
NC_045512.2	16883	C	G	73648	32197	37	3	0	34	4.0731e-05	73654	1	FALSE	NA	NA	NA	NA	NA	NA
NC_045512.2	16883	C	A	73648	32197	37	1	0	34	1.3577e-05	73654	1	FALSE	NA	NA	NA	NA	NA	NA
NC_045512.2	16883	C	-T	73648	32197	37	2	0	20	2.7154e-05	73654	1	FALSE	NA	NA	NA	NA	NA	NA
NC_045512.2	16884	T	C	73607	32117	37	4	4	35	5.43397e-05	73611	1	FALSE	NA	NA	NA	NA	NA	NA
NC_045512.2	16885	T	G	73597	32181	37	1	0	26	1.3586e-05	73605	1	FALSE	NA	NA	NA	NA	NA	NA
NC_045512.2	16885	T	C	73597	32181	37	6	2	34	8.15162e-05	73605	1	FALSE	NA	NA	NA	NA	NA	NA
NC_045512.2	16885	T	A	73597	32181	37	1	0	26	1.3586e-05	73605	1	FALSE	NA	NA	NA	NA	NA	NA
NC_045512.2	16886	A	G	73218	32047	37	4	2	31	5.46284e-05	73222	1	FALSE	NA	NA	NA	NA	NA	NA
NC_045512.2	16887	C	A	71820	32675	37	2	1	34	2.78466e-05	71822	1	FALSE	NA	NA	NA	NA	NA	NA
NC_045512.2	16888	A	G	72029	32766	37	8	2	51	0.000111054	72037	0.00390571	TRUE	NA	NA	NA	NA	NA	NA
NC_045512.2	16889	A	T	74711	34685	37	1	0	68	1.33835e-05	74719	0.49998	FALSE	NA	NA	NA	NA	NA	NA
NC_045512.2	16889	A	G	74711	34685	37	6	3	34	8.03009e-05	74719	1	FALSE	NA	NA	NA	NA	NA	NA
NC_045512.2	16889	A	C	74711	34685	37	1	0	26	1.33835e-05	74719	1	FALSE	NA	NA	NA	NA	NA	NA
NC_045512.2	16890	A	T	71797	35184	36	1	1	34	1.39272e-05	71802	1	FALSE	NA	NA	NA	NA	NA	NA
NC_045512.2	16890	A	G	71797	35184	36	3	1	31	4.17816e-05	71802	1	FALSE	NA	NA	NA	NA	NA	NA
NC_045512.2	16890	A	C	71797	35184	36	1	1	34	1.39272e-05	71802	1	FALSE	NA	NA	NA	NA	NA	NA
NC_045512.2	16891	T	G	74342	34406	37	1	0	34	1.34501e-05	74349	1	FALSE	NA	NA	NA	NA	NA	NA
NC_045512.2	16891	T	C	74342	34406	37	5	2	40	6.72504e-05	74349	0.806156	FALSE	NA	NA	NA	NA	NA	NA
NC_045512.2	16891	T	A	74342	34406	37	1	0	26	1.34501e-05	74349	1	FALSE	NA	NA	NA	NA	NA	NA
NC_045512.2	16892	T	C	74759	35139	37	3	1	34	4.01268e-05	74763	1	FALSE	NA	NA	NA	NA	NA	NA
NC_045512.2	16892	T	A	74759	35139	37	1	0	34	1.33756e-05	74763	1	FALSE	NA	NA	NA	NA	NA	NA
NC_045512.2	16893	A	T	74802	35149	37	3	2	34	4.01016e-05	74810	1	FALSE	NA	NA	NA	NA	NA	NA
NC_045512.2	16893	A	G	74802	35149	37	5	3	34	6.6836e-05	74810	1	FALSE	NA	NA	NA	NA	NA	NA
NC_045512.2	16894	A	T	71641	35577	37	1	0	34	1.39569e-05	71649	1	FALSE	NA	NA	NA	NA	NA	NA
NC_045512.2	16894	A	G	71641	35577	37	7	4	38	9.76985e-05	71649	1	FALSE	NA	NA	NA	NA	NA	NA
NC_045512.2	16895	A	T	75453	39701	37	1	0	34	1.32519e-05	75461	1	FALSE	NA	NA	NA	NA	NA	NA
NC_045512.2	16895	A	G	75453	39701	37	7	3	32	9.27631e-05	75461	1	FALSE	NA	NA	NA	NA	NA	NA
NC_045512.2	16896	T	G	75364	39867	37	1	0	34	1.32682e-05	75368	1	FALSE	NA	NA	NA	NA	NA	NA
NC_045512.2	16896	T	C	75364	39867	37	2	2	34	2.65365e-05	75368	1	FALSE	NA	NA	NA	NA	NA	NA
NC_045512.2	16896	T	A	75364	39867	37	1	0	26	1.32682e-05	75368	1	FALSE	NA	NA	NA	NA	NA	NA
NC_045512.2	16897	G	A	75621	40167	37	2	2	34	2.6447e-05	75623	1	FALSE	NA	NA	NA	NA	NA	NA
NC_045512.2	16898	T	G	72741	37490	36	2	1	30	2.74907e-05	72752	1	FALSE	NA	NA	NA	NA	NA	NA
NC_045512.2	16898	T	C	72741	37490	36	9	4	35	0.000123708	72752	1	FALSE	NA	NA	NA	NA	NA	NA
NC_045512.2	16899	T	G	74947	41379	37	1	0	34	1.33417e-05	74953	1	FALSE	NA	NA	NA	NA	NA	NA
NC_045512.2	16899	T	C	74947	41379	37	4	1	32	5.33668e-05	74953	1	FALSE	NA	NA	NA	NA	NA	NA
NC_045512.2	16899	T	A	74947	41379	37	1	1	68	1.33417e-05	74953	0.499987	FALSE	NA	NA	NA	NA	NA	NA
NC_045512.2	16899	T	-G	74947	41379	37	1	0	20	1.33417e-05	74953	1	FALSE	NA	NA	NA	NA	NA	NA
NC_045512.2	16900	G	T	75053	41345	37	1	0	34	1.33236e-05	75055	1	FALSE	NA	NA	NA	NA	NA	NA
NC_045512.2	16900	G	A	75053	41345	37	1	1	34	1.33236e-05	75055	1	FALSE	NA	NA	NA	NA	NA	NA
NC_045512.2	16901	G	T	75617	42036	37	2	1	30	2.6447e-05	75623	1	FALSE	NA	NA	NA	NA	NA	NA
NC_045512.2	16901	G	A	75617	42036	37	4	4	34	5.2894e-05	75623	1	FALSE	NA	NA	NA	NA	NA	NA
NC_045512.2	16902	T	C	76776	43234	38	13	10	32	0.000169293	76790	1	FALSE	NA	NA	NA	NA	NA	NA
NC_045512.2	16902	T	A	76776	43234	38	1	1	34	1.30225e-05	76790	1	FALSE	NA	NA	NA	NA	NA	NA
NC_045512.2	16903	G	C	76868	43249	38	1	1	34	1.30083e-05	76874	1	FALSE	NA	NA	NA	NA	NA	NA
NC_045512.2	16903	G	A	76868	43249	38	5	1	34	6.50415e-05	76874	1	FALSE	NA	NA	NA	NA	NA	NA
NC_045512.2	16904	A	T	75700	43409	37	3	2	31	3.96259e-05	75708	1	FALSE	NA	NA	NA	NA	NA	NA
NC_045512.2	16904	A	G	75700	43409	37	5	2	34	6.60432e-05	75708	1	FALSE	NA	NA	NA	NA	NA	NA
NC_045512.2	16904	A	-T	75700	43409	37	1	0	20	1.32086e-05	75708	1	FALSE	NA	NA	NA	NA	NA	NA
NC_045512.2	16905	T	C	76532	43466	37	4	1	31	5.2263e-05	76536	1	FALSE	NA	NA	NA	NA	NA	NA
NC_045512.2	16906	T	C	76703	43452	38	8	1	41	0.000104288	76711	0.50001	FALSE	NA	NA	NA	NA	NA	NA
NC_045512.2	16907	A	T	77976	44728	37	2	2	30	2.5646e-05	77985	1	FALSE	NA	NA	NA	NA	NA	NA
NC_045512.2	16907	A	G	77976	44728	37	7	4	34	8.97609e-05	77985	1	FALSE	NA	NA	NA	NA	NA	NA
NC_045512.2	16907	A	-T	77976	44728	37	5	0	20	6.41149e-05	77985	1	FALSE	NA	NA	NA	NA	NA	NA
NC_045512.2	16908	T	C	78945	44840	38	6	4	34	7.59965e-05	78951	1	FALSE	NA	NA	NA	NA	NA	NA
NC_045512.2	16909	T	G	65880	32656	35	1	1	26	1.51754e-05	65896	1	FALSE	NA	NA	NA	NA	NA	NA
NC_045512.2	16909	T	C	65880	32656	35	14	6	40	0.000212456	65896	0.0576415	FALSE	NA	NA	NA	NA	NA	NA
NC_045512.2	16909	T	A	65880	32656	35	1	0	52	1.51754e-05	65896	0.499947	FALSE	NA	NA	NA	NA	NA	NA
NC_045512.2	16910	T	C	79305	46301	37	10	8	32	0.000126076	79317	1	FALSE	NA	NA	NA	NA	NA	NA
NC_045512.2	16910	T	A	79305	46301	37	2	2	34	2.52153e-05	79317	1	FALSE	NA	NA	NA	NA	NA	NA
NC_045512.2	16911	T	G	78981	46160	37	4	0	32	5.06348e-05	78997	1	FALSE	NA	NA	NA	NA	NA	NA
NC_045512.2	16911	T	C	78981	46160	37	10	4	37	0.000126587	78997	1	FALSE	NA	NA	NA	NA	NA	NA
NC_045512.2	16911	T	A	78981	46160	37	2	1	34	2.53174e-05	78997	1	FALSE	NA	NA	NA	NA	NA	NA
NC_045512.2	16911	T	+CTGCTGACATCACATACA	78981	46160	37	1	0	20	1.26587e-05	78997	1	FALSE	NA	NA	NA	NA	NA	NA
NC_045512.2	16912	G	T	74361	43152	37	1	0	24	1.24499e-05	80322	1	FALSE	NA	NA	NA	NA	NA	NA
NC_045512.2	16912	G	C	74361	43152	37	5960	3207	37	0.0742013	80322	0	TRUE	NA	NA	NA	NA	NA	NA
NC_045512.2	16913	T	C	80635	47588	37	3	2	45	3.72033e-05	80638	0.967291	FALSE	NA	NA	NA	NA	NA	NA
NC_045512.2	16913	T	-G	80635	47588	37	1	0	20	1.24011e-05	80638	1	FALSE	NA	NA	NA	NA	NA	NA
NC_045512.2	16914	G	T	79199	47930	37	6	0	34	7.57451e-05	79213	1	FALSE	NA	NA	NA	NA	NA	NA
NC_045512.2	16914	G	A	79199	47930	37	8	4	34	0.000100994	79213	1	FALSE	NA	NA	NA	NA	NA	NA
NC_045512.2	16915	C	T	77290	48681	37	34	26	35	0.000439691	77327	0.999988	FALSE	NA	NA	NA	NA	NA	NA
NC_045512.2	16915	C	G	77290	48681	37	2	1	34	2.58642e-05	77327	1	FALSE	NA	NA	NA	NA	NA	NA
NC_045512.2	16915	C	A	77290	48681	37	1	1	26	1.29321e-05	77327	1	FALSE	NA	NA	NA	NA	NA	NA
NC_045512.2	16916	T	G	76508	47717	37	1	0	34	1.30671e-05	76528	1	FALSE	NA	NA	NA	NA	NA	NA
NC_045512.2	16916	T	C	76508	47717	37	19	10	35	0.000248275	76528	1	FALSE	NA	NA	NA	NA	NA	NA
NC_045512.2	16917	G	T	76820	47738	37	1	0	68	1.30163e-05	76827	0.499984	FALSE	NA	NA	NA	NA	NA	NA
NC_045512.2	16917	G	A	76820	47738	37	6	5	34	7.80975e-05	76827	1	FALSE	NA	NA	NA	NA	NA	NA
NC_045512.2	16918	A	T	77572	48416	37	1	1	34	1.28894e-05	77583	1	FALSE	NA	NA	NA	NA	NA	NA
NC_045512.2	16918	A	G	77572	48416	37	5	4	37	6.44471e-05	77583	1	FALSE	NA	NA	NA	NA	NA	NA
NC_045512.2	16918	A	C	77572	48416	37	5	4	30	6.44471e-05	77583	1	FALSE	NA	NA	NA	NA	NA	NA
NC_045512.2	16919	C	T	78291	48562	37	4	4	34	5.10869e-05	78298	1	FALSE	NA	NA	NA	NA	NA	NA
NC_045512.2	16919	C	G	78291	48562	37	2	1	34	2.55434e-05	78298	1	FALSE	NA	NA	NA	NA	NA	NA
NC_045512.2	16919	C	A	78291	48562	37	1	0	34	1.27717e-05	78298	1	FALSE	NA	NA	NA	NA	NA	NA
NC_045512.2	16920	A	T	78143	48735	37	8	3	45	0.000102355	78159	0.49993	FALSE	NA	NA	NA	NA	NA	NA
NC_045512.2	16920	A	G	78143	48735	37	6	4	37	7.67666e-05	78159	1	FALSE	NA	NA	NA	NA	NA	NA
NC_045512.2	16920	A	C	78143	48735	37	2	2	30	2.55889e-05	78159	1	FALSE	NA	NA	NA	NA	NA	NA
NC_045512.2	16921	T	G	78332	48577	37	2	2	34	2.55297e-05	78340	1	FALSE	NA	NA	NA	NA	NA	NA
NC_045512.2	16921	T	C	78332	48577	37	4	4	34	5.10595e-05	78340	1	FALSE	NA	NA	NA	NA	NA	NA
NC_045512.2	16921	T	A	78332	48577	37	2	0	30	2.55297e-05	78340	1	FALSE	NA	NA	NA	NA	NA	NA
NC_045512.2	16922	C	T	78657	48966	37	1	1	34	1.27125e-05	78663	1	FALSE	NA	NA	NA	NA	NA	NA
NC_045512.2	16922	C	G	78657	48966	37	2	0	34	2.54249e-05	78663	1	FALSE	NA	NA	NA	NA	NA	NA
NC_045512.2	16922	C	A	78657	48966	37	3	1	34	3.81374e-05	78663	1	FALSE	NA	NA	NA	NA	NA	NA
NC_045512.2	16923	A	G	80508	48867	37	5	5	34	6.2101e-05	80514	1	FALSE	NA	NA	NA	NA	NA	NA
NC_045512.2	16923	A	C	80508	48867	37	1	1	34	1.24202e-05	80514	1	FALSE	NA	NA	NA	NA	NA	NA
NC_045512.2	16924	C	T	80593	49033	37	1	1	34	1.24079e-05	80594	1	FALSE	NA	NA	NA	NA	NA	NA
NC_045512.2	16925	A	T	80578	48994	37	1	1	26	1.24077e-05	80595	1	FALSE	NA	NA	NA	NA	NA	NA
NC_045512.2	16925	A	G	80578	48994	37	15	4	39	0.000186116	80595	1	FALSE	NA	NA	NA	NA	NA	NA
NC_045512.2	16925	A	C	80578	48994	37	1	0	26	1.24077e-05	80595	1	FALSE	NA	NA	NA	NA	NA	NA
NC_045512.2	16925	A	-T	80578	48994	37	4	0	20	4.96309e-05	80595	1	FALSE	NA	NA	NA	NA	NA	NA
NC_045512.2	16926	T	C	78163	49581	36	5	2	40	6.3964e-05	78169	0.806137	FALSE	NA	NA	NA	NA	NA	NA
NC_045512.2	16926	T	A	78163	49581	36	1	1	34	1.27928e-05	78169	1	FALSE	NA	NA	NA	NA	NA	NA
NC_045512.2	16926	T	-A	78163	49581	36	1	0	20	1.27921e-05	78173	1	FALSE	NA	NA	NA	NA	NA	NA
NC_045512.2	16927	A	T	77546	48945	36	1	1	26	1.28942e-05	77554	1	FALSE	NA	NA	NA	NA	NA	NA
NC_045512.2	16927	A	G	77546	48945	36	5	3	40	6.44712e-05	77554	0.806143	FALSE	NA	NA	NA	NA	NA	NA
NC_045512.2	16927	A	C	77546	48945	36	2	1	34	2.57885e-05	77554	1	FALSE	NA	NA	NA	NA	NA	NA
NC_045512.2	16927	A	+GC	77546	48945	36	4	0	20	5.15763e-05	77555	1	FALSE	NA	NA	NA	NA	NA	NA
NC_045512.2	16928	C	T	79523	49264	36	12	12	34	0.000150877	79535	1	FALSE	NA	NA	NA	NA	NA	NA
NC_045512.2	16929	A	G	78430	48088	36	7	5	38	8.92413e-05	78439	1	FALSE	NA	NA	NA	NA	NA	NA
NC_045512.2	16929	A	C	78430	48088	36	2	2	34	2.54975e-05	78439	1	FALSE	NA	NA	NA	NA	NA	NA
NC_045512.2	16930	G	C	78735	48007	36	1	1	34	1.26989e-05	78747	1	FALSE	NA	NA	NA	NA	NA	NA
NC_045512.2	16930	G	A	78735	48007	36	11	8	34	0.000139688	78747	1	FALSE	NA	NA	NA	NA	NA	NA
NC_045512.2	16931	T	C	78290	47830	36	7	6	32	8.93997e-05	78300	1	FALSE	NA	NA	NA	NA	NA	NA
NC_045512.2	16931	T	A	78290	47830	36	3	1	28	3.83142e-05	78300	1	FALSE	NA	NA	NA	NA	NA	NA
NC_045512.2	16932	A	T	76306	45744	36	1	0	34	1.31043e-05	76311	1	FALSE	NA	NA	NA	NA	NA	NA
NC_045512.2	16932	A	G	76306	45744	36	4	4	42	5.24171e-05	76311	0.886727	FALSE	NA	NA	NA	NA	NA	NA
NC_045512.2	16933	A	G	75351	46118	36	7	3	34	9.28899e-05	75358	1	FALSE	NA	NA	NA	NA	NA	NA
NC_045512.2	16934	T	C	75049	45946	36	5	3	40	6.66187e-05	75054	0.806168	FALSE	NA	NA	NA	NA	NA	NA
NC_045512.2	16935	G	C	75631	45868	36	2	0	30	2.64421e-05	75637	1	FALSE	NA	NA	NA	NA	NA	NA
NC_045512.2	16935	G	A	75631	45868	36	4	4	34	5.28842e-05	75637	1	FALSE	NA	NA	NA	NA	NA	NA
NC_045512.2	16936	C	T	75575	46086	36	19	13	34	0.000251333	75597	1	FALSE	NA	NA	NA	NA	NA	NA
NC_045512.2	16936	C	G	75575	46086	36	2	1	30	2.64561e-05	75597	1	FALSE	NA	NA	NA	NA	NA	NA
NC_045512.2	16936	C	A	75575	46086	36	1	1	34	1.3228e-05	75597	1	FALSE	NA	NA	NA	NA	NA	NA
NC_045512.2	16937	C	T	73110	43359	36	6	6	34	8.2058e-05	73119	1	FALSE	NA	NA	NA	NA	NA	NA
NC_045512.2	16937	C	G	73110	43359	36	3	1	31	4.1029e-05	73119	1	FALSE	NA	NA	NA	NA	NA	NA
NC_045512.2	16938	A	T	73538	43833	36	2	1	34	2.71939e-05	73546	1	FALSE	NA	NA	NA	NA	NA	NA
NC_045512.2	16938	A	G	73538	43833	36	5	4	32	6.79847e-05	73546	1	FALSE	NA	NA	NA	NA	NA	NA
NC_045512.2	16938	A	C	73538	43833	36	1	1	26	1.35969e-05	73546	1	FALSE	NA	NA	NA	NA	NA	NA
NC_045512.2	16939	T	C	73361	43599	36	4	1	51	5.45212e-05	73366	0.0624974	FALSE	NA	NA	NA	NA	NA	NA
NC_045512.2	16939	T	A	73361	43599	36	1	0	34	1.36303e-05	73366	1	FALSE	NA	NA	NA	NA	NA	NA
NC_045512.2	16940	T	C	74054	44296	36	3	1	45	4.05093e-05	74057	0.945321	FALSE	NA	NA	NA	NA	NA	NA
NC_045512.2	16941	A	T	73990	44308	36	1	0	34	1.35137e-05	73999	1	FALSE	NA	NA	NA	NA	NA	NA
NC_045512.2	16941	A	G	73990	44308	36	5	3	34	6.75685e-05	73999	1	FALSE	NA	NA	NA	NA	NA	NA
NC_045512.2	16941	A	C	73990	44308	36	3	3	34	4.05411e-05	73999	1	FALSE	NA	NA	NA	NA	NA	NA
NC_045512.2	16942	A	G	73772	44270	36	5	2	39	6.777e-05	73779	1	FALSE	NA	NA	NA	NA	NA	NA
NC_045512.2	16942	A	C	73772	44270	36	2	0	34	2.7108e-05	73779	1	FALSE	NA	NA	NA	NA	NA	NA
NC_045512.2	16943	G	A	74220	44286	36	1	1	26	1.34733e-05	74221	1	FALSE	NA	NA	NA	NA	NA	NA
NC_045512.2	16944	T	G	72583	43162	36	1	0	34	1.37758e-05	72591	1	FALSE	NA	NA	NA	NA	NA	NA
NC_045512.2	16944	T	C	72583	43162	36	7	3	38	9.64307e-05	72591	1	FALSE	NA	NA	NA	NA	NA	NA
NC_045512.2	16945	G	T	72126	42983	36	2	1	34	2.77239e-05	72140	1	FALSE	NA	NA	NA	NA	NA	NA
NC_045512.2	16945	G	C	72126	42983	36	2	1	30	2.77239e-05	72140	1	FALSE	NA	NA	NA	NA	NA	NA
NC_045512.2	16945	G	A	72126	42983	36	10	8	34	0.000138619	72140	1	FALSE	NA	NA	NA	NA	NA	NA
NC_045512.2	16946	C	T	71928	43586	36	19	15	34	0.00026408	71948	1	FALSE	NA	NA	NA	NA	NA	NA
NC_045512.2	16946	C	G	71928	43586	36	1	0	34	1.38989e-05	71948	1	FALSE	NA	NA	NA	NA	NA	NA
NC_045512.2	16947	A	T	73131	43467	36	2	1	30	2.73444e-05	73141	1	FALSE	NA	NA	NA	NA	NA	NA
NC_045512.2	16947	A	G	73131	43467	36	8	6	37	0.000109378	73141	1	FALSE	NA	NA	NA	NA	NA	NA
NC_045512.2	16948	C	T	73027	43755	35	1	1	34	1.36928e-05	73031	1	FALSE	NA	NA	NA	NA	NA	NA
NC_045512.2	16948	C	G	73027	43755	35	3	1	31	4.10784e-05	73031	1	FALSE	NA	NA	NA	NA	NA	NA
NC_045512.2	16949	C	T	72719	43663	35	3	2	34	4.1253e-05	72722	1	FALSE	NA	NA	NA	NA	NA	NA
NC_045512.2	16950	T	G	73356	44426	35	1	0	34	1.36286e-05	73375	1	FALSE	NA	NA	NA	NA	NA	NA
NC_045512.2	16950	T	C	73356	44426	35	16	12	35	0.000218058	73375	1	FALSE	NA	NA	NA	NA	NA	NA
NC_045512.2	16950	T	A	73356	44426	35	2	0	34	2.72572e-05	73375	1	FALSE	NA	NA	NA	NA	NA	NA
NC_045512.2	16950	T	-A	73356	44426	35	3	0	20	4.08859e-05	73375	1	FALSE	NA	NA	NA	NA	NA	NA
NC_045512.2	16951	A	T	74302	45002	36	1	1	34	1.34575e-05	74308	1	FALSE	NA	NA	NA	NA	NA	NA
NC_045512.2	16951	A	G	74302	45002	36	3	1	45	4.03725e-05	74308	0.945307	FALSE	NA	NA	NA	NA	NA	NA
NC_045512.2	16951	A	C	74302	45002	36	2	2	34	2.6915e-05	74308	1	FALSE	NA	NA	NA	NA	NA	NA
NC_045512.2	16952	C	T	73921	45039	35	6	4	34	8.11589e-05	73929	1	FALSE	NA	NA	NA	NA	NA	NA
NC_045512.2	16952	C	G	73921	45039	35	2	0	34	2.7053e-05	73929	1	FALSE	NA	NA	NA	NA	NA	NA
NC_045512.2	16953	A	T	73644	44706	35	1	1	26	1.35772e-05	73653	1	FALSE	NA	NA	NA	NA	NA	NA
NC_045512.2	16953	A	G	73644	44706	35	7	2	32	9.50403e-05	73653	1	FALSE	NA	NA	NA	NA	NA	NA
NC_045512.2	16953	A	C	73644	44706	35	1	1	26	1.35772e-05	73653	1	FALSE	NA	NA	NA	NA	NA	NA
NC_045512.2	16954	C	G	73548	44966	35	1	1	34	1.35964e-05	73549	1	FALSE	NA	NA	NA	NA	NA	NA
NC_045512.2	16955	T	G	69764	41397	35	1	0	34	1.4332e-05	69774	1	FALSE	NA	NA	NA	NA	NA	NA
NC_045512.2	16955	T	C	69764	41397	35	8	4	33	0.000114656	69774	1	FALSE	NA	NA	NA	NA	NA	NA
NC_045512.2	16955	T	A	69764	41397	35	1	0	34	1.4332e-05	69774	1	FALSE	NA	NA	NA	NA	NA	NA
NC_045512.2	16956	A	T	65830	37126	36	1	1	34	1.51897e-05	65834	1	FALSE	NA	NA	NA	NA	NA	NA
NC_045512.2	16956	A	G	65830	37126	36	3	1	34	4.55692e-05	65834	1	FALSE	NA	NA	NA	NA	NA	NA
NC_045512.2	16957	G	T	64758	36681	35	2	0	34	3.08818e-05	64763	1	FALSE	NA	NA	NA	NA	NA	NA
NC_045512.2	16957	G	C	64758	36681	35	2	2	30	3.08818e-05	64763	1	FALSE	NA	NA	NA	NA	NA	NA
NC_045512.2	16957	G	A	64758	36681	35	1	1	34	1.54409e-05	64763	1	FALSE	NA	NA	NA	NA	NA	NA
NC_045512.2	16958	T	G	64926	36760	36	4	1	32	6.1602e-05	64933	1	FALSE	NA	NA	NA	NA	NA	NA
NC_045512.2	16958	T	C	64926	36760	36	3	2	34	4.62015e-05	64933	1	FALSE	NA	NA	NA	NA	NA	NA
NC_045512.2	16959	G	T	64673	36432	35	3	3	34	4.63757e-05	64689	1	FALSE	NA	NA	NA	NA	NA	NA
NC_045512.2	16959	G	C	64673	36432	35	2	2	30	3.09172e-05	64689	1	FALSE	NA	NA	NA	NA	NA	NA
NC_045512.2	16959	G	A	64673	36432	35	11	6	37	0.000170044	64689	1	FALSE	NA	NA	NA	NA	NA	NA
NC_045512.2	16960	C	T	64433	36441	36	13	10	34	0.000201719	64446	1	FALSE	NA	NA	NA	NA	NA	NA
NC_045512.2	16961	C	T	62879	36065	35	1	1	34	1.59023e-05	62884	1	FALSE	NA	NA	NA	NA	NA	NA
NC_045512.2	16961	C	A	62879	36065	35	4	1	42	6.36092e-05	62884	0.828135	FALSE	NA	NA	NA	NA	NA	NA
NC_045512.2	16962	A	G	63139	36362	36	14	10	41	0.000221684	63153	0.0576489	FALSE	NA	NA	NA	NA	NA	NA
NC_045512.2	16963	C	T	63319	36331	35	5	3	30	7.89578e-05	63325	1	FALSE	NA	NA	NA	NA	NA	NA
NC_045512.2	16963	C	A	63319	36331	35	1	0	34	1.57916e-05	63325	1	FALSE	NA	NA	NA	NA	NA	NA
NC_045512.2	16964	A	G	64168	37361	36	4	2	34	6.23325e-05	64172	1	FALSE	NA	NA	NA	NA	NA	NA
NC_045512.2	16965	A	G	63552	37140	36	10	4	33	0.000157327	63562	1	FALSE	NA	NA	NA	NA	NA	NA
NC_045512.2	16966	G	T	63608	37072	36	1	1	34	1.57193e-05	63616	1	FALSE	NA	NA	NA	NA	NA	NA
NC_045512.2	16966	G	C	63608	37072	36	2	1	30	3.14386e-05	63616	1	FALSE	NA	NA	NA	NA	NA	NA
NC_045512.2	16966	G	A	63608	37072	36	5	5	34	7.85966e-05	63616	1	FALSE	NA	NA	NA	NA	NA	NA
NC_045512.2	16967	A	T	61615	36538	35	2	0	26	3.24565e-05	61621	1	FALSE	NA	NA	NA	NA	NA	NA
NC_045512.2	16967	A	G	61615	36538	35	3	2	34	4.86847e-05	61621	1	FALSE	NA	NA	NA	NA	NA	NA
NC_045512.2	16967	A	C	61615	36538	35	1	1	26	1.62282e-05	61621	1	FALSE	NA	NA	NA	NA	NA	NA
NC_045512.2	16968	G	C	62956	36318	35	5	2	32	7.94117e-05	62963	1	FALSE	NA	NA	NA	NA	NA	NA
NC_045512.2	16968	G	A	62956	36318	35	2	2	34	3.17647e-05	62963	1	FALSE	NA	NA	NA	NA	NA	NA
NC_045512.2	16969	C	T	65918	39780	36	2	0	34	3.03398e-05	65920	1	FALSE	NA	NA	NA	NA	NA	NA
NC_045512.2	16970	A	T	64614	38465	36	1	1	34	1.54758e-05	64617	1	FALSE	NA	NA	NA	NA	NA	NA
NC_045512.2	16970	A	G	64614	38465	36	1	0	34	1.54758e-05	64617	1	FALSE	NA	NA	NA	NA	NA	NA
NC_045512.2	16970	A	C	64614	38465	36	1	1	34	1.54758e-05	64617	1	FALSE	NA	NA	NA	NA	NA	NA
NC_045512.2	16971	C	T	63437	38767	36	1	0	68	1.57629e-05	63440	0.499996	FALSE	NA	NA	NA	NA	NA	NA
NC_045512.2	16971	C	G	63437	38767	36	1	1	34	1.57629e-05	63440	1	FALSE	NA	NA	NA	NA	NA	NA
NC_045512.2	16971	C	A	63437	38767	36	1	1	34	1.57629e-05	63440	1	FALSE	NA	NA	NA	NA	NA	NA
NC_045512.2	16972	T	G	66285	42190	36	2	0	26	3.01705e-05	66290	1	FALSE	NA	NA	NA	NA	NA	NA
NC_045512.2	16972	T	C	66285	42190	36	3	2	34	4.52557e-05	66290	1	FALSE	NA	NA	NA	NA	NA	NA
NC_045512.2	16973	A	T	68612	42095	36	2	2	30	2.9146e-05	68620	1	FALSE	NA	NA	NA	NA	NA	NA
NC_045512.2	16973	A	G	68612	42095	36	6	4	45	8.74381e-05	68620	0.612788	FALSE	NA	NA	NA	NA	NA	NA
NC_045512.2	16974	T	C	72088	46337	36	1	1	34	1.38717e-05	72089	1	FALSE	NA	NA	NA	NA	NA	NA
NC_045512.2	16975	G	T	71422	46688	36	1	1	34	1.39989e-05	71434	1	FALSE	NA	NA	NA	NA	NA	NA
NC_045512.2	16975	G	C	71422	46688	36	3	3	31	4.19968e-05	71434	1	FALSE	NA	NA	NA	NA	NA	NA
NC_045512.2	16975	G	A	71422	46688	36	8	7	34	0.000111991	71434	1	FALSE	NA	NA	NA	NA	NA	NA
NC_045512.2	16975	G	-T	71422	46688	36	1	0	20	1.39989e-05	71434	1	FALSE	NA	NA	NA	NA	NA	NA
NC_045512.2	16976	T	C	71362	46719	36	4	3	34	5.60467e-05	71369	1	FALSE	NA	NA	NA	NA	NA	NA
NC_045512.2	16976	T	A	71362	46719	36	3	2	34	4.20351e-05	71369	1	FALSE	NA	NA	NA	NA	NA	NA
NC_045512.2	16977	T	C	73504	49360	37	5	4	32	6.80143e-05	73514	1	FALSE	NA	NA	NA	NA	NA	NA
NC_045512.2	16977	T	A	73504	49360	37	5	2	32	6.80143e-05	73514	1	FALSE	NA	NA	NA	NA	NA	NA
NC_045512.2	16978	A	G	73241	49000	37	7	5	34	9.55605e-05	73252	1	FALSE	NA	NA	NA	NA	NA	NA
NC_045512.2	16978	A	C	73241	49000	37	4	4	28	5.4606e-05	73252	1	FALSE	NA	NA	NA	NA	NA	NA
NC_045512.2	16979	G	T	73342	48978	37	1	0	34	1.36342e-05	73345	1	FALSE	NA	NA	NA	NA	NA	NA
NC_045512.2	16979	G	C	73342	48978	37	1	1	34	1.36342e-05	73345	1	FALSE	NA	NA	NA	NA	NA	NA
NC_045512.2	16979	G	A	73342	48978	37	1	0	34	1.36342e-05	73345	1	FALSE	NA	NA	NA	NA	NA	NA
NC_045512.2	16980	A	T	73257	49344	37	4	4	29	5.43375e-05	73614	1	FALSE	NA	NA	NA	NA	NA	NA
NC_045512.2	16980	A	G	73257	49344	37	352	271	36	0.0047817	73614	2.59122e-45	TRUE	NA	NA	NA	NA	NA	NA
NC_045512.2	16980	A	C	73257	49344	37	1	1	26	1.35844e-05	73614	1	FALSE	NA	NA	NA	NA	NA	NA
NC_045512.2	16981	A	G	74226	50298	37	3	2	45	4.04138e-05	74232	0.945314	FALSE	NA	NA	NA	NA	NA	NA
NC_045512.2	16981	A	C	74226	50298	37	3	3	34	4.04138e-05	74232	1	FALSE	NA	NA	NA	NA	NA	NA
NC_045512.2	16981	A	-T	74226	50298	37	1	0	20	1.34713e-05	74232	1	FALSE	NA	NA	NA	NA	NA	NA
NC_045512.2	16982	T	G	75474	52480	37	1	0	34	1.32492e-05	75476	1	FALSE	NA	NA	NA	NA	NA	NA
NC_045512.2	16982	T	C	75474	52480	37	1	1	34	1.32492e-05	75476	1	FALSE	NA	NA	NA	NA	NA	NA
NC_045512.2	16983	T	C	79352	58017	37	5	4	32	6.30064e-05	79357	1	FALSE	NA	NA	NA	NA	NA	NA
NC_045512.2	16984	A	T	80587	59718	37	3	3	31	3.72236e-05	80594	1	FALSE	NA	NA	NA	NA	NA	NA
NC_045512.2	16984	A	G	80587	59718	37	4	3	40	4.96315e-05	80594	0.927003	FALSE	NA	NA	NA	NA	NA	NA
NC_045512.2	16985	C	T	80876	60028	37	5	4	34	6.18192e-05	80881	1	FALSE	NA	NA	NA	NA	NA	NA
NC_045512.2	16985	C	-T	80876	60028	37	1	0	20	1.23638e-05	80881	1	FALSE	NA	NA	NA	NA	NA	NA
NC_045512.2	16986	T	G	80958	60151	37	1	0	34	1.23507e-05	80967	1	FALSE	NA	NA	NA	NA	NA	NA
NC_045512.2	16986	T	C	80958	60151	37	7	4	32	8.6455e-05	80967	1	FALSE	NA	NA	NA	NA	NA	NA
NC_045512.2	16986	T	A	80958	60151	37	1	0	34	1.23507e-05	80967	1	FALSE	NA	NA	NA	NA	NA	NA
NC_045512.2	16987	G	T	80837	60019	37	5	5	34	6.18452e-05	80847	1	FALSE	NA	NA	NA	NA	NA	NA
NC_045512.2	16987	G	C	80837	60019	37	2	1	26	2.47381e-05	80847	1	FALSE	NA	NA	NA	NA	NA	NA
NC_045512.2	16987	G	A	80837	60019	37	3	3	34	3.71071e-05	80847	1	FALSE	NA	NA	NA	NA	NA	NA
NC_045512.2	16988	G	C	81372	60682	37	1	1	34	1.2288e-05	81380	1	FALSE	NA	NA	NA	NA	NA	NA
NC_045512.2	16988	G	A	81372	60682	37	7	7	34	8.60162e-05	81380	1	FALSE	NA	NA	NA	NA	NA	NA
NC_045512.2	16989	C	T	82386	62751	37	4	4	32	4.85496e-05	82390	1	FALSE	NA	NA	NA	NA	NA	NA
NC_045512.2	16989	C	-T	82386	62751	37	2	0	20	2.42748e-05	82390	1	FALSE	NA	NA	NA	NA	NA	NA
NC_045512.2	16990	T	G	80255	60636	37	4	4	34	4.98306e-05	80272	1	FALSE	NA	NA	NA	NA	NA	NA
NC_045512.2	16990	T	C	80255	60636	37	12	10	36	0.000149492	80272	1	FALSE	NA	NA	NA	NA	NA	NA
NC_045512.2	16990	T	A	80255	60636	37	1	0	34	1.24576e-05	80272	1	FALSE	NA	NA	NA	NA	NA	NA
NC_045512.2	16991	T	G	80757	61314	37	1	1	34	1.23818e-05	80764	1	FALSE	NA	NA	NA	NA	NA	NA
NC_045512.2	16991	T	C	80757	61314	37	5	5	32	6.19088e-05	80764	1	FALSE	NA	NA	NA	NA	NA	NA
NC_045512.2	16991	T	A	80757	61314	37	1	1	34	1.23818e-05	80764	1	FALSE	NA	NA	NA	NA	NA	NA
NC_045512.2	16992	A	T	81121	61619	38	3	3	31	3.69791e-05	81127	1	FALSE	NA	NA	NA	NA	NA	NA
NC_045512.2	16992	A	G	81121	61619	38	2	2	34	2.46527e-05	81127	1	FALSE	NA	NA	NA	NA	NA	NA
NC_045512.2	16992	A	C	81121	61619	38	1	1	34	1.23264e-05	81127	1	FALSE	NA	NA	NA	NA	NA	NA
NC_045512.2	16993	T	C	104461	87873	39	11	11	37	0.00010529	104473	1	FALSE	NA	NA	NA	NA	NA	NA
NC_045512.2	16993	T	A	104461	87873	39	1	0	34	9.57185e-06	104473	1	FALSE	NA	NA	NA	NA	NA	NA
NC_045512.2	16994	A	G	105099	88686	39	7	3	48	6.65994e-05	105106	0.833862	FALSE	NA	NA	NA	NA	NA	NA
NC_045512.2	16994	A	-C	105099	88686	39	2	0	20	1.90284e-05	105106	1	FALSE	NA	NA	NA	NA	NA	NA
NC_045512.2	16995	C	T	105242	88923	39	10	8	33	9.50074e-05	105255	1	FALSE	NA	NA	NA	NA	NA	NA
NC_045512.2	16995	C	G	105242	88923	39	1	1	34	9.50074e-06	105255	1	FALSE	NA	NA	NA	NA	NA	NA
NC_045512.2	16995	C	A	105242	88923	39	2	1	34	1.90015e-05	105255	1	FALSE	NA	NA	NA	NA	NA	NA
NC_045512.2	16996	C	T	100532	84355	39	5	5	34	4.97315e-05	100540	1	FALSE	NA	NA	NA	NA	NA	NA
NC_045512.2	16996	C	G	100532	84355	39	2	0	27	1.98926e-05	100540	1	FALSE	NA	NA	NA	NA	NA	NA
NC_045512.2	16996	C	A	100532	84355	39	1	1	68	9.94629e-06	100540	0.499985	FALSE	NA	NA	NA	NA	NA	NA
NC_045512.2	16997	C	T	100597	84451	39	3	3	34	2.98199e-05	100604	1	FALSE	NA	NA	NA	NA	NA	NA
NC_045512.2	16997	C	A	100597	84451	39	4	1	34	3.97599e-05	100604	1	FALSE	NA	NA	NA	NA	NA	NA
NC_045512.2	16998	A	G	109054	94666	39	14	8	43	0.000128356	109072	0.270594	FALSE	NA	NA	NA	NA	NA	NA
NC_045512.2	16998	A	C	109054	94666	39	4	4	25	3.6673e-05	109072	1	FALSE	NA	NA	NA	NA	NA	NA
NC_045512.2	16999	A	T	108889	94878	39	1	1	34	9.18316e-06	108895	1	FALSE	NA	NA	NA	NA	NA	NA
NC_045512.2	16999	A	G	108889	94878	39	5	5	40	4.59158e-05	108895	0.940772	FALSE	NA	NA	NA	NA	NA	NA
NC_045512.2	17000	C	T	109352	95060	39	15	14	36	0.000137152	109368	1	FALSE	NA	NA	NA	NA	NA	NA
NC_045512.2	17000	C	A	109352	95060	39	1	1	34	9.14344e-06	109368	1	FALSE	NA	NA	NA	NA	NA	NA
NC_045512.2	17001	A	T	107833	93568	39	1	0	34	9.273e-06	107840	1	FALSE	NA	NA	NA	NA	NA	NA
NC_045512.2	17001	A	G	107833	93568	39	6	6	39	5.5638e-05	107840	1	FALSE	NA	NA	NA	NA	NA	NA
NC_045512.2	17002	C	T	108580	94460	39	4	4	34	3.68378e-05	108584	1	FALSE	NA	NA	NA	NA	NA	NA
NC_045512.2	17003	T	G	106774	92668	39	3	3	34	2.80875e-05	106809	1	FALSE	NA	NA	NA	NA	NA	NA
NC_045512.2	17003	T	C	106774	92668	39	28	23	37	0.00026215	106809	1	FALSE	NA	NA	NA	NA	NA	NA
NC_045512.2	17003	T	A	106774	92668	39	4	3	40	3.745e-05	106809	0.971283	FALSE	NA	NA	NA	NA	NA	NA
NC_045512.2	17004	C	T	106712	92625	39	9	7	41	8.4332e-05	106721	0.676212	FALSE	NA	NA	NA	NA	NA	NA
NC_045512.2	17005	A	T	106364	92350	39	3	3	34	2.81984e-05	106389	1	FALSE	NA	NA	NA	NA	NA	NA
NC_045512.2	17005	A	G	106364	92350	39	21	19	38	0.000197389	106389	1	FALSE	NA	NA	NA	NA	NA	NA
NC_045512.2	17005	A	C	106364	92350	39	1	1	34	9.39947e-06	106389	1	FALSE	NA	NA	NA	NA	NA	NA
NC_045512.2	17006	A	T	106554	92519	39	1	1	34	9.38412e-06	106563	1	FALSE	NA	NA	NA	NA	NA	NA
NC_045512.2	17006	A	G	106554	92519	39	7	7	31	6.56888e-05	106563	1	FALSE	NA	NA	NA	NA	NA	NA
NC_045512.2	17006	A	C	106554	92519	39	1	1	34	9.38412e-06	106563	1	FALSE	NA	NA	NA	NA	NA	NA
NC_045512.2	17007	T	G	103612	89591	39	1	0	27	9.65055e-06	103621	1	FALSE	NA	NA	NA	NA	NA	NA
NC_045512.2	17007	T	C	103612	89591	39	7	6	38	6.75539e-05	103621	1	FALSE	NA	NA	NA	NA	NA	NA
NC_045512.2	17007	T	A	103612	89591	39	1	1	24	9.65055e-06	103621	1	FALSE	NA	NA	NA	NA	NA	NA
NC_045512.2	17008	A	T	104948	91559	39	2	2	30	1.90558e-05	104955	1	FALSE	NA	NA	NA	NA	NA	NA
NC_045512.2	17008	A	G	104948	91559	39	5	4	30	4.76395e-05	104955	1	FALSE	NA	NA	NA	NA	NA	NA
NC_045512.2	17009	T	G	99709	86409	38	1	1	34	1.00275e-05	99726	1	FALSE	NA	NA	NA	NA	NA	NA
NC_045512.2	17009	T	C	99709	86409	38	9	9	34	9.02473e-05	99726	1	FALSE	NA	NA	NA	NA	NA	NA
NC_045512.2	17009	T	A	99709	86409	38	7	7	30	7.01923e-05	99726	1	FALSE	NA	NA	NA	NA	NA	NA
NC_045512.2	17010	C	T	104866	91604	39	1	1	34	9.53589e-06	104867	1	FALSE	NA	NA	NA	NA	NA	NA
NC_045512.2	17011	T	C	103278	90044	39	17	16	40	0.000164577	103295	0.123884	FALSE	NA	NA	NA	NA	NA	NA
NC_045512.2	17012	C	T	103109	90529	39	2	1	51	1.9396e-05	103114	0.499993	FALSE	NA	NA	NA	NA	NA	NA
NC_045512.2	17012	C	G	103109	90529	39	1	0	68	9.698e-06	103114	0.499993	FALSE	NA	NA	NA	NA	NA	NA
NC_045512.2	17012	C	A	103109	90529	39	2	2	34	1.9396e-05	103114	1	FALSE	NA	NA	NA	NA	NA	NA
NC_045512.2	17013	A	G	101451	89045	38	13	12	32	0.000128123	101465	1	FALSE	NA	NA	NA	NA	NA	NA
NC_045512.2	17013	A	C	101451	89045	38	1	1	34	9.85562e-06	101465	1	FALSE	NA	NA	NA	NA	NA	NA
NC_045512.2	17014	G	T	101485	88943	39	5	5	32	4.92567e-05	101509	1	FALSE	NA	NA	NA	NA	NA	NA
NC_045512.2	17014	G	C	101485	88943	39	19	19	33	0.000187176	101509	1	FALSE	NA	NA	NA	NA	NA	NA
NC_045512.2	17015	A	T	101424	88952	39	1	1	34	9.85834e-06	101437	1	FALSE	NA	NA	NA	NA	NA	NA
NC_045512.2	17015	A	G	101424	88952	39	11	8	35	0.000108442	101437	1	FALSE	NA	NA	NA	NA	NA	NA
NC_045512.2	17015	A	C	101424	88952	39	1	1	34	9.85834e-06	101437	1	FALSE	NA	NA	NA	NA	NA	NA
NC_045512.2	17016	T	C	100391	87910	38	8	7	37	7.96821e-05	100399	1	FALSE	NA	NA	NA	NA	NA	NA
NC_045512.2	17017	G	T	101301	88830	39	3	3	34	2.96112e-05	101313	1	FALSE	NA	NA	NA	NA	NA	NA
NC_045512.2	17017	G	C	101301	88830	39	2	2	34	1.97408e-05	101313	1	FALSE	NA	NA	NA	NA	NA	NA
NC_045512.2	17017	G	A	101301	88830	39	7	6	35	6.90928e-05	101313	1	FALSE	NA	NA	NA	NA	NA	NA
NC_045512.2	17018	A	T	112488	87947	38	2	2	34	1.77779e-05	112499	1	FALSE	NA	NA	NA	NA	NA	NA
NC_045512.2	17018	A	G	112488	87947	38	9	5	39	8.00007e-05	112499	1	FALSE	NA	NA	NA	NA	NA	NA
NC_045512.2	17019	G	T	113762	88013	38	2	2	34	1.75787e-05	113774	1	FALSE	NA	NA	NA	NA	NA	NA
NC_045512.2	17019	G	C	113762	88013	38	6	6	31	5.27361e-05	113774	1	FALSE	NA	NA	NA	NA	NA	NA
NC_045512.2	17019	G	A	113762	88013	38	4	4	34	3.51574e-05	113774	1	FALSE	NA	NA	NA	NA	NA	NA
NC_045512.2	17019	G	-T	113762	88013	38	5	0	20	4.39468e-05	113774	1	FALSE	NA	NA	NA	NA	NA	NA
NC_045512.2	17020	T	G	113469	88158	38	1	0	34	8.81236e-06	113477	1	FALSE	NA	NA	NA	NA	NA	NA
NC_045512.2	17020	T	C	113469	88158	38	5	3	34	4.40618e-05	113477	1	FALSE	NA	NA	NA	NA	NA	NA
NC_045512.2	17020	T	A	113469	88158	38	2	1	34	1.76247e-05	113477	1	FALSE	NA	NA	NA	NA	NA	NA
NC_045512.2	17021	T	C	113922	88737	38	9	4	36	7.89945e-05	113932	1	FALSE	NA	NA	NA	NA	NA	NA
NC_045512.2	17021	T	A	113922	88737	38	1	1	34	8.77717e-06	113932	1	FALSE	NA	NA	NA	NA	NA	NA
NC_045512.2	17022	T	C	114153	88687	38	18	9	33	0.000157658	114171	1	FALSE	NA	NA	NA	NA	NA	NA
NC_045512.2	17022	T	-TC	114153	88687	38	1	0	20	8.75879e-06	114171	1	FALSE	NA	NA	NA	NA	NA	NA
NC_045512.2	17023	T	C	104192	79246	35	8	4	34	7.67754e-05	104200	1	FALSE	NA	NA	NA	NA	NA	NA
NC_045512.2	17024	C	T	113758	89972	37	8	5	34	7.03161e-05	113772	1	FALSE	NA	NA	NA	NA	NA	NA
NC_045512.2	17024	C	G	113758	89972	37	5	1	32	4.39475e-05	113772	1	FALSE	NA	NA	NA	NA	NA	NA
NC_045512.2	17024	C	A	113758	89972	37	1	1	34	8.78951e-06	113772	1	FALSE	NA	NA	NA	NA	NA	NA
NC_045512.2	17025	T	G	114067	90206	37	2	0	27	1.75306e-05	114086	1	FALSE	NA	NA	NA	NA	NA	NA
NC_045512.2	17025	T	C	114067	90206	37	13	11	35	0.000113949	114086	1	FALSE	NA	NA	NA	NA	NA	NA
NC_045512.2	17025	T	A	114067	90206	37	4	3	31	3.50613e-05	114086	1	FALSE	NA	NA	NA	NA	NA	NA
NC_045512.2	17026	A	T	113890	90013	37	3	2	34	2.63366e-05	113910	1	FALSE	NA	NA	NA	NA	NA	NA
NC_045512.2	17026	A	G	113890	90013	37	17	11	40	0.000149241	113910	0.172437	FALSE	NA	NA	NA	NA	NA	NA
NC_045512.2	17027	G	A	113662	89781	37	8	8	34	7.03792e-05	113670	1	FALSE	NA	NA	NA	NA	NA	NA
NC_045512.2	17028	C	T	113288	90805	36	1	1	26	8.82675e-06	113292	1	FALSE	NA	NA	NA	NA	NA	NA
NC_045512.2	17028	C	G	113288	90805	36	1	1	34	8.82675e-06	113292	1	FALSE	NA	NA	NA	NA	NA	NA
NC_045512.2	17028	C	A	113288	90805	36	2	2	64	1.76535e-05	113292	0.249997	FALSE	NA	NA	NA	NA	NA	NA
NC_045512.2	17029	A	T	112533	90004	36	4	4	34	3.5541e-05	112546	1	FALSE	NA	NA	NA	NA	NA	NA
NC_045512.2	17029	A	G	112533	90004	36	8	7	38	7.1082e-05	112546	1	FALSE	NA	NA	NA	NA	NA	NA
NC_045512.2	17029	A	C	112533	90004	36	1	1	34	8.88526e-06	112546	1	FALSE	NA	NA	NA	NA	NA	NA
NC_045512.2	17030	A	G	113198	90373	36	4	4	34	3.53351e-05	113202	1	FALSE	NA	NA	NA	NA	NA	NA
NC_045512.2	17031	T	G	112661	90050	36	3	2	31	2.66271e-05	112667	1	FALSE	NA	NA	NA	NA	NA	NA
NC_045512.2	17031	T	C	112661	90050	36	2	2	34	1.77514e-05	112667	1	FALSE	NA	NA	NA	NA	NA	NA
NC_045512.2	17031	T	A	112661	90050	36	1	0	27	8.87571e-06	112667	1	FALSE	NA	NA	NA	NA	NA	NA
NC_045512.2	17032	G	A	113326	90300	36	5	4	47	4.41186e-05	113331	0.9616	FALSE	NA	NA	NA	NA	NA	NA
NC_045512.2	17033	T	C	113367	90351	36	5	4	34	4.41014e-05	113375	1	FALSE	NA	NA	NA	NA	NA	NA
NC_045512.2	17033	T	A	113367	90351	36	3	3	34	2.64609e-05	113375	1	FALSE	NA	NA	NA	NA	NA	NA
NC_045512.2	17034	T	G	113083	90094	36	1	1	34	8.84197e-06	113097	1	FALSE	NA	NA	NA	NA	NA	NA
NC_045512.2	17034	T	C	113083	90094	36	12	9	39	0.000106104	113097	1	FALSE	NA	NA	NA	NA	NA	NA
NC_045512.2	17034	T	A	113083	90094	36	1	1	34	8.84197e-06	113097	1	FALSE	NA	NA	NA	NA	NA	NA
NC_045512.2	17035	G	T	113008	90011	36	4	4	30	3.53788e-05	113062	1	FALSE	NA	NA	NA	NA	NA	NA
NC_045512.2	17035	G	A	113008	90011	36	50	34	36	0.000442235	113062	1	FALSE	NA	NA	NA	NA	NA	NA
NC_045512.2	17036	C	T	113493	90986	35	10	7	33	8.80972e-05	113511	1	FALSE	NA	NA	NA	NA	NA	NA
NC_045512.2	17036	C	A	113493	90986	35	8	7	38	7.04778e-05	113511	1	FALSE	NA	NA	NA	NA	NA	NA
NC_045512.2	17036	C	+A	113493	90986	35	1	0	20	8.80972e-06	113511	1	FALSE	NA	NA	NA	NA	NA	NA
NC_045512.2	17037	A	T	112801	90249	35	3	2	28	2.65922e-05	112815	1	FALSE	NA	NA	NA	NA	NA	NA
NC_045512.2	17037	A	G	112801	90249	35	10	10	33	8.86407e-05	112815	1	FALSE	NA	NA	NA	NA	NA	NA
NC_045512.2	17037	A	C	112801	90249	35	1	1	34	8.86407e-06	112815	1	FALSE	NA	NA	NA	NA	NA	NA
NC_045512.2	17038	A	T	113238	90704	35	1	1	26	8.83026e-06	113247	1	FALSE	NA	NA	NA	NA	NA	NA
NC_045512.2	17038	A	G	113238	90704	35	7	7	32	6.18118e-05	113247	1	FALSE	NA	NA	NA	NA	NA	NA
NC_045512.2	17038	A	C	113238	90704	35	1	0	46	8.83026e-06	113247	0.999756	FALSE	NA	NA	NA	NA	NA	NA
NC_045512.2	17039	A	T	112211	90492	35	2	2	30	1.78225e-05	112218	1	FALSE	NA	NA	NA	NA	NA	NA
NC_045512.2	17039	A	G	112211	90492	35	4	4	40	3.56449e-05	112218	0.982423	FALSE	NA	NA	NA	NA	NA	NA
NC_045512.2	17039	A	C	112211	90492	35	1	0	26	8.91123e-06	112218	1	FALSE	NA	NA	NA	NA	NA	NA
NC_045512.2	17040	T	C	112937	90399	35	10	8	39	8.85355e-05	112949	1	FALSE	NA	NA	NA	NA	NA	NA
NC_045512.2	17040	T	A	112937	90399	35	2	1	30	1.77071e-05	112949	1	FALSE	NA	NA	NA	NA	NA	NA
NC_045512.2	17041	T	G	110605	88167	35	1	1	26	9.03955e-06	110625	1	FALSE	NA	NA	NA	NA	NA	NA
NC_045512.2	17041	T	C	110605	88167	35	16	15	33	0.000144633	110625	1	FALSE	NA	NA	NA	NA	NA	NA
NC_045512.2	17041	T	A	110605	88167	35	3	2	28	2.71186e-05	110625	1	FALSE	NA	NA	NA	NA	NA	NA
NC_045512.2	17042	A	T	112676	89822	35	3	1	30	2.66222e-05	112688	1	FALSE	NA	NA	NA	NA	NA	NA
NC_045512.2	17042	A	G	112676	89822	35	9	8	34	7.98665e-05	112688	1	FALSE	NA	NA	NA	NA	NA	NA
NC_045512.2	17043	T	C	112867	89915	35	8	8	34	7.08749e-05	112875	1	FALSE	NA	NA	NA	NA	NA	NA
NC_045512.2	17044	C	T	112724	90016	35	1	1	34	8.87107e-06	112726	1	FALSE	NA	NA	NA	NA	NA	NA
NC_045512.2	17044	C	A	112724	90016	35	1	1	34	8.87107e-06	112726	1	FALSE	NA	NA	NA	NA	NA	NA
NC_045512.2	17044	C	-A	112724	90016	35	20	0	20	0.000177421	112726	1	FALSE	NA	NA	NA	NA	NA	NA
NC_045512.2	17045	A	T	112640	89964	35	2	2	30	1.77533e-05	112655	1	FALSE	NA	NA	NA	NA	NA	NA
NC_045512.2	17045	A	G	112640	89964	35	12	10	36	0.00010652	112655	1	FALSE	NA	NA	NA	NA	NA	NA
NC_045512.2	17045	A	C	112640	89964	35	1	1	34	8.87666e-06	112655	1	FALSE	NA	NA	NA	NA	NA	NA
NC_045512.2	17046	A	T	112083	89963	35	1	0	26	8.92132e-06	112091	1	FALSE	NA	NA	NA	NA	NA	NA
NC_045512.2	17046	A	G	112083	89963	35	5	5	34	4.46066e-05	112091	1	FALSE	NA	NA	NA	NA	NA	NA
NC_045512.2	17046	A	C	112083	89963	35	2	1	30	1.78426e-05	112091	1	FALSE	NA	NA	NA	NA	NA	NA
NC_045512.2	17047	A	G	111779	90395	34	5	4	32	4.47291e-05	111784	1	FALSE	NA	NA	NA	NA	NA	NA
NC_045512.2	17048	A	G	112121	91143	34	10	8	33	8.91782e-05	112135	1	FALSE	NA	NA	NA	NA	NA	NA
NC_045512.2	17048	A	C	112121	91143	34	4	2	34	3.56713e-05	112135	1	FALSE	NA	NA	NA	NA	NA	NA
NC_045512.2	17049	G	T	112387	91668	34	5	3	34	4.4484e-05	112400	1	FALSE	NA	NA	NA	NA	NA	NA
NC_045512.2	17049	G	A	112387	91668	34	8	7	38	7.11744e-05	112400	1	FALSE	NA	NA	NA	NA	NA	NA
NC_045512.2	17050	G	A	112554	91950	34	3	1	34	2.66532e-05	112557	1	FALSE	NA	NA	NA	NA	NA	NA
NC_045512.2	17051	T	C	105225	84618	33	9	9	37	8.55229e-05	105235	1	FALSE	NA	NA	NA	NA	NA	NA
NC_045512.2	17051	T	A	105225	84618	33	1	1	34	9.50254e-06	105235	1	FALSE	NA	NA	NA	NA	NA	NA
NC_045512.2	17052	T	G	109799	89389	34	3	0	31	2.73199e-05	109810	1	FALSE	NA	NA	NA	NA	NA	NA
NC_045512.2	17052	T	C	109799	89389	34	8	6	33	7.28531e-05	109810	1	FALSE	NA	NA	NA	NA	NA	NA
NC_045512.2	17053	G	T	109004	88801	34	4	4	32	3.66935e-05	109011	1	FALSE	NA	NA	NA	NA	NA	NA
NC_045512.2	17053	G	A	109004	88801	34	3	3	34	2.75202e-05	109011	1	FALSE	NA	NA	NA	NA	NA	NA
NC_045512.2	17054	G	T	110919	90392	34	8	6	32	7.21143e-05	110935	1	FALSE	NA	NA	NA	NA	NA	NA
NC_045512.2	17054	G	A	110919	90392	34	8	8	34	7.21143e-05	110935	1	FALSE	NA	NA	NA	NA	NA	NA
NC_045512.2	17055	T	C	110427	89947	34	13	9	36	0.000117711	110440	1	FALSE	NA	NA	NA	NA	NA	NA
NC_045512.2	17056	A	T	111392	90904	34	2	2	29	1.7954e-05	111396	1	FALSE	NA	NA	NA	NA	NA	NA
NC_045512.2	17056	A	G	111392	90904	34	2	1	34	1.7954e-05	111396	1	FALSE	NA	NA	NA	NA	NA	NA
NC_045512.2	17057	T	C	110970	90611	34	15	15	30	0.000135152	110986	1	FALSE	NA	NA	NA	NA	NA	NA
NC_045512.2	17057	T	A	110970	90611	34	1	0	34	9.01015e-06	110986	1	FALSE	NA	NA	NA	NA	NA	NA
NC_045512.2	17058	G	T	110260	89986	34	3	3	34	2.72037e-05	110279	1	FALSE	NA	NA	NA	NA	NA	NA
NC_045512.2	17058	G	C	110260	89986	34	2	2	30	1.81358e-05	110279	1	FALSE	NA	NA	NA	NA	NA	NA
NC_045512.2	17058	G	A	110260	89986	34	14	5	34	0.000126951	110279	1	FALSE	NA	NA	NA	NA	NA	NA
NC_045512.2	17059	C	T	110344	90914	35	11	11	34	9.96774e-05	110356	1	FALSE	NA	NA	NA	NA	NA	NA
NC_045512.2	17059	C	A	110344	90914	35	1	0	34	9.06158e-06	110356	1	FALSE	NA	NA	NA	NA	NA	NA
NC_045512.2	17059	C	-A	110344	90914	35	3	0	20	2.71847e-05	110356	1	FALSE	NA	NA	NA	NA	NA	NA
NC_045512.2	17060	A	T	110156	90626	35	2	2	34	1.81536e-05	110171	1	FALSE	NA	NA	NA	NA	NA	NA
NC_045512.2	17060	A	G	110156	90626	35	12	11	33	0.000108922	110171	1	FALSE	NA	NA	NA	NA	NA	NA
NC_045512.2	17060	A	C	110156	90626	35	1	1	26	9.0768e-06	110171	1	FALSE	NA	NA	NA	NA	NA	NA
NC_045512.2	17061	A	T	110498	90714	35	1	1	34	9.04904e-06	110509	1	FALSE	NA	NA	NA	NA	NA	NA
NC_045512.2	17061	A	G	110498	90714	35	9	6	33	8.14413e-05	110509	1	FALSE	NA	NA	NA	NA	NA	NA
NC_045512.2	17061	A	C	110498	90714	35	1	1	34	9.04904e-06	110509	1	FALSE	NA	NA	NA	NA	NA	NA
NC_045512.2	17062	A	T	108639	90488	34	6	5	39	5.52227e-05	108651	1	FALSE	NA	NA	NA	NA	NA	NA
NC_045512.2	17062	A	G	108639	90488	34	5	3	32	4.60189e-05	108651	1	FALSE	NA	NA	NA	NA	NA	NA
NC_045512.2	17062	A	C	108639	90488	34	1	1	34	9.20378e-06	108651	1	FALSE	NA	NA	NA	NA	NA	NA
NC_045512.2	17063	A	T	109931	90205	35	1	1	34	9.09554e-06	109944	1	FALSE	NA	NA	NA	NA	NA	NA
NC_045512.2	17063	A	G	109931	90205	35	10	9	33	9.09554e-05	109944	1	FALSE	NA	NA	NA	NA	NA	NA
NC_045512.2	17063	A	C	109931	90205	35	2	2	30	1.81911e-05	109944	1	FALSE	NA	NA	NA	NA	NA	NA
NC_045512.2	17064	G	A	110614	90283	35	3	3	34	2.71206e-05	110617	1	FALSE	NA	NA	NA	NA	NA	NA
NC_045512.2	17065	T	C	108540	88285	34	6	5	34	5.52761e-05	108546	1	FALSE	NA	NA	NA	NA	NA	NA
NC_045512.2	17066	A	T	110236	89084	35	2	2	34	1.81417e-05	110243	1	FALSE	NA	NA	NA	NA	NA	NA
NC_045512.2	17066	A	G	110236	89084	35	5	5	32	4.53544e-05	110243	1	FALSE	NA	NA	NA	NA	NA	NA
NC_045512.2	17066	A	-T	110236	89084	35	1	0	20	9.07087e-06	110243	1	FALSE	NA	NA	NA	NA	NA	NA
NC_045512.2	17067	T	C	109833	88670	35	8	7	38	7.28325e-05	109841	1	FALSE	NA	NA	NA	NA	NA	NA
NC_045512.2	17068	T	C	107184	86068	35	11	8	33	0.000102617	107195	1	FALSE	NA	NA	NA	NA	NA	NA
NC_045512.2	17069	C	T	107810	86638	35	2	1	29	1.85508e-05	107812	1	FALSE	NA	NA	NA	NA	NA	NA
NC_045512.2	17070	T	C	106480	85224	35	12	11	34	0.000112685	106492	1	FALSE	NA	NA	NA	NA	NA	NA
NC_045512.2	17071	A	T	106852	85342	35	2	1	34	1.87149e-05	106867	1	FALSE	NA	NA	NA	NA	NA	NA
NC_045512.2	17071	A	G	106852	85342	35	13	13	36	0.000121647	106867	1	FALSE	NA	NA	NA	NA	NA	NA
NC_045512.2	17072	C	T	106661	85419	35	3	3	34	2.81254e-05	106665	1	FALSE	NA	NA	NA	NA	NA	NA
NC_045512.2	17072	C	A	106661	85419	35	1	0	26	9.37515e-06	106665	1	FALSE	NA	NA	NA	NA	NA	NA
NC_045512.2	17073	A	T	101356	80088	35	8	8	34	7.89157e-05	101374	1	FALSE	NA	NA	NA	NA	NA	NA
NC_045512.2	17073	A	G	101356	80088	35	2	2	26	1.97289e-05	101374	1	FALSE	NA	NA	NA	NA	NA	NA
NC_045512.2	17073	A	C	101356	80088	35	8	8	30	7.89157e-05	101374	1	FALSE	NA	NA	NA	NA	NA	NA
NC_045512.2	17074	C	T	101773	80545	35	8	6	32	7.85978e-05	101784	1	FALSE	NA	NA	NA	NA	NA	NA
NC_045512.2	17074	C	G	101773	80545	35	2	2	34	1.96495e-05	101784	1	FALSE	NA	NA	NA	NA	NA	NA
NC_045512.2	17074	C	A	101773	80545	35	1	1	34	9.82473e-06	101784	1	FALSE	NA	NA	NA	NA	NA	NA
NC_045512.2	17075	T	C	96450	75176	35	7	5	35	7.25682e-05	96461	1	FALSE	NA	NA	NA	NA	NA	NA
NC_045512.2	17075	T	A	96450	75176	35	4	4	34	4.14675e-05	96461	1	FALSE	NA	NA	NA	NA	NA	NA
NC_045512.2	17075	T	-C	96450	75176	35	3	0	20	3.11007e-05	96461	1	FALSE	NA	NA	NA	NA	NA	NA
NC_045512.2	17076	C	T	96761	75255	35	3	1	34	3.10001e-05	96774	1	FALSE	NA	NA	NA	NA	NA	NA
NC_045512.2	17076	C	A	96761	75255	35	10	3	43	0.000103334	96774	0.499954	FALSE	NA	NA	NA	NA	NA	NA
NC_045512.2	17077	C	T	96233	74799	35	6	6	32	6.23435e-05	96241	1	FALSE	NA	NA	NA	NA	NA	NA
NC_045512.2	17077	C	G	96233	74799	35	1	1	34	1.03906e-05	96241	1	FALSE	NA	NA	NA	NA	NA	NA
NC_045512.2	17077	C	A	96233	74799	35	1	1	34	1.03906e-05	96241	1	FALSE	NA	NA	NA	NA	NA	NA
NC_045512.2	17078	A	T	93080	71550	35	6	6	34	6.44309e-05	93123	1	FALSE	NA	NA	NA	NA	NA	NA
NC_045512.2	17078	A	G	93080	71550	35	37	28	33	0.000397324	93123	1	FALSE	NA	NA	NA	NA	NA	NA
NC_045512.2	17079	G	T	25106	3597	38	4	1	34	0.00015928	25113	0.999992	FALSE	NA	NA	NA	NA	NA	NA
NC_045512.2	17079	G	C	25106	3597	38	1	1	26	3.982e-05	25113	1	FALSE	NA	NA	NA	NA	NA	NA
NC_045512.2	17079	G	A	25106	3597	38	2	1	68	7.964e-05	25113	0.249955	FALSE	NA	NA	NA	NA	NA	NA
NC_045512.2	17080	G	A	25178	3624	38	3	0	31	0.000119137	25181	0.999998	FALSE	NA	NA	NA	NA	NA	NA
NC_045512.2	17081	G	T	25905	3638	38	3	0	34	0.000115794	25908	0.999998	FALSE	NA	NA	NA	NA	NA	NA
NC_045512.2	17082	A	G	25964	3667	38	2	0	34	7.70238e-05	25966	1	FALSE	NA	NA	NA	NA	NA	NA
NC_045512.2	17083	C	T	26042	3677	38	1	0	34	3.83907e-05	26048	1	FALSE	NA	NA	NA	NA	NA	NA
NC_045512.2	17083	C	G	26042	3677	38	3	0	29	0.000115172	26048	1	FALSE	NA	NA	NA	NA	NA	NA
NC_045512.2	17083	C	A	26042	3677	38	2	0	34	7.67813e-05	26048	1	FALSE	NA	NA	NA	NA	NA	NA
NC_045512.2	17084	C	G	26001	3674	38	1	0	34	3.84586e-05	26002	1	FALSE	NA	NA	NA	NA	NA	NA
NC_045512.2	17085	A	T	26014	3846	38	2346	311	38	0.0827046	28366	0	TRUE	NA	NA	NA	NA	NA	NA
NC_045512.2	17085	A	G	26014	3846	38	3	0	45	0.00010576	28366	0.459571	FALSE	NA	NA	NA	NA	NA	NA
NC_045512.2	17085	A	C	26014	3846	38	3	0	31	0.00010576	28366	0.999999	FALSE	NA	NA	NA	NA	NA	NA
NC_045512.2	17088	T	G	28537	4186	38	2	1	47	7.00525e-05	28550	0.687375	FALSE	NA	NA	NA	NA	NA	NA
NC_045512.2	17088	T	C	28537	4186	38	11	0	34	0.000385289	28550	0.998316	FALSE	NA	NA	NA	NA	NA	NA
NC_045512.2	17089	G	A	28596	4180	38	1	0	34	3.49687e-05	28597	1	FALSE	NA	NA	NA	NA	NA	NA
NC_045512.2	17090	G	T	29752	4220	38	1	0	26	3.36101e-05	29753	1	FALSE	NA	NA	NA	NA	NA	NA
NC_045512.2	17091	T	C	29774	4308	38	1	1	34	3.35852e-05	29775	1	FALSE	NA	NA	NA	NA	NA	NA
NC_045512.2	17092	A	T	29785	4304	38	1	1	68	3.35683e-05	29790	0.499975	FALSE	NA	NA	NA	NA	NA	NA
NC_045512.2	17092	A	G	29785	4304	38	3	0	34	0.000100705	29790	1	FALSE	NA	NA	NA	NA	NA	NA
NC_045512.2	17092	A	C	29785	4304	38	1	1	27	3.35683e-05	29790	1	FALSE	NA	NA	NA	NA	NA	NA
NC_045512.2	17093	C	T	29940	4691	39	1	0	34	3.33946e-05	29945	1	FALSE	NA	NA	NA	NA	NA	NA
NC_045512.2	17093	C	G	29940	4691	39	2	0	26	6.67891e-05	29945	1	FALSE	NA	NA	NA	NA	NA	NA
NC_045512.2	17093	C	A	29940	4691	39	2	0	34	6.67891e-05	29945	1	FALSE	NA	NA	NA	NA	NA	NA
NC_045512.2	17094	T	G	29998	4702	39	1	0	34	3.33289e-05	30004	1	FALSE	NA	NA	NA	NA	NA	NA
NC_045512.2	17094	T	C	29998	4702	39	5	0	32	0.000166644	30004	0.999998	FALSE	NA	NA	NA	NA	NA	NA
NC_045512.2	17094	T	+GGTAA	29998	4702	39	1	0	20	3.33289e-05	30004	1	FALSE	NA	NA	NA	NA	NA	NA
NC_045512.2	17095	G	A	30540	4706	39	7	6	34	0.000229155	30547	0.999979	FALSE	NA	NA	NA	NA	NA	NA
NC_045512.2	17096	G	A	30697	5123	40	2	1	51	6.51487e-05	30699	0.250004	FALSE	NA	NA	NA	NA	NA	NA
NC_045512.2	17097	T	C	30687	5169	40	3	2	45	9.77517e-05	30690	0.656273	FALSE	NA	NA	NA	NA	NA	NA
NC_045512.2	17098	A	T	30647	5188	40	1	0	34	3.262e-05	30656	1	FALSE	NA	NA	NA	NA	NA	NA
NC_045512.2	17098	A	G	30647	5188	40	7	1	38	0.00022834	30656	0.999979	FALSE	NA	NA	NA	NA	NA	NA
NC_045512.2	17098	A	C	30647	5188	40	1	0	34	3.262e-05	30656	1	FALSE	NA	NA	NA	NA	NA	NA
NC_045512.2	17098	A	-AG	30647	5188	40	1	0	20	3.262e-05	30656	1	FALSE	NA	NA	NA	NA	NA	NA
NC_045512.2	17098	A	+AG	30647	5188	40	2	0	20	6.52401e-05	30656	1	FALSE	NA	NA	NA	NA	NA	NA
NC_045512.2	17099	A	G	30313	5223	40	5	1	40	0.000164913	30319	0.363254	FALSE	NA	NA	NA	NA	NA	NA
NC_045512.2	17099	A	C	30313	5223	40	1	0	26	3.29826e-05	30319	1	FALSE	NA	NA	NA	NA	NA	NA
NC_045512.2	17101	A	T	26527	5779	38	3	0	31	0.000113028	26542	0.999999	FALSE	NA	NA	NA	NA	NA	NA
NC_045512.2	17101	A	G	26527	5779	38	12	2	36	0.000452114	26542	0.993086	FALSE	NA	NA	NA	NA	NA	NA
NC_045512.2	17102	G	A	29155	5854	39	1	0	34	3.42983e-05	29156	1	FALSE	NA	NA	NA	NA	NA	NA
NC_045512.2	17103	T	G	26791	6188	38	2	0	34	7.46297e-05	26799	1	FALSE	NA	NA	NA	NA	NA	NA
NC_045512.2	17103	T	C	26791	6188	38	5	1	39	0.000186574	26799	0.999983	FALSE	NA	NA	NA	NA	NA	NA
NC_045512.2	17103	T	A	26791	6188	38	1	0	34	3.73148e-05	26799	1	FALSE	NA	NA	NA	NA	NA	NA
NC_045512.2	17104	C	T	24467	6545	38	4	0	34	0.000163452	24472	0.999986	FALSE	NA	NA	NA	NA	NA	NA
NC_045512.2	17104	C	G	24467	6545	38	1	0	34	4.0863e-05	24472	1	FALSE	NA	NA	NA	NA	NA	NA
NC_045512.2	17105	A	-T	24521	6628	38	14	0	20	0.000570939	24521	1	FALSE	NA	NA	NA	NA	NA	NA
NC_045512.2	17106	T	G	24605	6698	38	1	0	34	4.06372e-05	24608	1	FALSE	NA	NA	NA	NA	NA	NA
NC_045512.2	17106	T	C	24605	6698	38	2	1	51	8.12744e-05	24608	0.249853	FALSE	NA	NA	NA	NA	NA	NA
NC_045512.2	17107	T	C	23469	5725	37	2	1	51	8.52115e-05	23471	0.250005	FALSE	NA	NA	NA	NA	NA	NA
NC_045512.2	17108	T	C	24437	6803	38	3	1	45	0.00012275	24440	0.500019	FALSE	NA	NA	NA	NA	NA	NA
NC_045512.2	17109	T	G	24308	6827	38	1	0	34	4.11303e-05	24313	1	FALSE	NA	NA	NA	NA	NA	NA
NC_045512.2	17109	T	C	24308	6827	38	4	2	34	0.000164521	24313	0.999986	FALSE	NA	NA	NA	NA	NA	NA
NC_045512.2	17111	C	T	23950	7011	38	1	0	34	4.17502e-05	23952	1	FALSE	NA	NA	NA	NA	NA	NA
NC_045512.2	17111	C	G	23950	7011	38	1	0	34	4.17502e-05	23952	1	FALSE	NA	NA	NA	NA	NA	NA
NC_045512.2	17111	C	-TAT	23950	7011	38	2	0	20	8.35003e-05	23952	1	FALSE	NA	NA	NA	NA	NA	NA
NC_045512.2	17112	T	G	23922	6947	37	1	1	26	4.18008e-05	23923	1	FALSE	NA	NA	NA	NA	NA	NA
NC_045512.2	17114	T	A	23981	7021	38	1	0	34	4.16979e-05	23982	1	FALSE	NA	NA	NA	NA	NA	NA
NC_045512.2	17115	T	G	23736	7065	37	1	0	34	4.21283e-05	23737	1	FALSE	NA	NA	NA	NA	NA	NA
NC_045512.2	17116	G	T	23946	7051	37	1	1	34	4.17519e-05	23951	1	FALSE	NA	NA	NA	NA	NA	NA
NC_045512.2	17116	G	C	23946	7051	37	3	3	31	0.000125256	23951	0.999995	FALSE	NA	NA	NA	NA	NA	NA
NC_045512.2	17116	G	A	23946	7051	37	1	0	34	4.17519e-05	23951	1	FALSE	NA	NA	NA	NA	NA	NA
NC_045512.2	17117	G	T	24389	7046	37	1	1	34	4.09937e-05	24394	1	FALSE	NA	NA	NA	NA	NA	NA
NC_045512.2	17117	G	A	24389	7046	37	4	4	34	0.000163975	24394	0.999986	FALSE	NA	NA	NA	NA	NA	NA
NC_045512.2	17118	C	T	24302	7064	37	4	0	34	0.000164562	24307	0.999986	FALSE	NA	NA	NA	NA	NA	NA
NC_045512.2	17118	C	A	24302	7064	37	1	0	34	4.11404e-05	24307	1	FALSE	NA	NA	NA	NA	NA	NA
NC_045512.2	17120	T	C	23449	7256	37	1	0	34	4.26421e-05	23451	1	FALSE	NA	NA	NA	NA	NA	NA
NC_045512.2	17120	T	A	23449	7256	37	1	0	34	4.26421e-05	23451	1	FALSE	NA	NA	NA	NA	NA	NA
NC_045512.2	17121	A	G	23422	7249	37	6	2	32	0.000256104	23428	0.999728	FALSE	NA	NA	NA	NA	NA	NA
NC_045512.2	17122	G	T	24098	7251	37	2	0	30	8.29807e-05	24102	1	FALSE	NA	NA	NA	NA	NA	NA
NC_045512.2	17122	G	C	24098	7251	37	1	0	34	4.14903e-05	24102	1	FALSE	NA	NA	NA	NA	NA	NA
NC_045512.2	17122	G	A	24098	7251	37	1	0	26	4.14903e-05	24102	1	FALSE	NA	NA	NA	NA	NA	NA
NC_045512.2	17123	C	A	23889	7353	37	1	0	26	4.18585e-05	23890	1	FALSE	NA	NA	NA	NA	NA	NA
NC_045512.2	17124	T	G	23738	7202	36	1	0	34	4.21159e-05	23744	1	FALSE	NA	NA	NA	NA	NA	NA
NC_045512.2	17124	T	C	23738	7202	36	3	3	31	0.000126348	23744	0.999995	FALSE	NA	NA	NA	NA	NA	NA
NC_045512.2	17124	T	A	23738	7202	36	2	0	30	8.42318e-05	23744	0.999999	FALSE	NA	NA	NA	NA	NA	NA
NC_045512.2	17125	C	T	24439	7395	37	1	0	34	4.09165e-05	24440	1	FALSE	NA	NA	NA	NA	NA	NA
NC_045512.2	17126	T	G	24611	7754	37	1	0	34	4.06289e-05	24613	1	FALSE	NA	NA	NA	NA	NA	NA
NC_045512.2	17126	T	C	24611	7754	37	1	1	34	4.06289e-05	24613	1	FALSE	NA	NA	NA	NA	NA	NA
NC_045512.2	17127	C	T	25775	7805	37	1	0	34	3.87958e-05	25776	1	FALSE	NA	NA	NA	NA	NA	NA
NC_045512.2	17128	T	G	25661	7776	37	1	0	34	3.89484e-05	25675	1	FALSE	NA	NA	NA	NA	NA	NA
NC_045512.2	17128	T	C	25661	7776	37	12	8	34	0.000467381	25675	0.989982	FALSE	NA	NA	NA	NA	NA	NA
NC_045512.2	17128	T	A	25661	7776	37	1	0	34	3.89484e-05	25675	1	FALSE	NA	NA	NA	NA	NA	NA
NC_045512.2	17129	A	G	25800	7837	37	1	0	34	3.87582e-05	25801	1	FALSE	NA	NA	NA	NA	NA	NA
NC_045512.2	17130	C	T	25763	7933	37	3	3	34	0.000116433	25766	0.999998	FALSE	NA	NA	NA	NA	NA	NA
NC_045512.2	17131	T	G	25643	7917	37	1	0	34	3.8994e-05	25645	1	FALSE	NA	NA	NA	NA	NA	NA
NC_045512.2	17131	T	C	25643	7917	37	1	0	34	3.8994e-05	25645	1	FALSE	NA	NA	NA	NA	NA	NA
NC_045512.2	17132	A	T	25688	7912	37	2	0	34	7.78483e-05	25691	1	FALSE	NA	NA	NA	NA	NA	NA
NC_045512.2	17132	A	G	25688	7912	37	1	0	34	3.89241e-05	25691	1	FALSE	NA	NA	NA	NA	NA	NA
NC_045512.2	17133	C	T	25466	8034	37	3	1	31	0.00011779	25469	0.999998	FALSE	NA	NA	NA	NA	NA	NA
NC_045512.2	17135	C	A	25373	7853	37	1	0	26	3.94104e-05	25374	1	FALSE	NA	NA	NA	NA	NA	NA
NC_045512.2	17136	T	G	25022	7471	37	4	2	34	0.000159757	25038	0.999992	FALSE	NA	NA	NA	NA	NA	NA
NC_045512.2	17136	T	C	25022	7471	37	9	8	37	0.000359454	25038	0.998534	FALSE	NA	NA	NA	NA	NA	NA
NC_045512.2	17136	T	A	25022	7471	37	3	1	31	0.000119818	25038	0.999998	FALSE	NA	NA	NA	NA	NA	NA
NC_045512.2	17137	T	C	25010	7445	37	3	0	34	0.000119938	25013	0.999998	FALSE	NA	NA	NA	NA	NA	NA
NC_045512.2	17138	C	T	25031	7488	37	2	0	34	7.98913e-05	25034	1	FALSE	NA	NA	NA	NA	NA	NA
NC_045512.2	17138	C	A	25031	7488	37	1	1	34	3.99457e-05	25034	1	FALSE	NA	NA	NA	NA	NA	NA
NC_045512.2	17139	T	C	25216	7781	37	2	0	34	7.93084e-05	25218	1	FALSE	NA	NA	NA	NA	NA	NA
NC_045512.2	17140	G	T	23411	7189	37	1948	728	38	0.0768109	25361	0	TRUE	NA	NA	NA	NA	NA	NA
NC_045512.2	17140	G	C	23411	7189	37	1	1	34	3.94306e-05	25361	1	FALSE	NA	NA	NA	NA	NA	NA
NC_045512.2	17140	G	A	23411	7189	37	1	1	34	3.94306e-05	25361	1	FALSE	NA	NA	NA	NA	NA	NA
NC_045512.2	17141	C	T	26162	9670	38	5	1	34	0.000191073	26168	0.999983	FALSE	NA	NA	NA	NA	NA	NA
NC_045512.2	17141	C	A	26162	9670	38	1	0	34	3.82146e-05	26168	1	FALSE	NA	NA	NA	NA	NA	NA
NC_045512.2	17142	T	G	26168	9668	38	1	0	34	3.82102e-05	26171	1	FALSE	NA	NA	NA	NA	NA	NA
NC_045512.2	17142	T	C	26168	9668	38	2	1	34	7.64205e-05	26171	1	FALSE	NA	NA	NA	NA	NA	NA
NC_045512.2	17144	G	A	26316	9570	38	24	18	38	0.000911162	26340	0.664218	FALSE	NA	NA	NA	NA	NA	NA
NC_045512.2	17145	C	G	26386	9659	38	1	0	26	3.78974e-05	26387	1	FALSE	NA	NA	NA	NA	NA	NA
NC_045512.2	17146	A	G	26444	9731	38	2	0	34	7.56201e-05	26448	1	FALSE	NA	NA	NA	NA	NA	NA
NC_045512.2	17146	A	C	26444	9731	38	2	0	30	7.56201e-05	26448	1	FALSE	NA	NA	NA	NA	NA	NA
NC_045512.2	17147	T	C	26526	9768	38	3	0	31	0.000113071	26532	0.999999	FALSE	NA	NA	NA	NA	NA	NA
NC_045512.2	17147	T	A	26526	9768	38	3	0	28	0.000113071	26532	1	FALSE	NA	NA	NA	NA	NA	NA
NC_045512.2	17148	A	T	27580	9660	38	1	0	34	3.6249e-05	27587	1	FALSE	NA	NA	NA	NA	NA	NA
NC_045512.2	17148	A	G	27580	9660	38	5	2	40	0.000181245	27587	0.226533	FALSE	NA	NA	NA	NA	NA	NA
NC_045512.2	17148	A	C	27580	9660	38	1	0	34	3.6249e-05	27587	1	FALSE	NA	NA	NA	NA	NA	NA
NC_045512.2	17148	A	-GTGTATACAGCTTGCTCTCATGCCGCT	27580	9660	38	3	0	20	0.000108747	27587	1	FALSE	NA	NA	NA	NA	NA	NA
NC_045512.2	17149	G	C	31132	9767	38	3	3	34	9.63515e-05	31136	1	FALSE	NA	NA	NA	NA	NA	NA
NC_045512.2	17149	G	A	31132	9767	38	1	1	34	3.21172e-05	31136	1	FALSE	NA	NA	NA	NA	NA	NA
NC_045512.2	17150	T	C	31047	9932	38	3	0	42	9.66184e-05	31050	0.656227	FALSE	NA	NA	NA	NA	NA	NA
NC_045512.2	17151	G	T	32515	9969	38	2	0	34	6.15044e-05	32518	1	FALSE	NA	NA	NA	NA	NA	NA
NC_045512.2	17151	G	A	32515	9969	38	1	0	34	3.07522e-05	32518	1	FALSE	NA	NA	NA	NA	NA	NA
NC_045512.2	17152	T	C	32208	9689	38	15	2	34	0.000465492	32224	0.996036	FALSE	NA	NA	NA	NA	NA	NA
NC_045512.2	17152	T	A	32208	9689	38	1	0	24	3.10328e-05	32224	1	FALSE	NA	NA	NA	NA	NA	NA
NC_045512.2	17153	A	T	32333	9729	38	1	1	26	3.09224e-05	32339	1	FALSE	NA	NA	NA	NA	NA	NA
NC_045512.2	17153	A	G	32333	9729	38	5	0	34	0.000154612	32339	0.999999	FALSE	NA	NA	NA	NA	NA	NA
NC_045512.2	17154	T	G	32279	9728	38	1	0	34	3.09741e-05	32285	1	FALSE	NA	NA	NA	NA	NA	NA
NC_045512.2	17154	T	C	32279	9728	38	3	1	56	9.29224e-05	32285	0.124965	FALSE	NA	NA	NA	NA	NA	NA
NC_045512.2	17154	T	A	32279	9728	38	2	0	30	6.19483e-05	32285	1	FALSE	NA	NA	NA	NA	NA	NA
NC_045512.2	17155	A	T	31928	9741	38	1	1	34	3.13018e-05	31947	1	FALSE	NA	NA	NA	NA	NA	NA
NC_045512.2	17155	A	G	31928	9741	38	18	11	36	0.000563433	31947	0.977831	FALSE	NA	NA	NA	NA	NA	NA
NC_045512.2	17156	C	A	31850	9816	37	1	0	34	3.13962e-05	31851	1	FALSE	NA	NA	NA	NA	NA	NA
NC_045512.2	17157	A	G	30728	8743	37	7	1	32	0.000227753	30735	0.999979	FALSE	NA	NA	NA	NA	NA	NA
NC_045512.2	17158	G	C	30851	8695	37	1	0	26	3.24118e-05	30853	1	FALSE	NA	NA	NA	NA	NA	NA
NC_045512.2	17158	G	A	30851	8695	37	1	0	34	3.24118e-05	30853	1	FALSE	NA	NA	NA	NA	NA	NA
NC_045512.2	17159	C	A	30979	9553	38	1	0	26	3.22789e-05	30980	1	FALSE	NA	NA	NA	NA	NA	NA
NC_045512.2	17160	T	G	30253	8879	38	2	0	34	6.61004e-05	30257	1	FALSE	NA	NA	NA	NA	NA	NA
NC_045512.2	17160	T	C	30253	8879	38	2	0	51	6.61004e-05	30257	0.249963	FALSE	NA	NA	NA	NA	NA	NA
NC_045512.2	17161	T	G	30254	8943	38	3	0	29	9.91408e-05	30260	1	FALSE	NA	NA	NA	NA	NA	NA
NC_045512.2	17161	T	C	30254	8943	38	3	2	31	9.91408e-05	30260	1	FALSE	NA	NA	NA	NA	NA	NA
NC_045512.2	17162	G	T	30068	8946	38	2	0	34	6.65115e-05	30070	1	FALSE	NA	NA	NA	NA	NA	NA
NC_045512.2	17163	C	T	29408	9142	38	9	4	47	0.000305935	29418	0.0326902	FALSE	NA	NA	NA	NA	NA	NA
NC_045512.2	17163	C	A	29408	9142	38	1	1	34	3.39928e-05	29418	1	FALSE	NA	NA	NA	NA	NA	NA
NC_045512.2	17164	T	G	29088	8785	38	1	0	26	3.43713e-05	29094	1	FALSE	NA	NA	NA	NA	NA	NA
NC_045512.2	17164	T	C	29088	8785	38	5	4	47	0.000171857	29094	0.226506	FALSE	NA	NA	NA	NA	NA	NA
NC_045512.2	17165	C	T	28835	9277	38	1	0	68	3.46789e-05	28836	0.499983	FALSE	NA	NA	NA	NA	NA	NA
NC_045512.2	17166	T	C	28657	9144	38	5	5	32	0.000174447	28662	0.999995	FALSE	NA	NA	NA	NA	NA	NA
NC_045512.2	17167	C	T	28705	9211	38	1	0	34	3.48359e-05	28706	1	FALSE	NA	NA	NA	NA	NA	NA
NC_045512.2	17168	A	G	28652	9264	38	2	0	34	6.97983e-05	28654	1	FALSE	NA	NA	NA	NA	NA	NA
NC_045512.2	17169	T	C	28907	9529	38	1	0	34	3.45913e-05	28909	1	FALSE	NA	NA	NA	NA	NA	NA
NC_045512.2	17169	T	A	28907	9529	38	1	1	26	3.45913e-05	28909	1	FALSE	NA	NA	NA	NA	NA	NA
NC_045512.2	17170	G	A	28655	9557	38	3	0	34	0.000104683	28658	1	FALSE	NA	NA	NA	NA	NA	NA
NC_045512.2	17171	C	T	28459	9627	38	18	2	35	0.000632089	28477	0.948142	FALSE	NA	NA	NA	NA	NA	NA
NC_045512.2	17172	C	T	28357	9554	38	2	0	34	7.05219e-05	28360	1	FALSE	NA	NA	NA	NA	NA	NA
NC_045512.2	17172	C	G	28357	9554	38	1	0	26	3.52609e-05	28360	1	FALSE	NA	NA	NA	NA	NA	NA
NC_045512.2	17173	G	T	28462	9532	38	1	0	34	3.51247e-05	28470	1	FALSE	NA	NA	NA	NA	NA	NA
NC_045512.2	17173	G	A	28462	9532	38	7	0	34	0.000245873	28470	0.999942	FALSE	NA	NA	NA	NA	NA	NA
NC_045512.2	17174	C	T	26836	9946	38	2	0	34	7.45212e-05	26838	1	FALSE	NA	NA	NA	NA	NA	NA
NC_045512.2	17175	T	G	26742	9805	37	9	0	34	0.000336222	26768	0.999057	FALSE	NA	NA	NA	NA	NA	NA
NC_045512.2	17175	T	C	26742	9805	37	5	1	40	0.00018679	26768	0.226195	FALSE	NA	NA	NA	NA	NA	NA
NC_045512.2	17175	T	A	26742	9805	37	12	0	34	0.000448296	26768	0.993055	FALSE	NA	NA	NA	NA	NA	NA
NC_045512.2	17176	G	T	35959	10106	37	3	2	34	8.34191e-05	35963	1	FALSE	NA	NA	NA	NA	NA	NA
NC_045512.2	17176	G	A	35959	10106	37	1	0	34	2.78064e-05	35963	1	FALSE	NA	NA	NA	NA	NA	NA
NC_045512.2	17177	T	C	35595	9815	36	5	0	34	0.000140449	35600	1	FALSE	NA	NA	NA	NA	NA	NA
NC_045512.2	17178	T	C	36139	10186	37	10	4	40	0.000276633	36149	0.0461329	FALSE	NA	NA	NA	NA	NA	NA
NC_045512.2	17179	G	A	36162	10177	37	1	0	34	2.76526e-05	36163	1	FALSE	NA	NA	NA	NA	NA	NA
NC_045512.2	17180	A	T	36101	10310	37	2	0	34	5.53817e-05	36113	1	FALSE	NA	NA	NA	NA	NA	NA
NC_045512.2	17180	A	G	36101	10310	37	10	9	34	0.000276909	36113	0.99998	FALSE	NA	NA	NA	NA	NA	NA
NC_045512.2	17181	T	G	36058	10309	37	1	0	34	2.77308e-05	36061	1	FALSE	NA	NA	NA	NA	NA	NA
NC_045512.2	17181	T	C	36058	10309	37	2	1	34	5.54616e-05	36061	1	FALSE	NA	NA	NA	NA	NA	NA
NC_045512.2	17182	G	A	35447	10332	37	1	0	34	2.82103e-05	35448	1	FALSE	NA	NA	NA	NA	NA	NA
NC_045512.2	17183	C	T	35382	10396	37	16	1	36	0.000451914	35405	0.997702	FALSE	NA	NA	NA	NA	NA	NA
NC_045512.2	17183	C	G	35382	10396	37	2	0	30	5.64892e-05	35405	1	FALSE	NA	NA	NA	NA	NA	NA
NC_045512.2	17183	C	A	35382	10396	37	5	0	34	0.000141223	35405	1	FALSE	NA	NA	NA	NA	NA	NA
NC_045512.2	17184	A	G	35460	10363	37	2	1	34	5.63968e-05	35463	1	FALSE	NA	NA	NA	NA	NA	NA
NC_045512.2	17184	A	C	35460	10363	37	1	1	34	2.81984e-05	35463	1	FALSE	NA	NA	NA	NA	NA	NA
NC_045512.2	17185	C	G	34433	10722	36	1	0	34	2.90394e-05	34436	1	FALSE	NA	NA	NA	NA	NA	NA
NC_045512.2	17185	C	A	34433	10722	36	2	0	34	5.80788e-05	34436	1	FALSE	NA	NA	NA	NA	NA	NA
NC_045512.2	17186	T	G	33585	9870	36	1	0	26	2.97734e-05	33587	1	FALSE	NA	NA	NA	NA	NA	NA
NC_045512.2	17186	T	C	33585	9870	36	1	0	34	2.97734e-05	33587	1	FALSE	NA	NA	NA	NA	NA	NA
NC_045512.2	17187	A	G	34056	9847	36	5	5	34	0.000146795	34061	1	FALSE	NA	NA	NA	NA	NA	NA
NC_045512.2	17188	T	C	34327	10006	36	2	0	30	5.82598e-05	34329	1	FALSE	NA	NA	NA	NA	NA	NA
NC_045512.2	17189	G	T	34356	9995	36	5	0	34	0.000145497	34365	1	FALSE	NA	NA	NA	NA	NA	NA
NC_045512.2	17189	G	C	34356	9995	36	1	1	34	2.90994e-05	34365	1	FALSE	NA	NA	NA	NA	NA	NA
NC_045512.2	17189	G	A	34356	9995	36	3	1	34	8.72981e-05	34365	1	FALSE	NA	NA	NA	NA	NA	NA
NC_045512.2	17190	T	G	34362	10017	36	1	0	34	2.90994e-05	34365	1	FALSE	NA	NA	NA	NA	NA	NA
NC_045512.2	17190	T	C	34362	10017	36	1	0	34	2.90994e-05	34365	1	FALSE	NA	NA	NA	NA	NA	NA
NC_045512.2	17190	T	A	34362	10017	36	1	0	34	2.90994e-05	34365	1	FALSE	NA	NA	NA	NA	NA	NA
NC_045512.2	17190	T	-GA	34362	10017	36	1	0	20	2.90994e-05	34365	1	FALSE	NA	NA	NA	NA	NA	NA
NC_045512.2	17192	A	T	33498	10052	36	1	0	34	2.98454e-05	33506	1	FALSE	NA	NA	NA	NA	NA	NA
NC_045512.2	17192	A	G	33498	10052	36	6	4	39	0.000179072	33506	0.999999	FALSE	NA	NA	NA	NA	NA	NA
NC_045512.2	17192	A	C	33498	10052	36	1	1	34	2.98454e-05	33506	1	FALSE	NA	NA	NA	NA	NA	NA
NC_045512.2	17193	G	A	33416	10013	36	8	6	33	0.000239349	33424	0.999987	FALSE	NA	NA	NA	NA	NA	NA
NC_045512.2	17194	A	G	30883	9411	34	2	1	34	6.47564e-05	30885	1	FALSE	NA	NA	NA	NA	NA	NA
NC_045512.2	17195	A	G	32749	9395	36	6	1	34	0.000183167	32757	0.999998	FALSE	NA	NA	NA	NA	NA	NA
NC_045512.2	17195	A	C	32749	9395	36	2	2	30	6.10557e-05	32757	1	FALSE	NA	NA	NA	NA	NA	NA
NC_045512.2	17197	G	A	33491	11021	37	6	1	31	0.000179121	33497	0.999999	FALSE	NA	NA	NA	NA	NA	NA
NC_045512.2	17198	C	T	33700	11251	37	1	0	34	2.96701e-05	33704	1	FALSE	NA	NA	NA	NA	NA	NA
NC_045512.2	17198	C	A	33700	11251	37	3	1	31	8.90102e-05	33704	1	FALSE	NA	NA	NA	NA	NA	NA
NC_045512.2	17199	A	T	33713	11239	37	1	0	34	2.96604e-05	33715	1	FALSE	NA	NA	NA	NA	NA	NA
NC_045512.2	17199	A	G	33713	11239	37	1	0	34	2.96604e-05	33715	1	FALSE	NA	NA	NA	NA	NA	NA
NC_045512.2	17200	T	C	33723	11231	37	5	1	45	0.00014824	33729	0.363273	FALSE	NA	NA	NA	NA	NA	NA
NC_045512.2	17200	T	A	33723	11231	37	1	0	26	2.96481e-05	33729	1	FALSE	NA	NA	NA	NA	NA	NA
NC_045512.2	17201	T	C	33427	11541	37	4	4	34	0.000119649	33431	1	FALSE	NA	NA	NA	NA	NA	NA
NC_045512.2	17201	T	-A	33427	11541	37	1	0	20	2.99124e-05	33431	1	FALSE	NA	NA	NA	NA	NA	NA
NC_045512.2	17202	A	T	33259	11581	37	7	2	31	0.000210425	33266	0.999996	FALSE	NA	NA	NA	NA	NA	NA
NC_045512.2	17203	A	G	32848	11712	37	2	1	34	6.08828e-05	32850	1	FALSE	NA	NA	NA	NA	NA	NA
NC_045512.2	17204	A	G	33556	12579	37	1	1	34	2.97992e-05	33558	1	FALSE	NA	NA	NA	NA	NA	NA
NC_045512.2	17204	A	C	33556	12579	37	1	1	26	2.97992e-05	33558	1	FALSE	NA	NA	NA	NA	NA	NA
NC_045512.2	17205	A	G	33838	12880	38	2	2	34	5.91017e-05	33840	1	FALSE	NA	NA	NA	NA	NA	NA
NC_045512.2	17206	T	G	33571	12753	37	3	0	34	8.93442e-05	33578	1	FALSE	NA	NA	NA	NA	NA	NA
NC_045512.2	17206	T	C	33571	12753	37	2	0	34	5.95628e-05	33578	1	FALSE	NA	NA	NA	NA	NA	NA
NC_045512.2	17206	T	A	33571	12753	37	2	0	26	5.95628e-05	33578	1	FALSE	NA	NA	NA	NA	NA	NA
NC_045512.2	17207	A	G	33849	13267	38	2	2	34	5.90824e-05	33851	1	FALSE	NA	NA	NA	NA	NA	NA
NC_045512.2	17208	T	C	33924	13195	38	3	1	31	8.84251e-05	33927	1	FALSE	NA	NA	NA	NA	NA	NA
NC_045512.2	17209	T	C	33802	13127	38	4	0	34	0.000118319	33807	1	FALSE	NA	NA	NA	NA	NA	NA
NC_045512.2	17209	T	A	33802	13127	38	1	1	68	2.95797e-05	33807	0.499978	FALSE	NA	NA	NA	NA	NA	NA
NC_045512.2	17210	T	C	34189	13594	38	4	1	34	0.000116983	34193	1	FALSE	NA	NA	NA	NA	NA	NA
NC_045512.2	17212	C	A	34792	14818	38	1	0	34	2.87414e-05	34793	1	FALSE	NA	NA	NA	NA	NA	NA
NC_045512.2	17214	T	C	34976	14955	39	6	3	60	0.000171517	34982	0.015623	FALSE	NA	NA	NA	NA	NA	NA
NC_045512.2	17215	A	C	34953	14979	39	2	2	34	5.72164e-05	34955	1	FALSE	NA	NA	NA	NA	NA	NA
NC_045512.2	17216	T	A	35035	15000	39	1	1	34	2.85421e-05	35036	1	FALSE	NA	NA	NA	NA	NA	NA
NC_045512.2	17217	A	T	34844	15021	39	3	0	34	8.60635e-05	34858	1	FALSE	NA	NA	NA	NA	NA	NA
NC_045512.2	17217	A	G	34844	15021	39	1	1	34	2.86878e-05	34858	1	FALSE	NA	NA	NA	NA	NA	NA
NC_045512.2	17217	A	C	34844	15021	39	10	10	28	0.000286878	34858	1	FALSE	NA	NA	NA	NA	NA	NA
NC_045512.2	17218	G	A	34934	15088	38	3	0	34	8.58688e-05	34937	1	FALSE	NA	NA	NA	NA	NA	NA
NC_045512.2	17219	A	G	35018	15296	38	3	2	34	8.56629e-05	35021	1	FALSE	NA	NA	NA	NA	NA	NA
NC_045512.2	17220	T	C	35311	15635	39	3	2	42	8.49521e-05	35314	0.65627	FALSE	NA	NA	NA	NA	NA	NA
NC_045512.2	17221	A	G	35536	16015	39	2	0	47	5.62778e-05	35538	0.812518	FALSE	NA	NA	NA	NA	NA	NA
NC_045512.2	17222	A	G	35896	16474	39	1	1	34	2.78575e-05	35897	1	FALSE	NA	NA	NA	NA	NA	NA
NC_045512.2	17223	A	T	35887	17302	39	1	0	34	2.78629e-05	35890	1	FALSE	NA	NA	NA	NA	NA	NA
NC_045512.2	17223	A	G	35887	17302	39	2	1	34	5.57258e-05	35890	1	FALSE	NA	NA	NA	NA	NA	NA
NC_045512.2	17224	T	C	36107	17271	39	3	3	28	8.30795e-05	36110	1	FALSE	NA	NA	NA	NA	NA	NA
NC_045512.2	17225	G	C	36190	17352	39	2	2	30	5.52608e-05	36192	1	FALSE	NA	NA	NA	NA	NA	NA
NC_045512.2	17226	T	C	36097	17755	39	6	5	32	0.000166191	36103	1	FALSE	NA	NA	NA	NA	NA	NA
NC_045512.2	17227	A	G	35463	17134	39	4	3	34	0.000112778	35468	1	FALSE	NA	NA	NA	NA	NA	NA
NC_045512.2	17227	A	C	35463	17134	39	1	1	34	2.81944e-05	35468	1	FALSE	NA	NA	NA	NA	NA	NA
NC_045512.2	17228	G	A	34895	17356	39	4	2	42	0.000114616	34899	0.500016	FALSE	NA	NA	NA	NA	NA	NA
NC_045512.2	17228	G	-T	34895	17356	39	1	0	20	2.86541e-05	34899	1	FALSE	NA	NA	NA	NA	NA	NA
NC_045512.2	17229	T	C	36635	19444	39	1	0	34	2.72948e-05	36637	1	FALSE	NA	NA	NA	NA	NA	NA
NC_045512.2	17229	T	A	36635	19444	39	1	0	34	2.72948e-05	36637	1	FALSE	NA	NA	NA	NA	NA	NA
NC_045512.2	17230	A	T	36593	19407	39	2	2	47	5.46448e-05	36600	0.812474	FALSE	NA	NA	NA	NA	NA	NA
NC_045512.2	17230	A	G	36593	19407	39	5	3	39	0.000136612	36600	1	FALSE	NA	NA	NA	NA	NA	NA
NC_045512.2	17231	G	T	37027	19424	39	1	1	68	2.70044e-05	37031	0.499986	FALSE	NA	NA	NA	NA	NA	NA
NC_045512.2	17231	G	A	37027	19424	39	3	1	45	8.10132e-05	37031	0.656256	FALSE	NA	NA	NA	NA	NA	NA
NC_045512.2	17232	A	G	36821	19169	39	4	3	42	0.000108619	36826	0.5	FALSE	NA	NA	NA	NA	NA	NA
NC_045512.2	17232	A	C	36821	19169	39	1	1	34	2.71547e-05	36826	1	FALSE	NA	NA	NA	NA	NA	NA
NC_045512.2	17233	A	G	37881	20558	40	3	1	30	7.9187e-05	37885	1	FALSE	NA	NA	NA	NA	NA	NA
NC_045512.2	17233	A	C	37881	20558	40	1	1	26	2.63957e-05	37885	1	FALSE	NA	NA	NA	NA	NA	NA
NC_045512.2	17234	T	G	37940	20644	40	1	0	34	2.63532e-05	37946	1	FALSE	NA	NA	NA	NA	NA	NA
NC_045512.2	17234	T	C	37940	20644	40	2	1	51	5.27065e-05	37946	0.249977	FALSE	NA	NA	NA	NA	NA	NA
NC_045512.2	17234	T	A	37940	20644	40	3	0	34	7.90597e-05	37946	1	FALSE	NA	NA	NA	NA	NA	NA
NC_045512.2	17235	T	C	37663	20468	39	1	0	34	2.65506e-05	37664	1	FALSE	NA	NA	NA	NA	NA	NA
NC_045512.2	17236	A	G	37883	20676	40	3	1	42	7.91849e-05	37886	0.656269	FALSE	NA	NA	NA	NA	NA	NA
NC_045512.2	17237	T	C	37722	20559	39	1	1	68	2.65083e-05	37724	0.5	FALSE	NA	NA	NA	NA	NA	NA
NC_045512.2	17237	T	A	37722	20559	39	1	1	26	2.65083e-05	37724	1	FALSE	NA	NA	NA	NA	NA	NA
NC_045512.2	17238	A	T	37786	20646	39	1	0	27	2.64599e-05	37793	1	FALSE	NA	NA	NA	NA	NA	NA
NC_045512.2	17238	A	G	37786	20646	39	5	4	34	0.0001323	37793	1	FALSE	NA	NA	NA	NA	NA	NA
NC_045512.2	17238	A	C	37786	20646	39	1	1	27	2.64599e-05	37793	1	FALSE	NA	NA	NA	NA	NA	NA
NC_045512.2	17239	C	A	38151	21081	40	2	1	51	5.24205e-05	38153	0.250003	FALSE	NA	NA	NA	NA	NA	NA
NC_045512.2	17240	C	G	37241	20597	40	1	0	68	2.68456e-05	37250	0.499953	FALSE	NA	NA	NA	NA	NA	NA
NC_045512.2	17240	C	A	37241	20597	40	8	0	34	0.000214765	37250	0.999998	FALSE	NA	NA	NA	NA	NA	NA
NC_045512.2	17241	T	G	35049	18226	40	3	0	28	8.55652e-05	35061	1	FALSE	NA	NA	NA	NA	NA	NA
NC_045512.2	17241	T	C	35049	18226	40	8	7	42	0.000228174	35061	0.113235	FALSE	NA	NA	NA	NA	NA	NA
NC_045512.2	17241	T	A	35049	18226	40	1	1	68	2.85217e-05	35061	0.499929	FALSE	NA	NA	NA	NA	NA	NA
NC_045512.2	17242	G	T	35161	18313	40	4	4	34	0.000113669	35190	1	FALSE	NA	NA	NA	NA	NA	NA
NC_045512.2	17242	G	C	35161	18313	40	3	3	45	8.52515e-05	35190	0.655923	FALSE	NA	NA	NA	NA	NA	NA
NC_045512.2	17242	G	A	35161	18313	40	22	15	38	0.000625178	35190	0.968639	FALSE	NA	NA	NA	NA	NA	NA
NC_045512.2	17243	C	T	35155	18513	40	3	1	34	8.53267e-05	35159	1	FALSE	NA	NA	NA	NA	NA	NA
NC_045512.2	17243	C	G	35155	18513	40	1	0	34	2.84422e-05	35159	1	FALSE	NA	NA	NA	NA	NA	NA
NC_045512.2	17244	A	T	35254	18656	40	1	1	34	2.8364e-05	35256	1	FALSE	NA	NA	NA	NA	NA	NA
NC_045512.2	17244	A	G	35254	18656	40	1	1	34	2.8364e-05	35256	1	FALSE	NA	NA	NA	NA	NA	NA
NC_045512.2	17245	C	T	35360	18691	40	1	1	34	2.82797e-05	35361	1	FALSE	NA	NA	NA	NA	NA	NA
NC_045512.2	17246	G	T	35316	18650	40	1	0	34	2.83126e-05	35320	1	FALSE	NA	NA	NA	NA	NA	NA
NC_045512.2	17246	G	A	35316	18650	40	3	1	34	8.49377e-05	35320	1	FALSE	NA	NA	NA	NA	NA	NA
NC_045512.2	17247	T	C	36342	20019	41	2	2	34	5.50297e-05	36344	1	FALSE	NA	NA	NA	NA	NA	NA
NC_045512.2	17248	G	A	36343	20129	41	7	3	43	0.000192572	36350	0.171869	FALSE	NA	NA	NA	NA	NA	NA
NC_045512.2	17249	C	T	35194	22727	40	3	3	28	8.52345e-05	35197	1	FALSE	NA	NA	NA	NA	NA	NA
NC_045512.2	17250	T	G	35248	23196	39	1	0	26	2.83664e-05	35253	1	FALSE	NA	NA	NA	NA	NA	NA
NC_045512.2	17250	T	C	35248	23196	39	4	1	42	0.000113466	35253	0.5	FALSE	NA	NA	NA	NA	NA	NA
NC_045512.2	17251	C	T	36552	25224	39	3	3	34	8.20681e-05	36555	1	FALSE	NA	NA	NA	NA	NA	NA
NC_045512.2	17252	G	A	36603	25260	39	13	6	35	0.000355036	36616	0.999766	FALSE	NA	NA	NA	NA	NA	NA
NC_045512.2	17253	T	C	36214	24955	39	1	1	34	2.76121e-05	36216	1	FALSE	NA	NA	NA	NA	NA	NA
NC_045512.2	17253	T	A	36214	24955	39	1	1	26	2.76121e-05	36216	1	FALSE	NA	NA	NA	NA	NA	NA
NC_045512.2	17254	G	C	37064	25820	40	1	1	27	2.69789e-05	37066	1	FALSE	NA	NA	NA	NA	NA	NA
NC_045512.2	17254	G	A	37064	25820	40	1	0	34	2.69789e-05	37066	1	FALSE	NA	NA	NA	NA	NA	NA
NC_045512.2	17255	T	G	37137	25951	40	1	0	34	2.69222e-05	37144	1	FALSE	NA	NA	NA	NA	NA	NA
NC_045512.2	17255	T	C	37137	25951	40	5	3	47	0.000134611	37144	0.363259	FALSE	NA	NA	NA	NA	NA	NA
NC_045512.2	17255	T	A	37137	25951	40	1	1	34	2.69222e-05	37144	1	FALSE	NA	NA	NA	NA	NA	NA
NC_045512.2	17256	A	G	36805	25633	40	8	4	38	0.000217315	36813	0.999997	FALSE	NA	NA	NA	NA	NA	NA
NC_045512.2	17257	G	T	36773	25643	40	1	0	34	2.71924e-05	36775	1	FALSE	NA	NA	NA	NA	NA	NA
NC_045512.2	17257	G	A	36773	25643	40	1	1	68	2.71924e-05	36775	0.5	FALSE	NA	NA	NA	NA	NA	NA
NC_045512.2	17258	A	G	36013	25024	40	4	3	59	0.000111059	36017	0.0624983	FALSE	NA	NA	NA	NA	NA	NA
NC_045512.2	17259	G	T	35949	24991	40	1	1	34	2.78125e-05	35955	1	FALSE	NA	NA	NA	NA	NA	NA
NC_045512.2	17259	G	C	35949	24991	40	3	3	34	8.34376e-05	35955	1	FALSE	NA	NA	NA	NA	NA	NA
NC_045512.2	17259	G	A	35949	24991	40	2	2	34	5.56251e-05	35955	1	FALSE	NA	NA	NA	NA	NA	NA
NC_045512.2	17261	G	T	34590	23726	40	1	1	34	2.89059e-05	34595	1	FALSE	NA	NA	NA	NA	NA	NA
NC_045512.2	17261	G	A	34590	23726	40	4	2	30	0.000115624	34595	1	FALSE	NA	NA	NA	NA	NA	NA
NC_045512.2	17262	T	C	34796	23942	40	1	1	68	2.87381e-05	34797	0.500007	FALSE	NA	NA	NA	NA	NA	NA
NC_045512.2	17263	T	G	34667	23839	40	1	1	26	2.88425e-05	34671	1	FALSE	NA	NA	NA	NA	NA	NA
NC_045512.2	17263	T	C	34667	23839	40	3	2	45	8.65276e-05	34671	0.656257	FALSE	NA	NA	NA	NA	NA	NA
NC_045512.2	17264	T	C	34739	23988	40	2	2	34	5.75689e-05	34741	1	FALSE	NA	NA	NA	NA	NA	NA
NC_045512.2	17265	T	G	34715	24018	40	1	1	26	2.88002e-05	34722	1	FALSE	NA	NA	NA	NA	NA	NA
NC_045512.2	17265	T	C	34715	24018	40	6	4	38	0.000172801	34722	0.999999	FALSE	NA	NA	NA	NA	NA	NA
NC_045512.2	17265	T	-G	34715	24018	40	1	0	20	2.88002e-05	34722	1	FALSE	NA	NA	NA	NA	NA	NA
NC_045512.2	17266	G	T	34677	23932	40	2	2	34	5.76701e-05	34680	1	FALSE	NA	NA	NA	NA	NA	NA
NC_045512.2	17266	G	A	34677	23932	40	1	1	34	2.88351e-05	34680	1	FALSE	NA	NA	NA	NA	NA	NA
NC_045512.2	17267	A	T	34808	24060	40	4	3	34	0.0001149	34813	1	FALSE	NA	NA	NA	NA	NA	NA
NC_045512.2	17267	A	G	34808	24060	40	1	1	34	2.87249e-05	34813	1	FALSE	NA	NA	NA	NA	NA	NA
NC_045512.2	17268	T	G	34716	24028	40	3	1	26	8.63981e-05	34723	1	FALSE	NA	NA	NA	NA	NA	NA
NC_045512.2	17268	T	C	34716	24028	40	4	4	30	0.000115197	34723	1	FALSE	NA	NA	NA	NA	NA	NA
NC_045512.2	17269	A	G	34459	24066	39	1	1	34	2.90175e-05	34462	1	FALSE	NA	NA	NA	NA	NA	NA
NC_045512.2	17269	A	C	34459	24066	39	2	2	30	5.80349e-05	34462	1	FALSE	NA	NA	NA	NA	NA	NA
NC_045512.2	17271	A	G	34439	23905	40	3	2	34	8.71004e-05	34443	1	FALSE	NA	NA	NA	NA	NA	NA
NC_045512.2	17271	A	C	34439	23905	40	1	1	34	2.90335e-05	34443	1	FALSE	NA	NA	NA	NA	NA	NA
NC_045512.2	17272	T	C	34305	23711	40	2	1	34	5.82971e-05	34307	1	FALSE	NA	NA	NA	NA	NA	NA
NC_045512.2	17273	T	C	34523	23977	40	3	2	45	8.6891e-05	34526	0.65627	FALSE	NA	NA	NA	NA	NA	NA
NC_045512.2	17274	C	T	34458	23960	40	8	5	68	0.000232113	34466	0.00390512	TRUE	NA	NA	NA	NA	NA	NA
NC_045512.2	17275	A	G	34301	23829	40	3	1	56	8.74508e-05	34305	0.124995	FALSE	NA	NA	NA	NA	NA	NA
NC_045512.2	17275	A	C	34301	23829	40	1	1	34	2.91503e-05	34305	1	FALSE	NA	NA	NA	NA	NA	NA
NC_045512.2	17276	A	G	34174	23867	40	3	2	34	8.77783e-05	34177	1	FALSE	NA	NA	NA	NA	NA	NA
NC_045512.2	17277	A	G	29556	25999	36	2	1	34	6.7659e-05	29560	1	FALSE	NA	NA	NA	NA	NA	NA
NC_045512.2	17277	A	C	29556	25999	36	2	2	29	6.7659e-05	29560	1	FALSE	NA	NA	NA	NA	NA	NA
NC_045512.2	17279	T	G	30498	26823	36	2	1	26	6.55652e-05	30504	1	FALSE	NA	NA	NA	NA	NA	NA
NC_045512.2	17279	T	C	30498	26823	36	4	4	34	0.00013113	30504	1	FALSE	NA	NA	NA	NA	NA	NA
NC_045512.2	17280	G	A	30206	26497	36	3	2	34	9.93082e-05	30209	1	FALSE	NA	NA	NA	NA	NA	NA
NC_045512.2	17281	A	G	30447	26751	36	5	5	40	0.000164193	30452	0.36329	FALSE	NA	NA	NA	NA	NA	NA
NC_045512.2	17282	A	G	30517	26848	36	1	1	34	3.27665e-05	30519	1	FALSE	NA	NA	NA	NA	NA	NA
NC_045512.2	17282	A	C	30517	26848	36	1	1	26	3.27665e-05	30519	1	FALSE	NA	NA	NA	NA	NA	NA
NC_045512.2	17283	T	C	30933	27283	36	6	6	34	0.00019393	30939	0.999994	FALSE	NA	NA	NA	NA	NA	NA
NC_045512.2	17285	C	T	31371	28311	36	5	5	34	0.000159352	31377	0.999999	FALSE	NA	NA	NA	NA	NA	NA
NC_045512.2	17285	C	G	31371	28311	36	1	0	68	3.18705e-05	31377	0.499968	FALSE	NA	NA	NA	NA	NA	NA
NC_045512.2	17286	A	G	32655	29693	36	6	6	34	0.000183705	32661	0.999998	FALSE	NA	NA	NA	NA	NA	NA
NC_045512.2	17287	A	G	32678	29744	36	5	5	39	0.000152985	32683	0.999999	FALSE	NA	NA	NA	NA	NA	NA
NC_045512.2	17288	C	T	32723	30032	35	1	1	34	3.05577e-05	32725	1	FALSE	NA	NA	NA	NA	NA	NA
NC_045512.2	17288	C	A	32723	30032	35	1	1	34	3.05577e-05	32725	1	FALSE	NA	NA	NA	NA	NA	NA
NC_045512.2	17289	A	G	32578	29901	35	3	2	34	9.20782e-05	32581	1	FALSE	NA	NA	NA	NA	NA	NA
NC_045512.2	17290	T	G	33081	30460	35	1	0	34	3.02279e-05	33082	1	FALSE	NA	NA	NA	NA	NA	NA
NC_045512.2	17291	T	C	34074	31517	35	3	3	34	8.80359e-05	34077	1	FALSE	NA	NA	NA	NA	NA	NA
NC_045512.2	17292	A	G	33871	31313	35	5	4	40	0.000147597	33876	0.363289	FALSE	NA	NA	NA	NA	NA	NA
NC_045512.2	17294	A	G	36600	34240	36	3	3	45	8.19605e-05	36603	0.656269	FALSE	NA	NA	NA	NA	NA	NA
NC_045512.2	17295	A	T	36566	34187	36	3	3	34	8.20277e-05	36573	1	FALSE	NA	NA	NA	NA	NA	NA
NC_045512.2	17295	A	G	36566	34187	36	3	3	45	8.20277e-05	36573	0.656218	FALSE	NA	NA	NA	NA	NA	NA
NC_045512.2	17295	A	C	36566	34187	36	1	1	34	2.73426e-05	36573	1	FALSE	NA	NA	NA	NA	NA	NA
NC_045512.2	17296	C	T	36638	34265	36	5	5	34	0.000136452	36643	1	FALSE	NA	NA	NA	NA	NA	NA
NC_045512.2	17297	A	G	33678	31327	36	10	6	35	0.000296815	33691	0.999915	FALSE	NA	NA	NA	NA	NA	NA
NC_045512.2	17297	A	C	33678	31327	36	3	3	31	8.90446e-05	33691	1	FALSE	NA	NA	NA	NA	NA	NA
NC_045512.2	17297	A	-G	33678	31327	36	1	0	20	2.96815e-05	33691	1	FALSE	NA	NA	NA	NA	NA	NA
NC_045512.2	17298	G	C	33732	31376	36	3	3	34	8.89258e-05	33736	1	FALSE	NA	NA	NA	NA	NA	NA
NC_045512.2	17298	G	A	33732	31376	36	1	1	34	2.96419e-05	33736	1	FALSE	NA	NA	NA	NA	NA	NA
NC_045512.2	17299	T	C	33402	31088	36	2	2	34	5.98731e-05	33404	1	FALSE	NA	NA	NA	NA	NA	NA
NC_045512.2	17299	T	-A	33402	31088	36	2633	0	20	0.0788229	33404	0	TRUE	NA	NA	NA	NA	NA	NA
NC_045512.2	17300	A	T	30733	28598	36	1	1	26	3.25341e-05	30737	1	FALSE	NA	NA	NA	NA	NA	NA
NC_045512.2	17300	A	G	30733	28598	36	3	2	45	9.76022e-05	30737	0.617237	FALSE	NA	NA	NA	NA	NA	NA
NC_045512.2	17301	T	C	33054	30755	36	2	2	34	6.05016e-05	33057	1	FALSE	NA	NA	NA	NA	NA	NA
NC_045512.2	17301	T	A	33054	30755	36	1	1	34	3.02508e-05	33057	1	FALSE	NA	NA	NA	NA	NA	NA
NC_045512.2	17302	G	A	33220	30919	36	3	3	34	9.02989e-05	33223	1	FALSE	NA	NA	NA	NA	NA	NA
NC_045512.2	17303	T	G	33118	30831	36	1	1	26	3.01923e-05	33121	1	FALSE	NA	NA	NA	NA	NA	NA
NC_045512.2	17303	T	C	33118	30831	36	1	0	34	3.01923e-05	33121	1	FALSE	NA	NA	NA	NA	NA	NA
NC_045512.2	17303	T	A	33118	30831	36	1	1	34	3.01923e-05	33121	1	FALSE	NA	NA	NA	NA	NA	NA
NC_045512.2	17304	C	G	33091	30827	36	1	1	34	3.02188e-05	33092	1	FALSE	NA	NA	NA	NA	NA	NA
NC_045512.2	17304	C	-T	33091	30827	36	2	0	20	6.04376e-05	33092	1	FALSE	NA	NA	NA	NA	NA	NA
NC_045512.2	17304	C	+T	33091	30827	36	1	0	20	3.02188e-05	33092	1	FALSE	NA	NA	NA	NA	NA	NA
NC_045512.2	17305	T	C	32542	30277	36	4	4	32	0.000122899	32547	1	FALSE	NA	NA	NA	NA	NA	NA
NC_045512.2	17305	T	A	32542	30277	36	1	1	34	3.07248e-05	32547	1	FALSE	NA	NA	NA	NA	NA	NA
NC_045512.2	17306	T	C	30454	28197	34	1	1	34	3.28353e-05	30455	1	FALSE	NA	NA	NA	NA	NA	NA
NC_045512.2	17307	T	C	31372	29110	36	1	1	34	3.18735e-05	31374	1	FALSE	NA	NA	NA	NA	NA	NA
NC_045512.2	17307	T	A	31372	29110	36	1	1	34	3.18735e-05	31374	1	FALSE	NA	NA	NA	NA	NA	NA
NC_045512.2	17308	T	C	30953	28700	36	3	2	30	9.69117e-05	30956	1	FALSE	NA	NA	NA	NA	NA	NA
NC_045512.2	17309	G	C	30846	28592	36	1	1	34	3.24181e-05	30847	1	FALSE	NA	NA	NA	NA	NA	NA
NC_045512.2	17310	T	C	30908	28646	36	2	2	34	6.4704e-05	30910	1	FALSE	NA	NA	NA	NA	NA	NA
NC_045512.2	17311	A	T	30287	28035	36	1	1	34	3.30131e-05	30291	1	FALSE	NA	NA	NA	NA	NA	NA
NC_045512.2	17311	A	G	30287	28035	36	3	3	34	9.90393e-05	30291	1	FALSE	NA	NA	NA	NA	NA	NA
NC_045512.2	17312	C	T	30356	28168	36	2	2	51	6.58805e-05	30358	0.250004	FALSE	NA	NA	NA	NA	NA	NA
NC_045512.2	17313	T	C	28689	26513	36	7	6	36	0.000243936	28696	0.999942	FALSE	NA	NA	NA	NA	NA	NA
NC_045512.2	17314	G	C	28612	26404	36	1	1	34	3.49406e-05	28620	1	FALSE	NA	NA	NA	NA	NA	NA
NC_045512.2	17314	G	A	28612	26404	36	7	7	37	0.000244584	28620	0.999942	FALSE	NA	NA	NA	NA	NA	NA
NC_045512.2	17315	T	C	28626	26434	36	1	0	68	3.49321e-05	28627	0.500009	FALSE	NA	NA	NA	NA	NA	NA
NC_045512.2	17315	T	-A	28626	26434	36	2	0	20	6.98641e-05	28627	1	FALSE	NA	NA	NA	NA	NA	NA
NC_045512.2	17315	T	+A	28626	26434	36	2	0	20	6.98641e-05	28627	1	FALSE	NA	NA	NA	NA	NA	NA
NC_045512.2	17316	A	G	28441	26242	36	3	3	34	0.00010547	28444	1	FALSE	NA	NA	NA	NA	NA	NA
NC_045512.2	17317	A	T	28513	26325	36	2	2	34	7.01336e-05	28517	1	FALSE	NA	NA	NA	NA	NA	NA
NC_045512.2	17317	A	G	28513	26325	36	1	1	26	3.50668e-05	28517	1	FALSE	NA	NA	NA	NA	NA	NA
NC_045512.2	17317	A	C	28513	26325	36	1	1	34	3.50668e-05	28517	1	FALSE	NA	NA	NA	NA	NA	NA
NC_045512.2	17318	A	T	28327	26262	36	2	2	30	7.0594e-05	28331	1	FALSE	NA	NA	NA	NA	NA	NA
NC_045512.2	17318	A	C	28327	26262	36	2	2	30	7.0594e-05	28331	1	FALSE	NA	NA	NA	NA	NA	NA
NC_045512.2	17319	T	C	28378	26369	36	2	2	34	7.04722e-05	28380	1	FALSE	NA	NA	NA	NA	NA	NA
NC_045512.2	17320	G	C	28183	26193	36	2	2	34	7.09522e-05	28188	1	FALSE	NA	NA	NA	NA	NA	NA
NC_045512.2	17320	G	A	28183	26193	36	3	3	34	0.000106428	28188	1	FALSE	NA	NA	NA	NA	NA	NA
NC_045512.2	17321	C	T	27771	25813	36	4	4	34	0.000144014	27775	0.999998	FALSE	NA	NA	NA	NA	NA	NA
NC_045512.2	17322	A	G	27314	25344	36	2	2	34	7.32145e-05	27317	1	FALSE	NA	NA	NA	NA	NA	NA
NC_045512.2	17322	A	C	27314	25344	36	1	1	34	3.66072e-05	27317	1	FALSE	NA	NA	NA	NA	NA	NA
NC_045512.2	17323	T	G	26640	24685	36	1	1	34	3.75347e-05	26642	1	FALSE	NA	NA	NA	NA	NA	NA
NC_045512.2	17323	T	C	26640	24685	36	1	1	34	3.75347e-05	26642	1	FALSE	NA	NA	NA	NA	NA	NA
NC_045512.2	17324	T	C	25694	23835	36	5	5	34	0.000194553	25700	0.99997	FALSE	NA	NA	NA	NA	NA	NA
NC_045512.2	17324	T	A	25694	23835	36	1	1	34	3.89105e-05	25700	1	FALSE	NA	NA	NA	NA	NA	NA
NC_045512.2	17325	G	A	25537	23681	36	7	7	34	0.000274037	25544	0.999734	FALSE	NA	NA	NA	NA	NA	NA
NC_045512.2	17326	C	T	25498	23695	36	12	12	32	0.000470385	25511	0.989985	FALSE	NA	NA	NA	NA	NA	NA
NC_045512.2	17326	C	G	25498	23695	36	1	1	34	3.91988e-05	25511	1	FALSE	NA	NA	NA	NA	NA	NA
NC_045512.2	17327	C	T	25362	23594	36	1	1	34	3.94228e-05	25366	1	FALSE	NA	NA	NA	NA	NA	NA
NC_045512.2	17327	C	A	25362	23594	36	3	3	34	0.000118269	25366	0.999998	FALSE	NA	NA	NA	NA	NA	NA
NC_045512.2	17327	C	-TG	25362	23594	36	3	0	20	0.000118269	25366	1	FALSE	NA	NA	NA	NA	NA	NA
NC_045512.2	17328	T	G	22878	21127	36	1	1	34	4.36853e-05	22891	1	FALSE	NA	NA	NA	NA	NA	NA
NC_045512.2	17328	T	C	22878	21127	36	11	9	39	0.000480538	22891	0.98247	FALSE	NA	NA	NA	NA	NA	NA
NC_045512.2	17328	T	A	22878	21127	36	1	0	34	4.36853e-05	22891	1	FALSE	NA	NA	NA	NA	NA	NA
NC_045512.2	17329	G	C	22707	20960	36	2	2	34	8.80708e-05	22709	0.999999	FALSE	NA	NA	NA	NA	NA	NA
NC_045512.2	17330	A	G	22661	20914	36	6	4	62	0.000264702	22667	0.0156219	FALSE	NA	NA	NA	NA	NA	NA
NC_045512.2	17331	G	A	22648	20909	36	1	1	34	4.41521e-05	22649	1	FALSE	NA	NA	NA	NA	NA	NA
NC_045512.2	17332	A	T	22434	21070	35	1	1	34	4.45633e-05	22440	1	FALSE	NA	NA	NA	NA	NA	NA
NC_045512.2	17332	A	G	22434	21070	35	4	4	34	0.000178253	22440	0.999956	FALSE	NA	NA	NA	NA	NA	NA
NC_045512.2	17332	A	C	22434	21070	35	1	1	34	4.45633e-05	22440	1	FALSE	NA	NA	NA	NA	NA	NA
NC_045512.2	17333	C	T	22519	21199	35	1	1	34	4.4405e-05	22520	1	FALSE	NA	NA	NA	NA	NA	NA
NC_045512.2	17334	G	A	20772	19479	35	3	3	34	0.000144404	20775	0.999967	FALSE	NA	NA	NA	NA	NA	NA
NC_045512.2	17337	A	G	20459	19211	35	1	1	34	4.88735e-05	20461	1	FALSE	NA	NA	NA	NA	NA	NA
NC_045512.2	17337	A	C	20459	19211	35	1	1	34	4.88735e-05	20461	1	FALSE	NA	NA	NA	NA	NA	NA
NC_045512.2	17338	G	T	19781	18542	35	2	2	26	0.000101092	19784	1	FALSE	NA	NA	NA	NA	NA	NA
NC_045512.2	17338	G	C	19781	18542	35	1	1	34	5.05459e-05	19784	0.999999	FALSE	NA	NA	NA	NA	NA	NA
NC_045512.2	17339	C	T	20380	19174	35	1	0	68	4.90653e-05	20381	0.500012	FALSE	NA	NA	NA	NA	NA	NA
NC_045512.2	17340	A	G	19814	18614	35	4	4	34	0.000201816	19820	0.999757	FALSE	NA	NA	NA	NA	NA	NA
NC_045512.2	17340	A	C	19814	18614	35	2	2	34	0.000100908	19820	0.99999	FALSE	NA	NA	NA	NA	NA	NA
NC_045512.2	17341	G	T	19767	18570	35	1	1	34	5.05868e-05	19768	0.999999	FALSE	NA	NA	NA	NA	NA	NA
NC_045512.2	17342	A	G	19578	18392	35	1	1	34	5.10725e-05	19580	0.999999	FALSE	NA	NA	NA	NA	NA	NA
NC_045512.2	17342	A	C	19578	18392	35	1	0	34	5.10725e-05	19580	0.999999	FALSE	NA	NA	NA	NA	NA	NA
NC_045512.2	17343	T	C	19359	18194	35	1	1	34	5.16529e-05	19360	0.999999	FALSE	NA	NA	NA	NA	NA	NA
NC_045512.2	17345	T	C	19204	18049	35	2	2	34	0.000104134	19206	0.99999	FALSE	NA	NA	NA	NA	NA	NA
NC_045512.2	17346	A	G	19035	17972	35	2	1	51	0.000105059	19037	0.250007	FALSE	NA	NA	NA	NA	NA	NA
NC_045512.2	17348	T	C	16984	16014	35	1	1	34	5.88755e-05	16985	0.999992	FALSE	NA	NA	NA	NA	NA	NA
NC_045512.2	17349	T	G	15307	14344	35	1	1	34	6.53211e-05	15309	0.999985	FALSE	NA	NA	NA	NA	NA	NA
NC_045512.2	17349	T	C	15307	14344	35	1	1	68	6.53211e-05	15309	0.5	FALSE	NA	NA	NA	NA	NA	NA
NC_045512.2	17350	G	T	73728	16206	34	2	0	34	2.7126e-05	73730	1	FALSE	NA	NA	NA	NA	NA	NA
NC_045512.2	17351	T	G	70778	13308	34	6	0	32	8.47553e-05	70792	1	FALSE	NA	NA	NA	NA	NA	NA
NC_045512.2	17351	T	C	70778	13308	34	4	0	34	5.65036e-05	70792	1	FALSE	NA	NA	NA	NA	NA	NA
NC_045512.2	17351	T	A	70778	13308	34	4	0	28	5.65036e-05	70792	1	FALSE	NA	NA	NA	NA	NA	NA
NC_045512.2	17352	C	T	71627	13462	34	2	1	30	2.79185e-05	71637	1	FALSE	NA	NA	NA	NA	NA	NA
NC_045512.2	17352	C	G	71627	13462	34	7	0	31	9.77149e-05	71637	1	FALSE	NA	NA	NA	NA	NA	NA
NC_045512.2	17352	C	A	71627	13462	34	1	0	26	1.39593e-05	71637	1	FALSE	NA	NA	NA	NA	NA	NA
NC_045512.2	17353	T	C	71569	13280	34	3	0	34	4.19158e-05	71572	1	FALSE	NA	NA	NA	NA	NA	NA
NC_045512.2	17354	T	G	70991	12941	34	1	0	34	1.40845e-05	71000	1	FALSE	NA	NA	NA	NA	NA	NA
NC_045512.2	17354	T	C	70991	12941	34	4	0	34	5.6338e-05	71000	1	FALSE	NA	NA	NA	NA	NA	NA
NC_045512.2	17354	T	A	70991	12941	34	4	1	32	5.6338e-05	71000	1	FALSE	NA	NA	NA	NA	NA	NA
NC_045512.2	17355	T	C	71240	13111	34	3	1	45	4.21088e-05	71244	0.945319	FALSE	NA	NA	NA	NA	NA	NA
NC_045512.2	17355	T	A	71240	13111	34	1	0	26	1.40363e-05	71244	1	FALSE	NA	NA	NA	NA	NA	NA
NC_045512.2	17356	G	T	71181	12868	34	1	0	34	1.40485e-05	71182	1	FALSE	NA	NA	NA	NA	NA	NA
NC_045512.2	17357	A	G	71374	12929	34	4	0	32	5.60397e-05	71378	1	FALSE	NA	NA	NA	NA	NA	NA
NC_045512.2	17358	T	C	71400	13537	35	8	4	33	0.000112031	71409	1	FALSE	NA	NA	NA	NA	NA	NA
NC_045512.2	17358	T	A	71400	13537	35	1	0	34	1.40038e-05	71409	1	FALSE	NA	NA	NA	NA	NA	NA
NC_045512.2	17359	G	T	71204	13337	34	3	1	34	4.21307e-05	71207	1	FALSE	NA	NA	NA	NA	NA	NA
NC_045512.2	17360	A	T	71189	13296	34	1	0	34	1.40447e-05	71201	1	FALSE	NA	NA	NA	NA	NA	NA
NC_045512.2	17360	A	G	71189	13296	34	11	0	34	0.000154492	71201	1	FALSE	NA	NA	NA	NA	NA	NA
NC_045512.2	17361	A	T	71849	13292	35	1	0	34	1.39152e-05	71864	1	FALSE	NA	NA	NA	NA	NA	NA
NC_045512.2	17361	A	G	71849	13292	35	11	1	38	0.000153067	71864	1	FALSE	NA	NA	NA	NA	NA	NA
NC_045512.2	17361	A	C	71849	13292	35	3	0	34	4.17455e-05	71864	1	FALSE	NA	NA	NA	NA	NA	NA
NC_045512.2	17362	A	G	72207	13317	35	4	1	32	5.53932e-05	72211	1	FALSE	NA	NA	NA	NA	NA	NA
NC_045512.2	17362	A	-T	72207	13317	35	1	0	20	1.38483e-05	72211	1	FALSE	NA	NA	NA	NA	NA	NA
NC_045512.2	17363	T	C	72237	13488	35	3	0	34	4.15282e-05	72240	1	FALSE	NA	NA	NA	NA	NA	NA
NC_045512.2	17364	T	G	72171	13485	35	1	0	34	1.38537e-05	72183	1	FALSE	NA	NA	NA	NA	NA	NA
NC_045512.2	17364	T	C	72171	13485	35	6	2	32	8.31221e-05	72183	1	FALSE	NA	NA	NA	NA	NA	NA
NC_045512.2	17364	T	A	72171	13485	35	5	0	32	6.92684e-05	72183	1	FALSE	NA	NA	NA	NA	NA	NA
NC_045512.2	17365	T	G	72132	13518	35	3	0	34	4.15818e-05	72147	1	FALSE	NA	NA	NA	NA	NA	NA
NC_045512.2	17365	T	C	72132	13518	35	11	4	36	0.000152466	72147	1	FALSE	NA	NA	NA	NA	NA	NA
NC_045512.2	17365	T	A	72132	13518	35	1	0	38	1.38606e-05	72147	1	FALSE	NA	NA	NA	NA	NA	NA
NC_045512.2	17365	T	-C	72132	13518	35	1	0	20	1.38606e-05	72147	1	FALSE	NA	NA	NA	NA	NA	NA
NC_045512.2	17366	C	T	72033	13479	35	2	0	34	2.77639e-05	72036	1	FALSE	NA	NA	NA	NA	NA	NA
NC_045512.2	17366	C	G	72033	13479	35	1	0	34	1.38819e-05	72036	1	FALSE	NA	NA	NA	NA	NA	NA
NC_045512.2	17367	A	G	72208	13455	35	16	3	34	0.000221533	72224	1	FALSE	NA	NA	NA	NA	NA	NA
NC_045512.2	17368	A	T	72102	13545	35	1	0	34	1.38673e-05	72112	1	FALSE	NA	NA	NA	NA	NA	NA
NC_045512.2	17368	A	G	72102	13545	35	5	1	32	6.93366e-05	72112	1	FALSE	NA	NA	NA	NA	NA	NA
NC_045512.2	17368	A	C	72102	13545	35	4	2	34	5.54693e-05	72112	1	FALSE	NA	NA	NA	NA	NA	NA
NC_045512.2	17369	T	C	72165	13541	35	7	1	34	9.69892e-05	72173	1	FALSE	NA	NA	NA	NA	NA	NA
NC_045512.2	17369	T	A	72165	13541	35	1	0	34	1.38556e-05	72173	1	FALSE	NA	NA	NA	NA	NA	NA
NC_045512.2	17369	T	-G	72165	13541	35	2	0	20	2.77112e-05	72173	1	FALSE	NA	NA	NA	NA	NA	NA
NC_045512.2	17370	G	A	72805	13278	35	5	0	34	6.86719e-05	72810	1	FALSE	NA	NA	NA	NA	NA	NA
NC_045512.2	17371	G	C	72931	13243	35	1	0	34	1.37099e-05	72940	1	FALSE	NA	NA	NA	NA	NA	NA
NC_045512.2	17371	G	A	72931	13243	35	8	1	34	0.000109679	72940	1	FALSE	NA	NA	NA	NA	NA	NA
NC_045512.2	17371	G	-C	72931	13243	35	2	0	20	2.74198e-05	72940	1	FALSE	NA	NA	NA	NA	NA	NA
NC_045512.2	17372	C	T	72990	13217	35	3	0	34	4.10981e-05	72996	1	FALSE	NA	NA	NA	NA	NA	NA
NC_045512.2	17372	C	G	72990	13217	35	2	0	34	2.73988e-05	72996	1	FALSE	NA	NA	NA	NA	NA	NA
NC_045512.2	17372	C	A	72990	13217	35	1	0	34	1.36994e-05	72996	1	FALSE	NA	NA	NA	NA	NA	NA
NC_045512.2	17372	C	-CA	72990	13217	35	2	0	20	2.7398e-05	72998	1	FALSE	NA	NA	NA	NA	NA	NA
NC_045512.2	17373	C	T	72937	13199	35	3	1	34	4.11269e-05	72945	1	FALSE	NA	NA	NA	NA	NA	NA
NC_045512.2	17373	C	A	72937	13199	35	5	0	34	6.85448e-05	72945	1	FALSE	NA	NA	NA	NA	NA	NA
NC_045512.2	17374	A	G	73267	13250	35	13	1	33	0.000177392	73284	1	FALSE	NA	NA	NA	NA	NA	NA
NC_045512.2	17374	A	C	73267	13250	35	4	0	34	5.45822e-05	73284	1	FALSE	NA	NA	NA	NA	NA	NA
NC_045512.2	17375	C	T	73933	13535	35	1	0	34	1.35256e-05	73934	1	FALSE	NA	NA	NA	NA	NA	NA
NC_045512.2	17376	A	T	74120	13596	35	2	2	34	2.69807e-05	74127	1	FALSE	NA	NA	NA	NA	NA	NA
NC_045512.2	17376	A	G	74120	13596	35	5	1	30	6.74518e-05	74127	1	FALSE	NA	NA	NA	NA	NA	NA
NC_045512.2	17377	A	T	74679	13610	35	3	1	34	4.01676e-05	74687	1	FALSE	NA	NA	NA	NA	NA	NA
NC_045512.2	17377	A	G	74679	13610	35	4	1	32	5.35568e-05	74687	1	FALSE	NA	NA	NA	NA	NA	NA
NC_045512.2	17377	A	C	74679	13610	35	1	0	34	1.33892e-05	74687	1	FALSE	NA	NA	NA	NA	NA	NA
NC_045512.2	17378	A	T	64853	4676	35	3	1	34	4.62549e-05	64858	1	FALSE	NA	NA	NA	NA	NA	NA
NC_045512.2	17378	A	G	64853	4676	35	2	1	25	3.08366e-05	64858	1	FALSE	NA	NA	NA	NA	NA	NA
NC_045512.2	17379	T	C	66479	4571	35	5	2	34	7.52049e-05	66485	1	FALSE	NA	NA	NA	NA	NA	NA
NC_045512.2	17379	T	A	66479	4571	35	1	0	34	1.5041e-05	66485	1	FALSE	NA	NA	NA	NA	NA	NA
NC_045512.2	17380	T	C	66209	4659	36	7	0	34	0.000105713	66217	1	FALSE	NA	NA	NA	NA	NA	NA
NC_045512.2	17380	T	A	66209	4659	36	1	0	34	1.51019e-05	66217	1	FALSE	NA	NA	NA	NA	NA	NA
NC_045512.2	17381	A	G	66766	4959	36	2	0	34	2.99545e-05	66768	1	FALSE	NA	NA	NA	NA	NA	NA
NC_045512.2	17382	T	G	66924	4829	36	4	0	34	5.97586e-05	66936	1	FALSE	NA	NA	NA	NA	NA	NA
NC_045512.2	17382	T	C	66924	4829	36	5	0	34	7.46982e-05	66936	1	FALSE	NA	NA	NA	NA	NA	NA
NC_045512.2	17382	T	A	66924	4829	36	3	0	34	4.48189e-05	66936	1	FALSE	NA	NA	NA	NA	NA	NA
NC_045512.2	17383	G	A	67598	4987	36	14	0	34	0.000207064	67612	1	FALSE	NA	NA	NA	NA	NA	NA
NC_045512.2	17384	A	T	68650	5055	36	3	1	42	4.36942e-05	68659	0.910145	FALSE	NA	NA	NA	NA	NA	NA
NC_045512.2	17384	A	G	68650	5055	36	6	0	34	8.73884e-05	68659	1	FALSE	NA	NA	NA	NA	NA	NA
NC_045512.2	17385	T	C	67327	3145	35	5	1	47	7.42589e-05	67332	0.725603	FALSE	NA	NA	NA	NA	NA	NA
NC_045512.2	17386	T	C	68013	4153	35	7	0	32	0.000102911	68020	1	FALSE	NA	NA	NA	NA	NA	NA
NC_045512.2	17387	T	G	69048	5308	36	1	0	34	1.44808e-05	69057	1	FALSE	NA	NA	NA	NA	NA	NA
NC_045512.2	17387	T	C	69048	5308	36	8	2	38	0.000115846	69057	1	FALSE	NA	NA	NA	NA	NA	NA
NC_045512.2	17388	G	T	69727	5343	36	4	1	34	5.73592e-05	69736	1	FALSE	NA	NA	NA	NA	NA	NA
NC_045512.2	17388	G	C	69727	5343	36	3	1	45	4.30194e-05	69736	0.910146	FALSE	NA	NA	NA	NA	NA	NA
NC_045512.2	17388	G	A	69727	5343	36	2	0	34	2.86796e-05	69736	1	FALSE	NA	NA	NA	NA	NA	NA
NC_045512.2	17389	A	T	70043	5506	36	2	0	34	2.85486e-05	70056	1	FALSE	NA	NA	NA	NA	NA	NA
NC_045512.2	17389	A	G	70043	5506	36	11	0	34	0.000157017	70056	1	FALSE	NA	NA	NA	NA	NA	NA
NC_045512.2	17390	G	T	70433	4879	36	1	0	34	1.41975e-05	70435	1	FALSE	NA	NA	NA	NA	NA	NA
NC_045512.2	17390	G	A	70433	4879	36	1	0	34	1.41975e-05	70435	1	FALSE	NA	NA	NA	NA	NA	NA
NC_045512.2	17391	T	C	71013	6063	37	4	0	34	5.63237e-05	71018	1	FALSE	NA	NA	NA	NA	NA	NA
NC_045512.2	17391	T	A	71013	6063	37	1	0	34	1.40809e-05	71018	1	FALSE	NA	NA	NA	NA	NA	NA
NC_045512.2	17392	G	A	71708	6082	37	3	0	34	4.18346e-05	71711	1	FALSE	NA	NA	NA	NA	NA	NA
NC_045512.2	17393	T	C	71660	6210	37	6	1	45	8.37217e-05	71666	0.70949	FALSE	NA	NA	NA	NA	NA	NA
NC_045512.2	17394	T	C	71846	6223	37	42	4	38	0.000584234	71889	0.997731	FALSE	NA	NA	NA	NA	NA	NA
NC_045512.2	17394	T	A	71846	6223	37	1	0	34	1.39103e-05	71889	1	FALSE	NA	NA	NA	NA	NA	NA
NC_045512.2	17395	G	T	74163	6270	37	1	0	34	1.34827e-05	74169	1	FALSE	NA	NA	NA	NA	NA	NA
NC_045512.2	17395	G	C	74163	6270	37	1	0	34	1.34827e-05	74169	1	FALSE	NA	NA	NA	NA	NA	NA
NC_045512.2	17395	G	A	74163	6270	37	4	0	34	5.39309e-05	74169	1	FALSE	NA	NA	NA	NA	NA	NA
NC_045512.2	17396	T	G	73911	6345	37	1	0	34	1.35269e-05	73927	1	FALSE	NA	NA	NA	NA	NA	NA
NC_045512.2	17396	T	C	73911	6345	37	14	3	36	0.000189376	73927	1	FALSE	NA	NA	NA	NA	NA	NA
NC_045512.2	17396	T	A	73911	6345	37	1	0	34	1.35269e-05	73927	1	FALSE	NA	NA	NA	NA	NA	NA
NC_045512.2	17397	C	T	74135	6559	37	3	0	34	4.04645e-05	74139	1	FALSE	NA	NA	NA	NA	NA	NA
NC_045512.2	17397	C	G	74135	6559	37	1	0	34	1.34882e-05	74139	1	FALSE	NA	NA	NA	NA	NA	NA
NC_045512.2	17398	A	T	74111	6557	37	2	0	30	2.69822e-05	74123	1	FALSE	NA	NA	NA	NA	NA	NA
NC_045512.2	17398	A	G	74111	6557	37	10	3	43	0.000134911	74123	0.314509	FALSE	NA	NA	NA	NA	NA	NA
NC_045512.2	17399	A	T	74862	6628	36	2	0	30	2.67137e-05	74868	1	FALSE	NA	NA	NA	NA	NA	NA
NC_045512.2	17399	A	G	74862	6628	36	4	0	34	5.34274e-05	74868	1	FALSE	NA	NA	NA	NA	NA	NA
NC_045512.2	17400	T	G	76571	6641	37	2	0	30	2.61165e-05	76580	1	FALSE	NA	NA	NA	NA	NA	NA
NC_045512.2	17400	T	C	76571	6641	37	7	0	38	9.14077e-05	76580	1	FALSE	NA	NA	NA	NA	NA	NA
NC_045512.2	17401	G	A	77357	6647	37	2	0	34	2.58535e-05	77359	1	FALSE	NA	NA	NA	NA	NA	NA
NC_045512.2	17402	C	T	77159	6923	37	9	0	34	0.000116627	77169	1	FALSE	NA	NA	NA	NA	NA	NA
NC_045512.2	17402	C	A	77159	6923	37	1	0	26	1.29586e-05	77169	1	FALSE	NA	NA	NA	NA	NA	NA
NC_045512.2	17403	C	T	78129	6928	37	7	1	34	8.95862e-05	78137	1	FALSE	NA	NA	NA	NA	NA	NA
NC_045512.2	17403	C	G	78129	6928	37	1	0	24	1.2798e-05	78137	1	FALSE	NA	NA	NA	NA	NA	NA
NC_045512.2	17404	A	G	78795	6936	37	9	0	36	0.000114207	78804	1	FALSE	NA	NA	NA	NA	NA	NA
NC_045512.2	17405	G	T	80367	6944	37	2	0	34	2.48849e-05	80370	1	FALSE	NA	NA	NA	NA	NA	NA
NC_045512.2	17405	G	A	80367	6944	37	1	0	34	1.24425e-05	80370	1	FALSE	NA	NA	NA	NA	NA	NA
NC_045512.2	17406	A	T	83983	7059	37	2	0	26	2.38118e-05	83992	1	FALSE	NA	NA	NA	NA	NA	NA
NC_045512.2	17406	A	G	83983	7059	37	7	0	38	8.33413e-05	83992	1	FALSE	NA	NA	NA	NA	NA	NA
NC_045512.2	17406	A	-T	83983	7059	37	1	0	20	1.19059e-05	83992	1	FALSE	NA	NA	NA	NA	NA	NA
NC_045512.2	17407	T	C	84605	7478	37	5	1	34	5.90947e-05	84610	1	FALSE	NA	NA	NA	NA	NA	NA
NC_045512.2	17408	T	G	84208	7485	37	1	0	34	1.18739e-05	84218	1	FALSE	NA	NA	NA	NA	NA	NA
NC_045512.2	17408	T	C	84208	7485	37	8	1	34	9.49916e-05	84218	1	FALSE	NA	NA	NA	NA	NA	NA
NC_045512.2	17408	T	A	84208	7485	37	1	0	26	1.18739e-05	84218	1	FALSE	NA	NA	NA	NA	NA	NA
NC_045512.2	17409	A	T	84712	7508	37	1	1	68	1.18025e-05	84728	0.499959	FALSE	NA	NA	NA	NA	NA	NA
NC_045512.2	17409	A	G	84712	7508	37	15	2	34	0.000177037	84728	1	FALSE	NA	NA	NA	NA	NA	NA
NC_045512.2	17410	C	T	23	5	41	84491	7512	37	0.999716	84515	0	TRUE	NA	NA	NA	NA	NA	NA
NC_045512.2	17410	C	G	23	5	41	1	0	34	1.18322e-05	84515	0.0238574	FALSE	NA	NA	NA	NA	NA	NA
NC_045512.2	17411	G	C	87463	7560	37	1	1	26	1.14328e-05	87468	1	FALSE	NA	NA	NA	NA	NA	NA
NC_045512.2	17411	G	A	87463	7560	37	4	2	34	4.5731e-05	87468	1	FALSE	NA	NA	NA	NA	NA	NA
NC_045512.2	17412	T	G	87133	7634	37	5	0	34	5.7371e-05	87152	1	FALSE	NA	NA	NA	NA	NA	NA
NC_045512.2	17412	T	C	87133	7634	37	9	4	48	0.000103268	87152	0.499914	FALSE	NA	NA	NA	NA	NA	NA
NC_045512.2	17412	T	A	87133	7634	37	5	1	31	5.7371e-05	87152	1	FALSE	NA	NA	NA	NA	NA	NA
NC_045512.2	17413	G	T	93333	7682	37	3	0	34	3.21395e-05	93343	1	FALSE	NA	NA	NA	NA	NA	NA
NC_045512.2	17413	G	A	93333	7682	37	7	1	38	7.49922e-05	93343	1	FALSE	NA	NA	NA	NA	NA	NA
NC_045512.2	17414	C	T	93050	7725	37	2	0	34	2.1492e-05	93058	1	FALSE	NA	NA	NA	NA	NA	NA
NC_045512.2	17414	C	G	93050	7725	37	5	1	47	5.37299e-05	93058	0.910219	FALSE	NA	NA	NA	NA	NA	NA
NC_045512.2	17414	C	A	93050	7725	37	1	0	34	1.0746e-05	93058	1	FALSE	NA	NA	NA	NA	NA	NA
NC_045512.2	17415	T	G	93407	7685	37	3	0	34	3.21141e-05	93417	1	FALSE	NA	NA	NA	NA	NA	NA
NC_045512.2	17415	T	C	93407	7685	37	7	2	43	7.49328e-05	93417	0.772748	FALSE	NA	NA	NA	NA	NA	NA
NC_045512.2	17416	A	T	93939	7760	37	1	0	26	1.06442e-05	93948	1	FALSE	NA	NA	NA	NA	NA	NA
NC_045512.2	17416	A	G	93939	7760	37	8	0	32	8.51535e-05	93948	1	FALSE	NA	NA	NA	NA	NA	NA
NC_045512.2	17417	A	T	93629	7769	37	1	0	34	1.06792e-05	93640	1	FALSE	NA	NA	NA	NA	NA	NA
NC_045512.2	17417	A	G	93629	7769	37	10	1	34	0.000106792	93640	1	FALSE	NA	NA	NA	NA	NA	NA
NC_045512.2	17418	G	T	98556	7799	37	5	0	34	5.07238e-05	98573	1	FALSE	NA	NA	NA	NA	NA	NA
NC_045512.2	17418	G	C	98556	7799	37	1	0	34	1.01448e-05	98573	1	FALSE	NA	NA	NA	NA	NA	NA
NC_045512.2	17418	G	A	98556	7799	37	11	2	34	0.000111592	98573	1	FALSE	NA	NA	NA	NA	NA	NA
NC_045512.2	17419	C	T	98726	10875	39	5	1	40	5.06386e-05	98739	0.910203	FALSE	NA	NA	NA	NA	NA	NA
NC_045512.2	17419	C	G	98726	10875	39	7	0	34	7.0894e-05	98739	1	FALSE	NA	NA	NA	NA	NA	NA
NC_045512.2	17419	C	A	98726	10875	39	1	0	26	1.01277e-05	98739	1	FALSE	NA	NA	NA	NA	NA	NA
NC_045512.2	17420	A	G	99146	10849	39	11	0	31	0.000110935	99157	1	FALSE	NA	NA	NA	NA	NA	NA
NC_045512.2	17421	C	T	102628	10988	39	1	0	34	9.74326e-06	102635	1	FALSE	NA	NA	NA	NA	NA	NA
NC_045512.2	17421	C	G	102628	10988	39	5	0	34	4.87163e-05	102635	1	FALSE	NA	NA	NA	NA	NA	NA
NC_045512.2	17421	C	A	102628	10988	39	1	1	68	9.74326e-06	102635	0.499988	FALSE	NA	NA	NA	NA	NA	NA
NC_045512.2	17421	C	-T	102628	10988	39	1	0	20	9.74326e-06	102635	1	FALSE	NA	NA	NA	NA	NA	NA
NC_045512.2	17422	T	G	102593	10934	39	4	0	34	3.89761e-05	102627	1	FALSE	NA	NA	NA	NA	NA	NA
NC_045512.2	17422	T	C	102593	10934	39	29	4	39	0.000282577	102627	1	FALSE	NA	NA	NA	NA	NA	NA
NC_045512.2	17422	T	A	102593	10934	39	1	0	34	9.74402e-06	102627	1	FALSE	NA	NA	NA	NA	NA	NA
NC_045512.2	17423	A	T	108425	11106	39	1	0	34	9.22211e-06	108435	1	FALSE	NA	NA	NA	NA	NA	NA
NC_045512.2	17423	A	G	108425	11106	39	8	2	37	7.37769e-05	108435	1	FALSE	NA	NA	NA	NA	NA	NA
NC_045512.2	17423	A	C	108425	11106	39	1	0	34	9.22211e-06	108435	1	FALSE	NA	NA	NA	NA	NA	NA
NC_045512.2	17424	T	G	109170	11255	39	4	0	34	3.66371e-05	109179	1	FALSE	NA	NA	NA	NA	NA	NA
NC_045512.2	17424	T	C	109170	11255	39	4	0	32	3.66371e-05	109179	1	FALSE	NA	NA	NA	NA	NA	NA
NC_045512.2	17424	T	A	109170	11255	39	1	0	34	9.15927e-06	109179	1	FALSE	NA	NA	NA	NA	NA	NA
NC_045512.2	17425	G	T	115029	11395	38	1	0	34	8.69278e-06	115038	1	FALSE	NA	NA	NA	NA	NA	NA
NC_045512.2	17425	G	C	115029	11395	38	5	0	34	4.34639e-05	115038	1	FALSE	NA	NA	NA	NA	NA	NA
NC_045512.2	17425	G	A	115029	11395	38	3	0	34	2.60783e-05	115038	1	FALSE	NA	NA	NA	NA	NA	NA
NC_045512.2	17426	T	G	114965	11507	38	3	0	34	2.60924e-05	114976	1	FALSE	NA	NA	NA	NA	NA	NA
NC_045512.2	17426	T	C	114965	11507	38	5	0	40	4.34873e-05	114976	0.961591	FALSE	NA	NA	NA	NA	NA	NA
NC_045512.2	17426	T	A	114965	11507	38	3	0	31	2.60924e-05	114976	1	FALSE	NA	NA	NA	NA	NA	NA
NC_045512.2	17427	G	C	116750	11521	38	1	0	34	8.56421e-06	116765	1	FALSE	NA	NA	NA	NA	NA	NA
NC_045512.2	17427	G	A	116750	11521	38	14	0	36	0.000119899	116765	1	FALSE	NA	NA	NA	NA	NA	NA
NC_045512.2	17428	T	G	116588	11694	39	2	1	51	1.71521e-05	116604	0.499958	FALSE	NA	NA	NA	NA	NA	NA
NC_045512.2	17428	T	C	116588	11694	39	10	0	33	8.57604e-05	116604	1	FALSE	NA	NA	NA	NA	NA	NA
NC_045512.2	17428	T	A	116588	11694	39	4	1	42	3.43041e-05	116604	0.982417	FALSE	NA	NA	NA	NA	NA	NA
NC_045512.2	17429	A	T	117003	11702	39	2	0	34	1.70923e-05	117012	1	FALSE	NA	NA	NA	NA	NA	NA
NC_045512.2	17429	A	G	117003	11702	39	7	0	38	5.98229e-05	117012	1	FALSE	NA	NA	NA	NA	NA	NA
NC_045512.2	17430	C	T	116944	11691	39	11	1	42	9.40517e-05	116957	0.58409	FALSE	NA	NA	NA	NA	NA	NA
NC_045512.2	17430	C	G	116944	11691	39	2	0	30	1.71003e-05	116957	1	FALSE	NA	NA	NA	NA	NA	NA
NC_045512.2	17431	A	T	116090	11417	39	1	0	34	8.61341e-06	116098	1	FALSE	NA	NA	NA	NA	NA	NA
NC_045512.2	17431	A	G	116090	11417	39	7	0	37	6.02939e-05	116098	1	FALSE	NA	NA	NA	NA	NA	NA
NC_045512.2	17432	T	G	111412	11489	38	3	0	31	2.69249e-05	111421	1	FALSE	NA	NA	NA	NA	NA	NA
NC_045512.2	17432	T	C	111412	11489	38	5	0	34	4.48748e-05	111421	1	FALSE	NA	NA	NA	NA	NA	NA
NC_045512.2	17432	T	A	111412	11489	38	1	0	34	8.97497e-06	111421	1	FALSE	NA	NA	NA	NA	NA	NA
NC_045512.2	17433	T	G	110918	11461	38	4	0	32	3.60568e-05	110936	1	FALSE	NA	NA	NA	NA	NA	NA
NC_045512.2	17433	T	C	110918	11461	38	9	1	38	8.11279e-05	110936	1	FALSE	NA	NA	NA	NA	NA	NA
NC_045512.2	17433	T	A	110918	11461	38	5	0	30	4.5071e-05	110936	1	FALSE	NA	NA	NA	NA	NA	NA
NC_045512.2	17434	G	T	109519	11306	38	8	0	32	7.30393e-05	109530	1	FALSE	NA	NA	NA	NA	NA	NA
NC_045512.2	17434	G	A	109519	11306	38	3	0	34	2.73898e-05	109530	1	FALSE	NA	NA	NA	NA	NA	NA
NC_045512.2	17435	G	T	109401	11536	38	2	0	51	1.82804e-05	109407	0.49999	FALSE	NA	NA	NA	NA	NA	NA
NC_045512.2	17435	G	A	109401	11536	38	4	0	34	3.65607e-05	109407	1	FALSE	NA	NA	NA	NA	NA	NA
NC_045512.2	17436	C	T	106705	12874	39	35	7	40	0.000327887	106744	0.000123321	TRUE	NA	NA	NA	NA	NA	NA
NC_045512.2	17436	C	G	106705	12874	39	2	0	30	1.87364e-05	106744	1	FALSE	NA	NA	NA	NA	NA	NA
NC_045512.2	17436	C	A	106705	12874	39	2	0	34	1.87364e-05	106744	1	FALSE	NA	NA	NA	NA	NA	NA
NC_045512.2	17437	G	A	107048	12882	39	16	2	38	0.000149443	107064	1	FALSE	NA	NA	NA	NA	NA	NA
NC_045512.2	17438	A	T	107333	12982	39	1	0	34	9.31628e-06	107339	1	FALSE	NA	NA	NA	NA	NA	NA
NC_045512.2	17438	A	G	107333	12982	39	4	0	34	3.72651e-05	107339	1	FALSE	NA	NA	NA	NA	NA	NA
NC_045512.2	17438	A	C	107333	12982	39	1	1	34	9.31628e-06	107339	1	FALSE	NA	NA	NA	NA	NA	NA
NC_045512.2	17438	A	-C	107333	12982	39	1	0	20	9.31628e-06	107339	1	FALSE	NA	NA	NA	NA	NA	NA
NC_045512.2	17439	C	T	97841	14611	38	2	1	34	2.04401e-05	97847	1	FALSE	NA	NA	NA	NA	NA	NA
NC_045512.2	17439	C	G	97841	14611	38	3	0	34	3.06601e-05	97847	1	FALSE	NA	NA	NA	NA	NA	NA
NC_045512.2	17439	C	A	97841	14611	38	1	1	34	1.022e-05	97847	1	FALSE	NA	NA	NA	NA	NA	NA
NC_045512.2	17440	C	T	93023	15564	38	2	0	34	2.14996e-05	93025	1	FALSE	NA	NA	NA	NA	NA	NA
NC_045512.2	17441	C	T	79254	18926	37	2	0	34	2.52315e-05	79266	1	FALSE	NA	NA	NA	NA	NA	NA
NC_045512.2	17441	C	A	79254	18926	37	10	5	34	0.000126157	79266	1	FALSE	NA	NA	NA	NA	NA	NA
NC_045512.2	17442	T	G	80791	21132	38	1	0	34	1.23712e-05	80833	1	FALSE	NA	NA	NA	NA	NA	NA
NC_045512.2	17442	T	C	80791	21132	38	37	8	35	0.000457734	80833	0.999981	FALSE	NA	NA	NA	NA	NA	NA
NC_045512.2	17442	T	A	80791	21132	38	4	1	40	4.94847e-05	80833	0.926899	FALSE	NA	NA	NA	NA	NA	NA
NC_045512.2	17442	T	-G	80791	21132	38	1	0	20	1.23712e-05	80833	1	FALSE	NA	NA	NA	NA	NA	NA
NC_045512.2	17443	G	C	82574	21158	37	1	0	34	1.21076e-05	82593	1	FALSE	NA	NA	NA	NA	NA	NA
NC_045512.2	17443	G	A	82574	21158	37	18	4	39	0.000217936	82593	1	FALSE	NA	NA	NA	NA	NA	NA
NC_045512.2	17444	C	T	81103	21594	37	9	3	34	0.000110954	81115	1	FALSE	NA	NA	NA	NA	NA	NA
NC_045512.2	17444	C	G	81103	21594	37	3	0	31	3.69845e-05	81115	1	FALSE	NA	NA	NA	NA	NA	NA
NC_045512.2	17445	T	G	81244	21636	37	1	1	34	1.23068e-05	81256	1	FALSE	NA	NA	NA	NA	NA	NA
NC_045512.2	17445	T	C	81244	21636	37	11	4	35	0.000135375	81256	1	FALSE	NA	NA	NA	NA	NA	NA
NC_045512.2	17446	C	G	82965	21767	37	2	0	30	2.41057e-05	82968	1	FALSE	NA	NA	NA	NA	NA	NA
NC_045512.2	17446	C	A	82965	21767	37	1	0	34	1.20528e-05	82968	1	FALSE	NA	NA	NA	NA	NA	NA
NC_045512.2	17447	A	T	83378	22477	37	2	0	30	2.39857e-05	83383	1	FALSE	NA	NA	NA	NA	NA	NA
NC_045512.2	17447	A	G	83378	22477	37	3	1	34	3.59786e-05	83383	1	FALSE	NA	NA	NA	NA	NA	NA
NC_045512.2	17448	A	G	83420	22673	37	12	4	36	0.00014383	83432	1	FALSE	NA	NA	NA	NA	NA	NA
NC_045512.2	17448	A	-T	83420	22673	37	1	0	20	1.19858e-05	83432	1	FALSE	NA	NA	NA	NA	NA	NA
NC_045512.2	17449	T	G	84006	22741	37	7	0	32	8.33165e-05	84017	1	FALSE	NA	NA	NA	NA	NA	NA
NC_045512.2	17449	T	C	84006	22741	37	4	1	34	4.76094e-05	84017	1	FALSE	NA	NA	NA	NA	NA	NA
NC_045512.2	17450	T	G	89039	22874	37	2	0	34	2.2456e-05	89063	1	FALSE	NA	NA	NA	NA	NA	NA
NC_045512.2	17450	T	C	89039	22874	37	21	1	34	0.000235788	89063	1	FALSE	NA	NA	NA	NA	NA	NA
NC_045512.2	17450	T	A	89039	22874	37	1	0	24	1.1228e-05	89063	1	FALSE	NA	NA	NA	NA	NA	NA
NC_045512.2	17451	A	T	88977	22900	37	2	1	30	2.24722e-05	88999	1	FALSE	NA	NA	NA	NA	NA	NA
NC_045512.2	17451	A	G	88977	22900	37	20	4	37	0.000224722	88999	1	FALSE	NA	NA	NA	NA	NA	NA
NC_045512.2	17452	C	T	88000	22765	37	5	4	30	5.68124e-05	88009	1	FALSE	NA	NA	NA	NA	NA	NA
NC_045512.2	17452	C	A	88000	22765	37	4	1	27	4.54499e-05	88009	1	FALSE	NA	NA	NA	NA	NA	NA
NC_045512.2	17453	C	T	87978	22862	37	7	4	53	7.95536e-05	87991	0.00781001	TRUE	NA	NA	NA	NA	NA	NA
NC_045512.2	17453	C	A	87978	22862	37	6	3	34	6.81888e-05	87991	1	FALSE	NA	NA	NA	NA	NA	NA
NC_045512.2	17453	C	-T	87978	22862	37	1	0	20	1.13648e-05	87991	1	FALSE	NA	NA	NA	NA	NA	NA
NC_045512.2	17454	T	G	87900	22772	37	4	2	34	4.54835e-05	87944	1	FALSE	NA	NA	NA	NA	NA	NA
NC_045512.2	17454	T	C	87900	22772	37	39	10	36	0.000443464	87944	0.999995	FALSE	NA	NA	NA	NA	NA	NA
NC_045512.2	17454	T	A	87900	22772	37	1	0	34	1.13709e-05	87944	1	FALSE	NA	NA	NA	NA	NA	NA
NC_045512.2	17455	G	T	88399	22441	37	5	2	34	5.65419e-05	88430	1	FALSE	NA	NA	NA	NA	NA	NA
NC_045512.2	17455	G	C	88399	22441	37	2	0	34	2.26168e-05	88430	1	FALSE	NA	NA	NA	NA	NA	NA
NC_045512.2	17455	G	A	88399	22441	37	24	9	39	0.000271401	88430	1	FALSE	NA	NA	NA	NA	NA	NA
NC_045512.2	17456	C	T	89293	23659	37	3	1	34	3.35958e-05	89297	1	FALSE	NA	NA	NA	NA	NA	NA
NC_045512.2	17456	C	A	89293	23659	37	1	0	34	1.11986e-05	89297	1	FALSE	NA	NA	NA	NA	NA	NA
NC_045512.2	17457	A	T	89590	23588	37	2	1	34	2.23224e-05	89596	1	FALSE	NA	NA	NA	NA	NA	NA
NC_045512.2	17457	A	G	89590	23588	37	4	0	34	4.46449e-05	89596	1	FALSE	NA	NA	NA	NA	NA	NA
NC_045512.2	17458	C	T	90189	23641	37	2	0	34	2.21749e-05	90192	1	FALSE	NA	NA	NA	NA	NA	NA
NC_045512.2	17458	C	A	90189	23641	37	1	0	34	1.10875e-05	90192	1	FALSE	NA	NA	NA	NA	NA	NA
NC_045512.2	17458	C	-CA	90189	23641	37	1	0	20	1.10875e-05	90192	1	FALSE	NA	NA	NA	NA	NA	NA
NC_045512.2	17459	C	T	88908	22505	37	3	1	45	3.37405e-05	88914	0.967285	FALSE	NA	NA	NA	NA	NA	NA
NC_045512.2	17459	C	G	88908	22505	37	1	0	34	1.12468e-05	88914	1	FALSE	NA	NA	NA	NA	NA	NA
NC_045512.2	17459	C	A	88908	22505	37	2	0	47	2.24936e-05	88914	0.989258	FALSE	NA	NA	NA	NA	NA	NA
NC_045512.2	17460	A	T	89412	22885	37	1	1	34	1.11833e-05	89419	1	FALSE	NA	NA	NA	NA	NA	NA
NC_045512.2	17460	A	G	89412	22885	37	6	0	32	6.70998e-05	89419	1	FALSE	NA	NA	NA	NA	NA	NA
NC_045512.2	17460	A	-CG	89412	22885	37	43	0	20	0.000480877	89420	1	FALSE	NA	NA	NA	NA	NA	NA
NC_045512.2	17461	C	T	89497	22991	38	6	0	34	6.70354e-05	89505	1	FALSE	NA	NA	NA	NA	NA	NA
NC_045512.2	17461	C	A	89497	22991	38	2	0	30	2.23451e-05	89505	1	FALSE	NA	NA	NA	NA	NA	NA
NC_045512.2	17462	G	T	89628	22842	37	2	0	34	2.22985e-05	89692	1	FALSE	NA	NA	NA	NA	NA	NA
NC_045512.2	17462	G	A	89628	22842	37	62	11	36	0.000691255	89692	0.988748	FALSE	NA	NA	NA	NA	NA	NA
NC_045512.2	17462	G	-CA	89628	22842	37	6169	0	20	0.0687453	89737	0	TRUE	NA	NA	NA	NA	NA	NA
NC_045512.2	17463	C	T	84060	21544	37	5	1	32	5.94771e-05	84066	1	FALSE	NA	NA	NA	NA	NA	NA
NC_045512.2	17463	C	A	84060	21544	37	1	0	26	1.18954e-05	84066	1	FALSE	NA	NA	NA	NA	NA	NA
NC_045512.2	17464	A	T	81444	21151	37	3	0	34	3.65524e-05	82074	1	FALSE	NA	NA	NA	NA	NA	NA
NC_045512.2	17464	A	G	81444	21151	37	626	16	35	0.00762726	82074	2.70162e-110	TRUE	NA	NA	NA	NA	NA	NA
NC_045512.2	17464	A	C	81444	21151	37	1	0	34	1.21841e-05	82074	1	FALSE	NA	NA	NA	NA	NA	NA
NC_045512.2	17465	C	T	91264	23274	38	12	8	42	0.000131456	91285	0.331729	FALSE	NA	NA	NA	NA	NA	NA
NC_045512.2	17465	C	G	91264	23274	38	1	0	34	1.09547e-05	91285	1	FALSE	NA	NA	NA	NA	NA	NA
NC_045512.2	17465	C	A	91264	23274	38	8	5	46	8.76376e-05	91285	0.685381	FALSE	NA	NA	NA	NA	NA	NA
NC_045512.2	17466	A	T	90618	23111	37	2	0	34	2.20677e-05	90630	1	FALSE	NA	NA	NA	NA	NA	NA
NC_045512.2	17466	A	G	90618	23111	37	9	5	52	9.93049e-05	90630	0.00195254	TRUE	NA	NA	NA	NA	NA	NA
NC_045512.2	17466	A	C	90618	23111	37	1	1	34	1.10339e-05	90630	1	FALSE	NA	NA	NA	NA	NA	NA
NC_045512.2	17467	T	G	93253	23111	37	2	0	26	2.1445e-05	93262	1	FALSE	NA	NA	NA	NA	NA	NA
NC_045512.2	17467	T	C	93253	23111	37	4	2	42	4.28899e-05	93262	0.953856	FALSE	NA	NA	NA	NA	NA	NA
NC_045512.2	17467	T	A	93253	23111	37	3	2	34	3.21674e-05	93262	1	FALSE	NA	NA	NA	NA	NA	NA
NC_045512.2	17468	T	G	93405	23096	37	1	1	34	1.07038e-05	93425	1	FALSE	NA	NA	NA	NA	NA	NA
NC_045512.2	17468	T	C	93405	23096	37	18	7	35	0.000192668	93425	1	FALSE	NA	NA	NA	NA	NA	NA
NC_045512.2	17468	T	A	93405	23096	37	1	0	26	1.07038e-05	93425	1	FALSE	NA	NA	NA	NA	NA	NA
NC_045512.2	17468	T	-G	93405	23096	37	1	0	20	1.07038e-05	93425	1	FALSE	NA	NA	NA	NA	NA	NA
NC_045512.2	17469	G	C	93618	23009	37	1	1	68	1.06799e-05	93634	0.49996	FALSE	NA	NA	NA	NA	NA	NA
NC_045512.2	17469	G	A	93618	23009	37	15	1	36	0.000160198	93634	1	FALSE	NA	NA	NA	NA	NA	NA
NC_045512.2	17470	C	T	93531	24478	38	6	3	38	6.41451e-05	93538	1	FALSE	NA	NA	NA	NA	NA	NA
NC_045512.2	17470	C	A	93531	24478	38	1	0	34	1.06908e-05	93538	1	FALSE	NA	NA	NA	NA	NA	NA
NC_045512.2	17471	T	G	93145	24021	38	1	0	34	1.07332e-05	93169	1	FALSE	NA	NA	NA	NA	NA	NA
NC_045512.2	17471	T	C	93145	24021	38	22	8	46	0.00023613	93169	0.0147169	FALSE	NA	NA	NA	NA	NA	NA
NC_045512.2	17471	T	A	93145	24021	38	1	0	34	1.07332e-05	93169	1	FALSE	NA	NA	NA	NA	NA	NA
NC_045512.2	17471	T	-A	93145	24021	38	2	0	20	2.14664e-05	93169	1	FALSE	NA	NA	NA	NA	NA	NA
NC_045512.2	17472	A	G	94249	23912	38	6	1	34	6.36571e-05	94255	1	FALSE	NA	NA	NA	NA	NA	NA
NC_045512.2	17473	A	T	90751	24083	37	1	0	34	1.10188e-05	90754	1	FALSE	NA	NA	NA	NA	NA	NA
NC_045512.2	17473	A	G	90751	24083	37	2	1	34	2.20376e-05	90754	1	FALSE	NA	NA	NA	NA	NA	NA
NC_045512.2	17474	C	T	94036	24186	38	4	0	34	4.25324e-05	94046	1	FALSE	NA	NA	NA	NA	NA	NA
NC_045512.2	17474	C	G	94036	24186	38	4	0	34	4.25324e-05	94046	1	FALSE	NA	NA	NA	NA	NA	NA
NC_045512.2	17474	C	A	94036	24186	38	2	0	47	2.12662e-05	94046	0.99414	FALSE	NA	NA	NA	NA	NA	NA
NC_045512.2	17474	C	-T	94036	24186	38	1	0	20	1.06331e-05	94046	1	FALSE	NA	NA	NA	NA	NA	NA
NC_045512.2	17475	T	G	94521	24899	38	1	0	34	1.05788e-05	94529	1	FALSE	NA	NA	NA	NA	NA	NA
NC_045512.2	17475	T	C	94521	24899	38	4	1	40	4.23151e-05	94529	0.953856	FALSE	NA	NA	NA	NA	NA	NA
NC_045512.2	17475	T	A	94521	24899	38	3	3	34	3.17363e-05	94529	1	FALSE	NA	NA	NA	NA	NA	NA
NC_045512.2	17475	T	-A	94521	24899	38	1	0	20	1.05787e-05	94530	1	FALSE	NA	NA	NA	NA	NA	NA
NC_045512.2	17476	A	G	93685	24302	38	3	0	42	3.20212e-05	93688	0.980716	FALSE	NA	NA	NA	NA	NA	NA
NC_045512.2	17477	A	T	91987	24198	37	4	0	42	4.34768e-05	92003	0.953842	FALSE	NA	NA	NA	NA	NA	NA
NC_045512.2	17477	A	G	91987	24198	37	12	5	36	0.000130431	92003	1	FALSE	NA	NA	NA	NA	NA	NA
NC_045512.2	17478	G	T	94385	24296	38	4	2	34	4.2376e-05	94393	1	FALSE	NA	NA	NA	NA	NA	NA
NC_045512.2	17478	G	A	94385	24296	38	4	0	34	4.2376e-05	94393	1	FALSE	NA	NA	NA	NA	NA	NA
NC_045512.2	17479	G	C	93434	24361	38	1	0	34	1.07025e-05	93436	1	FALSE	NA	NA	NA	NA	NA	NA
NC_045512.2	17479	G	A	93434	24361	38	1	0	68	1.07025e-05	93436	0.5	FALSE	NA	NA	NA	NA	NA	NA
NC_045512.2	17480	G	T	93536	24437	38	3	0	34	3.20616e-05	93570	1	FALSE	NA	NA	NA	NA	NA	NA
NC_045512.2	17480	G	A	93536	24437	38	31	7	37	0.000331303	93570	1	FALSE	NA	NA	NA	NA	NA	NA
NC_045512.2	17481	C	T	93320	24521	38	10	6	40	0.000107143	93333	0.499981	FALSE	NA	NA	NA	NA	NA	NA
NC_045512.2	17481	C	G	93320	24521	38	2	1	34	2.14286e-05	93333	1	FALSE	NA	NA	NA	NA	NA	NA
NC_045512.2	17481	C	A	93320	24521	38	1	0	34	1.07143e-05	93333	1	FALSE	NA	NA	NA	NA	NA	NA
NC_045512.2	17482	A	T	93266	24262	38	1	0	34	1.07213e-05	93272	1	FALSE	NA	NA	NA	NA	NA	NA
NC_045512.2	17482	A	G	93266	24262	38	5	0	34	5.36067e-05	93272	1	FALSE	NA	NA	NA	NA	NA	NA
NC_045512.2	17483	C	T	95117	24493	38	4	1	34	4.20504e-05	95124	1	FALSE	NA	NA	NA	NA	NA	NA
NC_045512.2	17483	C	G	95117	24493	38	1	0	34	1.05126e-05	95124	1	FALSE	NA	NA	NA	NA	NA	NA
NC_045512.2	17483	C	A	95117	24493	38	2	0	30	2.10252e-05	95124	1	FALSE	NA	NA	NA	NA	NA	NA
NC_045512.2	17484	A	T	95189	24441	38	2	0	34	2.10084e-05	95200	1	FALSE	NA	NA	NA	NA	NA	NA
NC_045512.2	17484	A	G	95189	24441	38	7	0	43	7.35294e-05	95200	0.772741	FALSE	NA	NA	NA	NA	NA	NA
NC_045512.2	17484	A	C	95189	24441	38	2	2	30	2.10084e-05	95200	1	FALSE	NA	NA	NA	NA	NA	NA
NC_045512.2	17485	C	T	94881	24934	38	2	1	30	2.10768e-05	94891	1	FALSE	NA	NA	NA	NA	NA	NA
NC_045512.2	17485	C	G	94881	24934	38	6	0	31	6.32304e-05	94891	1	FALSE	NA	NA	NA	NA	NA	NA
NC_045512.2	17485	C	A	94881	24934	38	2	0	47	2.10768e-05	94891	0.99414	FALSE	NA	NA	NA	NA	NA	NA
NC_045512.2	17486	T	C	95167	25462	38	6	1	32	6.30431e-05	95173	1	FALSE	NA	NA	NA	NA	NA	NA
NC_045512.2	17487	A	G	94860	25110	38	11	2	35	0.000115946	94872	1	FALSE	NA	NA	NA	NA	NA	NA
NC_045512.2	17487	A	C	94860	25110	38	1	1	34	1.05405e-05	94872	1	FALSE	NA	NA	NA	NA	NA	NA
NC_045512.2	17488	G	T	95117	25074	38	1	1	34	1.05124e-05	95126	1	FALSE	NA	NA	NA	NA	NA	NA
NC_045512.2	17488	G	A	95117	25074	38	8	2	42	8.4099e-05	95126	0.685478	FALSE	NA	NA	NA	NA	NA	NA
NC_045512.2	17489	A	G	95680	26668	38	7	0	31	7.31552e-05	95687	1	FALSE	NA	NA	NA	NA	NA	NA
NC_045512.2	17490	A	G	96337	27091	38	16	3	31	0.000166056	96353	1	FALSE	NA	NA	NA	NA	NA	NA
NC_045512.2	17490	A	-C	96337	27091	38	3	0	20	3.11355e-05	96353	1	FALSE	NA	NA	NA	NA	NA	NA
NC_045512.2	17491	C	T	88258	24620	38	7545	2596	39	0.0787513	95808	0	TRUE	NA	NA	NA	NA	NA	NA
NC_045512.2	17491	C	A	88258	24620	38	5	2	32	5.21877e-05	95808	1	FALSE	NA	NA	NA	NA	NA	NA
NC_045512.2	17492	C	T	94177	26301	38	3	0	34	3.18525e-05	94184	1	FALSE	NA	NA	NA	NA	NA	NA
NC_045512.2	17492	C	G	94177	26301	38	1	0	34	1.06175e-05	94184	1	FALSE	NA	NA	NA	NA	NA	NA
NC_045512.2	17492	C	A	94177	26301	38	3	0	31	3.18525e-05	94184	1	FALSE	NA	NA	NA	NA	NA	NA
NC_045512.2	17493	A	G	94091	26063	38	7	2	32	7.43889e-05	94100	1	FALSE	NA	NA	NA	NA	NA	NA
NC_045512.2	17493	A	C	94091	26063	38	2	1	34	2.1254e-05	94100	1	FALSE	NA	NA	NA	NA	NA	NA
NC_045512.2	17494	G	A	94943	26023	38	4	0	34	4.21288e-05	94947	1	FALSE	NA	NA	NA	NA	NA	NA
NC_045512.2	17495	A	T	95872	28073	38	1	0	34	1.04297e-05	95880	1	FALSE	NA	NA	NA	NA	NA	NA
NC_045512.2	17495	A	G	95872	28073	38	7	0	31	7.30079e-05	95880	1	FALSE	NA	NA	NA	NA	NA	NA
NC_045512.2	17496	A	T	95913	29937	39	1	0	34	1.0425e-05	95923	1	FALSE	NA	NA	NA	NA	NA	NA
NC_045512.2	17496	A	G	95913	29937	39	8	2	38	8.34002e-05	95923	1	FALSE	NA	NA	NA	NA	NA	NA
NC_045512.2	17496	A	C	95913	29937	39	1	1	34	1.0425e-05	95923	1	FALSE	NA	NA	NA	NA	NA	NA
NC_045512.2	17497	T	G	95199	29689	38	3	0	28	3.151e-05	95208	1	FALSE	NA	NA	NA	NA	NA	NA
NC_045512.2	17497	T	C	95199	29689	38	5	1	28	5.25166e-05	95208	1	FALSE	NA	NA	NA	NA	NA	NA
NC_045512.2	17497	T	A	95199	29689	38	1	0	27	1.05033e-05	95208	1	FALSE	NA	NA	NA	NA	NA	NA
NC_045512.2	17498	A	T	95811	30786	39	1	0	34	1.04368e-05	95815	1	FALSE	NA	NA	NA	NA	NA	NA
NC_045512.2	17498	A	G	95811	30786	39	3	0	56	3.13103e-05	95815	0.124998	FALSE	NA	NA	NA	NA	NA	NA
NC_045512.2	17498	A	-T	95811	30786	39	1	0	20	1.04368e-05	95815	1	FALSE	NA	NA	NA	NA	NA	NA
NC_045512.2	17499	T	G	97374	30857	39	3	1	31	3.08056e-05	97385	1	FALSE	NA	NA	NA	NA	NA	NA
NC_045512.2	17499	T	C	97374	30857	39	7	4	32	7.18797e-05	97385	1	FALSE	NA	NA	NA	NA	NA	NA
NC_045512.2	17499	T	A	97374	30857	39	1	0	34	1.02685e-05	97385	1	FALSE	NA	NA	NA	NA	NA	NA
NC_045512.2	17500	T	G	95948	31112	39	2	0	34	2.0842e-05	95960	1	FALSE	NA	NA	NA	NA	NA	NA
NC_045512.2	17500	T	C	95948	31112	39	9	3	37	9.37891e-05	95960	1	FALSE	NA	NA	NA	NA	NA	NA
NC_045512.2	17500	T	A	95948	31112	39	1	0	34	1.0421e-05	95960	1	FALSE	NA	NA	NA	NA	NA	NA
NC_045512.2	17501	T	C	96015	31324	39	9	3	36	9.37236e-05	96027	1	FALSE	NA	NA	NA	NA	NA	NA
NC_045512.2	17501	T	A	96015	31324	39	3	0	34	3.12412e-05	96027	1	FALSE	NA	NA	NA	NA	NA	NA
NC_045512.2	17501	T	-C	96015	31324	39	3	0	20	3.12412e-05	96027	1	FALSE	NA	NA	NA	NA	NA	NA
NC_045512.2	17502	C	T	95740	32374	39	2	1	51	2.08871e-05	95753	0.249965	FALSE	NA	NA	NA	NA	NA	NA
NC_045512.2	17502	C	G	95740	32374	39	11	0	34	0.000114879	95753	1	FALSE	NA	NA	NA	NA	NA	NA
NC_045512.2	17503	A	T	94461	31827	39	3	3	34	3.17538e-05	94477	1	FALSE	NA	NA	NA	NA	NA	NA
NC_045512.2	17503	A	G	94461	31827	39	13	4	37	0.0001376	94477	1	FALSE	NA	NA	NA	NA	NA	NA
NC_045512.2	17504	A	T	92527	33047	38	1	0	34	1.08056e-05	92545	1	FALSE	NA	NA	NA	NA	NA	NA
NC_045512.2	17504	A	G	92527	33047	38	13	2	32	0.000140472	92545	1	FALSE	NA	NA	NA	NA	NA	NA
NC_045512.2	17504	A	C	92527	33047	38	4	3	30	4.32222e-05	92545	1	FALSE	NA	NA	NA	NA	NA	NA
NC_045512.2	17505	T	C	95072	32949	39	6	3	38	6.31061e-05	95078	1	FALSE	NA	NA	NA	NA	NA	NA
NC_045512.2	17506	T	C	94169	33418	39	12	5	52	0.000127412	94183	0.00024404	TRUE	NA	NA	NA	NA	NA	NA
NC_045512.2	17506	T	A	94169	33418	39	2	0	30	2.12353e-05	94183	1	FALSE	NA	NA	NA	NA	NA	NA
NC_045512.2	17507	C	T	91530	33838	39	5	2	61	5.46221e-05	91538	0.0312466	FALSE	NA	NA	NA	NA	NA	NA
NC_045512.2	17507	C	G	91530	33838	39	2	0	34	2.18488e-05	91538	1	FALSE	NA	NA	NA	NA	NA	NA
NC_045512.2	17507	C	A	91530	33838	39	1	0	34	1.09244e-05	91538	1	FALSE	NA	NA	NA	NA	NA	NA
NC_045512.2	17508	A	G	89903	32875	39	16	6	38	0.000177938	89919	1	FALSE	NA	NA	NA	NA	NA	NA
NC_045512.2	17509	G	C	92123	32987	39	2	2	30	2.17087e-05	92129	1	FALSE	NA	NA	NA	NA	NA	NA
NC_045512.2	17509	G	A	92123	32987	39	4	3	59	4.34174e-05	92129	0.0624966	FALSE	NA	NA	NA	NA	NA	NA
NC_045512.2	17510	T	G	93682	35420	39	5	0	32	5.33652e-05	93694	1	FALSE	NA	NA	NA	NA	NA	NA
NC_045512.2	17510	T	C	93682	35420	39	4	2	42	4.26922e-05	93694	0.95385	FALSE	NA	NA	NA	NA	NA	NA
NC_045512.2	17510	T	A	93682	35420	39	3	0	34	3.20191e-05	93694	1	FALSE	NA	NA	NA	NA	NA	NA
NC_045512.2	17511	G	C	98434	35594	39	2	2	34	2.03172e-05	98439	1	FALSE	NA	NA	NA	NA	NA	NA
NC_045512.2	17511	G	A	98434	35594	39	3	1	43	3.04757e-05	98439	0.980715	FALSE	NA	NA	NA	NA	NA	NA
NC_045512.2	17512	T	C	96605	35948	39	6	3	39	6.21034e-05	96613	1	FALSE	NA	NA	NA	NA	NA	NA
NC_045512.2	17512	T	A	96605	35948	39	2	0	34	2.07011e-05	96613	1	FALSE	NA	NA	NA	NA	NA	NA
NC_045512.2	17513	G	C	96688	35832	39	1	0	34	1.03418e-05	96695	1	FALSE	NA	NA	NA	NA	NA	NA
NC_045512.2	17513	G	A	96688	35832	39	6	2	34	6.20508e-05	96695	1	FALSE	NA	NA	NA	NA	NA	NA
NC_045512.2	17514	T	G	93301	37304	38	2	1	30	2.14326e-05	93316	1	FALSE	NA	NA	NA	NA	NA	NA
NC_045512.2	17514	T	C	93301	37304	38	10	2	34	0.000107163	93316	1	FALSE	NA	NA	NA	NA	NA	NA
NC_045512.2	17514	T	A	93301	37304	38	3	1	34	3.21488e-05	93316	1	FALSE	NA	NA	NA	NA	NA	NA
NC_045512.2	17515	A	T	92911	37184	38	4	2	32	4.30478e-05	92920	1	FALSE	NA	NA	NA	NA	NA	NA
NC_045512.2	17515	A	G	92911	37184	38	5	0	40	5.38097e-05	92920	0.910216	FALSE	NA	NA	NA	NA	NA	NA
NC_045512.2	17516	G	A	93209	37264	38	1	0	34	1.07285e-05	93210	1	FALSE	NA	NA	NA	NA	NA	NA
NC_045512.2	17517	A	T	94466	40366	39	5	1	46	5.29229e-05	94477	0.910209	FALSE	NA	NA	NA	NA	NA	NA
NC_045512.2	17517	A	G	94466	40366	39	5	1	27	5.29229e-05	94477	1	FALSE	NA	NA	NA	NA	NA	NA
NC_045512.2	17517	A	C	94466	40366	39	1	1	27	1.05846e-05	94477	1	FALSE	NA	NA	NA	NA	NA	NA
NC_045512.2	17518	C	T	92283	41477	39	5	1	30	5.41765e-05	92291	1	FALSE	NA	NA	NA	NA	NA	NA
NC_045512.2	17518	C	G	92283	41477	39	3	0	34	3.25059e-05	92291	1	FALSE	NA	NA	NA	NA	NA	NA
NC_045512.2	17518	C	-T	92283	41477	39	4	0	20	4.33412e-05	92291	1	FALSE	NA	NA	NA	NA	NA	NA
NC_045512.2	17519	T	G	91529	41080	39	2	1	30	2.18493e-05	91536	1	FALSE	NA	NA	NA	NA	NA	NA
NC_045512.2	17519	T	C	91529	41080	39	5	1	34	5.46233e-05	91536	1	FALSE	NA	NA	NA	NA	NA	NA
NC_045512.2	17520	T	C	86898	36502	39	13	6	39	0.000149578	86911	1	FALSE	NA	NA	NA	NA	NA	NA
NC_045512.2	17521	A	T	86605	36528	39	3	1	34	3.46352e-05	86617	1	FALSE	NA	NA	NA	NA	NA	NA
NC_045512.2	17521	A	G	86605	36528	39	9	4	44	0.000103906	86617	0.499971	FALSE	NA	NA	NA	NA	NA	NA
NC_045512.2	17522	T	C	84590	37081	39	7	2	32	8.27433e-05	84599	1	FALSE	NA	NA	NA	NA	NA	NA
NC_045512.2	17522	T	A	84590	37081	39	2	0	34	2.36409e-05	84599	1	FALSE	NA	NA	NA	NA	NA	NA
NC_045512.2	17523	G	T	84334	36999	39	1	1	34	1.18573e-05	84336	1	FALSE	NA	NA	NA	NA	NA	NA
NC_045512.2	17523	G	A	84334	36999	39	1	1	68	1.18573e-05	84336	0.5	FALSE	NA	NA	NA	NA	NA	NA
NC_045512.2	17524	A	T	85273	43629	39	1	0	34	1.17259e-05	85281	1	FALSE	NA	NA	NA	NA	NA	NA
NC_045512.2	17524	A	G	85273	43629	39	7	4	33	8.20816e-05	85281	1	FALSE	NA	NA	NA	NA	NA	NA
NC_045512.2	17525	A	G	84708	43624	39	10	3	40	0.000118039	84718	0.40727	FALSE	NA	NA	NA	NA	NA	NA
NC_045512.2	17526	A	T	81580	44809	38	1	0	34	1.22555e-05	81596	1	FALSE	NA	NA	NA	NA	NA	NA
NC_045512.2	17526	A	G	81580	44809	38	12	9	36	0.000147066	81596	1	FALSE	NA	NA	NA	NA	NA	NA
NC_045512.2	17526	A	C	81580	44809	38	3	3	31	3.67665e-05	81596	1	FALSE	NA	NA	NA	NA	NA	NA
NC_045512.2	17527	A	G	79729	44699	37	7	5	32	8.77897e-05	79736	1	FALSE	NA	NA	NA	NA	NA	NA
NC_045512.2	17528	C	T	81782	45204	38	2	1	51	2.44544e-05	81785	0.249998	FALSE	NA	NA	NA	NA	NA	NA
NC_045512.2	17528	C	G	81782	45204	38	1	1	26	1.22272e-05	81785	1	FALSE	NA	NA	NA	NA	NA	NA
NC_045512.2	17529	T	G	80333	43661	37	4	0	28	4.97841e-05	80347	1	FALSE	NA	NA	NA	NA	NA	NA
NC_045512.2	17529	T	C	80333	43661	37	7	3	38	8.71221e-05	80347	1	FALSE	NA	NA	NA	NA	NA	NA
NC_045512.2	17529	T	A	80333	43661	37	3	2	34	3.7338e-05	80347	1	FALSE	NA	NA	NA	NA	NA	NA
NC_045512.2	17530	A	T	81436	44873	38	1	1	34	1.22787e-05	81442	1	FALSE	NA	NA	NA	NA	NA	NA
NC_045512.2	17530	A	G	81436	44873	38	4	1	30	4.91147e-05	81442	1	FALSE	NA	NA	NA	NA	NA	NA
NC_045512.2	17530	A	C	81436	44873	38	1	1	34	1.22787e-05	81442	1	FALSE	NA	NA	NA	NA	NA	NA
NC_045512.2	17531	T	G	81172	44653	38	1	1	26	1.23172e-05	81187	1	FALSE	NA	NA	NA	NA	NA	NA
NC_045512.2	17531	T	C	81172	44653	38	9	6	33	0.000110855	81187	1	FALSE	NA	NA	NA	NA	NA	NA
NC_045512.2	17531	T	A	81172	44653	38	5	4	32	6.15862e-05	81187	1	FALSE	NA	NA	NA	NA	NA	NA
NC_045512.2	17532	A	G	81436	45275	38	25	18	35	0.000306892	81462	1	FALSE	NA	NA	NA	NA	NA	NA
NC_045512.2	17532	A	C	81436	45275	38	1	1	27	1.22757e-05	81462	1	FALSE	NA	NA	NA	NA	NA	NA
NC_045512.2	17533	G	T	82078	45183	38	7	6	32	8.52743e-05	82088	1	FALSE	NA	NA	NA	NA	NA	NA
NC_045512.2	17533	G	A	82078	45183	38	3	3	34	3.65461e-05	82088	1	FALSE	NA	NA	NA	NA	NA	NA
NC_045512.2	17534	G	T	84563	46306	38	1	1	34	1.18235e-05	84577	1	FALSE	NA	NA	NA	NA	NA	NA
NC_045512.2	17534	G	A	84563	46306	38	13	8	46	0.000153706	84577	0.19164	FALSE	NA	NA	NA	NA	NA	NA
NC_045512.2	17535	T	C	88046	51380	38	6	2	39	6.81385e-05	88056	1	FALSE	NA	NA	NA	NA	NA	NA
NC_045512.2	17535	T	A	88046	51380	38	4	1	32	4.54256e-05	88056	1	FALSE	NA	NA	NA	NA	NA	NA
NC_045512.2	17535	T	-C	88046	51380	38	1	0	20	1.13564e-05	88056	1	FALSE	NA	NA	NA	NA	NA	NA
NC_045512.2	17536	C	T	88050	51455	38	2	2	51	2.27133e-05	88054	0.249993	FALSE	NA	NA	NA	NA	NA	NA
NC_045512.2	17536	C	G	88050	51455	38	2	1	34	2.27133e-05	88054	1	FALSE	NA	NA	NA	NA	NA	NA
NC_045512.2	17537	C	T	85729	49475	38	5	3	34	5.83131e-05	85744	1	FALSE	NA	NA	NA	NA	NA	NA
NC_045512.2	17537	C	A	85729	49475	38	10	5	37	0.000116626	85744	1	FALSE	NA	NA	NA	NA	NA	NA
NC_045512.2	17538	A	T	85900	49404	38	4	1	34	4.65609e-05	85909	1	FALSE	NA	NA	NA	NA	NA	NA
NC_045512.2	17538	A	G	85900	49404	38	5	2	40	5.82011e-05	85909	0.866573	FALSE	NA	NA	NA	NA	NA	NA
NC_045512.2	17539	G	T	86199	49563	38	1	1	34	1.16003e-05	86205	1	FALSE	NA	NA	NA	NA	NA	NA
NC_045512.2	17539	G	C	86199	49563	38	2	1	25	2.32005e-05	86205	1	FALSE	NA	NA	NA	NA	NA	NA
NC_045512.2	17539	G	A	86199	49563	38	3	2	34	3.48008e-05	86205	1	FALSE	NA	NA	NA	NA	NA	NA
NC_045512.2	17540	A	T	87696	52466	38	1	0	34	1.1402e-05	87704	1	FALSE	NA	NA	NA	NA	NA	NA
NC_045512.2	17540	A	G	87696	52466	38	7	3	34	7.98139e-05	87704	1	FALSE	NA	NA	NA	NA	NA	NA
NC_045512.2	17541	C	T	88280	52604	38	1	0	34	1.13272e-05	88283	1	FALSE	NA	NA	NA	NA	NA	NA
NC_045512.2	17541	C	A	88280	52604	38	2	2	34	2.26544e-05	88283	1	FALSE	NA	NA	NA	NA	NA	NA
NC_045512.2	17542	A	T	86436	51438	38	6	3	31	6.94027e-05	86452	1	FALSE	NA	NA	NA	NA	NA	NA
NC_045512.2	17542	A	G	86436	51438	38	5	1	47	5.78356e-05	86452	0.866541	FALSE	NA	NA	NA	NA	NA	NA
NC_045512.2	17542	A	C	86436	51438	38	5	5	34	5.78356e-05	86452	1	FALSE	NA	NA	NA	NA	NA	NA
NC_045512.2	17543	T	G	83212	47880	38	2	0	34	2.4033e-05	83219	1	FALSE	NA	NA	NA	NA	NA	NA
NC_045512.2	17543	T	C	83212	47880	38	5	2	36	6.00824e-05	83219	1	FALSE	NA	NA	NA	NA	NA	NA
NC_045512.2	17544	G	C	82647	48494	38	2	2	30	2.41981e-05	82651	1	FALSE	NA	NA	NA	NA	NA	NA
NC_045512.2	17544	G	A	82647	48494	38	2	2	34	2.41981e-05	82651	1	FALSE	NA	NA	NA	NA	NA	NA
NC_045512.2	17545	T	C	84515	50911	38	16	11	39	0.00018928	84531	1	FALSE	NA	NA	NA	NA	NA	NA
NC_045512.2	17546	T	G	84557	51102	38	2	0	34	2.36482e-05	84573	1	FALSE	NA	NA	NA	NA	NA	NA
NC_045512.2	17546	T	C	84557	51102	38	13	9	46	0.000153713	84573	0.191625	FALSE	NA	NA	NA	NA	NA	NA
NC_045512.2	17546	T	A	84557	51102	38	1	1	26	1.18241e-05	84573	1	FALSE	NA	NA	NA	NA	NA	NA
NC_045512.2	17547	C	T	78587	51414	38	3	1	40	3.81694e-05	78597	0.945305	FALSE	NA	NA	NA	NA	NA	NA
NC_045512.2	17547	C	A	78587	51414	38	7	5	34	8.90619e-05	78597	1	FALSE	NA	NA	NA	NA	NA	NA
NC_045512.2	17548	C	T	82401	50641	38	3	2	56	3.6406e-05	82404	0.125	FALSE	NA	NA	NA	NA	NA	NA
NC_045512.2	17549	T	G	84766	53606	38	2	1	34	2.3593e-05	84771	1	FALSE	NA	NA	NA	NA	NA	NA
NC_045512.2	17549	T	C	84766	53606	38	2	1	26	2.3593e-05	84771	1	FALSE	NA	NA	NA	NA	NA	NA
NC_045512.2	17549	T	A	84766	53606	38	1	0	26	1.17965e-05	84771	1	FALSE	NA	NA	NA	NA	NA	NA
NC_045512.2	17549	T	-CG	84766	53606	38	1	0	20	1.17965e-05	84771	1	FALSE	NA	NA	NA	NA	NA	NA
NC_045512.2	17550	C	T	82320	54736	38	7	4	34	8.50258e-05	82328	1	FALSE	NA	NA	NA	NA	NA	NA
NC_045512.2	17550	C	A	82320	54736	38	1	0	34	1.21465e-05	82328	1	FALSE	NA	NA	NA	NA	NA	NA
NC_045512.2	17551	G	T	82166	54601	38	1	1	34	1.21696e-05	82172	1	FALSE	NA	NA	NA	NA	NA	NA
NC_045512.2	17551	G	A	82166	54601	38	5	4	39	6.0848e-05	82172	1	FALSE	NA	NA	NA	NA	NA	NA
NC_045512.2	17552	G	C	82396	54707	38	2	1	51	2.42721e-05	82399	0.249998	FALSE	NA	NA	NA	NA	NA	NA
NC_045512.2	17552	G	A	82396	54707	38	1	0	34	1.21361e-05	82399	1	FALSE	NA	NA	NA	NA	NA	NA
NC_045512.2	17553	A	G	82074	54638	38	6	4	34	7.30994e-05	82080	1	FALSE	NA	NA	NA	NA	NA	NA
NC_045512.2	17554	A	G	82145	54848	38	6	3	45	7.30362e-05	82151	0.788042	FALSE	NA	NA	NA	NA	NA	NA
NC_045512.2	17555	C	T	81860	55159	38	3	1	45	3.66461e-05	81864	0.96729	FALSE	NA	NA	NA	NA	NA	NA
NC_045512.2	17555	C	A	81860	55159	38	1	0	34	1.22154e-05	81864	1	FALSE	NA	NA	NA	NA	NA	NA
NC_045512.2	17556	T	C	81750	55314	38	6	4	38	7.33891e-05	81756	1	FALSE	NA	NA	NA	NA	NA	NA
NC_045512.2	17557	T	C	81959	55498	38	12	11	34	0.000146391	81972	1	FALSE	NA	NA	NA	NA	NA	NA
NC_045512.2	17557	T	A	81959	55498	38	1	1	34	1.21993e-05	81972	1	FALSE	NA	NA	NA	NA	NA	NA
NC_045512.2	17558	G	C	81978	55737	38	1	1	26	1.21974e-05	81985	1	FALSE	NA	NA	NA	NA	NA	NA
NC_045512.2	17558	G	A	81978	55737	38	6	1	39	7.31841e-05	81985	1	FALSE	NA	NA	NA	NA	NA	NA
NC_045512.2	17559	T	C	82125	56214	38	3	1	34	3.65266e-05	82132	1	FALSE	NA	NA	NA	NA	NA	NA
NC_045512.2	17559	T	A	82125	56214	38	4	2	34	4.87021e-05	82132	1	FALSE	NA	NA	NA	NA	NA	NA
NC_045512.2	17560	C	T	81917	56150	38	16	13	34	0.00019527	81938	1	FALSE	NA	NA	NA	NA	NA	NA
NC_045512.2	17560	C	G	81917	56150	38	1	0	34	1.22043e-05	81938	1	FALSE	NA	NA	NA	NA	NA	NA
NC_045512.2	17560	C	A	81917	56150	38	4	4	34	4.88174e-05	81938	1	FALSE	NA	NA	NA	NA	NA	NA
NC_045512.2	17561	G	A	81228	55444	38	2	1	34	2.46214e-05	81230	1	FALSE	NA	NA	NA	NA	NA	NA
NC_045512.2	17562	G	T	81580	55549	38	4	3	42	4.9025e-05	81591	0.926992	FALSE	NA	NA	NA	NA	NA	NA
NC_045512.2	17562	G	C	81580	55549	38	1	1	26	1.22563e-05	81591	1	FALSE	NA	NA	NA	NA	NA	NA
NC_045512.2	17562	G	A	81580	55549	38	6	2	34	7.35375e-05	81591	1	FALSE	NA	NA	NA	NA	NA	NA
NC_045512.2	17563	C	T	80881	55841	38	12	8	34	0.000148342	80894	1	FALSE	NA	NA	NA	NA	NA	NA
NC_045512.2	17563	C	G	80881	55841	38	1	0	34	1.23619e-05	80894	1	FALSE	NA	NA	NA	NA	NA	NA
NC_045512.2	17564	G	T	80450	55377	37	2	2	40	2.48512e-05	80479	0.989246	FALSE	NA	NA	NA	NA	NA	NA
NC_045512.2	17564	G	C	80450	55377	37	1	1	34	1.24256e-05	80479	1	FALSE	NA	NA	NA	NA	NA	NA
NC_045512.2	17564	G	A	80450	55377	37	26	24	36	0.000323066	80479	1	FALSE	NA	NA	NA	NA	NA	NA
NC_045512.2	17565	T	C	81214	56271	38	11	10	34	0.000135423	81227	1	FALSE	NA	NA	NA	NA	NA	NA
NC_045512.2	17565	T	A	81214	56271	38	2	1	51	2.46224e-05	81227	0.249968	FALSE	NA	NA	NA	NA	NA	NA
NC_045512.2	17566	T	G	81391	57344	38	3	0	34	3.68523e-05	81406	1	FALSE	NA	NA	NA	NA	NA	NA
NC_045512.2	17566	T	C	81391	57344	38	10	9	33	0.000122841	81406	1	FALSE	NA	NA	NA	NA	NA	NA
NC_045512.2	17566	T	A	81391	57344	38	2	2	30	2.45682e-05	81406	1	FALSE	NA	NA	NA	NA	NA	NA
NC_045512.2	17566	T	-G	81391	57344	38	1	0	20	1.22841e-05	81406	1	FALSE	NA	NA	NA	NA	NA	NA
NC_045512.2	17567	G	C	81960	57456	38	1	1	26	1.22005e-05	81964	1	FALSE	NA	NA	NA	NA	NA	NA
NC_045512.2	17567	G	A	81960	57456	38	3	1	45	3.66014e-05	81964	0.967288	FALSE	NA	NA	NA	NA	NA	NA
NC_045512.2	17568	T	C	81770	59257	37	14	12	41	0.000171181	81785	0.143123	FALSE	NA	NA	NA	NA	NA	NA
NC_045512.2	17568	T	A	81770	59257	37	1	1	26	1.22272e-05	81785	1	FALSE	NA	NA	NA	NA	NA	NA
NC_045512.2	17569	C	T	87986	66562	38	2	2	34	2.27293e-05	87992	1	FALSE	NA	NA	NA	NA	NA	NA
NC_045512.2	17569	C	A	87986	66562	38	4	4	34	4.54587e-05	87992	1	FALSE	NA	NA	NA	NA	NA	NA
NC_045512.2	17570	C	T	87971	67558	37	4	3	34	4.54669e-05	87976	1	FALSE	NA	NA	NA	NA	NA	NA
NC_045512.2	17570	C	A	87971	67558	37	1	0	34	1.13667e-05	87976	1	FALSE	NA	NA	NA	NA	NA	NA
NC_045512.2	17570	C	-T	87971	67558	37	1	0	20	1.13667e-05	87976	1	FALSE	NA	NA	NA	NA	NA	NA
NC_045512.2	17571	T	C	86727	66423	38	8	5	34	9.2235e-05	86735	1	FALSE	NA	NA	NA	NA	NA	NA
NC_045512.2	17571	T	-G	86727	66423	38	2	0	20	2.30585e-05	86736	1	FALSE	NA	NA	NA	NA	NA	NA
NC_045512.2	17572	G	A	86435	65999	37	16	7	37	0.000185076	86451	1	FALSE	NA	NA	NA	NA	NA	NA
NC_045512.2	17573	C	T	86621	66601	37	2	2	29	2.30862e-05	86632	1	FALSE	NA	NA	NA	NA	NA	NA
NC_045512.2	17573	C	G	86621	66601	37	2	1	30	2.30862e-05	86632	1	FALSE	NA	NA	NA	NA	NA	NA
NC_045512.2	17573	C	A	86621	66601	37	7	6	37	8.08016e-05	86632	1	FALSE	NA	NA	NA	NA	NA	NA
NC_045512.2	17574	T	C	86703	66750	37	22	15	34	0.000253667	86728	1	FALSE	NA	NA	NA	NA	NA	NA
NC_045512.2	17574	T	A	86703	66750	37	3	0	34	3.45909e-05	86728	1	FALSE	NA	NA	NA	NA	NA	NA
NC_045512.2	17575	G	T	86678	66633	37	6	6	34	6.92153e-05	86686	1	FALSE	NA	NA	NA	NA	NA	NA
NC_045512.2	17575	G	A	86678	66633	37	2	1	34	2.30718e-05	86686	1	FALSE	NA	NA	NA	NA	NA	NA
NC_045512.2	17576	A	T	89945	70682	38	1	1	68	1.11172e-05	89951	0.499989	FALSE	NA	NA	NA	NA	NA	NA
NC_045512.2	17576	A	G	89945	70682	38	3	2	42	3.33515e-05	89951	0.967286	FALSE	NA	NA	NA	NA	NA	NA
NC_045512.2	17576	A	C	89945	70682	38	2	2	30	2.22343e-05	89951	1	FALSE	NA	NA	NA	NA	NA	NA
NC_045512.2	17577	A	T	95526	77079	38	1	1	26	1.04671e-05	95537	1	FALSE	NA	NA	NA	NA	NA	NA
NC_045512.2	17577	A	G	95526	77079	38	9	5	49	9.42043e-05	95537	0.592731	FALSE	NA	NA	NA	NA	NA	NA
NC_045512.2	17577	A	C	95526	77079	38	1	1	34	1.04671e-05	95537	1	FALSE	NA	NA	NA	NA	NA	NA
NC_045512.2	17578	A	T	96068	77524	38	1	0	34	1.04081e-05	96079	1	FALSE	NA	NA	NA	NA	NA	NA
NC_045512.2	17578	A	G	96068	77524	38	9	6	44	9.36729e-05	96079	0.592731	FALSE	NA	NA	NA	NA	NA	NA
NC_045512.2	17578	A	C	96068	77524	38	1	1	34	1.04081e-05	96079	1	FALSE	NA	NA	NA	NA	NA	NA
NC_045512.2	17579	T	C	97465	79758	38	2	2	51	2.05196e-05	97468	0.249999	FALSE	NA	NA	NA	NA	NA	NA
NC_045512.2	17579	T	A	97465	79758	38	1	0	68	1.02598e-05	97468	0.499997	FALSE	NA	NA	NA	NA	NA	NA
NC_045512.2	17580	T	G	97358	79692	38	1	1	20	1.02704e-05	97367	1	FALSE	NA	NA	NA	NA	NA	NA
NC_045512.2	17580	T	C	97358	79692	38	6	6	34	6.16225e-05	97367	1	FALSE	NA	NA	NA	NA	NA	NA
NC_045512.2	17580	T	A	97358	79692	38	2	2	34	2.05408e-05	97367	1	FALSE	NA	NA	NA	NA	NA	NA
NC_045512.2	17580	T	-G	97358	79692	38	3	0	20	3.08113e-05	97367	1	FALSE	NA	NA	NA	NA	NA	NA
NC_045512.2	17581	G	A	96767	78916	38	1	1	34	1.0334e-05	96768	1	FALSE	NA	NA	NA	NA	NA	NA
NC_045512.2	17581	G	-T	96767	78916	38	7203	0	20	0.0744342	96770	0	TRUE	NA	NA	NA	NA	NA	NA
NC_045512.2	17582	T	G	83274	66625	37	20	2	39	0.000240073	83308	1	FALSE	NA	NA	NA	NA	NA	NA
NC_045512.2	17582	T	C	83274	66625	37	12	10	39	0.000144044	83308	1	FALSE	NA	NA	NA	NA	NA	NA
NC_045512.2	17582	T	A	83274	66625	37	2	2	34	2.40073e-05	83308	1	FALSE	NA	NA	NA	NA	NA	NA
NC_045512.2	17583	T	G	97457	79859	38	91	7	33	0.000932712	97565	0.694792	FALSE	NA	NA	NA	NA	NA	NA
NC_045512.2	17583	T	C	97457	79859	38	15	12	40	0.000153744	97565	0.153162	FALSE	NA	NA	NA	NA	NA	NA
NC_045512.2	17583	T	A	97457	79859	38	2	2	34	2.04992e-05	97565	1	FALSE	NA	NA	NA	NA	NA	NA
NC_045512.2	17583	T	-G	97457	79859	38	5	0	20	5.12479e-05	97565	1	FALSE	NA	NA	NA	NA	NA	NA
NC_045512.2	17584	G	T	97410	81393	38	1	1	34	1.02647e-05	97421	1	FALSE	NA	NA	NA	NA	NA	NA
NC_045512.2	17584	G	C	97410	81393	38	3	3	31	3.07942e-05	97421	1	FALSE	NA	NA	NA	NA	NA	NA
NC_045512.2	17584	G	A	97410	81393	38	7	3	58	7.18531e-05	97421	0.00780941	TRUE	NA	NA	NA	NA	NA	NA
NC_045512.2	17585	A	T	97505	81600	38	3	3	31	3.07642e-05	97516	1	FALSE	NA	NA	NA	NA	NA	NA
NC_045512.2	17585	A	G	97505	81600	38	7	5	34	7.17831e-05	97516	1	FALSE	NA	NA	NA	NA	NA	NA
NC_045512.2	17585	A	C	97505	81600	38	1	1	34	1.02547e-05	97516	1	FALSE	NA	NA	NA	NA	NA	NA
NC_045512.2	17586	C	T	100380	85081	38	11	10	39	0.000109569	100393	1	FALSE	NA	NA	NA	NA	NA	NA
NC_045512.2	17586	C	G	100380	85081	38	1	1	34	9.96085e-06	100393	1	FALSE	NA	NA	NA	NA	NA	NA
NC_045512.2	17586	C	A	100380	85081	38	1	1	34	9.96085e-06	100393	1	FALSE	NA	NA	NA	NA	NA	NA
NC_045512.2	17587	A	T	99062	83862	38	2	2	34	2.01869e-05	99074	1	FALSE	NA	NA	NA	NA	NA	NA
NC_045512.2	17587	A	G	99062	83862	38	8	7	34	8.07477e-05	99074	1	FALSE	NA	NA	NA	NA	NA	NA
NC_045512.2	17587	A	C	99062	83862	38	2	2	30	2.01869e-05	99074	1	FALSE	NA	NA	NA	NA	NA	NA
NC_045512.2	17588	C	T	100055	85357	38	2	2	34	1.9988e-05	100060	1	FALSE	NA	NA	NA	NA	NA	NA
NC_045512.2	17588	C	A	100055	85357	38	3	3	34	2.9982e-05	100060	1	FALSE	NA	NA	NA	NA	NA	NA
NC_045512.2	17589	T	G	98032	83340	38	1	1	34	1.01988e-05	98051	1	FALSE	NA	NA	NA	NA	NA	NA
NC_045512.2	17589	T	C	98032	83340	38	17	16	35	0.000173379	98051	1	FALSE	NA	NA	NA	NA	NA	NA
NC_045512.2	17589	T	A	98032	83340	38	1	0	34	1.01988e-05	98051	1	FALSE	NA	NA	NA	NA	NA	NA
NC_045512.2	17590	G	C	98252	83484	38	5	5	34	5.08849e-05	98261	1	FALSE	NA	NA	NA	NA	NA	NA
NC_045512.2	17590	G	A	98252	83484	38	4	3	42	4.07079e-05	98261	0.953856	FALSE	NA	NA	NA	NA	NA	NA
NC_045512.2	17591	T	G	97925	83393	38	2	2	34	2.04223e-05	97932	1	FALSE	NA	NA	NA	NA	NA	NA
NC_045512.2	17591	T	C	97925	83393	38	5	5	34	5.10558e-05	97932	1	FALSE	NA	NA	NA	NA	NA	NA
NC_045512.2	17592	G	C	98466	83798	38	2	2	47	2.03105e-05	98471	0.994141	FALSE	NA	NA	NA	NA	NA	NA
NC_045512.2	17592	G	A	98466	83798	38	3	3	34	3.04658e-05	98471	1	FALSE	NA	NA	NA	NA	NA	NA
NC_045512.2	17593	A	T	99023	84448	38	2	2	30	2.01939e-05	99040	1	FALSE	NA	NA	NA	NA	NA	NA
NC_045512.2	17593	A	G	99023	84448	38	12	9	40	0.000121163	99040	0.331769	FALSE	NA	NA	NA	NA	NA	NA
NC_045512.2	17593	A	C	99023	84448	38	3	3	34	3.02908e-05	99040	1	FALSE	NA	NA	NA	NA	NA	NA
NC_045512.2	17594	G	T	99001	84250	38	1	1	34	1.00994e-05	99016	1	FALSE	NA	NA	NA	NA	NA	NA
NC_045512.2	17594	G	C	99001	84250	38	4	4	34	4.03975e-05	99016	1	FALSE	NA	NA	NA	NA	NA	NA
NC_045512.2	17594	G	A	99001	84250	38	10	9	44	0.000100994	99016	0.499964	FALSE	NA	NA	NA	NA	NA	NA
NC_045512.2	17595	T	G	102398	89154	38	1	0	34	9.76524e-06	102404	1	FALSE	NA	NA	NA	NA	NA	NA
NC_045512.2	17595	T	C	102398	89154	38	4	4	42	3.9061e-05	102404	0.971316	FALSE	NA	NA	NA	NA	NA	NA
NC_045512.2	17595	T	A	102398	89154	38	1	1	34	9.76524e-06	102404	1	FALSE	NA	NA	NA	NA	NA	NA
NC_045512.2	17596	G	T	101887	88537	38	2	2	34	1.96267e-05	101902	1	FALSE	NA	NA	NA	NA	NA	NA
NC_045512.2	17596	G	C	101887	88537	38	5	5	32	4.90668e-05	101902	1	FALSE	NA	NA	NA	NA	NA	NA
NC_045512.2	17596	G	A	101887	88537	38	8	5	59	7.85068e-05	101902	0.019525	FALSE	NA	NA	NA	NA	NA	NA
NC_045512.2	17597	C	T	100375	87267	38	10	9	43	9.96135e-05	100388	0.588085	FALSE	NA	NA	NA	NA	NA	NA
NC_045512.2	17597	C	A	100375	87267	38	3	3	34	2.9884e-05	100388	1	FALSE	NA	NA	NA	NA	NA	NA
NC_045512.2	17597	C	-T	100375	87267	38	5	0	20	4.98067e-05	100388	1	FALSE	NA	NA	NA	NA	NA	NA
NC_045512.2	17598	T	G	99577	86612	38	6	6	45	6.02385e-05	99604	0.849011	FALSE	NA	NA	NA	NA	NA	NA
NC_045512.2	17598	T	C	99577	86612	38	20	19	37	0.000200795	99604	1	FALSE	NA	NA	NA	NA	NA	NA
NC_045512.2	17598	T	A	99577	86612	38	1	1	34	1.00398e-05	99604	1	FALSE	NA	NA	NA	NA	NA	NA
NC_045512.2	17599	T	G	99138	86254	38	2	2	34	2.01715e-05	99150	1	FALSE	NA	NA	NA	NA	NA	NA
NC_045512.2	17599	T	C	99138	86254	38	9	9	33	9.07716e-05	99150	1	FALSE	NA	NA	NA	NA	NA	NA
NC_045512.2	17599	T	A	99138	86254	38	1	0	26	1.00857e-05	99150	1	FALSE	NA	NA	NA	NA	NA	NA
NC_045512.2	17600	T	G	99026	86942	38	1	1	26	1.00964e-05	99045	1	FALSE	NA	NA	NA	NA	NA	NA
NC_045512.2	17600	T	C	99026	86942	38	17	14	37	0.000171639	99045	1	FALSE	NA	NA	NA	NA	NA	NA
NC_045512.2	17600	T	A	99026	86942	38	1	0	24	1.00964e-05	99045	1	FALSE	NA	NA	NA	NA	NA	NA
NC_045512.2	17601	G	T	98495	86276	38	4	3	42	4.06087e-05	98501	0.953861	FALSE	NA	NA	NA	NA	NA	NA
NC_045512.2	17601	G	A	98495	86276	38	2	2	29	2.03044e-05	98501	1	FALSE	NA	NA	NA	NA	NA	NA
NC_045512.2	17602	G	T	98931	86716	38	6	6	34	6.0641e-05	98943	1	FALSE	NA	NA	NA	NA	NA	NA
NC_045512.2	17602	G	C	98931	86716	38	4	4	32	4.04273e-05	98943	1	FALSE	NA	NA	NA	NA	NA	NA
NC_045512.2	17602	G	A	98931	86716	38	2	1	51	2.02137e-05	98943	0.249976	FALSE	NA	NA	NA	NA	NA	NA
NC_045512.2	17603	T	G	80155	68212	35	2	2	30	2.49495e-05	80162	1	FALSE	NA	NA	NA	NA	NA	NA
NC_045512.2	17603	T	C	80155	68212	35	4	4	34	4.9899e-05	80162	1	FALSE	NA	NA	NA	NA	NA	NA
NC_045512.2	17603	T	A	80155	68212	35	1	0	20	1.24747e-05	80162	1	FALSE	NA	NA	NA	NA	NA	NA
NC_045512.2	17604	T	G	114628	104953	39	1	1	34	8.72319e-06	114637	1	FALSE	NA	NA	NA	NA	NA	NA
NC_045512.2	17604	T	C	114628	104953	39	8	7	38	6.97855e-05	114637	1	FALSE	NA	NA	NA	NA	NA	NA
NC_045512.2	17605	T	C	113205	103687	39	3	3	32	2.64999e-05	113208	1	FALSE	NA	NA	NA	NA	NA	NA
NC_045512.2	17606	A	T	113200	103690	39	2	2	34	1.76669e-05	113206	1	FALSE	NA	NA	NA	NA	NA	NA
NC_045512.2	17606	A	G	113200	103690	39	4	4	34	3.53338e-05	113206	1	FALSE	NA	NA	NA	NA	NA	NA
NC_045512.2	17607	T	G	113162	103705	39	1	1	34	8.83572e-06	113177	1	FALSE	NA	NA	NA	NA	NA	NA
NC_045512.2	17607	T	C	113162	103705	39	12	11	37	0.000106029	113177	1	FALSE	NA	NA	NA	NA	NA	NA
NC_045512.2	17607	T	A	113162	103705	39	2	1	51	1.76714e-05	113177	0.49996	FALSE	NA	NA	NA	NA	NA	NA
NC_045512.2	17608	G	A	112913	103471	39	2	2	34	1.77124e-05	112915	1	FALSE	NA	NA	NA	NA	NA	NA
NC_045512.2	17609	A	G	113174	103883	39	9	8	31	7.95151e-05	113186	1	FALSE	NA	NA	NA	NA	NA	NA
NC_045512.2	17609	A	C	113174	103883	39	3	3	34	2.6505e-05	113186	1	FALSE	NA	NA	NA	NA	NA	NA
NC_045512.2	17610	T	C	109339	100692	38	6	6	38	5.48722e-05	109345	1	FALSE	NA	NA	NA	NA	NA	NA
NC_045512.2	17610	T	-A	109339	100692	38	1	0	20	9.14537e-06	109345	1	FALSE	NA	NA	NA	NA	NA	NA
NC_045512.2	17611	A	G	109787	101276	38	10	9	35	9.10755e-05	109799	1	FALSE	NA	NA	NA	NA	NA	NA
NC_045512.2	17611	A	C	109787	101276	38	2	2	30	1.82151e-05	109799	1	FALSE	NA	NA	NA	NA	NA	NA
NC_045512.2	17612	A	G	109625	103157	37	9	7	40	8.20891e-05	109637	0.67619	FALSE	NA	NA	NA	NA	NA	NA
NC_045512.2	17612	A	C	109625	103157	37	3	3	34	2.7363e-05	109637	1	FALSE	NA	NA	NA	NA	NA	NA
NC_045512.2	17613	T	C	108992	102670	37	7	7	34	6.42208e-05	108999	1	FALSE	NA	NA	NA	NA	NA	NA
NC_045512.2	17614	A	T	109445	103181	37	6	6	31	5.48105e-05	109468	1	FALSE	NA	NA	NA	NA	NA	NA
NC_045512.2	17614	A	G	109445	103181	37	11	10	40	0.000100486	109468	0.499907	FALSE	NA	NA	NA	NA	NA	NA
NC_045512.2	17614	A	C	109445	103181	37	6	6	34	5.48105e-05	109468	1	FALSE	NA	NA	NA	NA	NA	NA
NC_045512.2	17615	A	G	109073	102811	37	5	4	32	4.58383e-05	109079	1	FALSE	NA	NA	NA	NA	NA	NA
NC_045512.2	17615	A	C	109073	102811	37	1	1	34	9.16767e-06	109079	1	FALSE	NA	NA	NA	NA	NA	NA
NC_045512.2	17616	G	T	108339	102085	37	1	1	26	9.22986e-06	108344	1	FALSE	NA	NA	NA	NA	NA	NA
NC_045512.2	17616	G	A	108339	102085	37	4	4	34	3.69194e-05	108344	1	FALSE	NA	NA	NA	NA	NA	NA
NC_045512.2	17617	C	T	108671	102700	37	2	2	30	1.84037e-05	108674	1	FALSE	NA	NA	NA	NA	NA	NA
NC_045512.2	17617	C	A	108671	102700	37	1	1	34	9.20183e-06	108674	1	FALSE	NA	NA	NA	NA	NA	NA
NC_045512.2	17618	T	C	104833	98920	37	11	11	37	0.000104913	104849	1	FALSE	NA	NA	NA	NA	NA	NA
NC_045512.2	17618	T	A	104833	98920	37	5	5	32	4.76876e-05	104849	1	FALSE	NA	NA	NA	NA	NA	NA
NC_045512.2	17619	T	G	104189	98293	37	3	3	34	2.87891e-05	104206	1	FALSE	NA	NA	NA	NA	NA	NA
NC_045512.2	17619	T	C	104189	98293	37	10	10	34	9.59638e-05	104206	1	FALSE	NA	NA	NA	NA	NA	NA
NC_045512.2	17619	T	A	104189	98293	37	4	3	30	3.83855e-05	104206	1	FALSE	NA	NA	NA	NA	NA	NA
NC_045512.2	17619	T	-AA	104189	98293	37	1	0	20	9.59638e-06	104206	1	FALSE	NA	NA	NA	NA	NA	NA
NC_045512.2	17619	T	-A	104189	98293	37	6	0	20	5.75783e-05	104206	1	FALSE	NA	NA	NA	NA	NA	NA
NC_045512.2	17620	A	T	102539	96670	37	1	1	34	9.75182e-06	102545	1	FALSE	NA	NA	NA	NA	NA	NA
NC_045512.2	17620	A	G	102539	96670	37	5	4	40	4.87591e-05	102545	0.940756	FALSE	NA	NA	NA	NA	NA	NA
NC_045512.2	17621	A	T	102489	96772	37	5	5	40	4.87781e-05	102505	0.940747	FALSE	NA	NA	NA	NA	NA	NA
NC_045512.2	17621	A	G	102489	96772	37	10	8	40	9.75562e-05	102505	0.588051	FALSE	NA	NA	NA	NA	NA	NA
NC_045512.2	17621	A	C	102489	96772	37	1	1	27	9.75562e-06	102505	1	FALSE	NA	NA	NA	NA	NA	NA
NC_045512.2	17622	A	G	102589	96902	37	8	8	34	7.7975e-05	102597	1	FALSE	NA	NA	NA	NA	NA	NA
NC_045512.2	17623	G	T	102039	96334	37	2	2	34	1.95984e-05	102049	1	FALSE	NA	NA	NA	NA	NA	NA
NC_045512.2	17623	G	C	102039	96334	37	4	4	30	3.91969e-05	102049	1	FALSE	NA	NA	NA	NA	NA	NA
NC_045512.2	17623	G	A	102039	96334	37	4	4	42	3.91969e-05	102049	0.971312	FALSE	NA	NA	NA	NA	NA	NA
NC_045512.2	17624	C	T	102023	96347	37	4	4	34	3.92049e-05	102028	1	FALSE	NA	NA	NA	NA	NA	NA
NC_045512.2	17624	C	A	102023	96347	37	1	1	34	9.80123e-06	102028	1	FALSE	NA	NA	NA	NA	NA	NA
NC_045512.2	17625	A	T	94637	89067	37	8	8	33	8.45085e-05	94665	1	FALSE	NA	NA	NA	NA	NA	NA
NC_045512.2	17625	A	G	94637	89067	37	18	18	35	0.000190144	94665	1	FALSE	NA	NA	NA	NA	NA	NA
NC_045512.2	17625	A	C	94637	89067	37	2	2	34	2.11271e-05	94665	1	FALSE	NA	NA	NA	NA	NA	NA
NC_045512.2	17626	C	T	95064	89613	37	5	5	32	5.25928e-05	95070	1	FALSE	NA	NA	NA	NA	NA	NA
NC_045512.2	17626	C	A	95064	89613	37	1	1	34	1.05186e-05	95070	1	FALSE	NA	NA	NA	NA	NA	NA
NC_045512.2	17627	A	T	94957	89508	37	7	6	38	7.3709e-05	94968	1	FALSE	NA	NA	NA	NA	NA	NA
NC_045512.2	17627	A	G	94957	89508	37	4	4	34	4.21195e-05	94968	1	FALSE	NA	NA	NA	NA	NA	NA
NC_045512.2	17628	T	C	95157	89767	37	2	1	47	2.10175e-05	95159	0.994142	FALSE	NA	NA	NA	NA	NA	NA
NC_045512.2	17629	A	G	94872	90181	37	7	6	38	7.37743e-05	94884	1	FALSE	NA	NA	NA	NA	NA	NA
NC_045512.2	17629	A	C	94872	90181	37	5	5	32	5.26959e-05	94884	1	FALSE	NA	NA	NA	NA	NA	NA
NC_045512.2	17630	A	T	94723	90088	37	1	1	26	1.05562e-05	94731	1	FALSE	NA	NA	NA	NA	NA	NA
NC_045512.2	17630	A	G	94723	90088	37	6	3	40	6.33372e-05	94731	0.849126	FALSE	NA	NA	NA	NA	NA	NA
NC_045512.2	17630	A	C	94723	90088	37	1	1	34	1.05562e-05	94731	1	FALSE	NA	NA	NA	NA	NA	NA
NC_045512.2	17631	A	T	94708	90109	36	9	9	34	9.50119e-05	94725	1	FALSE	NA	NA	NA	NA	NA	NA
NC_045512.2	17631	A	G	94708	90109	36	7	7	34	7.38981e-05	94725	1	FALSE	NA	NA	NA	NA	NA	NA
NC_045512.2	17631	A	C	94708	90109	36	1	1	34	1.05569e-05	94725	1	FALSE	NA	NA	NA	NA	NA	NA
NC_045512.2	17632	G	C	94061	89448	37	1	1	34	1.06313e-05	94062	1	FALSE	NA	NA	NA	NA	NA	NA
NC_045512.2	17632	G	-A	94061	89448	37	3	0	20	3.18939e-05	94062	1	FALSE	NA	NA	NA	NA	NA	NA
NC_045512.2	17633	A	T	93787	89186	37	5	5	34	5.32958e-05	93816	1	FALSE	NA	NA	NA	NA	NA	NA
NC_045512.2	17633	A	G	93787	89186	37	24	21	42	0.00025582	93816	0.00675746	TRUE	NA	NA	NA	NA	NA	NA
NC_045512.2	17634	C	T	93667	90317	36	7	7	34	7.47272e-05	93674	1	FALSE	NA	NA	NA	NA	NA	NA
NC_045512.2	17635	A	G	86873	83565	36	17	17	34	0.000195647	86891	1	FALSE	NA	NA	NA	NA	NA	NA
NC_045512.2	17635	A	C	86873	83565	36	1	1	68	1.15087e-05	86891	0.499954	FALSE	NA	NA	NA	NA	NA	NA
NC_045512.2	17636	A	T	86933	83710	36	1	1	26	1.15014e-05	86946	1	FALSE	NA	NA	NA	NA	NA	NA
NC_045512.2	17636	A	G	86933	83710	36	9	9	34	0.000103513	86946	1	FALSE	NA	NA	NA	NA	NA	NA
NC_045512.2	17636	A	C	86933	83710	36	3	3	31	3.45042e-05	86946	1	FALSE	NA	NA	NA	NA	NA	NA
NC_045512.2	17637	A	G	86981	83789	36	7	7	34	8.04709e-05	86988	1	FALSE	NA	NA	NA	NA	NA	NA
NC_045512.2	17638	T	C	86972	83783	36	4	4	32	4.59892e-05	86977	1	FALSE	NA	NA	NA	NA	NA	NA
NC_045512.2	17638	T	A	86972	83783	36	1	1	34	1.14973e-05	86977	1	FALSE	NA	NA	NA	NA	NA	NA
NC_045512.2	17639	C	T	86819	83960	36	4	4	40	4.60697e-05	86825	0.927006	FALSE	NA	NA	NA	NA	NA	NA
NC_045512.2	17639	C	A	86819	83960	36	2	2	29	2.30348e-05	86825	1	FALSE	NA	NA	NA	NA	NA	NA
NC_045512.2	17640	A	G	83462	80627	36	6	6	34	7.18813e-05	83471	1	FALSE	NA	NA	NA	NA	NA	NA
NC_045512.2	17640	A	C	83462	80627	36	3	3	45	3.59406e-05	83471	0.967282	FALSE	NA	NA	NA	NA	NA	NA
NC_045512.2	17641	G	T	83098	80299	36	3	3	34	3.60954e-05	83113	1	FALSE	NA	NA	NA	NA	NA	NA
NC_045512.2	17641	G	C	83098	80299	36	4	4	34	4.81272e-05	83113	1	FALSE	NA	NA	NA	NA	NA	NA
NC_045512.2	17641	G	A	83098	80299	36	8	8	34	9.62545e-05	83113	1	FALSE	NA	NA	NA	NA	NA	NA
NC_045512.2	17642	C	T	83403	80655	36	2	2	34	2.39777e-05	83411	1	FALSE	NA	NA	NA	NA	NA	NA
NC_045512.2	17642	C	A	83403	80655	36	6	6	34	7.1933e-05	83411	1	FALSE	NA	NA	NA	NA	NA	NA
NC_045512.2	17643	T	C	82969	80217	36	4	4	32	4.82085e-05	82973	1	FALSE	NA	NA	NA	NA	NA	NA
NC_045512.2	17643	T	-C	82969	80217	36	1	0	20	1.20521e-05	82973	1	FALSE	NA	NA	NA	NA	NA	NA
NC_045512.2	17644	C	T	82718	80022	36	4	4	34	4.8353e-05	82725	1	FALSE	NA	NA	NA	NA	NA	NA
NC_045512.2	17644	C	G	82718	80022	36	1	1	27	1.20882e-05	82725	1	FALSE	NA	NA	NA	NA	NA	NA
NC_045512.2	17644	C	A	82718	80022	36	2	2	34	2.41765e-05	82725	1	FALSE	NA	NA	NA	NA	NA	NA
NC_045512.2	17644	C	-A	82718	80022	36	1	0	20	1.20881e-05	82726	1	FALSE	NA	NA	NA	NA	NA	NA
NC_045512.2	17645	A	T	79387	76722	36	1	1	34	1.25959e-05	79391	1	FALSE	NA	NA	NA	NA	NA	NA
NC_045512.2	17645	A	G	79387	76722	36	3	3	34	3.77877e-05	79391	1	FALSE	NA	NA	NA	NA	NA	NA
NC_045512.2	17646	A	T	79474	76809	36	1	1	34	1.25821e-05	79478	1	FALSE	NA	NA	NA	NA	NA	NA
NC_045512.2	17646	A	G	79474	76809	36	2	2	34	2.51642e-05	79478	1	FALSE	NA	NA	NA	NA	NA	NA
NC_045512.2	17646	A	C	79474	76809	36	1	1	34	1.25821e-05	79478	1	FALSE	NA	NA	NA	NA	NA	NA
NC_045512.2	17647	T	C	87896	77070	35	4	4	31	4.55057e-05	87901	1	FALSE	NA	NA	NA	NA	NA	NA
NC_045512.2	17647	T	A	87896	77070	35	1	1	34	1.13764e-05	87901	1	FALSE	NA	NA	NA	NA	NA	NA
NC_045512.2	17648	G	C	87763	76778	35	2	2	30	2.27873e-05	87768	1	FALSE	NA	NA	NA	NA	NA	NA
NC_045512.2	17648	G	A	87763	76778	35	3	3	34	3.4181e-05	87768	1	FALSE	NA	NA	NA	NA	NA	NA
NC_045512.2	17649	C	T	88120	77084	35	7	6	31	7.94299e-05	88128	1	FALSE	NA	NA	NA	NA	NA	NA
NC_045512.2	17649	C	A	88120	77084	35	1	1	34	1.13471e-05	88128	1	FALSE	NA	NA	NA	NA	NA	NA
NC_045512.2	17650	T	G	83900	72836	35	4	4	34	4.76667e-05	83916	1	FALSE	NA	NA	NA	NA	NA	NA
NC_045512.2	17650	T	C	83900	72836	35	8	7	34	9.53334e-05	83916	1	FALSE	NA	NA	NA	NA	NA	NA
NC_045512.2	17650	T	A	83900	72836	35	4	4	42	4.76667e-05	83916	0.926977	FALSE	NA	NA	NA	NA	NA	NA
NC_045512.2	17651	T	G	84281	73160	35	1	1	34	1.18641e-05	84288	1	FALSE	NA	NA	NA	NA	NA	NA
NC_045512.2	17651	T	C	84281	73160	35	3	3	34	3.55923e-05	84288	1	FALSE	NA	NA	NA	NA	NA	NA
NC_045512.2	17651	T	A	84281	73160	35	3	3	31	3.55923e-05	84288	1	FALSE	NA	NA	NA	NA	NA	NA
NC_045512.2	17652	T	C	84347	73241	35	8	7	31	9.48362e-05	84356	1	FALSE	NA	NA	NA	NA	NA	NA
NC_045512.2	17652	T	A	84347	73241	35	1	1	34	1.18545e-05	84356	1	FALSE	NA	NA	NA	NA	NA	NA
NC_045512.2	17652	T	-A	84347	73241	35	12	0	20	0.000142254	84356	1	FALSE	NA	NA	NA	NA	NA	NA
NC_045512.2	17652	T	+A	84347	73241	35	2	0	20	2.3709e-05	84356	1	FALSE	NA	NA	NA	NA	NA	NA
NC_045512.2	17653	A	T	84123	73040	35	1	1	34	1.18868e-05	84127	1	FALSE	NA	NA	NA	NA	NA	NA
NC_045512.2	17653	A	G	84123	73040	35	3	3	45	3.56604e-05	84127	0.967272	FALSE	NA	NA	NA	NA	NA	NA
NC_045512.2	17654	A	G	84150	73082	35	3	3	34	3.56494e-05	84153	1	FALSE	NA	NA	NA	NA	NA	NA
NC_045512.2	17655	A	G	83742	72696	35	4	3	32	4.77629e-05	83747	1	FALSE	NA	NA	NA	NA	NA	NA
NC_045512.2	17655	A	C	83742	72696	35	1	1	34	1.19407e-05	83747	1	FALSE	NA	NA	NA	NA	NA	NA
NC_045512.2	17656	A	G	83700	72640	35	8	6	37	9.55703e-05	83708	1	FALSE	NA	NA	NA	NA	NA	NA
NC_045512.2	17657	T	C	82113	71094	35	5	2	34	6.08872e-05	82119	1	FALSE	NA	NA	NA	NA	NA	NA
NC_045512.2	17657	T	A	82113	71094	35	1	1	34	1.21774e-05	82119	1	FALSE	NA	NA	NA	NA	NA	NA
NC_045512.2	17658	G	T	82033	70576	35	1	1	34	1.21896e-05	82037	1	FALSE	NA	NA	NA	NA	NA	NA
NC_045512.2	17658	G	A	82033	70576	35	3	3	34	3.65689e-05	82037	1	FALSE	NA	NA	NA	NA	NA	NA
NC_045512.2	17658	G	-T	82033	70576	35	2	0	20	2.43792e-05	82037	1	FALSE	NA	NA	NA	NA	NA	NA
NC_045512.2	17659	T	G	81800	70347	35	1	1	34	1.22227e-05	81815	1	FALSE	NA	NA	NA	NA	NA	NA
NC_045512.2	17659	T	C	81800	70347	35	13	12	34	0.000158895	81815	1	FALSE	NA	NA	NA	NA	NA	NA
NC_045512.2	17659	T	A	81800	70347	35	1	1	34	1.22227e-05	81815	1	FALSE	NA	NA	NA	NA	NA	NA
NC_045512.2	17660	T	C	78378	66913	34	2	2	34	2.55167e-05	78380	1	FALSE	NA	NA	NA	NA	NA	NA
NC_045512.2	17661	T	C	82345	70159	35	11	10	35	0.000133566	82356	1	FALSE	NA	NA	NA	NA	NA	NA
NC_045512.2	17662	T	C	81969	69832	35	6	6	34	7.3193e-05	81975	1	FALSE	NA	NA	NA	NA	NA	NA
NC_045512.2	17663	A	T	82460	70515	35	1	1	34	1.21264e-05	82465	1	FALSE	NA	NA	NA	NA	NA	NA
NC_045512.2	17663	A	G	82460	70515	35	2	2	34	2.42527e-05	82465	1	FALSE	NA	NA	NA	NA	NA	NA
NC_045512.2	17663	A	C	82460	70515	35	2	2	34	2.42527e-05	82465	1	FALSE	NA	NA	NA	NA	NA	NA
NC_045512.2	17664	T	G	82611	70656	35	1	1	26	1.21045e-05	82614	1	FALSE	NA	NA	NA	NA	NA	NA
NC_045512.2	17664	T	C	82611	70656	35	2	2	34	2.4209e-05	82614	1	FALSE	NA	NA	NA	NA	NA	NA
NC_045512.2	17664	T	-A	82611	70656	35	1	0	20	1.21045e-05	82614	1	FALSE	NA	NA	NA	NA	NA	NA
NC_045512.2	17665	A	T	82047	70169	35	4	4	32	4.87478e-05	82055	1	FALSE	NA	NA	NA	NA	NA	NA
NC_045512.2	17665	A	G	82047	70169	35	4	3	32	4.87478e-05	82055	1	FALSE	NA	NA	NA	NA	NA	NA
NC_045512.2	17666	A	T	81890	69951	35	5	5	30	6.10366e-05	81918	1	FALSE	NA	NA	NA	NA	NA	NA
NC_045512.2	17666	A	G	81890	69951	35	22	21	33	0.000268561	81918	1	FALSE	NA	NA	NA	NA	NA	NA
NC_045512.2	17666	A	C	81890	69951	35	1	1	34	1.22073e-05	81918	1	FALSE	NA	NA	NA	NA	NA	NA
NC_045512.2	17666	A	-G	81890	69951	35	1	0	20	1.22073e-05	81918	1	FALSE	NA	NA	NA	NA	NA	NA
NC_045512.2	17667	G	T	80837	68195	35	5	3	47	6.18467e-05	80845	0.866572	FALSE	NA	NA	NA	NA	NA	NA
NC_045512.2	17667	G	C	80837	68195	35	2	2	34	2.47387e-05	80845	1	FALSE	NA	NA	NA	NA	NA	NA
NC_045512.2	17667	G	A	80837	68195	35	1	1	34	1.23693e-05	80845	1	FALSE	NA	NA	NA	NA	NA	NA
NC_045512.2	17668	G	C	80082	67441	35	6	6	31	7.49167e-05	80089	1	FALSE	NA	NA	NA	NA	NA	NA
NC_045512.2	17668	G	A	80082	67441	35	1	1	34	1.24861e-05	80089	1	FALSE	NA	NA	NA	NA	NA	NA
NC_045512.2	17669	G	T	81146	67426	35	2	2	47	2.4646e-05	81149	0.98926	FALSE	NA	NA	NA	NA	NA	NA
NC_045512.2	17669	G	A	81146	67426	35	1	1	34	1.2323e-05	81149	1	FALSE	NA	NA	NA	NA	NA	NA
NC_045512.2	17670	T	G	71730	58097	35	3	1	34	4.18159e-05	71743	1	FALSE	NA	NA	NA	NA	NA	NA
NC_045512.2	17670	T	C	71730	58097	35	10	9	33	0.000139386	71743	1	FALSE	NA	NA	NA	NA	NA	NA
NC_045512.2	17671	G	T	73569	57947	35	1	1	26	1.35906e-05	73580	1	FALSE	NA	NA	NA	NA	NA	NA
NC_045512.2	17671	G	C	73569	57947	35	5	5	34	6.79532e-05	73580	1	FALSE	NA	NA	NA	NA	NA	NA
NC_045512.2	17671	G	A	73569	57947	35	5	4	34	6.79532e-05	73580	1	FALSE	NA	NA	NA	NA	NA	NA
NC_045512.2	17671	G	-T	73569	57947	35	1	0	20	1.35906e-05	73580	1	FALSE	NA	NA	NA	NA	NA	NA
NC_045512.2	17672	T	G	72740	57178	35	1	1	34	1.37453e-05	72752	1	FALSE	NA	NA	NA	NA	NA	NA
NC_045512.2	17672	T	C	72740	57178	35	10	10	34	0.000137453	72752	1	FALSE	NA	NA	NA	NA	NA	NA
NC_045512.2	17672	T	A	72740	57178	35	1	1	34	1.37453e-05	72752	1	FALSE	NA	NA	NA	NA	NA	NA
NC_045512.2	17673	T	C	71081	55526	34	11	11	37	0.000154725	71094	1	FALSE	NA	NA	NA	NA	NA	NA
NC_045512.2	17673	T	A	71081	55526	34	2	2	34	2.81318e-05	71094	1	FALSE	NA	NA	NA	NA	NA	NA
NC_045512.2	17674	A	T	72612	57151	35	2	2	30	2.75418e-05	72617	1	FALSE	NA	NA	NA	NA	NA	NA
NC_045512.2	17674	A	G	72612	57151	35	2	1	34	2.75418e-05	72617	1	FALSE	NA	NA	NA	NA	NA	NA
NC_045512.2	17674	A	C	72612	57151	35	1	1	34	1.37709e-05	72617	1	FALSE	NA	NA	NA	NA	NA	NA
NC_045512.2	17675	T	C	69254	56619	35	3118	97	34	0.0430812	72375	0	TRUE	NA	NA	NA	NA	NA	NA
NC_045512.2	17675	T	A	69254	56619	35	3	3	34	4.14508e-05	72375	1	FALSE	NA	NA	NA	NA	NA	NA
NC_045512.2	17676	C	T	68086	52573	35	13	10	33	0.000190893	68101	1	FALSE	NA	NA	NA	NA	NA	NA
NC_045512.2	17676	C	A	68086	52573	35	2	2	34	2.93681e-05	68101	1	FALSE	NA	NA	NA	NA	NA	NA
NC_045512.2	17677	A	T	66352	50796	35	2	2	30	3.01346e-05	66369	1	FALSE	NA	NA	NA	NA	NA	NA
NC_045512.2	17677	A	G	66352	50796	35	12	9	33	0.000180807	66369	1	FALSE	NA	NA	NA	NA	NA	NA
NC_045512.2	17677	A	C	66352	50796	35	3	3	28	4.52018e-05	66369	1	FALSE	NA	NA	NA	NA	NA	NA
NC_045512.2	17678	C	T	58883	43238	35	22	20	34	0.000373476	58906	0.999987	FALSE	NA	NA	NA	NA	NA	NA
NC_045512.2	17678	C	A	58883	43238	35	1	0	26	1.69762e-05	58906	1	FALSE	NA	NA	NA	NA	NA	NA
NC_045512.2	17679	G	C	58442	42783	35	1	1	34	1.7101e-05	58476	1	FALSE	NA	NA	NA	NA	NA	NA
NC_045512.2	17679	G	A	58442	42783	35	33	14	35	0.000564334	58476	0.996957	FALSE	NA	NA	NA	NA	NA	NA
NC_045512.2	17679	G	-CA	58442	42783	35	1	0	20	1.7101e-05	58476	1	FALSE	NA	NA	NA	NA	NA	NA
NC_045512.2	17680	C	T	56467	40856	35	8	7	34	0.000141656	56475	1	FALSE	NA	NA	NA	NA	NA	NA
NC_045512.2	17681	A	G	55817	40320	35	4	4	34	7.16563e-05	55822	1	FALSE	NA	NA	NA	NA	NA	NA
NC_045512.2	17681	A	C	55817	40320	35	1	1	34	1.79141e-05	55822	1	FALSE	NA	NA	NA	NA	NA	NA
NC_045512.2	17682	T	C	55617	39927	35	3	2	34	5.39374e-05	55620	1	FALSE	NA	NA	NA	NA	NA	NA
NC_045512.2	17683	G	T	54869	39195	35	6	6	32	0.000109335	54877	1	FALSE	NA	NA	NA	NA	NA	NA
NC_045512.2	17683	G	A	54869	39195	35	2	2	34	3.64451e-05	54877	1	FALSE	NA	NA	NA	NA	NA	NA
NC_045512.2	17684	A	G	55204	39295	35	5	3	34	9.056e-05	55212	1	FALSE	NA	NA	NA	NA	NA	NA
NC_045512.2	17684	A	C	55204	39295	35	3	3	31	5.4336e-05	55212	1	FALSE	NA	NA	NA	NA	NA	NA
NC_045512.2	17685	T	C	16235	691	35	3	0	34	0.000184752	16238	0.999637	FALSE	NA	NA	NA	NA	NA	NA
NC_045512.2	17687	T	C	16262	711	35	1	0	26	6.14893e-05	16263	1	FALSE	NA	NA	NA	NA	NA	NA
NC_045512.2	17688	T	C	16304	734	35	5	1	40	0.000306579	16309	0.109368	FALSE	NA	NA	NA	NA	NA	NA
NC_045512.2	17689	T	C	16279	735	35	8	0	34	0.000491189	16287	0.968102	FALSE	NA	NA	NA	NA	NA	NA
NC_045512.2	17690	C	T	16326	746	35	1	0	26	6.12482e-05	16327	1	FALSE	NA	NA	NA	NA	NA	NA
NC_045512.2	17691	A	G	16369	748	35	1	0	34	6.10874e-05	16370	0.999992	FALSE	NA	NA	NA	NA	NA	NA
NC_045512.2	17694	T	C	16366	761	35	3	0	34	0.000183273	16369	0.999637	FALSE	NA	NA	NA	NA	NA	NA
NC_045512.2	17695	G	A	17215	768	35	2	0	34	0.000116164	17217	0.999962	FALSE	NA	NA	NA	NA	NA	NA
NC_045512.2	17696	C	T	17233	823	35	1	0	34	5.80248e-05	17234	0.999996	FALSE	NA	NA	NA	NA	NA	NA
NC_045512.2	17697	A	G	17246	824	35	3	0	34	0.000173923	17249	0.9998	FALSE	NA	NA	NA	NA	NA	NA
NC_045512.2	17698	A	G	17263	907	36	4	0	34	0.000231656	17267	0.999258	FALSE	NA	NA	NA	NA	NA	NA
NC_045512.2	17698	A	-T	17263	907	36	1	0	20	5.79139e-05	17267	1	FALSE	NA	NA	NA	NA	NA	NA
NC_045512.2	17700	T	G	17378	1002	36	1	0	34	5.75374e-05	17380	0.999996	FALSE	NA	NA	NA	NA	NA	NA
NC_045512.2	17700	T	C	17378	1002	36	1	0	34	5.75374e-05	17380	0.999996	FALSE	NA	NA	NA	NA	NA	NA
NC_045512.2	17702	A	G	17039	1010	35	1	0	34	5.86854e-05	17040	0.999996	FALSE	NA	NA	NA	NA	NA	NA
NC_045512.2	17703	C	T	17346	1008	36	24	2	43	0.00138169	17370	7.69726e-07	TRUE	NA	NA	NA	NA	NA	NA
NC_045512.2	17704	A	T	17267	1009	36	1	0	34	5.78938e-05	17273	0.999996	FALSE	NA	NA	NA	NA	NA	NA
NC_045512.2	17704	A	G	17267	1009	36	5	0	34	0.000289469	17273	0.997834	FALSE	NA	NA	NA	NA	NA	NA
NC_045512.2	17705	G	A	17879	1013	36	1	0	34	5.59284e-05	17880	0.999996	FALSE	NA	NA	NA	NA	NA	NA
NC_045512.2	17706	G	A	18004	1113	36	2	0	34	0.000111074	18006	0.99998	FALSE	NA	NA	NA	NA	NA	NA
NC_045512.2	17707	C	T	18276	1118	36	2	0	34	0.000109409	18280	0.99998	FALSE	NA	NA	NA	NA	NA	NA
NC_045512.2	17707	C	A	18276	1118	36	2	0	34	0.000109409	18280	0.99998	FALSE	NA	NA	NA	NA	NA	NA
NC_045512.2	17708	C	T	18245	1134	36	2	0	34	0.000109607	18247	0.99998	FALSE	NA	NA	NA	NA	NA	NA
NC_045512.2	17709	A	G	18950	1145	36	2	0	34	0.000105524	18953	0.99998	FALSE	NA	NA	NA	NA	NA	NA
NC_045512.2	17709	A	C	18950	1145	36	1	0	34	5.27621e-05	18953	0.999998	FALSE	NA	NA	NA	NA	NA	NA
NC_045512.2	17710	C	T	20497	1177	36	4	0	34	0.000195112	20501	0.999862	FALSE	NA	NA	NA	NA	NA	NA
NC_045512.2	17712	A	G	20670	1178	36	2	0	34	9.67492e-05	20672	0.999995	FALSE	NA	NA	NA	NA	NA	NA
NC_045512.2	17713	A	G	19256	1174	35	1	0	34	5.19292e-05	19257	0.999999	FALSE	NA	NA	NA	NA	NA	NA
NC_045512.2	17714	T	C	20645	1166	36	1	0	34	4.84355e-05	20646	1	FALSE	NA	NA	NA	NA	NA	NA
NC_045512.2	17715	A	G	20533	1173	36	6	0	39	0.000292127	20539	0.998757	FALSE	NA	NA	NA	NA	NA	NA
NC_045512.2	17716	G	C	20816	1158	36	1	1	27	4.80377e-05	20817	1	FALSE	NA	NA	NA	NA	NA	NA
NC_045512.2	17718	C	T	20838	1245	36	4	0	34	0.00019192	20842	0.999862	FALSE	NA	NA	NA	NA	NA	NA
NC_045512.2	17719	G	A	20877	1245	36	2	0	51	9.579e-05	20879	0.250006	FALSE	NA	NA	NA	NA	NA	NA
NC_045512.2	17720	T	C	21075	1242	36	1	0	34	4.74473e-05	21076	1	FALSE	NA	NA	NA	NA	NA	NA
NC_045512.2	17721	G	T	21206	1243	36	4	0	34	0.000188573	21212	0.999922	FALSE	NA	NA	NA	NA	NA	NA
NC_045512.2	17721	G	A	21206	1243	36	2	0	34	9.42863e-05	21212	0.999997	FALSE	NA	NA	NA	NA	NA	NA
NC_045512.2	17722	G	A	21373	1244	36	2	0	51	9.35673e-05	21375	0.250006	FALSE	NA	NA	NA	NA	NA	NA
NC_045512.2	17723	T	C	21327	1258	36	1	0	34	4.68867e-05	21328	1	FALSE	NA	NA	NA	NA	NA	NA
NC_045512.2	17724	A	G	21361	1258	36	4	0	34	0.000187222	21365	0.999922	FALSE	NA	NA	NA	NA	NA	NA
NC_045512.2	17725	A	T	21321	1258	36	1	0	26	4.68977e-05	21323	1	FALSE	NA	NA	NA	NA	NA	NA
NC_045512.2	17725	A	G	21321	1258	36	1	0	34	4.68977e-05	21323	1	FALSE	NA	NA	NA	NA	NA	NA
NC_045512.2	17727	A	G	16163	1521	34	3	0	34	0.000185575	16166	0.999637	FALSE	NA	NA	NA	NA	NA	NA
NC_045512.2	17728	G	A	18249	1516	36	2	2	34	0.000109583	18251	0.99998	FALSE	NA	NA	NA	NA	NA	NA
NC_045512.2	17732	T	C	17074	1963	36	3	2	38	0.000175675	17077	0.9998	FALSE	NA	NA	NA	NA	NA	NA
NC_045512.2	17734	C	T	17239	2028	36	2	0	34	0.000115996	17242	0.999962	FALSE	NA	NA	NA	NA	NA	NA
NC_045512.2	17734	C	G	17239	2028	36	1	0	34	5.79979e-05	17242	0.999996	FALSE	NA	NA	NA	NA	NA	NA
NC_045512.2	17735	T	C	17235	1991	36	1	0	34	5.80181e-05	17236	0.999996	FALSE	NA	NA	NA	NA	NA	NA
NC_045512.2	17736	T	C	17167	2002	36	1	0	34	5.82445e-05	17169	0.999996	FALSE	NA	NA	NA	NA	NA	NA
NC_045512.2	17736	T	A	17167	2002	36	1	0	34	5.82445e-05	17169	0.999996	FALSE	NA	NA	NA	NA	NA	NA
NC_045512.2	17737	A	G	16345	2047	36	1	0	34	6.1177e-05	16346	0.999992	FALSE	NA	NA	NA	NA	NA	NA
NC_045512.2	17738	C	T	17270	2068	36	2	0	34	0.000115794	17272	0.999962	FALSE	NA	NA	NA	NA	NA	NA
NC_045512.2	17740	C	T	17853	2150	36	2	0	34	0.000111995	17858	0.999962	FALSE	NA	NA	NA	NA	NA	NA
NC_045512.2	17740	C	G	17853	2150	36	3	0	31	0.000167992	17858	0.999799	FALSE	NA	NA	NA	NA	NA	NA
NC_045512.2	17741	G	A	17819	2138	36	1	0	34	5.61167e-05	17820	0.999996	FALSE	NA	NA	NA	NA	NA	NA
NC_045512.2	17742	T	G	16842	2174	36	1	0	26	5.93542e-05	16848	1	FALSE	NA	NA	NA	NA	NA	NA
NC_045512.2	17742	T	C	16842	2174	36	5	0	34	0.000296771	16848	0.99641	FALSE	NA	NA	NA	NA	NA	NA
NC_045512.2	17743	A	G	17006	2271	36	1	0	34	5.87993e-05	17007	0.999996	FALSE	NA	NA	NA	NA	NA	NA
NC_045512.2	17744	A	-C	17228	2269	36	1	0	20	5.8045e-05	17228	1	FALSE	NA	NA	NA	NA	NA	NA
NC_045512.2	17745	C	T	17277	2419	36	4	0	51	0.000231441	17283	0.0624747	FALSE	NA	NA	NA	NA	NA	NA
NC_045512.2	17745	C	G	17277	2419	36	1	0	34	5.78603e-05	17283	0.999996	FALSE	NA	NA	NA	NA	NA	NA
NC_045512.2	17745	C	A	17277	2419	36	1	0	26	5.78603e-05	17283	1	FALSE	NA	NA	NA	NA	NA	NA
NC_045512.2	17746	C	T	17155	2400	36	1	0	34	5.82852e-05	17157	0.999996	FALSE	NA	NA	NA	NA	NA	NA
NC_045512.2	17746	C	G	17155	2400	36	1	0	34	5.82852e-05	17157	0.999996	FALSE	NA	NA	NA	NA	NA	NA
NC_045512.2	17747	C	T	16670	2426	36	3	0	34	0.000179932	16673	0.999637	FALSE	NA	NA	NA	NA	NA	NA
NC_045512.2	17748	T	G	16495	2229	36	1	0	34	6.06171e-05	16497	0.999992	FALSE	NA	NA	NA	NA	NA	NA
NC_045512.2	17748	T	C	16495	2229	36	1	0	68	6.06171e-05	16497	0.5	FALSE	NA	NA	NA	NA	NA	NA
NC_045512.2	17749	G	T	16687	2237	36	1	0	34	5.99233e-05	16688	0.999992	FALSE	NA	NA	NA	NA	NA	NA
NC_045512.2	17751	T	C	16660	2291	36	2	0	34	0.000120019	16664	0.999928	FALSE	NA	NA	NA	NA	NA	NA
NC_045512.2	17751	T	A	16660	2291	36	2	0	30	0.000120019	16664	0.999928	FALSE	NA	NA	NA	NA	NA	NA
NC_045512.2	17752	T	C	16655	2339	36	4	3	28	0.00024011	16659	1	FALSE	NA	NA	NA	NA	NA	NA
NC_045512.2	17753	G	A	16654	2288	36	2	0	34	0.000120077	16656	0.999928	FALSE	NA	NA	NA	NA	NA	NA
NC_045512.2	17754	G	A	16733	2288	36	2	0	34	0.00011951	16735	0.999928	FALSE	NA	NA	NA	NA	NA	NA
NC_045512.2	17755	A	G	16815	2342	36	5	0	34	0.000297265	16820	0.996411	FALSE	NA	NA	NA	NA	NA	NA
NC_045512.2	17756	G	A	16833	2340	36	4	1	42	0.000237572	16837	0.1875	FALSE	NA	NA	NA	NA	NA	NA
NC_045512.2	17757	A	G	16576	3294	36	2	0	30	0.000120642	16578	0.999928	FALSE	NA	NA	NA	NA	NA	NA
NC_045512.2	17758	A	G	17377	3263	37	1	0	26	5.7544e-05	17378	1	FALSE	NA	NA	NA	NA	NA	NA
NC_045512.2	17759	A	G	16958	3326	37	4	1	29	0.000235807	16963	1	FALSE	NA	NA	NA	NA	NA	NA
NC_045512.2	17759	A	C	16958	3326	37	1	1	34	5.89518e-05	16963	0.999992	FALSE	NA	NA	NA	NA	NA	NA
NC_045512.2	17760	A	G	16921	3345	37	7	2	34	0.000413516	16928	0.982691	FALSE	NA	NA	NA	NA	NA	NA
NC_045512.2	17762	C	T	16643	5054	38	2	0	34	0.000120156	16645	0.999928	FALSE	NA	NA	NA	NA	NA	NA
NC_045512.2	17763	T	G	16578	4934	39	2	2	34	0.00012062	16581	0.999928	FALSE	NA	NA	NA	NA	NA	NA
NC_045512.2	17763	T	C	16578	4934	39	1	0	26	6.031e-05	16581	1	FALSE	NA	NA	NA	NA	NA	NA
NC_045512.2	17764	G	T	16977	4985	39	3	2	56	0.000176626	16985	0.124945	FALSE	NA	NA	NA	NA	NA	NA
NC_045512.2	17764	G	C	16977	4985	39	2	1	51	0.000117751	16985	0.249919	FALSE	NA	NA	NA	NA	NA	NA
NC_045512.2	17764	G	A	16977	4985	39	3	3	34	0.000176626	16985	0.999636	FALSE	NA	NA	NA	NA	NA	NA
NC_045512.2	17765	T	C	16893	4939	38	1	0	34	5.91926e-05	16894	0.999992	FALSE	NA	NA	NA	NA	NA	NA
NC_045512.2	17766	C	T	17053	5023	39	1	0	34	5.86373e-05	17054	0.999996	FALSE	NA	NA	NA	NA	NA	NA
NC_045512.2	17767	T	G	17043	5043	39	1	0	34	5.86579e-05	17048	0.999996	FALSE	NA	NA	NA	NA	NA	NA
NC_045512.2	17767	T	C	17043	5043	39	3	1	30	0.000175974	17048	0.999799	FALSE	NA	NA	NA	NA	NA	NA
NC_045512.2	17767	T	A	17043	5043	39	1	0	68	5.86579e-05	17048	0.499956	FALSE	NA	NA	NA	NA	NA	NA
NC_045512.2	17768	T	C	17200	5205	39	1	0	46	5.81362e-05	17201	0.750022	FALSE	NA	NA	NA	NA	NA	NA
NC_045512.2	17769	T	C	17201	5378	39	1	1	34	5.81328e-05	17202	0.999996	FALSE	NA	NA	NA	NA	NA	NA
NC_045512.2	17771	T	C	16500	5605	39	1	0	24	6.06024e-05	16501	1	FALSE	NA	NA	NA	NA	NA	NA
NC_045512.2	17772	T	C	15083	5983	38	1	0	34	6.62954e-05	15084	0.999985	FALSE	NA	NA	NA	NA	NA	NA
NC_045512.2	17773	T	C	15099	6035	38	1	0	34	6.62252e-05	15100	0.999985	FALSE	NA	NA	NA	NA	NA	NA
NC_045512.2	17774	C	T	15366	6530	38	2	2	34	0.000130124	15370	0.999863	FALSE	NA	NA	NA	NA	NA	NA
NC_045512.2	17774	C	G	15366	6530	38	1	0	34	6.50618e-05	15370	0.999985	FALSE	NA	NA	NA	NA	NA	NA
NC_045512.2	17774	C	A	15366	6530	38	1	1	34	6.50618e-05	15370	0.999985	FALSE	NA	NA	NA	NA	NA	NA
NC_045512.2	17777	C	G	15311	6583	38	1	0	34	6.5304e-05	15313	0.999985	FALSE	NA	NA	NA	NA	NA	NA
NC_045512.2	17777	C	A	15311	6583	38	1	0	34	6.5304e-05	15313	0.999985	FALSE	NA	NA	NA	NA	NA	NA
NC_045512.2	17777	C	-T	15311	6583	38	2	0	20	0.000130608	15313	1	FALSE	NA	NA	NA	NA	NA	NA
NC_045512.2	17778	T	C	15391	6607	38	7	5	43	0.000454545	15400	0.0351172	FALSE	NA	NA	NA	NA	NA	NA
NC_045512.2	17778	T	A	15391	6607	38	2	0	34	0.00012987	15400	0.999863	FALSE	NA	NA	NA	NA	NA	NA
NC_045512.2	17779	T	G	15356	6568	38	1	0	27	6.50999e-05	15361	1	FALSE	NA	NA	NA	NA	NA	NA
NC_045512.2	17779	T	C	15356	6568	38	4	1	34	0.0002604	15361	0.997793	FALSE	NA	NA	NA	NA	NA	NA
NC_045512.2	17781	T	C	15353	6593	38	1	0	34	6.51296e-05	15354	0.999985	FALSE	NA	NA	NA	NA	NA	NA
NC_045512.2	17782	A	G	15437	6691	38	2	2	34	0.000129542	15439	0.999863	FALSE	NA	NA	NA	NA	NA	NA
NC_045512.2	17783	A	G	15497	6839	38	1	0	68	6.4512e-05	15501	0.499968	FALSE	NA	NA	NA	NA	NA	NA
NC_045512.2	17783	A	C	15497	6839	38	3	3	34	0.000193536	15501	0.999346	FALSE	NA	NA	NA	NA	NA	NA
NC_045512.2	17784	T	C	15331	6687	38	1	0	34	6.52188e-05	15333	0.999985	FALSE	NA	NA	NA	NA	NA	NA
NC_045512.2	17784	T	A	15331	6687	38	1	0	26	6.52188e-05	15333	1	FALSE	NA	NA	NA	NA	NA	NA
NC_045512.2	17785	T	C	15111	6796	38	2	1	51	0.000132336	15113	0.250008	FALSE	NA	NA	NA	NA	NA	NA
NC_045512.2	17786	C	A	15001	6839	38	1	1	34	6.66578e-05	15002	0.999985	FALSE	NA	NA	NA	NA	NA	NA
NC_045512.2	17787	A	G	14791	6790	38	4	0	34	0.000270362	14795	0.996241	FALSE	NA	NA	NA	NA	NA	NA
NC_045512.2	17788	C	T	15011	6793	38	1	0	34	6.66134e-05	15012	0.999985	FALSE	NA	NA	NA	NA	NA	NA
NC_045512.2	17789	A	G	14983	6746	38	13	5	52	0.000866898	14996	0.000121806	TRUE	NA	NA	NA	NA	NA	NA
NC_045512.2	17791	A	G	15406	7061	38	1	1	34	6.49056e-05	15407	0.999985	FALSE	NA	NA	NA	NA	NA	NA
NC_045512.2	17792	A	G	15664	7087	38	1	1	68	6.38366e-05	15665	0.500016	FALSE	NA	NA	NA	NA	NA	NA
NC_045512.2	17794	G	A	15891	7115	38	1	1	60	6.29247e-05	15892	0.500016	FALSE	NA	NA	NA	NA	NA	NA
NC_045512.2	17795	C	T	15340	7307	38	3	2	34	0.000195503	15345	0.999346	FALSE	NA	NA	NA	NA	NA	NA
NC_045512.2	17795	C	A	15340	7307	38	2	1	51	0.000130336	15345	0.249959	FALSE	NA	NA	NA	NA	NA	NA
NC_045512.2	17796	T	C	15321	7286	38	1	0	34	6.52656e-05	15322	0.999985	FALSE	NA	NA	NA	NA	NA	NA
NC_045512.2	17797	G	C	15314	7269	38	1	1	34	6.52827e-05	15318	0.999985	FALSE	NA	NA	NA	NA	NA	NA
NC_045512.2	17797	G	A	15314	7269	38	3	3	34	0.000195848	15318	0.999346	FALSE	NA	NA	NA	NA	NA	NA
NC_045512.2	17798	T	C	15290	7282	38	2	1	51	0.000130787	15292	0.250008	FALSE	NA	NA	NA	NA	NA	NA
NC_045512.2	17799	A	G	15177	7138	38	3	1	34	0.000197628	15180	0.999346	FALSE	NA	NA	NA	NA	NA	NA
NC_045512.2	17800	G	T	15198	7110	38	1	0	34	6.57938e-05	15199	0.999985	FALSE	NA	NA	NA	NA	NA	NA
NC_045512.2	17801	C	T	15219	7258	38	4	0	34	0.00026276	15223	0.997794	FALSE	NA	NA	NA	NA	NA	NA
NC_045512.2	17802	C	T	15260	7261	38	2	0	34	0.000130976	15270	0.999863	FALSE	NA	NA	NA	NA	NA	NA
NC_045512.2	17802	C	A	15260	7261	38	8	8	34	0.000523903	15270	0.953476	FALSE	NA	NA	NA	NA	NA	NA
NC_045512.2	17803	T	G	15108	7108	38	2	2	30	0.00013231	15116	0.999863	FALSE	NA	NA	NA	NA	NA	NA
NC_045512.2	17803	T	C	15108	7108	38	6	3	56	0.00039693	15116	0.0156141	FALSE	NA	NA	NA	NA	NA	NA
NC_045512.2	17804	C	T	15109	7115	38	1	0	34	6.61813e-05	15110	0.999985	FALSE	NA	NA	NA	NA	NA	NA
NC_045512.2	17805	A	G	15080	7121	38	1	0	34	6.63086e-05	15081	0.999985	FALSE	NA	NA	NA	NA	NA	NA
NC_045512.2	17806	A	G	15381	8147	38	2	0	34	0.000130005	15384	0.999863	FALSE	NA	NA	NA	NA	NA	NA
NC_045512.2	17806	A	C	15381	8147	38	1	0	34	6.50026e-05	15384	0.999985	FALSE	NA	NA	NA	NA	NA	NA
NC_045512.2	17807	A	G	15211	8172	38	1	1	24	6.57376e-05	15212	1	FALSE	NA	NA	NA	NA	NA	NA
NC_045512.2	17809	A	T	15377	8649	38	1	0	26	6.5028e-05	15378	1	FALSE	NA	NA	NA	NA	NA	NA
NC_045512.2	17809	A	-T	15377	8649	38	16	0	20	0.00104045	15378	1	FALSE	NA	NA	NA	NA	NA	NA
NC_045512.2	17810	T	A	15170	8685	38	1	1	34	6.59152e-05	15171	0.999985	FALSE	NA	NA	NA	NA	NA	NA
NC_045512.2	17811	T	C	13807	8603	37	1	1	34	7.24218e-05	13808	0.999939	FALSE	NA	NA	NA	NA	NA	NA
NC_045512.2	17812	T	G	14007	8886	37	1	1	26	7.13623e-05	14013	1	FALSE	NA	NA	NA	NA	NA	NA
NC_045512.2	17812	T	C	14007	8886	37	5	3	34	0.000356812	14013	0.990414	FALSE	NA	NA	NA	NA	NA	NA
NC_045512.2	17813	T	G	14398	9368	37	18	11	34	0.00124809	14422	0.297862	FALSE	NA	NA	NA	NA	NA	NA
NC_045512.2	17813	T	C	14398	9368	37	6	6	34	0.000416031	14422	0.979209	FALSE	NA	NA	NA	NA	NA	NA
NC_045512.2	17813	T	-G	14398	9368	37	1	0	20	6.93385e-05	14422	1	FALSE	NA	NA	NA	NA	NA	NA
NC_045512.2	17814	G	A	14417	9364	37	2	2	34	0.000138706	14419	0.999741	FALSE	NA	NA	NA	NA	NA	NA
NC_045512.2	17815	G	T	14403	9332	37	3	3	34	0.000208247	14406	0.998829	FALSE	NA	NA	NA	NA	NA	NA
NC_045512.2	17817	A	T	14486	9579	38	2	1	34	0.000138007	14492	0.999741	FALSE	NA	NA	NA	NA	NA	NA
NC_045512.2	17817	A	G	14486	9579	38	4	4	34	0.000276014	14492	0.996238	FALSE	NA	NA	NA	NA	NA	NA
NC_045512.2	17818	C	A	14601	9635	38	9	6	49	0.000616016	14610	0.0107347	FALSE	NA	NA	NA	NA	NA	NA
NC_045512.2	17822	C	A	14360	9751	37	2	2	30	0.000139256	14362	0.999742	FALSE	NA	NA	NA	NA	NA	NA
NC_045512.2	17824	A	T	14538	10703	36	1	1	52	6.87758e-05	14540	0.5	FALSE	NA	NA	NA	NA	NA	NA
NC_045512.2	17824	A	G	14538	10703	36	1	0	34	6.87758e-05	14540	0.99997	FALSE	NA	NA	NA	NA	NA	NA
NC_045512.2	17825	C	T	15216	10783	37	2	1	68	0.000131423	15218	0.250008	FALSE	NA	NA	NA	NA	NA	NA
NC_045512.2	17826	T	C	15225	10783	37	3	2	45	0.000197006	15228	0.312512	FALSE	NA	NA	NA	NA	NA	NA
NC_045512.2	17827	C	A	15201	10756	37	3	3	54	0.000197316	15204	0.125	FALSE	NA	NA	NA	NA	NA	NA
NC_045512.2	17828	A	G	15113	10686	37	6	5	32	0.000396852	15119	0.986729	FALSE	NA	NA	NA	NA	NA	NA
NC_045512.2	17829	A	G	15128	10741	37	2	2	29	0.000132188	15130	1	FALSE	NA	NA	NA	NA	NA	NA
NC_045512.2	17832	T	C	14249	10131	37	2	2	34	0.000140272	14258	0.999741	FALSE	NA	NA	NA	NA	NA	NA
NC_045512.2	17832	T	A	14249	10131	37	7	4	32	0.000490952	14258	0.960864	FALSE	NA	NA	NA	NA	NA	NA
NC_045512.2	17833	G	A	14516	10390	37	1	1	34	6.88848e-05	14517	0.99997	FALSE	NA	NA	NA	NA	NA	NA
NC_045512.2	17834	T	C	14880	10848	37	4	4	30	0.000268745	14884	0.996241	FALSE	NA	NA	NA	NA	NA	NA
NC_045512.2	17835	T	C	15723	11744	37	2	2	34	0.000127186	15725	0.999863	FALSE	NA	NA	NA	NA	NA	NA
NC_045512.2	17836	G	A	15715	11732	37	1	0	34	6.36294e-05	15716	0.999985	FALSE	NA	NA	NA	NA	NA	NA
NC_045512.2	17837	A	G	15911	11778	37	3	3	34	0.000188513	15914	0.999346	FALSE	NA	NA	NA	NA	NA	NA
NC_045512.2	17839	T	C	15429	12116	37	2	1	34	0.000129609	15431	0.999863	FALSE	NA	NA	NA	NA	NA	NA
NC_045512.2	17840	C	T	15107	12156	36	1	1	34	6.61901e-05	15108	0.999985	FALSE	NA	NA	NA	NA	NA	NA
NC_045512.2	17841	A	G	15089	12122	36	1	1	34	6.62691e-05	15090	0.999985	FALSE	NA	NA	NA	NA	NA	NA
NC_045512.2	17842	T	C	15140	12106	36	1	1	34	6.60458e-05	15141	0.999985	FALSE	NA	NA	NA	NA	NA	NA
NC_045512.2	17844	A	T	14965	12002	36	1	1	26	6.68092e-05	14968	1	FALSE	NA	NA	NA	NA	NA	NA
NC_045512.2	17844	A	G	14965	12002	36	1	1	34	6.68092e-05	14968	0.99997	FALSE	NA	NA	NA	NA	NA	NA
NC_045512.2	17844	A	C	14965	12002	36	1	1	34	6.68092e-05	14968	0.99997	FALSE	NA	NA	NA	NA	NA	NA
NC_045512.2	17846	A	G	14681	11881	36	1	1	34	6.81106e-05	14682	0.99997	FALSE	NA	NA	NA	NA	NA	NA
NC_045512.2	17846	A	-G	14681	11881	36	1	0	20	6.81106e-05	14682	1	FALSE	NA	NA	NA	NA	NA	NA
NC_045512.2	17847	G	C	14728	11849	36	1	1	34	6.78933e-05	14729	0.99997	FALSE	NA	NA	NA	NA	NA	NA
NC_045512.2	17849	G	T	15364	12296	36	1	1	34	6.50703e-05	15368	0.999985	FALSE	NA	NA	NA	NA	NA	NA
NC_045512.2	17849	G	A	15364	12296	36	3	3	45	0.000195211	15368	0.312488	FALSE	NA	NA	NA	NA	NA	NA
NC_045512.2	17850	C	T	15476	12557	36	1	1	34	6.4612e-05	15477	0.999985	FALSE	NA	NA	NA	NA	NA	NA
NC_045512.2	17851	T	G	15405	12485	36	5	5	34	0.000324444	15411	0.994104	FALSE	NA	NA	NA	NA	NA	NA
NC_045512.2	17851	T	C	15405	12485	36	1	1	34	6.48887e-05	15411	0.999985	FALSE	NA	NA	NA	NA	NA	NA
NC_045512.2	17852	C	T	15385	12457	36	1	1	26	6.49899e-05	15387	1	FALSE	NA	NA	NA	NA	NA	NA
NC_045512.2	17852	C	A	15385	12457	36	1	1	34	6.49899e-05	15387	0.999985	FALSE	NA	NA	NA	NA	NA	NA
NC_045512.2	17853	A	G	15374	12440	36	12	12	34	0.000779879	15387	0.779067	FALSE	NA	NA	NA	NA	NA	NA
NC_045512.2	17853	A	C	15374	12440	36	1	1	26	6.49899e-05	15387	1	FALSE	NA	NA	NA	NA	NA	NA
NC_045512.2	17854	G	A	16046	12463	36	1	1	34	6.23169e-05	16047	0.999992	FALSE	NA	NA	NA	NA	NA	NA
NC_045512.2	17855	A	T	16634	13457	35	1	1	34	6.00925e-05	16641	0.999992	FALSE	NA	NA	NA	NA	NA	NA
NC_045512.2	17855	A	G	16634	13457	35	1	0	68	6.00925e-05	16641	0.499925	FALSE	NA	NA	NA	NA	NA	NA
NC_045512.2	17855	A	C	16634	13457	35	5	5	30	0.000300463	16641	0.996409	FALSE	NA	NA	NA	NA	NA	NA
NC_045512.2	17856	A	G	16731	13359	36	3	3	34	0.000179276	16734	0.999637	FALSE	NA	NA	NA	NA	NA	NA
NC_045512.2	17857	T	C	16217	12880	36	2	2	34	0.000123312	16219	0.999928	FALSE	NA	NA	NA	NA	NA	NA
NC_045512.2	17858	A	T	15563	12229	36	1	1	34	6.42508e-05	15564	0.999985	FALSE	NA	NA	NA	NA	NA	NA
NC_045512.2	17859	T	G	15596	12191	36	1	1	34	6.41026e-05	15600	0.999985	FALSE	NA	NA	NA	NA	NA	NA
NC_045512.2	17859	T	C	15596	12191	36	3	3	34	0.000192308	15600	0.999346	FALSE	NA	NA	NA	NA	NA	NA
NC_045512.2	17860	G	C	15665	12230	36	1	1	34	6.38244e-05	15668	0.999985	FALSE	NA	NA	NA	NA	NA	NA
NC_045512.2	17860	G	A	15665	12230	36	2	2	34	0.000127649	15668	0.999863	FALSE	NA	NA	NA	NA	NA	NA
NC_045512.2	17863	T	G	14102	10805	37	1	0	26	7.08918e-05	14106	1	FALSE	NA	NA	NA	NA	NA	NA
NC_045512.2	17863	T	C	14102	10805	37	1	0	24	7.08918e-05	14106	1	FALSE	NA	NA	NA	NA	NA	NA
NC_045512.2	17863	T	A	14102	10805	37	2	1	30	0.000141784	14106	0.999741	FALSE	NA	NA	NA	NA	NA	NA
NC_045512.2	17864	A	T	14191	10863	37	1	1	34	7.04573e-05	14193	0.99997	FALSE	NA	NA	NA	NA	NA	NA
NC_045512.2	17864	A	G	14191	10863	37	1	1	34	7.04573e-05	14193	0.99997	FALSE	NA	NA	NA	NA	NA	NA
NC_045512.2	17865	T	C	14257	11178	37	1	1	34	7.01311e-05	14259	0.99997	FALSE	NA	NA	NA	NA	NA	NA
NC_045512.2	17865	T	A	14257	11178	37	1	1	34	7.01311e-05	14259	0.99997	FALSE	NA	NA	NA	NA	NA	NA
NC_045512.2	17866	G	C	14609	11337	37	1	1	26	6.84463e-05	14610	1	FALSE	NA	NA	NA	NA	NA	NA
NC_045512.2	17867	T	C	14594	11359	37	2	2	51	0.000137024	14596	0.250009	FALSE	NA	NA	NA	NA	NA	NA
NC_045512.2	17869	A	T	14348	11140	37	1	1	68	6.96913e-05	14349	0.500017	FALSE	NA	NA	NA	NA	NA	NA
NC_045512.2	17870	T	C	14635	11519	36	1	1	34	6.83247e-05	14636	0.99997	FALSE	NA	NA	NA	NA	NA	NA
NC_045512.2	17871	A	G	14914	11855	37	1	1	34	6.70421e-05	14916	0.99997	FALSE	NA	NA	NA	NA	NA	NA
NC_045512.2	17871	A	C	14914	11855	37	1	1	34	6.70421e-05	14916	0.99997	FALSE	NA	NA	NA	NA	NA	NA
NC_045512.2	17872	T	C	16636	13763	37	1	1	34	6.0107e-05	16637	0.999992	FALSE	NA	NA	NA	NA	NA	NA
NC_045512.2	17873	T	C	16108	13230	36	2	2	30	0.000124146	16110	0.999928	FALSE	NA	NA	NA	NA	NA	NA
NC_045512.2	17874	C	A	16442	13538	38	3	3	34	0.000182426	16445	0.999637	FALSE	NA	NA	NA	NA	NA	NA
NC_045512.2	17875	A	G	15529	12676	37	3	3	34	0.000193137	15533	0.999346	FALSE	NA	NA	NA	NA	NA	NA
NC_045512.2	17875	A	C	15529	12676	37	1	1	34	6.43791e-05	15533	0.999985	FALSE	NA	NA	NA	NA	NA	NA
NC_045512.2	17877	T	C	16517	13884	38	2	0	34	0.000121073	16519	0.999928	FALSE	NA	NA	NA	NA	NA	NA
NC_045512.2	17878	C	-A	16439	13845	38	1	0	20	6.0831e-05	16439	1	FALSE	NA	NA	NA	NA	NA	NA
NC_045512.2	17879	A	T	16384	13795	38	1	1	26	6.1024e-05	16387	1	FALSE	NA	NA	NA	NA	NA	NA
NC_045512.2	17879	A	G	16384	13795	38	1	0	68	6.1024e-05	16387	0.499969	FALSE	NA	NA	NA	NA	NA	NA
NC_045512.2	17879	A	C	16384	13795	38	1	1	34	6.1024e-05	16387	0.999992	FALSE	NA	NA	NA	NA	NA	NA
NC_045512.2	17882	C	A	16442	13893	38	2	2	34	0.000121625	16444	0.999928	FALSE	NA	NA	NA	NA	NA	NA
NC_045512.2	17884	A	G	16589	14038	38	2	2	34	0.000120547	16591	0.999928	FALSE	NA	NA	NA	NA	NA	NA
NC_045512.2	17885	C	T	17838	15513	38	3	3	34	0.000168152	17841	0.9998	FALSE	NA	NA	NA	NA	NA	NA
NC_045512.2	17886	T	C	17697	15370	38	2	2	34	0.000113001	17699	0.999962	FALSE	NA	NA	NA	NA	NA	NA
NC_045512.2	17888	A	T	17933	15602	38	1	1	34	5.576e-05	17934	0.999996	FALSE	NA	NA	NA	NA	NA	NA
NC_045512.2	17889	A	G	17905	15582	38	2	2	30	0.000111688	17907	0.999962	FALSE	NA	NA	NA	NA	NA	NA
NC_045512.2	17891	C	T	17886	15668	38	1	1	26	5.59065e-05	17887	1	FALSE	NA	NA	NA	NA	NA	NA
NC_045512.2	17893	G	T	17312	15192	37	1	1	34	5.77534e-05	17315	0.999996	FALSE	NA	NA	NA	NA	NA	NA
NC_045512.2	17893	G	A	17312	15192	37	2	1	30	0.000115507	17315	0.999962	FALSE	NA	NA	NA	NA	NA	NA
NC_045512.2	17894	C	T	17491	15558	37	2	2	26	0.000114325	17494	1	FALSE	NA	NA	NA	NA	NA	NA
NC_045512.2	17894	C	G	17491	15558	37	1	1	26	5.71625e-05	17494	1	FALSE	NA	NA	NA	NA	NA	NA
NC_045512.2	17895	T	C	17464	15524	37	3	3	34	0.000171743	17468	0.999799	FALSE	NA	NA	NA	NA	NA	NA
NC_045512.2	17895	T	A	17464	15524	37	1	1	34	5.72475e-05	17468	0.999996	FALSE	NA	NA	NA	NA	NA	NA
NC_045512.2	17896	C	A	17657	15724	37	5	3	34	0.000283094	17662	0.997835	FALSE	NA	NA	NA	NA	NA	NA
NC_045512.2	17897	A	C	17595	15673	37	1	1	34	5.68311e-05	17596	0.999996	FALSE	NA	NA	NA	NA	NA	NA
NC_045512.2	17898	C	G	17760	15719	37	1	1	34	5.63031e-05	17761	0.999996	FALSE	NA	NA	NA	NA	NA	NA
NC_045512.2	17899	T	C	17444	15410	37	3	2	45	0.000171949	17447	0.312511	FALSE	NA	NA	NA	NA	NA	NA
NC_045512.2	17902	T	A	18140	16186	37	1	0	68	5.51238e-05	18141	0.500014	FALSE	NA	NA	NA	NA	NA	NA
NC_045512.2	17904	T	C	18480	16612	38	2	1	51	0.000108213	18482	0.250007	FALSE	NA	NA	NA	NA	NA	NA
NC_045512.2	17904	T	-A	18480	16612	38	1	0	20	5.41067e-05	18482	1	FALSE	NA	NA	NA	NA	NA	NA
NC_045512.2	17905	A	C	18404	16529	38	1	1	34	5.43331e-05	18405	0.999998	FALSE	NA	NA	NA	NA	NA	NA
NC_045512.2	17906	A	G	18466	16592	38	1	1	34	5.41477e-05	18468	0.999998	FALSE	NA	NA	NA	NA	NA	NA
NC_045512.2	17906	A	C	18466	16592	38	1	1	34	5.41477e-05	18468	0.999998	FALSE	NA	NA	NA	NA	NA	NA
NC_045512.2	17907	T	C	17296	15434	38	1	0	68	5.78135e-05	17297	0.500014	FALSE	NA	NA	NA	NA	NA	NA
NC_045512.2	17909	T	A	16875	15096	38	1	0	34	5.92557e-05	16876	0.999992	FALSE	NA	NA	NA	NA	NA	NA
NC_045512.2	17909	T	-A	16875	15096	38	1	0	20	5.92557e-05	16876	1	FALSE	NA	NA	NA	NA	NA	NA
NC_045512.2	17910	A	G	17730	16053	38	2	2	34	0.00011279	17732	0.999962	FALSE	NA	NA	NA	NA	NA	NA
NC_045512.2	17911	A	G	17933	16301	38	3	3	34	0.000167261	17936	0.9998	FALSE	NA	NA	NA	NA	NA	NA
NC_045512.2	17912	A	G	17760	16280	37	1	1	34	5.63e-05	17762	0.999996	FALSE	NA	NA	NA	NA	NA	NA
NC_045512.2	17912	A	C	17760	16280	37	1	1	26	5.63e-05	17762	1	FALSE	NA	NA	NA	NA	NA	NA
NC_045512.2	17914	A	G	17404	15779	38	1	1	26	5.74548e-05	17405	1	FALSE	NA	NA	NA	NA	NA	NA
NC_045512.2	17915	G	T	17357	15728	38	2	2	34	0.000115201	17361	0.999962	FALSE	NA	NA	NA	NA	NA	NA
NC_045512.2	17915	G	C	17357	15728	38	2	2	30	0.000115201	17361	0.999962	FALSE	NA	NA	NA	NA	NA	NA
NC_045512.2	17916	A	T	17119	15503	38	1	1	34	5.84044e-05	17122	0.999996	FALSE	NA	NA	NA	NA	NA	NA
NC_045512.2	17916	A	G	17119	15503	38	1	1	34	5.84044e-05	17122	0.999996	FALSE	NA	NA	NA	NA	NA	NA
NC_045512.2	17916	A	C	17119	15503	38	1	1	34	5.84044e-05	17122	0.999996	FALSE	NA	NA	NA	NA	NA	NA
NC_045512.2	17918	T	C	16554	14934	38	2	2	34	0.000120802	16556	0.999928	FALSE	NA	NA	NA	NA	NA	NA
NC_045512.2	17919	T	C	16889	15312	38	1	1	26	5.91996e-05	16892	1	FALSE	NA	NA	NA	NA	NA	NA
NC_045512.2	17919	T	A	16889	15312	38	2	2	34	0.000118399	16892	0.999928	FALSE	NA	NA	NA	NA	NA	NA
NC_045512.2	17920	A	G	16927	15370	38	2	2	51	0.00011814	16929	0.250007	FALSE	NA	NA	NA	NA	NA	NA
NC_045512.2	17921	A	G	16974	15450	38	2	2	34	0.000117813	16976	0.999928	FALSE	NA	NA	NA	NA	NA	NA
NC_045512.2	17922	T	C	16948	15421	38	1	1	34	5.90005e-05	16949	0.999992	FALSE	NA	NA	NA	NA	NA	NA
NC_045512.2	17924	T	C	15999	14519	38	1	1	34	6.25e-05	16000	0.999992	FALSE	NA	NA	NA	NA	NA	NA
NC_045512.2	17925	T	C	15829	14365	38	14	12	41	0.000883671	15843	0.000487271	TRUE	NA	NA	NA	NA	NA	NA
NC_045512.2	17926	G	A	15807	14368	38	1	1	34	6.32591e-05	15808	0.999985	FALSE	NA	NA	NA	NA	NA	NA
NC_045512.2	17927	C	A	15847	14412	38	1	1	34	6.30994e-05	15848	0.999985	FALSE	NA	NA	NA	NA	NA	NA
NC_045512.2	17928	T	C	15568	14129	37	4	4	32	0.000256855	15573	0.997793	FALSE	NA	NA	NA	NA	NA	NA
NC_045512.2	17928	T	A	15568	14129	37	1	1	68	6.42137e-05	15573	0.499952	FALSE	NA	NA	NA	NA	NA	NA
NC_045512.2	17929	A	G	15816	14379	38	2	2	34	0.000126438	15818	0.999863	FALSE	NA	NA	NA	NA	NA	NA
NC_045512.2	17930	T	C	15665	14232	38	1	0	68	6.38325e-05	15666	0.500016	FALSE	NA	NA	NA	NA	NA	NA
NC_045512.2	17931	T	C	15652	14222	38	2	2	30	0.000127763	15654	0.999863	FALSE	NA	NA	NA	NA	NA	NA
NC_045512.2	17932	A	C	15643	14269	38	1	1	34	6.39223e-05	15644	0.999985	FALSE	NA	NA	NA	NA	NA	NA
NC_045512.2	17933	C	T	15655	14287	38	1	1	68	6.38733e-05	15656	0.500016	FALSE	NA	NA	NA	NA	NA	NA
NC_045512.2	17935	A	G	13980	12657	38	11	11	34	0.000786164	13992	0.72946	FALSE	NA	NA	NA	NA	NA	NA
NC_045512.2	17935	A	C	13980	12657	38	1	1	34	7.14694e-05	13992	0.999939	FALSE	NA	NA	NA	NA	NA	NA
NC_045512.2	17937	A	G	13970	12661	38	3	3	34	0.0002147	13973	0.997916	FALSE	NA	NA	NA	NA	NA	NA
NC_045512.2	17938	G	C	13898	12670	38	3	3	27	0.000215796	13902	1	FALSE	NA	NA	NA	NA	NA	NA
NC_045512.2	17938	G	A	13898	12670	38	1	1	34	7.19321e-05	13902	0.999939	FALSE	NA	NA	NA	NA	NA	NA
NC_045512.2	17942	A	T	13720	12562	37	1	1	68	7.2881e-05	13721	0.500018	FALSE	NA	NA	NA	NA	NA	NA
NC_045512.2	17943	A	G	13735	12579	37	3	3	34	0.000218372	13738	0.997916	FALSE	NA	NA	NA	NA	NA	NA
NC_045512.2	17944	G	T	14550	12591	37	1	1	68	6.87191e-05	14552	0.5	FALSE	NA	NA	NA	NA	NA	NA
NC_045512.2	17944	G	A	14550	12591	37	1	1	34	6.87191e-05	14552	0.99997	FALSE	NA	NA	NA	NA	NA	NA
NC_045512.2	17946	A	G	14054	12103	37	1	1	34	7.11491e-05	14055	0.99997	FALSE	NA	NA	NA	NA	NA	NA
NC_045512.2	17948	G	A	14031	12044	37	2	2	34	0.000142521	14033	0.999742	FALSE	NA	NA	NA	NA	NA	NA
NC_045512.2	17949	C	T	14070	12193	37	2	2	34	0.000142126	14072	0.999742	FALSE	NA	NA	NA	NA	NA	NA
NC_045512.2	17951	T	C	13757	11879	36	1	1	34	7.2685e-05	13758	0.999939	FALSE	NA	NA	NA	NA	NA	NA
NC_045512.2	17952	A	G	13833	11881	37	1	0	68	7.22857e-05	13834	0.500018	FALSE	NA	NA	NA	NA	NA	NA
NC_045512.2	17953	C	T	13804	12200	35	2	2	34	0.000144865	13806	0.999513	FALSE	NA	NA	NA	NA	NA	NA
NC_045512.2	17955	T	C	13096	11518	35	4	4	34	0.000305344	13100	0.993654	FALSE	NA	NA	NA	NA	NA	NA
NC_045512.2	17956	T	C	12665	11091	35	1	1	34	7.89453e-05	12667	0.999878	FALSE	NA	NA	NA	NA	NA	NA
NC_045512.2	17956	T	A	12665	11091	35	1	0	26	7.89453e-05	12667	1	FALSE	NA	NA	NA	NA	NA	NA
NC_045512.2	17958	C	T	12677	11058	35	4	1	34	0.000315433	12681	0.989389	FALSE	NA	NA	NA	NA	NA	NA
NC_045512.2	17959	A	G	12663	11040	35	1	1	34	7.8964e-05	12664	0.999878	FALSE	NA	NA	NA	NA	NA	NA
NC_045512.2	17960	T	C	12663	11078	35	1	1	34	7.8964e-05	12664	0.999878	FALSE	NA	NA	NA	NA	NA	NA
NC_045512.2	17961	A	T	11919	10360	35	1	1	34	8.38715e-05	11923	0.999756	FALSE	NA	NA	NA	NA	NA	NA
NC_045512.2	17961	A	G	11919	10360	35	3	1	31	0.000251615	11923	0.993543	FALSE	NA	NA	NA	NA	NA	NA
NC_045512.2	17962	A	T	12023	10362	35	1	1	34	8.31601e-05	12025	0.999878	FALSE	NA	NA	NA	NA	NA	NA
NC_045512.2	17962	A	G	12023	10362	35	1	1	34	8.31601e-05	12025	0.999878	FALSE	NA	NA	NA	NA	NA	NA
NC_045512.2	17965	T	C	12043	10229	35	1	1	34	8.30289e-05	12044	0.999878	FALSE	NA	NA	NA	NA	NA	NA
NC_045512.2	17966	C	T	11620	9911	34	2	2	34	0.000172087	11622	0.998296	FALSE	NA	NA	NA	NA	NA	NA
NC_045512.2	17967	T	C	11499	9793	34	4	3	34	0.000347735	11503	0.982458	FALSE	NA	NA	NA	NA	NA	NA
NC_045512.2	17968	G	C	11597	9833	34	4	4	34	0.00034459	11608	0.982408	FALSE	NA	NA	NA	NA	NA	NA
NC_045512.2	17968	G	A	11597	9833	34	7	7	34	0.000603032	11608	0.881039	FALSE	NA	NA	NA	NA	NA	NA
NC_045512.2	17969	A	T	11692	9868	35	1	1	34	8.55139e-05	11694	0.999757	FALSE	NA	NA	NA	NA	NA	NA
NC_045512.2	17969	A	C	11692	9868	35	1	1	34	8.55139e-05	11694	0.999757	FALSE	NA	NA	NA	NA	NA	NA
NC_045512.2	17970	T	C	11674	9830	34	2	2	34	0.000171292	11676	0.998296	FALSE	NA	NA	NA	NA	NA	NA
NC_045512.2	17973	A	G	8465	6693	35	2	2	34	0.000236211	8467	0.989281	FALSE	NA	NA	NA	NA	NA	NA
NC_045512.2	17974	G	T	8302	6678	35	181	6	36	0.0213368	8483	1.92676e-44	TRUE	NA	NA	NA	NA	NA	NA
NC_045512.2	17975	A	T	8317	6581	34	1	1	34	0.000120106	8326	0.998044	FALSE	NA	NA	NA	NA	NA	NA
NC_045512.2	17975	A	G	8317	6581	34	3	3	31	0.000360317	8326	0.967256	FALSE	NA	NA	NA	NA	NA	NA
NC_045512.2	17975	A	C	8317	6581	34	5	5	32	0.000600528	8326	0.86653	FALSE	NA	NA	NA	NA	NA	NA
NC_045512.2	17977	C	A	8268	6433	35	1	1	34	0.000120934	8269	0.998052	FALSE	NA	NA	NA	NA	NA	NA
NC_045512.2	17984	A	T	7250	5483	34	1	1	34	0.000137874	7253	0.996099	FALSE	NA	NA	NA	NA	NA	NA
NC_045512.2	17984	A	G	7250	5483	34	2	1	51	0.000275748	7253	0.249983	FALSE	NA	NA	NA	NA	NA	NA
NC_045512.2	17991	G	C	5096	3336	35	1	1	34	0.000196194	5097	0.984407	FALSE	NA	NA	NA	NA	NA	NA
NC_045512.2	17993	A	C	5041	3285	35	1	1	34	0.000198334	5042	0.984408	FALSE	NA	NA	NA	NA	NA	NA
NC_045512.2	17994	A	+T	1685	65	35	1	0	20	0.000593472	1685	0.999993	FALSE	NA	NA	NA	NA	NA	NA
NC_045512.2	18003	T	C	1702	111	37	1	0	34	0.000587199	1703	0.75022	FALSE	NA	NA	NA	NA	NA	NA
NC_045512.2	18005	T	G	1708	113	37	1	0	34	0.000585138	1709	0.750219	FALSE	NA	NA	NA	NA	NA	NA
NC_045512.2	18006	T	C	1706	116	37	1	0	34	0.000585823	1707	0.75022	FALSE	NA	NA	NA	NA	NA	NA
NC_045512.2	18015	A	G	1721	146	38	1	0	26	0.00058072	1722	0.999996	FALSE	NA	NA	NA	NA	NA	NA
NC_045512.2	18016	C	T	1730	147	38	1	0	34	0.000577701	1731	0.750217	FALSE	NA	NA	NA	NA	NA	NA
NC_045512.2	18019	A	+G	1730	160	38	1	0	20	0.000578035	1730	0.999996	FALSE	NA	NA	NA	NA	NA	NA
NC_045512.2	18027	G	A	1549	255	38	1	1	68	0.000645161	1550	0.500161	FALSE	NA	NA	NA	NA	NA	NA
NC_045512.2	18034	T	C	1544	276	39	1	0	34	0.000647249	1545	0.750243	FALSE	NA	NA	NA	NA	NA	NA
NC_045512.2	18063	T	C	1188	398	38	1	0	34	0.000841043	1189	0.750316	FALSE	NA	NA	NA	NA	NA	NA
NC_045512.2	18065	A	G	1035	423	37	1	0	34	0.000965251	1036	0.750362	FALSE	NA	NA	NA	NA	NA	NA
NC_045512.2	18099	T	C	1209	576	35	2	0	34	0.00165153	1211	0.50031	FALSE	NA	NA	NA	NA	NA	NA
NC_045512.2	18125	T	C	1127	512	35	1	1	34	0.000886525	1128	0.750333	FALSE	NA	NA	NA	NA	NA	NA
NC_045512.2	18147	A	G	1077	503	36	1	0	26	0.000927644	1078	0.999527	FALSE	NA	NA	NA	NA	NA	NA
NC_045512.2	18149	G	A	1297	757	37	1	1	34	0.000770416	1298	0.750289	FALSE	NA	NA	NA	NA	NA	NA
NC_045512.2	18152	T	C	1301	768	37	3	2	34	0.00230061	1304	0.312644	FALSE	NA	NA	NA	NA	NA	NA
NC_045512.2	18155	G	A	1346	823	38	1	0	34	0.00074239	1347	0.750278	FALSE	NA	NA	NA	NA	NA	NA
NC_045512.2	18163	A	G	0	0	0	1335	857	38	1	1335	0	TRUE	NA	NA	NA	NA	NA	NA
NC_045512.2	18170	G	A	1361	904	39	1	1	34	0.000734214	1362	0.750275	FALSE	NA	NA	NA	NA	NA	NA
NC_045512.2	18180	G	C	1336	914	38	1	1	34	0.000746826	1339	0.749907	FALSE	NA	NA	NA	NA	NA	NA
NC_045512.2	18180	G	A	1336	914	38	2	2	34	0.00149365	1339	0.5	FALSE	NA	NA	NA	NA	NA	NA
NC_045512.2	18182	A	G	1408	1001	38	1	0	68	0.000709723	1409	0.500177	FALSE	NA	NA	NA	NA	NA	NA
NC_045512.2	18199	C	T	1536	1274	38	1	1	34	0.000650618	1537	0.750244	FALSE	NA	NA	NA	NA	NA	NA
NC_045512.2	18202	A	G	1474	1220	38	2	2	34	0.00135501	1476	0.500254	FALSE	NA	NA	NA	NA	NA	NA
NC_045512.2	18203	T	C	1436	1179	37	1	1	34	0.000695894	1437	0.750261	FALSE	NA	NA	NA	NA	NA	NA
NC_045512.2	18220	A	T	1725	1623	36	3	3	34	0.00173611	1728	0.312609	FALSE	NA	NA	NA	NA	NA	NA
NC_045512.2	18221	A	T	1780	1681	37	1	1	34	0.000561482	1781	0.750211	FALSE	NA	NA	NA	NA	NA	NA
NC_045512.2	18227	A	G	1774	1690	36	2	2	34	0.00112613	1776	0.500211	FALSE	NA	NA	NA	NA	NA	NA
NC_045512.2	18229	T	C	1738	1655	36	2	2	30	0.00114943	1740	0.500216	FALSE	NA	NA	NA	NA	NA	NA
NC_045512.2	18237	T	C	1758	1675	36	2	2	30	0.00113636	1760	0.500213	FALSE	NA	NA	NA	NA	NA	NA
NC_045512.2	18242	G	T	1680	1603	36	85	81	33	0.0481586	1765	4.18524e-25	TRUE	NA	NA	NA	NA	NA	NA
NC_045512.2	18242	G	-T	1680	1603	36	1	0	20	0.000566572	1765	0.999994	FALSE	NA	NA	NA	NA	NA	NA
NC_045512.2	18250	A	C	1434	1369	36	1	1	34	0.000696864	1435	0.750261	FALSE	NA	NA	NA	NA	NA	NA
NC_045512.2	18269	A	G	1246	1192	36	2	2	34	0.00160256	1248	0.500301	FALSE	NA	NA	NA	NA	NA	NA
NC_045512.2	18271	G	A	1235	1184	36	3	3	34	0.00242326	1238	0.312652	FALSE	NA	NA	NA	NA	NA	NA
NC_045512.2	18272	A	T	12749	1483	32	1	0	34	7.84314e-05	12750	0.999878	FALSE	NA	NA	NA	NA	NA	NA
NC_045512.2	18273	A	G	14484	1486	34	4	0	32	0.000276091	14488	0.996242	FALSE	NA	NA	NA	NA	NA	NA
NC_045512.2	18274	G	T	18656	1489	34	1	0	34	5.35992e-05	18657	0.999998	FALSE	NA	NA	NA	NA	NA	NA
NC_045512.2	18275	C	G	23041	1573	34	4	0	32	0.000173573	23045	0.999976	FALSE	NA	NA	NA	NA	NA	NA
NC_045512.2	18276	T	G	23249	1546	34	2	0	30	8.59919e-05	23258	0.999999	FALSE	NA	NA	NA	NA	NA	NA
NC_045512.2	18276	T	C	23249	1546	34	7	0	34	0.000300972	23258	0.999287	FALSE	NA	NA	NA	NA	NA	NA
NC_045512.2	18277	A	G	23342	1623	34	1	0	26	4.28394e-05	23343	1	FALSE	NA	NA	NA	NA	NA	NA
NC_045512.2	18278	T	G	23472	1607	34	1	0	34	4.26003e-05	23474	1	FALSE	NA	NA	NA	NA	NA	NA
NC_045512.2	18278	T	C	23472	1607	34	1	0	34	4.26003e-05	23474	1	FALSE	NA	NA	NA	NA	NA	NA
NC_045512.2	18278	T	-A	23472	1607	34	1	0	20	4.26003e-05	23474	1	FALSE	NA	NA	NA	NA	NA	NA
NC_045512.2	18279	A	G	23354	1618	34	4	0	34	0.000171248	23358	0.999975	FALSE	NA	NA	NA	NA	NA	NA
NC_045512.2	18280	A	G	24118	1621	34	4	0	34	0.000165824	24122	0.999986	FALSE	NA	NA	NA	NA	NA	NA
NC_045512.2	18281	G	T	25146	1632	34	1	0	34	3.97662e-05	25147	1	FALSE	NA	NA	NA	NA	NA	NA
NC_045512.2	18282	A	G	26051	1698	34	5	0	34	0.000191894	26056	0.999983	FALSE	NA	NA	NA	NA	NA	NA
NC_045512.2	18283	C	T	26844	1636	34	1	0	26	3.72453e-05	26849	1	FALSE	NA	NA	NA	NA	NA	NA
NC_045512.2	18283	C	G	26844	1636	34	1	0	34	3.72453e-05	26849	1	FALSE	NA	NA	NA	NA	NA	NA
NC_045512.2	18283	C	A	26844	1636	34	3	0	34	0.000111736	26849	0.999999	FALSE	NA	NA	NA	NA	NA	NA
NC_045512.2	18284	A	G	27110	1495	34	2	0	34	7.37681e-05	27112	1	FALSE	NA	NA	NA	NA	NA	NA
NC_045512.2	18285	T	G	27184	1478	34	2	0	34	7.35619e-05	27188	1	FALSE	NA	NA	NA	NA	NA	NA
NC_045512.2	18285	T	A	27184	1478	34	2	0	30	7.35619e-05	27188	1	FALSE	NA	NA	NA	NA	NA	NA
NC_045512.2	18286	G	A	27953	1493	34	7	2	34	0.000250358	27960	0.999903	FALSE	NA	NA	NA	NA	NA	NA
NC_045512.2	18287	T	G	28155	1614	34	1	0	34	3.55114e-05	28160	1	FALSE	NA	NA	NA	NA	NA	NA
NC_045512.2	18287	T	C	28155	1614	34	4	0	34	0.000142045	28160	0.999999	FALSE	NA	NA	NA	NA	NA	NA
NC_045512.2	18288	A	G	28272	1805	35	12	0	34	0.000424268	28284	0.996797	FALSE	NA	NA	NA	NA	NA	NA
NC_045512.2	18289	C	T	28324	1848	35	5	0	34	0.000176498	28329	0.999995	FALSE	NA	NA	NA	NA	NA	NA
NC_045512.2	18290	G	T	28567	1808	35	1	0	34	3.50018e-05	28570	1	FALSE	NA	NA	NA	NA	NA	NA
NC_045512.2	18290	G	A	28567	1808	35	2	0	34	7.00035e-05	28570	1	FALSE	NA	NA	NA	NA	NA	NA
NC_045512.2	18291	T	C	29275	1733	35	1	0	68	3.41542e-05	29279	0.499983	FALSE	NA	NA	NA	NA	NA	NA
NC_045512.2	18291	T	A	29275	1733	35	3	0	34	0.000102463	29279	1	FALSE	NA	NA	NA	NA	NA	NA
NC_045512.2	18292	G	C	29473	1732	35	1	0	34	3.39225e-05	29479	1	FALSE	NA	NA	NA	NA	NA	NA
NC_045512.2	18292	G	A	29473	1732	35	5	0	34	0.000169612	29479	0.999997	FALSE	NA	NA	NA	NA	NA	NA
NC_045512.2	18293	C	T	29449	1727	35	2	0	34	6.79071e-05	29452	1	FALSE	NA	NA	NA	NA	NA	NA
NC_045512.2	18293	C	A	29449	1727	35	1	0	34	3.39536e-05	29452	1	FALSE	NA	NA	NA	NA	NA	NA
NC_045512.2	18294	A	T	28241	1745	34	2	0	34	7.08065e-05	28246	1	FALSE	NA	NA	NA	NA	NA	NA
NC_045512.2	18294	A	G	28241	1745	34	3	0	34	0.00010621	28246	1	FALSE	NA	NA	NA	NA	NA	NA
NC_045512.2	18295	T	A	29583	1821	35	1	0	26	3.38021e-05	29584	1	FALSE	NA	NA	NA	NA	NA	NA
NC_045512.2	18296	G	T	29790	1819	35	1	0	34	3.35672e-05	29791	1	FALSE	NA	NA	NA	NA	NA	NA
NC_045512.2	18297	G	A	30809	1830	35	2	0	34	6.49119e-05	30811	1	FALSE	NA	NA	NA	NA	NA	NA
NC_045512.2	18298	A	G	30744	1844	35	3	0	34	9.75705e-05	30747	1	FALSE	NA	NA	NA	NA	NA	NA
NC_045512.2	18299	T	C	30822	1825	35	2	0	34	6.48824e-05	30825	1	FALSE	NA	NA	NA	NA	NA	NA
NC_045512.2	18299	T	A	30822	1825	35	1	0	34	3.24412e-05	30825	1	FALSE	NA	NA	NA	NA	NA	NA
NC_045512.2	18300	T	C	30749	1846	35	6	0	34	0.00019509	30755	0.999994	FALSE	NA	NA	NA	NA	NA	NA
NC_045512.2	18301	G	T	31292	1846	35	1	0	34	3.19509e-05	31298	1	FALSE	NA	NA	NA	NA	NA	NA
NC_045512.2	18301	G	A	31292	1846	35	5	0	34	0.000159755	31298	0.999999	FALSE	NA	NA	NA	NA	NA	NA
NC_045512.2	18302	G	T	31428	1846	35	10	2	50	0.000318046	31442	0.000975398	TRUE	NA	NA	NA	NA	NA	NA
NC_045512.2	18302	G	A	31428	1846	35	4	0	34	0.000127218	31442	1	FALSE	NA	NA	NA	NA	NA	NA
NC_045512.2	18303	C	T	31548	1909	36	1	0	34	3.16967e-05	31549	1	FALSE	NA	NA	NA	NA	NA	NA
NC_045512.2	18304	T	C	30999	1336	36	4	0	42	0.00012902	31003	0.500018	FALSE	NA	NA	NA	NA	NA	NA
NC_045512.2	18305	T	C	31006	1353	36	3	0	34	9.67461e-05	31009	1	FALSE	NA	NA	NA	NA	NA	NA
NC_045512.2	18306	C	A	31072	1367	36	2	0	34	6.43625e-05	31074	1	FALSE	NA	NA	NA	NA	NA	NA
NC_045512.2	18307	G	T	31137	1368	36	3	0	34	9.63298e-05	31143	1	FALSE	NA	NA	NA	NA	NA	NA
NC_045512.2	18307	G	A	31137	1368	36	3	0	34	9.63298e-05	31143	1	FALSE	NA	NA	NA	NA	NA	NA
NC_045512.2	18308	A	G	31656	1812	37	9	0	34	0.000284217	31666	0.999909	FALSE	NA	NA	NA	NA	NA	NA
NC_045512.2	18308	A	C	31656	1812	37	1	1	27	3.15796e-05	31666	1	FALSE	NA	NA	NA	NA	NA	NA
NC_045512.2	18310	G	A	32816	1862	37	5	0	34	0.000152341	32821	0.999999	FALSE	NA	NA	NA	NA	NA	NA
NC_045512.2	18311	T	C	32816	1866	37	8	1	38	0.000243717	32825	0.999979	FALSE	NA	NA	NA	NA	NA	NA
NC_045512.2	18311	T	A	32816	1866	37	1	0	34	3.04646e-05	32825	1	FALSE	NA	NA	NA	NA	NA	NA
NC_045512.2	18312	C	T	32889	1877	37	2	0	34	6.08032e-05	32893	1	FALSE	NA	NA	NA	NA	NA	NA
NC_045512.2	18312	C	A	32889	1877	37	2	1	34	6.08032e-05	32893	1	FALSE	NA	NA	NA	NA	NA	NA
NC_045512.2	18313	G	A	33039	1887	37	1	0	34	3.02663e-05	33040	1	FALSE	NA	NA	NA	NA	NA	NA
NC_045512.2	18314	A	G	32870	2049	37	8	0	34	0.000243324	32878	0.999979	FALSE	NA	NA	NA	NA	NA	NA
NC_045512.2	18314	A	-G	32870	2049	37	5	0	20	0.000152077	32878	1	FALSE	NA	NA	NA	NA	NA	NA
NC_045512.2	18315	G	T	33197	2055	37	1	0	34	3.01223e-05	33198	1	FALSE	NA	NA	NA	NA	NA	NA
NC_045512.2	18318	G	A	35340	2273	37	2	0	51	5.65899e-05	35342	0.250004	FALSE	NA	NA	NA	NA	NA	NA
NC_045512.2	18319	T	C	35320	2385	37	9	0	34	0.000254748	35329	0.999987	FALSE	NA	NA	NA	NA	NA	NA
NC_045512.2	18320	G	T	35794	2394	37	1	0	34	2.79369e-05	35795	1	FALSE	NA	NA	NA	NA	NA	NA
NC_045512.2	18321	T	C	35763	2510	37	9	0	34	0.000251572	35775	0.999987	FALSE	NA	NA	NA	NA	NA	NA
NC_045512.2	18321	T	A	35763	2510	37	3	0	42	8.38574e-05	35775	0.656152	FALSE	NA	NA	NA	NA	NA	NA
NC_045512.2	18322	C	T	35903	2564	38	1	0	34	2.78466e-05	35911	1	FALSE	NA	NA	NA	NA	NA	NA
NC_045512.2	18322	C	G	35903	2564	38	1	0	26	2.78466e-05	35911	1	FALSE	NA	NA	NA	NA	NA	NA
NC_045512.2	18322	C	A	35903	2564	38	6	0	34	0.00016708	35911	1	FALSE	NA	NA	NA	NA	NA	NA
NC_045512.2	18323	A	G	35803	2598	38	7	0	34	0.000195476	35810	0.999999	FALSE	NA	NA	NA	NA	NA	NA
NC_045512.2	18324	T	C	36390	2605	38	9	2	45	0.000247253	36400	0.0729814	FALSE	NA	NA	NA	NA	NA	NA
NC_045512.2	18324	T	A	36390	2605	38	1	0	34	2.74725e-05	36400	1	FALSE	NA	NA	NA	NA	NA	NA
NC_045512.2	18325	G	T	36768	2604	38	4	1	57	0.00010877	36775	0.0624881	FALSE	NA	NA	NA	NA	NA	NA
NC_045512.2	18325	G	A	36768	2604	38	3	0	31	8.15772e-05	36775	1	FALSE	NA	NA	NA	NA	NA	NA
NC_045512.2	18326	C	T	37891	2650	37	5	0	34	0.00013194	37896	1	FALSE	NA	NA	NA	NA	NA	NA
NC_045512.2	18327	T	C	38195	2677	38	5	0	32	0.00013089	38200	1	FALSE	NA	NA	NA	NA	NA	NA
NC_045512.2	18328	A	T	38529	2753	38	2	1	30	5.18982e-05	38537	1	FALSE	NA	NA	NA	NA	NA	NA
NC_045512.2	18328	A	G	38529	2753	38	6	0	34	0.000155695	38537	1	FALSE	NA	NA	NA	NA	NA	NA
NC_045512.2	18329	C	G	38761	2971	38	2	0	34	5.15956e-05	38763	1	FALSE	NA	NA	NA	NA	NA	NA
NC_045512.2	18330	T	C	38783	2975	38	5	0	34	0.000128903	38789	1	FALSE	NA	NA	NA	NA	NA	NA
NC_045512.2	18330	T	A	38783	2975	38	1	0	26	2.57805e-05	38789	1	FALSE	NA	NA	NA	NA	NA	NA
NC_045512.2	18331	A	T	38777	2979	38	1	0	34	2.57865e-05	38780	1	FALSE	NA	NA	NA	NA	NA	NA
NC_045512.2	18331	A	G	38777	2979	38	2	0	34	5.1573e-05	38780	1	FALSE	NA	NA	NA	NA	NA	NA
NC_045512.2	18332	G	A	39015	2980	38	1	0	26	2.56305e-05	39016	1	FALSE	NA	NA	NA	NA	NA	NA
NC_045512.2	18333	A	G	38202	3201	37	4	0	34	0.000104696	38206	1	FALSE	NA	NA	NA	NA	NA	NA
NC_045512.2	18334	G	A	39041	3202	38	3	0	34	7.68364e-05	39044	1	FALSE	NA	NA	NA	NA	NA	NA
NC_045512.2	18335	A	G	37947	3219	36	5	0	40	0.000131745	37952	0.363288	FALSE	NA	NA	NA	NA	NA	NA
NC_045512.2	18336	A	G	39179	3213	38	2	0	34	5.10451e-05	39181	1	FALSE	NA	NA	NA	NA	NA	NA
NC_045512.2	18337	G	C	39258	3213	38	1	0	68	2.54719e-05	39259	0.500006	FALSE	NA	NA	NA	NA	NA	NA
NC_045512.2	18339	T	C	39358	3257	38	1	0	34	2.54071e-05	39359	1	FALSE	NA	NA	NA	NA	NA	NA
NC_045512.2	18340	G	A	39739	3259	38	7	0	34	0.000176118	39746	1	FALSE	NA	NA	NA	NA	NA	NA
NC_045512.2	18342	T	C	39679	3321	38	10	1	35	0.000251959	39689	0.999995	FALSE	NA	NA	NA	NA	NA	NA
NC_045512.2	18343	G	T	40211	3314	38	1	0	34	2.48657e-05	40216	1	FALSE	NA	NA	NA	NA	NA	NA
NC_045512.2	18343	G	A	40211	3314	38	4	1	42	9.94629e-05	40216	0.636726	FALSE	NA	NA	NA	NA	NA	NA
NC_045512.2	18344	G	T	40339	3322	38	1	0	34	2.4785e-05	40347	1	FALSE	NA	NA	NA	NA	NA	NA
NC_045512.2	18344	G	A	40339	3322	38	7	1	34	0.000173495	40347	1	FALSE	NA	NA	NA	NA	NA	NA
NC_045512.2	18345	T	C	40351	3389	39	3	0	34	7.43421e-05	40354	1	FALSE	NA	NA	NA	NA	NA	NA
NC_045512.2	18346	A	G	40323	3394	38	8	1	37	0.000198359	40331	1	FALSE	NA	NA	NA	NA	NA	NA
NC_045512.2	18347	C	T	40356	3393	38	4	1	42	9.9108e-05	40360	0.636739	FALSE	NA	NA	NA	NA	NA	NA
NC_045512.2	18349	A	G	41361	3408	38	3	1	45	7.25268e-05	41364	0.773457	FALSE	NA	NA	NA	NA	NA	NA
NC_045512.2	18350	A	T	41121	3414	38	1	0	26	2.43167e-05	41124	1	FALSE	NA	NA	NA	NA	NA	NA
NC_045512.2	18350	A	G	41121	3414	38	2	0	34	4.86334e-05	41124	1	FALSE	NA	NA	NA	NA	NA	NA
NC_045512.2	18351	T	C	41415	3443	38	1	0	34	2.41453e-05	41416	1	FALSE	NA	NA	NA	NA	NA	NA
NC_045512.2	18352	T	C	41231	3595	39	1	0	26	2.4253e-05	41232	1	FALSE	NA	NA	NA	NA	NA	NA
NC_045512.2	18353	T	G	40149	3776	38	4	0	32	9.95892e-05	40165	1	FALSE	NA	NA	NA	NA	NA	NA
NC_045512.2	18353	T	C	40149	3776	38	9	6	34	0.000224076	40165	0.999999	FALSE	NA	NA	NA	NA	NA	NA
NC_045512.2	18353	T	A	40149	3776	38	3	0	28	7.46919e-05	40165	1	FALSE	NA	NA	NA	NA	NA	NA
NC_045512.2	18354	A	G	39837	3903	39	5	0	32	0.000125496	39842	1	FALSE	NA	NA	NA	NA	NA	NA
NC_045512.2	18355	C	T	34063	4690	38	1	0	34	2.93565e-05	34064	1	FALSE	NA	NA	NA	NA	NA	NA
NC_045512.2	18356	C	T	33578	4768	38	1	0	34	2.97787e-05	33581	1	FALSE	NA	NA	NA	NA	NA	NA
NC_045512.2	18356	C	G	33578	4768	38	1	0	34	2.97787e-05	33581	1	FALSE	NA	NA	NA	NA	NA	NA
NC_045512.2	18356	C	A	33578	4768	38	1	0	34	2.97787e-05	33581	1	FALSE	NA	NA	NA	NA	NA	NA
NC_045512.2	18356	C	-T	33578	4768	38	1	0	20	2.97787e-05	33581	1	FALSE	NA	NA	NA	NA	NA	NA
NC_045512.2	18357	T	C	33372	4679	37	1	0	68	2.99643e-05	33373	0.5	FALSE	NA	NA	NA	NA	NA	NA
NC_045512.2	18358	T	C	33765	5383	38	2	1	34	5.92259e-05	33769	1	FALSE	NA	NA	NA	NA	NA	NA
NC_045512.2	18358	T	A	33765	5383	38	2	0	29	5.92259e-05	33769	1	FALSE	NA	NA	NA	NA	NA	NA
NC_045512.2	18359	T	G	33708	5385	38	3	0	29	8.89864e-05	33713	1	FALSE	NA	NA	NA	NA	NA	NA
NC_045512.2	18359	T	C	33708	5385	38	2	0	30	5.93243e-05	33713	1	FALSE	NA	NA	NA	NA	NA	NA
NC_045512.2	18360	A	T	33849	5414	38	2	0	34	5.90807e-05	33852	1	FALSE	NA	NA	NA	NA	NA	NA
NC_045512.2	18360	A	G	33849	5414	38	1	0	34	2.95404e-05	33852	1	FALSE	NA	NA	NA	NA	NA	NA
NC_045512.2	18361	C	G	33960	5414	38	1	0	27	2.94455e-05	33961	1	FALSE	NA	NA	NA	NA	NA	NA
NC_045512.2	18362	A	T	33991	5399	38	1	0	34	2.94126e-05	33999	1	FALSE	NA	NA	NA	NA	NA	NA
NC_045512.2	18362	A	G	33991	5399	38	7	0	32	0.000205888	33999	0.999996	FALSE	NA	NA	NA	NA	NA	NA
NC_045512.2	18363	G	C	34877	5409	38	1	0	34	2.86697e-05	34880	1	FALSE	NA	NA	NA	NA	NA	NA
NC_045512.2	18363	G	A	34877	5409	38	2	1	68	5.73394e-05	34880	0.249996	FALSE	NA	NA	NA	NA	NA	NA
NC_045512.2	18365	T	G	34435	5591	38	4	0	32	0.000116019	34477	1	FALSE	NA	NA	NA	NA	NA	NA
NC_045512.2	18365	T	C	34435	5591	38	37	5	36	0.00107318	34477	0.406056	FALSE	NA	NA	NA	NA	NA	NA
NC_045512.2	18365	T	A	34435	5591	38	1	0	34	2.90048e-05	34477	1	FALSE	NA	NA	NA	NA	NA	NA
NC_045512.2	18366	A	G	34467	5561	38	7	0	34	0.000203052	34474	0.999998	FALSE	NA	NA	NA	NA	NA	NA
NC_045512.2	18367	G	A	34704	5581	38	2	0	34	5.76269e-05	34706	1	FALSE	NA	NA	NA	NA	NA	NA
NC_045512.2	18368	G	-T	35029	5686	38	2	0	20	5.70955e-05	35029	1	FALSE	NA	NA	NA	NA	NA	NA
NC_045512.2	18369	T	G	34990	5675	38	2	0	34	5.71478e-05	34997	1	FALSE	NA	NA	NA	NA	NA	NA
NC_045512.2	18369	T	C	34990	5675	38	4	2	57	0.000114296	34997	0.0624804	FALSE	NA	NA	NA	NA	NA	NA
NC_045512.2	18369	T	A	34990	5675	38	1	0	34	2.85739e-05	34997	1	FALSE	NA	NA	NA	NA	NA	NA
NC_045512.2	18370	T	C	34997	5716	38	4	1	34	0.000114282	35001	1	FALSE	NA	NA	NA	NA	NA	NA
NC_045512.2	18371	T	C	35097	5748	38	1	0	34	2.84917e-05	35098	1	FALSE	NA	NA	NA	NA	NA	NA
NC_045512.2	18372	T	G	35422	5803	38	3	0	31	8.4674e-05	35430	1	FALSE	NA	NA	NA	NA	NA	NA
NC_045512.2	18372	T	C	35422	5803	38	4	1	40	0.000112899	35430	0.499954	FALSE	NA	NA	NA	NA	NA	NA
NC_045512.2	18372	T	A	35422	5803	38	1	0	26	2.82247e-05	35430	1	FALSE	NA	NA	NA	NA	NA	NA
NC_045512.2	18373	T	C	35368	5793	38	1	1	34	2.82717e-05	35371	1	FALSE	NA	NA	NA	NA	NA	NA
NC_045512.2	18373	T	A	35368	5793	38	2	1	25	5.65435e-05	35371	1	FALSE	NA	NA	NA	NA	NA	NA
NC_045512.2	18374	C	T	27813	6788	37	4	0	42	0.000143792	27818	0.343742	FALSE	NA	NA	NA	NA	NA	NA
NC_045512.2	18374	C	G	27813	6788	37	1	0	34	3.59479e-05	27818	1	FALSE	NA	NA	NA	NA	NA	NA
NC_045512.2	18375	T	G	27861	6786	37	2	0	34	7.17772e-05	27864	1	FALSE	NA	NA	NA	NA	NA	NA
NC_045512.2	18375	T	C	27861	6786	37	1	1	34	3.58886e-05	27864	1	FALSE	NA	NA	NA	NA	NA	NA
NC_045512.2	18376	A	T	27912	6791	37	2	0	34	7.16486e-05	27914	1	FALSE	NA	NA	NA	NA	NA	NA
NC_045512.2	18378	A	G	27633	6674	37	3	0	34	0.000108527	27643	1	FALSE	NA	NA	NA	NA	NA	NA
NC_045512.2	18378	A	C	27633	6674	37	7	4	31	0.000253229	27643	0.999903	FALSE	NA	NA	NA	NA	NA	NA
NC_045512.2	18379	G	T	28400	6679	37	9	1	33	0.000316768	28412	0.999625	FALSE	NA	NA	NA	NA	NA	NA
NC_045512.2	18379	G	A	28400	6679	37	3	3	34	0.000105589	28412	1	FALSE	NA	NA	NA	NA	NA	NA
NC_045512.2	18380	G	A	29758	6764	37	2	1	34	6.72043e-05	29760	1	FALSE	NA	NA	NA	NA	NA	NA
NC_045512.2	18383	T	C	27367	7145	36	2	0	34	7.30727e-05	27370	1	FALSE	NA	NA	NA	NA	NA	NA
NC_045512.2	18383	T	A	27367	7145	36	1	0	26	3.65364e-05	27370	1	FALSE	NA	NA	NA	NA	NA	NA
NC_045512.2	18384	T	G	27386	7495	37	1	0	34	3.64977e-05	27399	1	FALSE	NA	NA	NA	NA	NA	NA
NC_045512.2	18384	T	C	27386	7495	37	12	2	42	0.000437972	27399	0.00646425	TRUE	NA	NA	NA	NA	NA	NA
NC_045512.2	18385	A	G	27037	7581	36	1	1	34	3.6985e-05	27038	1	FALSE	NA	NA	NA	NA	NA	NA
NC_045512.2	18386	A	T	26341	7661	36	1	0	34	3.7955e-05	26347	1	FALSE	NA	NA	NA	NA	NA	NA
NC_045512.2	18386	A	G	26341	7661	36	5	1	34	0.000189775	26347	0.999983	FALSE	NA	NA	NA	NA	NA	NA
NC_045512.2	18388	C	T	26517	7486	36	2	0	34	7.54176e-05	26519	1	FALSE	NA	NA	NA	NA	NA	NA
NC_045512.2	18388	C	-T	26517	7486	36	1	0	20	3.77088e-05	26519	1	FALSE	NA	NA	NA	NA	NA	NA
NC_045512.2	18389	T	G	26204	7070	36	1	0	34	3.81548e-05	26209	1	FALSE	NA	NA	NA	NA	NA	NA
NC_045512.2	18389	T	C	26204	7070	36	2	1	34	7.63097e-05	26209	1	FALSE	NA	NA	NA	NA	NA	NA
NC_045512.2	18389	T	A	26204	7070	36	2	0	30	7.63097e-05	26209	1	FALSE	NA	NA	NA	NA	NA	NA
NC_045512.2	18390	A	G	26511	6966	36	11	0	33	0.00041475	26522	0.996196	FALSE	NA	NA	NA	NA	NA	NA
NC_045512.2	18391	G	A	26851	7033	36	2	1	68	7.44796e-05	26853	0.250005	FALSE	NA	NA	NA	NA	NA	NA
NC_045512.2	18392	T	C	27372	8507	37	3	2	34	0.000109589	27375	1	FALSE	NA	NA	NA	NA	NA	NA
NC_045512.2	18394	G	T	27642	8831	37	1	0	34	3.61755e-05	27643	1	FALSE	NA	NA	NA	NA	NA	NA
NC_045512.2	18395	C	T	26715	9069	37	7	2	34	0.000261947	26723	0.999839	FALSE	NA	NA	NA	NA	NA	NA
NC_045512.2	18395	C	G	26715	9069	37	1	0	27	3.74209e-05	26723	1	FALSE	NA	NA	NA	NA	NA	NA
NC_045512.2	18396	T	G	26617	8971	37	3	0	34	0.000112672	26626	0.999999	FALSE	NA	NA	NA	NA	NA	NA
NC_045512.2	18396	T	C	26617	8971	37	6	2	51	0.000225344	26626	0.0156171	FALSE	NA	NA	NA	NA	NA	NA
NC_045512.2	18397	G	T	27129	8964	37	5	3	54	0.000184243	27138	0.0312356	FALSE	NA	NA	NA	NA	NA	NA
NC_045512.2	18397	G	C	27129	8964	37	2	0	30	7.36974e-05	27138	1	FALSE	NA	NA	NA	NA	NA	NA
NC_045512.2	18397	G	A	27129	8964	37	2	2	51	7.36974e-05	27138	0.24994	FALSE	NA	NA	NA	NA	NA	NA
NC_045512.2	18398	T	C	27248	9197	37	2	0	34	7.33945e-05	27250	1	FALSE	NA	NA	NA	NA	NA	NA
NC_045512.2	18399	A	G	28891	9258	37	2	1	34	6.92185e-05	28894	1	FALSE	NA	NA	NA	NA	NA	NA
NC_045512.2	18399	A	C	28891	9258	37	1	1	34	3.46093e-05	28894	1	FALSE	NA	NA	NA	NA	NA	NA
NC_045512.2	18400	C	G	29172	9260	37	1	0	34	3.42771e-05	29174	1	FALSE	NA	NA	NA	NA	NA	NA
NC_045512.2	18400	C	A	29172	9260	37	1	0	34	3.42771e-05	29174	1	FALSE	NA	NA	NA	NA	NA	NA
NC_045512.2	18401	C	T	29875	10820	37	5	0	34	0.000167325	29882	0.999997	FALSE	NA	NA	NA	NA	NA	NA
NC_045512.2	18401	C	G	29875	10820	37	2	0	34	6.69299e-05	29882	1	FALSE	NA	NA	NA	NA	NA	NA
NC_045512.2	18402	T	C	29885	10792	37	11	5	37	0.000367905	29899	0.998892	FALSE	NA	NA	NA	NA	NA	NA
NC_045512.2	18402	T	A	29885	10792	37	3	0	68	0.000100338	29899	0.124931	FALSE	NA	NA	NA	NA	NA	NA
NC_045512.2	18403	A	G	29793	10683	37	7	1	38	0.000234899	29800	0.999965	FALSE	NA	NA	NA	NA	NA	NA
NC_045512.2	18404	C	T	29708	10675	37	1	0	34	3.36587e-05	29710	1	FALSE	NA	NA	NA	NA	NA	NA
NC_045512.2	18404	C	G	29708	10675	37	1	0	34	3.36587e-05	29710	1	FALSE	NA	NA	NA	NA	NA	NA
NC_045512.2	18405	A	T	29884	10647	37	2	0	34	6.68673e-05	29910	1	FALSE	NA	NA	NA	NA	NA	NA
NC_045512.2	18405	A	G	29884	10647	37	23	1	35	0.000768974	29910	0.83417	FALSE	NA	NA	NA	NA	NA	NA
NC_045512.2	18405	A	C	29884	10647	37	1	0	34	3.34336e-05	29910	1	FALSE	NA	NA	NA	NA	NA	NA
NC_045512.2	18407	G	A	32439	11314	37	1	0	34	3.08261e-05	32440	1	FALSE	NA	NA	NA	NA	NA	NA
NC_045512.2	18407	G	-T	32439	11314	37	1	0	20	3.08261e-05	32440	1	FALSE	NA	NA	NA	NA	NA	NA
NC_045512.2	18408	T	C	31665	10792	38	4	2	31	0.000126302	31670	1	FALSE	NA	NA	NA	NA	NA	NA
NC_045512.2	18408	T	A	31665	10792	38	1	0	26	3.15756e-05	31670	1	FALSE	NA	NA	NA	NA	NA	NA
NC_045512.2	18409	T	G	31284	10783	38	4	1	26	0.000127828	31292	1	FALSE	NA	NA	NA	NA	NA	NA
NC_045512.2	18409	T	C	31284	10783	38	3	2	34	9.58711e-05	31292	1	FALSE	NA	NA	NA	NA	NA	NA
NC_045512.2	18409	T	A	31284	10783	38	1	0	34	3.1957e-05	31292	1	FALSE	NA	NA	NA	NA	NA	NA
NC_045512.2	18410	A	T	31425	10717	37	1	0	34	3.18208e-05	31426	1	FALSE	NA	NA	NA	NA	NA	NA
NC_045512.2	18411	T	C	31087	10947	37	4	1	42	0.000128655	31091	0.500018	FALSE	NA	NA	NA	NA	NA	NA
NC_045512.2	18412	G	C	31284	10929	37	1	1	34	3.1957e-05	31292	1	FALSE	NA	NA	NA	NA	NA	NA
NC_045512.2	18412	G	A	31284	10929	37	7	0	34	0.000223699	31292	0.999988	FALSE	NA	NA	NA	NA	NA	NA
NC_045512.2	18413	T	C	31563	11215	37	2	0	30	6.33613e-05	31565	1	FALSE	NA	NA	NA	NA	NA	NA
NC_045512.2	18414	T	C	31256	10956	37	8	2	45	0.000255877	31265	0.113261	FALSE	NA	NA	NA	NA	NA	NA
NC_045512.2	18414	T	A	31256	10956	37	1	0	34	3.19846e-05	31265	1	FALSE	NA	NA	NA	NA	NA	NA
NC_045512.2	18415	G	A	31178	10765	37	2	2	34	6.41437e-05	31180	1	FALSE	NA	NA	NA	NA	NA	NA
NC_045512.2	18416	A	T	31059	10822	37	1	0	68	3.21916e-05	31064	0.499976	FALSE	NA	NA	NA	NA	NA	NA
NC_045512.2	18416	A	G	31059	10822	37	4	3	32	0.000128766	31064	1	FALSE	NA	NA	NA	NA	NA	NA
NC_045512.2	18417	T	C	30954	10843	37	3	0	34	9.69086e-05	30957	1	FALSE	NA	NA	NA	NA	NA	NA
NC_045512.2	18418	A	G	30512	11315	37	5	0	34	0.000163843	30517	0.999998	FALSE	NA	NA	NA	NA	NA	NA
NC_045512.2	18418	A	+CAC	30512	11315	37	2	0	20	6.55372e-05	30517	1	FALSE	NA	NA	NA	NA	NA	NA
NC_045512.2	18419	C	T	30108	11735	37	1	1	34	3.32116e-05	30110	1	FALSE	NA	NA	NA	NA	NA	NA
NC_045512.2	18419	C	A	30108	11735	37	1	0	34	3.32116e-05	30110	1	FALSE	NA	NA	NA	NA	NA	NA
NC_045512.2	18420	A	G	30053	11589	37	2	1	40	6.65447e-05	30055	0.812521	FALSE	NA	NA	NA	NA	NA	NA
NC_045512.2	18421	C	T	30611	11804	37	3	0	34	9.79848e-05	30617	1	FALSE	NA	NA	NA	NA	NA	NA
NC_045512.2	18421	C	A	30611	11804	37	3	3	34	9.79848e-05	30617	1	FALSE	NA	NA	NA	NA	NA	NA
NC_045512.2	18422	C	G	30335	11645	37	1	0	26	3.2963e-05	30337	1	FALSE	NA	NA	NA	NA	NA	NA
NC_045512.2	18422	C	A	30335	11645	37	1	0	26	3.2963e-05	30337	1	FALSE	NA	NA	NA	NA	NA	NA
NC_045512.2	18423	T	G	31622	12600	38	1	0	34	3.16196e-05	31626	1	FALSE	NA	NA	NA	NA	NA	NA
NC_045512.2	18423	T	C	31622	12600	38	3	2	34	9.48587e-05	31626	1	FALSE	NA	NA	NA	NA	NA	NA
NC_045512.2	18423	T	-A	31622	12600	38	1	0	20	3.16196e-05	31626	1	FALSE	NA	NA	NA	NA	NA	NA
NC_045512.2	18424	A	T	31616	12556	38	1	1	34	3.16256e-05	31620	1	FALSE	NA	NA	NA	NA	NA	NA
NC_045512.2	18424	A	G	31616	12556	38	3	1	34	9.48767e-05	31620	1	FALSE	NA	NA	NA	NA	NA	NA
NC_045512.2	18425	A	T	31372	12780	37	3	3	34	9.56175e-05	31375	1	FALSE	NA	NA	NA	NA	NA	NA
NC_045512.2	18426	T	C	31264	12903	38	1	1	34	3.19836e-05	31266	1	FALSE	NA	NA	NA	NA	NA	NA
NC_045512.2	18426	T	A	31264	12903	38	1	1	26	3.19836e-05	31266	1	FALSE	NA	NA	NA	NA	NA	NA
NC_045512.2	18427	A	G	30395	13198	37	3	1	42	9.86907e-05	30398	0.656273	FALSE	NA	NA	NA	NA	NA	NA
NC_045512.2	18428	A	T	30781	13471	37	1	0	34	3.24855e-05	30783	1	FALSE	NA	NA	NA	NA	NA	NA
NC_045512.2	18428	A	G	30781	13471	37	1	1	34	3.24855e-05	30783	1	FALSE	NA	NA	NA	NA	NA	NA
NC_045512.2	18430	A	T	29712	12984	37	1	1	34	3.36553e-05	29713	1	FALSE	NA	NA	NA	NA	NA	NA
NC_045512.2	18431	C	G	29693	12994	37	3	0	45	0.00010102	29697	0.5	FALSE	NA	NA	NA	NA	NA	NA
NC_045512.2	18431	C	A	29693	12994	37	1	1	68	3.36734e-05	29697	0.499983	FALSE	NA	NA	NA	NA	NA	NA
NC_045512.2	18432	A	T	29318	12570	37	5	5	34	0.000170503	29325	0.999997	FALSE	NA	NA	NA	NA	NA	NA
NC_045512.2	18432	A	G	29318	12570	37	2	0	34	6.82012e-05	29325	1	FALSE	NA	NA	NA	NA	NA	NA
NC_045512.2	18434	A	G	29696	12990	37	1	0	34	3.36734e-05	29697	1	FALSE	NA	NA	NA	NA	NA	NA
NC_045512.2	18434	A	-T	29696	12990	37	6	0	20	0.000202041	29697	1	FALSE	NA	NA	NA	NA	NA	NA
NC_045512.2	18434	A	+T	29696	12990	37	1	0	20	3.36734e-05	29697	1	FALSE	NA	NA	NA	NA	NA	NA
NC_045512.2	18435	T	G	29935	13331	38	1	1	34	3.34046e-05	29936	1	FALSE	NA	NA	NA	NA	NA	NA
NC_045512.2	18436	T	C	30589	14267	38	2	1	34	6.53787e-05	30591	1	FALSE	NA	NA	NA	NA	NA	NA
NC_045512.2	18437	T	C	30674	14232	38	3	2	42	9.77931e-05	30677	0.656273	FALSE	NA	NA	NA	NA	NA	NA
NC_045512.2	18438	T	C	30691	14352	38	3	2	46	9.7739e-05	30694	0.656273	FALSE	NA	NA	NA	NA	NA	NA
NC_045512.2	18440	C	T	30267	14411	38	2	0	29	6.60742e-05	30269	1	FALSE	NA	NA	NA	NA	NA	NA
NC_045512.2	18442	A	G	30238	14344	38	2	1	34	6.61266e-05	30245	1	FALSE	NA	NA	NA	NA	NA	NA
NC_045512.2	18442	A	C	30238	14344	38	5	0	34	0.000165317	30245	0.999998	FALSE	NA	NA	NA	NA	NA	NA
NC_045512.2	18444	A	G	30721	14860	38	12	10	34	0.00039046	30733	0.998562	FALSE	NA	NA	NA	NA	NA	NA
NC_045512.2	18445	G	-T	30829	14874	38	1	0	20	3.2437e-05	30829	1	FALSE	NA	NA	NA	NA	NA	NA
NC_045512.2	18446	T	G	29873	14039	37	2	0	30	6.69434e-05	29876	1	FALSE	NA	NA	NA	NA	NA	NA
NC_045512.2	18446	T	C	29873	14039	37	1	0	34	3.34717e-05	29876	1	FALSE	NA	NA	NA	NA	NA	NA
NC_045512.2	18447	T	C	31350	15648	38	4	1	42	0.000127571	31355	0.5	FALSE	NA	NA	NA	NA	NA	NA
NC_045512.2	18447	T	A	31350	15648	38	1	0	34	3.18928e-05	31355	1	FALSE	NA	NA	NA	NA	NA	NA
NC_045512.2	18448	A	G	31434	15739	38	14	2	34	0.000445165	31449	0.996705	FALSE	NA	NA	NA	NA	NA	NA
NC_045512.2	18448	A	C	31434	15739	38	1	1	34	3.17975e-05	31449	1	FALSE	NA	NA	NA	NA	NA	NA
NC_045512.2	18449	G	A	32202	15895	38	3	1	34	9.31532e-05	32205	1	FALSE	NA	NA	NA	NA	NA	NA
NC_045512.2	18450	T	C	32135	15913	38	7	0	34	0.000217777	32143	0.999993	FALSE	NA	NA	NA	NA	NA	NA
NC_045512.2	18450	T	A	32135	15913	38	1	1	34	3.1111e-05	32143	1	FALSE	NA	NA	NA	NA	NA	NA
NC_045512.2	18451	G	T	32179	15884	38	1	1	26	3.10704e-05	32185	1	FALSE	NA	NA	NA	NA	NA	NA
NC_045512.2	18451	G	C	32179	15884	38	1	0	34	3.10704e-05	32185	1	FALSE	NA	NA	NA	NA	NA	NA
NC_045512.2	18451	G	A	32179	15884	38	4	3	51	0.000124281	32185	0.0624903	FALSE	NA	NA	NA	NA	NA	NA
NC_045512.2	18452	C	T	33061	16938	38	2	1	34	6.04906e-05	33063	1	FALSE	NA	NA	NA	NA	NA	NA
NC_045512.2	18453	T	C	33057	16954	38	8	4	38	0.000241948	33065	0.999987	FALSE	NA	NA	NA	NA	NA	NA
NC_045512.2	18454	A	G	33072	16944	38	7	2	34	0.000211615	33079	0.999996	FALSE	NA	NA	NA	NA	NA	NA
NC_045512.2	18455	A	C	33343	17297	38	2	0	51	5.9979e-05	33345	0.250004	FALSE	NA	NA	NA	NA	NA	NA
NC_045512.2	18456	A	G	33071	17339	38	1	1	26	3.02361e-05	33073	1	FALSE	NA	NA	NA	NA	NA	NA
NC_045512.2	18456	A	C	33071	17339	38	1	1	34	3.02361e-05	33073	1	FALSE	NA	NA	NA	NA	NA	NA
NC_045512.2	18457	C	T	34827	19294	38	1	0	34	2.87125e-05	34828	1	FALSE	NA	NA	NA	NA	NA	NA
NC_045512.2	18458	C	G	33899	18414	38	1	0	34	2.94977e-05	33901	1	FALSE	NA	NA	NA	NA	NA	NA
NC_045512.2	18458	C	A	33899	18414	38	1	0	34	2.94977e-05	33901	1	FALSE	NA	NA	NA	NA	NA	NA
NC_045512.2	18459	A	G	34099	18667	39	6	0	31	0.000175927	34105	0.999999	FALSE	NA	NA	NA	NA	NA	NA
NC_045512.2	18460	C	T	34091	18656	39	5	1	68	0.000146645	34096	0.0312477	FALSE	NA	NA	NA	NA	NA	NA
NC_045512.2	18461	C	T	33898	18632	39	4	3	34	0.000117987	33902	1	FALSE	NA	NA	NA	NA	NA	NA
NC_045512.2	18461	C	-G	33898	18632	39	2	0	20	5.89936e-05	33902	1	FALSE	NA	NA	NA	NA	NA	NA
NC_045512.2	18462	G	T	33870	18562	39	2	2	34	5.90371e-05	33877	1	FALSE	NA	NA	NA	NA	NA	NA
NC_045512.2	18462	G	A	33870	18562	39	5	3	54	0.000147593	33877	0.0312385	FALSE	NA	NA	NA	NA	NA	NA
NC_045512.2	18463	C	T	33348	18700	38	3	3	56	8.99523e-05	33351	0.125	FALSE	NA	NA	NA	NA	NA	NA
NC_045512.2	18465	T	G	33345	18798	38	2	0	34	5.997e-05	33350	1	FALSE	NA	NA	NA	NA	NA	NA
NC_045512.2	18465	T	C	33345	18798	38	3	1	34	8.9955e-05	33350	1	FALSE	NA	NA	NA	NA	NA	NA
NC_045512.2	18466	G	T	33251	18709	38	2	1	51	6.01449e-05	33253	0.250004	FALSE	NA	NA	NA	NA	NA	NA
NC_045512.2	18468	A	G	33792	19655	38	5	4	30	0.000147942	33797	1	FALSE	NA	NA	NA	NA	NA	NA
NC_045512.2	18469	G	C	33444	19658	38	1	1	34	2.98972e-05	33448	1	FALSE	NA	NA	NA	NA	NA	NA
NC_045512.2	18469	G	A	33444	19658	38	3	0	34	8.96915e-05	33448	1	FALSE	NA	NA	NA	NA	NA	NA
NC_045512.2	18470	A	T	33961	21044	38	1	1	24	2.94429e-05	33964	1	FALSE	NA	NA	NA	NA	NA	NA
NC_045512.2	18470	A	G	33961	21044	38	2	0	47	5.88859e-05	33964	0.812509	FALSE	NA	NA	NA	NA	NA	NA
NC_045512.2	18471	T	C	34595	21042	38	2	1	34	5.78085e-05	34597	1	FALSE	NA	NA	NA	NA	NA	NA
NC_045512.2	18472	C	T	34276	21092	38	5	5	34	0.000145849	34282	1	FALSE	NA	NA	NA	NA	NA	NA
NC_045512.2	18472	C	A	34276	21092	38	1	1	34	2.91698e-05	34282	1	FALSE	NA	NA	NA	NA	NA	NA
NC_045512.2	18473	A	G	34230	20891	38	23	18	40	0.000671474	34253	4.38778e-05	TRUE	NA	NA	NA	NA	NA	NA
NC_045512.2	18474	A	G	34676	21134	38	2	1	34	5.76735e-05	34678	1	FALSE	NA	NA	NA	NA	NA	NA
NC_045512.2	18475	T	G	33413	19935	37	1	0	34	2.99267e-05	33415	1	FALSE	NA	NA	NA	NA	NA	NA
NC_045512.2	18475	T	A	33413	19935	37	1	1	34	2.99267e-05	33415	1	FALSE	NA	NA	NA	NA	NA	NA
NC_045512.2	18476	T	C	35128	21782	38	3	2	45	8.53947e-05	35131	0.65627	FALSE	NA	NA	NA	NA	NA	NA
NC_045512.2	18477	T	G	35120	21760	38	1	0	34	2.84714e-05	35123	1	FALSE	NA	NA	NA	NA	NA	NA
NC_045512.2	18477	T	C	35120	21760	38	2	1	29	5.69427e-05	35123	1	FALSE	NA	NA	NA	NA	NA	NA
NC_045512.2	18478	A	G	35578	22330	39	11	2	33	0.000309067	35591	0.999922	FALSE	NA	NA	NA	NA	NA	NA
NC_045512.2	18478	A	C	35578	22330	39	2	1	34	5.6194e-05	35591	1	FALSE	NA	NA	NA	NA	NA	NA
NC_045512.2	18479	A	G	35587	22368	39	4	0	44	0.000112388	35591	0.500015	FALSE	NA	NA	NA	NA	NA	NA
NC_045512.2	18480	A	G	33806	22794	37	2	0	40	5.91576e-05	33808	0.812518	FALSE	NA	NA	NA	NA	NA	NA
NC_045512.2	18481	C	T	34373	22973	38	2	0	34	5.81801e-05	34376	1	FALSE	NA	NA	NA	NA	NA	NA
NC_045512.2	18481	C	A	34373	22973	38	1	1	34	2.90901e-05	34376	1	FALSE	NA	NA	NA	NA	NA	NA
NC_045512.2	18482	A	C	34118	22658	38	1	1	34	2.93092e-05	34119	1	FALSE	NA	NA	NA	NA	NA	NA
NC_045512.2	18483	C	T	34982	22727	38	1	0	34	2.85845e-05	34984	1	FALSE	NA	NA	NA	NA	NA	NA
NC_045512.2	18483	C	A	34982	22727	38	1	0	68	2.85845e-05	34984	0.5	FALSE	NA	NA	NA	NA	NA	NA
NC_045512.2	18485	T	G	34613	22217	38	2	0	30	5.77751e-05	34617	1	FALSE	NA	NA	NA	NA	NA	NA
NC_045512.2	18485	T	C	34613	22217	38	2	1	34	5.77751e-05	34617	1	FALSE	NA	NA	NA	NA	NA	NA
NC_045512.2	18487	A	G	35297	23048	38	2	1	51	5.66588e-05	35299	0.250004	FALSE	NA	NA	NA	NA	NA	NA
NC_045512.2	18488	T	C	35769	23882	38	2	0	34	5.59112e-05	35771	1	FALSE	NA	NA	NA	NA	NA	NA
NC_045512.2	18489	A	G	35944	24098	38	2	0	51	5.5639e-05	35946	0.250003	FALSE	NA	NA	NA	NA	NA	NA
NC_045512.2	18490	C	G	35804	24283	38	1	1	34	2.79283e-05	35806	1	FALSE	NA	NA	NA	NA	NA	NA
NC_045512.2	18490	C	A	35804	24283	38	1	0	34	2.79283e-05	35806	1	FALSE	NA	NA	NA	NA	NA	NA
NC_045512.2	18491	C	T	36708	25933	38	2	2	34	5.44796e-05	36711	1	FALSE	NA	NA	NA	NA	NA	NA
NC_045512.2	18491	C	G	36708	25933	38	1	1	34	2.72398e-05	36711	1	FALSE	NA	NA	NA	NA	NA	NA
NC_045512.2	18492	A	G	35213	24446	38	7	4	48	0.000198745	35221	0.171858	FALSE	NA	NA	NA	NA	NA	NA
NC_045512.2	18492	A	C	35213	24446	38	1	0	26	2.83922e-05	35221	1	FALSE	NA	NA	NA	NA	NA	NA
NC_045512.2	18494	T	G	35316	24180	38	1	0	34	2.83094e-05	35324	1	FALSE	NA	NA	NA	NA	NA	NA
NC_045512.2	18494	T	C	35316	24180	38	7	4	34	0.000198166	35324	0.999999	FALSE	NA	NA	NA	NA	NA	NA
NC_045512.2	18495	T	C	35129	24007	38	2	2	34	5.69298e-05	35131	1	FALSE	NA	NA	NA	NA	NA	NA
NC_045512.2	18496	A	T	35312	24150	38	1	1	34	2.8315e-05	35317	1	FALSE	NA	NA	NA	NA	NA	NA
NC_045512.2	18496	A	G	35312	24150	38	2	0	30	5.663e-05	35317	1	FALSE	NA	NA	NA	NA	NA	NA
NC_045512.2	18496	A	C	35312	24150	38	2	2	30	5.663e-05	35317	1	FALSE	NA	NA	NA	NA	NA	NA
NC_045512.2	18497	T	C	35384	24329	38	4	4	42	0.000113033	35388	0.500015	FALSE	NA	NA	NA	NA	NA	NA
NC_045512.2	18498	G	T	35573	24692	38	1	1	27	2.81096e-05	35575	1	FALSE	NA	NA	NA	NA	NA	NA
NC_045512.2	18498	G	A	35573	24692	38	1	0	68	2.81096e-05	35575	0.5	FALSE	NA	NA	NA	NA	NA	NA
NC_045512.2	18499	T	C	35691	25026	38	2	1	51	5.60334e-05	35693	0.250004	FALSE	NA	NA	NA	NA	NA	NA
NC_045512.2	18500	A	G	34985	25319	38	7	3	34	0.000200046	34992	0.999998	FALSE	NA	NA	NA	NA	NA	NA
NC_045512.2	18501	C	T	35133	25791	38	1	1	34	2.84616e-05	35135	1	FALSE	NA	NA	NA	NA	NA	NA
NC_045512.2	18501	C	G	35133	25791	38	1	0	34	2.84616e-05	35135	1	FALSE	NA	NA	NA	NA	NA	NA
NC_045512.2	18502	A	G	33161	23859	38	7	5	34	0.000211047	33168	0.999996	FALSE	NA	NA	NA	NA	NA	NA
NC_045512.2	18503	A	T	33147	23809	38	1	1	34	3.0165e-05	33151	1	FALSE	NA	NA	NA	NA	NA	NA
NC_045512.2	18503	A	G	33147	23809	38	2	2	34	6.033e-05	33151	1	FALSE	NA	NA	NA	NA	NA	NA
NC_045512.2	18503	A	C	33147	23809	38	1	1	26	3.0165e-05	33151	1	FALSE	NA	NA	NA	NA	NA	NA
NC_045512.2	18504	A	G	32786	23795	37	5	4	40	0.000152462	32795	0.363223	FALSE	NA	NA	NA	NA	NA	NA
NC_045512.2	18504	A	C	32786	23795	37	4	3	34	0.00012197	32795	1	FALSE	NA	NA	NA	NA	NA	NA
NC_045512.2	18505	G	T	33015	23653	38	54	32	35	0.0016329	33070	0.0156536	FALSE	NA	NA	NA	NA	NA	NA
NC_045512.2	18505	G	A	33015	23653	38	1	0	34	3.02389e-05	33070	1	FALSE	NA	NA	NA	NA	NA	NA
NC_045512.2	18507	A	T	32827	25330	37	1	1	34	3.04609e-05	32829	1	FALSE	NA	NA	NA	NA	NA	NA
NC_045512.2	18507	A	C	32827	25330	37	1	1	34	3.04609e-05	32829	1	FALSE	NA	NA	NA	NA	NA	NA
NC_045512.2	18508	C	T	32864	25419	37	1	1	34	3.04275e-05	32865	1	FALSE	NA	NA	NA	NA	NA	NA
NC_045512.2	18509	T	C	32623	25188	37	2	1	51	6.13027e-05	32625	0.250004	FALSE	NA	NA	NA	NA	NA	NA
NC_045512.2	18510	T	C	32763	25217	37	5	5	34	0.000152588	32768	0.999999	FALSE	NA	NA	NA	NA	NA	NA
NC_045512.2	18511	C	T	32510	25259	37	4	4	34	0.000122994	32522	1	FALSE	NA	NA	NA	NA	NA	NA
NC_045512.2	18511	C	G	32510	25259	37	2	1	30	6.14968e-05	32522	1	FALSE	NA	NA	NA	NA	NA	NA
NC_045512.2	18511	C	A	32510	25259	37	6	6	39	0.00018449	32522	0.999998	FALSE	NA	NA	NA	NA	NA	NA
NC_045512.2	18512	C	T	32718	25713	37	4	4	30	0.000122242	32722	1	FALSE	NA	NA	NA	NA	NA	NA
NC_045512.2	18512	C	-T	32718	25713	37	1	0	20	3.05605e-05	32722	1	FALSE	NA	NA	NA	NA	NA	NA
NC_045512.2	18513	T	C	34002	27315	37	3	3	34	8.82223e-05	34005	1	FALSE	NA	NA	NA	NA	NA	NA
NC_045512.2	18514	T	C	35394	28831	37	2	1	51	5.65036e-05	35396	0.250004	FALSE	NA	NA	NA	NA	NA	NA
NC_045512.2	18515	G	C	35576	28901	37	1	1	26	2.8108e-05	35577	1	FALSE	NA	NA	NA	NA	NA	NA
NC_045512.2	18516	G	C	35540	28942	37	1	1	34	2.81365e-05	35541	1	FALSE	NA	NA	NA	NA	NA	NA
NC_045512.2	18517	A	T	35437	28823	37	1	1	34	2.82095e-05	35449	1	FALSE	NA	NA	NA	NA	NA	NA
NC_045512.2	18517	A	G	35437	28823	37	11	10	34	0.000310305	35449	0.999922	FALSE	NA	NA	NA	NA	NA	NA
NC_045512.2	18518	A	G	36571	30106	38	6	5	51	0.000164038	36577	0.0156231	FALSE	NA	NA	NA	NA	NA	NA
NC_045512.2	18520	G	A	35722	29308	38	1	1	34	2.79932e-05	35723	1	FALSE	NA	NA	NA	NA	NA	NA
NC_045512.2	18521	T	G	36338	30165	38	1	1	34	2.75171e-05	36341	1	FALSE	NA	NA	NA	NA	NA	NA
NC_045512.2	18521	T	C	36338	30165	38	1	0	34	2.75171e-05	36341	1	FALSE	NA	NA	NA	NA	NA	NA
NC_045512.2	18521	T	A	36338	30165	38	1	1	34	2.75171e-05	36341	1	FALSE	NA	NA	NA	NA	NA	NA
NC_045512.2	18522	A	T	35783	30028	37	15	15	34	0.000418959	35803	0.998702	FALSE	NA	NA	NA	NA	NA	NA
NC_045512.2	18522	A	G	35783	30028	37	5	2	34	0.000139653	35803	1	FALSE	NA	NA	NA	NA	NA	NA
NC_045512.2	18523	G	A	35866	30098	37	1	1	34	2.78808e-05	35867	1	FALSE	NA	NA	NA	NA	NA	NA
NC_045512.2	18524	T	C	33278	27937	37	7	6	38	0.000210305	33285	0.999996	FALSE	NA	NA	NA	NA	NA	NA
NC_045512.2	18526	C	T	35747	30591	38	4	3	42	0.000111882	35752	0.5	FALSE	NA	NA	NA	NA	NA	NA
NC_045512.2	18526	C	A	35747	30591	38	1	1	34	2.79705e-05	35752	1	FALSE	NA	NA	NA	NA	NA	NA
NC_045512.2	18527	G	T	35617	30355	38	1	1	34	2.80639e-05	35633	1	FALSE	NA	NA	NA	NA	NA	NA
NC_045512.2	18527	G	C	35617	30355	38	4	4	34	0.000112255	35633	1	FALSE	NA	NA	NA	NA	NA	NA
NC_045512.2	18527	G	A	35617	30355	38	11	8	46	0.000308703	35633	0.0286608	FALSE	NA	NA	NA	NA	NA	NA
NC_045512.2	18528	T	C	38664	33736	38	6	6	34	0.000155159	38670	1	FALSE	NA	NA	NA	NA	NA	NA
NC_045512.2	18529	A	T	38005	33191	38	1	1	26	2.63103e-05	38008	1	FALSE	NA	NA	NA	NA	NA	NA
NC_045512.2	18529	A	G	38005	33191	38	2	2	34	5.26205e-05	38008	1	FALSE	NA	NA	NA	NA	NA	NA
NC_045512.2	18530	T	C	39817	35220	38	2	2	34	5.02273e-05	39819	1	FALSE	NA	NA	NA	NA	NA	NA
NC_045512.2	18530	T	-A	39817	35220	38	1	0	20	2.51136e-05	39819	1	FALSE	NA	NA	NA	NA	NA	NA
NC_045512.2	18531	A	G	39158	34580	38	4	4	32	0.00010214	39162	1	FALSE	NA	NA	NA	NA	NA	NA
NC_045512.2	18532	A	G	40194	35696	38	5	5	34	0.000124378	40200	1	FALSE	NA	NA	NA	NA	NA	NA
NC_045512.2	18532	A	C	40194	35696	38	1	1	34	2.48756e-05	40200	1	FALSE	NA	NA	NA	NA	NA	NA
NC_045512.2	18533	A	T	40327	35798	38	3	3	34	7.43826e-05	40332	1	FALSE	NA	NA	NA	NA	NA	NA
NC_045512.2	18533	A	G	40327	35798	38	1	1	34	2.47942e-05	40332	1	FALSE	NA	NA	NA	NA	NA	NA
NC_045512.2	18533	A	C	40327	35798	38	1	1	68	2.47942e-05	40332	0.499981	FALSE	NA	NA	NA	NA	NA	NA
NC_045512.2	18534	G	T	40227	35764	38	6	4	42	0.000149102	40241	0.376838	FALSE	NA	NA	NA	NA	NA	NA
NC_045512.2	18534	G	C	40227	35764	38	7	7	28	0.000173952	40241	1	FALSE	NA	NA	NA	NA	NA	NA
NC_045512.2	18534	G	A	40227	35764	38	1	1	26	2.48503e-05	40241	1	FALSE	NA	NA	NA	NA	NA	NA
NC_045512.2	18535	A	T	40186	35902	38	1	1	26	2.48812e-05	40191	1	FALSE	NA	NA	NA	NA	NA	NA
NC_045512.2	18535	A	G	40186	35902	38	4	3	42	9.95248e-05	40191	0.636726	FALSE	NA	NA	NA	NA	NA	NA
NC_045512.2	18536	T	C	40211	35933	38	4	4	29	9.94629e-05	40216	1	FALSE	NA	NA	NA	NA	NA	NA
NC_045512.2	18536	T	A	40211	35933	38	1	1	34	2.48657e-05	40216	1	FALSE	NA	NA	NA	NA	NA	NA
NC_045512.2	18537	T	A	39386	35192	39	1	1	34	2.53891e-05	39387	1	FALSE	NA	NA	NA	NA	NA	NA
NC_045512.2	18537	T	-G	39386	35192	39	1	0	20	2.53891e-05	39387	1	FALSE	NA	NA	NA	NA	NA	NA
NC_045512.2	18538	G	A	39473	35282	38	4	4	34	0.000101325	39477	1	FALSE	NA	NA	NA	NA	NA	NA
NC_045512.2	18539	T	C	39353	35177	38	6	6	31	0.000152431	39362	1	FALSE	NA	NA	NA	NA	NA	NA
NC_045512.2	18539	T	A	39353	35177	38	3	2	45	7.62156e-05	39362	0.656196	FALSE	NA	NA	NA	NA	NA	NA
NC_045512.2	18540	A	G	39396	35214	38	1	1	34	2.53826e-05	39397	1	FALSE	NA	NA	NA	NA	NA	NA
NC_045512.2	18541	C	T	39574	35430	39	2	2	34	5.05331e-05	39578	1	FALSE	NA	NA	NA	NA	NA	NA
NC_045512.2	18541	C	G	39574	35430	39	2	2	47	5.05331e-05	39578	0.8125	FALSE	NA	NA	NA	NA	NA	NA
NC_045512.2	18541	C	+A	39574	35430	39	1	0	20	2.52666e-05	39578	1	FALSE	NA	NA	NA	NA	NA	NA
NC_045512.2	18542	A	T	39094	34961	39	1	0	34	2.55781e-05	39096	1	FALSE	NA	NA	NA	NA	NA	NA
NC_045512.2	18542	A	G	39094	34961	39	1	1	68	2.55781e-05	39096	0.5	FALSE	NA	NA	NA	NA	NA	NA
NC_045512.2	18543	A	G	38949	34812	39	2	1	68	5.13466e-05	38951	0.250003	FALSE	NA	NA	NA	NA	NA	NA
NC_045512.2	18545	T	+GTTAA	38240	34356	38	3	0	20	7.84519e-05	38240	1	FALSE	NA	NA	NA	NA	NA	NA
NC_045512.2	18546	G	C	38809	34979	38	2	2	26	5.15318e-05	38811	1	FALSE	NA	NA	NA	NA	NA	NA
NC_045512.2	18546	G	-T	38809	34979	38	1	0	20	2.57659e-05	38811	1	FALSE	NA	NA	NA	NA	NA	NA
NC_045512.2	18547	T	A	37836	34021	38	1	0	27	2.64292e-05	37837	1	FALSE	NA	NA	NA	NA	NA	NA
NC_045512.2	18548	T	C	37768	33974	38	2	2	34	5.29507e-05	37771	1	FALSE	NA	NA	NA	NA	NA	NA
NC_045512.2	18548	T	A	37768	33974	38	1	1	34	2.64753e-05	37771	1	FALSE	NA	NA	NA	NA	NA	NA
NC_045512.2	18549	A	T	37765	33954	38	3	2	42	7.94176e-05	37775	0.656182	FALSE	NA	NA	NA	NA	NA	NA
NC_045512.2	18549	A	G	37765	33954	38	3	3	34	7.94176e-05	37775	1	FALSE	NA	NA	NA	NA	NA	NA
NC_045512.2	18549	A	C	37765	33954	38	4	4	28	0.00010589	37775	1	FALSE	NA	NA	NA	NA	NA	NA
NC_045512.2	18550	A	T	37654	34494	37	1	0	68	2.65562e-05	37656	0.5	FALSE	NA	NA	NA	NA	NA	NA
NC_045512.2	18550	A	G	37654	34494	37	1	1	34	2.65562e-05	37656	1	FALSE	NA	NA	NA	NA	NA	NA
NC_045512.2	18551	G	C	37670	34511	37	1	1	34	2.65449e-05	37672	1	FALSE	NA	NA	NA	NA	NA	NA
NC_045512.2	18551	G	A	37670	34511	37	1	1	34	2.65449e-05	37672	1	FALSE	NA	NA	NA	NA	NA	NA
NC_045512.2	18552	T	C	36477	33347	37	1	0	68	2.74138e-05	36478	0.500007	FALSE	NA	NA	NA	NA	NA	NA
NC_045512.2	18553	G	T	32952	30137	37	3390	3102	37	0.0932754	36344	0	TRUE	NA	NA	NA	NA	NA	NA
NC_045512.2	18553	G	C	32952	30137	37	2	2	34	5.50297e-05	36344	1	FALSE	NA	NA	NA	NA	NA	NA
NC_045512.2	18554	A	T	35957	32862	37	1	1	68	2.78079e-05	35961	0.499986	FALSE	NA	NA	NA	NA	NA	NA
NC_045512.2	18554	A	G	35957	32862	37	3	3	34	8.34237e-05	35961	1	FALSE	NA	NA	NA	NA	NA	NA
NC_045512.2	18555	C	A	35902	32837	37	2	2	34	5.57041e-05	35904	1	FALSE	NA	NA	NA	NA	NA	NA
NC_045512.2	18556	A	T	35397	32350	37	1	1	34	2.82478e-05	35401	1	FALSE	NA	NA	NA	NA	NA	NA
NC_045512.2	18556	A	G	35397	32350	37	2	2	30	5.64956e-05	35401	1	FALSE	NA	NA	NA	NA	NA	NA
NC_045512.2	18556	A	C	35397	32350	37	1	1	27	2.82478e-05	35401	1	FALSE	NA	NA	NA	NA	NA	NA
NC_045512.2	18557	C	G	35444	32448	37	1	1	34	2.82127e-05	35445	1	FALSE	NA	NA	NA	NA	NA	NA
NC_045512.2	18558	A	T	33127	30143	37	3	3	34	9.05524e-05	33130	1	FALSE	NA	NA	NA	NA	NA	NA
NC_045512.2	18559	C	A	33182	30243	37	2	2	34	6.027e-05	33184	1	FALSE	NA	NA	NA	NA	NA	NA
NC_045512.2	18560	T	C	31845	28909	37	1	1	34	3.14011e-05	31846	1	FALSE	NA	NA	NA	NA	NA	NA
NC_045512.2	18561	T	C	32475	29541	38	1	1	34	3.0791e-05	32477	1	FALSE	NA	NA	NA	NA	NA	NA
NC_045512.2	18561	T	A	32475	29541	38	1	1	34	3.0791e-05	32477	1	FALSE	NA	NA	NA	NA	NA	NA
NC_045512.2	18561	T	-A	32475	29541	38	3	0	20	9.23731e-05	32477	1	FALSE	NA	NA	NA	NA	NA	NA
NC_045512.2	18562	A	T	31992	29059	37	2	2	30	6.25098e-05	31995	1	FALSE	NA	NA	NA	NA	NA	NA
NC_045512.2	18562	A	G	31992	29059	37	1	1	34	3.12549e-05	31995	1	FALSE	NA	NA	NA	NA	NA	NA
NC_045512.2	18563	A	G	32344	29434	37	2	2	34	6.18314e-05	32346	1	FALSE	NA	NA	NA	NA	NA	NA
NC_045512.2	18564	A	T	32351	29485	37	2	2	30	6.18085e-05	32358	1	FALSE	NA	NA	NA	NA	NA	NA
NC_045512.2	18564	A	G	32351	29485	37	5	5	40	0.000154521	32358	0.363256	FALSE	NA	NA	NA	NA	NA	NA
NC_045512.2	18565	A	G	32333	29473	37	3	2	42	9.27759e-05	32336	0.656272	FALSE	NA	NA	NA	NA	NA	NA
NC_045512.2	18566	A	G	32213	29349	37	1	1	34	3.10414e-05	32215	1	FALSE	NA	NA	NA	NA	NA	NA
NC_045512.2	18566	A	C	32213	29349	37	1	1	34	3.10414e-05	32215	1	FALSE	NA	NA	NA	NA	NA	NA
NC_045512.2	18567	T	C	30532	27679	36	2	0	68	6.54922e-05	30538	0.249971	FALSE	NA	NA	NA	NA	NA	NA
NC_045512.2	18567	T	A	30532	27679	36	4	3	31	0.000130984	30538	1	FALSE	NA	NA	NA	NA	NA	NA
NC_045512.2	18568	C	T	31146	28344	37	1	1	34	3.21058e-05	31147	1	FALSE	NA	NA	NA	NA	NA	NA
NC_045512.2	18569	T	C	27878	25104	36	4	3	40	0.000143462	27882	0.343758	FALSE	NA	NA	NA	NA	NA	NA
NC_045512.2	18571	T	C	29548	26775	38	2	2	34	6.76819e-05	29550	1	FALSE	NA	NA	NA	NA	NA	NA
NC_045512.2	18573	T	C	29319	26829	37	1	1	34	3.41064e-05	29320	1	FALSE	NA	NA	NA	NA	NA	NA
NC_045512.2	18574	G	T	29516	27027	37	1	1	34	3.38742e-05	29521	1	FALSE	NA	NA	NA	NA	NA	NA
NC_045512.2	18574	G	A	29516	27027	37	4	3	68	0.000135497	29521	0.0624936	FALSE	NA	NA	NA	NA	NA	NA
NC_045512.2	18575	A	G	29452	26959	37	4	3	32	0.000135796	29456	0.999999	FALSE	NA	NA	NA	NA	NA	NA
NC_045512.2	18576	C	T	29449	26989	37	2	2	34	6.79025e-05	29454	1	FALSE	NA	NA	NA	NA	NA	NA
NC_045512.2	18576	C	A	29449	26989	37	3	3	34	0.000101854	29454	1	FALSE	NA	NA	NA	NA	NA	NA
NC_045512.2	18577	A	T	28598	26176	37	3	3	31	0.00010488	28604	1	FALSE	NA	NA	NA	NA	NA	NA
NC_045512.2	18577	A	G	28598	26176	37	3	1	40	0.00010488	28604	0.499967	FALSE	NA	NA	NA	NA	NA	NA
NC_045512.2	18578	G	A	28591	26150	37	2	2	34	6.99472e-05	28593	1	FALSE	NA	NA	NA	NA	NA	NA
NC_045512.2	18579	A	G	27691	25321	37	3	3	56	0.000108327	27694	0.125	FALSE	NA	NA	NA	NA	NA	NA
NC_045512.2	18580	G	A	27706	25327	37	4	3	60	0.000144352	27710	0.0624977	FALSE	NA	NA	NA	NA	NA	NA
NC_045512.2	18581	T	C	27660	25289	37	5	5	29	0.000180734	27665	1	FALSE	NA	NA	NA	NA	NA	NA
NC_045512.2	18582	C	T	27495	25144	37	3	3	34	0.000109095	27499	1	FALSE	NA	NA	NA	NA	NA	NA
NC_045512.2	18582	C	G	27495	25144	37	1	1	34	3.6365e-05	27499	1	FALSE	NA	NA	NA	NA	NA	NA
NC_045512.2	18583	G	T	57841	27457	35	1	1	34	1.72828e-05	57861	1	FALSE	NA	NA	NA	NA	NA	NA
NC_045512.2	18583	G	C	57841	27457	35	1	1	34	1.72828e-05	57861	1	FALSE	NA	NA	NA	NA	NA	NA
NC_045512.2	18583	G	A	57841	27457	35	18	4	33	0.00031109	57861	0.999999	FALSE	NA	NA	NA	NA	NA	NA
NC_045512.2	18584	T	C	57979	27544	35	20	7	34	0.000344828	58000	0.999997	FALSE	NA	NA	NA	NA	NA	NA
NC_045512.2	18584	T	A	57979	27544	35	1	0	34	1.72414e-05	58000	1	FALSE	NA	NA	NA	NA	NA	NA
NC_045512.2	18584	T	+G	57979	27544	35	3	0	20	5.17241e-05	58000	1	FALSE	NA	NA	NA	NA	NA	NA
NC_045512.2	18585	A	T	54233	27883	34	2	2	30	3.68725e-05	54241	1	FALSE	NA	NA	NA	NA	NA	NA
NC_045512.2	18585	A	G	54233	27883	34	3	1	31	5.53087e-05	54241	1	FALSE	NA	NA	NA	NA	NA	NA
NC_045512.2	18585	A	C	54233	27883	34	3	0	34	5.53087e-05	54241	1	FALSE	NA	NA	NA	NA	NA	NA
NC_045512.2	18585	A	-T	54233	27883	34	2	0	20	3.68725e-05	54241	1	FALSE	NA	NA	NA	NA	NA	NA
NC_045512.2	18586	T	C	57256	26853	34	1	0	34	1.74633e-05	57263	1	FALSE	NA	NA	NA	NA	NA	NA
NC_045512.2	18586	T	A	57256	26853	34	6	0	34	0.00010478	57263	1	FALSE	NA	NA	NA	NA	NA	NA
NC_045512.2	18587	T	C	58064	27371	35	7	2	38	0.00012054	58072	1	FALSE	NA	NA	NA	NA	NA	NA
NC_045512.2	18587	T	A	58064	27371	35	1	0	26	1.722e-05	58072	1	FALSE	NA	NA	NA	NA	NA	NA
NC_045512.2	18588	T	C	58211	27289	35	9	2	33	0.000154586	58220	1	FALSE	NA	NA	NA	NA	NA	NA
NC_045512.2	18589	G	T	57921	26278	34	7	4	34	0.000120821	57937	1	FALSE	NA	NA	NA	NA	NA	NA
NC_045512.2	18589	G	C	57921	26278	34	2	1	34	3.45203e-05	57937	1	FALSE	NA	NA	NA	NA	NA	NA
NC_045512.2	18589	G	A	57921	26278	34	7	5	34	0.000120821	57937	1	FALSE	NA	NA	NA	NA	NA	NA
NC_045512.2	18590	T	G	58668	25625	35	1	0	26	1.70433e-05	58674	1	FALSE	NA	NA	NA	NA	NA	NA
NC_045512.2	18590	T	C	58668	25625	35	3	1	45	5.113e-05	58674	0.855466	FALSE	NA	NA	NA	NA	NA	NA
NC_045512.2	18590	T	A	58668	25625	35	2	0	26	3.40866e-05	58674	1	FALSE	NA	NA	NA	NA	NA	NA
NC_045512.2	18591	C	T	59538	26088	35	3	2	31	5.03846e-05	59542	1	FALSE	NA	NA	NA	NA	NA	NA
NC_045512.2	18591	C	G	59538	26088	35	1	0	34	1.67949e-05	59542	1	FALSE	NA	NA	NA	NA	NA	NA
NC_045512.2	18591	C	-T	59538	26088	35	2	0	20	3.35897e-05	59542	1	FALSE	NA	NA	NA	NA	NA	NA
NC_045512.2	18592	T	G	57560	24196	35	3	0	31	5.21096e-05	57571	1	FALSE	NA	NA	NA	NA	NA	NA
NC_045512.2	18592	T	C	57560	24196	35	7	6	32	0.000121589	57571	1	FALSE	NA	NA	NA	NA	NA	NA
NC_045512.2	18592	T	A	57560	24196	35	1	0	34	1.73699e-05	57571	1	FALSE	NA	NA	NA	NA	NA	NA
NC_045512.2	18593	T	G	58889	23882	35	3	0	28	5.09338e-05	58900	1	FALSE	NA	NA	NA	NA	NA	NA
NC_045512.2	18593	T	C	58889	23882	35	6	2	32	0.000101868	58900	1	FALSE	NA	NA	NA	NA	NA	NA
NC_045512.2	18593	T	A	58889	23882	35	2	0	34	3.39559e-05	58900	1	FALSE	NA	NA	NA	NA	NA	NA
NC_045512.2	18594	A	G	58645	24215	34	4	3	34	6.82024e-05	58649	1	FALSE	NA	NA	NA	NA	NA	NA
NC_045512.2	18595	T	C	58670	24386	35	2	1	34	3.40861e-05	58675	1	FALSE	NA	NA	NA	NA	NA	NA
NC_045512.2	18595	T	A	58670	24386	35	3	0	34	5.11291e-05	58675	1	FALSE	NA	NA	NA	NA	NA	NA
NC_045512.2	18596	G	T	58609	24392	34	13	5	36	0.000221741	58627	1	FALSE	NA	NA	NA	NA	NA	NA
NC_045512.2	18596	G	C	58609	24392	34	4	4	32	6.82279e-05	58627	1	FALSE	NA	NA	NA	NA	NA	NA
NC_045512.2	18596	G	A	58609	24392	34	1	0	34	1.7057e-05	58627	1	FALSE	NA	NA	NA	NA	NA	NA
NC_045512.2	18597	G	T	59748	24313	35	7	1	34	0.000117145	59755	1	FALSE	NA	NA	NA	NA	NA	NA
NC_045512.2	18598	G	C	62044	23688	35	3	3	31	4.83349e-05	62067	1	FALSE	NA	NA	NA	NA	NA	NA
NC_045512.2	18598	G	A	62044	23688	35	20	5	34	0.000322232	62067	0.999999	FALSE	NA	NA	NA	NA	NA	NA
NC_045512.2	18599	C	T	61858	23710	35	6	3	34	9.69791e-05	61869	1	FALSE	NA	NA	NA	NA	NA	NA
NC_045512.2	18599	C	G	61858	23710	35	2	0	26	3.23264e-05	61869	1	FALSE	NA	NA	NA	NA	NA	NA
NC_045512.2	18599	C	A	61858	23710	35	3	2	34	4.84896e-05	61869	1	FALSE	NA	NA	NA	NA	NA	NA
NC_045512.2	18600	A	G	61478	23223	35	10	7	33	0.000162631	61489	1	FALSE	NA	NA	NA	NA	NA	NA
NC_045512.2	18600	A	C	61478	23223	35	1	1	34	1.62631e-05	61489	1	FALSE	NA	NA	NA	NA	NA	NA
NC_045512.2	18601	C	T	61535	23246	35	1	1	26	1.62504e-05	61537	1	FALSE	NA	NA	NA	NA	NA	NA
NC_045512.2	18601	C	G	61535	23246	35	1	0	34	1.62504e-05	61537	1	FALSE	NA	NA	NA	NA	NA	NA
NC_045512.2	18601	C	-A	61535	23246	35	1	0	20	1.62504e-05	61537	1	FALSE	NA	NA	NA	NA	NA	NA
NC_045512.2	18602	A	T	61239	22810	35	3	2	42	4.89812e-05	61248	0.91014	FALSE	NA	NA	NA	NA	NA	NA
NC_045512.2	18602	A	G	61239	22810	35	6	4	34	9.79624e-05	61248	1	FALSE	NA	NA	NA	NA	NA	NA
NC_045512.2	18603	T	C	60424	22813	34	10	8	32	0.000165467	60435	1	FALSE	NA	NA	NA	NA	NA	NA
NC_045512.2	18603	T	A	60424	22813	34	1	0	34	1.65467e-05	60435	1	FALSE	NA	NA	NA	NA	NA	NA
NC_045512.2	18604	G	T	61587	22743	34	2	0	30	3.24696e-05	61596	1	FALSE	NA	NA	NA	NA	NA	NA
NC_045512.2	18604	G	A	61587	22743	34	7	1	34	0.000113644	61596	1	FALSE	NA	NA	NA	NA	NA	NA
NC_045512.2	18605	G	T	67587	22523	34	2	0	34	2.95858e-05	67600	1	FALSE	NA	NA	NA	NA	NA	NA
NC_045512.2	18605	G	A	67587	22523	34	11	2	34	0.000162722	67600	1	FALSE	NA	NA	NA	NA	NA	NA
NC_045512.2	18605	G	+C	67587	22523	34	1	0	20	1.47929e-05	67600	1	FALSE	NA	NA	NA	NA	NA	NA
NC_045512.2	18606	C	T	67194	22879	35	1	0	34	1.4881e-05	67200	1	FALSE	NA	NA	NA	NA	NA	NA
NC_045512.2	18606	C	G	67194	22879	35	4	0	30	5.95238e-05	67200	1	FALSE	NA	NA	NA	NA	NA	NA
NC_045512.2	18606	C	A	67194	22879	35	1	0	34	1.4881e-05	67200	1	FALSE	NA	NA	NA	NA	NA	NA
NC_045512.2	18606	C	-T	67194	22879	35	1	0	20	1.4881e-05	67200	1	FALSE	NA	NA	NA	NA	NA	NA
NC_045512.2	18607	T	G	65459	21174	34	3	1	34	4.58218e-05	65471	1	FALSE	NA	NA	NA	NA	NA	NA
NC_045512.2	18607	T	C	65459	21174	34	6	0	34	9.16436e-05	65471	1	FALSE	NA	NA	NA	NA	NA	NA
NC_045512.2	18607	T	A	65459	21174	34	3	0	34	4.58218e-05	65471	1	FALSE	NA	NA	NA	NA	NA	NA
NC_045512.2	18608	T	C	66302	21532	35	2	0	34	3.01623e-05	66308	1	FALSE	NA	NA	NA	NA	NA	NA
NC_045512.2	18608	T	A	66302	21532	35	4	1	40	6.03245e-05	66308	0.828128	FALSE	NA	NA	NA	NA	NA	NA
NC_045512.2	18609	T	G	66230	21477	35	2	0	34	3.01932e-05	66240	1	FALSE	NA	NA	NA	NA	NA	NA
NC_045512.2	18609	T	C	66230	21477	35	8	5	34	0.000120773	66240	1	FALSE	NA	NA	NA	NA	NA	NA
NC_045512.2	18610	G	T	67410	21423	35	3	1	31	4.45005e-05	67415	1	FALSE	NA	NA	NA	NA	NA	NA
NC_045512.2	18610	G	C	67410	21423	35	1	1	26	1.48335e-05	67415	1	FALSE	NA	NA	NA	NA	NA	NA
NC_045512.2	18610	G	A	67410	21423	35	1	0	34	1.48335e-05	67415	1	FALSE	NA	NA	NA	NA	NA	NA
NC_045512.2	18611	A	G	68007	21450	35	8	1	34	0.000117618	68017	1	FALSE	NA	NA	NA	NA	NA	NA
NC_045512.2	18611	A	C	68007	21450	35	2	2	30	2.94044e-05	68017	1	FALSE	NA	NA	NA	NA	NA	NA
NC_045512.2	18612	G	T	68613	21376	34	1	0	34	1.45732e-05	68619	1	FALSE	NA	NA	NA	NA	NA	NA
NC_045512.2	18612	G	C	68613	21376	34	3	2	28	4.37197e-05	68619	1	FALSE	NA	NA	NA	NA	NA	NA
NC_045512.2	18612	G	A	68613	21376	34	2	2	34	2.91464e-05	68619	1	FALSE	NA	NA	NA	NA	NA	NA
NC_045512.2	18613	T	G	63829	16186	34	1	1	26	1.56659e-05	63833	1	FALSE	NA	NA	NA	NA	NA	NA
NC_045512.2	18613	T	C	63829	16186	34	3	1	34	4.69976e-05	63833	1	FALSE	NA	NA	NA	NA	NA	NA
NC_045512.2	18613	T	-TG	63829	16186	34	2	0	20	3.13318e-05	63833	1	FALSE	NA	NA	NA	NA	NA	NA
NC_045512.2	18614	T	C	64914	17689	35	3	1	45	4.62121e-05	64918	0.910156	FALSE	NA	NA	NA	NA	NA	NA
NC_045512.2	18614	T	A	64914	17689	35	1	0	26	1.5404e-05	64918	1	FALSE	NA	NA	NA	NA	NA	NA
NC_045512.2	18615	G	T	64831	17688	35	3	1	31	4.62649e-05	64844	1	FALSE	NA	NA	NA	NA	NA	NA
NC_045512.2	18615	G	C	64831	17688	35	2	0	34	3.08433e-05	64844	1	FALSE	NA	NA	NA	NA	NA	NA
NC_045512.2	18615	G	A	64831	17688	35	8	0	33	0.000123373	64844	1	FALSE	NA	NA	NA	NA	NA	NA
NC_045512.2	18616	A	G	65240	17958	35	7	1	38	0.000107285	65247	1	FALSE	NA	NA	NA	NA	NA	NA
NC_045512.2	18617	C	T	66702	17976	35	9	0	34	0.000134906	66713	1	FALSE	NA	NA	NA	NA	NA	NA
NC_045512.2	18617	C	G	66702	17976	35	1	0	34	1.49896e-05	66713	1	FALSE	NA	NA	NA	NA	NA	NA
NC_045512.2	18617	C	A	66702	17976	35	1	1	68	1.49896e-05	66713	0.499966	FALSE	NA	NA	NA	NA	NA	NA
NC_045512.2	18618	A	T	66825	17966	35	1	0	26	1.49627e-05	66833	1	FALSE	NA	NA	NA	NA	NA	NA
NC_045512.2	18618	A	G	66825	17966	35	7	1	34	0.000104739	66833	1	FALSE	NA	NA	NA	NA	NA	NA
NC_045512.2	18619	T	C	66305	16586	35	3	3	34	4.52427e-05	66309	1	FALSE	NA	NA	NA	NA	NA	NA
NC_045512.2	18619	T	A	66305	16586	35	1	0	34	1.50809e-05	66309	1	FALSE	NA	NA	NA	NA	NA	NA
NC_045512.2	18620	C	T	67303	16666	35	1	0	34	1.4858e-05	67304	1	FALSE	NA	NA	NA	NA	NA	NA
NC_045512.2	18621	T	G	56151	5325	35	1	0	34	1.78075e-05	56156	1	FALSE	NA	NA	NA	NA	NA	NA
NC_045512.2	18621	T	C	56151	5325	35	4	0	42	7.12301e-05	56156	0.746103	FALSE	NA	NA	NA	NA	NA	NA
NC_045512.2	18622	A	T	57963	5390	35	1	0	34	1.72515e-05	57966	1	FALSE	NA	NA	NA	NA	NA	NA
NC_045512.2	18622	A	G	57963	5390	35	2	0	30	3.4503e-05	57966	1	FALSE	NA	NA	NA	NA	NA	NA
NC_045512.2	18623	T	G	57245	5405	35	1	1	26	1.74657e-05	57255	1	FALSE	NA	NA	NA	NA	NA	NA
NC_045512.2	18623	T	C	57245	5405	35	4	1	30	6.98629e-05	57255	1	FALSE	NA	NA	NA	NA	NA	NA
NC_045512.2	18623	T	A	57245	5405	35	5	0	34	8.73286e-05	57255	1	FALSE	NA	NA	NA	NA	NA	NA
NC_045512.2	18624	G	A	58070	5436	35	2	0	34	3.444e-05	58072	1	FALSE	NA	NA	NA	NA	NA	NA
NC_045512.2	18624	G	-A	58070	5436	35	1	0	20	1.722e-05	58072	1	FALSE	NA	NA	NA	NA	NA	NA
NC_045512.2	18625	A	T	58358	5517	35	9	1	37	0.000154075	58413	1	FALSE	NA	NA	NA	NA	NA	NA
NC_045512.2	18625	A	G	58358	5517	35	46	2	33	0.000787496	58413	0.898875	FALSE	NA	NA	NA	NA	NA	NA
NC_045512.2	18626	A	T	58588	5524	35	2	0	34	3.41338e-05	58593	1	FALSE	NA	NA	NA	NA	NA	NA
NC_045512.2	18626	A	G	58588	5524	35	3	0	31	5.12007e-05	58593	1	FALSE	NA	NA	NA	NA	NA	NA
NC_045512.2	18627	G	T	58434	5518	35	1	0	34	1.71119e-05	58439	1	FALSE	NA	NA	NA	NA	NA	NA
NC_045512.2	18627	G	A	58434	5518	35	4	0	28	6.84474e-05	58439	1	FALSE	NA	NA	NA	NA	NA	NA
NC_045512.2	18628	T	C	59064	5690	35	5	1	32	8.46439e-05	59071	1	FALSE	NA	NA	NA	NA	NA	NA
NC_045512.2	18628	T	A	59064	5690	35	2	0	26	3.38576e-05	59071	1	FALSE	NA	NA	NA	NA	NA	NA
NC_045512.2	18629	A	G	59066	5728	35	3	0	31	5.07872e-05	59070	1	FALSE	NA	NA	NA	NA	NA	NA
NC_045512.2	18629	A	C	59066	5728	35	1	1	34	1.69291e-05	59070	1	FALSE	NA	NA	NA	NA	NA	NA
NC_045512.2	18629	A	-T	59066	5728	35	2	0	20	3.38581e-05	59070	1	FALSE	NA	NA	NA	NA	NA	NA
NC_045512.2	18630	T	G	59380	5741	35	2	0	26	3.36757e-05	59390	1	FALSE	NA	NA	NA	NA	NA	NA
NC_045512.2	18630	T	C	59380	5741	35	6	1	34	0.000101027	59390	1	FALSE	NA	NA	NA	NA	NA	NA
NC_045512.2	18630	T	A	59380	5741	35	2	0	26	3.36757e-05	59390	1	FALSE	NA	NA	NA	NA	NA	NA
NC_045512.2	18632	T	C	59431	5788	35	6	0	34	0.000100947	59437	1	FALSE	NA	NA	NA	NA	NA	NA
NC_045512.2	18633	T	C	59388	6240	35	7	1	47	0.000117855	59395	0.387213	FALSE	NA	NA	NA	NA	NA	NA
NC_045512.2	18634	G	A	59309	6244	36	1	0	34	1.68606e-05	59310	1	FALSE	NA	NA	NA	NA	NA	NA
NC_045512.2	18635	T	C	59963	6255	36	6	4	38	0.000100052	59969	1	FALSE	NA	NA	NA	NA	NA	NA
NC_045512.2	18636	G	C	59962	6272	36	1	0	34	1.66758e-05	59967	1	FALSE	NA	NA	NA	NA	NA	NA
NC_045512.2	18636	G	A	59962	6272	36	4	0	34	6.67034e-05	59967	1	FALSE	NA	NA	NA	NA	NA	NA
NC_045512.2	18637	A	G	59703	6459	36	8	0	34	0.000133979	59711	1	FALSE	NA	NA	NA	NA	NA	NA
NC_045512.2	18638	A	G	60219	6466	36	6	1	44	9.96264e-05	60225	0.61281	FALSE	NA	NA	NA	NA	NA	NA
NC_045512.2	18639	A	G	63046	6495	36	12	1	32	0.000190301	63058	1	FALSE	NA	NA	NA	NA	NA	NA
NC_045512.2	18640	A	G	62988	6494	36	6	1	28	9.52472e-05	62994	1	FALSE	NA	NA	NA	NA	NA	NA
NC_045512.2	18641	T	G	62554	6676	36	1	0	34	1.59844e-05	62561	1	FALSE	NA	NA	NA	NA	NA	NA
NC_045512.2	18641	T	C	62554	6676	36	6	0	34	9.59064e-05	62561	1	FALSE	NA	NA	NA	NA	NA	NA
NC_045512.2	18642	A	T	62316	6662	35	2	1	29	3.20724e-05	62359	1	FALSE	NA	NA	NA	NA	NA	NA
NC_045512.2	18642	A	G	62316	6662	35	40	1	35	0.000641447	62359	0.988874	FALSE	NA	NA	NA	NA	NA	NA
NC_045512.2	18642	A	C	62316	6662	35	1	0	34	1.60362e-05	62359	1	FALSE	NA	NA	NA	NA	NA	NA
NC_045512.2	18643	G	T	63649	6636	36	21	4	35	0.000329805	63674	0.999999	FALSE	NA	NA	NA	NA	NA	NA
NC_045512.2	18643	G	A	63649	6636	36	4	0	34	6.282e-05	63674	1	FALSE	NA	NA	NA	NA	NA	NA
NC_045512.2	18644	G	A	65263	6756	36	1	0	34	1.53224e-05	65264	1	FALSE	NA	NA	NA	NA	NA	NA
NC_045512.2	18645	A	G	65231	6751	36	26	5	41	0.000398425	65257	0.000267169	TRUE	NA	NA	NA	NA	NA	NA
NC_045512.2	18646	C	T	65675	6771	36	2	1	29	3.04521e-05	65677	1	FALSE	NA	NA	NA	NA	NA	NA
NC_045512.2	18647	C	T	65714	6966	36	2	0	34	3.04317e-05	65721	1	FALSE	NA	NA	NA	NA	NA	NA
NC_045512.2	18647	C	G	65714	6966	36	4	0	28	6.08633e-05	65721	1	FALSE	NA	NA	NA	NA	NA	NA
NC_045512.2	18647	C	A	65714	6966	36	1	0	68	1.52158e-05	65721	0.499981	FALSE	NA	NA	NA	NA	NA	NA
NC_045512.2	18648	T	G	65356	6960	36	6	0	34	9.17501e-05	65395	1	FALSE	NA	NA	NA	NA	NA	NA
NC_045512.2	18648	T	C	65356	6960	36	29	0	34	0.000443459	65395	0.999945	FALSE	NA	NA	NA	NA	NA	NA
NC_045512.2	18648	T	A	65356	6960	36	4	0	32	6.11668e-05	65395	1	FALSE	NA	NA	NA	NA	NA	NA
NC_045512.2	18649	G	T	69669	7000	36	2	0	34	2.87043e-05	69676	1	FALSE	NA	NA	NA	NA	NA	NA
NC_045512.2	18649	G	A	69669	7000	36	5	0	34	7.17607e-05	69676	1	FALSE	NA	NA	NA	NA	NA	NA
NC_045512.2	18650	A	T	69769	6991	36	2	1	47	2.86619e-05	69779	0.964837	FALSE	NA	NA	NA	NA	NA	NA
NC_045512.2	18650	A	G	69769	6991	36	8	0	33	0.000114648	69779	1	FALSE	NA	NA	NA	NA	NA	NA
NC_045512.2	18651	G	A	70397	6988	36	2	0	34	2.84095e-05	70399	1	FALSE	NA	NA	NA	NA	NA	NA
NC_045512.2	18652	C	T	70396	7411	36	12	0	34	0.00017043	70410	1	FALSE	NA	NA	NA	NA	NA	NA
NC_045512.2	18652	C	G	70396	7411	36	2	0	34	2.84051e-05	70410	1	FALSE	NA	NA	NA	NA	NA	NA
NC_045512.2	18653	G	C	70675	7341	36	2	0	29	2.82929e-05	70689	1	FALSE	NA	NA	NA	NA	NA	NA
NC_045512.2	18653	G	A	70675	7341	36	12	3	33	0.000169758	70689	1	FALSE	NA	NA	NA	NA	NA	NA
NC_045512.2	18654	C	T	72907	8119	36	4	1	42	5.48599e-05	72913	0.886723	FALSE	NA	NA	NA	NA	NA	NA
NC_045512.2	18654	C	G	72907	8119	36	2	0	34	2.743e-05	72913	1	FALSE	NA	NA	NA	NA	NA	NA
NC_045512.2	18655	A	G	72699	8257	36	9	0	34	0.000123783	72708	1	FALSE	NA	NA	NA	NA	NA	NA
NC_045512.2	18656	C	T	78718	8307	36	6	0	34	7.62108e-05	78729	1	FALSE	NA	NA	NA	NA	NA	NA
NC_045512.2	18656	C	G	78718	8307	36	5	0	34	6.3509e-05	78729	1	FALSE	NA	NA	NA	NA	NA	NA
NC_045512.2	18657	C	T	78902	8342	36	2	0	34	2.53453e-05	78910	1	FALSE	NA	NA	NA	NA	NA	NA
NC_045512.2	18657	C	G	78902	8342	36	2	0	30	2.53453e-05	78910	1	FALSE	NA	NA	NA	NA	NA	NA
NC_045512.2	18657	C	A	78902	8342	36	4	1	42	5.06907e-05	78910	0.886715	FALSE	NA	NA	NA	NA	NA	NA
NC_045512.2	18658	T	G	79097	8350	36	7	0	32	8.84665e-05	79126	1	FALSE	NA	NA	NA	NA	NA	NA
NC_045512.2	18658	T	C	79097	8350	36	19	4	34	0.000240123	79126	1	FALSE	NA	NA	NA	NA	NA	NA
NC_045512.2	18658	T	A	79097	8350	36	3	0	31	3.79142e-05	79126	1	FALSE	NA	NA	NA	NA	NA	NA
NC_045512.2	18659	G	A	83358	8382	36	24	1	36	0.000287832	83382	1	FALSE	NA	NA	NA	NA	NA	NA
NC_045512.2	18660	T	G	83380	8402	36	1	1	34	1.19921e-05	83388	1	FALSE	NA	NA	NA	NA	NA	NA
NC_045512.2	18660	T	C	83380	8402	36	7	2	38	8.39449e-05	83388	1	FALSE	NA	NA	NA	NA	NA	NA
NC_045512.2	18661	T	C	83181	8487	36	19	1	35	0.000228365	83200	1	FALSE	NA	NA	NA	NA	NA	NA
NC_045512.2	18661	T	-G	83181	8487	36	1	0	20	1.20192e-05	83200	1	FALSE	NA	NA	NA	NA	NA	NA
NC_045512.2	18662	G	T	76301	7857	36	8264	665	35	0.0977213	84567	0	TRUE	NA	NA	NA	NA	NA	NA
NC_045512.2	18662	G	A	76301	7857	36	2	0	34	2.36499e-05	84567	1	FALSE	NA	NA	NA	NA	NA	NA
NC_045512.2	18663	T	C	84362	8353	36	8	0	38	9.48193e-05	84371	1	FALSE	NA	NA	NA	NA	NA	NA
NC_045512.2	18663	T	A	84362	8353	36	1	0	26	1.18524e-05	84371	1	FALSE	NA	NA	NA	NA	NA	NA
NC_045512.2	18664	C	T	85068	8830	36	2	0	68	2.35095e-05	85072	0.249996	FALSE	NA	NA	NA	NA	NA	NA
NC_045512.2	18664	C	G	85068	8830	36	1	0	34	1.17547e-05	85072	1	FALSE	NA	NA	NA	NA	NA	NA
NC_045512.2	18664	C	A	85068	8830	36	1	0	26	1.17547e-05	85072	1	FALSE	NA	NA	NA	NA	NA	NA
NC_045512.2	18665	T	G	84201	8282	36	3	0	34	3.56235e-05	84214	1	FALSE	NA	NA	NA	NA	NA	NA
NC_045512.2	18665	T	C	84201	8282	36	8	0	34	9.49961e-05	84214	1	FALSE	NA	NA	NA	NA	NA	NA
NC_045512.2	18665	T	A	84201	8282	36	2	0	30	2.3749e-05	84214	1	FALSE	NA	NA	NA	NA	NA	NA
NC_045512.2	18666	A	T	85645	8275	36	2	0	34	2.335e-05	85653	1	FALSE	NA	NA	NA	NA	NA	NA
NC_045512.2	18666	A	G	85645	8275	36	6	1	34	7.00501e-05	85653	1	FALSE	NA	NA	NA	NA	NA	NA
NC_045512.2	18667	T	G	85663	7913	36	1	0	34	1.16722e-05	85674	1	FALSE	NA	NA	NA	NA	NA	NA
NC_045512.2	18667	T	C	85663	7913	36	7	0	34	8.17051e-05	85674	1	FALSE	NA	NA	NA	NA	NA	NA
NC_045512.2	18667	T	A	85663	7913	36	3	0	34	3.50165e-05	85674	1	FALSE	NA	NA	NA	NA	NA	NA
NC_045512.2	18668	G	T	89222	8194	36	4	0	34	4.4829e-05	89228	1	FALSE	NA	NA	NA	NA	NA	NA
NC_045512.2	18668	G	A	89222	8194	36	2	1	51	2.24145e-05	89228	0.24999	FALSE	NA	NA	NA	NA	NA	NA
NC_045512.2	18669	T	G	85402	8411	36	2	0	30	2.34129e-05	85423	1	FALSE	NA	NA	NA	NA	NA	NA
NC_045512.2	18669	T	C	85402	8411	36	17	0	33	0.00019901	85423	1	FALSE	NA	NA	NA	NA	NA	NA
NC_045512.2	18669	T	A	85402	8411	36	2	0	30	2.34129e-05	85423	1	FALSE	NA	NA	NA	NA	NA	NA
NC_045512.2	18670	G	T	85444	8413	36	1	0	34	1.17033e-05	85446	1	FALSE	NA	NA	NA	NA	NA	NA
NC_045512.2	18670	G	A	85444	8413	36	1	0	34	1.17033e-05	85446	1	FALSE	NA	NA	NA	NA	NA	NA
NC_045512.2	18671	A	T	80907	8839	36	2	0	34	2.47158e-05	80920	1	FALSE	NA	NA	NA	NA	NA	NA
NC_045512.2	18671	A	G	80907	8839	36	11	0	35	0.000135937	80920	1	FALSE	NA	NA	NA	NA	NA	NA
NC_045512.2	18672	T	G	80979	8888	36	1	0	26	1.2348e-05	80985	1	FALSE	NA	NA	NA	NA	NA	NA
NC_045512.2	18672	T	C	80979	8888	36	3	0	34	3.70439e-05	80985	1	FALSE	NA	NA	NA	NA	NA	NA
NC_045512.2	18672	T	A	80979	8888	36	2	0	34	2.46959e-05	80985	1	FALSE	NA	NA	NA	NA	NA	NA
NC_045512.2	18673	A	T	79332	8768	36	1	0	26	1.2603e-05	79346	1	FALSE	NA	NA	NA	NA	NA	NA
NC_045512.2	18673	A	G	79332	8768	36	13	2	34	0.000163839	79346	1	FALSE	NA	NA	NA	NA	NA	NA
NC_045512.2	18674	G	A	80768	8783	36	1	0	34	1.2381e-05	80769	1	FALSE	NA	NA	NA	NA	NA	NA
NC_045512.2	18675	A	G	79966	9289	36	13	0	33	0.000162541	79980	1	FALSE	NA	NA	NA	NA	NA	NA
NC_045512.2	18675	A	C	79966	9289	36	1	0	34	1.25031e-05	79980	1	FALSE	NA	NA	NA	NA	NA	NA
NC_045512.2	18676	C	T	81550	9308	36	3	0	34	3.67845e-05	81556	1	FALSE	NA	NA	NA	NA	NA	NA
NC_045512.2	18676	C	G	81550	9308	36	2	0	34	2.4523e-05	81556	1	FALSE	NA	NA	NA	NA	NA	NA
NC_045512.2	18676	C	A	81550	9308	36	1	1	34	1.22615e-05	81556	1	FALSE	NA	NA	NA	NA	NA	NA
NC_045512.2	18677	G	T	81087	8916	36	1	0	34	1.23288e-05	81111	1	FALSE	NA	NA	NA	NA	NA	NA
NC_045512.2	18677	G	C	81087	8916	36	2	0	47	2.46576e-05	81111	0.989248	FALSE	NA	NA	NA	NA	NA	NA
NC_045512.2	18677	G	A	81087	8916	36	21	3	40	0.000258904	81111	0.0120515	FALSE	NA	NA	NA	NA	NA	NA
NC_045512.2	18678	T	C	81021	8940	36	16	2	36	0.000197438	81038	1	FALSE	NA	NA	NA	NA	NA	NA
NC_045512.2	18678	T	A	81021	8940	36	1	0	26	1.23399e-05	81038	1	FALSE	NA	NA	NA	NA	NA	NA
NC_045512.2	18679	G	T	79565	9189	36	1	1	34	1.25652e-05	79585	1	FALSE	NA	NA	NA	NA	NA	NA
NC_045512.2	18679	G	C	79565	9189	36	4	0	34	5.02607e-05	79585	1	FALSE	NA	NA	NA	NA	NA	NA
NC_045512.2	18679	G	A	79565	9189	36	15	2	36	0.000188478	79585	1	FALSE	NA	NA	NA	NA	NA	NA
NC_045512.2	18680	C	T	75452	9759	36	7	2	38	9.27619e-05	75462	1	FALSE	NA	NA	NA	NA	NA	NA
NC_045512.2	18680	C	G	75452	9759	36	1	0	26	1.32517e-05	75462	1	FALSE	NA	NA	NA	NA	NA	NA
NC_045512.2	18680	C	A	75452	9759	36	2	0	30	2.65034e-05	75462	1	FALSE	NA	NA	NA	NA	NA	NA
NC_045512.2	18681	C	T	75485	9781	36	5	0	34	6.62339e-05	75490	1	FALSE	NA	NA	NA	NA	NA	NA
NC_045512.2	18682	A	T	75680	9999	36	4	0	34	5.28464e-05	75691	1	FALSE	NA	NA	NA	NA	NA	NA
NC_045512.2	18682	A	G	75680	9999	36	7	2	34	9.24813e-05	75691	1	FALSE	NA	NA	NA	NA	NA	NA
NC_045512.2	18683	C	T	70064	10470	36	5	0	34	7.13531e-05	70074	1	FALSE	NA	NA	NA	NA	NA	NA
NC_045512.2	18683	C	G	70064	10470	36	3	0	31	4.28119e-05	70074	1	FALSE	NA	NA	NA	NA	NA	NA
NC_045512.2	18683	C	A	70064	10470	36	2	0	34	2.85413e-05	70074	1	FALSE	NA	NA	NA	NA	NA	NA
NC_045512.2	18684	A	G	69774	10467	36	5	0	32	7.16548e-05	69779	1	FALSE	NA	NA	NA	NA	NA	NA
NC_045512.2	18685	T	G	69850	10506	36	1	0	34	1.4315e-05	69857	1	FALSE	NA	NA	NA	NA	NA	NA
NC_045512.2	18685	T	C	69850	10506	36	6	2	38	8.58897e-05	69857	1	FALSE	NA	NA	NA	NA	NA	NA
NC_045512.2	18686	G	T	70024	10476	36	1	1	34	1.42792e-05	70032	1	FALSE	NA	NA	NA	NA	NA	NA
NC_045512.2	18686	G	A	70024	10476	36	7	4	37	9.99543e-05	70032	1	FALSE	NA	NA	NA	NA	NA	NA
NC_045512.2	18687	C	T	71638	10529	36	2	0	34	2.79174e-05	71640	1	FALSE	NA	NA	NA	NA	NA	NA
NC_045512.2	18687	C	-T	71638	10529	36	57	0	20	0.000795645	71640	1	FALSE	NA	NA	NA	NA	NA	NA
NC_045512.2	18688	T	C	71704	10817	36	84	15	35	0.00117005	71792	0.166135	FALSE	NA	NA	NA	NA	NA	NA
NC_045512.2	18688	T	A	71704	10817	36	4	0	34	5.57165e-05	71792	1	FALSE	NA	NA	NA	NA	NA	NA
NC_045512.2	18689	T	G	71796	10824	36	1	1	34	1.39272e-05	71802	1	FALSE	NA	NA	NA	NA	NA	NA
NC_045512.2	18689	T	C	71796	10824	36	5	0	40	6.96359e-05	71802	0.806162	FALSE	NA	NA	NA	NA	NA	NA
NC_045512.2	18690	T	C	70296	11227	36	8	3	37	0.00011379	70305	1	FALSE	NA	NA	NA	NA	NA	NA
NC_045512.2	18690	T	A	70296	11227	36	1	0	26	1.42237e-05	70305	1	FALSE	NA	NA	NA	NA	NA	NA
NC_045512.2	18691	T	G	70359	11467	36	3	0	31	4.26306e-05	70372	1	FALSE	NA	NA	NA	NA	NA	NA
NC_045512.2	18691	T	C	70359	11467	36	8	0	34	0.000113682	70372	1	FALSE	NA	NA	NA	NA	NA	NA
NC_045512.2	18691	T	A	70359	11467	36	2	0	30	2.84204e-05	70372	1	FALSE	NA	NA	NA	NA	NA	NA
NC_045512.2	18691	T	+C	70359	11467	36	1	0	20	1.42102e-05	70372	1	FALSE	NA	NA	NA	NA	NA	NA
NC_045512.2	18693	C	T	68729	11663	36	1	0	26	1.45491e-05	68733	1	FALSE	NA	NA	NA	NA	NA	NA
NC_045512.2	18693	C	G	68729	11663	36	3	0	34	4.36472e-05	68733	1	FALSE	NA	NA	NA	NA	NA	NA
NC_045512.2	18694	A	T	68731	11537	36	2	1	34	2.90926e-05	68746	1	FALSE	NA	NA	NA	NA	NA	NA
NC_045512.2	18694	A	G	68731	11537	36	13	3	33	0.000189102	68746	1	FALSE	NA	NA	NA	NA	NA	NA
NC_045512.2	18695	C	T	68075	11638	36	13	1	36	0.000190929	68088	1	FALSE	NA	NA	NA	NA	NA	NA
NC_045512.2	18696	T	C	67868	11725	36	6	2	31	8.83991e-05	67874	1	FALSE	NA	NA	NA	NA	NA	NA
NC_045512.2	18697	G	T	70823	11791	36	1	0	34	1.41175e-05	70834	1	FALSE	NA	NA	NA	NA	NA	NA
NC_045512.2	18697	G	C	70823	11791	36	1	1	34	1.41175e-05	70834	1	FALSE	NA	NA	NA	NA	NA	NA
NC_045512.2	18697	G	A	70823	11791	36	9	0	34	0.000127058	70834	1	FALSE	NA	NA	NA	NA	NA	NA
NC_045512.2	18698	C	T	68705	12057	36	4	1	42	5.8214e-05	68712	0.828122	FALSE	NA	NA	NA	NA	NA	NA
NC_045512.2	18698	C	G	68705	12057	36	3	1	30	4.36605e-05	68712	1	FALSE	NA	NA	NA	NA	NA	NA
NC_045512.2	18699	T	G	69275	12366	36	1	0	26	1.44336e-05	69283	1	FALSE	NA	NA	NA	NA	NA	NA
NC_045512.2	18699	T	C	69275	12366	36	7	1	38	0.000101035	69283	1	FALSE	NA	NA	NA	NA	NA	NA
NC_045512.2	18700	T	C	69374	12507	36	5	0	34	7.20638e-05	69383	1	FALSE	NA	NA	NA	NA	NA	NA
NC_045512.2	18700	T	A	69374	12507	36	4	2	40	5.7651e-05	69383	0.82811	FALSE	NA	NA	NA	NA	NA	NA
NC_045512.2	18701	C	T	69197	12478	36	7	3	34	0.000101147	69206	1	FALSE	NA	NA	NA	NA	NA	NA
NC_045512.2	18701	C	G	69197	12478	36	2	0	30	2.88992e-05	69206	1	FALSE	NA	NA	NA	NA	NA	NA
NC_045512.2	18702	A	T	69291	12473	36	2	0	34	2.88571e-05	69307	1	FALSE	NA	NA	NA	NA	NA	NA
NC_045512.2	18702	A	G	69291	12473	36	13	1	34	0.000187571	69307	1	FALSE	NA	NA	NA	NA	NA	NA
NC_045512.2	18702	A	C	69291	12473	36	1	0	26	1.44286e-05	69307	1	FALSE	NA	NA	NA	NA	NA	NA
NC_045512.2	18703	G	T	69360	12483	36	1	0	34	1.44161e-05	69367	1	FALSE	NA	NA	NA	NA	NA	NA
NC_045512.2	18703	G	C	69360	12483	36	1	0	34	1.44161e-05	69367	1	FALSE	NA	NA	NA	NA	NA	NA
NC_045512.2	18703	G	A	69360	12483	36	5	2	34	7.20804e-05	69367	1	FALSE	NA	NA	NA	NA	NA	NA
NC_045512.2	18704	A	G	70258	14045	36	6	2	39	8.53922e-05	70264	1	FALSE	NA	NA	NA	NA	NA	NA
NC_045512.2	18705	C	T	67478	14947	36	4	1	34	5.92716e-05	67486	1	FALSE	NA	NA	NA	NA	NA	NA
NC_045512.2	18705	C	G	67478	14947	36	1	0	34	1.48179e-05	67486	1	FALSE	NA	NA	NA	NA	NA	NA
NC_045512.2	18705	C	A	67478	14947	36	3	0	31	4.44537e-05	67486	1	FALSE	NA	NA	NA	NA	NA	NA
NC_045512.2	18706	A	T	67082	14309	36	1	0	24	1.49067e-05	67084	1	FALSE	NA	NA	NA	NA	NA	NA
NC_045512.2	18706	A	G	67082	14309	36	1	1	34	1.49067e-05	67084	1	FALSE	NA	NA	NA	NA	NA	NA
NC_045512.2	18707	C	T	74211	20660	37	3	0	31	4.04204e-05	74220	1	FALSE	NA	NA	NA	NA	NA	NA
NC_045512.2	18707	C	G	74211	20660	37	1	0	34	1.34735e-05	74220	1	FALSE	NA	NA	NA	NA	NA	NA
NC_045512.2	18707	C	A	74211	20660	37	5	0	34	6.73673e-05	74220	1	FALSE	NA	NA	NA	NA	NA	NA
NC_045512.2	18708	T	G	74133	20660	37	3	1	34	4.04656e-05	74137	1	FALSE	NA	NA	NA	NA	NA	NA
NC_045512.2	18708	T	A	74133	20660	37	1	0	34	1.34885e-05	74137	1	FALSE	NA	NA	NA	NA	NA	NA
NC_045512.2	18709	T	G	74312	21177	37	1	1	34	1.34541e-05	74327	1	FALSE	NA	NA	NA	NA	NA	NA
NC_045512.2	18709	T	C	74312	21177	37	11	3	33	0.000147995	74327	1	FALSE	NA	NA	NA	NA	NA	NA
NC_045512.2	18709	T	A	74312	21177	37	3	1	31	4.03622e-05	74327	1	FALSE	NA	NA	NA	NA	NA	NA
NC_045512.2	18710	A	G	74623	21214	37	3	1	45	4.02005e-05	74626	0.945321	FALSE	NA	NA	NA	NA	NA	NA
NC_045512.2	18711	T	G	73150	21245	37	1	0	34	1.367e-05	73153	1	FALSE	NA	NA	NA	NA	NA	NA
NC_045512.2	18711	T	C	73150	21245	37	2	1	34	2.734e-05	73153	1	FALSE	NA	NA	NA	NA	NA	NA
NC_045512.2	18712	G	T	73335	21393	37	2	2	34	2.72695e-05	73342	1	FALSE	NA	NA	NA	NA	NA	NA
NC_045512.2	18712	G	C	73335	21393	37	2	2	34	2.72695e-05	73342	1	FALSE	NA	NA	NA	NA	NA	NA
NC_045512.2	18712	G	A	73335	21393	37	3	3	34	4.09043e-05	73342	1	FALSE	NA	NA	NA	NA	NA	NA
NC_045512.2	18713	C	T	72408	21486	37	14	6	38	0.000193306	72424	1	FALSE	NA	NA	NA	NA	NA	NA
NC_045512.2	18713	C	G	72408	21486	37	1	0	34	1.38076e-05	72424	1	FALSE	NA	NA	NA	NA	NA	NA
NC_045512.2	18713	C	A	72408	21486	37	1	0	34	1.38076e-05	72424	1	FALSE	NA	NA	NA	NA	NA	NA
NC_045512.2	18714	C	T	71570	22629	37	2	1	51	2.79439e-05	71572	0.250002	FALSE	NA	NA	NA	NA	NA	NA
NC_045512.2	18714	C	-T	71570	22629	37	2	0	20	2.79439e-05	71572	1	FALSE	NA	NA	NA	NA	NA	NA
NC_045512.2	18715	T	G	70518	21806	37	6	0	34	8.50581e-05	70540	1	FALSE	NA	NA	NA	NA	NA	NA
NC_045512.2	18715	T	C	70518	21806	37	14	5	35	0.000198469	70540	1	FALSE	NA	NA	NA	NA	NA	NA
NC_045512.2	18715	T	A	70518	21806	37	2	0	34	2.83527e-05	70540	1	FALSE	NA	NA	NA	NA	NA	NA
NC_045512.2	18716	G	T	70599	21440	37	1	1	26	1.41633e-05	70605	1	FALSE	NA	NA	NA	NA	NA	NA
NC_045512.2	18716	G	A	70599	21440	37	5	4	34	7.08165e-05	70605	1	FALSE	NA	NA	NA	NA	NA	NA
NC_045512.2	18716	G	-T	70599	21440	37	1	0	20	1.41633e-05	70605	1	FALSE	NA	NA	NA	NA	NA	NA
NC_045512.2	18717	T	C	69103	19959	36	2	2	34	2.89406e-05	69107	1	FALSE	NA	NA	NA	NA	NA	NA
NC_045512.2	18717	T	A	69103	19959	36	2	0	30	2.89406e-05	69107	1	FALSE	NA	NA	NA	NA	NA	NA
NC_045512.2	18718	T	G	70717	21614	37	2	0	30	2.82773e-05	70728	1	FALSE	NA	NA	NA	NA	NA	NA
NC_045512.2	18718	T	C	70717	21614	37	7	1	44	9.89707e-05	70728	0.60471	FALSE	NA	NA	NA	NA	NA	NA
NC_045512.2	18718	T	A	70717	21614	37	2	0	34	2.82773e-05	70728	1	FALSE	NA	NA	NA	NA	NA	NA
NC_045512.2	18719	G	T	70783	21499	37	1	0	34	1.41265e-05	70789	1	FALSE	NA	NA	NA	NA	NA	NA
NC_045512.2	18719	G	C	70783	21499	37	2	0	30	2.8253e-05	70789	1	FALSE	NA	NA	NA	NA	NA	NA
NC_045512.2	18719	G	A	70783	21499	37	3	0	34	4.23795e-05	70789	1	FALSE	NA	NA	NA	NA	NA	NA
NC_045512.2	18720	G	T	70995	22545	37	1	0	68	1.40819e-05	71013	0.499944	FALSE	NA	NA	NA	NA	NA	NA
NC_045512.2	18720	G	C	70995	22545	37	1	1	27	1.40819e-05	71013	1	FALSE	NA	NA	NA	NA	NA	NA
NC_045512.2	18720	G	A	70995	22545	37	16	5	34	0.000225311	71013	1	FALSE	NA	NA	NA	NA	NA	NA
NC_045512.2	18721	C	T	70013	22851	37	15	7	43	0.0002142	70028	0.0668894	FALSE	NA	NA	NA	NA	NA	NA
NC_045512.2	18722	A	G	70075	23049	37	9	2	36	0.000128417	70084	1	FALSE	NA	NA	NA	NA	NA	NA
NC_045512.2	18723	T	G	69374	23224	37	8	0	33	0.00011528	69396	1	FALSE	NA	NA	NA	NA	NA	NA
NC_045512.2	18723	T	C	69374	23224	37	13	6	38	0.000187331	69396	1	FALSE	NA	NA	NA	NA	NA	NA
NC_045512.2	18723	T	A	69374	23224	37	1	0	26	1.44101e-05	69396	1	FALSE	NA	NA	NA	NA	NA	NA
NC_045512.2	18724	C	T	70842	25877	38	1	0	34	1.41149e-05	70847	1	FALSE	NA	NA	NA	NA	NA	NA
NC_045512.2	18724	C	G	70842	25877	38	4	4	40	5.64597e-05	70847	0.886728	FALSE	NA	NA	NA	NA	NA	NA
NC_045512.2	18725	A	G	71357	26169	37	3	1	34	4.20392e-05	71362	1	FALSE	NA	NA	NA	NA	NA	NA
NC_045512.2	18725	A	C	71357	26169	37	2	2	30	2.80261e-05	71362	1	FALSE	NA	NA	NA	NA	NA	NA
NC_045512.2	18726	T	C	72407	26400	38	9	4	40	0.00012428	72417	0.401804	FALSE	NA	NA	NA	NA	NA	NA
NC_045512.2	18726	T	A	72407	26400	38	1	1	34	1.38089e-05	72417	1	FALSE	NA	NA	NA	NA	NA	NA
NC_045512.2	18727	T	C	72266	26188	37	4	2	40	5.5348e-05	72270	0.886732	FALSE	NA	NA	NA	NA	NA	NA
NC_045512.2	18728	C	T	72379	26414	38	1	0	34	1.38148e-05	72386	1	FALSE	NA	NA	NA	NA	NA	NA
NC_045512.2	18728	C	G	72379	26414	38	6	2	32	8.2889e-05	72386	1	FALSE	NA	NA	NA	NA	NA	NA
NC_045512.2	18729	T	C	72231	26399	38	1	1	34	1.38433e-05	72237	1	FALSE	NA	NA	NA	NA	NA	NA
NC_045512.2	18729	T	A	72231	26399	38	5	2	32	6.92166e-05	72237	1	FALSE	NA	NA	NA	NA	NA	NA
NC_045512.2	18730	A	T	72733	27119	38	1	0	34	1.3748e-05	72738	1	FALSE	NA	NA	NA	NA	NA	NA
NC_045512.2	18730	A	G	72733	27119	38	4	1	32	5.49919e-05	72738	1	FALSE	NA	NA	NA	NA	NA	NA
NC_045512.2	18730	A	-T	72733	27119	38	1	0	20	1.3748e-05	72738	1	FALSE	NA	NA	NA	NA	NA	NA
NC_045512.2	18731	T	C	72872	27050	38	3	1	31	4.11658e-05	72876	1	FALSE	NA	NA	NA	NA	NA	NA
NC_045512.2	18731	T	A	72872	27050	38	1	0	34	1.37219e-05	72876	1	FALSE	NA	NA	NA	NA	NA	NA
NC_045512.2	18732	T	C	72719	27014	38	6	2	38	8.25014e-05	72726	1	FALSE	NA	NA	NA	NA	NA	NA
NC_045512.2	18732	T	A	72719	27014	38	1	0	34	1.37502e-05	72726	1	FALSE	NA	NA	NA	NA	NA	NA
NC_045512.2	18732	T	-G	72719	27014	38	1	0	20	1.37502e-05	72726	1	FALSE	NA	NA	NA	NA	NA	NA
NC_045512.2	18733	G	T	73178	26943	38	4	4	34	5.46582e-05	73182	1	FALSE	NA	NA	NA	NA	NA	NA
NC_045512.2	18734	G	C	72668	26434	38	1	1	34	1.37608e-05	72670	1	FALSE	NA	NA	NA	NA	NA	NA
NC_045512.2	18734	G	A	72668	26434	38	1	1	34	1.37608e-05	72670	1	FALSE	NA	NA	NA	NA	NA	NA
NC_045512.2	18735	A	G	74464	29069	38	7	2	34	9.39951e-05	74472	1	FALSE	NA	NA	NA	NA	NA	NA
NC_045512.2	18735	A	C	74464	29069	38	1	1	34	1.34279e-05	74472	1	FALSE	NA	NA	NA	NA	NA	NA
NC_045512.2	18736	T	C	74480	29124	38	3	1	38	4.02776e-05	74483	1	FALSE	NA	NA	NA	NA	NA	NA
NC_045512.2	18737	T	C	73809	28593	38	6	3	38	8.12832e-05	73816	1	FALSE	NA	NA	NA	NA	NA	NA
NC_045512.2	18737	T	A	73809	28593	38	1	0	34	1.35472e-05	73816	1	FALSE	NA	NA	NA	NA	NA	NA
NC_045512.2	18738	T	G	74067	28933	38	4	0	32	5.39979e-05	74077	1	FALSE	NA	NA	NA	NA	NA	NA
NC_045512.2	18738	T	C	74067	28933	38	5	2	40	6.74973e-05	74077	0.806136	FALSE	NA	NA	NA	NA	NA	NA
NC_045512.2	18738	T	A	74067	28933	38	1	0	34	1.34995e-05	74077	1	FALSE	NA	NA	NA	NA	NA	NA
NC_045512.2	18739	G	T	74160	29056	38	1	0	34	1.34836e-05	74164	1	FALSE	NA	NA	NA	NA	NA	NA
NC_045512.2	18739	G	A	74160	29056	38	3	0	34	4.04509e-05	74164	1	FALSE	NA	NA	NA	NA	NA	NA
NC_045512.2	18740	A	T	72921	29739	38	1	0	34	1.37122e-05	72928	1	FALSE	NA	NA	NA	NA	NA	NA
NC_045512.2	18740	A	G	72921	29739	38	6	1	32	8.22729e-05	72928	1	FALSE	NA	NA	NA	NA	NA	NA
NC_045512.2	18740	A	-T	72921	29739	38	1	0	20	1.37122e-05	72928	1	FALSE	NA	NA	NA	NA	NA	NA
NC_045512.2	18741	T	C	74189	31532	38	7	2	31	9.43434e-05	74197	1	FALSE	NA	NA	NA	NA	NA	NA
NC_045512.2	18741	T	A	74189	31532	38	1	1	34	1.34776e-05	74197	1	FALSE	NA	NA	NA	NA	NA	NA
NC_045512.2	18742	T	C	73828	31650	38	9	5	37	0.00012189	73837	1	FALSE	NA	NA	NA	NA	NA	NA
NC_045512.2	18743	A	G	73882	31502	38	19	9	46	0.000257101	73901	0.014474	FALSE	NA	NA	NA	NA	NA	NA
NC_045512.2	18744	C	T	73584	32079	38	8	6	32	0.000108705	73594	1	FALSE	NA	NA	NA	NA	NA	NA
NC_045512.2	18744	C	A	73584	32079	38	2	2	34	2.71761e-05	73594	1	FALSE	NA	NA	NA	NA	NA	NA
NC_045512.2	18745	G	C	73868	32108	38	1	1	34	1.35366e-05	73874	1	FALSE	NA	NA	NA	NA	NA	NA
NC_045512.2	18745	G	A	73868	32108	38	5	0	34	6.76828e-05	73874	1	FALSE	NA	NA	NA	NA	NA	NA
NC_045512.2	18746	T	C	76408	33739	38	14	4	36	0.000183189	76424	1	FALSE	NA	NA	NA	NA	NA	NA
NC_045512.2	18746	T	A	76408	33739	38	2	2	34	2.61698e-05	76424	1	FALSE	NA	NA	NA	NA	NA	NA
NC_045512.2	18747	C	T	76816	34120	38	2	1	34	2.60345e-05	76821	1	FALSE	NA	NA	NA	NA	NA	NA
NC_045512.2	18747	C	G	76816	34120	38	3	0	31	3.90518e-05	76821	1	FALSE	NA	NA	NA	NA	NA	NA
NC_045512.2	18748	T	C	74850	32154	38	18	10	41	0.000240414	74871	0.0216306	FALSE	NA	NA	NA	NA	NA	NA
NC_045512.2	18748	T	A	74850	32154	38	3	3	28	4.00689e-05	74871	1	FALSE	NA	NA	NA	NA	NA	NA
NC_045512.2	18749	A	T	77793	35636	39	1	0	26	1.2852e-05	77809	1	FALSE	NA	NA	NA	NA	NA	NA
NC_045512.2	18749	A	G	77793	35636	39	13	7	48	0.000167076	77809	0.13156	FALSE	NA	NA	NA	NA	NA	NA
NC_045512.2	18749	A	C	77793	35636	39	2	1	34	2.5704e-05	77809	1	FALSE	NA	NA	NA	NA	NA	NA
NC_045512.2	18750	T	C	75116	36067	38	12	3	58	0.000159727	75128	0.000244053	TRUE	NA	NA	NA	NA	NA	NA
NC_045512.2	18750	T	-A	75116	36067	38	3	0	20	3.99318e-05	75128	1	FALSE	NA	NA	NA	NA	NA	NA
NC_045512.2	18751	A	T	75031	36253	38	1	1	24	1.33271e-05	75035	1	FALSE	NA	NA	NA	NA	NA	NA
NC_045512.2	18751	A	G	75031	36253	38	3	1	56	3.99813e-05	75035	0.12499	FALSE	NA	NA	NA	NA	NA	NA
NC_045512.2	18752	A	T	74761	36493	38	2	1	24	2.67498e-05	74767	1	FALSE	NA	NA	NA	NA	NA	NA
NC_045512.2	18752	A	G	74761	36493	38	4	2	38	5.34995e-05	74767	1	FALSE	NA	NA	NA	NA	NA	NA
NC_045512.2	18753	T	G	74072	35857	38	2	1	30	2.69982e-05	74079	1	FALSE	NA	NA	NA	NA	NA	NA
NC_045512.2	18753	T	C	74072	35857	38	5	2	47	6.74955e-05	74079	0.806156	FALSE	NA	NA	NA	NA	NA	NA
NC_045512.2	18754	C	G	73396	37214	38	1	0	26	1.36243e-05	73398	1	FALSE	NA	NA	NA	NA	NA	NA
NC_045512.2	18754	C	A	73396	37214	38	1	0	34	1.36243e-05	73398	1	FALSE	NA	NA	NA	NA	NA	NA
NC_045512.2	18755	C	T	72725	36172	38	2	2	34	2.74997e-05	72728	1	FALSE	NA	NA	NA	NA	NA	NA
NC_045512.2	18755	C	G	72725	36172	38	1	0	34	1.37499e-05	72728	1	FALSE	NA	NA	NA	NA	NA	NA
NC_045512.2	18756	G	A	73454	35891	38	9	4	33	0.000122511	73463	1	FALSE	NA	NA	NA	NA	NA	NA
NC_045512.2	18756	G	-T	73454	35891	38	2	0	20	2.72246e-05	73463	1	FALSE	NA	NA	NA	NA	NA	NA
NC_045512.2	18757	T	C	61239	28535	36	6	1	39	9.79672e-05	61245	1	FALSE	NA	NA	NA	NA	NA	NA
NC_045512.2	18758	T	C	69550	36971	38	5	2	36	7.18835e-05	69557	1	FALSE	NA	NA	NA	NA	NA	NA
NC_045512.2	18758	T	A	69550	36971	38	2	1	40	2.87534e-05	69557	0.964841	FALSE	NA	NA	NA	NA	NA	NA
NC_045512.2	18759	T	C	69253	37837	38	6	4	39	8.66313e-05	69259	1	FALSE	NA	NA	NA	NA	NA	NA
NC_045512.2	18760	A	G	67204	38532	38	3	2	45	4.46382e-05	67207	0.910167	FALSE	NA	NA	NA	NA	NA	NA
NC_045512.2	18761	T	G	67273	38492	38	2	0	34	2.97278e-05	67277	1	FALSE	NA	NA	NA	NA	NA	NA
NC_045512.2	18761	T	C	67273	38492	38	2	1	51	2.97278e-05	67277	0.249994	FALSE	NA	NA	NA	NA	NA	NA
NC_045512.2	18762	G	T	67123	38392	38	1	1	34	1.48974e-05	67126	1	FALSE	NA	NA	NA	NA	NA	NA
NC_045512.2	18762	G	C	67123	38392	38	1	1	26	1.48974e-05	67126	1	FALSE	NA	NA	NA	NA	NA	NA
NC_045512.2	18762	G	A	67123	38392	38	1	1	34	1.48974e-05	67126	1	FALSE	NA	NA	NA	NA	NA	NA
NC_045512.2	18763	A	T	66214	38583	37	3	1	34	4.53015e-05	66223	1	FALSE	NA	NA	NA	NA	NA	NA
NC_045512.2	18763	A	G	66214	38583	37	6	3	32	9.0603e-05	66223	1	FALSE	NA	NA	NA	NA	NA	NA
NC_045512.2	18764	T	C	65614	37795	37	5	5	50	7.61928e-05	65623	0.031244	FALSE	NA	NA	NA	NA	NA	NA
NC_045512.2	18764	T	A	65614	37795	37	4	4	34	6.09542e-05	65623	1	FALSE	NA	NA	NA	NA	NA	NA
NC_045512.2	18765	T	G	65199	38205	37	1	1	34	1.53341e-05	65214	1	FALSE	NA	NA	NA	NA	NA	NA
NC_045512.2	18765	T	C	65199	38205	37	8	5	33	0.000122673	65214	1	FALSE	NA	NA	NA	NA	NA	NA
NC_045512.2	18765	T	A	65199	38205	37	6	4	31	9.20048e-05	65214	1	FALSE	NA	NA	NA	NA	NA	NA
NC_045512.2	18766	G	T	65174	38210	37	1	1	26	1.53428e-05	65177	1	FALSE	NA	NA	NA	NA	NA	NA
NC_045512.2	18766	G	C	65174	38210	37	1	1	34	1.53428e-05	65177	1	FALSE	NA	NA	NA	NA	NA	NA
NC_045512.2	18766	G	A	65174	38210	37	1	1	68	1.53428e-05	65177	0.499996	FALSE	NA	NA	NA	NA	NA	NA
NC_045512.2	18767	A	T	64994	38573	37	2	0	34	3.07669e-05	65005	1	FALSE	NA	NA	NA	NA	NA	NA
NC_045512.2	18767	A	G	64994	38573	37	8	4	32	0.000123067	65005	1	FALSE	NA	NA	NA	NA	NA	NA
NC_045512.2	18767	A	C	64994	38573	37	1	0	26	1.53834e-05	65005	1	FALSE	NA	NA	NA	NA	NA	NA
NC_045512.2	18768	T	C	64995	38550	37	6	5	34	9.23049e-05	65002	1	FALSE	NA	NA	NA	NA	NA	NA
NC_045512.2	18768	T	A	64995	38550	37	1	0	34	1.53841e-05	65002	1	FALSE	NA	NA	NA	NA	NA	NA
NC_045512.2	18769	G	T	62718	39161	37	1	1	34	1.59424e-05	62726	1	FALSE	NA	NA	NA	NA	NA	NA
NC_045512.2	18769	G	C	62718	39161	37	1	1	34	1.59424e-05	62726	1	FALSE	NA	NA	NA	NA	NA	NA
NC_045512.2	18769	G	A	62718	39161	37	6	2	34	9.56541e-05	62726	1	FALSE	NA	NA	NA	NA	NA	NA
NC_045512.2	18770	T	C	63986	41348	37	10	8	30	0.00015626	63996	1	FALSE	NA	NA	NA	NA	NA	NA
NC_045512.2	18771	T	C	63746	41142	37	10	4	37	0.000156848	63756	1	FALSE	NA	NA	NA	NA	NA	NA
NC_045512.2	18772	C	G	64004	41245	37	1	0	34	1.56226e-05	64010	1	FALSE	NA	NA	NA	NA	NA	NA
NC_045512.2	18772	C	A	64004	41245	37	5	4	40	7.81128e-05	64010	0.725595	FALSE	NA	NA	NA	NA	NA	NA
NC_045512.2	18773	A	G	68286	46347	37	7	4	34	0.000102497	68295	1	FALSE	NA	NA	NA	NA	NA	NA
NC_045512.2	18773	A	C	68286	46347	37	2	2	30	2.92847e-05	68295	1	FALSE	NA	NA	NA	NA	NA	NA
NC_045512.2	18774	A	G	67115	46681	36	8	4	36	0.000119184	67123	1	FALSE	NA	NA	NA	NA	NA	NA
NC_045512.2	18774	A	-C	67115	46681	36	1	0	20	1.4898e-05	67123	1	FALSE	NA	NA	NA	NA	NA	NA
NC_045512.2	18775	C	T	69379	47265	37	1	1	26	1.44134e-05	69380	1	FALSE	NA	NA	NA	NA	NA	NA
NC_045512.2	18776	A	G	67721	45842	37	8	5	42	0.000118118	67729	0.395269	FALSE	NA	NA	NA	NA	NA	NA
NC_045512.2	18777	A	T	67602	46461	37	5	4	32	7.39503e-05	67613	1	FALSE	NA	NA	NA	NA	NA	NA
NC_045512.2	18777	A	G	67602	46461	37	4	3	40	5.91602e-05	67613	0.828098	FALSE	NA	NA	NA	NA	NA	NA
NC_045512.2	18777	A	C	67602	46461	37	2	2	34	2.95801e-05	67613	1	FALSE	NA	NA	NA	NA	NA	NA
NC_045512.2	18777	A	+C	67602	46461	37	1	0	20	1.47901e-05	67613	1	FALSE	NA	NA	NA	NA	NA	NA
NC_045512.2	18778	T	G	67507	46347	37	4	1	34	5.92417e-05	67520	1	FALSE	NA	NA	NA	NA	NA	NA
NC_045512.2	18778	T	C	67507	46347	37	8	7	38	0.000118483	67520	1	FALSE	NA	NA	NA	NA	NA	NA
NC_045512.2	18778	T	A	67507	46347	37	1	1	34	1.48104e-05	67520	1	FALSE	NA	NA	NA	NA	NA	NA
NC_045512.2	18778	T	-G	67507	46347	37	1	0	20	1.48104e-05	67520	1	FALSE	NA	NA	NA	NA	NA	NA
NC_045512.2	18778	T	+G	67507	46347	37	2	0	20	2.96209e-05	67520	1	FALSE	NA	NA	NA	NA	NA	NA
NC_045512.2	18779	G	T	67327	46309	37	2	2	30	2.97027e-05	67334	1	FALSE	NA	NA	NA	NA	NA	NA
NC_045512.2	18779	G	C	67327	46309	37	1	1	34	1.48513e-05	67334	1	FALSE	NA	NA	NA	NA	NA	NA
NC_045512.2	18779	G	A	67327	46309	37	4	2	32	5.94054e-05	67334	1	FALSE	NA	NA	NA	NA	NA	NA
NC_045512.2	18780	G	T	67322	46441	37	5	4	32	7.42611e-05	67330	1	FALSE	NA	NA	NA	NA	NA	NA
NC_045512.2	18780	G	C	67322	46441	37	1	1	26	1.48522e-05	67330	1	FALSE	NA	NA	NA	NA	NA	NA
NC_045512.2	18780	G	A	67322	46441	37	2	1	30	2.97044e-05	67330	1	FALSE	NA	NA	NA	NA	NA	NA
NC_045512.2	18781	G	T	66956	46276	37	4	4	34	5.97345e-05	66963	1	FALSE	NA	NA	NA	NA	NA	NA
NC_045512.2	18781	G	C	66956	46276	37	1	1	34	1.49336e-05	66963	1	FALSE	NA	NA	NA	NA	NA	NA
NC_045512.2	18781	G	A	66956	46276	37	2	1	51	2.98672e-05	66963	0.249983	FALSE	NA	NA	NA	NA	NA	NA
NC_045512.2	18782	G	C	74027	53728	37	1	1	34	1.3508e-05	74030	1	FALSE	NA	NA	NA	NA	NA	NA
NC_045512.2	18782	G	A	74027	53728	37	2	1	34	2.70161e-05	74030	1	FALSE	NA	NA	NA	NA	NA	NA
NC_045512.2	18782	G	-T	74027	53728	37	2	0	20	2.70161e-05	74030	1	FALSE	NA	NA	NA	NA	NA	NA
NC_045512.2	18783	T	G	75686	55758	37	2	1	34	2.64229e-05	75692	1	FALSE	NA	NA	NA	NA	NA	NA
NC_045512.2	18783	T	C	75686	55758	37	4	2	42	5.28457e-05	75692	0.88671	FALSE	NA	NA	NA	NA	NA	NA
NC_045512.2	18784	T	G	74364	54397	37	3	3	31	4.03399e-05	74368	1	FALSE	NA	NA	NA	NA	NA	NA
NC_045512.2	18784	T	C	74364	54397	37	1	0	24	1.34466e-05	74368	1	FALSE	NA	NA	NA	NA	NA	NA
NC_045512.2	18785	T	G	75680	55854	37	3	1	34	3.96354e-05	75690	1	FALSE	NA	NA	NA	NA	NA	NA
NC_045512.2	18785	T	C	75680	55854	37	5	4	47	6.60589e-05	75690	0.806136	FALSE	NA	NA	NA	NA	NA	NA
NC_045512.2	18785	T	A	75680	55854	37	2	2	30	2.64236e-05	75690	1	FALSE	NA	NA	NA	NA	NA	NA
NC_045512.2	18786	T	G	75421	55956	37	2	0	26	2.65132e-05	75434	1	FALSE	NA	NA	NA	NA	NA	NA
NC_045512.2	18786	T	C	75421	55956	37	11	9	37	0.000145823	75434	1	FALSE	NA	NA	NA	NA	NA	NA
NC_045512.2	18787	A	G	75198	55955	37	2	2	34	2.65957e-05	75200	1	FALSE	NA	NA	NA	NA	NA	NA
NC_045512.2	18788	C	T	74193	56412	37	4	2	42	5.39105e-05	74197	0.886732	FALSE	NA	NA	NA	NA	NA	NA
NC_045512.2	18789	A	T	73363	55582	37	11	7	34	0.000149852	73406	1	FALSE	NA	NA	NA	NA	NA	NA
NC_045512.2	18789	A	G	73363	55582	37	27	15	36	0.000367817	73406	0.999999	FALSE	NA	NA	NA	NA	NA	NA
NC_045512.2	18789	A	C	73363	55582	37	5	2	52	6.81143e-05	73406	0.0312085	FALSE	NA	NA	NA	NA	NA	NA
NC_045512.2	18790	G	T	73528	55544	37	2	0	34	2.71987e-05	73533	1	FALSE	NA	NA	NA	NA	NA	NA
NC_045512.2	18790	G	C	73528	55544	37	1	1	34	1.35993e-05	73533	1	FALSE	NA	NA	NA	NA	NA	NA
NC_045512.2	18790	G	A	73528	55544	37	2	2	34	2.71987e-05	73533	1	FALSE	NA	NA	NA	NA	NA	NA
NC_045512.2	18791	G	T	73579	55715	37	1	1	34	1.35894e-05	73587	1	FALSE	NA	NA	NA	NA	NA	NA
NC_045512.2	18791	G	C	73579	55715	37	1	1	26	1.35894e-05	73587	1	FALSE	NA	NA	NA	NA	NA	NA
NC_045512.2	18791	G	A	73579	55715	37	6	6	34	8.15361e-05	73587	1	FALSE	NA	NA	NA	NA	NA	NA
NC_045512.2	18791	G	-T	73579	55715	37	1	0	20	1.35894e-05	73587	1	FALSE	NA	NA	NA	NA	NA	NA
NC_045512.2	18792	T	G	76771	59373	37	1	1	26	1.30242e-05	76780	1	FALSE	NA	NA	NA	NA	NA	NA
NC_045512.2	18792	T	C	76771	59373	37	7	6	42	9.11696e-05	76780	0.604722	FALSE	NA	NA	NA	NA	NA	NA
NC_045512.2	18792	T	A	76771	59373	37	1	1	26	1.30242e-05	76780	1	FALSE	NA	NA	NA	NA	NA	NA
NC_045512.2	18792	T	-A	76771	59373	37	1	0	20	1.30241e-05	76781	1	FALSE	NA	NA	NA	NA	NA	NA
NC_045512.2	18793	A	G	77191	59815	37	4	2	31	5.18148e-05	77198	1	FALSE	NA	NA	NA	NA	NA	NA
NC_045512.2	18793	A	C	77191	59815	37	3	3	34	3.88611e-05	77198	1	FALSE	NA	NA	NA	NA	NA	NA
NC_045512.2	18794	A	T	77813	60428	37	2	1	34	2.56993e-05	77823	1	FALSE	NA	NA	NA	NA	NA	NA
NC_045512.2	18794	A	G	77813	60428	37	4	2	32	5.13987e-05	77823	1	FALSE	NA	NA	NA	NA	NA	NA
NC_045512.2	18794	A	C	77813	60428	37	4	4	30	5.13987e-05	77823	1	FALSE	NA	NA	NA	NA	NA	NA
NC_045512.2	18795	C	T	78485	60475	37	10	10	34	0.000127395	78496	1	FALSE	NA	NA	NA	NA	NA	NA
NC_045512.2	18795	C	A	78485	60475	37	1	0	34	1.27395e-05	78496	1	FALSE	NA	NA	NA	NA	NA	NA
NC_045512.2	18796	C	T	77366	61433	37	2	1	51	2.58495e-05	77371	0.249992	FALSE	NA	NA	NA	NA	NA	NA
NC_045512.2	18796	C	A	77366	61433	37	3	2	34	3.87742e-05	77371	1	FALSE	NA	NA	NA	NA	NA	NA
NC_045512.2	18797	T	G	76501	60597	37	1	1	34	1.30666e-05	76531	1	FALSE	NA	NA	NA	NA	NA	NA
NC_045512.2	18797	T	C	76501	60597	37	29	27	35	0.000378931	76531	0.999999	FALSE	NA	NA	NA	NA	NA	NA
NC_045512.2	18798	A	T	76406	60423	37	1	1	34	1.30866e-05	76414	1	FALSE	NA	NA	NA	NA	NA	NA
NC_045512.2	18798	A	G	76406	60423	37	4	1	34	5.23464e-05	76414	1	FALSE	NA	NA	NA	NA	NA	NA
NC_045512.2	18798	A	C	76406	60423	37	3	2	31	3.92598e-05	76414	1	FALSE	NA	NA	NA	NA	NA	NA
NC_045512.2	18799	C	T	76960	61594	37	7	7	34	9.09469e-05	76968	1	FALSE	NA	NA	NA	NA	NA	NA
NC_045512.2	18799	C	A	76960	61594	37	1	0	26	1.29924e-05	76968	1	FALSE	NA	NA	NA	NA	NA	NA
NC_045512.2	18800	A	T	76359	60974	37	3	3	34	3.92824e-05	76370	1	FALSE	NA	NA	NA	NA	NA	NA
NC_045512.2	18800	A	G	76359	60974	37	8	7	32	0.000104753	76370	1	FALSE	NA	NA	NA	NA	NA	NA
NC_045512.2	18801	A	T	77930	62500	37	4	4	34	5.13209e-05	77941	1	FALSE	NA	NA	NA	NA	NA	NA
NC_045512.2	18801	A	G	77930	62500	37	5	4	32	6.41511e-05	77941	1	FALSE	NA	NA	NA	NA	NA	NA
NC_045512.2	18801	A	C	77930	62500	37	2	1	34	2.56604e-05	77941	1	FALSE	NA	NA	NA	NA	NA	NA
NC_045512.2	18802	A	T	77383	62322	36	3	3	28	3.87577e-05	77404	1	FALSE	NA	NA	NA	NA	NA	NA
NC_045512.2	18802	A	G	77383	62322	36	7	5	32	9.04346e-05	77404	1	FALSE	NA	NA	NA	NA	NA	NA
NC_045512.2	18802	A	C	77383	62322	36	11	10	31	0.000142112	77404	1	FALSE	NA	NA	NA	NA	NA	NA
NC_045512.2	18803	G	A	77629	62319	37	3	2	45	3.86439e-05	77632	0.94532	FALSE	NA	NA	NA	NA	NA	NA
NC_045512.2	18804	C	T	76650	61476	37	6	6	32	7.82707e-05	76657	1	FALSE	NA	NA	NA	NA	NA	NA
NC_045512.2	18804	C	G	76650	61476	37	1	0	26	1.30451e-05	76657	1	FALSE	NA	NA	NA	NA	NA	NA
NC_045512.2	18805	A	G	77009	61932	37	7	7	43	9.0889e-05	77017	0.604741	FALSE	NA	NA	NA	NA	NA	NA
NC_045512.2	18805	A	C	77009	61932	37	1	1	34	1.29841e-05	77017	1	FALSE	NA	NA	NA	NA	NA	NA
NC_045512.2	18806	A	T	76592	62703	36	3	3	31	3.91635e-05	76602	1	FALSE	NA	NA	NA	NA	NA	NA
NC_045512.2	18806	A	G	76592	62703	36	7	5	34	9.13814e-05	76602	1	FALSE	NA	NA	NA	NA	NA	NA
NC_045512.2	18807	C	T	75413	63222	36	1	0	34	1.32601e-05	75414	1	FALSE	NA	NA	NA	NA	NA	NA
NC_045512.2	18808	C	T	67702	55597	36	4	0	51	5.9079e-05	67706	0.0624991	FALSE	NA	NA	NA	NA	NA	NA
NC_045512.2	18809	A	T	67480	55371	36	1	1	34	1.48172e-05	67489	1	FALSE	NA	NA	NA	NA	NA	NA
NC_045512.2	18809	A	G	67480	55371	36	2	2	34	2.96345e-05	67489	1	FALSE	NA	NA	NA	NA	NA	NA
NC_045512.2	18809	A	C	67480	55371	36	6	6	34	8.89034e-05	67489	1	FALSE	NA	NA	NA	NA	NA	NA
NC_045512.2	18810	T	G	67282	55163	36	1	1	26	1.48615e-05	67288	1	FALSE	NA	NA	NA	NA	NA	NA
NC_045512.2	18810	T	C	67282	55163	36	5	5	34	7.43075e-05	67288	1	FALSE	NA	NA	NA	NA	NA	NA
NC_045512.2	18811	G	T	67592	55095	36	1	1	34	1.4794e-05	67595	1	FALSE	NA	NA	NA	NA	NA	NA
NC_045512.2	18811	G	C	67592	55095	36	1	1	34	1.4794e-05	67595	1	FALSE	NA	NA	NA	NA	NA	NA
NC_045512.2	18811	G	A	67592	55095	36	1	0	26	1.4794e-05	67595	1	FALSE	NA	NA	NA	NA	NA	NA
NC_045512.2	18812	A	T	68232	56322	36	1	0	26	1.46539e-05	68241	1	FALSE	NA	NA	NA	NA	NA	NA
NC_045512.2	18812	A	G	68232	56322	36	6	5	37	8.79237e-05	68241	1	FALSE	NA	NA	NA	NA	NA	NA
NC_045512.2	18812	A	C	68232	56322	36	2	2	30	2.93079e-05	68241	1	FALSE	NA	NA	NA	NA	NA	NA
NC_045512.2	18813	T	G	69765	57568	36	2	2	30	2.8664e-05	69774	1	FALSE	NA	NA	NA	NA	NA	NA
NC_045512.2	18813	T	C	69765	57568	36	5	5	34	7.16599e-05	69774	1	FALSE	NA	NA	NA	NA	NA	NA
NC_045512.2	18813	T	A	69765	57568	36	2	2	30	2.8664e-05	69774	1	FALSE	NA	NA	NA	NA	NA	NA
NC_045512.2	18814	C	T	69593	57661	36	6	5	37	8.62081e-05	69599	1	FALSE	NA	NA	NA	NA	NA	NA
NC_045512.2	18815	T	C	68093	56184	36	7	5	38	0.00010279	68100	1	FALSE	NA	NA	NA	NA	NA	NA
NC_045512.2	18816	G	T	69216	56281	36	2	2	34	2.88925e-05	69222	1	FALSE	NA	NA	NA	NA	NA	NA
NC_045512.2	18816	G	A	69216	56281	36	4	2	59	5.77851e-05	69222	0.0624955	FALSE	NA	NA	NA	NA	NA	NA
NC_045512.2	18817	T	C	69869	57054	36	14	13	36	0.000200335	69883	1	FALSE	NA	NA	NA	NA	NA	NA
NC_045512.2	18818	A	G	71205	58432	36	6	5	31	8.42566e-05	71211	1	FALSE	NA	NA	NA	NA	NA	NA
NC_045512.2	18819	T	G	71231	58425	36	3	0	31	4.21135e-05	71236	1	FALSE	NA	NA	NA	NA	NA	NA
NC_045512.2	18819	T	C	71231	58425	36	2	2	34	2.80757e-05	71236	1	FALSE	NA	NA	NA	NA	NA	NA
NC_045512.2	18820	T	C	70039	57347	36	5	5	30	7.13837e-05	70044	1	FALSE	NA	NA	NA	NA	NA	NA
NC_045512.2	18821	G	T	70357	57668	36	3	3	34	4.26354e-05	70364	1	FALSE	NA	NA	NA	NA	NA	NA
NC_045512.2	18821	G	A	70357	57668	36	4	4	32	5.68473e-05	70364	1	FALSE	NA	NA	NA	NA	NA	NA
NC_045512.2	18822	T	C	73154	60835	36	9	7	37	0.000123011	73164	1	FALSE	NA	NA	NA	NA	NA	NA
NC_045512.2	18822	T	A	73154	60835	36	1	1	34	1.36679e-05	73164	1	FALSE	NA	NA	NA	NA	NA	NA
NC_045512.2	18823	C	T	73096	60885	36	15	15	38	0.000205159	73114	1	FALSE	NA	NA	NA	NA	NA	NA
NC_045512.2	18823	C	G	73096	60885	36	3	0	31	4.10318e-05	73114	1	FALSE	NA	NA	NA	NA	NA	NA
NC_045512.2	18824	A	T	73099	60862	36	1	1	26	1.36773e-05	73114	1	FALSE	NA	NA	NA	NA	NA	NA
NC_045512.2	18824	A	G	73099	60862	36	13	13	34	0.000177805	73114	1	FALSE	NA	NA	NA	NA	NA	NA
NC_045512.2	18824	A	C	73099	60862	36	1	1	34	1.36773e-05	73114	1	FALSE	NA	NA	NA	NA	NA	NA
NC_045512.2	18825	A	G	68632	57265	36	8	0	35	0.000116545	68643	1	FALSE	NA	NA	NA	NA	NA	NA
NC_045512.2	18825	A	C	68632	57265	36	3	3	31	4.37044e-05	68643	1	FALSE	NA	NA	NA	NA	NA	NA
NC_045512.2	18826	G	T	69505	57592	36	3	3	34	4.31605e-05	69508	1	FALSE	NA	NA	NA	NA	NA	NA
NC_045512.2	18827	T	C	78288	67261	37	7	7	30	8.94055e-05	78295	1	FALSE	NA	NA	NA	NA	NA	NA
NC_045512.2	18828	C	T	79248	68524	37	3	3	34	3.78539e-05	79252	1	FALSE	NA	NA	NA	NA	NA	NA
NC_045512.2	18828	C	A	79248	68524	37	1	1	34	1.2618e-05	79252	1	FALSE	NA	NA	NA	NA	NA	NA
NC_045512.2	18829	C	T	79534	68884	37	5	2	43	6.28615e-05	79540	0.806161	FALSE	NA	NA	NA	NA	NA	NA
NC_045512.2	18829	C	A	79534	68884	37	1	1	34	1.25723e-05	79540	1	FALSE	NA	NA	NA	NA	NA	NA
NC_045512.2	18830	A	T	78615	68047	37	1	1	34	1.27188e-05	78624	1	FALSE	NA	NA	NA	NA	NA	NA
NC_045512.2	18830	A	G	78615	68047	37	8	5	35	0.00010175	78624	1	FALSE	NA	NA	NA	NA	NA	NA
NC_045512.2	18831	T	G	78707	68047	37	1	0	34	1.27031e-05	78721	1	FALSE	NA	NA	NA	NA	NA	NA
NC_045512.2	18831	T	C	78707	68047	37	10	8	40	0.000127031	78721	0.314492	FALSE	NA	NA	NA	NA	NA	NA
NC_045512.2	18831	T	A	78707	68047	37	3	3	31	3.81093e-05	78721	1	FALSE	NA	NA	NA	NA	NA	NA
NC_045512.2	18831	T	-G	78707	68047	37	1	0	20	1.27031e-05	78721	1	FALSE	NA	NA	NA	NA	NA	NA
NC_045512.2	18832	G	T	78596	67889	37	2	2	34	2.5445e-05	78601	1	FALSE	NA	NA	NA	NA	NA	NA
NC_045512.2	18832	G	A	78596	67889	37	3	2	34	3.81675e-05	78601	1	FALSE	NA	NA	NA	NA	NA	NA
NC_045512.2	18833	G	T	79696	68581	37	2	2	34	2.50944e-05	79699	1	FALSE	NA	NA	NA	NA	NA	NA
NC_045512.2	18833	G	C	79696	68581	37	1	1	26	1.25472e-05	79699	1	FALSE	NA	NA	NA	NA	NA	NA
NC_045512.2	18834	T	C	80904	70305	36	15	14	35	0.000185371	80919	1	FALSE	NA	NA	NA	NA	NA	NA
NC_045512.2	18834	T	-A	80904	70305	36	1	0	20	1.2358e-05	80919	1	FALSE	NA	NA	NA	NA	NA	NA
NC_045512.2	18835	A	T	83759	73884	37	1	1	26	1.1938e-05	83766	1	FALSE	NA	NA	NA	NA	NA	NA
NC_045512.2	18835	A	G	83759	73884	37	4	4	42	4.77521e-05	83766	0.927001	FALSE	NA	NA	NA	NA	NA	NA
NC_045512.2	18835	A	C	83759	73884	37	2	2	34	2.3876e-05	83766	1	FALSE	NA	NA	NA	NA	NA	NA
NC_045512.2	18836	A	T	85090	75266	37	4	2	38	4.70008e-05	85105	1	FALSE	NA	NA	NA	NA	NA	NA
NC_045512.2	18836	A	G	85090	75266	37	5	2	30	5.8751e-05	85105	1	FALSE	NA	NA	NA	NA	NA	NA
NC_045512.2	18836	A	C	85090	75266	37	6	6	30	7.05011e-05	85105	1	FALSE	NA	NA	NA	NA	NA	NA
NC_045512.2	18837	T	G	85461	75698	37	1	0	34	1.17003e-05	85468	1	FALSE	NA	NA	NA	NA	NA	NA
NC_045512.2	18837	T	C	85461	75698	37	5	4	40	5.85014e-05	85468	0.866582	FALSE	NA	NA	NA	NA	NA	NA
NC_045512.2	18837	T	A	85461	75698	37	1	1	34	1.17003e-05	85468	1	FALSE	NA	NA	NA	NA	NA	NA
NC_045512.2	18838	G	T	85354	75597	37	5	5	34	5.857e-05	85368	1	FALSE	NA	NA	NA	NA	NA	NA
NC_045512.2	18838	G	C	85354	75597	37	2	2	30	2.3428e-05	85368	1	FALSE	NA	NA	NA	NA	NA	NA
NC_045512.2	18838	G	A	85354	75597	37	7	6	38	8.19979e-05	85368	1	FALSE	NA	NA	NA	NA	NA	NA
NC_045512.2	18839	C	T	86744	77438	37	14	7	36	0.000161368	86758	1	FALSE	NA	NA	NA	NA	NA	NA
NC_045512.2	18840	A	T	86327	76955	37	2	1	51	2.31629e-05	86345	0.249955	FALSE	NA	NA	NA	NA	NA	NA
NC_045512.2	18840	A	G	86327	76955	37	15	14	33	0.000173722	86345	1	FALSE	NA	NA	NA	NA	NA	NA
NC_045512.2	18840	A	C	86327	76955	37	1	1	34	1.15814e-05	86345	1	FALSE	NA	NA	NA	NA	NA	NA
NC_045512.2	18841	C	T	86902	77292	37	2	1	51	2.30128e-05	86908	0.24999	FALSE	NA	NA	NA	NA	NA	NA
NC_045512.2	18841	C	G	86902	77292	37	1	1	34	1.15064e-05	86908	1	FALSE	NA	NA	NA	NA	NA	NA
NC_045512.2	18841	C	A	86902	77292	37	3	2	45	3.45193e-05	86908	0.967287	FALSE	NA	NA	NA	NA	NA	NA
NC_045512.2	18842	A	G	84458	74903	37	6	5	34	7.10337e-05	84467	1	FALSE	NA	NA	NA	NA	NA	NA
NC_045512.2	18842	A	C	84458	74903	37	3	3	31	3.55168e-05	84467	1	FALSE	NA	NA	NA	NA	NA	NA
NC_045512.2	18843	T	G	84318	74759	37	1	1	26	1.18582e-05	84330	1	FALSE	NA	NA	NA	NA	NA	NA
NC_045512.2	18843	T	C	84318	74759	37	9	9	33	0.000106724	84330	1	FALSE	NA	NA	NA	NA	NA	NA
NC_045512.2	18843	T	A	84318	74759	37	2	2	30	2.37164e-05	84330	1	FALSE	NA	NA	NA	NA	NA	NA
NC_045512.2	18844	G	A	84596	75032	37	3	3	34	3.54614e-05	84599	1	FALSE	NA	NA	NA	NA	NA	NA
NC_045512.2	18845	T	G	84095	75089	37	2	2	34	2.37792e-05	84107	1	FALSE	NA	NA	NA	NA	NA	NA
NC_045512.2	18845	T	C	84095	75089	37	9	8	32	0.000107007	84107	1	FALSE	NA	NA	NA	NA	NA	NA
NC_045512.2	18845	T	A	84095	75089	37	1	1	34	1.18896e-05	84107	1	FALSE	NA	NA	NA	NA	NA	NA
NC_045512.2	18846	A	T	82049	72934	37	2	2	30	2.437e-05	82068	1	FALSE	NA	NA	NA	NA	NA	NA
NC_045512.2	18846	A	G	82049	72934	37	12	6	56	0.00014622	82068	0.000243935	TRUE	NA	NA	NA	NA	NA	NA
NC_045512.2	18846	A	C	82049	72934	37	5	5	27	6.09251e-05	82068	1	FALSE	NA	NA	NA	NA	NA	NA
NC_045512.2	18847	G	T	81736	73351	37	2	2	34	2.44678e-05	81740	1	FALSE	NA	NA	NA	NA	NA	NA
NC_045512.2	18847	G	C	81736	73351	37	2	2	30	2.44678e-05	81740	1	FALSE	NA	NA	NA	NA	NA	NA
NC_045512.2	18849	T	G	85793	78176	37	1	1	26	1.16547e-05	85802	1	FALSE	NA	NA	NA	NA	NA	NA
NC_045512.2	18849	T	C	85793	78176	37	8	8	33	9.32379e-05	85802	1	FALSE	NA	NA	NA	NA	NA	NA
NC_045512.2	18850	A	G	83619	76034	37	14	13	34	0.000167392	83636	1	FALSE	NA	NA	NA	NA	NA	NA
NC_045512.2	18850	A	C	83619	76034	37	3	3	31	3.58697e-05	83636	1	FALSE	NA	NA	NA	NA	NA	NA
NC_045512.2	18851	G	C	83710	76031	37	2	2	30	2.38909e-05	83714	1	FALSE	NA	NA	NA	NA	NA	NA
NC_045512.2	18851	G	A	83710	76031	37	2	2	34	2.38909e-05	83714	1	FALSE	NA	NA	NA	NA	NA	NA
NC_045512.2	18852	T	G	86331	79112	37	2	2	25	2.31634e-05	86343	1	FALSE	NA	NA	NA	NA	NA	NA
NC_045512.2	18852	T	C	86331	79112	37	8	8	34	9.26537e-05	86343	1	FALSE	NA	NA	NA	NA	NA	NA
NC_045512.2	18852	T	A	86331	79112	37	2	1	47	2.31634e-05	86343	0.989255	FALSE	NA	NA	NA	NA	NA	NA
NC_045512.2	18853	T	C	89134	82316	38	24	23	35	0.000269182	89159	1	FALSE	NA	NA	NA	NA	NA	NA
NC_045512.2	18853	T	A	89134	82316	38	1	0	26	1.12159e-05	89159	1	FALSE	NA	NA	NA	NA	NA	NA
NC_045512.2	18854	G	T	89273	82465	38	4	4	30	4.48034e-05	89279	1	FALSE	NA	NA	NA	NA	NA	NA
NC_045512.2	18854	G	A	89273	82465	38	2	2	51	2.24017e-05	89279	0.24999	FALSE	NA	NA	NA	NA	NA	NA
NC_045512.2	18855	T	G	87567	80800	38	1	1	34	1.14187e-05	87576	1	FALSE	NA	NA	NA	NA	NA	NA
NC_045512.2	18855	T	C	87567	80800	38	8	7	34	9.13492e-05	87576	1	FALSE	NA	NA	NA	NA	NA	NA
NC_045512.2	18856	G	C	87752	81166	37	6	6	28	6.83691e-05	87759	1	FALSE	NA	NA	NA	NA	NA	NA
NC_045512.2	18856	G	A	87752	81166	37	1	1	68	1.13948e-05	87759	0.499986	FALSE	NA	NA	NA	NA	NA	NA
NC_045512.2	18857	A	T	87700	81608	37	1	1	34	1.14011e-05	87711	1	FALSE	NA	NA	NA	NA	NA	NA
NC_045512.2	18857	A	G	87700	81608	37	8	6	42	9.12086e-05	87711	0.598177	FALSE	NA	NA	NA	NA	NA	NA
NC_045512.2	18857	A	C	87700	81608	37	2	2	34	2.28022e-05	87711	1	FALSE	NA	NA	NA	NA	NA	NA
NC_045512.2	18858	T	G	87391	81287	37	1	0	34	1.14416e-05	87400	1	FALSE	NA	NA	NA	NA	NA	NA
NC_045512.2	18858	T	C	87391	81287	37	7	7	34	8.00915e-05	87400	1	FALSE	NA	NA	NA	NA	NA	NA
NC_045512.2	18858	T	A	87391	81287	37	1	1	34	1.14416e-05	87400	1	FALSE	NA	NA	NA	NA	NA	NA
NC_045512.2	18859	G	T	87456	81361	37	2	2	34	2.28611e-05	87485	1	FALSE	NA	NA	NA	NA	NA	NA
NC_045512.2	18859	G	C	87456	81361	37	1	1	34	1.14305e-05	87485	1	FALSE	NA	NA	NA	NA	NA	NA
NC_045512.2	18859	G	A	87456	81361	37	26	23	40	0.000297194	87485	0.00146588	TRUE	NA	NA	NA	NA	NA	NA
NC_045512.2	18860	C	T	86431	80380	37	12	11	36	0.000138818	86444	1	FALSE	NA	NA	NA	NA	NA	NA
NC_045512.2	18860	C	G	86431	80380	37	1	1	26	1.15682e-05	86444	1	FALSE	NA	NA	NA	NA	NA	NA
NC_045512.2	18861	A	T	86193	80110	37	1	1	34	1.16008e-05	86201	1	FALSE	NA	NA	NA	NA	NA	NA
NC_045512.2	18861	A	G	86193	80110	37	6	5	39	6.96048e-05	86201	1	FALSE	NA	NA	NA	NA	NA	NA
NC_045512.2	18861	A	C	86193	80110	37	1	1	34	1.16008e-05	86201	1	FALSE	NA	NA	NA	NA	NA	NA
NC_045512.2	18862	A	T	86291	80326	37	1	1	34	1.15876e-05	86299	1	FALSE	NA	NA	NA	NA	NA	NA
NC_045512.2	18862	A	G	86291	80326	37	6	6	38	6.95257e-05	86299	1	FALSE	NA	NA	NA	NA	NA	NA
NC_045512.2	18862	A	C	86291	80326	37	1	1	34	1.15876e-05	86299	1	FALSE	NA	NA	NA	NA	NA	NA
NC_045512.2	18863	T	C	85723	79795	37	8	8	37	9.3313e-05	85733	1	FALSE	NA	NA	NA	NA	NA	NA
NC_045512.2	18863	T	A	85723	79795	37	2	2	34	2.33282e-05	85733	1	FALSE	NA	NA	NA	NA	NA	NA
NC_045512.2	18864	C	T	85945	80043	37	3	3	30	3.49032e-05	85952	1	FALSE	NA	NA	NA	NA	NA	NA
NC_045512.2	18864	C	A	85945	80043	37	4	4	34	4.65376e-05	85952	1	FALSE	NA	NA	NA	NA	NA	NA
NC_045512.2	18865	A	G	85975	80059	37	4	4	34	4.65224e-05	85980	1	FALSE	NA	NA	NA	NA	NA	NA
NC_045512.2	18865	A	C	85975	80059	37	1	1	34	1.16306e-05	85980	1	FALSE	NA	NA	NA	NA	NA	NA
NC_045512.2	18866	T	G	85567	79661	37	1	1	34	1.16848e-05	85581	1	FALSE	NA	NA	NA	NA	NA	NA
NC_045512.2	18866	T	C	85567	79661	37	13	12	36	0.000151903	85581	1	FALSE	NA	NA	NA	NA	NA	NA
NC_045512.2	18867	G	C	85660	79791	37	2	2	34	2.33462e-05	85667	1	FALSE	NA	NA	NA	NA	NA	NA
NC_045512.2	18867	G	A	85660	79791	37	5	5	32	5.83655e-05	85667	1	FALSE	NA	NA	NA	NA	NA	NA
NC_045512.2	18868	A	G	85320	79970	37	15	15	34	0.000175778	85335	1	FALSE	NA	NA	NA	NA	NA	NA
NC_045512.2	18869	C	T	85448	80255	37	3	1	68	3.51062e-05	85455	0.124991	FALSE	NA	NA	NA	NA	NA	NA
NC_045512.2	18869	C	G	85448	80255	37	1	0	27	1.17021e-05	85455	1	FALSE	NA	NA	NA	NA	NA	NA
NC_045512.2	18869	C	A	85448	80255	37	3	3	34	3.51062e-05	85455	1	FALSE	NA	NA	NA	NA	NA	NA
NC_045512.2	18870	T	G	84753	79570	37	1	1	34	1.17975e-05	84764	1	FALSE	NA	NA	NA	NA	NA	NA
NC_045512.2	18870	T	C	84753	79570	37	9	9	36	0.000106177	84764	1	FALSE	NA	NA	NA	NA	NA	NA
NC_045512.2	18870	T	A	84753	79570	37	1	1	34	1.17975e-05	84764	1	FALSE	NA	NA	NA	NA	NA	NA
NC_045512.2	18871	A	T	82599	77443	37	1	1	26	1.21048e-05	82612	1	FALSE	NA	NA	NA	NA	NA	NA
NC_045512.2	18871	A	G	82599	77443	37	6	6	34	7.26287e-05	82612	1	FALSE	NA	NA	NA	NA	NA	NA
NC_045512.2	18871	A	C	82599	77443	37	6	6	31	7.26287e-05	82612	1	FALSE	NA	NA	NA	NA	NA	NA
NC_045512.2	18872	G	T	82657	77510	37	2	2	30	2.41929e-05	82669	1	FALSE	NA	NA	NA	NA	NA	NA
NC_045512.2	18872	G	C	82657	77510	37	8	7	29	9.67715e-05	82669	1	FALSE	NA	NA	NA	NA	NA	NA
NC_045512.2	18872	G	A	82657	77510	37	2	1	40	2.41929e-05	82669	0.989255	FALSE	NA	NA	NA	NA	NA	NA
NC_045512.2	18873	G	C	82711	77682	37	2	2	34	2.41788e-05	82717	1	FALSE	NA	NA	NA	NA	NA	NA
NC_045512.2	18873	G	A	82711	77682	37	4	4	34	4.83577e-05	82717	1	FALSE	NA	NA	NA	NA	NA	NA
NC_045512.2	18874	T	C	76821	71837	37	7	5	39	9.11055e-05	76834	1	FALSE	NA	NA	NA	NA	NA	NA
NC_045512.2	18874	T	A	76821	71837	37	6	5	34	7.80904e-05	76834	1	FALSE	NA	NA	NA	NA	NA	NA
NC_045512.2	18875	G	A	76611	71783	37	8	8	34	0.000104413	76619	1	FALSE	NA	NA	NA	NA	NA	NA
NC_045512.2	18876	T	C	73923	69190	35	32	31	35	0.000432696	73955	0.999984	FALSE	NA	NA	NA	NA	NA	NA
NC_045512.2	18877	C	T	75936	71210	37	1	1	34	1.31688e-05	75937	1	FALSE	NA	NA	NA	NA	NA	NA
NC_045512.2	18878	T	C	75713	70992	37	6	6	34	7.92403e-05	75719	1	FALSE	NA	NA	NA	NA	NA	NA
NC_045512.2	18878	T	-A	75713	70992	37	1	0	20	1.32067e-05	75719	1	FALSE	NA	NA	NA	NA	NA	NA
NC_045512.2	18879	A	T	75644	70926	37	1	1	34	1.32172e-05	75659	1	FALSE	NA	NA	NA	NA	NA	NA
NC_045512.2	18879	A	G	75644	70926	37	14	14	34	0.000185041	75659	1	FALSE	NA	NA	NA	NA	NA	NA
NC_045512.2	18880	G	C	75347	70655	37	1	1	34	1.32709e-05	75353	1	FALSE	NA	NA	NA	NA	NA	NA
NC_045512.2	18880	G	A	75347	70655	37	5	5	34	6.63544e-05	75353	1	FALSE	NA	NA	NA	NA	NA	NA
NC_045512.2	18881	C	T	75398	71262	36	4	4	34	5.30469e-05	75405	1	FALSE	NA	NA	NA	NA	NA	NA
NC_045512.2	18881	C	G	75398	71262	36	2	2	34	2.65234e-05	75405	1	FALSE	NA	NA	NA	NA	NA	NA
NC_045512.2	18881	C	A	75398	71262	36	1	1	34	1.32617e-05	75405	1	FALSE	NA	NA	NA	NA	NA	NA
NC_045512.2	18882	T	C	66817	62749	36	10	9	37	0.00014964	66827	1	FALSE	NA	NA	NA	NA	NA	NA
NC_045512.2	18883	G	A	66948	62871	36	2	2	34	2.9873e-05	66950	1	FALSE	NA	NA	NA	NA	NA	NA
NC_045512.2	18884	T	C	64495	60451	37	7	7	34	0.000108524	64502	1	FALSE	NA	NA	NA	NA	NA	NA
NC_045512.2	18884	T	-C	64495	60451	37	2	0	20	3.10068e-05	64502	1	FALSE	NA	NA	NA	NA	NA	NA
NC_045512.2	18885	C	T	64311	60262	37	3	3	31	4.6644e-05	64317	1	FALSE	NA	NA	NA	NA	NA	NA
NC_045512.2	18885	C	G	64311	60262	37	2	1	30	3.1096e-05	64317	1	FALSE	NA	NA	NA	NA	NA	NA
NC_045512.2	18885	C	A	64311	60262	37	1	1	34	1.5548e-05	64317	1	FALSE	NA	NA	NA	NA	NA	NA
NC_045512.2	18886	C	T	64342	60303	37	4	4	34	6.2162e-05	64348	1	FALSE	NA	NA	NA	NA	NA	NA
NC_045512.2	18886	C	G	64342	60303	37	1	1	34	1.55405e-05	64348	1	FALSE	NA	NA	NA	NA	NA	NA
NC_045512.2	18886	C	A	64342	60303	37	1	1	34	1.55405e-05	64348	1	FALSE	NA	NA	NA	NA	NA	NA
NC_045512.2	18887	A	T	64189	60167	37	1	1	34	1.55785e-05	64191	1	FALSE	NA	NA	NA	NA	NA	NA
NC_045512.2	18887	A	G	64189	60167	37	1	0	34	1.55785e-05	64191	1	FALSE	NA	NA	NA	NA	NA	NA
NC_045512.2	18888	C	A	64207	60228	37	1	1	26	1.55744e-05	64208	1	FALSE	NA	NA	NA	NA	NA	NA
NC_045512.2	18889	G	T	63989	60015	37	1	1	34	1.56272e-05	63991	1	FALSE	NA	NA	NA	NA	NA	NA
NC_045512.2	18889	G	C	63989	60015	37	1	1	26	1.56272e-05	63991	1	FALSE	NA	NA	NA	NA	NA	NA
NC_045512.2	18890	A	T	63815	59851	37	1	1	26	1.56696e-05	63818	1	FALSE	NA	NA	NA	NA	NA	NA
NC_045512.2	18890	A	G	63815	59851	37	1	1	34	1.56696e-05	63818	1	FALSE	NA	NA	NA	NA	NA	NA
NC_045512.2	18890	A	C	63815	59851	37	1	1	34	1.56696e-05	63818	1	FALSE	NA	NA	NA	NA	NA	NA
NC_045512.2	18891	G	C	63711	59859	36	2	2	30	3.13898e-05	63715	1	FALSE	NA	NA	NA	NA	NA	NA
NC_045512.2	18891	G	A	63711	59859	36	2	2	34	3.13898e-05	63715	1	FALSE	NA	NA	NA	NA	NA	NA
NC_045512.2	18892	T	C	58920	55150	37	2	2	34	3.39432e-05	58922	1	FALSE	NA	NA	NA	NA	NA	NA
NC_045512.2	18893	G	T	58654	54883	37	1	1	34	1.70474e-05	58660	1	FALSE	NA	NA	NA	NA	NA	NA
NC_045512.2	18893	G	C	58654	54883	37	1	1	34	1.70474e-05	58660	1	FALSE	NA	NA	NA	NA	NA	NA
NC_045512.2	18893	G	A	58654	54883	37	4	3	51	6.81896e-05	58660	0.0624947	FALSE	NA	NA	NA	NA	NA	NA
NC_045512.2	18894	C	T	58673	55381	36	2	2	34	3.40861e-05	58675	1	FALSE	NA	NA	NA	NA	NA	NA
NC_045512.2	18894	C	-TT	58673	55381	36	2	0	20	3.40861e-05	58675	1	FALSE	NA	NA	NA	NA	NA	NA
NC_045512.2	18895	T	G	54740	51448	35	3	3	31	5.47945e-05	54750	1	FALSE	NA	NA	NA	NA	NA	NA
NC_045512.2	18895	T	C	54740	51448	35	7	7	32	0.000127854	54750	1	FALSE	NA	NA	NA	NA	NA	NA
NC_045512.2	18896	T	G	88871	56310	35	2	1	34	2.2501e-05	88885	1	FALSE	NA	NA	NA	NA	NA	NA
NC_045512.2	18896	T	C	88871	56310	35	8	4	33	9.00039e-05	88885	1	FALSE	NA	NA	NA	NA	NA	NA
NC_045512.2	18896	T	A	88871	56310	35	4	3	49	4.5002e-05	88885	0.926984	FALSE	NA	NA	NA	NA	NA	NA
NC_045512.2	18897	T	C	89047	55851	35	6	0	36	6.73749e-05	89054	1	FALSE	NA	NA	NA	NA	NA	NA
NC_045512.2	18897	T	A	89047	55851	35	1	0	26	1.12291e-05	89054	1	FALSE	NA	NA	NA	NA	NA	NA
NC_045512.2	18898	G	T	90466	55965	35	1	1	27	1.10535e-05	90469	1	FALSE	NA	NA	NA	NA	NA	NA
NC_045512.2	18898	G	A	90466	55965	35	2	1	34	2.2107e-05	90469	1	FALSE	NA	NA	NA	NA	NA	NA
NC_045512.2	18899	T	G	89924	55478	35	1	1	34	1.1119e-05	89936	1	FALSE	NA	NA	NA	NA	NA	NA
NC_045512.2	18899	T	C	89924	55478	35	11	8	40	0.000122309	89936	0.323794	FALSE	NA	NA	NA	NA	NA	NA
NC_045512.2	18900	T	G	89569	55150	35	1	1	26	1.11631e-05	89581	1	FALSE	NA	NA	NA	NA	NA	NA
NC_045512.2	18900	T	C	89569	55150	35	10	6	34	0.000111631	89581	1	FALSE	NA	NA	NA	NA	NA	NA
NC_045512.2	18900	T	A	89569	55150	35	1	1	68	1.11631e-05	89581	0.499972	FALSE	NA	NA	NA	NA	NA	NA
NC_045512.2	18900	T	-A	89569	55150	35	3	0	20	3.34892e-05	89581	1	FALSE	NA	NA	NA	NA	NA	NA
NC_045512.2	18901	A	T	89171	54857	35	5	1	34	5.60626e-05	89186	1	FALSE	NA	NA	NA	NA	NA	NA
NC_045512.2	18901	A	G	89171	54857	35	10	4	40	0.000112125	89186	0.407195	FALSE	NA	NA	NA	NA	NA	NA
NC_045512.2	18902	A	T	87777	53467	35	4	4	34	4.55607e-05	87795	1	FALSE	NA	NA	NA	NA	NA	NA
NC_045512.2	18902	A	G	87777	53467	35	13	10	32	0.000148072	87795	1	FALSE	NA	NA	NA	NA	NA	NA
NC_045512.2	18902	A	C	87777	53467	35	1	1	34	1.13902e-05	87795	1	FALSE	NA	NA	NA	NA	NA	NA
NC_045512.2	18903	G	T	89228	53442	35	1	0	34	1.12057e-05	89240	1	FALSE	NA	NA	NA	NA	NA	NA
NC_045512.2	18903	G	C	89228	53442	35	5	2	34	5.60287e-05	89240	1	FALSE	NA	NA	NA	NA	NA	NA
NC_045512.2	18903	G	A	89228	53442	35	6	4	34	6.72344e-05	89240	1	FALSE	NA	NA	NA	NA	NA	NA
NC_045512.2	18904	C	T	89061	53075	35	2	0	34	2.24548e-05	89068	1	FALSE	NA	NA	NA	NA	NA	NA
NC_045512.2	18904	C	G	89061	53075	35	5	3	32	5.61369e-05	89068	1	FALSE	NA	NA	NA	NA	NA	NA
NC_045512.2	18905	G	C	90607	52839	35	1	1	26	1.10355e-05	90617	1	FALSE	NA	NA	NA	NA	NA	NA
NC_045512.2	18905	G	A	90607	52839	35	9	6	41	9.93191e-05	90617	0.59274	FALSE	NA	NA	NA	NA	NA	NA
NC_045512.2	18906	T	C	89026	51332	35	10	5	33	0.000112313	89037	1	FALSE	NA	NA	NA	NA	NA	NA
NC_045512.2	18906	T	A	89026	51332	35	1	1	34	1.12313e-05	89037	1	FALSE	NA	NA	NA	NA	NA	NA
NC_045512.2	18907	G	T	88838	51176	35	1	0	34	1.1254e-05	88857	1	FALSE	NA	NA	NA	NA	NA	NA
NC_045512.2	18907	G	A	88838	51176	35	18	9	34	0.000202573	88857	1	FALSE	NA	NA	NA	NA	NA	NA
NC_045512.2	18908	T	G	87531	49965	35	2	1	34	2.28464e-05	87541	1	FALSE	NA	NA	NA	NA	NA	NA
NC_045512.2	18908	T	C	87531	49965	35	6	3	34	6.85393e-05	87541	1	FALSE	NA	NA	NA	NA	NA	NA
NC_045512.2	18908	T	A	87531	49965	35	2	2	34	2.28464e-05	87541	1	FALSE	NA	NA	NA	NA	NA	NA
NC_045512.2	18909	T	C	90397	51434	35	7	4	32	7.74293e-05	90405	1	FALSE	NA	NA	NA	NA	NA	NA
NC_045512.2	18909	T	A	90397	51434	35	1	1	34	1.10613e-05	90405	1	FALSE	NA	NA	NA	NA	NA	NA
NC_045512.2	18910	G	T	91143	51351	35	1	1	34	1.09713e-05	91147	1	FALSE	NA	NA	NA	NA	NA	NA
NC_045512.2	18910	G	C	91143	51351	35	1	1	34	1.09713e-05	91147	1	FALSE	NA	NA	NA	NA	NA	NA
NC_045512.2	18910	G	A	91143	51351	35	2	1	30	2.19426e-05	91147	1	FALSE	NA	NA	NA	NA	NA	NA
NC_045512.2	18911	A	G	90700	50949	35	6	4	34	6.6147e-05	90707	1	FALSE	NA	NA	NA	NA	NA	NA
NC_045512.2	18911	A	C	90700	50949	35	1	1	34	1.10245e-05	90707	1	FALSE	NA	NA	NA	NA	NA	NA
NC_045512.2	18911	A	-CTGG	90700	50949	35	1	0	20	1.10245e-05	90707	1	FALSE	NA	NA	NA	NA	NA	NA
NC_045512.2	18912	C	T	90965	51231	35	5	3	34	5.49602e-05	90975	1	FALSE	NA	NA	NA	NA	NA	NA
NC_045512.2	18912	C	G	90965	51231	35	4	1	38	4.39681e-05	90975	1	FALSE	NA	NA	NA	NA	NA	NA
NC_045512.2	18912	C	A	90965	51231	35	1	1	34	1.0992e-05	90975	1	FALSE	NA	NA	NA	NA	NA	NA
NC_045512.2	18913	T	G	89547	49849	35	2	0	30	2.23282e-05	89573	1	FALSE	NA	NA	NA	NA	NA	NA
NC_045512.2	18913	T	C	89547	49849	35	23	20	34	0.000256774	89573	1	FALSE	NA	NA	NA	NA	NA	NA
NC_045512.2	18913	T	A	89547	49849	35	1	1	34	1.11641e-05	89573	1	FALSE	NA	NA	NA	NA	NA	NA
NC_045512.2	18914	G	T	90923	48309	35	2	1	34	2.19923e-05	90941	1	FALSE	NA	NA	NA	NA	NA	NA
NC_045512.2	18914	G	C	90923	48309	35	1	1	34	1.09961e-05	90941	1	FALSE	NA	NA	NA	NA	NA	NA
NC_045512.2	18914	G	A	90923	48309	35	15	6	34	0.000164942	90941	1	FALSE	NA	NA	NA	NA	NA	NA
NC_045512.2	18915	G	T	91225	48409	35	3	3	34	3.28825e-05	91234	1	FALSE	NA	NA	NA	NA	NA	NA
NC_045512.2	18915	G	C	91225	48409	35	4	3	32	4.38433e-05	91234	1	FALSE	NA	NA	NA	NA	NA	NA
NC_045512.2	18915	G	A	91225	48409	35	2	0	34	2.19217e-05	91234	1	FALSE	NA	NA	NA	NA	NA	NA
NC_045512.2	18916	A	T	90900	48168	35	4	3	32	4.39962e-05	90917	1	FALSE	NA	NA	NA	NA	NA	NA
NC_045512.2	18916	A	G	90900	48168	35	9	1	37	9.89914e-05	90917	1	FALSE	NA	NA	NA	NA	NA	NA
NC_045512.2	18916	A	C	90900	48168	35	4	4	28	4.39962e-05	90917	1	FALSE	NA	NA	NA	NA	NA	NA
NC_045512.2	18917	C	T	94694	48727	35	1	1	34	1.05596e-05	94701	1	FALSE	NA	NA	NA	NA	NA	NA
NC_045512.2	18917	C	G	94694	48727	35	1	1	34	1.05596e-05	94701	1	FALSE	NA	NA	NA	NA	NA	NA
NC_045512.2	18917	C	A	94694	48727	35	5	1	44	5.27978e-05	94701	0.910222	FALSE	NA	NA	NA	NA	NA	NA
NC_045512.2	18918	T	G	92985	46931	35	3	2	34	3.22605e-05	92993	1	FALSE	NA	NA	NA	NA	NA	NA
NC_045512.2	18918	T	C	92985	46931	35	5	3	34	5.37675e-05	92993	1	FALSE	NA	NA	NA	NA	NA	NA
NC_045512.2	18919	A	G	96777	46333	35	7	4	31	7.23245e-05	96786	1	FALSE	NA	NA	NA	NA	NA	NA
NC_045512.2	18919	A	C	96777	46333	35	2	2	26	2.06641e-05	96786	1	FALSE	NA	NA	NA	NA	NA	NA
NC_045512.2	18920	T	C	96678	46074	34	5	3	32	5.17143e-05	96685	1	FALSE	NA	NA	NA	NA	NA	NA
NC_045512.2	18920	T	A	96678	46074	34	2	0	34	2.06857e-05	96685	1	FALSE	NA	NA	NA	NA	NA	NA
NC_045512.2	18921	T	C	96519	45866	35	25	20	33	0.000258947	96545	1	FALSE	NA	NA	NA	NA	NA	NA
NC_045512.2	18921	T	A	96519	45866	35	1	0	34	1.03579e-05	96545	1	FALSE	NA	NA	NA	NA	NA	NA
NC_045512.2	18922	G	T	96754	45986	35	93	92	34	0.000960208	96854	0.614304	FALSE	NA	NA	NA	NA	NA	NA
NC_045512.2	18922	G	A	96754	45986	35	7	5	34	7.22737e-05	96854	1	FALSE	NA	NA	NA	NA	NA	NA
NC_045512.2	18923	A	T	92840	42423	34	3	1	34	3.23067e-05	92860	1	FALSE	NA	NA	NA	NA	NA	NA
NC_045512.2	18923	A	G	92840	42423	34	16	8	34	0.000172302	92860	1	FALSE	NA	NA	NA	NA	NA	NA
NC_045512.2	18923	A	C	92840	42423	34	1	1	34	1.07689e-05	92860	1	FALSE	NA	NA	NA	NA	NA	NA
NC_045512.2	18924	A	T	93140	42460	35	4	3	30	4.29429e-05	93147	1	FALSE	NA	NA	NA	NA	NA	NA
NC_045512.2	18924	A	G	93140	42460	35	3	0	34	3.22072e-05	93147	1	FALSE	NA	NA	NA	NA	NA	NA
NC_045512.2	18925	T	G	92858	42115	35	8	0	32	8.61345e-05	92878	1	FALSE	NA	NA	NA	NA	NA	NA
NC_045512.2	18925	T	C	92858	42115	35	8	6	31	8.61345e-05	92878	1	FALSE	NA	NA	NA	NA	NA	NA
NC_045512.2	18925	T	A	92858	42115	35	4	3	32	4.30672e-05	92878	1	FALSE	NA	NA	NA	NA	NA	NA
NC_045512.2	18926	A	T	88062	37232	34	1	1	34	1.13543e-05	88072	1	FALSE	NA	NA	NA	NA	NA	NA
NC_045512.2	18926	A	G	88062	37232	34	6	5	32	6.81261e-05	88072	1	FALSE	NA	NA	NA	NA	NA	NA
NC_045512.2	18926	A	C	88062	37232	34	3	3	31	3.4063e-05	88072	1	FALSE	NA	NA	NA	NA	NA	NA
NC_045512.2	18927	T	G	92375	37391	34	3	0	28	3.24735e-05	92383	1	FALSE	NA	NA	NA	NA	NA	NA
NC_045512.2	18927	T	C	92375	37391	34	4	1	34	4.3298e-05	92383	1	FALSE	NA	NA	NA	NA	NA	NA
NC_045512.2	18927	T	A	92375	37391	34	1	0	34	1.08245e-05	92383	1	FALSE	NA	NA	NA	NA	NA	NA
NC_045512.2	18928	C	A	85376	30278	34	1	0	34	1.17128e-05	85377	1	FALSE	NA	NA	NA	NA	NA	NA
NC_045512.2	18929	C	T	85759	30231	34	1	1	34	1.16587e-05	85773	1	FALSE	NA	NA	NA	NA	NA	NA
NC_045512.2	18929	C	G	85759	30231	34	5	1	32	5.82934e-05	85773	1	FALSE	NA	NA	NA	NA	NA	NA
NC_045512.2	18929	C	A	85759	30231	34	8	5	34	9.32694e-05	85773	1	FALSE	NA	NA	NA	NA	NA	NA
NC_045512.2	18930	T	G	85653	29837	34	2	0	34	2.33427e-05	85680	1	FALSE	NA	NA	NA	NA	NA	NA
NC_045512.2	18930	T	C	85653	29837	34	23	9	34	0.000268441	85680	1	FALSE	NA	NA	NA	NA	NA	NA
NC_045512.2	18930	T	A	85653	29837	34	2	0	34	2.33427e-05	85680	1	FALSE	NA	NA	NA	NA	NA	NA
NC_045512.2	18931	A	G	85748	29518	34	4	0	32	4.66461e-05	85752	1	FALSE	NA	NA	NA	NA	NA	NA
NC_045512.2	18932	T	G	85755	29655	35	1	0	34	1.16607e-05	85758	1	FALSE	NA	NA	NA	NA	NA	NA
NC_045512.2	18932	T	A	85755	29655	35	2	2	30	2.33214e-05	85758	1	FALSE	NA	NA	NA	NA	NA	NA
NC_045512.2	18932	T	-A	85755	29655	35	1	0	20	1.16607e-05	85758	1	FALSE	NA	NA	NA	NA	NA	NA
NC_045512.2	18933	A	G	58091	2653	34	5	0	34	8.60644e-05	58096	1	FALSE	NA	NA	NA	NA	NA	NA
NC_045512.2	18934	A	G	58288	2667	35	1	0	34	1.71559e-05	58289	1	FALSE	NA	NA	NA	NA	NA	NA
NC_045512.2	18935	T	C	58184	2571	34	4	0	34	6.87427e-05	58188	1	FALSE	NA	NA	NA	NA	NA	NA
NC_045512.2	18936	T	G	57855	2670	34	3	0	29	5.18448e-05	57865	1	FALSE	NA	NA	NA	NA	NA	NA
NC_045512.2	18936	T	C	57855	2670	34	5	0	34	8.6408e-05	57865	1	FALSE	NA	NA	NA	NA	NA	NA
NC_045512.2	18936	T	A	57855	2670	34	2	0	26	3.45632e-05	57865	1	FALSE	NA	NA	NA	NA	NA	NA
NC_045512.2	18937	G	T	58362	2667	35	1	0	34	1.71333e-05	58366	1	FALSE	NA	NA	NA	NA	NA	NA
NC_045512.2	18937	G	A	58362	2667	35	3	0	34	5.13998e-05	58366	1	FALSE	NA	NA	NA	NA	NA	NA
NC_045512.2	18938	G	A	59591	2743	35	4	3	68	6.71197e-05	59595	0.062499	FALSE	NA	NA	NA	NA	NA	NA
NC_045512.2	18939	T	G	59618	3305	35	1	0	34	1.67681e-05	59637	1	FALSE	NA	NA	NA	NA	NA	NA
NC_045512.2	18939	T	C	59618	3305	35	16	3	39	0.00026829	59637	1	FALSE	NA	NA	NA	NA	NA	NA
NC_045512.2	18939	T	A	59618	3305	35	2	0	34	3.35362e-05	59637	1	FALSE	NA	NA	NA	NA	NA	NA
NC_045512.2	18939	T	-G	59618	3305	35	1	0	20	1.67681e-05	59637	1	FALSE	NA	NA	NA	NA	NA	NA
NC_045512.2	18940	G	C	59855	3317	35	1	1	27	1.67068e-05	59856	1	FALSE	NA	NA	NA	NA	NA	NA
NC_045512.2	18941	A	G	59918	3370	35	1	1	68	1.66892e-05	59919	0.500004	FALSE	NA	NA	NA	NA	NA	NA
NC_045512.2	18942	T	C	59868	3455	35	4	1	29	6.68092e-05	59872	1	FALSE	NA	NA	NA	NA	NA	NA
NC_045512.2	18944	A	T	60749	3681	36	1	0	26	1.64593e-05	60756	1	FALSE	NA	NA	NA	NA	NA	NA
NC_045512.2	18944	A	G	60749	3681	36	6	0	32	9.87557e-05	60756	1	FALSE	NA	NA	NA	NA	NA	NA
NC_045512.2	18945	A	G	60956	3689	35	8	0	37	0.000131221	60966	1	FALSE	NA	NA	NA	NA	NA	NA
NC_045512.2	18945	A	C	60956	3689	35	2	0	34	3.28052e-05	60966	1	FALSE	NA	NA	NA	NA	NA	NA
NC_045512.2	18946	C	T	61999	3702	35	3	0	34	4.83824e-05	62006	1	FALSE	NA	NA	NA	NA	NA	NA
NC_045512.2	18946	C	A	61999	3702	35	4	2	34	6.45099e-05	62006	1	FALSE	NA	NA	NA	NA	NA	NA
NC_045512.2	18947	T	G	62818	3705	35	3	0	34	4.77456e-05	62833	1	FALSE	NA	NA	NA	NA	NA	NA
NC_045512.2	18947	T	C	62818	3705	35	12	0	34	0.000190982	62833	1	FALSE	NA	NA	NA	NA	NA	NA
NC_045512.2	18949	A	T	64017	4692	36	1	0	34	1.56167e-05	64034	1	FALSE	NA	NA	NA	NA	NA	NA
NC_045512.2	18949	A	G	64017	4692	36	16	0	35	0.000249867	64034	1	FALSE	NA	NA	NA	NA	NA	NA
NC_045512.2	18950	A	G	64545	4757	36	9	2	41	0.000139418	64554	0.303619	FALSE	NA	NA	NA	NA	NA	NA
NC_045512.2	18951	G	C	66005	4780	36	1	0	34	1.51494e-05	66009	1	FALSE	NA	NA	NA	NA	NA	NA
NC_045512.2	18951	G	A	66005	4780	36	3	0	34	4.54483e-05	66009	1	FALSE	NA	NA	NA	NA	NA	NA
NC_045512.2	18952	A	G	65722	4788	36	4	0	34	6.08587e-05	65726	1	FALSE	NA	NA	NA	NA	NA	NA
NC_045512.2	18952	A	-T	65722	4788	36	1	0	20	1.52147e-05	65726	1	FALSE	NA	NA	NA	NA	NA	NA
NC_045512.2	18953	T	G	66133	4756	36	1	0	34	1.51204e-05	66136	1	FALSE	NA	NA	NA	NA	NA	NA
NC_045512.2	18953	T	C	66133	4756	36	2	0	34	3.02407e-05	66136	1	FALSE	NA	NA	NA	NA	NA	NA
NC_045512.2	18954	T	G	65455	4752	36	2	0	34	3.05521e-05	65462	1	FALSE	NA	NA	NA	NA	NA	NA
NC_045512.2	18954	T	C	65455	4752	36	2	1	51	3.05521e-05	65462	0.249983	FALSE	NA	NA	NA	NA	NA	NA
NC_045512.2	18954	T	A	65455	4752	36	3	1	31	4.58281e-05	65462	1	FALSE	NA	NA	NA	NA	NA	NA
NC_045512.2	18955	A	G	66220	4799	36	7	2	38	0.000105697	66227	1	FALSE	NA	NA	NA	NA	NA	NA
NC_045512.2	18956	A	G	65288	5664	37	4	0	34	6.12632e-05	65292	1	FALSE	NA	NA	NA	NA	NA	NA
NC_045512.2	18957	T	G	66416	5662	37	1	0	34	1.50548e-05	66424	1	FALSE	NA	NA	NA	NA	NA	NA
NC_045512.2	18957	T	C	66416	5662	37	4	0	32	6.02192e-05	66424	1	FALSE	NA	NA	NA	NA	NA	NA
NC_045512.2	18957	T	A	66416	5662	37	3	0	42	4.51644e-05	66424	0.910149	FALSE	NA	NA	NA	NA	NA	NA
NC_045512.2	18958	G	T	66502	5661	37	2	0	34	3.00725e-05	66506	1	FALSE	NA	NA	NA	NA	NA	NA
NC_045512.2	18958	G	C	66502	5661	37	1	0	34	1.50362e-05	66506	1	FALSE	NA	NA	NA	NA	NA	NA
NC_045512.2	18958	G	A	66502	5661	37	1	0	34	1.50362e-05	66506	1	FALSE	NA	NA	NA	NA	NA	NA
NC_045512.2	18959	C	T	65747	5905	37	57	6	40	0.00086609	65813	8.09319e-12	TRUE	NA	NA	NA	NA	NA	NA
NC_045512.2	18959	C	G	65747	5905	37	2	0	34	3.03891e-05	65813	1	FALSE	NA	NA	NA	NA	NA	NA
NC_045512.2	18959	C	A	65747	5905	37	7	0	34	0.000106362	65813	1	FALSE	NA	NA	NA	NA	NA	NA
NC_045512.2	18960	G	T	67740	5904	37	2	0	34	2.95155e-05	67761	1	FALSE	NA	NA	NA	NA	NA	NA
NC_045512.2	18960	G	C	67740	5904	37	2	2	27	2.95155e-05	67761	1	FALSE	NA	NA	NA	NA	NA	NA
NC_045512.2	18960	G	A	67740	5904	37	17	3	41	0.000250882	67761	0.0173328	FALSE	NA	NA	NA	NA	NA	NA
NC_045512.2	18960	G	+GCTTGTA	67740	5904	37	1	0	20	1.47578e-05	67761	1	FALSE	NA	NA	NA	NA	NA	NA
NC_045512.2	18961	G	T	69603	5964	37	1	0	34	1.4366e-05	69609	1	FALSE	NA	NA	NA	NA	NA	NA
NC_045512.2	18961	G	A	69603	5964	37	5	1	34	7.18298e-05	69609	1	FALSE	NA	NA	NA	NA	NA	NA
NC_045512.2	18962	C	G	69422	5985	37	15	0	32	0.00021602	69438	1	FALSE	NA	NA	NA	NA	NA	NA
NC_045512.2	18962	C	A	69422	5985	37	1	0	26	1.44013e-05	69438	1	FALSE	NA	NA	NA	NA	NA	NA
NC_045512.2	18963	T	C	69781	6046	37	12	2	36	0.00017192	69800	1	FALSE	NA	NA	NA	NA	NA	NA
NC_045512.2	18963	T	A	69781	6046	37	7	0	32	0.000100287	69800	1	FALSE	NA	NA	NA	NA	NA	NA
NC_045512.2	18964	T	C	69784	6389	38	5	0	34	7.16435e-05	69790	1	FALSE	NA	NA	NA	NA	NA	NA
NC_045512.2	18964	T	A	69784	6389	38	1	0	34	1.43287e-05	69790	1	FALSE	NA	NA	NA	NA	NA	NA
NC_045512.2	18965	G	A	71210	6430	38	4	0	34	5.61687e-05	71214	1	FALSE	NA	NA	NA	NA	NA	NA
NC_045512.2	18966	T	C	71131	6738	38	6	0	34	8.43419e-05	71139	1	FALSE	NA	NA	NA	NA	NA	NA
NC_045512.2	18966	T	A	71131	6738	38	2	0	30	2.8114e-05	71139	1	FALSE	NA	NA	NA	NA	NA	NA
NC_045512.2	18967	A	G	71082	6739	38	10	1	40	0.000140661	71093	0.314519	FALSE	NA	NA	NA	NA	NA	NA
NC_045512.2	18967	A	C	71082	6739	38	1	0	26	1.40661e-05	71093	1	FALSE	NA	NA	NA	NA	NA	NA
NC_045512.2	18968	G	A	71330	6734	38	1	0	34	1.40192e-05	71331	1	FALSE	NA	NA	NA	NA	NA	NA
NC_045512.2	18969	A	G	70744	6749	38	2	0	34	2.82701e-05	70746	1	FALSE	NA	NA	NA	NA	NA	NA
NC_045512.2	18970	A	G	71251	6892	38	12	0	36	0.000168388	71264	1	FALSE	NA	NA	NA	NA	NA	NA
NC_045512.2	18970	A	C	71251	6892	38	1	0	26	1.40323e-05	71264	1	FALSE	NA	NA	NA	NA	NA	NA
NC_045512.2	18971	A	T	71377	6902	38	1	0	34	1.40085e-05	71385	1	FALSE	NA	NA	NA	NA	NA	NA
NC_045512.2	18971	A	G	71377	6902	38	7	1	32	9.80598e-05	71385	1	FALSE	NA	NA	NA	NA	NA	NA
NC_045512.2	18971	A	-G	71377	6902	38	1	0	20	1.40085e-05	71385	1	FALSE	NA	NA	NA	NA	NA	NA
NC_045512.2	18972	G	T	76800	6984	38	4	0	34	5.20772e-05	76809	1	FALSE	NA	NA	NA	NA	NA	NA
NC_045512.2	18972	G	A	76800	6984	38	5	1	54	6.50965e-05	76809	0.0312439	FALSE	NA	NA	NA	NA	NA	NA
NC_045512.2	18973	G	T	79008	7483	38	1	0	34	1.26566e-05	79010	1	FALSE	NA	NA	NA	NA	NA	NA
NC_045512.2	18973	G	C	79008	7483	38	1	0	34	1.26566e-05	79010	1	FALSE	NA	NA	NA	NA	NA	NA
NC_045512.2	18974	T	C	78986	7472	38	9	3	48	0.00011393	78996	0.401805	FALSE	NA	NA	NA	NA	NA	NA
NC_045512.2	18974	T	A	78986	7472	38	1	0	34	1.26589e-05	78996	1	FALSE	NA	NA	NA	NA	NA	NA
NC_045512.2	18975	T	G	79079	7474	38	7	0	31	8.85023e-05	79094	1	FALSE	NA	NA	NA	NA	NA	NA
NC_045512.2	18975	T	C	79079	7474	38	6	1	39	7.58591e-05	79094	1	FALSE	NA	NA	NA	NA	NA	NA
NC_045512.2	18975	T	A	79079	7474	38	2	2	46	2.52864e-05	79094	0.980461	FALSE	NA	NA	NA	NA	NA	NA
NC_045512.2	18975	T	-C	79079	7474	38	1	0	20	1.26432e-05	79094	1	FALSE	NA	NA	NA	NA	NA	NA
NC_045512.2	18976	C	T	69647	6871	38	8413	1043	38	0.107772	78063	0	TRUE	NA	NA	NA	NA	NA	NA
NC_045512.2	18976	C	G	69647	6871	38	2	0	34	2.56203e-05	78063	1	FALSE	NA	NA	NA	NA	NA	NA
NC_045512.2	18976	C	A	69647	6871	38	1	0	46	1.28102e-05	78063	0.993916	FALSE	NA	NA	NA	NA	NA	NA
NC_045512.2	18976	C	-A	69647	6871	38	1	0	20	1.281e-05	78064	1	FALSE	NA	NA	NA	NA	NA	NA
NC_045512.2	18977	A	T	78063	7919	38	3	1	42	3.84236e-05	78077	0.945293	FALSE	NA	NA	NA	NA	NA	NA
NC_045512.2	18977	A	G	78063	7919	38	10	1	37	0.000128079	78077	1	FALSE	NA	NA	NA	NA	NA	NA
NC_045512.2	18977	A	C	78063	7919	38	1	0	34	1.28079e-05	78077	1	FALSE	NA	NA	NA	NA	NA	NA
NC_045512.2	18978	A	T	77114	8092	37	1	0	34	1.2966e-05	77125	1	FALSE	NA	NA	NA	NA	NA	NA
NC_045512.2	18978	A	G	77114	8092	37	8	1	32	0.000103728	77125	1	FALSE	NA	NA	NA	NA	NA	NA
NC_045512.2	18978	A	C	77114	8092	37	2	0	34	2.59319e-05	77125	1	FALSE	NA	NA	NA	NA	NA	NA
NC_045512.2	18979	C	T	78680	8164	38	3	0	34	3.81272e-05	78684	1	FALSE	NA	NA	NA	NA	NA	NA
NC_045512.2	18979	C	G	78680	8164	38	1	0	26	1.27091e-05	78684	1	FALSE	NA	NA	NA	NA	NA	NA
NC_045512.2	18980	A	T	77749	8531	38	1	0	26	1.28611e-05	77754	1	FALSE	NA	NA	NA	NA	NA	NA
NC_045512.2	18980	A	G	77749	8531	38	4	0	42	5.14443e-05	77754	0.886727	FALSE	NA	NA	NA	NA	NA	NA
NC_045512.2	18981	C	G	77600	8666	38	3	0	28	3.86583e-05	77603	1	FALSE	NA	NA	NA	NA	NA	NA
NC_045512.2	18982	A	T	76432	8022	38	1	1	24	1.30818e-05	76442	1	FALSE	NA	NA	NA	NA	NA	NA
NC_045512.2	18982	A	G	76432	8022	38	8	1	36	0.000104655	76442	1	FALSE	NA	NA	NA	NA	NA	NA
NC_045512.2	18982	A	C	76432	8022	38	1	1	34	1.30818e-05	76442	1	FALSE	NA	NA	NA	NA	NA	NA
NC_045512.2	18983	T	G	74507	8167	38	1	0	34	1.34199e-05	74516	1	FALSE	NA	NA	NA	NA	NA	NA
NC_045512.2	18983	T	C	74507	8167	38	5	1	34	6.70997e-05	74516	1	FALSE	NA	NA	NA	NA	NA	NA
NC_045512.2	18983	T	A	74507	8167	38	3	1	42	4.02598e-05	74516	0.945307	FALSE	NA	NA	NA	NA	NA	NA
NC_045512.2	18984	G	T	65022	9821	38	1	0	34	1.53785e-05	65026	1	FALSE	NA	NA	NA	NA	NA	NA
NC_045512.2	18984	G	C	65022	9821	38	1	0	34	1.53785e-05	65026	1	FALSE	NA	NA	NA	NA	NA	NA
NC_045512.2	18984	G	A	65022	9821	38	2	0	30	3.07569e-05	65026	1	FALSE	NA	NA	NA	NA	NA	NA
NC_045512.2	18985	G	C	65485	9865	38	1	0	34	1.52697e-05	65489	1	FALSE	NA	NA	NA	NA	NA	NA
NC_045512.2	18985	G	A	65485	9865	38	3	0	31	4.58092e-05	65489	1	FALSE	NA	NA	NA	NA	NA	NA
NC_045512.2	18986	T	C	65391	10055	38	1	0	34	1.52922e-05	65393	1	FALSE	NA	NA	NA	NA	NA	NA
NC_045512.2	18986	T	A	65391	10055	38	1	0	34	1.52922e-05	65393	1	FALSE	NA	NA	NA	NA	NA	NA
NC_045512.2	18987	T	C	64676	9861	37	3	1	34	4.63793e-05	64684	1	FALSE	NA	NA	NA	NA	NA	NA
NC_045512.2	18987	T	A	64676	9861	37	5	0	32	7.72989e-05	64684	1	FALSE	NA	NA	NA	NA	NA	NA
NC_045512.2	18988	G	T	64950	9916	38	4	0	42	6.15764e-05	64960	0.828103	FALSE	NA	NA	NA	NA	NA	NA
NC_045512.2	18988	G	A	64950	9916	38	6	2	38	9.23645e-05	64960	1	FALSE	NA	NA	NA	NA	NA	NA
NC_045512.2	18989	T	A	64194	9920	37	1	0	34	1.55775e-05	64195	1	FALSE	NA	NA	NA	NA	NA	NA
NC_045512.2	18990	T	G	64228	10003	38	4	0	34	6.22587e-05	64248	1	FALSE	NA	NA	NA	NA	NA	NA
NC_045512.2	18990	T	C	64228	10003	38	14	3	34	0.000217906	64248	1	FALSE	NA	NA	NA	NA	NA	NA
NC_045512.2	18990	T	A	64228	10003	38	2	0	30	3.11294e-05	64248	1	FALSE	NA	NA	NA	NA	NA	NA
NC_045512.2	18991	A	T	64081	10036	37	2	0	30	3.12086e-05	64085	1	FALSE	NA	NA	NA	NA	NA	NA
NC_045512.2	18991	A	G	64081	10036	37	2	1	51	3.12086e-05	64085	0.249994	FALSE	NA	NA	NA	NA	NA	NA
NC_045512.2	18992	A	G	62994	10247	37	2	0	34	3.17475e-05	62997	1	FALSE	NA	NA	NA	NA	NA	NA
NC_045512.2	18992	A	C	62994	10247	37	1	1	27	1.58738e-05	62997	1	FALSE	NA	NA	NA	NA	NA	NA
NC_045512.2	18993	A	G	63041	10251	37	7	0	32	0.000111025	63049	1	FALSE	NA	NA	NA	NA	NA	NA
NC_045512.2	18993	A	C	63041	10251	37	1	0	34	1.58607e-05	63049	1	FALSE	NA	NA	NA	NA	NA	NA
NC_045512.2	18994	G	A	60724	10497	37	1	0	34	1.64677e-05	60725	1	FALSE	NA	NA	NA	NA	NA	NA
NC_045512.2	18995	C	T	59159	11579	37	3	0	34	5.07057e-05	59165	1	FALSE	NA	NA	NA	NA	NA	NA
NC_045512.2	18995	C	A	59159	11579	37	3	0	34	5.07057e-05	59165	1	FALSE	NA	NA	NA	NA	NA	NA
NC_045512.2	18996	T	G	58950	11177	37	2	0	34	3.39161e-05	58969	1	FALSE	NA	NA	NA	NA	NA	NA
NC_045512.2	18996	T	C	58950	11177	37	15	7	34	0.000254371	58969	1	FALSE	NA	NA	NA	NA	NA	NA
NC_045512.2	18996	T	A	58950	11177	37	2	0	34	3.39161e-05	58969	1	FALSE	NA	NA	NA	NA	NA	NA
NC_045512.2	18997	G	T	59984	11142	37	2	1	34	3.3335e-05	59997	1	FALSE	NA	NA	NA	NA	NA	NA
NC_045512.2	18997	G	C	59984	11142	37	1	1	27	1.66675e-05	59997	1	FALSE	NA	NA	NA	NA	NA	NA
NC_045512.2	18997	G	A	59984	11142	37	10	2	34	0.000166675	59997	1	FALSE	NA	NA	NA	NA	NA	NA
NC_045512.2	18997	G	-C	59984	11142	37	1	0	20	1.66675e-05	59997	1	FALSE	NA	NA	NA	NA	NA	NA
NC_045512.2	18998	C	T	59111	11511	37	12	2	36	0.000202939	59131	1	FALSE	NA	NA	NA	NA	NA	NA
NC_045512.2	18998	C	G	59111	11511	37	8	0	30	0.000135293	59131	1	FALSE	NA	NA	NA	NA	NA	NA
NC_045512.2	18999	A	G	59947	12022	37	4	1	38	6.67212e-05	59951	1	FALSE	NA	NA	NA	NA	NA	NA
NC_045512.2	19000	T	C	62638	12059	37	2	0	51	3.1927e-05	62643	0.24999	FALSE	NA	NA	NA	NA	NA	NA
NC_045512.2	19000	T	A	62638	12059	37	3	0	34	4.78904e-05	62643	1	FALSE	NA	NA	NA	NA	NA	NA
NC_045512.2	19001	T	C	62562	11913	37	3	3	27	4.79494e-05	62566	1	FALSE	NA	NA	NA	NA	NA	NA
NC_045512.2	19001	T	A	62562	11913	37	1	0	34	1.59831e-05	62566	1	FALSE	NA	NA	NA	NA	NA	NA
NC_045512.2	19001	T	-A	62562	11913	37	1	0	20	1.59831e-05	62566	1	FALSE	NA	NA	NA	NA	NA	NA
NC_045512.2	19002	A	T	63846	12660	37	2	0	30	3.13229e-05	63851	1	FALSE	NA	NA	NA	NA	NA	NA
NC_045512.2	19002	A	G	63846	12660	37	3	1	45	4.69844e-05	63851	0.910156	FALSE	NA	NA	NA	NA	NA	NA
NC_045512.2	19003	T	C	64054	12786	38	2	2	34	3.12207e-05	64060	1	FALSE	NA	NA	NA	NA	NA	NA
NC_045512.2	19003	T	A	64054	12786	38	4	0	32	6.24415e-05	64060	1	FALSE	NA	NA	NA	NA	NA	NA
NC_045512.2	19004	T	G	63045	13042	37	3	0	31	4.75768e-05	63056	1	FALSE	NA	NA	NA	NA	NA	NA
NC_045512.2	19004	T	C	63045	13042	37	8	1	33	0.000126871	63056	1	FALSE	NA	NA	NA	NA	NA	NA
NC_045512.2	19005	A	T	62549	13027	37	1	0	34	1.59829e-05	62567	1	FALSE	NA	NA	NA	NA	NA	NA
NC_045512.2	19005	A	G	62549	13027	37	17	3	43	0.000271709	62567	0.0173367	FALSE	NA	NA	NA	NA	NA	NA
NC_045512.2	19006	G	C	61540	13105	37	3	0	34	4.87448e-05	61545	1	FALSE	NA	NA	NA	NA	NA	NA
NC_045512.2	19006	G	A	61540	13105	37	2	0	34	3.24965e-05	61545	1	FALSE	NA	NA	NA	NA	NA	NA
NC_045512.2	19007	C	G	61149	13125	37	1	0	34	1.6353e-05	61151	1	FALSE	NA	NA	NA	NA	NA	NA
NC_045512.2	19007	C	A	61149	13125	37	1	0	26	1.6353e-05	61151	1	FALSE	NA	NA	NA	NA	NA	NA
NC_045512.2	19008	A	T	61313	12979	37	1	1	38	1.63082e-05	61319	1	FALSE	NA	NA	NA	NA	NA	NA
NC_045512.2	19008	A	G	61313	12979	37	5	0	32	8.15408e-05	61319	1	FALSE	NA	NA	NA	NA	NA	NA
NC_045512.2	19009	G	T	61744	12958	37	4	1	42	6.47721e-05	61755	0.828095	FALSE	NA	NA	NA	NA	NA	NA
NC_045512.2	19009	G	A	61744	12958	37	7	0	34	0.000113351	61755	1	FALSE	NA	NA	NA	NA	NA	NA
NC_045512.2	19010	A	G	63781	17745	39	6	0	34	9.40631e-05	63787	1	FALSE	NA	NA	NA	NA	NA	NA
NC_045512.2	19011	C	T	55523	16010	39	7943	1945	39	0.125152	63467	0	TRUE	NA	NA	NA	NA	NA	NA
NC_045512.2	19011	C	G	55523	16010	39	1	1	34	1.57562e-05	63467	1	FALSE	NA	NA	NA	NA	NA	NA
NC_045512.2	19012	A	G	63336	17918	38	25	9	36	0.000394564	63361	0.999988	FALSE	NA	NA	NA	NA	NA	NA
NC_045512.2	19014	A	G	62516	18123	38	2	1	51	3.19908e-05	62518	0.250002	FALSE	NA	NA	NA	NA	NA	NA
NC_045512.2	19015	T	C	61452	18280	38	4	4	32	6.50872e-05	61456	1	FALSE	NA	NA	NA	NA	NA	NA
NC_045512.2	19016	T	C	61579	18547	38	7	1	37	0.000113657	61589	1	FALSE	NA	NA	NA	NA	NA	NA
NC_045512.2	19016	T	A	61579	18547	38	3	2	31	4.871e-05	61589	1	FALSE	NA	NA	NA	NA	NA	NA
NC_045512.2	19016	T	+C	61579	18547	38	1	0	20	1.62367e-05	61589	1	FALSE	NA	NA	NA	NA	NA	NA
NC_045512.2	19017	C	G	58983	19135	38	1	1	34	1.69535e-05	58985	1	FALSE	NA	NA	NA	NA	NA	NA
NC_045512.2	19017	C	A	58983	19135	38	1	1	34	1.69535e-05	58985	1	FALSE	NA	NA	NA	NA	NA	NA
NC_045512.2	19018	C	T	58875	19148	38	7	3	48	0.000118874	58886	0.387167	FALSE	NA	NA	NA	NA	NA	NA
NC_045512.2	19018	C	G	58875	19148	38	2	2	34	3.39639e-05	58886	1	FALSE	NA	NA	NA	NA	NA	NA
NC_045512.2	19018	C	A	58875	19148	38	2	0	34	3.39639e-05	58886	1	FALSE	NA	NA	NA	NA	NA	NA
NC_045512.2	19019	C	T	55614	19760	38	11	9	41	0.000197753	55625	0.105047	FALSE	NA	NA	NA	NA	NA	NA
NC_045512.2	19020	A	T	55625	19687	38	1	1	34	1.79701e-05	55648	1	FALSE	NA	NA	NA	NA	NA	NA
NC_045512.2	19020	A	G	55625	19687	38	19	9	33	0.000341432	55648	0.999994	FALSE	NA	NA	NA	NA	NA	NA
NC_045512.2	19020	A	C	55625	19687	38	3	2	42	5.39103e-05	55648	0.855366	FALSE	NA	NA	NA	NA	NA	NA
NC_045512.2	19021	G	A	56025	19688	38	1	0	34	1.78489e-05	56026	1	FALSE	NA	NA	NA	NA	NA	NA
NC_045512.2	19022	T	G	55905	19785	38	1	0	34	1.78862e-05	55909	1	FALSE	NA	NA	NA	NA	NA	NA
NC_045512.2	19022	T	C	55905	19785	38	3	1	45	5.36586e-05	55909	0.855478	FALSE	NA	NA	NA	NA	NA	NA
NC_045512.2	19023	T	C	54634	18724	37	6	5	32	0.00010981	54640	1	FALSE	NA	NA	NA	NA	NA	NA
NC_045512.2	19025	T	G	56084	19966	37	3	0	31	5.34807e-05	56095	1	FALSE	NA	NA	NA	NA	NA	NA
NC_045512.2	19025	T	C	56084	19966	37	5	2	40	8.91345e-05	56095	0.622998	FALSE	NA	NA	NA	NA	NA	NA
NC_045512.2	19025	T	A	56084	19966	37	3	1	31	5.34807e-05	56095	1	FALSE	NA	NA	NA	NA	NA	NA
NC_045512.2	19026	T	C	56160	20075	38	2	0	40	3.56106e-05	56163	0.937506	FALSE	NA	NA	NA	NA	NA	NA
NC_045512.2	19026	T	A	56160	20075	38	1	1	34	1.78053e-05	56163	1	FALSE	NA	NA	NA	NA	NA	NA
NC_045512.2	19027	C	G	53007	21082	37	3	0	45	5.65931e-05	53010	0.855484	FALSE	NA	NA	NA	NA	NA	NA
NC_045512.2	19028	A	T	52867	20941	37	1	0	34	1.89107e-05	52880	1	FALSE	NA	NA	NA	NA	NA	NA
NC_045512.2	19028	A	G	52867	20941	37	12	5	36	0.000226929	52880	1	FALSE	NA	NA	NA	NA	NA	NA
NC_045512.2	19029	C	T	53225	21237	37	7	2	34	0.000131497	53233	1	FALSE	NA	NA	NA	NA	NA	NA
NC_045512.2	19029	C	G	53225	21237	37	1	0	27	1.87853e-05	53233	1	FALSE	NA	NA	NA	NA	NA	NA
NC_045512.2	19030	G	T	53081	21083	37	2	1	34	3.7669e-05	53094	1	FALSE	NA	NA	NA	NA	NA	NA
NC_045512.2	19030	G	C	53081	21083	37	9	9	31	0.000169511	53094	1	FALSE	NA	NA	NA	NA	NA	NA
NC_045512.2	19030	G	A	53081	21083	37	2	2	34	3.7669e-05	53094	1	FALSE	NA	NA	NA	NA	NA	NA
NC_045512.2	19031	A	G	55165	20707	37	1	0	34	1.81271e-05	55166	1	FALSE	NA	NA	NA	NA	NA	NA
NC_045512.2	19032	C	T	55442	21328	37	2	0	34	3.60724e-05	55444	1	FALSE	NA	NA	NA	NA	NA	NA
NC_045512.2	19033	A	T	55331	21155	37	1	1	34	1.80701e-05	55340	1	FALSE	NA	NA	NA	NA	NA	NA
NC_045512.2	19033	A	G	55331	21155	37	8	3	38	0.000144561	55340	1	FALSE	NA	NA	NA	NA	NA	NA
NC_045512.2	19033	A	+T	55331	21155	37	1	0	20	1.80701e-05	55340	1	FALSE	NA	NA	NA	NA	NA	NA
NC_045512.2	19034	T	C	55426	21227	37	3	0	34	5.41223e-05	55430	1	FALSE	NA	NA	NA	NA	NA	NA
NC_045512.2	19034	T	A	55426	21227	37	1	1	26	1.80408e-05	55430	1	FALSE	NA	NA	NA	NA	NA	NA
NC_045512.2	19035	T	C	47369	18724	37	8231	2569	36	0.148034	55602	0	TRUE	NA	NA	NA	NA	NA	NA
NC_045512.2	19035	T	A	47369	18724	37	2	0	34	3.59699e-05	55602	1	FALSE	NA	NA	NA	NA	NA	NA
NC_045512.2	19036	G	T	55833	21208	37	1	0	34	1.79099e-05	55835	1	FALSE	NA	NA	NA	NA	NA	NA
NC_045512.2	19036	G	A	55833	21208	37	1	0	26	1.79099e-05	55835	1	FALSE	NA	NA	NA	NA	NA	NA
NC_045512.2	19037	G	T	55863	21244	37	1	1	34	1.78984e-05	55871	1	FALSE	NA	NA	NA	NA	NA	NA
NC_045512.2	19037	G	A	55863	21244	37	7	3	37	0.000125289	55871	1	FALSE	NA	NA	NA	NA	NA	NA
NC_045512.2	19038	T	G	55661	21176	37	2	0	34	3.59208e-05	55678	1	FALSE	NA	NA	NA	NA	NA	NA
NC_045512.2	19038	T	C	55661	21176	37	12	3	36	0.000215525	55678	1	FALSE	NA	NA	NA	NA	NA	NA
NC_045512.2	19038	T	A	55661	21176	37	3	0	28	5.38812e-05	55678	1	FALSE	NA	NA	NA	NA	NA	NA
NC_045512.2	19038	T	-A	55661	21176	37	1	0	20	1.79604e-05	55678	1	FALSE	NA	NA	NA	NA	NA	NA
NC_045512.2	19039	A	G	54715	21258	37	10	4	33	0.000182722	54728	1	FALSE	NA	NA	NA	NA	NA	NA
NC_045512.2	19039	A	C	54715	21258	37	3	3	34	5.48165e-05	54728	1	FALSE	NA	NA	NA	NA	NA	NA
NC_045512.2	19040	A	G	54615	21470	37	5	0	32	9.15399e-05	54621	1	FALSE	NA	NA	NA	NA	NA	NA
NC_045512.2	19040	A	C	54615	21470	37	1	1	34	1.8308e-05	54621	1	FALSE	NA	NA	NA	NA	NA	NA
NC_045512.2	19041	C	T	57713	21466	37	4	2	34	6.93013e-05	57719	1	FALSE	NA	NA	NA	NA	NA	NA
NC_045512.2	19041	C	G	57713	21466	37	1	0	27	1.73253e-05	57719	1	FALSE	NA	NA	NA	NA	NA	NA
NC_045512.2	19041	C	A	57713	21466	37	1	1	34	1.73253e-05	57719	1	FALSE	NA	NA	NA	NA	NA	NA
NC_045512.2	19042	C	T	57637	21382	37	2	2	34	3.46975e-05	57641	1	FALSE	NA	NA	NA	NA	NA	NA
NC_045512.2	19042	C	G	57637	21382	37	1	1	34	1.73488e-05	57641	1	FALSE	NA	NA	NA	NA	NA	NA
NC_045512.2	19042	C	A	57637	21382	37	1	0	34	1.73488e-05	57641	1	FALSE	NA	NA	NA	NA	NA	NA
NC_045512.2	19043	C	T	56915	21407	37	3	1	34	5.27028e-05	56923	1	FALSE	NA	NA	NA	NA	NA	NA
NC_045512.2	19043	C	A	56915	21407	37	5	5	34	8.7838e-05	56923	1	FALSE	NA	NA	NA	NA	NA	NA
NC_045512.2	19044	T	C	56617	21057	37	11	7	34	0.000194236	56632	1	FALSE	NA	NA	NA	NA	NA	NA
NC_045512.2	19044	T	A	56617	21057	37	4	1	34	7.06314e-05	56632	1	FALSE	NA	NA	NA	NA	NA	NA
NC_045512.2	19044	T	-A	56617	21057	37	2	0	20	3.53157e-05	56632	1	FALSE	NA	NA	NA	NA	NA	NA
NC_045512.2	19045	A	G	57713	22485	37	2	2	34	3.4653e-05	57715	1	FALSE	NA	NA	NA	NA	NA	NA
NC_045512.2	19046	A	T	57412	22541	37	3	2	34	5.22457e-05	57421	1	FALSE	NA	NA	NA	NA	NA	NA
NC_045512.2	19046	A	G	57412	22541	37	4	3	34	6.96609e-05	57421	1	FALSE	NA	NA	NA	NA	NA	NA
NC_045512.2	19046	A	C	57412	22541	37	2	2	30	3.48305e-05	57421	1	FALSE	NA	NA	NA	NA	NA	NA
NC_045512.2	19047	A	T	54826	22679	36	1	1	34	1.82389e-05	54828	1	FALSE	NA	NA	NA	NA	NA	NA
NC_045512.2	19047	A	G	54826	22679	36	1	0	34	1.82389e-05	54828	1	FALSE	NA	NA	NA	NA	NA	NA
NC_045512.2	19048	G	T	58146	22676	37	1	0	26	1.71972e-05	58149	1	FALSE	NA	NA	NA	NA	NA	NA
NC_045512.2	19048	G	C	58146	22676	37	1	0	34	1.71972e-05	58149	1	FALSE	NA	NA	NA	NA	NA	NA
NC_045512.2	19048	G	A	58146	22676	37	1	0	68	1.71972e-05	58149	0.499996	FALSE	NA	NA	NA	NA	NA	NA
NC_045512.2	19049	C	T	57242	22905	37	4	3	66	6.98739e-05	57246	0.0624989	FALSE	NA	NA	NA	NA	NA	NA
NC_045512.2	19050	T	G	55225	20927	37	2	0	34	3.62102e-05	55233	1	FALSE	NA	NA	NA	NA	NA	NA
NC_045512.2	19050	T	C	55225	20927	37	6	4	37	0.000108631	55233	1	FALSE	NA	NA	NA	NA	NA	NA
NC_045512.2	19051	A	T	55821	21589	37	1	1	34	1.79096e-05	55836	1	FALSE	NA	NA	NA	NA	NA	NA
NC_045512.2	19051	A	G	55821	21589	37	11	2	32	0.000197006	55836	1	FALSE	NA	NA	NA	NA	NA	NA
NC_045512.2	19051	A	C	55821	21589	37	3	2	26	5.37288e-05	55836	1	FALSE	NA	NA	NA	NA	NA	NA
NC_045512.2	19052	T	G	54738	21474	36	4	1	32	7.30594e-05	54750	1	FALSE	NA	NA	NA	NA	NA	NA
NC_045512.2	19052	T	C	54738	21474	36	8	1	37	0.000146119	54750	1	FALSE	NA	NA	NA	NA	NA	NA
NC_045512.2	19053	T	C	55134	21847	37	8	3	34	0.000145075	55144	1	FALSE	NA	NA	NA	NA	NA	NA
NC_045512.2	19053	T	A	55134	21847	37	2	2	25	3.62687e-05	55144	1	FALSE	NA	NA	NA	NA	NA	NA
NC_045512.2	19053	T	-A	55134	21847	37	3	0	20	5.4403e-05	55144	1	FALSE	NA	NA	NA	NA	NA	NA
NC_045512.2	19054	A	T	55022	21928	37	2	1	34	3.63372e-05	55040	1	FALSE	NA	NA	NA	NA	NA	NA
NC_045512.2	19054	A	G	55022	21928	37	14	4	33	0.00025436	55040	1	FALSE	NA	NA	NA	NA	NA	NA
NC_045512.2	19054	A	C	55022	21928	37	2	2	30	3.63372e-05	55040	1	FALSE	NA	NA	NA	NA	NA	NA
NC_045512.2	19055	A	T	54855	21948	36	1	1	34	1.82269e-05	54864	1	FALSE	NA	NA	NA	NA	NA	NA
NC_045512.2	19055	A	G	54855	21948	36	3	1	45	5.46807e-05	54864	0.855448	FALSE	NA	NA	NA	NA	NA	NA
NC_045512.2	19055	A	C	54855	21948	36	5	2	30	9.11344e-05	54864	1	FALSE	NA	NA	NA	NA	NA	NA
NC_045512.2	19056	G	T	56043	21954	37	1	0	68	1.78431e-05	56044	0.500004	FALSE	NA	NA	NA	NA	NA	NA
NC_045512.2	19057	T	G	55532	22012	37	3	1	56	5.40151e-05	55540	0.124983	FALSE	NA	NA	NA	NA	NA	NA
NC_045512.2	19057	T	C	55532	22012	37	5	0	40	9.00252e-05	55540	0.62303	FALSE	NA	NA	NA	NA	NA	NA
NC_045512.2	19058	G	T	56170	22037	37	1	0	68	1.78021e-05	56173	0.499996	FALSE	NA	NA	NA	NA	NA	NA
NC_045512.2	19058	G	A	56170	22037	37	2	1	34	3.56043e-05	56173	1	FALSE	NA	NA	NA	NA	NA	NA
NC_045512.2	19059	T	G	55821	21930	37	2	0	30	3.58173e-05	55839	1	FALSE	NA	NA	NA	NA	NA	NA
NC_045512.2	19059	T	C	55821	21930	37	13	4	34	0.000232812	55839	1	FALSE	NA	NA	NA	NA	NA	NA
NC_045512.2	19059	T	A	55821	21930	37	3	1	31	5.37259e-05	55839	1	FALSE	NA	NA	NA	NA	NA	NA
NC_045512.2	19060	G	T	55497	21780	37	1	1	34	1.80157e-05	55507	1	FALSE	NA	NA	NA	NA	NA	NA
NC_045512.2	19060	G	A	55497	21780	37	9	3	37	0.000162142	55507	1	FALSE	NA	NA	NA	NA	NA	NA
NC_045512.2	19061	T	C	54697	22308	37	6	5	38	0.000109683	54703	1	FALSE	NA	NA	NA	NA	NA	NA
NC_045512.2	19062	A	T	54030	22406	37	1	0	34	1.85055e-05	54038	1	FALSE	NA	NA	NA	NA	NA	NA
NC_045512.2	19062	A	G	54030	22406	37	7	3	38	0.000129538	54038	1	FALSE	NA	NA	NA	NA	NA	NA
NC_045512.2	19063	C	G	54725	22460	37	1	0	34	1.82722e-05	54728	1	FALSE	NA	NA	NA	NA	NA	NA
NC_045512.2	19063	C	A	54725	22460	37	2	0	34	3.65444e-05	54728	1	FALSE	NA	NA	NA	NA	NA	NA
NC_045512.2	19064	C	G	53876	22993	37	1	0	34	1.85601e-05	53879	1	FALSE	NA	NA	NA	NA	NA	NA
NC_045512.2	19064	C	A	53876	22993	37	2	0	34	3.71202e-05	53879	1	FALSE	NA	NA	NA	NA	NA	NA
NC_045512.2	19065	T	G	53471	22383	37	1	0	34	1.86979e-05	53482	1	FALSE	NA	NA	NA	NA	NA	NA
NC_045512.2	19065	T	C	53471	22383	37	8	4	42	0.000149583	53482	0.290492	FALSE	NA	NA	NA	NA	NA	NA
NC_045512.2	19065	T	A	53471	22383	37	2	1	51	3.73958e-05	53482	0.24996	FALSE	NA	NA	NA	NA	NA	NA
NC_045512.2	19066	C	T	53403	22352	37	7	2	39	0.000131062	53410	1	FALSE	NA	NA	NA	NA	NA	NA
NC_045512.2	19067	A	G	52716	21706	37	6	5	32	0.000113804	52722	1	FALSE	NA	NA	NA	NA	NA	NA
NC_045512.2	19068	A	G	52822	21755	37	8	2	34	0.000151429	52830	1	FALSE	NA	NA	NA	NA	NA	NA
NC_045512.2	19069	G	T	52935	21738	37	1	1	68	1.88907e-05	52936	0.500005	FALSE	NA	NA	NA	NA	NA	NA
NC_045512.2	19070	C	T	48751	22403	36	1	0	34	2.05116e-05	48753	1	FALSE	NA	NA	NA	NA	NA	NA
NC_045512.2	19070	C	G	48751	22403	36	1	0	34	2.05116e-05	48753	1	FALSE	NA	NA	NA	NA	NA	NA
NC_045512.2	19071	T	G	48386	21975	36	3	0	31	6.19912e-05	48394	1	FALSE	NA	NA	NA	NA	NA	NA
NC_045512.2	19071	T	C	48386	21975	36	5	4	34	0.000103319	48394	1	FALSE	NA	NA	NA	NA	NA	NA
NC_045512.2	19071	T	-G	48386	21975	36	1	0	20	2.06637e-05	48394	1	FALSE	NA	NA	NA	NA	NA	NA
NC_045512.2	19072	G	A	48160	21232	36	4	0	34	8.30496e-05	48164	1	FALSE	NA	NA	NA	NA	NA	NA
NC_045512.2	19073	A	G	48480	21409	36	4	1	34	8.25014e-05	48484	1	FALSE	NA	NA	NA	NA	NA	NA
NC_045512.2	19074	T	C	47006	21866	36	4	1	34	8.50883e-05	47010	1	FALSE	NA	NA	NA	NA	NA	NA
NC_045512.2	19075	G	C	47111	21902	36	1	0	34	2.12256e-05	47113	1	FALSE	NA	NA	NA	NA	NA	NA
NC_045512.2	19075	G	A	47111	21902	36	1	0	34	2.12256e-05	47113	1	FALSE	NA	NA	NA	NA	NA	NA
NC_045512.2	19076	T	C	47499	22387	36	7	0	34	0.000147347	47507	1	FALSE	NA	NA	NA	NA	NA	NA
NC_045512.2	19076	T	A	47499	22387	36	1	0	34	2.10495e-05	47507	1	FALSE	NA	NA	NA	NA	NA	NA
NC_045512.2	19077	A	T	46999	21936	36	7	5	34	0.000148898	47012	1	FALSE	NA	NA	NA	NA	NA	NA
NC_045512.2	19077	A	G	46999	21936	36	6	3	34	0.000127627	47012	1	FALSE	NA	NA	NA	NA	NA	NA
NC_045512.2	19078	G	T	47215	21925	36	1	1	27	2.11779e-05	47219	1	FALSE	NA	NA	NA	NA	NA	NA
NC_045512.2	19078	G	C	47215	21925	36	1	0	34	2.11779e-05	47219	1	FALSE	NA	NA	NA	NA	NA	NA
NC_045512.2	19078	G	A	47215	21925	36	2	1	34	4.23558e-05	47219	1	FALSE	NA	NA	NA	NA	NA	NA
NC_045512.2	19079	A	G	46156	22108	36	6	1	32	0.000129969	46165	1	FALSE	NA	NA	NA	NA	NA	NA
NC_045512.2	19079	A	C	46156	22108	36	3	2	28	6.49843e-05	46165	1	FALSE	NA	NA	NA	NA	NA	NA
NC_045512.2	19080	A	T	46438	22598	36	1	1	34	2.15332e-05	46440	1	FALSE	NA	NA	NA	NA	NA	NA
NC_045512.2	19080	A	G	46438	22598	36	1	0	34	2.15332e-05	46440	1	FALSE	NA	NA	NA	NA	NA	NA
NC_045512.2	19081	T	G	45530	21872	36	1	0	34	2.19631e-05	45531	1	FALSE	NA	NA	NA	NA	NA	NA
NC_045512.2	19082	G	T	45315	21885	36	1	0	34	2.20663e-05	45318	1	FALSE	NA	NA	NA	NA	NA	NA
NC_045512.2	19082	G	A	45315	21885	36	2	1	34	4.41326e-05	45318	1	FALSE	NA	NA	NA	NA	NA	NA
NC_045512.2	19083	G	A	45793	22388	36	2	2	34	4.36729e-05	45795	1	FALSE	NA	NA	NA	NA	NA	NA
NC_045512.2	19084	A	T	45743	22328	36	1	1	26	2.18579e-05	45750	1	FALSE	NA	NA	NA	NA	NA	NA
NC_045512.2	19084	A	G	45743	22328	36	3	2	34	6.55738e-05	45750	1	FALSE	NA	NA	NA	NA	NA	NA
NC_045512.2	19084	A	C	45743	22328	36	3	3	34	6.55738e-05	45750	1	FALSE	NA	NA	NA	NA	NA	NA
NC_045512.2	19085	A	T	45691	22367	36	4	4	30	8.75197e-05	45704	1	FALSE	NA	NA	NA	NA	NA	NA
NC_045512.2	19085	A	G	45691	22367	36	8	3	38	0.000175039	45704	1	FALSE	NA	NA	NA	NA	NA	NA
NC_045512.2	19085	A	C	45691	22367	36	1	1	26	2.18799e-05	45704	1	FALSE	NA	NA	NA	NA	NA	NA
NC_045512.2	19086	G	A	46211	22438	36	3	2	34	6.49154e-05	46214	1	FALSE	NA	NA	NA	NA	NA	NA
NC_045512.2	19087	T	C	54698	32475	37	3	2	34	5.48416e-05	54703	1	FALSE	NA	NA	NA	NA	NA	NA
NC_045512.2	19087	T	A	54698	32475	37	2	1	34	3.65611e-05	54703	1	FALSE	NA	NA	NA	NA	NA	NA
NC_045512.2	19088	T	C	53798	32478	37	505	281	37	0.00929933	54305	1.62594e-93	TRUE	NA	NA	NA	NA	NA	NA
NC_045512.2	19088	T	A	53798	32478	37	2	1	30	3.6829e-05	54305	1	FALSE	NA	NA	NA	NA	NA	NA
NC_045512.2	19089	C	T	54529	32993	37	4	3	34	7.33487e-05	54534	1	FALSE	NA	NA	NA	NA	NA	NA
NC_045512.2	19089	C	A	54529	32993	37	1	1	34	1.83372e-05	54534	1	FALSE	NA	NA	NA	NA	NA	NA
NC_045512.2	19090	T	C	54475	32889	37	1	0	34	1.8356e-05	54478	1	FALSE	NA	NA	NA	NA	NA	NA
NC_045512.2	19090	T	A	54475	32889	37	2	0	34	3.67121e-05	54478	1	FALSE	NA	NA	NA	NA	NA	NA
NC_045512.2	19091	A	G	55044	32995	37	10	5	33	0.00018164	55054	1	FALSE	NA	NA	NA	NA	NA	NA
NC_045512.2	19092	T	C	55284	33216	37	7	3	32	0.000126603	55291	1	FALSE	NA	NA	NA	NA	NA	NA
NC_045512.2	19093	G	T	55080	33170	37	24	15	34	0.000435532	55105	0.999869	FALSE	NA	NA	NA	NA	NA	NA
NC_045512.2	19093	G	C	55080	33170	37	1	1	34	1.81472e-05	55105	1	FALSE	NA	NA	NA	NA	NA	NA
NC_045512.2	19094	A	T	56523	34152	37	3	1	34	5.3071e-05	56528	1	FALSE	NA	NA	NA	NA	NA	NA
NC_045512.2	19094	A	G	56523	34152	37	2	1	68	3.53807e-05	56528	0.249989	FALSE	NA	NA	NA	NA	NA	NA
NC_045512.2	19095	T	C	55198	32960	37	6	2	32	0.000108686	55205	1	FALSE	NA	NA	NA	NA	NA	NA
NC_045512.2	19095	T	A	55198	32960	37	1	1	34	1.81143e-05	55205	1	FALSE	NA	NA	NA	NA	NA	NA
NC_045512.2	19096	G	C	55228	32897	37	2	1	34	3.6207e-05	55238	1	FALSE	NA	NA	NA	NA	NA	NA
NC_045512.2	19096	G	A	55228	32897	37	8	6	34	0.000144828	55238	1	FALSE	NA	NA	NA	NA	NA	NA
NC_045512.2	19097	C	T	54729	33435	37	5	3	34	9.13492e-05	54735	1	FALSE	NA	NA	NA	NA	NA	NA
NC_045512.2	19097	C	A	54729	33435	37	1	0	34	1.82698e-05	54735	1	FALSE	NA	NA	NA	NA	NA	NA
NC_045512.2	19098	A	G	54349	32994	37	19	13	34	0.000349464	54369	0.999992	FALSE	NA	NA	NA	NA	NA	NA
NC_045512.2	19098	A	C	54349	32994	37	1	1	34	1.83928e-05	54369	1	FALSE	NA	NA	NA	NA	NA	NA
NC_045512.2	19099	C	T	54303	33234	37	11	7	37	0.000202519	54316	1	FALSE	NA	NA	NA	NA	NA	NA
NC_045512.2	19099	C	A	54303	33234	37	2	0	34	3.68216e-05	54316	1	FALSE	NA	NA	NA	NA	NA	NA
NC_045512.2	19100	A	G	53565	32529	37	6	6	34	0.000111999	53572	1	FALSE	NA	NA	NA	NA	NA	NA
NC_045512.2	19100	A	C	53565	32529	37	1	1	26	1.86665e-05	53572	1	FALSE	NA	NA	NA	NA	NA	NA
NC_045512.2	19100	A	+G	53565	32529	37	1	0	20	1.86665e-05	53572	1	FALSE	NA	NA	NA	NA	NA	NA
NC_045512.2	19101	G	A	54175	32918	37	4	0	38	7.38293e-05	54179	1	FALSE	NA	NA	NA	NA	NA	NA
NC_045512.2	19102	C	T	53476	33367	37	1	1	34	1.86996e-05	53477	1	FALSE	NA	NA	NA	NA	NA	NA
NC_045512.2	19103	C	T	52623	32427	37	1	0	34	1.90002e-05	52631	1	FALSE	NA	NA	NA	NA	NA	NA
NC_045512.2	19103	C	G	52623	32427	37	1	0	34	1.90002e-05	52631	1	FALSE	NA	NA	NA	NA	NA	NA
NC_045512.2	19103	C	A	52623	32427	37	6	0	34	0.000114001	52631	1	FALSE	NA	NA	NA	NA	NA	NA
NC_045512.2	19104	T	G	52272	32163	37	374	266	36	0.00710257	52657	1.02575e-61	TRUE	NA	NA	NA	NA	NA	NA
NC_045512.2	19104	T	C	52272	32163	37	8	2	37	0.000151927	52657	1	FALSE	NA	NA	NA	NA	NA	NA
NC_045512.2	19104	T	A	52272	32163	37	3	3	34	5.69725e-05	52657	1	FALSE	NA	NA	NA	NA	NA	NA
NC_045512.2	19105	T	C	52665	32574	37	9	3	35	0.000170862	52674	1	FALSE	NA	NA	NA	NA	NA	NA
NC_045512.2	19106	G	T	52879	32598	37	4	4	30	7.56344e-05	52886	1	FALSE	NA	NA	NA	NA	NA	NA
NC_045512.2	19106	G	C	52879	32598	37	1	0	34	1.89086e-05	52886	1	FALSE	NA	NA	NA	NA	NA	NA
NC_045512.2	19106	G	A	52879	32598	37	2	1	34	3.78172e-05	52886	1	FALSE	NA	NA	NA	NA	NA	NA
NC_045512.2	19107	T	C	52774	32663	37	9	8	33	0.000170509	52783	1	FALSE	NA	NA	NA	NA	NA	NA
NC_045512.2	19108	A	G	52675	32552	37	11	7	33	0.00020878	52687	1	FALSE	NA	NA	NA	NA	NA	NA
NC_045512.2	19108	A	C	52675	32552	37	1	1	34	1.898e-05	52687	1	FALSE	NA	NA	NA	NA	NA	NA
NC_045512.2	19109	G	T	52718	32492	37	3	3	34	5.69033e-05	52721	1	FALSE	NA	NA	NA	NA	NA	NA
NC_045512.2	19110	T	G	46284	26513	37	4	1	30	8.64024e-05	46295	1	FALSE	NA	NA	NA	NA	NA	NA
NC_045512.2	19110	T	C	46284	26513	37	5	5	32	0.000108003	46295	1	FALSE	NA	NA	NA	NA	NA	NA
NC_045512.2	19110	T	A	46284	26513	37	2	1	34	4.32012e-05	46295	1	FALSE	NA	NA	NA	NA	NA	NA
NC_045512.2	19111	G	A	46328	26461	37	1	0	34	2.15848e-05	46329	1	FALSE	NA	NA	NA	NA	NA	NA
NC_045512.2	19112	A	T	47981	28740	37	3	2	31	6.25078e-05	47994	1	FALSE	NA	NA	NA	NA	NA	NA
NC_045512.2	19112	A	G	47981	28740	37	9	7	35	0.000187523	47994	1	FALSE	NA	NA	NA	NA	NA	NA
NC_045512.2	19112	A	C	47981	28740	37	1	0	46	2.08359e-05	47994	0.968735	FALSE	NA	NA	NA	NA	NA	NA
NC_045512.2	19113	C	A	48419	29229	38	1	1	34	2.06526e-05	48420	1	FALSE	NA	NA	NA	NA	NA	NA
NC_045512.2	19114	A	T	47926	29072	37	2	2	30	4.17232e-05	47935	1	FALSE	NA	NA	NA	NA	NA	NA
NC_045512.2	19114	A	G	47926	29072	37	6	4	38	0.00012517	47935	1	FALSE	NA	NA	NA	NA	NA	NA
NC_045512.2	19114	A	C	47926	29072	37	1	1	34	2.08616e-05	47935	1	FALSE	NA	NA	NA	NA	NA	NA
NC_045512.2	19115	A	T	48209	29259	38	1	1	34	2.07396e-05	48217	1	FALSE	NA	NA	NA	NA	NA	NA
NC_045512.2	19115	A	G	48209	29259	38	6	2	32	0.000124437	48217	1	FALSE	NA	NA	NA	NA	NA	NA
NC_045512.2	19115	A	C	48209	29259	38	1	1	26	2.07396e-05	48217	1	FALSE	NA	NA	NA	NA	NA	NA
NC_045512.2	19116	A	T	48136	29352	37	2	2	34	4.15403e-05	48146	1	FALSE	NA	NA	NA	NA	NA	NA
NC_045512.2	19116	A	G	48136	29352	37	7	2	37	0.000145391	48146	1	FALSE	NA	NA	NA	NA	NA	NA
NC_045512.2	19116	A	C	48136	29352	37	1	0	34	2.07702e-05	48146	1	FALSE	NA	NA	NA	NA	NA	NA
NC_045512.2	19117	G	C	48321	29322	37	2	2	34	4.13864e-05	48325	1	FALSE	NA	NA	NA	NA	NA	NA
NC_045512.2	19117	G	A	48321	29322	37	2	2	34	4.13864e-05	48325	1	FALSE	NA	NA	NA	NA	NA	NA
NC_045512.2	19118	C	T	49317	30519	38	1	1	34	2.02766e-05	49318	1	FALSE	NA	NA	NA	NA	NA	NA
NC_045512.2	19119	T	G	49240	30424	38	4	0	34	8.121e-05	49255	1	FALSE	NA	NA	NA	NA	NA	NA
NC_045512.2	19119	T	C	49240	30424	38	6	3	38	0.000121815	49255	1	FALSE	NA	NA	NA	NA	NA	NA
NC_045512.2	19119	T	A	49240	30424	38	5	3	34	0.000101513	49255	1	FALSE	NA	NA	NA	NA	NA	NA
NC_045512.2	19120	T	C	49367	30662	38	5	4	34	0.00010127	49373	1	FALSE	NA	NA	NA	NA	NA	NA
NC_045512.2	19120	T	A	49367	30662	38	1	0	26	2.0254e-05	49373	1	FALSE	NA	NA	NA	NA	NA	NA
NC_045512.2	19121	A	G	49192	30402	37	2	0	30	4.06554e-05	49194	1	FALSE	NA	NA	NA	NA	NA	NA
NC_045512.2	19122	T	C	49358	30930	38	2	1	34	4.05186e-05	49360	1	FALSE	NA	NA	NA	NA	NA	NA
NC_045512.2	19122	T	-A	49358	30930	38	4	0	20	8.10373e-05	49360	1	FALSE	NA	NA	NA	NA	NA	NA
NC_045512.2	19123	A	T	49191	30794	38	1	0	34	2.03273e-05	49195	1	FALSE	NA	NA	NA	NA	NA	NA
NC_045512.2	19123	A	G	49191	30794	38	3	1	34	6.09818e-05	49195	1	FALSE	NA	NA	NA	NA	NA	NA
NC_045512.2	19124	A	G	49360	30872	38	3	1	38	6.07718e-05	49365	1	FALSE	NA	NA	NA	NA	NA	NA
NC_045512.2	19124	A	C	49360	30872	38	2	2	34	4.05145e-05	49365	1	FALSE	NA	NA	NA	NA	NA	NA
NC_045512.2	19125	A	T	48275	30809	37	1	0	34	2.07134e-05	48278	1	FALSE	NA	NA	NA	NA	NA	NA
NC_045512.2	19125	A	G	48275	30809	37	1	1	34	2.07134e-05	48278	1	FALSE	NA	NA	NA	NA	NA	NA
NC_045512.2	19125	A	C	48275	30809	37	1	1	26	2.07134e-05	48278	1	FALSE	NA	NA	NA	NA	NA	NA
NC_045512.2	19126	A	T	49020	30880	38	1	1	34	2.0399e-05	49022	1	FALSE	NA	NA	NA	NA	NA	NA
NC_045512.2	19126	A	G	49020	30880	38	1	1	34	2.0399e-05	49022	1	FALSE	NA	NA	NA	NA	NA	NA
NC_045512.2	19127	T	G	49416	31463	38	3	0	34	6.07029e-05	49421	1	FALSE	NA	NA	NA	NA	NA	NA
NC_045512.2	19127	T	C	49416	31463	38	2	1	34	4.04686e-05	49421	1	FALSE	NA	NA	NA	NA	NA	NA
NC_045512.2	19128	A	T	49014	31045	38	1	0	27	2.0399e-05	49022	1	FALSE	NA	NA	NA	NA	NA	NA
NC_045512.2	19128	A	G	49014	31045	38	7	4	38	0.000142793	49022	1	FALSE	NA	NA	NA	NA	NA	NA
NC_045512.2	19129	G	-A	48998	31046	38	1	0	20	2.0409e-05	48998	1	FALSE	NA	NA	NA	NA	NA	NA
NC_045512.2	19130	A	G	48348	31132	38	3	3	45	6.20424e-05	48354	0.773421	FALSE	NA	NA	NA	NA	NA	NA
NC_045512.2	19130	A	C	48348	31132	38	3	3	40	6.20424e-05	48354	0.773421	FALSE	NA	NA	NA	NA	NA	NA
NC_045512.2	19131	A	G	48441	31239	38	3	2	39	6.19233e-05	48447	1	FALSE	NA	NA	NA	NA	NA	NA
NC_045512.2	19131	A	C	48441	31239	38	3	3	34	6.19233e-05	48447	1	FALSE	NA	NA	NA	NA	NA	NA
NC_045512.2	19131	A	+GACAG	48441	31239	38	2	0	20	4.12822e-05	48447	1	FALSE	NA	NA	NA	NA	NA	NA
NC_045512.2	19132	G	A	47222	31650	37	2	1	30	4.23513e-05	47224	1	FALSE	NA	NA	NA	NA	NA	NA
NC_045512.2	19132	G	-A	47222	31650	37	1	0	20	2.11757e-05	47224	1	FALSE	NA	NA	NA	NA	NA	NA
NC_045512.2	19133	A	G	47959	32780	37	5	4	32	0.000104232	47970	1	FALSE	NA	NA	NA	NA	NA	NA
NC_045512.2	19133	A	C	47959	32780	37	6	6	31	0.000125078	47970	1	FALSE	NA	NA	NA	NA	NA	NA
NC_045512.2	19134	A	T	48047	33013	37	1	1	26	2.08108e-05	48052	1	FALSE	NA	NA	NA	NA	NA	NA
NC_045512.2	19134	A	G	48047	33013	37	1	1	26	2.08108e-05	48052	1	FALSE	NA	NA	NA	NA	NA	NA
NC_045512.2	19134	A	C	48047	33013	37	3	3	34	6.24324e-05	48052	1	FALSE	NA	NA	NA	NA	NA	NA
NC_045512.2	19135	T	G	47809	32712	37	2	0	29	4.18261e-05	47817	1	FALSE	NA	NA	NA	NA	NA	NA
NC_045512.2	19135	T	C	47809	32712	37	5	1	34	0.000104565	47817	1	FALSE	NA	NA	NA	NA	NA	NA
NC_045512.2	19135	T	A	47809	32712	37	1	1	34	2.09131e-05	47817	1	FALSE	NA	NA	NA	NA	NA	NA
NC_045512.2	19136	T	C	49910	35307	38	3	2	34	6.01034e-05	49914	1	FALSE	NA	NA	NA	NA	NA	NA
NC_045512.2	19136	T	A	49910	35307	38	1	1	34	2.00345e-05	49914	1	FALSE	NA	NA	NA	NA	NA	NA
NC_045512.2	19137	A	T	50558	35581	37	2	1	34	3.95538e-05	50564	1	FALSE	NA	NA	NA	NA	NA	NA
NC_045512.2	19137	A	G	50558	35581	37	4	4	34	7.91077e-05	50564	1	FALSE	NA	NA	NA	NA	NA	NA
NC_045512.2	19138	T	C	50662	35470	38	3	2	30	5.92125e-05	50665	1	FALSE	NA	NA	NA	NA	NA	NA
NC_045512.2	19139	T	C	51790	36770	38	12	8	34	0.000231651	51802	1	FALSE	NA	NA	NA	NA	NA	NA
NC_045512.2	19140	C	T	50268	37760	37	1	1	34	1.98918e-05	50272	1	FALSE	NA	NA	NA	NA	NA	NA
NC_045512.2	19140	C	G	50268	37760	37	1	1	34	1.98918e-05	50272	1	FALSE	NA	NA	NA	NA	NA	NA
NC_045512.2	19140	C	A	50268	37760	37	2	0	64	3.97836e-05	50272	0.249993	FALSE	NA	NA	NA	NA	NA	NA
NC_045512.2	19141	T	G	48033	35531	37	1	1	26	2.08151e-05	48042	1	FALSE	NA	NA	NA	NA	NA	NA
NC_045512.2	19141	T	C	48033	35531	37	5	4	40	0.000104076	48042	0.499962	FALSE	NA	NA	NA	NA	NA	NA
NC_045512.2	19141	T	A	48033	35531	37	3	2	34	6.24454e-05	48042	1	FALSE	NA	NA	NA	NA	NA	NA
NC_045512.2	19142	A	T	49061	36470	37	1	0	26	2.03811e-05	49065	1	FALSE	NA	NA	NA	NA	NA	NA
NC_045512.2	19142	A	G	49061	36470	37	3	2	34	6.11434e-05	49065	1	FALSE	NA	NA	NA	NA	NA	NA
NC_045512.2	19143	T	C	49216	36552	37	7	6	34	0.000142204	49225	1	FALSE	NA	NA	NA	NA	NA	NA
NC_045512.2	19143	T	A	49216	36552	37	2	1	34	4.06298e-05	49225	1	FALSE	NA	NA	NA	NA	NA	NA
NC_045512.2	19144	T	G	48232	35580	36	1	1	26	2.07293e-05	48241	1	FALSE	NA	NA	NA	NA	NA	NA
NC_045512.2	19144	T	C	48232	35580	36	7	3	40	0.000145105	48241	0.274391	FALSE	NA	NA	NA	NA	NA	NA
NC_045512.2	19144	T	A	48232	35580	36	1	1	26	2.07293e-05	48241	1	FALSE	NA	NA	NA	NA	NA	NA
NC_045512.2	19145	C	T	49282	36692	37	3	3	34	6.08692e-05	49286	1	FALSE	NA	NA	NA	NA	NA	NA
NC_045512.2	19145	C	G	49282	36692	37	1	1	34	2.02897e-05	49286	1	FALSE	NA	NA	NA	NA	NA	NA
NC_045512.2	19145	C	-T	49282	36692	37	1	0	20	2.02897e-05	49286	1	FALSE	NA	NA	NA	NA	NA	NA
NC_045512.2	19146	T	C	47596	35042	37	2	1	34	4.20177e-05	47599	1	FALSE	NA	NA	NA	NA	NA	NA
NC_045512.2	19146	T	A	47596	35042	37	1	1	34	2.10088e-05	47599	1	FALSE	NA	NA	NA	NA	NA	NA
NC_045512.2	19147	T	C	47808	35353	37	5	5	47	0.000104574	47813	0.500013	FALSE	NA	NA	NA	NA	NA	NA
NC_045512.2	19148	A	T	48840	36114	37	1	1	26	2.04733e-05	48844	1	FALSE	NA	NA	NA	NA	NA	NA
NC_045512.2	19148	A	G	48840	36114	37	2	2	34	4.09467e-05	48844	1	FALSE	NA	NA	NA	NA	NA	NA
NC_045512.2	19148	A	C	48840	36114	37	1	1	26	2.04733e-05	48844	1	FALSE	NA	NA	NA	NA	NA	NA
NC_045512.2	19149	T	C	47665	36598	37	3	2	34	6.2934e-05	47669	1	FALSE	NA	NA	NA	NA	NA	NA
NC_045512.2	19149	T	A	47665	36598	37	1	0	34	2.0978e-05	47669	1	FALSE	NA	NA	NA	NA	NA	NA
NC_045512.2	19150	G	T	47401	36580	37	2	2	30	4.2187e-05	47408	1	FALSE	NA	NA	NA	NA	NA	NA
NC_045512.2	19150	G	A	47401	36580	37	5	4	32	0.000105467	47408	1	FALSE	NA	NA	NA	NA	NA	NA
NC_045512.2	19151	C	T	47432	36871	37	17	16	33	0.000358257	47452	0.999962	FALSE	NA	NA	NA	NA	NA	NA
NC_045512.2	19151	C	G	47432	36871	37	3	0	31	6.32218e-05	47452	1	FALSE	NA	NA	NA	NA	NA	NA
NC_045512.2	19152	C	T	50574	40308	37	2	2	34	3.95444e-05	50576	1	FALSE	NA	NA	NA	NA	NA	NA
NC_045512.2	19153	A	T	50725	40437	37	5	5	39	9.85474e-05	50737	1	FALSE	NA	NA	NA	NA	NA	NA
NC_045512.2	19153	A	G	50725	40437	37	5	3	32	9.85474e-05	50737	1	FALSE	NA	NA	NA	NA	NA	NA
NC_045512.2	19153	A	C	50725	40437	37	2	2	34	3.9419e-05	50737	1	FALSE	NA	NA	NA	NA	NA	NA
NC_045512.2	19154	C	T	50657	40418	37	4	4	42	7.89531e-05	50663	0.746094	FALSE	NA	NA	NA	NA	NA	NA
NC_045512.2	19154	C	A	50657	40418	37	2	2	34	3.94765e-05	50663	1	FALSE	NA	NA	NA	NA	NA	NA
NC_045512.2	19155	A	T	53802	43935	37	1	1	26	1.85832e-05	53812	1	FALSE	NA	NA	NA	NA	NA	NA
NC_045512.2	19155	A	G	53802	43935	37	7	7	34	0.000130083	53812	1	FALSE	NA	NA	NA	NA	NA	NA
NC_045512.2	19155	A	C	53802	43935	37	2	2	30	3.71664e-05	53812	1	FALSE	NA	NA	NA	NA	NA	NA
NC_045512.2	19156	C	T	53597	44272	37	5	5	34	9.32784e-05	53603	1	FALSE	NA	NA	NA	NA	NA	NA
NC_045512.2	19156	C	A	53597	44272	37	1	1	34	1.86557e-05	53603	1	FALSE	NA	NA	NA	NA	NA	NA
NC_045512.2	19156	C	-A	53597	44272	37	3	0	20	5.5967e-05	53603	1	FALSE	NA	NA	NA	NA	NA	NA
NC_045512.2	19157	A	T	52125	42904	37	2	2	34	3.83634e-05	52133	1	FALSE	NA	NA	NA	NA	NA	NA
NC_045512.2	19157	A	G	52125	42904	37	1	0	68	1.91817e-05	52133	0.499957	FALSE	NA	NA	NA	NA	NA	NA
NC_045512.2	19157	A	C	52125	42904	37	5	5	34	9.59085e-05	52133	1	FALSE	NA	NA	NA	NA	NA	NA
NC_045512.2	19158	T	C	52103	42896	37	5	3	38	9.59546e-05	52108	1	FALSE	NA	NA	NA	NA	NA	NA
NC_045512.2	19159	T	C	52070	43323	37	7	6	38	0.000134414	52078	1	FALSE	NA	NA	NA	NA	NA	NA
NC_045512.2	19159	T	A	52070	43323	37	1	1	26	1.9202e-05	52078	1	FALSE	NA	NA	NA	NA	NA	NA
NC_045512.2	19160	C	T	56229	48225	37	1	1	26	1.77838e-05	56231	1	FALSE	NA	NA	NA	NA	NA	NA
NC_045512.2	19160	C	G	56229	48225	37	1	0	68	1.77838e-05	56231	0.5	FALSE	NA	NA	NA	NA	NA	NA
NC_045512.2	19161	T	C	55390	47387	37	7	6	36	0.000126361	55397	1	FALSE	NA	NA	NA	NA	NA	NA
NC_045512.2	19161	T	-G	55390	47387	37	1	0	20	1.80515e-05	55397	1	FALSE	NA	NA	NA	NA	NA	NA
NC_045512.2	19162	G	T	55763	47741	37	3	3	28	5.37885e-05	55774	1	FALSE	NA	NA	NA	NA	NA	NA
NC_045512.2	19162	G	C	55763	47741	37	1	1	34	1.79295e-05	55774	1	FALSE	NA	NA	NA	NA	NA	NA
NC_045512.2	19162	G	A	55763	47741	37	7	4	53	0.000125507	55774	0.00780907	TRUE	NA	NA	NA	NA	NA	NA
NC_045512.2	19163	A	T	57566	49672	37	1	1	34	1.73702e-05	57570	1	FALSE	NA	NA	NA	NA	NA	NA
NC_045512.2	19163	A	G	57566	49672	37	2	1	51	3.47403e-05	57570	0.249993	FALSE	NA	NA	NA	NA	NA	NA
NC_045512.2	19163	A	C	57566	49672	37	1	1	34	1.73702e-05	57570	1	FALSE	NA	NA	NA	NA	NA	NA
NC_045512.2	19165	A	T	67389	61217	37	2	1	25	2.96732e-05	67401	1	FALSE	NA	NA	NA	NA	NA	NA
NC_045512.2	19165	A	G	67389	61217	37	10	8	32	0.000148366	67401	1	FALSE	NA	NA	NA	NA	NA	NA
NC_045512.2	19166	A	T	67642	61425	37	1	1	34	1.47826e-05	67647	1	FALSE	NA	NA	NA	NA	NA	NA
NC_045512.2	19166	A	G	67642	61425	37	4	2	51	5.91305e-05	67647	0.0624972	FALSE	NA	NA	NA	NA	NA	NA
NC_045512.2	19167	A	T	67892	61716	37	1	1	34	1.47286e-05	67895	1	FALSE	NA	NA	NA	NA	NA	NA
NC_045512.2	19167	A	G	67892	61716	37	2	2	34	2.94573e-05	67895	1	FALSE	NA	NA	NA	NA	NA	NA
NC_045512.2	19168	T	C	66877	60592	37	3	3	34	4.48558e-05	66881	1	FALSE	NA	NA	NA	NA	NA	NA
NC_045512.2	19168	T	A	66877	60592	37	1	1	34	1.49519e-05	66881	1	FALSE	NA	NA	NA	NA	NA	NA
NC_045512.2	19169	T	C	73260	67575	38	10	10	50	0.000136482	73270	0.000976329	TRUE	NA	NA	NA	NA	NA	NA
NC_045512.2	19170	C	G	73410	67816	38	1	1	34	1.36218e-05	73412	1	FALSE	NA	NA	NA	NA	NA	NA
NC_045512.2	19170	C	A	73410	67816	38	1	1	34	1.36218e-05	73412	1	FALSE	NA	NA	NA	NA	NA	NA
NC_045512.2	19171	A	T	73113	67519	38	4	3	43	5.46889e-05	73141	0.886626	FALSE	NA	NA	NA	NA	NA	NA
NC_045512.2	19171	A	G	73113	67519	38	24	22	34	0.000328133	73141	1	FALSE	NA	NA	NA	NA	NA	NA
NC_045512.2	19172	C	T	73057	67813	37	7	7	38	9.58012e-05	73068	1	FALSE	NA	NA	NA	NA	NA	NA
NC_045512.2	19172	C	G	73057	67813	37	2	1	68	2.73718e-05	73068	0.249971	FALSE	NA	NA	NA	NA	NA	NA
NC_045512.2	19172	C	A	73057	67813	37	2	2	51	2.73718e-05	73068	0.249971	FALSE	NA	NA	NA	NA	NA	NA
NC_045512.2	19173	A	T	72824	67571	37	2	2	26	2.74567e-05	72842	1	FALSE	NA	NA	NA	NA	NA	NA
NC_045512.2	19173	A	G	72824	67571	37	14	11	38	0.000192197	72842	1	FALSE	NA	NA	NA	NA	NA	NA
NC_045512.2	19173	A	C	72824	67571	37	2	2	30	2.74567e-05	72842	1	FALSE	NA	NA	NA	NA	NA	NA
NC_045512.2	19174	G	T	72944	67735	37	4	4	34	5.48253e-05	72959	1	FALSE	NA	NA	NA	NA	NA	NA
NC_045512.2	19174	G	C	72944	67735	37	2	2	34	2.74127e-05	72959	1	FALSE	NA	NA	NA	NA	NA	NA
NC_045512.2	19174	G	A	72944	67735	37	9	9	33	0.000123357	72959	1	FALSE	NA	NA	NA	NA	NA	NA
NC_045512.2	19175	A	T	72521	67315	37	2	2	26	2.7574e-05	72532	1	FALSE	NA	NA	NA	NA	NA	NA
NC_045512.2	19175	A	G	72521	67315	37	9	7	37	0.000124083	72532	1	FALSE	NA	NA	NA	NA	NA	NA
NC_045512.2	19176	T	C	71893	66730	37	12	12	35	0.000166885	71906	1	FALSE	NA	NA	NA	NA	NA	NA
NC_045512.2	19176	T	A	71893	66730	37	1	1	34	1.3907e-05	71906	1	FALSE	NA	NA	NA	NA	NA	NA
NC_045512.2	19177	G	T	70548	65395	37	1	1	26	1.41739e-05	70552	1	FALSE	NA	NA	NA	NA	NA	NA
NC_045512.2	19177	G	C	70548	65395	37	1	1	34	1.41739e-05	70552	1	FALSE	NA	NA	NA	NA	NA	NA
NC_045512.2	19177	G	A	70548	65395	37	2	2	51	2.83479e-05	70552	0.249995	FALSE	NA	NA	NA	NA	NA	NA
NC_045512.2	19178	G	T	72095	66957	37	4	4	34	5.54739e-05	72106	1	FALSE	NA	NA	NA	NA	NA	NA
NC_045512.2	19178	G	C	72095	66957	37	3	3	31	4.16054e-05	72106	1	FALSE	NA	NA	NA	NA	NA	NA
NC_045512.2	19178	G	A	72095	66957	37	4	4	34	5.54739e-05	72106	1	FALSE	NA	NA	NA	NA	NA	NA
NC_045512.2	19179	T	C	71308	66316	37	12	11	33	0.000168253	71321	1	FALSE	NA	NA	NA	NA	NA	NA
NC_045512.2	19179	T	A	71308	66316	37	1	1	34	1.40211e-05	71321	1	FALSE	NA	NA	NA	NA	NA	NA
NC_045512.2	19180	G	T	71882	66886	37	1	1	34	1.39105e-05	71888	1	FALSE	NA	NA	NA	NA	NA	NA
NC_045512.2	19180	G	C	71882	66886	37	1	1	34	1.39105e-05	71888	1	FALSE	NA	NA	NA	NA	NA	NA
NC_045512.2	19180	G	A	71882	66886	37	4	4	34	5.56421e-05	71888	1	FALSE	NA	NA	NA	NA	NA	NA
NC_045512.2	19181	T	C	71299	66325	37	16	15	39	0.000224357	71315	1	FALSE	NA	NA	NA	NA	NA	NA
NC_045512.2	19182	A	T	71315	66367	37	2	2	34	2.80407e-05	71325	1	FALSE	NA	NA	NA	NA	NA	NA
NC_045512.2	19182	A	G	71315	66367	37	8	7	40	0.000112163	71325	0.499989	FALSE	NA	NA	NA	NA	NA	NA
NC_045512.2	19183	T	C	70758	65814	37	1	1	34	1.41321e-05	70761	1	FALSE	NA	NA	NA	NA	NA	NA
NC_045512.2	19183	T	A	70758	65814	37	2	1	29	2.82642e-05	70761	1	FALSE	NA	NA	NA	NA	NA	NA
NC_045512.2	19184	G	T	70347	65446	37	2	2	26	2.84224e-05	70367	1	FALSE	NA	NA	NA	NA	NA	NA
NC_045512.2	19184	G	C	70347	65446	37	3	3	28	4.26336e-05	70367	1	FALSE	NA	NA	NA	NA	NA	NA
NC_045512.2	19184	G	A	70347	65446	37	15	15	35	0.000213168	70367	1	FALSE	NA	NA	NA	NA	NA	NA
NC_045512.2	19185	C	T	70404	65547	37	14	14	34	0.000198796	70424	1	FALSE	NA	NA	NA	NA	NA	NA
NC_045512.2	19185	C	G	70404	65547	37	3	3	34	4.25991e-05	70424	1	FALSE	NA	NA	NA	NA	NA	NA
NC_045512.2	19185	C	A	70404	65547	37	3	2	45	4.25991e-05	70424	0.945279	FALSE	NA	NA	NA	NA	NA	NA
NC_045512.2	19186	C	T	70111	65651	37	1	1	34	1.42627e-05	70113	1	FALSE	NA	NA	NA	NA	NA	NA
NC_045512.2	19186	C	A	70111	65651	37	1	1	34	1.42627e-05	70113	1	FALSE	NA	NA	NA	NA	NA	NA
NC_045512.2	19187	T	C	57954	53683	37	13	13	33	0.000224266	57967	1	FALSE	NA	NA	NA	NA	NA	NA
NC_045512.2	19188	A	T	57912	53667	37	1	0	26	1.72655e-05	57919	1	FALSE	NA	NA	NA	NA	NA	NA
NC_045512.2	19188	A	G	57912	53667	37	4	4	34	6.9062e-05	57919	1	FALSE	NA	NA	NA	NA	NA	NA
NC_045512.2	19188	A	C	57912	53667	37	2	2	34	3.4531e-05	57919	1	FALSE	NA	NA	NA	NA	NA	NA
NC_045512.2	19188	A	-T	57912	53667	37	9	0	20	0.000155389	57919	1	FALSE	NA	NA	NA	NA	NA	NA
NC_045512.2	19189	T	C	57883	53635	37	3	3	34	5.18251e-05	57887	1	FALSE	NA	NA	NA	NA	NA	NA
NC_045512.2	19189	T	A	57883	53635	37	1	1	34	1.7275e-05	57887	1	FALSE	NA	NA	NA	NA	NA	NA
NC_045512.2	19190	T	C	56984	52833	37	8	8	33	0.000140368	56993	1	FALSE	NA	NA	NA	NA	NA	NA
NC_045512.2	19190	T	A	56984	52833	37	1	1	68	1.7546e-05	56993	0.499969	FALSE	NA	NA	NA	NA	NA	NA
NC_045512.2	19191	T	G	57414	53267	37	1	1	34	1.74152e-05	57421	1	FALSE	NA	NA	NA	NA	NA	NA
NC_045512.2	19191	T	C	57414	53267	37	6	5	45	0.000104491	57421	0.5	FALSE	NA	NA	NA	NA	NA	NA
NC_045512.2	19192	T	G	57661	53797	37	2	2	34	3.46644e-05	57696	1	FALSE	NA	NA	NA	NA	NA	NA
NC_045512.2	19192	T	C	57661	53797	37	32	32	35	0.000554631	57696	0.997235	FALSE	NA	NA	NA	NA	NA	NA
NC_045512.2	19192	T	A	57661	53797	37	1	1	34	1.73322e-05	57696	1	FALSE	NA	NA	NA	NA	NA	NA
NC_045512.2	19193	G	A	57080	53210	37	5	5	30	8.75887e-05	57085	1	FALSE	NA	NA	NA	NA	NA	NA
NC_045512.2	19194	G	T	56855	52997	37	1	1	26	1.75883e-05	56856	1	FALSE	NA	NA	NA	NA	NA	NA
NC_045512.2	19195	A	T	56132	52584	37	2	1	46	3.56252e-05	56140	0.937491	FALSE	NA	NA	NA	NA	NA	NA
NC_045512.2	19195	A	G	56132	52584	37	6	4	45	0.000106876	56140	0.499988	FALSE	NA	NA	NA	NA	NA	NA
NC_045512.2	19196	A	G	56255	52725	37	4	4	34	7.10997e-05	56259	1	FALSE	NA	NA	NA	NA	NA	NA
NC_045512.2	19197	T	C	55915	52462	37	3	2	45	5.365e-05	55918	0.855483	FALSE	NA	NA	NA	NA	NA	NA
NC_045512.2	19198	T	G	55718	52266	37	1	1	34	1.79462e-05	55722	1	FALSE	NA	NA	NA	NA	NA	NA
NC_045512.2	19198	T	C	55718	52266	37	3	3	34	5.38387e-05	55722	1	FALSE	NA	NA	NA	NA	NA	NA
NC_045512.2	19198	T	-G	55718	52266	37	1	0	20	1.79462e-05	55722	1	FALSE	NA	NA	NA	NA	NA	NA
NC_045512.2	19199	G	C	55727	52278	37	1	1	34	1.79366e-05	55752	1	FALSE	NA	NA	NA	NA	NA	NA
NC_045512.2	19199	G	A	55727	52278	37	24	22	41	0.000430478	55752	0.000272581	TRUE	NA	NA	NA	NA	NA	NA
NC_045512.2	19200	C	T	55836	52430	37	16	14	39	0.000286471	55852	0.999999	FALSE	NA	NA	NA	NA	NA	NA
NC_045512.2	19201	A	G	55783	52370	37	5	4	40	8.9625e-05	55788	0.623063	FALSE	NA	NA	NA	NA	NA	NA
NC_045512.2	19202	A	T	55520	53468	35	1	1	34	1.80089e-05	55528	1	FALSE	NA	NA	NA	NA	NA	NA
NC_045512.2	19202	A	G	55520	53468	35	4	4	32	7.20357e-05	55528	1	FALSE	NA	NA	NA	NA	NA	NA
NC_045512.2	19202	A	C	55520	53468	35	3	3	34	5.40268e-05	55528	1	FALSE	NA	NA	NA	NA	NA	NA
NC_045512.2	19203	T	C	54871	52824	35	3	3	31	5.46707e-05	54874	1	FALSE	NA	NA	NA	NA	NA	NA
NC_045512.2	19204	G	A	55246	53223	35	4	4	34	7.23982e-05	55250	1	FALSE	NA	NA	NA	NA	NA	NA
NC_045512.2	19205	T	C	54979	52966	35	2	2	34	3.63755e-05	54982	1	FALSE	NA	NA	NA	NA	NA	NA
NC_045512.2	19205	T	A	54979	52966	35	1	1	34	1.81878e-05	54982	1	FALSE	NA	NA	NA	NA	NA	NA
NC_045512.2	19206	C	T	54678	52727	35	3	3	31	5.48627e-05	54682	1	FALSE	NA	NA	NA	NA	NA	NA
NC_045512.2	19206	C	A	54678	52727	35	1	1	34	1.82876e-05	54682	1	FALSE	NA	NA	NA	NA	NA	NA
NC_045512.2	19207	G	C	54665	52714	35	4	4	32	7.31649e-05	54671	1	FALSE	NA	NA	NA	NA	NA	NA
NC_045512.2	19207	G	A	54665	52714	35	2	2	34	3.65825e-05	54671	1	FALSE	NA	NA	NA	NA	NA	NA
NC_045512.2	19208	A	G	54651	52702	35	4	4	51	7.31864e-05	54655	0.0624989	FALSE	NA	NA	NA	NA	NA	NA
NC_045512.2	19209	T	C	54653	52712	35	1	1	34	1.82969e-05	54654	1	FALSE	NA	NA	NA	NA	NA	NA
NC_045512.2	19210	A	T	54539	52710	35	1	1	20	1.83328e-05	54547	1	FALSE	NA	NA	NA	NA	NA	NA
NC_045512.2	19210	A	G	54539	52710	35	7	7	32	0.00012833	54547	1	FALSE	NA	NA	NA	NA	NA	NA
NC_045512.2	19211	G	T	54474	52641	35	1	1	34	1.83567e-05	54476	1	FALSE	NA	NA	NA	NA	NA	NA
NC_045512.2	19211	G	A	54474	52641	35	1	1	34	1.83567e-05	54476	1	FALSE	NA	NA	NA	NA	NA	NA
NC_045512.2	19212	A	T	54362	52580	35	1	1	34	1.83945e-05	54364	1	FALSE	NA	NA	NA	NA	NA	NA
NC_045512.2	19212	A	G	54362	52580	35	1	1	34	1.83945e-05	54364	1	FALSE	NA	NA	NA	NA	NA	NA
NC_045512.2	19213	T	C	51123	48907	35	5	5	40	9.77938e-05	51128	0.623065	FALSE	NA	NA	NA	NA	NA	NA
NC_045512.2	19214	A	G	51657	49469	35	4	2	34	7.74278e-05	51661	1	FALSE	NA	NA	NA	NA	NA	NA
NC_045512.2	19215	T	C	51286	49070	35	3	3	31	5.84887e-05	51292	1	FALSE	NA	NA	NA	NA	NA	NA
NC_045512.2	19215	T	A	51286	49070	35	3	3	34	5.84887e-05	51292	1	FALSE	NA	NA	NA	NA	NA	NA
NC_045512.2	19217	C	T	51037	49065	35	3	3	34	5.87705e-05	51046	1	FALSE	NA	NA	NA	NA	NA	NA
NC_045512.2	19217	C	A	51037	49065	35	6	4	34	0.000117541	51046	1	FALSE	NA	NA	NA	NA	NA	NA
NC_045512.2	19218	T	C	49849	47873	35	8	8	33	0.000160459	49857	1	FALSE	NA	NA	NA	NA	NA	NA
NC_045512.2	19219	G	T	49792	47791	35	1	1	26	2.00807e-05	49799	1	FALSE	NA	NA	NA	NA	NA	NA
NC_045512.2	19219	G	C	49792	47791	35	1	1	34	2.00807e-05	49799	1	FALSE	NA	NA	NA	NA	NA	NA
NC_045512.2	19219	G	A	49792	47791	35	5	5	34	0.000100404	49799	1	FALSE	NA	NA	NA	NA	NA	NA
NC_045512.2	19220	C	T	49715	47718	35	1	1	34	2.01142e-05	49716	1	FALSE	NA	NA	NA	NA	NA	NA
NC_045512.2	19221	T	G	49119	47123	35	1	0	38	2.03566e-05	49124	1	FALSE	NA	NA	NA	NA	NA	NA
NC_045512.2	19221	T	C	49119	47123	35	4	4	38	8.14266e-05	49124	1	FALSE	NA	NA	NA	NA	NA	NA
NC_045512.2	19221	T	-A	49119	47123	35	1	0	20	2.03566e-05	49124	1	FALSE	NA	NA	NA	NA	NA	NA
NC_045512.2	19222	A	T	49218	47218	35	1	1	34	2.03161e-05	49222	1	FALSE	NA	NA	NA	NA	NA	NA
NC_045512.2	19222	A	G	49218	47218	35	3	3	34	6.09484e-05	49222	1	FALSE	NA	NA	NA	NA	NA	NA
NC_045512.2	19223	A	T	49136	47109	35	2	2	34	4.07e-05	49140	1	FALSE	NA	NA	NA	NA	NA	NA
NC_045512.2	19223	A	C	49136	47109	35	2	2	34	4.07e-05	49140	1	FALSE	NA	NA	NA	NA	NA	NA
NC_045512.2	19224	T	C	49123	47089	35	3	3	34	6.10675e-05	49126	1	FALSE	NA	NA	NA	NA	NA	NA
NC_045512.2	19225	T	C	49100	47129	35	20	19	32	0.000407166	49120	0.999878	FALSE	NA	NA	NA	NA	NA	NA
NC_045512.2	19226	C	T	48910	46942	35	1	1	68	2.04453e-05	48911	0.500005	FALSE	NA	NA	NA	NA	NA	NA
NC_045512.2	19227	C	T	48359	46396	35	3	3	31	6.20309e-05	48363	1	FALSE	NA	NA	NA	NA	NA	NA
NC_045512.2	19227	C	A	48359	46396	35	1	1	34	2.0677e-05	48363	1	FALSE	NA	NA	NA	NA	NA	NA
NC_045512.2	19228	A	T	47468	45518	35	1	1	34	2.10659e-05	47470	1	FALSE	NA	NA	NA	NA	NA	NA
NC_045512.2	19228	A	G	47468	45518	35	1	1	34	2.10659e-05	47470	1	FALSE	NA	NA	NA	NA	NA	NA
NC_045512.2	19229	T	C	47679	45729	35	9	9	33	0.000188727	47688	1	FALSE	NA	NA	NA	NA	NA	NA
NC_045512.2	19230	T	C	47611	45685	35	7	7	31	0.000147003	47618	1	FALSE	NA	NA	NA	NA	NA	NA
NC_045512.2	19231	G	T	47172	45222	35	3	2	68	6.35917e-05	47176	0.124996	FALSE	NA	NA	NA	NA	NA	NA
NC_045512.2	19231	G	A	47172	45222	35	1	1	34	2.11972e-05	47176	1	FALSE	NA	NA	NA	NA	NA	NA
NC_045512.2	19231	G	-T	47172	45222	35	1	0	20	2.11972e-05	47176	1	FALSE	NA	NA	NA	NA	NA	NA
NC_045512.2	19232	T	C	36854	34921	32	2	2	34	5.42652e-05	36856	1	FALSE	NA	NA	NA	NA	NA	NA
NC_045512.2	19233	T	C	45825	44125	35	6	6	34	0.000130916	45831	1	FALSE	NA	NA	NA	NA	NA	NA
NC_045512.2	19234	T	C	45658	43966	35	1	1	34	2.19015e-05	45659	1	FALSE	NA	NA	NA	NA	NA	NA
NC_045512.2	19235	G	T	45585	43899	35	1	1	34	2.19351e-05	45589	1	FALSE	NA	NA	NA	NA	NA	NA
NC_045512.2	19235	G	C	45585	43899	35	1	1	34	2.19351e-05	45589	1	FALSE	NA	NA	NA	NA	NA	NA
NC_045512.2	19235	G	A	45585	43899	35	2	2	34	4.38702e-05	45589	1	FALSE	NA	NA	NA	NA	NA	NA
NC_045512.2	19236	T	C	45466	43795	35	6	6	34	0.000131949	45472	1	FALSE	NA	NA	NA	NA	NA	NA
NC_045512.2	19237	A	G	42732	41094	35	3	3	31	7.02001e-05	42735	1	FALSE	NA	NA	NA	NA	NA	NA
NC_045512.2	19238	G	T	42573	41328	34	2	2	30	4.69759e-05	42575	1	FALSE	NA	NA	NA	NA	NA	NA
NC_045512.2	19239	A	G	42460	41229	34	2	1	30	4.71009e-05	42462	1	FALSE	NA	NA	NA	NA	NA	NA
NC_045512.2	19240	T	C	40663	39436	34	3	3	34	7.37699e-05	40667	1	FALSE	NA	NA	NA	NA	NA	NA
NC_045512.2	19240	T	A	40663	39436	34	1	1	26	2.459e-05	40667	1	FALSE	NA	NA	NA	NA	NA	NA
NC_045512.2	19241	T	G	36116	34907	32	1	1	26	2.76863e-05	36119	1	FALSE	NA	NA	NA	NA	NA	NA
NC_045512.2	19241	T	C	36116	34907	32	2	2	34	5.53725e-05	36119	1	FALSE	NA	NA	NA	NA	NA	NA
NC_045512.2	19242	T	C	40560	39336	34	12	10	34	0.00029577	40572	0.999982	FALSE	NA	NA	NA	NA	NA	NA
NC_045512.2	19243	G	T	40708	39564	34	1	1	34	2.4564e-05	40710	1	FALSE	NA	NA	NA	NA	NA	NA
NC_045512.2	19243	G	A	40708	39564	34	1	1	34	2.4564e-05	40710	1	FALSE	NA	NA	NA	NA	NA	NA
NC_045512.2	19244	A	G	40653	39486	34	9	9	33	0.000221331	40663	0.999999	FALSE	NA	NA	NA	NA	NA	NA
NC_045512.2	19244	A	C	40653	39486	34	1	1	34	2.45924e-05	40663	1	FALSE	NA	NA	NA	NA	NA	NA
NC_045512.2	19245	C	T	40637	39489	34	1	1	34	2.46075e-05	40638	1	FALSE	NA	NA	NA	NA	NA	NA
NC_045512.2	19246	A	T	40294	39152	34	1	1	34	2.48164e-05	40296	1	FALSE	NA	NA	NA	NA	NA	NA
NC_045512.2	19246	A	G	40294	39152	34	1	1	34	2.48164e-05	40296	1	FALSE	NA	NA	NA	NA	NA	NA
NC_045512.2	19247	C	T	40074	39070	34	1	1	34	2.49532e-05	40075	1	FALSE	NA	NA	NA	NA	NA	NA
NC_045512.2	19248	T	C	39595	38592	34	5	5	32	0.000126263	39600	1	FALSE	NA	NA	NA	NA	NA	NA
NC_045512.2	19251	A	G	712	20	34	1	0	34	0.00140252	713	0.500351	FALSE	NA	NA	NA	NA	NA	NA
NC_045512.2	19276	G	A	1630	25	34	1	0	34	0.000613121	1631	0.75023	FALSE	NA	NA	NA	NA	NA	NA
NC_045512.2	19283	A	G	1670	29	34	1	0	34	0.000598444	1671	0.750224	FALSE	NA	NA	NA	NA	NA	NA
NC_045512.2	19286	G	A	1722	30	34	2	0	34	0.00116009	1724	0.500218	FALSE	NA	NA	NA	NA	NA	NA
NC_045512.2	19287	T	C	1716	36	34	1	0	34	0.000582411	1717	0.750218	FALSE	NA	NA	NA	NA	NA	NA
NC_045512.2	19289	G	T	1565	32	34	151	7	35	0.0877397	1721	7.42071e-46	TRUE	NA	NA	NA	NA	NA	NA
NC_045512.2	19289	G	A	1565	32	34	5	0	34	0.00290529	1721	0.0892348	FALSE	NA	NA	NA	NA	NA	NA
NC_045512.2	19294	T	C	1785	44	35	1	0	34	0.00055991	1786	0.75021	FALSE	NA	NA	NA	NA	NA	NA
NC_045512.2	19295	T	G	1737	44	35	1	0	34	0.000575374	1738	0.750216	FALSE	NA	NA	NA	NA	NA	NA
NC_045512.2	19301	T	G	1723	77	35	1	0	34	0.000580046	1724	0.750218	FALSE	NA	NA	NA	NA	NA	NA
NC_045512.2	19308	A	G	1411	92	34	1	0	34	0.000708215	1412	0.750266	FALSE	NA	NA	NA	NA	NA	NA
NC_045512.2	19317	C	T	1583	110	35	1	0	34	0.000631313	1584	0.750237	FALSE	NA	NA	NA	NA	NA	NA
NC_045512.2	19318	C	T	1584	109	35	1	0	34	0.000630915	1585	0.750237	FALSE	NA	NA	NA	NA	NA	NA
NC_045512.2	19319	A	+T	1595	110	36	1	0	20	0.000626959	1595	0.999985	FALSE	NA	NA	NA	NA	NA	NA
NC_045512.2	19322	C	+A	1602	109	35	1	0	20	0.00062422	1602	0.999993	FALSE	NA	NA	NA	NA	NA	NA
NC_045512.2	19324	C	T	1568	109	35	1	0	34	0.000636943	1570	0.75008	FALSE	NA	NA	NA	NA	NA	NA
NC_045512.2	19324	C	G	1568	109	35	1	0	34	0.000636943	1570	0.75008	FALSE	NA	NA	NA	NA	NA	NA
NC_045512.2	19327	G	+GCAA	1635	107	35	1	0	20	0.000611621	1635	0.999993	FALSE	NA	NA	NA	NA	NA	NA
NC_045512.2	19328	C	G	1645	114	35	1	0	34	0.000607533	1646	0.750228	FALSE	NA	NA	NA	NA	NA	NA
NC_045512.2	19330	T	-TTGATAA	1648	118	35	1	0	20	0.000606796	1648	0.999993	FALSE	NA	NA	NA	NA	NA	NA
NC_045512.2	19336	A	G	1632	168	37	1	0	26	0.00061237	1633	0.999993	FALSE	NA	NA	NA	NA	NA	NA
NC_045512.2	19338	A	G	1656	182	37	1	0	34	0.0006035	1657	0.750226	FALSE	NA	NA	NA	NA	NA	NA
NC_045512.2	19341	T	G	1701	194	37	1	0	34	0.000587199	1703	0.750073	FALSE	NA	NA	NA	NA	NA	NA
NC_045512.2	19341	T	C	1701	194	37	1	0	34	0.000587199	1703	0.750073	FALSE	NA	NA	NA	NA	NA	NA
NC_045512.2	19359	A	G	1574	292	38	1	0	34	0.000634921	1575	0.750238	FALSE	NA	NA	NA	NA	NA	NA
NC_045512.2	19365	A	G	1478	464	40	1	1	68	0.000676133	1479	0.500169	FALSE	NA	NA	NA	NA	NA	NA
NC_045512.2	19376	A	G	1460	482	40	2	2	34	0.00136799	1462	0.500257	FALSE	NA	NA	NA	NA	NA	NA
NC_045512.2	19377	T	A	1059	530	39	1	0	34	0.000943396	1060	0.750354	FALSE	NA	NA	NA	NA	NA	NA
NC_045512.2	19392	A	G	1085	580	37	1	0	34	0.00092081	1086	0.750345	FALSE	NA	NA	NA	NA	NA	NA
NC_045512.2	19408	A	G	1282	837	39	1	0	34	0.000779423	1283	0.750292	FALSE	NA	NA	NA	NA	NA	NA
NC_045512.2	19412	A	G	1301	911	39	1	0	26	0.000768049	1302	0.999941	FALSE	NA	NA	NA	NA	NA	NA
NC_045512.2	19429	G	A	1456	1176	36	1	1	34	0.000686342	1457	0.750257	FALSE	NA	NA	NA	NA	NA	NA
NC_045512.2	19468	T	C	1843	1629	38	2	2	34	0.00108401	1845	0.500203	FALSE	NA	NA	NA	NA	NA	NA
NC_045512.2	19475	T	C	1897	1699	38	1	1	34	0.00052687	1898	0.750198	FALSE	NA	NA	NA	NA	NA	NA
NC_045512.2	19484	C	T	1855	1699	37	2	2	34	0.00107701	1857	0.500202	FALSE	NA	NA	NA	NA	NA	NA
NC_045512.2	19486	G	T	1849	1691	37	7	7	34	0.00377155	1856	0.0350677	FALSE	NA	NA	NA	NA	NA	NA
NC_045512.2	19506	T	C	1566	1433	37	1	1	34	0.000638162	1567	0.750239	FALSE	NA	NA	NA	NA	NA	NA
NC_045512.2	19518	G	C	43861	2344	34	3	0	34	6.83901e-05	43866	1	FALSE	NA	NA	NA	NA	NA	NA
NC_045512.2	19518	G	A	43861	2344	34	2	0	34	4.55934e-05	43866	1	FALSE	NA	NA	NA	NA	NA	NA
NC_045512.2	19519	T	C	43794	2328	34	4	0	34	9.13263e-05	43799	1	FALSE	NA	NA	NA	NA	NA	NA
NC_045512.2	19519	T	A	43794	2328	34	1	0	26	2.28316e-05	43799	1	FALSE	NA	NA	NA	NA	NA	NA
NC_045512.2	19520	A	G	44067	2407	34	3	0	34	6.80735e-05	44070	1	FALSE	NA	NA	NA	NA	NA	NA
NC_045512.2	19521	T	C	44521	2339	34	6	0	32	0.000134744	44529	1	FALSE	NA	NA	NA	NA	NA	NA
NC_045512.2	19521	T	A	44521	2339	34	2	0	30	4.49146e-05	44529	1	FALSE	NA	NA	NA	NA	NA	NA
NC_045512.2	19522	C	T	44644	2601	34	6	0	34	0.000134372	44652	1	FALSE	NA	NA	NA	NA	NA	NA
NC_045512.2	19522	C	G	44644	2601	34	2	0	26	4.47908e-05	44652	1	FALSE	NA	NA	NA	NA	NA	NA
NC_045512.2	19523	T	G	44705	2675	34	2	0	34	4.47317e-05	44711	1	FALSE	NA	NA	NA	NA	NA	NA
NC_045512.2	19523	T	C	44705	2675	34	3	0	34	6.70976e-05	44711	1	FALSE	NA	NA	NA	NA	NA	NA
NC_045512.2	19523	T	A	44705	2675	34	1	0	34	2.23659e-05	44711	1	FALSE	NA	NA	NA	NA	NA	NA
NC_045512.2	19524	C	T	44648	2659	34	1	0	34	2.23919e-05	44659	1	FALSE	NA	NA	NA	NA	NA	NA
NC_045512.2	19524	C	G	44648	2659	34	9	0	30	0.000201527	44659	1	FALSE	NA	NA	NA	NA	NA	NA
NC_045512.2	19524	C	A	44648	2659	34	1	0	34	2.23919e-05	44659	1	FALSE	NA	NA	NA	NA	NA	NA
NC_045512.2	19525	G	T	44642	2583	34	75	69	36	0.00167695	44724	0.00284109	TRUE	NA	NA	NA	NA	NA	NA
NC_045512.2	19525	G	C	44642	2583	34	1	1	34	2.23594e-05	44724	1	FALSE	NA	NA	NA	NA	NA	NA
NC_045512.2	19525	G	A	44642	2583	34	6	0	34	0.000134156	44724	1	FALSE	NA	NA	NA	NA	NA	NA
NC_045512.2	19526	A	T	44858	2652	34	2	1	34	4.45802e-05	44863	1	FALSE	NA	NA	NA	NA	NA	NA
NC_045512.2	19526	A	G	44858	2652	34	2	0	34	4.45802e-05	44863	1	FALSE	NA	NA	NA	NA	NA	NA
NC_045512.2	19526	A	C	44858	2652	34	1	1	34	2.22901e-05	44863	1	FALSE	NA	NA	NA	NA	NA	NA
NC_045512.2	19528	G	A	49388	2691	34	3	0	31	6.07398e-05	49391	1	FALSE	NA	NA	NA	NA	NA	NA
NC_045512.2	19529	C	G	49970	2767	34	3	0	28	6.003e-05	49975	1	FALSE	NA	NA	NA	NA	NA	NA
NC_045512.2	19529	C	A	49970	2767	34	2	0	34	4.002e-05	49975	1	FALSE	NA	NA	NA	NA	NA	NA
NC_045512.2	19529	C	-T	49970	2767	34	1	0	20	2.001e-05	49975	1	FALSE	NA	NA	NA	NA	NA	NA
NC_045512.2	19530	T	G	50644	2835	34	1	0	34	1.97437e-05	50649	1	FALSE	NA	NA	NA	NA	NA	NA
NC_045512.2	19530	T	C	50644	2835	34	4	0	32	7.89749e-05	50649	1	FALSE	NA	NA	NA	NA	NA	NA
NC_045512.2	19531	T	C	50888	2869	34	4	0	30	7.85947e-05	50894	1	FALSE	NA	NA	NA	NA	NA	NA
NC_045512.2	19531	T	A	50888	2869	34	2	0	30	3.92974e-05	50894	1	FALSE	NA	NA	NA	NA	NA	NA
NC_045512.2	19532	A	G	50927	2876	34	5	0	34	9.81701e-05	50932	1	FALSE	NA	NA	NA	NA	NA	NA
NC_045512.2	19533	T	C	51315	2911	34	8	0	33	0.000155872	51324	1	FALSE	NA	NA	NA	NA	NA	NA
NC_045512.2	19533	T	A	51315	2911	34	1	0	34	1.94841e-05	51324	1	FALSE	NA	NA	NA	NA	NA	NA
NC_045512.2	19534	A	G	51306	2921	34	6	0	31	0.000116929	51313	1	FALSE	NA	NA	NA	NA	NA	NA
NC_045512.2	19534	A	C	51306	2921	34	1	1	34	1.94882e-05	51313	1	FALSE	NA	NA	NA	NA	NA	NA
NC_045512.2	19535	A	T	51611	2917	34	1	1	26	1.93742e-05	51615	1	FALSE	NA	NA	NA	NA	NA	NA
NC_045512.2	19535	A	G	51611	2917	34	3	0	31	5.81226e-05	51615	1	FALSE	NA	NA	NA	NA	NA	NA
NC_045512.2	19537	A	G	52175	2849	34	3	0	34	5.74955e-05	52178	1	FALSE	NA	NA	NA	NA	NA	NA
NC_045512.2	19538	T	G	52118	2817	34	1	0	34	1.91828e-05	52130	1	FALSE	NA	NA	NA	NA	NA	NA
NC_045512.2	19538	T	C	52118	2817	34	11	0	37	0.000211011	52130	1	FALSE	NA	NA	NA	NA	NA	NA
NC_045512.2	19539	G	A	52372	2840	34	1	0	34	1.90938e-05	52373	1	FALSE	NA	NA	NA	NA	NA	NA
NC_045512.2	19540	A	G	52448	2879	34	2	0	30	3.81316e-05	52450	1	FALSE	NA	NA	NA	NA	NA	NA
NC_045512.2	19541	T	C	52464	2877	34	7	0	34	0.000133407	52471	1	FALSE	NA	NA	NA	NA	NA	NA
NC_045512.2	19542	G	T	53200	2871	34	3	0	34	5.63825e-05	53208	1	FALSE	NA	NA	NA	NA	NA	NA
NC_045512.2	19542	G	A	53200	2871	34	5	0	34	9.39708e-05	53208	1	FALSE	NA	NA	NA	NA	NA	NA
NC_045512.2	19543	A	G	53314	2880	34	3	0	34	5.62672e-05	53317	1	FALSE	NA	NA	NA	NA	NA	NA
NC_045512.2	19544	T	C	53438	2824	34	5	0	34	9.35576e-05	53443	1	FALSE	NA	NA	NA	NA	NA	NA
NC_045512.2	19545	C	T	53611	3189	35	1	0	34	1.86525e-05	53612	1	FALSE	NA	NA	NA	NA	NA	NA
NC_045512.2	19546	T	G	53657	3384	35	3	0	34	5.59034e-05	53664	1	FALSE	NA	NA	NA	NA	NA	NA
NC_045512.2	19546	T	C	53657	3384	35	4	0	32	7.45379e-05	53664	1	FALSE	NA	NA	NA	NA	NA	NA
NC_045512.2	19547	C	T	55758	3390	35	1	0	34	1.79334e-05	55762	1	FALSE	NA	NA	NA	NA	NA	NA
NC_045512.2	19547	C	A	55758	3390	35	3	0	31	5.38001e-05	55762	1	FALSE	NA	NA	NA	NA	NA	NA
NC_045512.2	19548	A	G	55722	3388	35	2	0	34	3.58912e-05	55724	1	FALSE	NA	NA	NA	NA	NA	NA
NC_045512.2	19549	G	T	55980	3384	35	3	1	34	5.35877e-05	55983	1	FALSE	NA	NA	NA	NA	NA	NA
NC_045512.2	19550	C	T	55920	3406	35	5	0	34	8.94039e-05	55926	1	FALSE	NA	NA	NA	NA	NA	NA
NC_045512.2	19550	C	A	55920	3406	35	1	0	34	1.78808e-05	55926	1	FALSE	NA	NA	NA	NA	NA	NA
NC_045512.2	19551	T	C	55956	3367	35	6	0	34	0.000107216	55962	1	FALSE	NA	NA	NA	NA	NA	NA
NC_045512.2	19551	T	-G	55956	3367	35	1	0	20	1.78693e-05	55962	1	FALSE	NA	NA	NA	NA	NA	NA
NC_045512.2	19552	G	A	57381	3378	35	5	0	32	8.71293e-05	57386	1	FALSE	NA	NA	NA	NA	NA	NA
NC_045512.2	19553	G	C	59271	3371	35	1	0	26	1.68682e-05	59283	1	FALSE	NA	NA	NA	NA	NA	NA
NC_045512.2	19553	G	A	59271	3371	35	11	0	34	0.000185551	59283	1	FALSE	NA	NA	NA	NA	NA	NA
NC_045512.2	19554	C	T	59336	3744	35	3	0	34	5.0557e-05	59339	1	FALSE	NA	NA	NA	NA	NA	NA
NC_045512.2	19554	C	-TT	59336	3744	35	1	0	20	1.68523e-05	59339	1	FALSE	NA	NA	NA	NA	NA	NA
NC_045512.2	19555	T	C	58672	3074	35	5	0	34	8.52094e-05	58679	1	FALSE	NA	NA	NA	NA	NA	NA
NC_045512.2	19555	T	A	58672	3074	35	2	0	30	3.40837e-05	58679	1	FALSE	NA	NA	NA	NA	NA	NA
NC_045512.2	19556	T	C	58730	3171	35	5	0	34	8.51267e-05	58736	1	FALSE	NA	NA	NA	NA	NA	NA
NC_045512.2	19556	T	A	58730	3171	35	1	0	26	1.70253e-05	58736	1	FALSE	NA	NA	NA	NA	NA	NA
NC_045512.2	19557	T	G	58746	3191	35	1	0	26	1.70201e-05	58754	1	FALSE	NA	NA	NA	NA	NA	NA
NC_045512.2	19557	T	C	58746	3191	35	7	0	34	0.000119141	58754	1	FALSE	NA	NA	NA	NA	NA	NA
NC_045512.2	19558	A	T	58904	3190	35	2	0	34	3.39507e-05	58909	1	FALSE	NA	NA	NA	NA	NA	NA
NC_045512.2	19558	A	G	58904	3190	35	3	0	34	5.0926e-05	58909	1	FALSE	NA	NA	NA	NA	NA	NA
NC_045512.2	19559	G	T	59513	3186	35	2	0	34	3.36027e-05	59519	1	FALSE	NA	NA	NA	NA	NA	NA
NC_045512.2	19559	G	A	59513	3186	35	4	2	49	6.72054e-05	59519	0.746094	FALSE	NA	NA	NA	NA	NA	NA
NC_045512.2	19560	C	T	59548	3427	35	2	0	34	3.35841e-05	59552	1	FALSE	NA	NA	NA	NA	NA	NA
NC_045512.2	19560	C	G	59548	3427	35	2	0	34	3.35841e-05	59552	1	FALSE	NA	NA	NA	NA	NA	NA
NC_045512.2	19561	T	C	59648	3447	35	5	0	32	8.38181e-05	59653	1	FALSE	NA	NA	NA	NA	NA	NA
NC_045512.2	19562	T	G	59597	3558	35	4	0	32	6.70916e-05	59620	1	FALSE	NA	NA	NA	NA	NA	NA
NC_045512.2	19562	T	C	59597	3558	35	18	0	35	0.000301912	59620	1	FALSE	NA	NA	NA	NA	NA	NA
NC_045512.2	19562	T	A	59597	3558	35	1	0	34	1.67729e-05	59620	1	FALSE	NA	NA	NA	NA	NA	NA
NC_045512.2	19564	T	C	59746	3672	36	5	0	34	8.36792e-05	59752	1	FALSE	NA	NA	NA	NA	NA	NA
NC_045512.2	19564	T	A	59746	3672	36	1	0	34	1.67358e-05	59752	1	FALSE	NA	NA	NA	NA	NA	NA
NC_045512.2	19565	G	T	59821	3661	36	2	0	34	3.34269e-05	59832	1	FALSE	NA	NA	NA	NA	NA	NA
NC_045512.2	19565	G	C	59821	3661	36	1	0	26	1.67135e-05	59832	1	FALSE	NA	NA	NA	NA	NA	NA
NC_045512.2	19565	G	A	59821	3661	36	8	4	34	0.000133708	59832	1	FALSE	NA	NA	NA	NA	NA	NA
NC_045512.2	19566	G	T	60164	3724	36	1	0	34	1.66207e-05	60166	1	FALSE	NA	NA	NA	NA	NA	NA
NC_045512.2	19566	G	A	60164	3724	36	1	0	34	1.66207e-05	60166	1	FALSE	NA	NA	NA	NA	NA	NA
NC_045512.2	19567	G	A	60621	3732	36	2	0	34	3.29908e-05	60623	1	FALSE	NA	NA	NA	NA	NA	NA
NC_045512.2	19568	T	G	60518	3599	35	2	0	34	3.30453e-05	60523	1	FALSE	NA	NA	NA	NA	NA	NA
NC_045512.2	19568	T	C	60518	3599	35	3	0	30	4.95679e-05	60523	1	FALSE	NA	NA	NA	NA	NA	NA
NC_045512.2	19569	T	C	60697	3827	36	2	0	34	3.29495e-05	60699	1	FALSE	NA	NA	NA	NA	NA	NA
NC_045512.2	19570	T	C	60737	4177	36	6	0	32	9.87768e-05	60743	1	FALSE	NA	NA	NA	NA	NA	NA
NC_045512.2	19571	A	G	60936	4181	36	4	0	34	6.56383e-05	60940	1	FALSE	NA	NA	NA	NA	NA	NA
NC_045512.2	19572	C	T	60902	4381	36	6	0	37	9.85028e-05	60912	1	FALSE	NA	NA	NA	NA	NA	NA
NC_045512.2	19572	C	G	60902	4381	36	1	0	34	1.64171e-05	60912	1	FALSE	NA	NA	NA	NA	NA	NA
NC_045512.2	19572	C	A	60902	4381	36	3	0	34	4.92514e-05	60912	1	FALSE	NA	NA	NA	NA	NA	NA
NC_045512.2	19572	C	-A	60902	4381	36	1	0	20	1.64171e-05	60912	1	FALSE	NA	NA	NA	NA	NA	NA
NC_045512.2	19573	A	G	60941	4378	36	9	1	36	0.000147662	60950	1	FALSE	NA	NA	NA	NA	NA	NA
NC_045512.2	19574	A	T	61101	4383	36	1	0	34	1.63647e-05	61107	1	FALSE	NA	NA	NA	NA	NA	NA
NC_045512.2	19574	A	G	61101	4383	36	2	0	34	3.27295e-05	61107	1	FALSE	NA	NA	NA	NA	NA	NA
NC_045512.2	19574	A	C	61101	4383	36	3	3	28	4.90942e-05	61107	1	FALSE	NA	NA	NA	NA	NA	NA
NC_045512.2	19575	A	T	46442	4714	33	2	0	34	4.30608e-05	46446	1	FALSE	NA	NA	NA	NA	NA	NA
NC_045512.2	19575	A	G	46442	4714	33	1	0	34	2.15304e-05	46446	1	FALSE	NA	NA	NA	NA	NA	NA
NC_045512.2	19575	A	C	46442	4714	33	1	0	26	2.15304e-05	46446	1	FALSE	NA	NA	NA	NA	NA	NA
NC_045512.2	19576	C	G	61415	4711	36	2	0	34	3.25643e-05	61417	1	FALSE	NA	NA	NA	NA	NA	NA
NC_045512.2	19577	A	T	61659	4910	36	1	0	26	1.62167e-05	61665	1	FALSE	NA	NA	NA	NA	NA	NA
NC_045512.2	19577	A	G	61659	4910	36	5	1	47	8.10833e-05	61665	0.725595	FALSE	NA	NA	NA	NA	NA	NA
NC_045512.2	19578	A	G	62983	4992	37	12	1	35	0.000190491	62995	1	FALSE	NA	NA	NA	NA	NA	NA
NC_045512.2	19579	T	G	62983	5080	37	1	0	24	1.5876e-05	62988	1	FALSE	NA	NA	NA	NA	NA	NA
NC_045512.2	19579	T	C	62983	5080	37	3	0	34	4.76281e-05	62988	1	FALSE	NA	NA	NA	NA	NA	NA
NC_045512.2	19579	T	A	62983	5080	37	1	0	34	1.5876e-05	62988	1	FALSE	NA	NA	NA	NA	NA	NA
NC_045512.2	19580	T	G	62898	5348	37	1	0	34	1.58977e-05	62902	1	FALSE	NA	NA	NA	NA	NA	NA
NC_045512.2	19580	T	C	62898	5348	37	2	0	34	3.17955e-05	62902	1	FALSE	NA	NA	NA	NA	NA	NA
NC_045512.2	19580	T	A	62898	5348	37	1	0	26	1.58977e-05	62902	1	FALSE	NA	NA	NA	NA	NA	NA
NC_045512.2	19581	T	C	62971	5368	37	4	0	34	6.35173e-05	62975	1	FALSE	NA	NA	NA	NA	NA	NA
NC_045512.2	19582	G	T	63267	5382	37	8	0	34	0.000126418	63282	1	FALSE	NA	NA	NA	NA	NA	NA
NC_045512.2	19582	G	C	63267	5382	37	2	0	34	3.16046e-05	63282	1	FALSE	NA	NA	NA	NA	NA	NA
NC_045512.2	19582	G	A	63267	5382	37	5	0	34	7.90114e-05	63282	1	FALSE	NA	NA	NA	NA	NA	NA
NC_045512.2	19583	A	T	63858	5582	37	1	0	26	1.56583e-05	63864	1	FALSE	NA	NA	NA	NA	NA	NA
NC_045512.2	19583	A	G	63858	5582	37	5	0	27	7.82914e-05	63864	1	FALSE	NA	NA	NA	NA	NA	NA
NC_045512.2	19584	T	G	63880	5627	37	1	0	26	1.56529e-05	63886	1	FALSE	NA	NA	NA	NA	NA	NA
NC_045512.2	19584	T	C	63880	5627	37	3	0	34	4.69586e-05	63886	1	FALSE	NA	NA	NA	NA	NA	NA
NC_045512.2	19584	T	A	63880	5627	37	2	0	34	3.13058e-05	63886	1	FALSE	NA	NA	NA	NA	NA	NA
NC_045512.2	19585	A	G	64455	5952	37	7	0	34	0.000108591	64462	1	FALSE	NA	NA	NA	NA	NA	NA
NC_045512.2	19586	C	G	71270	6056	37	9	0	33	0.000126263	71280	1	FALSE	NA	NA	NA	NA	NA	NA
NC_045512.2	19586	C	A	71270	6056	37	1	0	26	1.40292e-05	71280	1	FALSE	NA	NA	NA	NA	NA	NA
NC_045512.2	19586	C	-T	71270	6056	37	1	0	20	1.40292e-05	71280	1	FALSE	NA	NA	NA	NA	NA	NA
NC_045512.2	19587	T	C	71555	6212	37	5	1	37	6.98705e-05	71561	1	FALSE	NA	NA	NA	NA	NA	NA
NC_045512.2	19587	T	A	71555	6212	37	1	0	34	1.39741e-05	71561	1	FALSE	NA	NA	NA	NA	NA	NA
NC_045512.2	19588	T	G	71383	6442	37	4	0	34	5.60263e-05	71395	1	FALSE	NA	NA	NA	NA	NA	NA
NC_045512.2	19588	T	C	71383	6442	37	7	0	34	9.80461e-05	71395	1	FALSE	NA	NA	NA	NA	NA	NA
NC_045512.2	19588	T	A	71383	6442	37	1	0	34	1.40066e-05	71395	1	FALSE	NA	NA	NA	NA	NA	NA
NC_045512.2	19589	A	T	71800	6499	37	3	0	31	4.17775e-05	71809	1	FALSE	NA	NA	NA	NA	NA	NA
NC_045512.2	19589	A	G	71800	6499	37	6	1	31	8.3555e-05	71809	1	FALSE	NA	NA	NA	NA	NA	NA
NC_045512.2	19589	A	-T	71800	6499	37	1	0	20	1.39258e-05	71809	1	FALSE	NA	NA	NA	NA	NA	NA
NC_045512.2	19590	T	G	70812	6644	37	2	0	30	2.82414e-05	70818	1	FALSE	NA	NA	NA	NA	NA	NA
NC_045512.2	19590	T	C	70812	6644	37	4	3	51	5.64828e-05	70818	0.0624938	FALSE	NA	NA	NA	NA	NA	NA
NC_045512.2	19590	T	-A	70812	6644	37	1	0	20	1.41205e-05	70819	1	FALSE	NA	NA	NA	NA	NA	NA
NC_045512.2	19591	A	G	71381	6711	37	4	0	34	5.60334e-05	71386	1	FALSE	NA	NA	NA	NA	NA	NA
NC_045512.2	19591	A	C	71381	6711	37	1	1	34	1.40083e-05	71386	1	FALSE	NA	NA	NA	NA	NA	NA
NC_045512.2	19592	A	G	72119	7025	38	3	0	34	4.15962e-05	72122	1	FALSE	NA	NA	NA	NA	NA	NA
NC_045512.2	19593	C	T	72430	7088	38	2	0	34	2.76106e-05	72436	1	FALSE	NA	NA	NA	NA	NA	NA
NC_045512.2	19593	C	G	72430	7088	38	4	0	34	5.52212e-05	72436	1	FALSE	NA	NA	NA	NA	NA	NA
NC_045512.2	19594	C	A	72746	7136	38	6	0	34	8.2472e-05	72752	1	FALSE	NA	NA	NA	NA	NA	NA
NC_045512.2	19595	T	G	72964	7072	37	1	0	26	1.37033e-05	72975	1	FALSE	NA	NA	NA	NA	NA	NA
NC_045512.2	19595	T	C	72964	7072	37	7	0	34	9.59233e-05	72975	1	FALSE	NA	NA	NA	NA	NA	NA
NC_045512.2	19595	T	A	72964	7072	37	3	0	31	4.111e-05	72975	1	FALSE	NA	NA	NA	NA	NA	NA
NC_045512.2	19596	C	T	73525	7150	38	3	3	49	4.07969e-05	73535	0.945304	FALSE	NA	NA	NA	NA	NA	NA
NC_045512.2	19596	C	G	73525	7150	38	3	0	31	4.07969e-05	73535	1	FALSE	NA	NA	NA	NA	NA	NA
NC_045512.2	19596	C	A	73525	7150	38	4	0	30	5.43959e-05	73535	1	FALSE	NA	NA	NA	NA	NA	NA
NC_045512.2	19597	T	C	73533	7156	38	8	2	37	0.000108778	73544	1	FALSE	NA	NA	NA	NA	NA	NA
NC_045512.2	19597	T	A	73533	7156	38	3	1	26	4.07919e-05	73544	1	FALSE	NA	NA	NA	NA	NA	NA
NC_045512.2	19598	G	T	73509	7153	38	1	0	34	1.36034e-05	73511	1	FALSE	NA	NA	NA	NA	NA	NA
NC_045512.2	19598	G	A	73509	7153	38	1	1	34	1.36034e-05	73511	1	FALSE	NA	NA	NA	NA	NA	NA
NC_045512.2	19599	G	A	73284	7404	38	1	0	34	1.36454e-05	73285	1	FALSE	NA	NA	NA	NA	NA	NA
NC_045512.2	19600	A	T	62263	8419	38	2	0	30	3.21166e-05	62273	1	FALSE	NA	NA	NA	NA	NA	NA
NC_045512.2	19600	A	G	62263	8419	38	7	2	35	0.000112408	62273	1	FALSE	NA	NA	NA	NA	NA	NA
NC_045512.2	19600	A	C	62263	8419	38	1	0	26	1.60583e-05	62273	1	FALSE	NA	NA	NA	NA	NA	NA
NC_045512.2	19601	A	T	61810	8442	37	1	0	34	1.61765e-05	61818	1	FALSE	NA	NA	NA	NA	NA	NA
NC_045512.2	19601	A	G	61810	8442	37	7	0	34	0.000113236	61818	1	FALSE	NA	NA	NA	NA	NA	NA
NC_045512.2	19602	C	T	61409	8395	37	1	0	34	1.6284e-05	61410	1	FALSE	NA	NA	NA	NA	NA	NA
NC_045512.2	19603	A	G	61253	8255	37	5	0	34	8.16207e-05	61259	1	FALSE	NA	NA	NA	NA	NA	NA
NC_045512.2	19603	A	C	61253	8255	37	1	0	34	1.63241e-05	61259	1	FALSE	NA	NA	NA	NA	NA	NA
NC_045512.2	19604	C	T	57376	9006	37	5	3	54	8.71308e-05	57385	0.0312432	FALSE	NA	NA	NA	NA	NA	NA
NC_045512.2	19604	C	G	57376	9006	37	1	0	26	1.74262e-05	57385	1	FALSE	NA	NA	NA	NA	NA	NA
NC_045512.2	19604	C	A	57376	9006	37	3	0	34	5.22785e-05	57385	1	FALSE	NA	NA	NA	NA	NA	NA
NC_045512.2	19604	C	-T	57376	9006	37	2	0	20	3.48523e-05	57385	1	FALSE	NA	NA	NA	NA	NA	NA
NC_045512.2	19605	T	C	56952	8723	37	9	2	34	0.000157995	56964	1	FALSE	NA	NA	NA	NA	NA	NA
NC_045512.2	19605	T	A	56952	8723	37	3	0	34	5.26648e-05	56964	1	FALSE	NA	NA	NA	NA	NA	NA
NC_045512.2	19606	T	G	56639	8432	37	1	0	26	1.76541e-05	56644	1	FALSE	NA	NA	NA	NA	NA	NA
NC_045512.2	19606	T	C	56639	8432	37	1	0	34	1.76541e-05	56644	1	FALSE	NA	NA	NA	NA	NA	NA
NC_045512.2	19606	T	A	56639	8432	37	3	0	31	5.29624e-05	56644	1	FALSE	NA	NA	NA	NA	NA	NA
NC_045512.2	19607	T	G	56133	9061	37	2	0	34	3.56252e-05	56140	1	FALSE	NA	NA	NA	NA	NA	NA
NC_045512.2	19607	T	C	56133	9061	37	4	3	51	7.12504e-05	56140	0.0624922	FALSE	NA	NA	NA	NA	NA	NA
NC_045512.2	19607	T	A	56133	9061	37	1	0	34	1.78126e-05	56140	1	FALSE	NA	NA	NA	NA	NA	NA
NC_045512.2	19608	T	G	55204	9162	37	1	0	27	1.81123e-05	55211	1	FALSE	NA	NA	NA	NA	NA	NA
NC_045512.2	19608	T	C	55204	9162	37	6	1	37	0.000108674	55211	1	FALSE	NA	NA	NA	NA	NA	NA
NC_045512.2	19609	A	T	55608	10497	38	2	0	34	3.59589e-05	55619	1	FALSE	NA	NA	NA	NA	NA	NA
NC_045512.2	19609	A	G	55608	10497	38	9	3	49	0.000161815	55619	0.21195	FALSE	NA	NA	NA	NA	NA	NA
NC_045512.2	19610	C	T	50726	11083	37	3	0	31	5.91366e-05	50730	1	FALSE	NA	NA	NA	NA	NA	NA
NC_045512.2	19610	C	A	50726	11083	37	1	1	68	1.97122e-05	50730	0.49999	FALSE	NA	NA	NA	NA	NA	NA
NC_045512.2	19610	C	-A	50726	11083	37	1	0	20	1.97122e-05	50730	1	FALSE	NA	NA	NA	NA	NA	NA
NC_045512.2	19611	A	G	50540	11178	37	9	3	36	0.000178042	50550	1	FALSE	NA	NA	NA	NA	NA	NA
NC_045512.2	19611	A	C	50540	11178	37	1	1	26	1.97824e-05	50550	1	FALSE	NA	NA	NA	NA	NA	NA
NC_045512.2	19612	A	T	50767	11204	37	2	0	30	3.93895e-05	50775	1	FALSE	NA	NA	NA	NA	NA	NA
NC_045512.2	19612	A	G	50767	11204	37	6	1	32	0.000118168	50775	1	FALSE	NA	NA	NA	NA	NA	NA
NC_045512.2	19613	G	C	50566	11012	37	1	0	34	1.97754e-05	50568	1	FALSE	NA	NA	NA	NA	NA	NA
NC_045512.2	19613	G	A	50566	11012	37	1	0	26	1.97754e-05	50568	1	FALSE	NA	NA	NA	NA	NA	NA
NC_045512.2	19614	A	T	48317	10959	37	1	0	26	2.06941e-05	48323	1	FALSE	NA	NA	NA	NA	NA	NA
NC_045512.2	19614	A	G	48317	10959	37	5	0	34	0.00010347	48323	1	FALSE	NA	NA	NA	NA	NA	NA
NC_045512.2	19615	C	G	43100	11870	37	1	0	34	2.32013e-05	43101	1	FALSE	NA	NA	NA	NA	NA	NA
NC_045512.2	19616	T	C	42709	11443	36	10	2	32	0.000234088	42719	0.999999	FALSE	NA	NA	NA	NA	NA	NA
NC_045512.2	19617	T	C	42977	11709	37	6	2	34	0.000139587	42984	1	FALSE	NA	NA	NA	NA	NA	NA
NC_045512.2	19617	T	A	42977	11709	37	1	0	34	2.32645e-05	42984	1	FALSE	NA	NA	NA	NA	NA	NA
NC_045512.2	19618	C	T	42447	11806	37	1	0	34	2.35582e-05	42448	1	FALSE	NA	NA	NA	NA	NA	NA
NC_045512.2	19619	A	G	41866	11794	36	6	1	34	0.000143294	41872	1	FALSE	NA	NA	NA	NA	NA	NA
NC_045512.2	19620	G	T	42847	11785	37	1	1	34	2.3335e-05	42854	1	FALSE	NA	NA	NA	NA	NA	NA
NC_045512.2	19620	G	C	42847	11785	37	3	0	34	7.00051e-05	42854	1	FALSE	NA	NA	NA	NA	NA	NA
NC_045512.2	19620	G	A	42847	11785	37	3	0	38	7.00051e-05	42854	1	FALSE	NA	NA	NA	NA	NA	NA
NC_045512.2	19621	A	T	43410	12977	37	2	0	34	4.60585e-05	43423	1	FALSE	NA	NA	NA	NA	NA	NA
NC_045512.2	19621	A	G	43410	12977	37	8	1	30	0.000184234	43423	1	FALSE	NA	NA	NA	NA	NA	NA
NC_045512.2	19621	A	C	43410	12977	37	3	1	31	6.90878e-05	43423	1	FALSE	NA	NA	NA	NA	NA	NA
NC_045512.2	19622	G	T	46125	13007	37	1	0	34	2.16797e-05	46126	1	FALSE	NA	NA	NA	NA	NA	NA
NC_045512.2	19623	T	G	45166	12291	36	3	0	31	6.64172e-05	45169	1	FALSE	NA	NA	NA	NA	NA	NA
NC_045512.2	19624	T	G	45631	12707	37	1	0	34	2.19135e-05	45634	1	FALSE	NA	NA	NA	NA	NA	NA
NC_045512.2	19624	T	C	45631	12707	37	2	0	34	4.3827e-05	45634	1	FALSE	NA	NA	NA	NA	NA	NA
NC_045512.2	19625	T	G	45709	12741	37	1	0	34	2.18756e-05	45713	1	FALSE	NA	NA	NA	NA	NA	NA
NC_045512.2	19625	T	C	45709	12741	37	3	2	28	6.56268e-05	45713	1	FALSE	NA	NA	NA	NA	NA	NA
NC_045512.2	19626	A	G	45621	12708	37	2	0	36	4.38375e-05	45623	1	FALSE	NA	NA	NA	NA	NA	NA
NC_045512.2	19627	G	T	45579	12670	37	4	0	34	8.77462e-05	45586	1	FALSE	NA	NA	NA	NA	NA	NA
NC_045512.2	19627	G	C	45579	12670	37	2	2	51	4.38731e-05	45586	0.249975	FALSE	NA	NA	NA	NA	NA	NA
NC_045512.2	19627	G	A	45579	12670	37	1	0	34	2.19366e-05	45586	1	FALSE	NA	NA	NA	NA	NA	NA
NC_045512.2	19627	G	-A	45579	12670	37	1	0	20	2.19366e-05	45586	1	FALSE	NA	NA	NA	NA	NA	NA
NC_045512.2	19627	G	+A	45579	12670	37	2	0	20	4.38731e-05	45586	1	FALSE	NA	NA	NA	NA	NA	NA
NC_045512.2	19628	A	G	45966	13478	37	2	1	30	4.35085e-05	45968	1	FALSE	NA	NA	NA	NA	NA	NA
NC_045512.2	19629	A	G	42899	14189	37	3	0	34	6.99268e-05	42902	1	FALSE	NA	NA	NA	NA	NA	NA
NC_045512.2	19630	A	T	42476	14865	37	1	1	27	2.35399e-05	42481	1	FALSE	NA	NA	NA	NA	NA	NA
NC_045512.2	19630	A	G	42476	14865	37	2	0	30	4.70799e-05	42481	1	FALSE	NA	NA	NA	NA	NA	NA
NC_045512.2	19630	A	C	42476	14865	37	2	2	26	4.70799e-05	42481	1	FALSE	NA	NA	NA	NA	NA	NA
NC_045512.2	19631	A	G	42146	14694	36	4	1	34	9.48992e-05	42150	1	FALSE	NA	NA	NA	NA	NA	NA
NC_045512.2	19632	T	G	42098	14711	37	3	0	34	7.12572e-05	42101	1	FALSE	NA	NA	NA	NA	NA	NA
NC_045512.2	19633	G	T	41999	14721	37	1	1	26	2.38084e-05	42002	1	FALSE	NA	NA	NA	NA	NA	NA
NC_045512.2	19633	G	A	41999	14721	37	2	1	29	4.76168e-05	42002	1	FALSE	NA	NA	NA	NA	NA	NA
NC_045512.2	19634	T	C	41829	14797	37	1	0	34	2.39057e-05	41831	1	FALSE	NA	NA	NA	NA	NA	NA
NC_045512.2	19634	T	A	41829	14797	37	1	0	34	2.39057e-05	41831	1	FALSE	NA	NA	NA	NA	NA	NA
NC_045512.2	19635	G	A	41727	14704	36	2	0	34	4.79283e-05	41729	1	FALSE	NA	NA	NA	NA	NA	NA
NC_045512.2	19636	G	C	41991	14744	36	1	1	34	2.38124e-05	41995	1	FALSE	NA	NA	NA	NA	NA	NA
NC_045512.2	19636	G	A	41991	14744	36	3	0	34	7.14371e-05	41995	1	FALSE	NA	NA	NA	NA	NA	NA
NC_045512.2	19637	C	T	41686	14870	36	2	1	30	4.79743e-05	41689	1	FALSE	NA	NA	NA	NA	NA	NA
NC_045512.2	19637	C	G	41686	14870	36	1	0	34	2.39871e-05	41689	1	FALSE	NA	NA	NA	NA	NA	NA
NC_045512.2	19637	C	-T	41686	14870	36	1	0	20	2.39871e-05	41689	1	FALSE	NA	NA	NA	NA	NA	NA
NC_045512.2	19638	T	G	42413	15589	37	2	0	34	4.71498e-05	42418	1	FALSE	NA	NA	NA	NA	NA	NA
NC_045512.2	19638	T	C	42413	15589	37	2	0	34	4.71498e-05	42418	1	FALSE	NA	NA	NA	NA	NA	NA
NC_045512.2	19638	T	A	42413	15589	37	1	0	26	2.35749e-05	42418	1	FALSE	NA	NA	NA	NA	NA	NA
NC_045512.2	19639	T	C	42459	15672	36	3	2	34	7.06514e-05	42462	1	FALSE	NA	NA	NA	NA	NA	NA
NC_045512.2	19641	T	C	42190	15626	37	5	1	40	0.000118495	42196	0.5	FALSE	NA	NA	NA	NA	NA	NA
NC_045512.2	19641	T	A	42190	15626	37	1	1	34	2.36989e-05	42196	1	FALSE	NA	NA	NA	NA	NA	NA
NC_045512.2	19642	A	T	42400	15770	37	1	1	34	2.35827e-05	42404	1	FALSE	NA	NA	NA	NA	NA	NA
NC_045512.2	19642	A	G	42400	15770	37	3	1	34	7.0748e-05	42404	1	FALSE	NA	NA	NA	NA	NA	NA
NC_045512.2	19644	T	C	43854	18206	37	3	2	42	6.84026e-05	43858	0.773447	FALSE	NA	NA	NA	NA	NA	NA
NC_045512.2	19644	T	A	43854	18206	37	1	0	34	2.28009e-05	43858	1	FALSE	NA	NA	NA	NA	NA	NA
NC_045512.2	19645	G	T	44258	17987	37	2	2	30	4.51845e-05	44263	1	FALSE	NA	NA	NA	NA	NA	NA
NC_045512.2	19645	G	C	44258	17987	37	1	0	27	2.25922e-05	44263	1	FALSE	NA	NA	NA	NA	NA	NA
NC_045512.2	19645	G	A	44258	17987	37	2	0	34	4.51845e-05	44263	1	FALSE	NA	NA	NA	NA	NA	NA
NC_045512.2	19646	T	C	44375	18173	37	8	4	38	0.000180245	44384	1	FALSE	NA	NA	NA	NA	NA	NA
NC_045512.2	19646	T	A	44375	18173	37	1	0	34	2.25306e-05	44384	1	FALSE	NA	NA	NA	NA	NA	NA
NC_045512.2	19647	T	C	44107	17909	37	4	2	32	9.06803e-05	44111	1	FALSE	NA	NA	NA	NA	NA	NA
NC_045512.2	19648	G	A	42873	18205	37	4	4	32	9.32901e-05	42877	1	FALSE	NA	NA	NA	NA	NA	NA
NC_045512.2	19649	T	C	42947	18269	37	5	5	34	0.000116409	42952	1	FALSE	NA	NA	NA	NA	NA	NA
NC_045512.2	19650	A	G	43217	18360	37	2	1	34	4.62759e-05	43219	1	FALSE	NA	NA	NA	NA	NA	NA
NC_045512.2	19651	A	G	43198	18352	37	2	2	34	4.62963e-05	43200	1	FALSE	NA	NA	NA	NA	NA	NA
NC_045512.2	19652	A	T	42483	18341	36	3	2	34	7.06032e-05	42491	1	FALSE	NA	NA	NA	NA	NA	NA
NC_045512.2	19652	A	G	42483	18341	36	4	1	42	9.41376e-05	42491	0.636687	FALSE	NA	NA	NA	NA	NA	NA
NC_045512.2	19652	A	C	42483	18341	36	1	0	34	2.35344e-05	42491	1	FALSE	NA	NA	NA	NA	NA	NA
NC_045512.2	19653	T	C	42339	18498	37	2	1	34	4.72355e-05	42341	1	FALSE	NA	NA	NA	NA	NA	NA
NC_045512.2	19655	A	G	40346	18126	36	2	2	34	4.95688e-05	40348	1	FALSE	NA	NA	NA	NA	NA	NA
NC_045512.2	19655	A	-G	40346	18126	36	1	0	20	2.47844e-05	40348	1	FALSE	NA	NA	NA	NA	NA	NA
NC_045512.2	19656	G	T	40372	18088	36	11	1	40	0.000272378	40385	0.0592063	FALSE	NA	NA	NA	NA	NA	NA
NC_045512.2	19656	G	A	40372	18088	36	2	0	34	4.95233e-05	40385	1	FALSE	NA	NA	NA	NA	NA	NA
NC_045512.2	19657	G	T	40378	17949	36	3	1	34	7.4285e-05	40385	1	FALSE	NA	NA	NA	NA	NA	NA
NC_045512.2	19657	G	A	40378	17949	36	4	2	32	9.90467e-05	40385	1	FALSE	NA	NA	NA	NA	NA	NA
NC_045512.2	19658	G	C	40391	17953	36	2	1	30	4.95111e-05	40395	1	FALSE	NA	NA	NA	NA	NA	NA
NC_045512.2	19658	G	A	40391	17953	36	2	2	34	4.95111e-05	40395	1	FALSE	NA	NA	NA	NA	NA	NA
NC_045512.2	19659	A	T	40149	17759	36	1	0	34	2.49016e-05	40158	1	FALSE	NA	NA	NA	NA	NA	NA
NC_045512.2	19659	A	G	40149	17759	36	8	7	34	0.000199213	40158	1	FALSE	NA	NA	NA	NA	NA	NA
NC_045512.2	19660	C	T	40036	18090	36	5	4	34	0.000124872	40041	1	FALSE	NA	NA	NA	NA	NA	NA
NC_045512.2	19661	A	G	39800	17862	36	2	0	30	5.02487e-05	39802	1	FALSE	NA	NA	NA	NA	NA	NA
NC_045512.2	19662	C	T	40518	17881	36	2	0	34	4.9351e-05	40526	1	FALSE	NA	NA	NA	NA	NA	NA
NC_045512.2	19662	C	A	40518	17881	36	6	1	34	0.000148053	40526	1	FALSE	NA	NA	NA	NA	NA	NA
NC_045512.2	19663	T	C	40423	17805	36	2	1	34	4.94743e-05	40425	1	FALSE	NA	NA	NA	NA	NA	NA
NC_045512.2	19664	T	G	40479	17601	36	2	0	26	4.93998e-05	40486	1	FALSE	NA	NA	NA	NA	NA	NA
NC_045512.2	19664	T	C	40479	17601	36	4	3	34	9.87996e-05	40486	1	FALSE	NA	NA	NA	NA	NA	NA
NC_045512.2	19664	T	A	40479	17601	36	1	0	34	2.46999e-05	40486	1	FALSE	NA	NA	NA	NA	NA	NA
NC_045512.2	19665	T	G	40567	17772	36	2	0	30	4.92878e-05	40578	1	FALSE	NA	NA	NA	NA	NA	NA
NC_045512.2	19665	T	C	40567	17772	36	6	3	34	0.000147863	40578	1	FALSE	NA	NA	NA	NA	NA	NA
NC_045512.2	19665	T	A	40567	17772	36	3	1	30	7.39317e-05	40578	1	FALSE	NA	NA	NA	NA	NA	NA
NC_045512.2	19666	G	A	40602	17666	36	3	3	34	7.38825e-05	40605	1	FALSE	NA	NA	NA	NA	NA	NA
NC_045512.2	19667	A	T	40740	17691	36	1	0	34	2.45369e-05	40755	1	FALSE	NA	NA	NA	NA	NA	NA
NC_045512.2	19667	A	G	40740	17691	36	11	5	39	0.000269906	40755	0.999993	FALSE	NA	NA	NA	NA	NA	NA
NC_045512.2	19667	A	C	40740	17691	36	3	1	34	7.36106e-05	40755	1	FALSE	NA	NA	NA	NA	NA	NA
NC_045512.2	19668	T	C	40610	17968	36	6	2	33	0.000147725	40616	1	FALSE	NA	NA	NA	NA	NA	NA
NC_045512.2	19669	G	T	41022	17844	36	4	4	34	9.74873e-05	41031	1	FALSE	NA	NA	NA	NA	NA	NA
NC_045512.2	19669	G	A	41022	17844	36	5	4	34	0.000121859	41031	1	FALSE	NA	NA	NA	NA	NA	NA
NC_045512.2	19670	G	A	41410	18306	36	7	5	34	0.000169013	41417	1	FALSE	NA	NA	NA	NA	NA	NA
NC_045512.2	19671	A	G	41304	18182	36	4	2	34	9.68218e-05	41313	1	FALSE	NA	NA	NA	NA	NA	NA
NC_045512.2	19671	A	C	41304	18182	36	5	0	34	0.000121027	41313	1	FALSE	NA	NA	NA	NA	NA	NA
NC_045512.2	19672	C	G	41883	18237	36	2	0	34	4.77498e-05	41885	1	FALSE	NA	NA	NA	NA	NA	NA
NC_045512.2	19673	A	G	41524	17967	36	4	0	34	9.63206e-05	41528	1	FALSE	NA	NA	NA	NA	NA	NA
NC_045512.2	19674	A	T	41716	17951	36	1	1	26	2.39693e-05	41720	1	FALSE	NA	NA	NA	NA	NA	NA
NC_045512.2	19674	A	G	41716	17951	36	3	2	31	7.1908e-05	41720	1	FALSE	NA	NA	NA	NA	NA	NA
NC_045512.2	19675	C	T	42028	17988	36	2	0	34	4.75805e-05	42034	1	FALSE	NA	NA	NA	NA	NA	NA
NC_045512.2	19675	C	G	42028	17988	36	1	0	34	2.37903e-05	42034	1	FALSE	NA	NA	NA	NA	NA	NA
NC_045512.2	19675	C	A	42028	17988	36	3	0	31	7.13708e-05	42034	1	FALSE	NA	NA	NA	NA	NA	NA
NC_045512.2	19676	A	T	41479	17391	36	5	5	34	0.000120476	41502	1	FALSE	NA	NA	NA	NA	NA	NA
NC_045512.2	19676	A	G	41479	17391	36	15	8	38	0.000361428	41502	0.999883	FALSE	NA	NA	NA	NA	NA	NA
NC_045512.2	19676	A	C	41479	17391	36	3	3	34	7.22857e-05	41502	1	FALSE	NA	NA	NA	NA	NA	NA
NC_045512.2	19677	G	T	41843	17480	36	1	0	34	2.38977e-05	41845	1	FALSE	NA	NA	NA	NA	NA	NA
NC_045512.2	19677	G	A	41843	17480	36	1	0	34	2.38977e-05	41845	1	FALSE	NA	NA	NA	NA	NA	NA
NC_045512.2	19678	G	T	44132	20273	37	4	1	51	9.06228e-05	44139	0.0624901	FALSE	NA	NA	NA	NA	NA	NA
NC_045512.2	19678	G	A	44132	20273	37	3	0	31	6.79671e-05	44139	1	FALSE	NA	NA	NA	NA	NA	NA
NC_045512.2	19680	T	C	44978	22048	37	3	0	45	6.66919e-05	44983	0.773438	FALSE	NA	NA	NA	NA	NA	NA
NC_045512.2	19680	T	A	44978	22048	37	2	0	34	4.44612e-05	44983	1	FALSE	NA	NA	NA	NA	NA	NA
NC_045512.2	19681	G	T	44500	21522	37	1	0	34	2.24714e-05	44501	1	FALSE	NA	NA	NA	NA	NA	NA
NC_045512.2	19681	G	-A	44500	21522	37	1	0	20	2.24714e-05	44501	1	FALSE	NA	NA	NA	NA	NA	NA
NC_045512.2	19682	A	T	44770	21535	37	1	0	34	2.23334e-05	44776	1	FALSE	NA	NA	NA	NA	NA	NA
NC_045512.2	19682	A	G	44770	21535	37	5	1	40	0.000111667	44776	0.499986	FALSE	NA	NA	NA	NA	NA	NA
NC_045512.2	19683	A	T	43923	21289	36	1	1	34	2.27625e-05	43932	1	FALSE	NA	NA	NA	NA	NA	NA
NC_045512.2	19683	A	G	43923	21289	36	5	3	40	0.000113812	43932	0.499958	FALSE	NA	NA	NA	NA	NA	NA
NC_045512.2	19683	A	C	43923	21289	36	3	1	27	6.82874e-05	43932	1	FALSE	NA	NA	NA	NA	NA	NA
NC_045512.2	19684	G	T	44529	21271	37	1	0	34	2.24553e-05	44533	1	FALSE	NA	NA	NA	NA	NA	NA
NC_045512.2	19684	G	A	44529	21271	37	3	0	31	6.73658e-05	44533	1	FALSE	NA	NA	NA	NA	NA	NA
NC_045512.2	19685	T	C	45622	22707	37	1	0	68	2.19168e-05	45627	0.499984	FALSE	NA	NA	NA	NA	NA	NA
NC_045512.2	19685	T	A	45622	22707	37	4	3	32	8.76674e-05	45627	1	FALSE	NA	NA	NA	NA	NA	NA
NC_045512.2	19686	A	G	44714	22350	37	6	5	34	0.000134168	44720	1	FALSE	NA	NA	NA	NA	NA	NA
NC_045512.2	19686	A	-C	44714	22350	37	1	0	20	2.23614e-05	44720	1	FALSE	NA	NA	NA	NA	NA	NA
NC_045512.2	19688	C	A	39221	22798	36	1	1	34	2.54959e-05	39222	1	FALSE	NA	NA	NA	NA	NA	NA
NC_045512.2	19689	A	G	38807	22355	36	3	2	45	7.72957e-05	38812	0.656244	FALSE	NA	NA	NA	NA	NA	NA
NC_045512.2	19689	A	C	38807	22355	36	2	2	30	5.15305e-05	38812	1	FALSE	NA	NA	NA	NA	NA	NA
NC_045512.2	19690	G	A	39134	22292	36	1	0	34	2.55526e-05	39135	1	FALSE	NA	NA	NA	NA	NA	NA
NC_045512.2	19691	T	G	39506	22838	36	2	1	34	5.06163e-05	39513	1	FALSE	NA	NA	NA	NA	NA	NA
NC_045512.2	19691	T	C	39506	22838	36	4	2	32	0.000101233	39513	1	FALSE	NA	NA	NA	NA	NA	NA
NC_045512.2	19691	T	A	39506	22838	36	1	0	26	2.53081e-05	39513	1	FALSE	NA	NA	NA	NA	NA	NA
NC_045512.2	19692	T	C	39744	23041	36	4	3	34	0.000100634	39748	1	FALSE	NA	NA	NA	NA	NA	NA
NC_045512.2	19693	T	G	38849	22320	36	1	1	34	2.5738e-05	38853	1	FALSE	NA	NA	NA	NA	NA	NA
NC_045512.2	19693	T	C	38849	22320	36	2	1	30	5.14761e-05	38853	1	FALSE	NA	NA	NA	NA	NA	NA
NC_045512.2	19693	T	A	38849	22320	36	1	1	26	2.5738e-05	38853	1	FALSE	NA	NA	NA	NA	NA	NA
NC_045512.2	19695	T	C	38027	22321	36	5	3	32	0.000131465	38033	1	FALSE	NA	NA	NA	NA	NA	NA
NC_045512.2	19695	T	A	38027	22321	36	1	0	24	2.6293e-05	38033	1	FALSE	NA	NA	NA	NA	NA	NA
NC_045512.2	19696	A	T	38804	23113	36	1	1	34	2.57685e-05	38807	1	FALSE	NA	NA	NA	NA	NA	NA
NC_045512.2	19696	A	G	38804	23113	36	2	2	34	5.15371e-05	38807	1	FALSE	NA	NA	NA	NA	NA	NA
NC_045512.2	19697	T	C	38660	23170	36	2	2	30	5.17304e-05	38662	1	FALSE	NA	NA	NA	NA	NA	NA
NC_045512.2	19699	A	T	38490	22817	36	4	4	34	0.000103907	38496	1	FALSE	NA	NA	NA	NA	NA	NA
NC_045512.2	19699	A	C	38490	22817	36	2	1	30	5.19534e-05	38496	1	FALSE	NA	NA	NA	NA	NA	NA
NC_045512.2	19700	T	G	38635	22733	36	1	1	26	2.58813e-05	38638	1	FALSE	NA	NA	NA	NA	NA	NA
NC_045512.2	19700	T	C	38635	22733	36	1	1	34	2.58813e-05	38638	1	FALSE	NA	NA	NA	NA	NA	NA
NC_045512.2	19700	T	A	38635	22733	36	1	0	34	2.58813e-05	38638	1	FALSE	NA	NA	NA	NA	NA	NA
NC_045512.2	19702	A	T	40137	23387	36	1	1	26	2.49122e-05	40141	1	FALSE	NA	NA	NA	NA	NA	NA
NC_045512.2	19702	A	G	40137	23387	36	2	0	34	4.98244e-05	40141	1	FALSE	NA	NA	NA	NA	NA	NA
NC_045512.2	19702	A	C	40137	23387	36	1	1	26	2.49122e-05	40141	1	FALSE	NA	NA	NA	NA	NA	NA
NC_045512.2	19703	A	T	40216	23489	36	1	1	34	2.48639e-05	40219	1	FALSE	NA	NA	NA	NA	NA	NA
NC_045512.2	19703	A	G	40216	23489	36	2	1	30	4.97277e-05	40219	1	FALSE	NA	NA	NA	NA	NA	NA
NC_045512.2	19703	A	-T	40216	23489	36	1	0	20	2.48639e-05	40219	1	FALSE	NA	NA	NA	NA	NA	NA
NC_045512.2	19704	T	G	39834	23217	36	1	1	26	2.50985e-05	39843	1	FALSE	NA	NA	NA	NA	NA	NA
NC_045512.2	19704	T	C	39834	23217	36	5	2	39	0.000125493	39843	1	FALSE	NA	NA	NA	NA	NA	NA
NC_045512.2	19704	T	A	39834	23217	36	3	2	34	7.52955e-05	39843	1	FALSE	NA	NA	NA	NA	NA	NA
NC_045512.2	19705	A	T	38843	23330	36	2	1	34	5.14801e-05	38850	1	FALSE	NA	NA	NA	NA	NA	NA
NC_045512.2	19705	A	G	38843	23330	36	5	5	34	0.0001287	38850	1	FALSE	NA	NA	NA	NA	NA	NA
NC_045512.2	19706	A	G	39193	23497	36	2	0	29	5.10256e-05	39196	1	FALSE	NA	NA	NA	NA	NA	NA
NC_045512.2	19706	A	C	39193	23497	36	1	1	34	2.55128e-05	39196	1	FALSE	NA	NA	NA	NA	NA	NA
NC_045512.2	19707	C	T	38909	23478	36	1	1	34	2.57003e-05	38910	1	FALSE	NA	NA	NA	NA	NA	NA
NC_045512.2	19708	A	T	39485	24153	36	3	3	34	7.59628e-05	39493	1	FALSE	NA	NA	NA	NA	NA	NA
NC_045512.2	19708	A	G	39485	24153	36	5	2	34	0.000126605	39493	1	FALSE	NA	NA	NA	NA	NA	NA
NC_045512.2	19710	T	C	37900	22299	36	7	7	32	0.000184658	37908	1	FALSE	NA	NA	NA	NA	NA	NA
NC_045512.2	19710	T	A	37900	22299	36	1	1	26	2.63797e-05	37908	1	FALSE	NA	NA	NA	NA	NA	NA
NC_045512.2	19711	G	A	38432	22507	36	1	1	34	2.60193e-05	38433	1	FALSE	NA	NA	NA	NA	NA	NA
NC_045512.2	19711	G	-T	38432	22507	36	1	0	20	2.60193e-05	38433	1	FALSE	NA	NA	NA	NA	NA	NA
NC_045512.2	19712	T	G	32778	16846	34	2	2	26	6.10035e-05	32785	1	FALSE	NA	NA	NA	NA	NA	NA
NC_045512.2	19712	T	C	32778	16846	34	5	2	34	0.000152509	32785	0.999999	FALSE	NA	NA	NA	NA	NA	NA
NC_045512.2	19714	T	G	56530	42573	37	1	0	27	1.76882e-05	56535	1	FALSE	NA	NA	NA	NA	NA	NA
NC_045512.2	19714	T	C	56530	42573	37	4	4	32	7.07526e-05	56535	1	FALSE	NA	NA	NA	NA	NA	NA
NC_045512.2	19715	A	T	56236	42640	37	1	1	26	1.77819e-05	56237	1	FALSE	NA	NA	NA	NA	NA	NA
NC_045512.2	19716	C	T	56188	42811	37	1	0	34	1.77968e-05	56190	1	FALSE	NA	NA	NA	NA	NA	NA
NC_045512.2	19716	C	A	56188	42811	37	1	0	34	1.77968e-05	56190	1	FALSE	NA	NA	NA	NA	NA	NA
NC_045512.2	19717	A	T	56054	42709	37	1	0	27	1.7839e-05	56057	1	FALSE	NA	NA	NA	NA	NA	NA
NC_045512.2	19717	A	G	56054	42709	37	2	1	34	3.5678e-05	56057	1	FALSE	NA	NA	NA	NA	NA	NA
NC_045512.2	19718	C	T	56119	42689	37	7	5	34	0.000124719	56126	1	FALSE	NA	NA	NA	NA	NA	NA
NC_045512.2	19719	A	T	55341	42024	37	1	1	34	1.80675e-05	55348	1	FALSE	NA	NA	NA	NA	NA	NA
NC_045512.2	19719	A	G	55341	42024	37	5	3	34	9.03375e-05	55348	1	FALSE	NA	NA	NA	NA	NA	NA
NC_045512.2	19719	A	C	55341	42024	37	1	1	34	1.80675e-05	55348	1	FALSE	NA	NA	NA	NA	NA	NA
NC_045512.2	19720	A	T	55647	41942	37	2	1	30	3.59357e-05	55655	1	FALSE	NA	NA	NA	NA	NA	NA
NC_045512.2	19720	A	G	55647	41942	37	5	4	34	8.98392e-05	55655	1	FALSE	NA	NA	NA	NA	NA	NA
NC_045512.2	19720	A	C	55647	41942	37	1	1	34	1.79678e-05	55655	1	FALSE	NA	NA	NA	NA	NA	NA
NC_045512.2	19721	A	T	53051	41983	36	1	1	34	1.8848e-05	53056	1	FALSE	NA	NA	NA	NA	NA	NA
NC_045512.2	19721	A	G	53051	41983	36	1	1	34	1.8848e-05	53056	1	FALSE	NA	NA	NA	NA	NA	NA
NC_045512.2	19721	A	C	53051	41983	36	3	0	29	5.6544e-05	53056	1	FALSE	NA	NA	NA	NA	NA	NA
NC_045512.2	19722	A	G	55221	42115	37	8	4	46	0.000144844	55232	0.290493	FALSE	NA	NA	NA	NA	NA	NA
NC_045512.2	19722	A	C	55221	42115	37	3	3	31	5.43163e-05	55232	1	FALSE	NA	NA	NA	NA	NA	NA
NC_045512.2	19723	G	T	50027	39684	37	3948	2813	37	0.0731409	53978	0	TRUE	NA	NA	NA	NA	NA	NA
NC_045512.2	19723	G	C	50027	39684	37	2	2	34	3.70521e-05	53978	1	FALSE	NA	NA	NA	NA	NA	NA
NC_045512.2	19723	G	A	50027	39684	37	1	0	34	1.85261e-05	53978	1	FALSE	NA	NA	NA	NA	NA	NA
NC_045512.2	19724	T	G	46216	34768	35	1	1	26	2.16352e-05	46221	1	FALSE	NA	NA	NA	NA	NA	NA
NC_045512.2	19724	T	C	46216	34768	35	3	3	31	6.49056e-05	46221	1	FALSE	NA	NA	NA	NA	NA	NA
NC_045512.2	19724	T	A	46216	34768	35	1	1	34	2.16352e-05	46221	1	FALSE	NA	NA	NA	NA	NA	NA
NC_045512.2	19725	T	C	55476	44171	37	5	5	34	9.01209e-05	55481	1	FALSE	NA	NA	NA	NA	NA	NA
NC_045512.2	19726	G	C	55396	44121	37	1	1	34	1.80512e-05	55398	1	FALSE	NA	NA	NA	NA	NA	NA
NC_045512.2	19726	G	A	55396	44121	37	1	1	34	1.80512e-05	55398	1	FALSE	NA	NA	NA	NA	NA	NA
NC_045512.2	19727	A	T	55377	44086	37	3	3	31	5.41634e-05	55388	1	FALSE	NA	NA	NA	NA	NA	NA
NC_045512.2	19727	A	G	55377	44086	37	5	5	47	9.02723e-05	55388	0.622997	FALSE	NA	NA	NA	NA	NA	NA
NC_045512.2	19727	A	C	55377	44086	37	3	3	31	5.41634e-05	55388	1	FALSE	NA	NA	NA	NA	NA	NA
NC_045512.2	19728	T	C	55186	43916	37	1	1	24	1.81202e-05	55187	1	FALSE	NA	NA	NA	NA	NA	NA
NC_045512.2	19729	G	T	54468	43208	37	3	3	34	5.50721e-05	54474	1	FALSE	NA	NA	NA	NA	NA	NA
NC_045512.2	19729	G	C	54468	43208	37	1	1	34	1.83574e-05	54474	1	FALSE	NA	NA	NA	NA	NA	NA
NC_045512.2	19729	G	A	54468	43208	37	2	2	34	3.67148e-05	54474	1	FALSE	NA	NA	NA	NA	NA	NA
NC_045512.2	19730	G	C	54798	43163	37	1	1	34	1.82485e-05	54799	1	FALSE	NA	NA	NA	NA	NA	NA
NC_045512.2	19731	T	C	53209	41587	37	6	6	34	0.000112744	53218	1	FALSE	NA	NA	NA	NA	NA	NA
NC_045512.2	19731	T	A	53209	41587	37	3	3	29	5.63719e-05	53218	1	FALSE	NA	NA	NA	NA	NA	NA
NC_045512.2	19732	G	T	54143	42573	37	2	2	26	3.69358e-05	54148	1	FALSE	NA	NA	NA	NA	NA	NA
NC_045512.2	19732	G	C	54143	42573	37	1	1	34	1.84679e-05	54148	1	FALSE	NA	NA	NA	NA	NA	NA
NC_045512.2	19732	G	A	54143	42573	37	2	2	34	3.69358e-05	54148	1	FALSE	NA	NA	NA	NA	NA	NA
NC_045512.2	19733	T	G	50035	38533	36	4	0	32	7.99281e-05	50045	1	FALSE	NA	NA	NA	NA	NA	NA
NC_045512.2	19733	T	C	50035	38533	36	6	5	34	0.000119892	50045	1	FALSE	NA	NA	NA	NA	NA	NA
NC_045512.2	19734	T	C	55573	44181	37	12	11	33	0.000215886	55585	1	FALSE	NA	NA	NA	NA	NA	NA
NC_045512.2	19735	G	T	55428	43960	37	7	1	32	0.000126222	55458	1	FALSE	NA	NA	NA	NA	NA	NA
NC_045512.2	19735	G	C	55428	43960	37	18	18	30	0.00032457	55458	0.999997	FALSE	NA	NA	NA	NA	NA	NA
NC_045512.2	19735	G	A	55428	43960	37	5	5	34	9.01583e-05	55458	1	FALSE	NA	NA	NA	NA	NA	NA
NC_045512.2	19736	A	T	56237	44319	37	2	2	30	3.55606e-05	56242	1	FALSE	NA	NA	NA	NA	NA	NA
NC_045512.2	19736	A	G	56237	44319	37	3	1	46	5.33409e-05	56242	0.855472	FALSE	NA	NA	NA	NA	NA	NA
NC_045512.2	19737	T	C	55886	44254	37	4	4	41	7.15692e-05	55890	0.746111	FALSE	NA	NA	NA	NA	NA	NA
NC_045512.2	19738	G	C	55857	44320	37	1	1	26	1.79009e-05	55863	1	FALSE	NA	NA	NA	NA	NA	NA
NC_045512.2	19738	G	A	55857	44320	37	5	1	50	8.95047e-05	55863	0.0312472	FALSE	NA	NA	NA	NA	NA	NA
NC_045512.2	19739	T	G	55212	43798	37	2	2	34	3.62161e-05	55224	1	FALSE	NA	NA	NA	NA	NA	NA
NC_045512.2	19739	T	C	55212	43798	37	8	8	34	0.000144865	55224	1	FALSE	NA	NA	NA	NA	NA	NA
NC_045512.2	19739	T	A	55212	43798	37	2	2	34	3.62161e-05	55224	1	FALSE	NA	NA	NA	NA	NA	NA
NC_045512.2	19740	A	T	54959	43545	37	1	0	34	1.81921e-05	54969	1	FALSE	NA	NA	NA	NA	NA	NA
NC_045512.2	19740	A	G	54959	43545	37	8	8	37	0.000145537	54969	1	FALSE	NA	NA	NA	NA	NA	NA
NC_045512.2	19740	A	C	54959	43545	37	1	1	34	1.81921e-05	54969	1	FALSE	NA	NA	NA	NA	NA	NA
NC_045512.2	19741	G	C	54702	43288	37	1	1	34	1.82802e-05	54704	1	FALSE	NA	NA	NA	NA	NA	NA
NC_045512.2	19741	G	A	54702	43288	37	1	0	34	1.82802e-05	54704	1	FALSE	NA	NA	NA	NA	NA	NA
NC_045512.2	19742	A	T	54926	43612	37	2	1	34	3.64053e-05	54937	1	FALSE	NA	NA	NA	NA	NA	NA
NC_045512.2	19742	A	G	54926	43612	37	9	7	36	0.000163824	54937	1	FALSE	NA	NA	NA	NA	NA	NA
NC_045512.2	19743	A	T	55147	43760	37	1	0	34	1.8132e-05	55151	1	FALSE	NA	NA	NA	NA	NA	NA
NC_045512.2	19743	A	G	55147	43760	37	3	2	31	5.43961e-05	55151	1	FALSE	NA	NA	NA	NA	NA	NA
NC_045512.2	19744	T	C	55210	44109	37	1	1	34	1.81123e-05	55211	1	FALSE	NA	NA	NA	NA	NA	NA
NC_045512.2	19745	T	G	52504	41504	37	1	0	27	1.90425e-05	52514	1	FALSE	NA	NA	NA	NA	NA	NA
NC_045512.2	19745	T	C	52504	41504	37	8	7	34	0.00015234	52514	1	FALSE	NA	NA	NA	NA	NA	NA
NC_045512.2	19745	T	A	52504	41504	37	1	1	26	1.90425e-05	52514	1	FALSE	NA	NA	NA	NA	NA	NA
NC_045512.2	19746	G	C	51862	41371	37	2	2	34	3.85624e-05	51864	1	FALSE	NA	NA	NA	NA	NA	NA
NC_045512.2	19747	T	C	48639	38207	35	10	7	32	0.000205554	48649	1	FALSE	NA	NA	NA	NA	NA	NA
NC_045512.2	19748	T	G	51557	41167	37	1	0	27	1.93941e-05	51562	1	FALSE	NA	NA	NA	NA	NA	NA
NC_045512.2	19748	T	C	51557	41167	37	4	2	42	7.75765e-05	51562	0.746103	FALSE	NA	NA	NA	NA	NA	NA
NC_045512.2	19749	T	C	52234	42052	37	4	4	34	7.65711e-05	52239	1	FALSE	NA	NA	NA	NA	NA	NA
NC_045512.2	19749	T	A	52234	42052	37	1	1	34	1.91428e-05	52239	1	FALSE	NA	NA	NA	NA	NA	NA
NC_045512.2	19750	G	T	51861	41686	37	2	2	34	3.85609e-05	51866	1	FALSE	NA	NA	NA	NA	NA	NA
NC_045512.2	19750	G	C	51861	41686	37	1	1	34	1.92805e-05	51866	1	FALSE	NA	NA	NA	NA	NA	NA
NC_045512.2	19750	G	A	51861	41686	37	2	1	30	3.85609e-05	51866	1	FALSE	NA	NA	NA	NA	NA	NA
NC_045512.2	19750	G	-A	51861	41686	37	2	0	20	3.85609e-05	51866	1	FALSE	NA	NA	NA	NA	NA	NA
NC_045512.2	19751	A	G	51959	42063	37	7	4	31	0.000134698	51968	1	FALSE	NA	NA	NA	NA	NA	NA
NC_045512.2	19751	A	C	51959	42063	37	2	2	34	3.84852e-05	51968	1	FALSE	NA	NA	NA	NA	NA	NA
NC_045512.2	19752	A	T	51931	42044	37	1	1	34	1.92537e-05	51938	1	FALSE	NA	NA	NA	NA	NA	NA
NC_045512.2	19752	A	G	51931	42044	37	5	3	34	9.62686e-05	51938	1	FALSE	NA	NA	NA	NA	NA	NA
NC_045512.2	19752	A	C	51931	42044	37	1	1	34	1.92537e-05	51938	1	FALSE	NA	NA	NA	NA	NA	NA
NC_045512.2	19753	A	C	51921	42124	37	1	1	34	1.92597e-05	51922	1	FALSE	NA	NA	NA	NA	NA	NA
NC_045512.2	19754	A	T	53688	44134	37	1	0	34	1.86254e-05	53690	1	FALSE	NA	NA	NA	NA	NA	NA
NC_045512.2	19754	A	G	53688	44134	37	1	1	34	1.86254e-05	53690	1	FALSE	NA	NA	NA	NA	NA	NA
NC_045512.2	19755	T	C	53776	44248	37	6	6	32	0.000111561	53782	1	FALSE	NA	NA	NA	NA	NA	NA
NC_045512.2	19755	T	-A	53776	44248	37	4	0	20	7.43743e-05	53782	1	FALSE	NA	NA	NA	NA	NA	NA
NC_045512.2	19756	A	G	53594	44161	37	2	1	34	3.73148e-05	53598	1	FALSE	NA	NA	NA	NA	NA	NA
NC_045512.2	19756	A	C	53594	44161	37	2	2	34	3.73148e-05	53598	1	FALSE	NA	NA	NA	NA	NA	NA
NC_045512.2	19757	A	G	53866	44396	37	3	3	34	5.56907e-05	53869	1	FALSE	NA	NA	NA	NA	NA	NA
NC_045512.2	19758	A	G	53716	44418	37	6	5	34	0.000111686	53722	1	FALSE	NA	NA	NA	NA	NA	NA
NC_045512.2	19758	A	+C	53716	44418	37	2	0	20	3.72287e-05	53722	1	FALSE	NA	NA	NA	NA	NA	NA
NC_045512.2	19759	A	G	54912	45752	37	6	4	44	0.000109252	54919	0.5	FALSE	NA	NA	NA	NA	NA	NA
NC_045512.2	19759	A	C	54912	45752	37	1	1	26	1.82086e-05	54919	1	FALSE	NA	NA	NA	NA	NA	NA
NC_045512.2	19760	C	T	54944	45849	37	1	1	34	1.82e-05	54945	1	FALSE	NA	NA	NA	NA	NA	NA
NC_045512.2	19761	A	G	54656	45514	37	2	1	34	3.65912e-05	54658	1	FALSE	NA	NA	NA	NA	NA	NA
NC_045512.2	19762	A	G	55021	45731	37	4	3	37	7.26929e-05	55026	1	FALSE	NA	NA	NA	NA	NA	NA
NC_045512.2	19762	A	C	55021	45731	37	1	1	34	1.81732e-05	55026	1	FALSE	NA	NA	NA	NA	NA	NA
NC_045512.2	19764	A	T	55020	46258	37	2	2	34	3.63438e-05	55030	1	FALSE	NA	NA	NA	NA	NA	NA
NC_045512.2	19764	A	G	55020	46258	37	7	5	57	0.000127203	55030	0.00781002	TRUE	NA	NA	NA	NA	NA	NA
NC_045512.2	19764	A	C	55020	46258	37	1	1	34	1.81719e-05	55030	1	FALSE	NA	NA	NA	NA	NA	NA
NC_045512.2	19764	A	-T	55020	46258	37	1	0	20	1.81719e-05	55030	1	FALSE	NA	NA	NA	NA	NA	NA
NC_045512.2	19765	T	A	54881	46335	37	1	1	26	1.82209e-05	54882	1	FALSE	NA	NA	NA	NA	NA	NA
NC_045512.2	19766	T	C	55672	47346	37	7	7	32	0.000125718	55680	1	FALSE	NA	NA	NA	NA	NA	NA
NC_045512.2	19766	T	A	55672	47346	37	1	1	26	1.79598e-05	55680	1	FALSE	NA	NA	NA	NA	NA	NA
NC_045512.2	19767	A	G	55667	47327	37	6	4	45	0.000107772	55673	0.500012	FALSE	NA	NA	NA	NA	NA	NA
NC_045512.2	19768	C	T	58777	51007	37	1	1	34	1.70126e-05	58780	1	FALSE	NA	NA	NA	NA	NA	NA
NC_045512.2	19768	C	A	58777	51007	37	2	2	34	3.40252e-05	58780	1	FALSE	NA	NA	NA	NA	NA	NA
NC_045512.2	19769	C	T	58096	51258	36	1	1	34	1.72126e-05	58097	1	FALSE	NA	NA	NA	NA	NA	NA
NC_045512.2	19769	C	-T	58096	51258	36	1	0	20	1.72126e-05	58097	1	FALSE	NA	NA	NA	NA	NA	NA
NC_045512.2	19770	T	G	60435	53833	36	3	0	34	4.96278e-05	60450	1	FALSE	NA	NA	NA	NA	NA	NA
NC_045512.2	19770	T	C	60435	53833	36	10	10	33	0.000165426	60450	1	FALSE	NA	NA	NA	NA	NA	NA
NC_045512.2	19770	T	A	60435	53833	36	2	2	30	3.30852e-05	60450	1	FALSE	NA	NA	NA	NA	NA	NA
NC_045512.2	19771	G	C	60614	53890	37	1	1	26	1.64976e-05	60615	1	FALSE	NA	NA	NA	NA	NA	NA
NC_045512.2	19771	G	-T	60614	53890	37	1	0	20	1.64976e-05	60615	1	FALSE	NA	NA	NA	NA	NA	NA
NC_045512.2	19772	T	G	56657	49945	36	1	0	34	1.76479e-05	56664	1	FALSE	NA	NA	NA	NA	NA	NA
NC_045512.2	19772	T	C	56657	49945	36	4	3	34	7.05916e-05	56664	1	FALSE	NA	NA	NA	NA	NA	NA
NC_045512.2	19772	T	A	56657	49945	36	2	2	34	3.52958e-05	56664	1	FALSE	NA	NA	NA	NA	NA	NA
NC_045512.2	19773	T	C	60565	53918	37	2	2	34	3.30213e-05	60567	1	FALSE	NA	NA	NA	NA	NA	NA
NC_045512.2	19774	A	T	60642	53973	37	2	1	34	3.29761e-05	60650	1	FALSE	NA	NA	NA	NA	NA	NA
NC_045512.2	19774	A	G	60642	53973	37	5	3	32	8.24402e-05	60650	1	FALSE	NA	NA	NA	NA	NA	NA
NC_045512.2	19774	A	C	60642	53973	37	1	1	26	1.6488e-05	60650	1	FALSE	NA	NA	NA	NA	NA	NA
NC_045512.2	19775	A	T	62443	56053	37	1	1	26	1.60136e-05	62447	1	FALSE	NA	NA	NA	NA	NA	NA
NC_045512.2	19775	A	G	62443	56053	37	1	0	68	1.60136e-05	62447	0.499992	FALSE	NA	NA	NA	NA	NA	NA
NC_045512.2	19775	A	C	62443	56053	37	2	2	26	3.20272e-05	62447	1	FALSE	NA	NA	NA	NA	NA	NA
NC_045512.2	19776	T	C	62194	56006	37	1	0	34	1.60777e-05	62198	1	FALSE	NA	NA	NA	NA	NA	NA
NC_045512.2	19776	T	A	62194	56006	37	3	1	56	4.82331e-05	62198	0.124997	FALSE	NA	NA	NA	NA	NA	NA
NC_045512.2	19777	G	A	59815	53711	37	1	1	34	1.67179e-05	59816	1	FALSE	NA	NA	NA	NA	NA	NA
NC_045512.2	19778	T	C	58987	53302	37	4	4	32	6.78047e-05	58993	1	FALSE	NA	NA	NA	NA	NA	NA
NC_045512.2	19778	T	A	58987	53302	37	2	2	34	3.39023e-05	58993	1	FALSE	NA	NA	NA	NA	NA	NA
NC_045512.2	19779	A	T	57176	51548	37	1	1	34	1.74877e-05	57183	1	FALSE	NA	NA	NA	NA	NA	NA
NC_045512.2	19779	A	G	57176	51548	37	6	5	34	0.000104926	57183	1	FALSE	NA	NA	NA	NA	NA	NA
NC_045512.2	19780	G	C	57010	51536	36	3	2	31	5.26177e-05	57015	1	FALSE	NA	NA	NA	NA	NA	NA
NC_045512.2	19780	G	A	57010	51536	36	2	1	34	3.50785e-05	57015	1	FALSE	NA	NA	NA	NA	NA	NA
NC_045512.2	19781	C	T	60006	54821	37	1	1	34	1.66647e-05	60007	1	FALSE	NA	NA	NA	NA	NA	NA
NC_045512.2	19782	A	G	60137	54962	37	12	8	54	0.000199498	60151	0.000243982	TRUE	NA	NA	NA	NA	NA	NA
NC_045512.2	19782	A	C	60137	54962	37	2	2	34	3.32497e-05	60151	1	FALSE	NA	NA	NA	NA	NA	NA
NC_045512.2	19782	A	+T	60137	54962	37	1	0	20	1.66248e-05	60151	1	FALSE	NA	NA	NA	NA	NA	NA
NC_045512.2	19783	T	G	57331	52300	35	1	1	24	1.74407e-05	57337	1	FALSE	NA	NA	NA	NA	NA	NA
NC_045512.2	19783	T	C	57331	52300	35	5	4	32	8.72037e-05	57337	1	FALSE	NA	NA	NA	NA	NA	NA
NC_045512.2	19784	T	G	59092	54087	37	1	1	34	1.6921e-05	59098	1	FALSE	NA	NA	NA	NA	NA	NA
NC_045512.2	19784	T	C	59092	54087	37	4	3	34	6.76842e-05	59098	1	FALSE	NA	NA	NA	NA	NA	NA
NC_045512.2	19784	T	A	59092	54087	37	1	0	68	1.6921e-05	59098	0.499983	FALSE	NA	NA	NA	NA	NA	NA
NC_045512.2	19785	T	C	58292	53627	36	18	18	34	0.00030869	58311	0.999999	FALSE	NA	NA	NA	NA	NA	NA
NC_045512.2	19785	T	A	58292	53627	36	1	0	27	1.71494e-05	58311	1	FALSE	NA	NA	NA	NA	NA	NA
NC_045512.2	19786	G	C	58306	53648	36	2	2	34	3.42947e-05	58318	1	FALSE	NA	NA	NA	NA	NA	NA
NC_045512.2	19786	G	A	58306	53648	36	10	1	34	0.000171474	58318	1	FALSE	NA	NA	NA	NA	NA	NA
NC_045512.2	19787	A	T	58373	53754	36	1	1	26	1.71271e-05	58387	1	FALSE	NA	NA	NA	NA	NA	NA
NC_045512.2	19787	A	G	58373	53754	36	12	12	41	0.000205525	58387	0.0717122	FALSE	NA	NA	NA	NA	NA	NA
NC_045512.2	19787	A	C	58373	53754	36	1	1	34	1.71271e-05	58387	1	FALSE	NA	NA	NA	NA	NA	NA
NC_045512.2	19788	G	A	58415	53681	36	1	1	34	1.71186e-05	58416	1	FALSE	NA	NA	NA	NA	NA	NA
NC_045512.2	19789	C	T	64131	60201	37	5	5	32	7.79581e-05	64137	1	FALSE	NA	NA	NA	NA	NA	NA
NC_045512.2	19789	C	G	64131	60201	37	1	1	34	1.55916e-05	64137	1	FALSE	NA	NA	NA	NA	NA	NA
NC_045512.2	19790	T	C	62311	58397	36	2	2	34	3.2096e-05	62313	1	FALSE	NA	NA	NA	NA	NA	NA
NC_045512.2	19791	T	C	65503	61798	37	5	5	31	7.63242e-05	65510	1	FALSE	NA	NA	NA	NA	NA	NA
NC_045512.2	19791	T	A	65503	61798	37	2	2	34	3.05297e-05	65510	1	FALSE	NA	NA	NA	NA	NA	NA
NC_045512.2	19792	T	C	66709	63163	37	9	7	37	0.000134892	66720	1	FALSE	NA	NA	NA	NA	NA	NA
NC_045512.2	19792	T	A	66709	63163	37	2	2	34	2.9976e-05	66720	1	FALSE	NA	NA	NA	NA	NA	NA
NC_045512.2	19792	T	-G	66709	63163	37	1	0	20	1.4988e-05	66720	1	FALSE	NA	NA	NA	NA	NA	NA
NC_045512.2	19793	G	T	66444	62875	37	5	5	34	7.52366e-05	66457	1	FALSE	NA	NA	NA	NA	NA	NA
NC_045512.2	19793	G	A	66444	62875	37	8	8	34	0.000120379	66457	1	FALSE	NA	NA	NA	NA	NA	NA
NC_045512.2	19794	G	T	66793	63242	37	1	1	26	1.49698e-05	66801	1	FALSE	NA	NA	NA	NA	NA	NA
NC_045512.2	19794	G	C	66793	63242	37	2	2	30	2.99397e-05	66801	1	FALSE	NA	NA	NA	NA	NA	NA
NC_045512.2	19794	G	A	66793	63242	37	5	5	34	7.48492e-05	66801	1	FALSE	NA	NA	NA	NA	NA	NA
NC_045512.2	19795	G	C	66471	62938	37	1	1	34	1.50437e-05	66473	1	FALSE	NA	NA	NA	NA	NA	NA
NC_045512.2	19795	G	A	66471	62938	37	1	1	34	1.50437e-05	66473	1	FALSE	NA	NA	NA	NA	NA	NA
NC_045512.2	19797	T	G	65976	62525	37	1	1	34	1.51552e-05	65984	1	FALSE	NA	NA	NA	NA	NA	NA
NC_045512.2	19797	T	C	65976	62525	37	6	6	34	9.09311e-05	65984	1	FALSE	NA	NA	NA	NA	NA	NA
NC_045512.2	19797	T	A	65976	62525	37	1	1	34	1.51552e-05	65984	1	FALSE	NA	NA	NA	NA	NA	NA
NC_045512.2	19797	T	-A	65976	62525	37	2	0	20	3.03104e-05	65984	1	FALSE	NA	NA	NA	NA	NA	NA
NC_045512.2	19798	A	T	65837	62392	37	1	1	34	1.51782e-05	65884	1	FALSE	NA	NA	NA	NA	NA	NA
NC_045512.2	19798	A	G	65837	62392	37	46	44	37	0.000698197	65884	0.97146	FALSE	NA	NA	NA	NA	NA	NA
NC_045512.2	19799	A	T	66018	62623	37	1	0	26	1.51465e-05	66022	1	FALSE	NA	NA	NA	NA	NA	NA
NC_045512.2	19799	A	G	66018	62623	37	3	3	31	4.54394e-05	66022	1	FALSE	NA	NA	NA	NA	NA	NA
NC_045512.2	19799	A	-G	66018	62623	37	1	0	20	1.51465e-05	66022	1	FALSE	NA	NA	NA	NA	NA	NA
NC_045512.2	19800	G	T	65921	62623	37	4	3	68	6.06741e-05	65926	0.0624953	FALSE	NA	NA	NA	NA	NA	NA
NC_045512.2	19800	G	A	65921	62623	37	1	1	68	1.51685e-05	65926	0.499985	FALSE	NA	NA	NA	NA	NA	NA
NC_045512.2	19801	C	T	65950	63219	36	8	7	32	0.000121287	65959	1	FALSE	NA	NA	NA	NA	NA	NA
NC_045512.2	19801	C	A	65950	63219	36	1	1	34	1.51609e-05	65959	1	FALSE	NA	NA	NA	NA	NA	NA
NC_045512.2	19802	G	C	65060	62330	36	1	1	34	1.53655e-05	65081	1	FALSE	NA	NA	NA	NA	NA	NA
NC_045512.2	19802	G	A	65060	62330	36	20	20	34	0.000307309	65081	1	FALSE	NA	NA	NA	NA	NA	NA
NC_045512.2	19803	C	T	65243	62611	36	2	2	34	3.06532e-05	65246	1	FALSE	NA	NA	NA	NA	NA	NA
NC_045512.2	19803	C	G	65243	62611	36	1	1	34	1.53266e-05	65246	1	FALSE	NA	NA	NA	NA	NA	NA
NC_045512.2	19804	A	T	65063	62434	36	1	1	34	1.53664e-05	65077	1	FALSE	NA	NA	NA	NA	NA	NA
NC_045512.2	19804	A	G	65063	62434	36	4	4	34	6.14656e-05	65077	1	FALSE	NA	NA	NA	NA	NA	NA
NC_045512.2	19804	A	C	65063	62434	36	9	9	33	0.000138298	65077	1	FALSE	NA	NA	NA	NA	NA	NA
NC_045512.2	19805	A	T	65035	62423	36	2	2	26	3.07489e-05	65043	1	FALSE	NA	NA	NA	NA	NA	NA
NC_045512.2	19805	A	G	65035	62423	36	3	3	34	4.61233e-05	65043	1	FALSE	NA	NA	NA	NA	NA	NA
NC_045512.2	19805	A	C	65035	62423	36	3	3	31	4.61233e-05	65043	1	FALSE	NA	NA	NA	NA	NA	NA
NC_045512.2	19806	C	T	65076	62518	36	4	4	34	6.14619e-05	65081	1	FALSE	NA	NA	NA	NA	NA	NA
NC_045512.2	19806	C	A	65076	62518	36	1	1	34	1.53655e-05	65081	1	FALSE	NA	NA	NA	NA	NA	NA
NC_045512.2	19807	A	T	64977	62422	36	2	2	30	3.07787e-05	64980	1	FALSE	NA	NA	NA	NA	NA	NA
NC_045512.2	19807	A	G	64977	62422	36	1	1	26	1.53894e-05	64980	1	FALSE	NA	NA	NA	NA	NA	NA
NC_045512.2	19807	A	-T	64977	62422	36	1	0	20	1.53894e-05	64980	1	FALSE	NA	NA	NA	NA	NA	NA
NC_045512.2	19808	T	C	64633	62087	36	4	4	34	6.18831e-05	64638	1	FALSE	NA	NA	NA	NA	NA	NA
NC_045512.2	19808	T	A	64633	62087	36	1	1	34	1.54708e-05	64638	1	FALSE	NA	NA	NA	NA	NA	NA
NC_045512.2	19809	T	C	63573	61063	36	3	3	34	4.71854e-05	63579	1	FALSE	NA	NA	NA	NA	NA	NA
NC_045512.2	19809	T	A	63573	61063	36	3	2	45	4.71854e-05	63579	0.910156	FALSE	NA	NA	NA	NA	NA	NA
NC_045512.2	19809	T	-A	63573	61063	36	2	0	20	3.14569e-05	63579	1	FALSE	NA	NA	NA	NA	NA	NA
NC_045512.2	19810	A	T	63218	60969	35	3	3	31	4.74473e-05	63228	1	FALSE	NA	NA	NA	NA	NA	NA
NC_045512.2	19810	A	G	63218	60969	35	6	5	38	9.48947e-05	63228	1	FALSE	NA	NA	NA	NA	NA	NA
NC_045512.2	19810	A	C	63218	60969	35	1	1	26	1.58158e-05	63228	1	FALSE	NA	NA	NA	NA	NA	NA
NC_045512.2	19811	A	T	59375	57267	36	2	2	34	3.15105e-05	63471	1	FALSE	NA	NA	NA	NA	NA	NA
NC_045512.2	19811	A	G	59375	57267	36	4	4	34	6.30209e-05	63471	1	FALSE	NA	NA	NA	NA	NA	NA
NC_045512.2	19811	A	C	59375	57267	36	4090	3976	35	0.0644389	63471	0	TRUE	NA	NA	NA	NA	NA	NA
NC_045512.2	19812	A	G	63160	61085	35	4	4	32	6.33242e-05	63167	1	FALSE	NA	NA	NA	NA	NA	NA
NC_045512.2	19812	A	C	63160	61085	35	3	3	34	4.74932e-05	63167	1	FALSE	NA	NA	NA	NA	NA	NA
NC_045512.2	19812	A	+C	63160	61085	35	5	0	20	7.91553e-05	63167	1	FALSE	NA	NA	NA	NA	NA	NA
NC_045512.2	19813	C	T	63401	61315	36	4	4	32	6.30776e-05	63414	1	FALSE	NA	NA	NA	NA	NA	NA
NC_045512.2	19813	C	G	63401	61315	36	3	3	34	4.73082e-05	63414	1	FALSE	NA	NA	NA	NA	NA	NA
NC_045512.2	19813	C	A	63401	61315	36	6	6	34	9.46163e-05	63414	1	FALSE	NA	NA	NA	NA	NA	NA
NC_045512.2	19814	C	T	61233	59159	36	3	3	34	4.899e-05	61237	1	FALSE	NA	NA	NA	NA	NA	NA
NC_045512.2	19814	C	A	61233	59159	36	1	1	26	1.633e-05	61237	1	FALSE	NA	NA	NA	NA	NA	NA
NC_045512.2	19814	C	-A	61233	59159	36	4	0	20	6.532e-05	61237	1	FALSE	NA	NA	NA	NA	NA	NA
NC_045512.2	19815	A	T	40850	38931	37	26	26	33	0.000635743	40897	0.967873	FALSE	NA	NA	NA	NA	NA	NA
NC_045512.2	19815	A	G	40850	38931	37	12	12	34	0.00029342	40897	0.999982	FALSE	NA	NA	NA	NA	NA	NA
NC_045512.2	19815	A	C	40850	38931	37	9	7	41	0.000220065	40897	0.13301	FALSE	NA	NA	NA	NA	NA	NA
NC_045512.2	19816	G	A	40760	38862	36	9	9	34	0.000220756	40769	0.999999	FALSE	NA	NA	NA	NA	NA	NA
NC_045512.2	19817	T	G	40799	38939	36	2	2	34	4.901e-05	40808	1	FALSE	NA	NA	NA	NA	NA	NA
NC_045512.2	19817	T	C	40799	38939	36	6	6	34	0.00014703	40808	1	FALSE	NA	NA	NA	NA	NA	NA
NC_045512.2	19817	T	A	40799	38939	36	1	1	34	2.4505e-05	40808	1	FALSE	NA	NA	NA	NA	NA	NA
NC_045512.2	19818	A	G	40709	38848	36	7	7	34	0.000171923	40716	1	FALSE	NA	NA	NA	NA	NA	NA
NC_045512.2	19819	C	T	40674	38845	36	1	1	34	2.45851e-05	40675	1	FALSE	NA	NA	NA	NA	NA	NA
NC_045512.2	19820	C	T	40251	38636	36	2	2	30	4.96833e-05	40255	1	FALSE	NA	NA	NA	NA	NA	NA
NC_045512.2	19820	C	G	40251	38636	36	2	2	34	4.96833e-05	40255	1	FALSE	NA	NA	NA	NA	NA	NA
NC_045512.2	19821	A	T	39929	38317	36	2	2	34	5.00801e-05	39936	1	FALSE	NA	NA	NA	NA	NA	NA
NC_045512.2	19821	A	G	39929	38317	36	5	4	40	0.0001252	39936	0.363261	FALSE	NA	NA	NA	NA	NA	NA
NC_045512.2	19822	G	T	39864	38255	36	3	3	31	7.52445e-05	39870	1	FALSE	NA	NA	NA	NA	NA	NA
NC_045512.2	19822	G	C	39864	38255	36	3	3	31	7.52445e-05	39870	1	FALSE	NA	NA	NA	NA	NA	NA
NC_045512.2	19823	A	G	39453	37952	36	4	4	32	0.000101376	39457	1	FALSE	NA	NA	NA	NA	NA	NA
NC_045512.2	19824	G	A	39269	37817	36	5	5	34	0.000127311	39274	1	FALSE	NA	NA	NA	NA	NA	NA
NC_045512.2	19825	G	A	38872	37426	36	2	2	34	5.14483e-05	38874	1	FALSE	NA	NA	NA	NA	NA	NA
NC_045512.2	19826	T	C	37878	36442	36	2	2	34	5.27983e-05	37880	1	FALSE	NA	NA	NA	NA	NA	NA
NC_045512.2	19827	G	A	37732	36300	36	1	1	34	2.6502e-05	37733	1	FALSE	NA	NA	NA	NA	NA	NA
NC_045512.2	19827	G	-A	37732	36300	36	4	0	20	0.000106008	37733	1	FALSE	NA	NA	NA	NA	NA	NA
NC_045512.2	19828	A	G	37561	36134	36	3	3	31	7.98637e-05	37564	1	FALSE	NA	NA	NA	NA	NA	NA
NC_045512.2	19829	A	T	37746	36324	36	1	1	34	2.64887e-05	37752	1	FALSE	NA	NA	NA	NA	NA	NA
NC_045512.2	19829	A	G	37746	36324	36	5	3	54	0.000132443	37752	0.0312459	FALSE	NA	NA	NA	NA	NA	NA
NC_045512.2	19830	A	G	37735	36323	36	1	1	34	2.64999e-05	37736	1	FALSE	NA	NA	NA	NA	NA	NA
NC_045512.2	19831	A	G	37500	36280	36	3	3	34	7.99936e-05	37503	1	FALSE	NA	NA	NA	NA	NA	NA
NC_045512.2	19832	T	C	37401	36196	36	2	1	51	5.34716e-05	37403	0.250003	FALSE	NA	NA	NA	NA	NA	NA
NC_045512.2	19833	A	G	36548	35363	36	1	1	34	2.73605e-05	36549	1	FALSE	NA	NA	NA	NA	NA	NA
NC_045512.2	19834	C	G	36602	35445	35	2	2	34	5.46344e-05	36607	1	FALSE	NA	NA	NA	NA	NA	NA
NC_045512.2	19834	C	A	36602	35445	35	3	3	34	8.19515e-05	36607	1	FALSE	NA	NA	NA	NA	NA	NA
NC_045512.2	19835	T	C	35548	34394	35	21	21	36	0.000590352	35572	0.978007	FALSE	NA	NA	NA	NA	NA	NA
NC_045512.2	19835	T	A	35548	34394	35	3	3	34	8.4336e-05	35572	1	FALSE	NA	NA	NA	NA	NA	NA
NC_045512.2	19836	C	A	35632	34722	35	1	1	34	2.80639e-05	35633	1	FALSE	NA	NA	NA	NA	NA	NA
NC_045512.2	19837	A	T	35486	34578	35	1	1	26	2.81714e-05	35497	1	FALSE	NA	NA	NA	NA	NA	NA
NC_045512.2	19837	A	G	35486	34578	35	10	10	34	0.000281714	35497	0.999967	FALSE	NA	NA	NA	NA	NA	NA
NC_045512.2	19838	A	G	35494	34591	35	1	1	34	2.8173e-05	35495	1	FALSE	NA	NA	NA	NA	NA	NA
NC_045512.2	19839	T	C	35460	34625	35	1	1	34	2.81992e-05	35462	1	FALSE	NA	NA	NA	NA	NA	NA
NC_045512.2	19839	T	A	35460	34625	35	1	1	34	2.81992e-05	35462	1	FALSE	NA	NA	NA	NA	NA	NA
NC_045512.2	19840	A	T	35211	34381	35	1	1	26	2.83978e-05	35214	1	FALSE	NA	NA	NA	NA	NA	NA
NC_045512.2	19840	A	G	35211	34381	35	2	2	34	5.67956e-05	35214	1	FALSE	NA	NA	NA	NA	NA	NA
NC_045512.2	19841	A	T	35290	34438	35	1	1	34	2.8335e-05	35292	1	FALSE	NA	NA	NA	NA	NA	NA
NC_045512.2	19841	A	G	35290	34438	35	1	1	34	2.8335e-05	35292	1	FALSE	NA	NA	NA	NA	NA	NA
NC_045512.2	19842	T	C	34509	33661	34	1	1	34	2.89771e-05	34510	1	FALSE	NA	NA	NA	NA	NA	NA
NC_045512.2	19843	T	C	34871	34022	35	1	1	34	2.86755e-05	34873	1	FALSE	NA	NA	NA	NA	NA	NA
NC_045512.2	19843	T	A	34871	34022	35	1	1	26	2.86755e-05	34873	1	FALSE	NA	NA	NA	NA	NA	NA
NC_045512.2	19844	T	C	35025	34174	35	7	7	32	0.000199817	35032	0.999999	FALSE	NA	NA	NA	NA	NA	NA
NC_045512.2	19844	T	-G	35025	34174	35	3	0	20	8.5636e-05	35032	1	FALSE	NA	NA	NA	NA	NA	NA
NC_045512.2	19845	G	T	34546	33704	35	10	10	34	0.00028936	34559	0.999947	FALSE	NA	NA	NA	NA	NA	NA
NC_045512.2	19845	G	A	34546	33704	35	3	3	31	8.68081e-05	34559	1	FALSE	NA	NA	NA	NA	NA	NA
NC_045512.2	19846	G	T	34473	33631	35	1	1	34	2.9004e-05	34478	1	FALSE	NA	NA	NA	NA	NA	NA
NC_045512.2	19846	G	A	34473	33631	35	4	4	34	0.000116016	34478	1	FALSE	NA	NA	NA	NA	NA	NA
NC_045512.2	19847	G	C	34528	33698	35	1	1	34	2.89612e-05	34529	1	FALSE	NA	NA	NA	NA	NA	NA
NC_045512.2	19848	T	C	33978	33153	35	3	3	34	8.8282e-05	33982	1	FALSE	NA	NA	NA	NA	NA	NA
NC_045512.2	19848	T	A	33978	33153	35	1	1	34	2.94273e-05	33982	1	FALSE	NA	NA	NA	NA	NA	NA
NC_045512.2	19849	G	T	33921	33096	35	3	2	54	8.84304e-05	33925	0.124994	FALSE	NA	NA	NA	NA	NA	NA
NC_045512.2	19849	G	C	33921	33096	35	1	1	34	2.94768e-05	33925	1	FALSE	NA	NA	NA	NA	NA	NA
NC_045512.2	19850	T	C	33454	32637	35	1	1	34	2.98909e-05	33455	1	FALSE	NA	NA	NA	NA	NA	NA
NC_045512.2	19851	G	T	33295	32477	35	2	2	34	6.00637e-05	33298	1	FALSE	NA	NA	NA	NA	NA	NA
NC_045512.2	19851	G	A	33295	32477	35	1	1	34	3.00318e-05	33298	1	FALSE	NA	NA	NA	NA	NA	NA
NC_045512.2	19851	G	+T	33295	32477	35	1	0	20	3.00318e-05	33298	1	FALSE	NA	NA	NA	NA	NA	NA
NC_045512.2	19852	G	T	33300	32484	35	1	1	34	3.00291e-05	33301	1	FALSE	NA	NA	NA	NA	NA	NA
NC_045512.2	19853	A	T	33215	32427	35	2	2	34	6.01956e-05	33225	1	FALSE	NA	NA	NA	NA	NA	NA
NC_045512.2	19853	A	G	33215	32427	35	8	7	46	0.000240783	33225	0.113252	FALSE	NA	NA	NA	NA	NA	NA
NC_045512.2	19854	C	T	33277	32493	35	1	1	34	3.00499e-05	33278	1	FALSE	NA	NA	NA	NA	NA	NA
NC_045512.2	19855	A	T	31007	30257	35	1	1	34	3.22445e-05	31013	1	FALSE	NA	NA	NA	NA	NA	NA
NC_045512.2	19855	A	G	31007	30257	35	1	1	34	3.22445e-05	31013	1	FALSE	NA	NA	NA	NA	NA	NA
NC_045512.2	19855	A	C	31007	30257	35	4	4	34	0.000128978	31013	1	FALSE	NA	NA	NA	NA	NA	NA
NC_045512.2	19855	A	-T	31007	30257	35	1	0	20	3.22445e-05	31013	1	FALSE	NA	NA	NA	NA	NA	NA
NC_045512.2	19856	T	C	30909	30175	35	1	1	34	3.2352e-05	30910	1	FALSE	NA	NA	NA	NA	NA	NA
NC_045512.2	19857	T	C	30836	30105	35	7	7	32	0.000226956	30843	0.999979	FALSE	NA	NA	NA	NA	NA	NA
NC_045512.2	19858	G	C	30642	29934	35	1	1	34	3.26328e-05	30644	1	FALSE	NA	NA	NA	NA	NA	NA
NC_045512.2	19858	G	A	30642	29934	35	1	1	34	3.26328e-05	30644	1	FALSE	NA	NA	NA	NA	NA	NA
NC_045512.2	19859	C	T	30658	30026	35	3	3	34	9.78442e-05	30661	1	FALSE	NA	NA	NA	NA	NA	NA
NC_045512.2	19860	T	C	29203	28587	35	2	2	30	6.84814e-05	29205	1	FALSE	NA	NA	NA	NA	NA	NA
NC_045512.2	19861	G	C	29119	28502	35	1	1	34	3.43336e-05	29126	1	FALSE	NA	NA	NA	NA	NA	NA
NC_045512.2	19861	G	A	29119	28502	35	6	6	34	0.000206002	29126	0.999989	FALSE	NA	NA	NA	NA	NA	NA
NC_045512.2	19862	C	T	29070	28565	35	1	1	26	3.43962e-05	29073	1	FALSE	NA	NA	NA	NA	NA	NA
NC_045512.2	19862	C	A	29070	28565	35	2	2	34	6.87924e-05	29073	1	FALSE	NA	NA	NA	NA	NA	NA
NC_045512.2	19863	T	G	28798	28295	34	1	1	34	3.47114e-05	28809	1	FALSE	NA	NA	NA	NA	NA	NA
NC_045512.2	19863	T	C	28798	28295	34	10	10	34	0.000347114	28809	0.999174	FALSE	NA	NA	NA	NA	NA	NA
NC_045512.2	19863	T	-A	28798	28295	34	1	0	20	3.47114e-05	28809	1	FALSE	NA	NA	NA	NA	NA	NA
NC_045512.2	19864	A	G	28815	28314	35	10	10	34	0.000346921	28825	0.999174	FALSE	NA	NA	NA	NA	NA	NA
NC_045512.2	19866	T	C	28335	27851	35	7	7	32	0.000246983	28342	0.999942	FALSE	NA	NA	NA	NA	NA	NA
NC_045512.2	19867	A	T	26951	26487	34	1	1	34	3.71002e-05	26954	1	FALSE	NA	NA	NA	NA	NA	NA
NC_045512.2	19867	A	G	26951	26487	34	2	2	34	7.42005e-05	26954	1	FALSE	NA	NA	NA	NA	NA	NA
NC_045512.2	19868	C	T	26955	26618	34	1	1	34	3.70975e-05	26956	1	FALSE	NA	NA	NA	NA	NA	NA
NC_045512.2	19869	T	C	22996	22686	34	3	3	34	0.00013044	22999	0.99999	FALSE	NA	NA	NA	NA	NA	NA
NC_045512.2	19870	G	C	22876	22566	34	1	1	34	4.37101e-05	22878	1	FALSE	NA	NA	NA	NA	NA	NA
NC_045512.2	19870	G	A	22876	22566	34	1	1	34	4.37101e-05	22878	1	FALSE	NA	NA	NA	NA	NA	NA
NC_045512.2	19873	A	G	19016	18746	34	2	2	34	0.000105164	19018	0.99999	FALSE	NA	NA	NA	NA	NA	NA
NC_045512.2	19955	C	T	0	0	0	29	10	39	1	29	6.65175e-17	TRUE	NA	NA	NA	NA	NA	NA
NC_045512.2	19956	T	A	24	10	40	5	0	34	0.172414	29	0.0283621	FALSE	NA	NA	NA	NA	NA	NA
NC_045512.2	20055	A	G	0	0	0	16	12	36	1	16	3.32734e-09	TRUE	NA	NA	NA	NA	NA	NA
NC_045512.2	20059	A	G	10	7	37	1	0	34	0.0909091	11	0.52381	FALSE	NA	NA	NA	NA	NA	NA
NC_045512.2	20122	A	G	24413	33	32	5	0	32	0.000204759	24419	0.999948	FALSE	NA	NA	NA	NA	NA	NA
NC_045512.2	20122	A	C	24413	33	32	1	0	34	4.09517e-05	24419	1	FALSE	NA	NA	NA	NA	NA	NA
NC_045512.2	20123	T	A	25628	33	33	1	0	26	3.90183e-05	25629	1	FALSE	NA	NA	NA	NA	NA	NA
NC_045512.2	20124	T	G	25636	81	33	1	0	34	3.90031e-05	25639	1	FALSE	NA	NA	NA	NA	NA	NA
NC_045512.2	20124	T	C	25636	81	33	2	0	34	7.80062e-05	25639	1	FALSE	NA	NA	NA	NA	NA	NA
NC_045512.2	20125	G	T	25818	80	33	1	0	34	3.87282e-05	25821	1	FALSE	NA	NA	NA	NA	NA	NA
NC_045512.2	20125	G	A	25818	80	33	2	0	34	7.74563e-05	25821	1	FALSE	NA	NA	NA	NA	NA	NA
NC_045512.2	20126	G	C	25858	81	33	1	0	34	3.86698e-05	25860	1	FALSE	NA	NA	NA	NA	NA	NA
NC_045512.2	20126	G	A	25858	81	33	1	0	34	3.86698e-05	25860	1	FALSE	NA	NA	NA	NA	NA	NA
NC_045512.2	20126	G	-A	25858	81	33	1	0	20	3.86698e-05	25860	1	FALSE	NA	NA	NA	NA	NA	NA
NC_045512.2	20127	A	G	25946	86	33	8	0	34	0.000308238	25954	0.999343	FALSE	NA	NA	NA	NA	NA	NA
NC_045512.2	20128	G	A	25939	86	33	1	0	34	3.85505e-05	25940	1	FALSE	NA	NA	NA	NA	NA	NA
NC_045512.2	20130	A	G	26064	97	33	3	0	34	0.000115088	26067	0.999999	FALSE	NA	NA	NA	NA	NA	NA
NC_045512.2	20132	C	T	26831	100	33	1	0	34	3.72689e-05	26832	1	FALSE	NA	NA	NA	NA	NA	NA
NC_045512.2	20133	C	G	27138	361	33	1	0	34	3.6846e-05	27140	1	FALSE	NA	NA	NA	NA	NA	NA
NC_045512.2	20133	C	A	27138	361	33	1	0	26	3.6846e-05	27140	1	FALSE	NA	NA	NA	NA	NA	NA
NC_045512.2	20134	G	C	29008	358	33	1	0	34	3.44554e-05	29023	1	FALSE	NA	NA	NA	NA	NA	NA
NC_045512.2	20134	G	A	29008	358	33	14	0	34	0.000482376	29023	0.993158	FALSE	NA	NA	NA	NA	NA	NA
NC_045512.2	20134	G	-T	29008	358	33	1	0	20	3.44554e-05	29023	1	FALSE	NA	NA	NA	NA	NA	NA
NC_045512.2	20135	T	G	29500	577	33	1	0	34	3.38949e-05	29503	1	FALSE	NA	NA	NA	NA	NA	NA
NC_045512.2	20135	T	C	29500	577	33	2	0	34	6.77897e-05	29503	1	FALSE	NA	NA	NA	NA	NA	NA
NC_045512.2	20135	T	-A	29500	577	33	1	0	20	3.38937e-05	29504	1	FALSE	NA	NA	NA	NA	NA	NA
NC_045512.2	20136	A	G	29595	573	34	2	0	34	6.75721e-05	29598	1	FALSE	NA	NA	NA	NA	NA	NA
NC_045512.2	20136	A	C	29595	573	34	1	0	34	3.37861e-05	29598	1	FALSE	NA	NA	NA	NA	NA	NA
NC_045512.2	20137	A	G	29689	581	34	1	0	34	3.36814e-05	29690	1	FALSE	NA	NA	NA	NA	NA	NA
NC_045512.2	20138	A	G	29055	604	32	3	0	34	0.000103238	29059	1	FALSE	NA	NA	NA	NA	NA	NA
NC_045512.2	20138	A	C	29055	604	32	1	0	34	3.44127e-05	29059	1	FALSE	NA	NA	NA	NA	NA	NA
NC_045512.2	20140	A	T	29827	667	33	1	0	26	3.35255e-05	29828	1	FALSE	NA	NA	NA	NA	NA	NA
NC_045512.2	20141	C	T	29997	720	33	1	0	34	3.33344e-05	29999	1	FALSE	NA	NA	NA	NA	NA	NA
NC_045512.2	20141	C	G	29997	720	33	1	0	34	3.33344e-05	29999	1	FALSE	NA	NA	NA	NA	NA	NA
NC_045512.2	20142	A	T	29969	721	33	1	0	34	3.33622e-05	29974	1	FALSE	NA	NA	NA	NA	NA	NA
NC_045512.2	20142	A	G	29969	721	33	4	0	34	0.000133449	29974	0.999999	FALSE	NA	NA	NA	NA	NA	NA
NC_045512.2	20143	C	T	30224	722	33	1	0	34	3.30841e-05	30226	1	FALSE	NA	NA	NA	NA	NA	NA
NC_045512.2	20143	C	G	30224	722	33	1	0	34	3.30841e-05	30226	1	FALSE	NA	NA	NA	NA	NA	NA
NC_045512.2	20144	A	T	30252	722	33	3	0	34	9.91408e-05	30260	1	FALSE	NA	NA	NA	NA	NA	NA
NC_045512.2	20144	A	G	30252	722	33	2	0	34	6.60939e-05	30260	1	FALSE	NA	NA	NA	NA	NA	NA
NC_045512.2	20144	A	C	30252	722	33	3	0	34	9.91408e-05	30260	1	FALSE	NA	NA	NA	NA	NA	NA
NC_045512.2	20145	G	C	32036	725	34	2	2	34	6.24239e-05	32039	1	FALSE	NA	NA	NA	NA	NA	NA
NC_045512.2	20145	G	A	32036	725	34	1	0	34	3.1212e-05	32039	1	FALSE	NA	NA	NA	NA	NA	NA
NC_045512.2	20146	T	G	32027	781	34	1	0	34	3.12217e-05	32029	1	FALSE	NA	NA	NA	NA	NA	NA
NC_045512.2	20146	T	C	32027	781	34	1	0	34	3.12217e-05	32029	1	FALSE	NA	NA	NA	NA	NA	NA
NC_045512.2	20147	T	C	32086	801	34	1	1	34	3.11633e-05	32089	1	FALSE	NA	NA	NA	NA	NA	NA
NC_045512.2	20147	T	A	32086	801	34	2	0	34	6.23267e-05	32089	1	FALSE	NA	NA	NA	NA	NA	NA
NC_045512.2	20148	C	G	32276	904	34	1	0	26	3.09809e-05	32278	1	FALSE	NA	NA	NA	NA	NA	NA
NC_045512.2	20148	C	A	32276	904	34	1	0	26	3.09809e-05	32278	1	FALSE	NA	NA	NA	NA	NA	NA
NC_045512.2	20149	A	G	31277	907	33	2	0	34	6.39407e-05	31279	1	FALSE	NA	NA	NA	NA	NA	NA
NC_045512.2	20150	A	T	33013	916	34	1	0	26	3.02856e-05	33019	1	FALSE	NA	NA	NA	NA	NA	NA
NC_045512.2	20150	A	G	33013	916	34	5	0	34	0.000151428	33019	1	FALSE	NA	NA	NA	NA	NA	NA
NC_045512.2	20151	T	C	33255	922	34	3	0	34	9.02039e-05	33258	1	FALSE	NA	NA	NA	NA	NA	NA
NC_045512.2	20152	T	C	33290	947	34	2	0	34	6.00745e-05	33292	1	FALSE	NA	NA	NA	NA	NA	NA
NC_045512.2	20153	A	-T	33377	956	34	1	0	20	2.99608e-05	33377	1	FALSE	NA	NA	NA	NA	NA	NA
NC_045512.2	20154	T	C	33726	969	34	1	0	34	2.96498e-05	33727	1	FALSE	NA	NA	NA	NA	NA	NA
NC_045512.2	20156	A	T	33716	1001	34	1	0	26	2.96577e-05	33718	1	FALSE	NA	NA	NA	NA	NA	NA
NC_045512.2	20156	A	G	33716	1001	34	1	0	34	2.96577e-05	33718	1	FALSE	NA	NA	NA	NA	NA	NA
NC_045512.2	20157	T	C	33775	1002	34	1	0	26	2.96059e-05	33777	1	FALSE	NA	NA	NA	NA	NA	NA
NC_045512.2	20157	T	A	33775	1002	34	1	0	26	2.96059e-05	33777	1	FALSE	NA	NA	NA	NA	NA	NA
NC_045512.2	20157	T	-A	33775	1002	34	1	0	20	2.96059e-05	33777	1	FALSE	NA	NA	NA	NA	NA	NA
NC_045512.2	20158	A	T	33837	1012	34	1	0	34	2.95508e-05	33840	1	FALSE	NA	NA	NA	NA	NA	NA
NC_045512.2	20158	A	G	33837	1012	34	2	0	34	5.91017e-05	33840	1	FALSE	NA	NA	NA	NA	NA	NA
NC_045512.2	20159	A	G	33977	1012	34	4	0	32	0.000117713	33981	1	FALSE	NA	NA	NA	NA	NA	NA
NC_045512.2	20160	G	A	34017	1014	34	1	0	34	2.93962e-05	34018	1	FALSE	NA	NA	NA	NA	NA	NA
NC_045512.2	20161	A	T	33174	1028	32	1	0	34	3.01414e-05	33177	1	FALSE	NA	NA	NA	NA	NA	NA
NC_045512.2	20161	A	C	33174	1028	32	2	2	34	6.02827e-05	33177	1	FALSE	NA	NA	NA	NA	NA	NA
NC_045512.2	20162	A	G	34165	1028	34	1	0	34	2.92689e-05	34166	1	FALSE	NA	NA	NA	NA	NA	NA
NC_045512.2	20163	A	G	35360	1041	34	1	0	34	2.82789e-05	35362	1	FALSE	NA	NA	NA	NA	NA	NA
NC_045512.2	20163	A	C	35360	1041	34	1	0	34	2.82789e-05	35362	1	FALSE	NA	NA	NA	NA	NA	NA
NC_045512.2	20165	T	C	36654	809	34	5	0	34	0.000136388	36660	1	FALSE	NA	NA	NA	NA	NA	NA
NC_045512.2	20165	T	A	36654	809	34	1	0	34	2.72777e-05	36660	1	FALSE	NA	NA	NA	NA	NA	NA
NC_045512.2	20166	T	C	37253	1067	34	2	0	34	5.36841e-05	37255	1	FALSE	NA	NA	NA	NA	NA	NA
NC_045512.2	20168	A	G	37423	1308	34	4	0	32	0.000106875	37427	1	FALSE	NA	NA	NA	NA	NA	NA
NC_045512.2	20169	T	C	37449	1311	34	3	0	34	8.01004e-05	37453	1	FALSE	NA	NA	NA	NA	NA	NA
NC_045512.2	20169	T	A	37449	1311	34	1	0	34	2.67001e-05	37453	1	FALSE	NA	NA	NA	NA	NA	NA
NC_045512.2	20170	G	C	37479	1297	34	1	0	34	2.6678e-05	37484	1	FALSE	NA	NA	NA	NA	NA	NA
NC_045512.2	20170	G	A	37479	1297	34	4	0	34	0.000106712	37484	1	FALSE	NA	NA	NA	NA	NA	NA
NC_045512.2	20171	G	T	38691	1357	34	3	0	31	7.75314e-05	38694	1	FALSE	NA	NA	NA	NA	NA	NA
NC_045512.2	20172	T	G	38729	1473	35	1	0	34	2.58151e-05	38737	1	FALSE	NA	NA	NA	NA	NA	NA
NC_045512.2	20172	T	C	38729	1473	35	6	0	34	0.000154891	38737	1	FALSE	NA	NA	NA	NA	NA	NA
NC_045512.2	20172	T	A	38729	1473	35	1	0	34	2.58151e-05	38737	1	FALSE	NA	NA	NA	NA	NA	NA
NC_045512.2	20173	G	C	39002	1505	35	2	0	34	5.12689e-05	39010	1	FALSE	NA	NA	NA	NA	NA	NA
NC_045512.2	20173	G	A	39002	1505	35	6	0	30	0.000153807	39010	1	FALSE	NA	NA	NA	NA	NA	NA
NC_045512.2	20174	T	G	38949	1512	35	2	0	34	5.13466e-05	38951	1	FALSE	NA	NA	NA	NA	NA	NA
NC_045512.2	20175	T	G	38937	1511	35	1	0	34	2.56687e-05	38958	1	FALSE	NA	NA	NA	NA	NA	NA
NC_045512.2	20175	T	C	38937	1511	35	20	1	33	0.000513373	38958	0.994052	FALSE	NA	NA	NA	NA	NA	NA
NC_045512.2	20176	G	A	41214	1551	35	8	1	31	0.000194071	41222	1	FALSE	NA	NA	NA	NA	NA	NA
NC_045512.2	20177	T	C	41209	1725	35	6	0	32	0.000145578	41215	1	FALSE	NA	NA	NA	NA	NA	NA
NC_045512.2	20178	C	T	41232	1779	35	3	0	34	7.2752e-05	41236	1	FALSE	NA	NA	NA	NA	NA	NA
NC_045512.2	20178	C	A	41232	1779	35	1	0	34	2.42507e-05	41236	1	FALSE	NA	NA	NA	NA	NA	NA
NC_045512.2	20179	C	T	41091	1784	35	3	0	34	7.2998e-05	41097	1	FALSE	NA	NA	NA	NA	NA	NA
NC_045512.2	20179	C	A	41091	1784	35	3	0	34	7.2998e-05	41097	1	FALSE	NA	NA	NA	NA	NA	NA
NC_045512.2	20180	A	G	41260	1796	35	10	1	31	0.000242307	41270	0.999998	FALSE	NA	NA	NA	NA	NA	NA
NC_045512.2	20181	A	G	41686	1811	35	17	0	32	0.000407635	41704	0.999571	FALSE	NA	NA	NA	NA	NA	NA
NC_045512.2	20181	A	C	41686	1811	35	1	0	26	2.39785e-05	41704	1	FALSE	NA	NA	NA	NA	NA	NA
NC_045512.2	20182	C	G	41789	1851	35	1	0	34	2.39292e-05	41790	1	FALSE	NA	NA	NA	NA	NA	NA
NC_045512.2	20183	A	G	41571	1966	35	5	1	46	0.000120262	41576	0.500015	FALSE	NA	NA	NA	NA	NA	NA
NC_045512.2	20184	A	T	41931	2147	35	2	0	34	4.76906e-05	41937	1	FALSE	NA	NA	NA	NA	NA	NA
NC_045512.2	20184	A	G	41931	2147	35	4	0	31	9.53812e-05	41937	1	FALSE	NA	NA	NA	NA	NA	NA
NC_045512.2	20185	T	G	42029	2148	35	1	0	26	2.3792e-05	42031	1	FALSE	NA	NA	NA	NA	NA	NA
NC_045512.2	20185	T	C	42029	2148	35	1	0	34	2.3792e-05	42031	1	FALSE	NA	NA	NA	NA	NA	NA
NC_045512.2	20186	T	C	41913	2157	35	3	0	34	7.157e-05	41917	1	FALSE	NA	NA	NA	NA	NA	NA
NC_045512.2	20186	T	A	41913	2157	35	1	0	34	2.38567e-05	41917	1	FALSE	NA	NA	NA	NA	NA	NA
NC_045512.2	20187	A	T	42116	2190	35	1	0	34	2.37383e-05	42126	1	FALSE	NA	NA	NA	NA	NA	NA
NC_045512.2	20187	A	G	42116	2190	35	9	0	34	0.000213645	42126	1	FALSE	NA	NA	NA	NA	NA	NA
NC_045512.2	20187	A	-C	42116	2190	35	1	0	20	2.37383e-05	42126	1	FALSE	NA	NA	NA	NA	NA	NA
NC_045512.2	20188	C	A	42544	2189	35	1	0	34	2.35045e-05	42545	1	FALSE	NA	NA	NA	NA	NA	NA
NC_045512.2	20189	C	T	42271	2197	35	2	0	34	4.73104e-05	42274	1	FALSE	NA	NA	NA	NA	NA	NA
NC_045512.2	20189	C	G	42271	2197	35	1	0	26	2.36552e-05	42274	1	FALSE	NA	NA	NA	NA	NA	NA
NC_045512.2	20190	T	G	42558	2254	36	2	0	30	4.69605e-05	42589	1	FALSE	NA	NA	NA	NA	NA	NA
NC_045512.2	20190	T	C	42558	2254	36	28	2	33	0.000657447	42589	0.963924	FALSE	NA	NA	NA	NA	NA	NA
NC_045512.2	20190	T	A	42558	2254	36	1	0	24	2.34802e-05	42589	1	FALSE	NA	NA	NA	NA	NA	NA
NC_045512.2	20192	A	G	42952	2312	36	1	0	34	2.32807e-05	42954	1	FALSE	NA	NA	NA	NA	NA	NA
NC_045512.2	20192	A	C	42952	2312	36	1	0	34	2.32807e-05	42954	1	FALSE	NA	NA	NA	NA	NA	NA
NC_045512.2	20193	A	T	42649	2313	35	1	0	34	2.34434e-05	42656	1	FALSE	NA	NA	NA	NA	NA	NA
NC_045512.2	20193	A	G	42649	2313	35	6	0	34	0.00014066	42656	1	FALSE	NA	NA	NA	NA	NA	NA
NC_045512.2	20194	A	G	42747	2363	35	9	0	34	0.000210497	42756	1	FALSE	NA	NA	NA	NA	NA	NA
NC_045512.2	20195	C	A	43101	2390	36	2	0	34	4.64005e-05	43103	1	FALSE	NA	NA	NA	NA	NA	NA
NC_045512.2	20195	C	-T	43101	2390	36	2	0	20	4.64005e-05	43103	1	FALSE	NA	NA	NA	NA	NA	NA
NC_045512.2	20196	T	G	43251	2390	36	2	0	26	4.62385e-05	43254	1	FALSE	NA	NA	NA	NA	NA	NA
NC_045512.2	20196	T	C	43251	2390	36	1	0	34	2.31192e-05	43254	1	FALSE	NA	NA	NA	NA	NA	NA
NC_045512.2	20197	T	G	43383	2394	36	1	0	34	2.30463e-05	43391	1	FALSE	NA	NA	NA	NA	NA	NA
NC_045512.2	20197	T	C	43383	2394	36	6	2	31	0.000138278	43391	1	FALSE	NA	NA	NA	NA	NA	NA
NC_045512.2	20197	T	A	43383	2394	36	1	1	68	2.30463e-05	43391	0.499965	FALSE	NA	NA	NA	NA	NA	NA
NC_045512.2	20198	A	G	45762	2422	36	4	1	40	8.74011e-05	45766	0.636737	FALSE	NA	NA	NA	NA	NA	NA
NC_045512.2	20199	C	A	47491	2446	36	2	0	26	4.21115e-05	47493	1	FALSE	NA	NA	NA	NA	NA	NA
NC_045512.2	20200	T	G	47747	3322	37	5	0	34	0.000104699	47756	1	FALSE	NA	NA	NA	NA	NA	NA
NC_045512.2	20200	T	C	47747	3322	37	2	0	34	4.18796e-05	47756	1	FALSE	NA	NA	NA	NA	NA	NA
NC_045512.2	20200	T	A	47747	3322	37	2	0	30	4.18796e-05	47756	1	FALSE	NA	NA	NA	NA	NA	NA
NC_045512.2	20201	T	A	47710	3423	37	1	0	34	2.09595e-05	47711	1	FALSE	NA	NA	NA	NA	NA	NA
NC_045512.2	20202	T	G	41862	4107	37	2	0	30	4.77692e-05	41868	1	FALSE	NA	NA	NA	NA	NA	NA
NC_045512.2	20202	T	C	41862	4107	37	1	0	34	2.38846e-05	41868	1	FALSE	NA	NA	NA	NA	NA	NA
NC_045512.2	20202	T	A	41862	4107	37	3	0	31	7.16538e-05	41868	1	FALSE	NA	NA	NA	NA	NA	NA
NC_045512.2	20203	A	T	32528	4805	36	1	0	34	3.07399e-05	32531	1	FALSE	NA	NA	NA	NA	NA	NA
NC_045512.2	20203	A	G	32528	4805	36	2	1	30	6.14798e-05	32531	1	FALSE	NA	NA	NA	NA	NA	NA
NC_045512.2	20204	C	T	30885	4989	36	1	1	34	3.23771e-05	30886	1	FALSE	NA	NA	NA	NA	NA	NA
NC_045512.2	20205	T	C	31039	5077	36	2	0	34	6.44309e-05	31041	1	FALSE	NA	NA	NA	NA	NA	NA
NC_045512.2	20206	C	T	30779	5082	36	1	0	34	3.24865e-05	30782	1	FALSE	NA	NA	NA	NA	NA	NA
NC_045512.2	20206	C	G	30779	5082	36	2	0	26	6.4973e-05	30782	1	FALSE	NA	NA	NA	NA	NA	NA
NC_045512.2	20207	A	G	30690	5095	36	4	0	42	0.000130319	30694	0.500018	FALSE	NA	NA	NA	NA	NA	NA
NC_045512.2	20209	A	G	33001	5282	36	5	2	32	0.000151488	33006	1	FALSE	NA	NA	NA	NA	NA	NA
NC_045512.2	20210	G	A	33270	5271	36	1	1	34	3.00562e-05	33271	1	FALSE	NA	NA	NA	NA	NA	NA
NC_045512.2	20211	T	G	33163	5302	36	1	0	26	3.01423e-05	33176	1	FALSE	NA	NA	NA	NA	NA	NA
NC_045512.2	20211	T	C	33163	5302	36	9	0	37	0.00027128	33176	0.999966	FALSE	NA	NA	NA	NA	NA	NA
NC_045512.2	20211	T	A	33163	5302	36	3	1	34	9.04268e-05	33176	1	FALSE	NA	NA	NA	NA	NA	NA
NC_045512.2	20212	A	G	32239	5395	36	5	0	34	0.000155068	32244	0.999999	FALSE	NA	NA	NA	NA	NA	NA
NC_045512.2	20214	A	G	32997	7195	37	1	0	34	3.03039e-05	32999	1	FALSE	NA	NA	NA	NA	NA	NA
NC_045512.2	20214	A	C	32997	7195	37	1	1	27	3.03039e-05	32999	1	FALSE	NA	NA	NA	NA	NA	NA
NC_045512.2	20216	A	T	33026	7262	37	1	1	26	3.02773e-05	33028	1	FALSE	NA	NA	NA	NA	NA	NA
NC_045512.2	20216	A	G	33026	7262	37	1	0	34	3.02773e-05	33028	1	FALSE	NA	NA	NA	NA	NA	NA
NC_045512.2	20217	T	C	32436	6842	37	2	0	34	6.16561e-05	32438	1	FALSE	NA	NA	NA	NA	NA	NA
NC_045512.2	20218	T	G	31359	7383	37	1	0	26	3.18857e-05	31362	1	FALSE	NA	NA	NA	NA	NA	NA
NC_045512.2	20218	T	C	31359	7383	37	2	0	34	6.37714e-05	31362	1	FALSE	NA	NA	NA	NA	NA	NA
NC_045512.2	20219	T	G	31427	7471	37	1	0	34	3.18188e-05	31428	1	FALSE	NA	NA	NA	NA	NA	NA
NC_045512.2	20220	A	G	31655	7783	37	5	1	32	0.000157928	31660	0.999999	FALSE	NA	NA	NA	NA	NA	NA
NC_045512.2	20221	C	T	30544	7970	37	3	0	42	9.82093e-05	30547	0.656273	FALSE	NA	NA	NA	NA	NA	NA
NC_045512.2	20222	A	G	30637	8010	37	4	0	34	0.000130544	30641	1	FALSE	NA	NA	NA	NA	NA	NA
NC_045512.2	20223	A	T	30650	8106	37	1	0	34	3.26126e-05	30663	1	FALSE	NA	NA	NA	NA	NA	NA
NC_045512.2	20223	A	G	30650	8106	37	7	1	34	0.000228288	30663	0.999979	FALSE	NA	NA	NA	NA	NA	NA
NC_045512.2	20223	A	C	30650	8106	37	5	2	34	0.000163063	30663	0.999998	FALSE	NA	NA	NA	NA	NA	NA
NC_045512.2	20224	G	T	30672	8088	37	1	0	34	3.2602e-05	30673	1	FALSE	NA	NA	NA	NA	NA	NA
NC_045512.2	20225	A	G	30852	8136	37	1	0	34	3.24118e-05	30853	1	FALSE	NA	NA	NA	NA	NA	NA
NC_045512.2	20226	A	G	31512	8319	37	1	0	34	3.17329e-05	31513	1	FALSE	NA	NA	NA	NA	NA	NA
NC_045512.2	20228	T	C	31607	8347	37	4	1	32	0.000126538	31611	1	FALSE	NA	NA	NA	NA	NA	NA
NC_045512.2	20229	T	G	31656	8403	37	2	0	34	6.31572e-05	31667	1	FALSE	NA	NA	NA	NA	NA	NA
NC_045512.2	20229	T	C	31656	8403	37	6	1	34	0.000189472	31667	0.999996	FALSE	NA	NA	NA	NA	NA	NA
NC_045512.2	20229	T	A	31656	8403	37	3	1	31	9.47358e-05	31667	1	FALSE	NA	NA	NA	NA	NA	NA
NC_045512.2	20230	A	G	31691	8383	37	9	1	36	0.000283912	31700	0.999909	FALSE	NA	NA	NA	NA	NA	NA
NC_045512.2	20231	A	G	31569	8417	37	2	1	30	6.33493e-05	31571	1	FALSE	NA	NA	NA	NA	NA	NA
NC_045512.2	20232	A	T	27782	8489	35	1	1	26	3.59906e-05	27785	1	FALSE	NA	NA	NA	NA	NA	NA
NC_045512.2	20232	A	G	27782	8489	35	2	1	34	7.19813e-05	27785	1	FALSE	NA	NA	NA	NA	NA	NA
NC_045512.2	20234	C	T	29416	8528	37	1	1	34	3.39916e-05	29419	1	FALSE	NA	NA	NA	NA	NA	NA
NC_045512.2	20234	C	G	29416	8528	37	2	0	34	6.79833e-05	29419	1	FALSE	NA	NA	NA	NA	NA	NA
NC_045512.2	20235	C	A	29115	8418	37	1	0	34	3.43454e-05	29116	1	FALSE	NA	NA	NA	NA	NA	NA
NC_045512.2	20236	A	G	28887	8368	37	3	0	34	0.000103842	28890	1	FALSE	NA	NA	NA	NA	NA	NA
NC_045512.2	20237	G	C	29187	8331	37	1	0	26	3.42607e-05	29188	1	FALSE	NA	NA	NA	NA	NA	NA
NC_045512.2	20238	G	T	29174	8404	37	3	2	34	0.000102821	29177	1	FALSE	NA	NA	NA	NA	NA	NA
NC_045512.2	20239	A	T	29255	8413	37	2	0	34	6.8355e-05	29259	1	FALSE	NA	NA	NA	NA	NA	NA
NC_045512.2	20239	A	G	29255	8413	37	2	0	34	6.8355e-05	29259	1	FALSE	NA	NA	NA	NA	NA	NA
NC_045512.2	20240	G	T	29600	8406	37	2	1	34	6.7563e-05	29602	1	FALSE	NA	NA	NA	NA	NA	NA
NC_045512.2	20241	T	C	29410	8430	37	2	0	51	6.79995e-05	29412	0.250004	FALSE	NA	NA	NA	NA	NA	NA
NC_045512.2	20242	C	T	29418	8428	37	3	3	34	0.000101951	29426	1	FALSE	NA	NA	NA	NA	NA	NA
NC_045512.2	20242	C	G	29418	8428	37	5	0	32	0.000169918	29426	0.999997	FALSE	NA	NA	NA	NA	NA	NA
NC_045512.2	20243	A	T	29395	8522	37	1	1	34	3.40148e-05	29399	1	FALSE	NA	NA	NA	NA	NA	NA
NC_045512.2	20243	A	G	29395	8522	37	3	1	34	0.000102044	29399	1	FALSE	NA	NA	NA	NA	NA	NA
NC_045512.2	20245	A	G	29459	8753	37	1	0	34	3.39443e-05	29460	1	FALSE	NA	NA	NA	NA	NA	NA
NC_045512.2	20246	T	C	28261	8911	37	1	1	20	3.53832e-05	28262	1	FALSE	NA	NA	NA	NA	NA	NA
NC_045512.2	20247	G	T	28171	8836	37	3	0	34	0.000106477	28175	1	FALSE	NA	NA	NA	NA	NA	NA
NC_045512.2	20247	G	A	28171	8836	37	1	0	34	3.54925e-05	28175	1	FALSE	NA	NA	NA	NA	NA	NA
NC_045512.2	20248	G	+A	28294	8855	37	1	0	20	3.53432e-05	28294	1	FALSE	NA	NA	NA	NA	NA	NA
NC_045512.2	20249	A	G	28093	8761	37	5	1	34	0.000177949	28098	0.999995	FALSE	NA	NA	NA	NA	NA	NA
NC_045512.2	20250	A	G	30041	11214	38	3	1	56	9.98535e-05	30044	0.125	FALSE	NA	NA	NA	NA	NA	NA
NC_045512.2	20251	A	T	29119	11231	38	1	1	26	3.43395e-05	29121	1	FALSE	NA	NA	NA	NA	NA	NA
NC_045512.2	20251	A	G	29119	11231	38	1	1	26	3.43395e-05	29121	1	FALSE	NA	NA	NA	NA	NA	NA
NC_045512.2	20252	T	C	29205	11154	38	1	1	34	3.42395e-05	29206	1	FALSE	NA	NA	NA	NA	NA	NA
NC_045512.2	20253	T	C	29145	11189	38	3	1	34	0.000102923	29148	1	FALSE	NA	NA	NA	NA	NA	NA
NC_045512.2	20253	T	-G	29145	11189	38	1	0	20	3.43077e-05	29148	1	FALSE	NA	NA	NA	NA	NA	NA
NC_045512.2	20254	G	A	29023	11197	38	1	0	34	3.44542e-05	29024	1	FALSE	NA	NA	NA	NA	NA	NA
NC_045512.2	20255	A	G	29026	11368	38	1	1	26	3.44495e-05	29028	1	FALSE	NA	NA	NA	NA	NA	NA
NC_045512.2	20255	A	C	29026	11368	38	1	1	34	3.44495e-05	29028	1	FALSE	NA	NA	NA	NA	NA	NA
NC_045512.2	20256	T	C	29074	11397	38	1	0	34	3.43938e-05	29075	1	FALSE	NA	NA	NA	NA	NA	NA
NC_045512.2	20257	T	C	29037	11423	38	2	1	34	6.88729e-05	29039	1	FALSE	NA	NA	NA	NA	NA	NA
NC_045512.2	20258	T	G	29009	11448	37	1	0	26	3.44637e-05	29016	1	FALSE	NA	NA	NA	NA	NA	NA
NC_045512.2	20258	T	C	29009	11448	37	6	4	32	0.000206782	29016	0.999989	FALSE	NA	NA	NA	NA	NA	NA
NC_045512.2	20259	C	T	29142	11702	38	1	0	34	3.43136e-05	29143	1	FALSE	NA	NA	NA	NA	NA	NA
NC_045512.2	20259	C	-T	29142	11702	38	1	0	20	3.43136e-05	29143	1	FALSE	NA	NA	NA	NA	NA	NA
NC_045512.2	20260	T	G	29435	12040	38	2	0	29	6.79348e-05	29440	1	FALSE	NA	NA	NA	NA	NA	NA
NC_045512.2	20260	T	C	29435	12040	38	2	2	30	6.79348e-05	29440	1	FALSE	NA	NA	NA	NA	NA	NA
NC_045512.2	20260	T	A	29435	12040	38	1	0	34	3.39674e-05	29440	1	FALSE	NA	NA	NA	NA	NA	NA
NC_045512.2	20261	T	G	29450	12100	38	1	0	34	3.39524e-05	29453	1	FALSE	NA	NA	NA	NA	NA	NA
NC_045512.2	20261	T	C	29450	12100	38	1	1	34	3.39524e-05	29453	1	FALSE	NA	NA	NA	NA	NA	NA
NC_045512.2	20261	T	A	29450	12100	38	1	0	34	3.39524e-05	29453	1	FALSE	NA	NA	NA	NA	NA	NA
NC_045512.2	20262	A	G	29414	12067	38	5	2	54	0.000169958	29419	0.0312473	FALSE	NA	NA	NA	NA	NA	NA
NC_045512.2	20263	G	T	29842	12023	38	1	0	34	3.35064e-05	29845	1	FALSE	NA	NA	NA	NA	NA	NA
NC_045512.2	20263	G	A	29842	12023	38	2	1	34	6.70129e-05	29845	1	FALSE	NA	NA	NA	NA	NA	NA
NC_045512.2	20267	T	C	27958	12923	38	5	4	34	0.000178801	27964	0.99999	FALSE	NA	NA	NA	NA	NA	NA
NC_045512.2	20267	T	A	27958	12923	38	1	0	34	3.57603e-05	27964	1	FALSE	NA	NA	NA	NA	NA	NA
NC_045512.2	20268	A	G	27406	12461	37	1	1	34	3.64844e-05	27409	1	FALSE	NA	NA	NA	NA	NA	NA
NC_045512.2	20268	A	C	27406	12461	37	2	1	51	7.29687e-05	27409	0.249995	FALSE	NA	NA	NA	NA	NA	NA
NC_045512.2	20269	G	C	28011	12424	38	3	3	34	0.000107085	28015	1	FALSE	NA	NA	NA	NA	NA	NA
NC_045512.2	20269	G	A	28011	12424	38	1	1	68	3.56952e-05	28015	0.499982	FALSE	NA	NA	NA	NA	NA	NA
NC_045512.2	20270	C	T	27511	13056	37	1	1	34	3.63478e-05	27512	1	FALSE	NA	NA	NA	NA	NA	NA
NC_045512.2	20271	T	C	27369	12837	37	2	2	47	7.30674e-05	27372	0.687507	FALSE	NA	NA	NA	NA	NA	NA
NC_045512.2	20271	T	A	27369	12837	37	1	1	34	3.65337e-05	27372	1	FALSE	NA	NA	NA	NA	NA	NA
NC_045512.2	20272	A	G	27261	12849	37	2	2	34	7.33541e-05	27265	1	FALSE	NA	NA	NA	NA	NA	NA
NC_045512.2	20272	A	C	27261	12849	37	2	2	30	7.33541e-05	27265	1	FALSE	NA	NA	NA	NA	NA	NA
NC_045512.2	20272	A	-TGGATGAATTCATTGAACGGTATAAATTAGAAGGCTATGCCTTCGAACATATCGTTTATGGAGATT	27261	12849	37	289	0	20	0.0105997	27265	0.289555	FALSE	NA	NA	NA	NA	NA	NA
NC_045512.2	20273	T	C	27460	12999	37	1	0	34	3.64153e-05	27461	1	FALSE	NA	NA	NA	NA	NA	NA
NC_045512.2	20273	T	-G	27460	12999	37	1	0	20	3.6014e-05	27767	1	FALSE	NA	NA	NA	NA	NA	NA
NC_045512.2	20274	G	T	26352	12276	37	1	1	34	3.79435e-05	26355	1	FALSE	NA	NA	NA	NA	NA	NA
NC_045512.2	20274	G	C	26352	12276	37	1	0	34	3.79435e-05	26355	1	FALSE	NA	NA	NA	NA	NA	NA
NC_045512.2	20274	G	A	26352	12276	37	1	0	34	3.79435e-05	26355	1	FALSE	NA	NA	NA	NA	NA	NA
NC_045512.2	20275	G	T	26919	12439	38	2	0	34	7.42887e-05	26922	1	FALSE	NA	NA	NA	NA	NA	NA
NC_045512.2	20275	G	A	26919	12439	38	1	0	34	3.71443e-05	26922	1	FALSE	NA	NA	NA	NA	NA	NA
NC_045512.2	20276	A	G	26991	12609	38	3	3	56	0.000111136	26994	0.122898	FALSE	NA	NA	NA	NA	NA	NA
NC_045512.2	20277	T	C	25734	12790	37	4	3	34	0.000155412	25738	0.999995	FALSE	NA	NA	NA	NA	NA	NA
NC_045512.2	20279	A	T	25735	12720	37	1	0	34	3.88455e-05	25743	1	FALSE	NA	NA	NA	NA	NA	NA
NC_045512.2	20279	A	G	25735	12720	37	6	2	38	0.000233073	25743	0.999936	FALSE	NA	NA	NA	NA	NA	NA
NC_045512.2	20279	A	C	25735	12720	37	1	1	34	3.88455e-05	25743	1	FALSE	NA	NA	NA	NA	NA	NA
NC_045512.2	20280	A	G	27289	14410	37	2	0	34	7.32842e-05	27291	1	FALSE	NA	NA	NA	NA	NA	NA
NC_045512.2	20281	T	C	28861	16282	37	7	2	37	0.000242483	28868	0.999961	FALSE	NA	NA	NA	NA	NA	NA
NC_045512.2	20282	T	C	28755	16475	37	2	0	68	6.95459e-05	28758	0.247357	FALSE	NA	NA	NA	NA	NA	NA
NC_045512.2	20282	T	A	28755	16475	37	1	0	34	3.47729e-05	28758	1	FALSE	NA	NA	NA	NA	NA	NA
NC_045512.2	20283	C	T	29026	16776	37	3	0	34	0.000103338	29031	1	FALSE	NA	NA	NA	NA	NA	NA
NC_045512.2	20283	C	G	29026	16776	37	1	0	26	3.44459e-05	29031	1	FALSE	NA	NA	NA	NA	NA	NA
NC_045512.2	20283	C	A	29026	16776	37	1	0	24	3.44459e-05	29031	1	FALSE	NA	NA	NA	NA	NA	NA
NC_045512.2	20284	A	T	28874	16583	37	1	1	34	3.4632e-05	28875	1	FALSE	NA	NA	NA	NA	NA	NA
NC_045512.2	20286	T	C	28795	16614	37	5	3	34	0.000173611	28800	0.999996	FALSE	NA	NA	NA	NA	NA	NA
NC_045512.2	20287	G	A	29110	16789	38	2	2	34	6.87002e-05	29112	1	FALSE	NA	NA	NA	NA	NA	NA
NC_045512.2	20288	A	G	28912	16798	37	5	2	34	0.000172909	28917	0.999996	FALSE	NA	NA	NA	NA	NA	NA
NC_045512.2	20289	A	G	28734	16831	37	4	3	32	0.000139184	28739	0.999999	FALSE	NA	NA	NA	NA	NA	NA
NC_045512.2	20289	A	C	28734	16831	37	1	1	34	3.47959e-05	28739	1	FALSE	NA	NA	NA	NA	NA	NA
NC_045512.2	20290	C	T	29496	17603	38	2	1	34	6.77897e-05	29503	1	FALSE	NA	NA	NA	NA	NA	NA
NC_045512.2	20290	C	A	29496	17603	38	5	5	34	0.000169474	29503	0.999996	FALSE	NA	NA	NA	NA	NA	NA
NC_045512.2	20291	G	T	29243	17359	38	6	2	34	0.000205093	29255	0.999987	FALSE	NA	NA	NA	NA	NA	NA
NC_045512.2	20291	G	C	29243	17359	38	1	0	34	3.41822e-05	29255	1	FALSE	NA	NA	NA	NA	NA	NA
NC_045512.2	20291	G	A	29243	17359	38	5	2	34	0.000170911	29255	0.999996	FALSE	NA	NA	NA	NA	NA	NA
NC_045512.2	20292	G	C	33109	17680	37	1	0	34	3.01896e-05	33124	1	FALSE	NA	NA	NA	NA	NA	NA
NC_045512.2	20292	G	A	33109	17680	37	14	4	38	0.000422654	33124	0.998298	FALSE	NA	NA	NA	NA	NA	NA
NC_045512.2	20293	T	G	33069	17659	37	1	1	34	3.02307e-05	33079	1	FALSE	NA	NA	NA	NA	NA	NA
NC_045512.2	20293	T	C	33069	17659	37	9	1	34	0.000272076	33079	0.999961	FALSE	NA	NA	NA	NA	NA	NA
NC_045512.2	20294	A	T	33051	17743	37	1	0	34	3.02526e-05	33055	1	FALSE	NA	NA	NA	NA	NA	NA
NC_045512.2	20294	A	G	33051	17743	37	2	1	34	6.05052e-05	33055	1	FALSE	NA	NA	NA	NA	NA	NA
NC_045512.2	20294	A	C	33051	17743	37	1	0	24	3.02526e-05	33055	1	FALSE	NA	NA	NA	NA	NA	NA
NC_045512.2	20295	T	C	33196	17905	37	4	3	38	0.000120478	33201	1	FALSE	NA	NA	NA	NA	NA	NA
NC_045512.2	20295	T	A	33196	17905	37	1	0	34	3.01196e-05	33201	1	FALSE	NA	NA	NA	NA	NA	NA
NC_045512.2	20296	A	G	33839	18669	37	1	1	68	2.95508e-05	33840	0.497757	FALSE	NA	NA	NA	NA	NA	NA
NC_045512.2	20297	A	T	34254	18919	37	4	3	32	0.000116761	34258	1	FALSE	NA	NA	NA	NA	NA	NA
NC_045512.2	20298	A	G	34442	19692	37	3	2	34	8.70928e-05	34446	1	FALSE	NA	NA	NA	NA	NA	NA
NC_045512.2	20298	A	C	34442	19692	37	1	1	26	2.90309e-05	34446	1	FALSE	NA	NA	NA	NA	NA	NA
NC_045512.2	20299	T	G	33387	19823	37	2	0	34	5.98964e-05	33391	1	FALSE	NA	NA	NA	NA	NA	NA
NC_045512.2	20299	T	C	33387	19823	37	2	2	51	5.98964e-05	33391	0.247713	FALSE	NA	NA	NA	NA	NA	NA
NC_045512.2	20300	T	C	31908	20253	36	1	0	24	3.13391e-05	31909	1	FALSE	NA	NA	NA	NA	NA	NA
NC_045512.2	20301	A	T	30422	18555	37	1	1	26	3.28688e-05	30424	1	FALSE	NA	NA	NA	NA	NA	NA
NC_045512.2	20301	A	G	30422	18555	37	1	0	34	3.28688e-05	30424	1	FALSE	NA	NA	NA	NA	NA	NA
NC_045512.2	20302	G	A	30301	18487	37	1	1	34	3.30011e-05	30302	1	FALSE	NA	NA	NA	NA	NA	NA
NC_045512.2	20302	G	-A	30301	18487	37	1	0	20	3.26712e-05	30608	1	FALSE	NA	NA	NA	NA	NA	NA
NC_045512.2	20303	A	G	28824	18021	35	2	1	34	6.93794e-05	28827	1	FALSE	NA	NA	NA	NA	NA	NA
NC_045512.2	20303	A	C	28824	18021	35	1	1	26	3.46897e-05	28827	1	FALSE	NA	NA	NA	NA	NA	NA
NC_045512.2	20304	A	T	29738	18086	36	3	2	34	0.000100854	29746	1	FALSE	NA	NA	NA	NA	NA	NA
NC_045512.2	20304	A	G	29738	18086	36	1	1	34	3.3618e-05	29746	1	FALSE	NA	NA	NA	NA	NA	NA
NC_045512.2	20304	A	C	29738	18086	36	4	4	32	0.000134472	29746	1	FALSE	NA	NA	NA	NA	NA	NA
NC_045512.2	20305	G	T	30566	18110	36	1	1	34	3.27118e-05	30570	1	FALSE	NA	NA	NA	NA	NA	NA
NC_045512.2	20305	G	A	30566	18110	36	3	3	34	9.81354e-05	30570	1	FALSE	NA	NA	NA	NA	NA	NA
NC_045512.2	20306	G	C	30539	18097	36	1	1	34	3.27439e-05	30540	1	FALSE	NA	NA	NA	NA	NA	NA
NC_045512.2	20307	C	T	29459	18791	36	1	0	34	3.39432e-05	29461	1	FALSE	NA	NA	NA	NA	NA	NA
NC_045512.2	20307	C	G	29459	18791	36	1	0	34	3.39432e-05	29461	1	FALSE	NA	NA	NA	NA	NA	NA
NC_045512.2	20308	T	G	28696	18014	35	1	1	26	3.48396e-05	28703	1	FALSE	NA	NA	NA	NA	NA	NA
NC_045512.2	20308	T	C	28696	18014	35	6	4	34	0.000209037	28703	0.999987	FALSE	NA	NA	NA	NA	NA	NA
NC_045512.2	20309	A	T	29297	18625	36	2	0	34	6.82524e-05	29303	1	FALSE	NA	NA	NA	NA	NA	NA
NC_045512.2	20309	A	G	29297	18625	36	4	2	34	0.000136505	29303	0.999999	FALSE	NA	NA	NA	NA	NA	NA
NC_045512.2	20310	T	C	29246	18559	36	5	3	30	0.000170934	29251	0.999996	FALSE	NA	NA	NA	NA	NA	NA
NC_045512.2	20311	G	T	29159	18584	35	3	3	34	0.000102874	29162	1	FALSE	NA	NA	NA	NA	NA	NA
NC_045512.2	20312	C	T	30053	19051	36	7	3	48	0.000232821	30066	0.167666	FALSE	NA	NA	NA	NA	NA	NA
NC_045512.2	20312	C	G	30053	19051	36	4	1	32	0.000133041	30066	1	FALSE	NA	NA	NA	NA	NA	NA
NC_045512.2	20312	C	A	30053	19051	36	2	1	30	6.65203e-05	30066	1	FALSE	NA	NA	NA	NA	NA	NA
NC_045512.2	20313	C	T	29963	18993	36	4	4	34	0.000133471	29969	1	FALSE	NA	NA	NA	NA	NA	NA
NC_045512.2	20313	C	A	29963	18993	36	2	0	34	6.67356e-05	29969	1	FALSE	NA	NA	NA	NA	NA	NA
NC_045512.2	20313	C	-T	29963	18993	36	1	0	20	3.30306e-05	30275	1	FALSE	NA	NA	NA	NA	NA	NA
NC_045512.2	20314	T	G	28633	17603	36	1	1	34	3.49162e-05	28640	1	FALSE	NA	NA	NA	NA	NA	NA
NC_045512.2	20314	T	C	28633	17603	36	4	4	34	0.000139665	28640	0.999999	FALSE	NA	NA	NA	NA	NA	NA
NC_045512.2	20314	T	A	28633	17603	36	2	2	30	6.98324e-05	28640	1	FALSE	NA	NA	NA	NA	NA	NA
NC_045512.2	20315	T	C	27904	16887	36	2	0	30	7.16692e-05	27906	1	FALSE	NA	NA	NA	NA	NA	NA
NC_045512.2	20317	G	T	28406	16868	36	1	1	34	3.51976e-05	28411	1	FALSE	NA	NA	NA	NA	NA	NA
NC_045512.2	20317	G	A	28406	16868	36	4	3	34	0.000140791	28411	0.999999	FALSE	NA	NA	NA	NA	NA	NA
NC_045512.2	20318	A	G	28247	16393	35	1	0	34	3.53995e-05	28249	1	FALSE	NA	NA	NA	NA	NA	NA
NC_045512.2	20318	A	C	28247	16393	35	1	1	34	3.53995e-05	28249	1	FALSE	NA	NA	NA	NA	NA	NA
NC_045512.2	20319	A	G	28539	16962	36	1	0	34	3.50385e-05	28540	1	FALSE	NA	NA	NA	NA	NA	NA
NC_045512.2	20320	C	A	28915	16935	36	1	0	34	3.45829e-05	28916	1	FALSE	NA	NA	NA	NA	NA	NA
NC_045512.2	20321	A	G	28520	16557	36	1	0	34	3.50619e-05	28521	1	FALSE	NA	NA	NA	NA	NA	NA
NC_045512.2	20322	T	C	27977	16012	35	1	1	34	3.57424e-05	27978	1	FALSE	NA	NA	NA	NA	NA	NA
NC_045512.2	20323	A	T	28424	16475	36	1	1	34	3.51791e-05	28426	1	FALSE	NA	NA	NA	NA	NA	NA
NC_045512.2	20323	A	G	28424	16475	36	1	1	34	3.51791e-05	28426	1	FALSE	NA	NA	NA	NA	NA	NA
NC_045512.2	20324	T	C	28446	16471	36	4	1	34	0.000140593	28451	0.999999	FALSE	NA	NA	NA	NA	NA	NA
NC_045512.2	20324	T	A	28446	16471	36	1	0	34	3.51481e-05	28451	1	FALSE	NA	NA	NA	NA	NA	NA
NC_045512.2	20325	C	G	28041	16493	35	1	0	34	3.56608e-05	28042	1	FALSE	NA	NA	NA	NA	NA	NA
NC_045512.2	20326	G	A	28088	16488	35	2	1	68	7.11997e-05	28090	0.247303	FALSE	NA	NA	NA	NA	NA	NA
NC_045512.2	20327	T	G	24457	13043	34	1	1	26	4.08847e-05	24459	1	FALSE	NA	NA	NA	NA	NA	NA
NC_045512.2	20327	T	A	24457	13043	34	1	0	34	4.08847e-05	24459	1	FALSE	NA	NA	NA	NA	NA	NA
NC_045512.2	20328	T	C	28311	17095	35	4	2	34	0.000141268	28315	0.999999	FALSE	NA	NA	NA	NA	NA	NA
NC_045512.2	20329	T	C	28444	17208	35	2	0	51	7.03087e-05	28446	0.247337	FALSE	NA	NA	NA	NA	NA	NA
NC_045512.2	20330	A	G	28337	17212	35	1	0	34	3.52883e-05	28338	1	FALSE	NA	NA	NA	NA	NA	NA
NC_045512.2	20331	T	C	28497	17282	36	2	0	34	7.01779e-05	28499	1	FALSE	NA	NA	NA	NA	NA	NA
NC_045512.2	20331	T	-G	28497	17282	36	2	0	20	6.94324e-05	28805	1	FALSE	NA	NA	NA	NA	NA	NA
NC_045512.2	20332	G	C	28382	17176	36	1	1	34	3.52311e-05	28384	1	FALSE	NA	NA	NA	NA	NA	NA
NC_045512.2	20332	G	A	28382	17176	36	1	1	34	3.52311e-05	28384	1	FALSE	NA	NA	NA	NA	NA	NA
NC_045512.2	20333	G	T	28359	17265	36	1	1	34	3.52572e-05	28363	1	FALSE	NA	NA	NA	NA	NA	NA
NC_045512.2	20333	G	C	28359	17265	36	1	1	34	3.52572e-05	28363	1	FALSE	NA	NA	NA	NA	NA	NA
NC_045512.2	20333	G	A	28359	17265	36	2	2	34	7.05144e-05	28363	1	FALSE	NA	NA	NA	NA	NA	NA
NC_045512.2	20334	A	G	28212	17191	35	5	0	40	0.000177198	28217	0.222162	FALSE	NA	NA	NA	NA	NA	NA
NC_045512.2	20335	G	A	28378	17144	35	1	1	34	3.52373e-05	28379	1	FALSE	NA	NA	NA	NA	NA	NA
NC_045512.2	20336	A	G	31179	20461	36	2	0	34	6.41416e-05	31181	1	FALSE	NA	NA	NA	NA	NA	NA
NC_045512.2	20336	A	-T	31179	20461	36	1	0	20	3.17591e-05	31487	1	FALSE	NA	NA	NA	NA	NA	NA
NC_045512.2	20337	T	C	31392	20619	36	4	4	34	0.000127401	31397	1	FALSE	NA	NA	NA	NA	NA	NA
NC_045512.2	20337	T	A	31392	20619	36	1	1	34	3.18502e-05	31397	1	FALSE	NA	NA	NA	NA	NA	NA
NC_045512.2	20338	T	C	31341	20656	36	8	5	42	0.000254988	31374	0.109922	FALSE	NA	NA	NA	NA	NA	NA
NC_045512.2	20338	T	A	31341	20656	36	25	3	36	0.000796838	31374	0.815497	FALSE	NA	NA	NA	NA	NA	NA
NC_045512.2	20339	T	C	32925	21802	36	5	5	34	0.000151837	32930	0.999999	FALSE	NA	NA	NA	NA	NA	NA
NC_045512.2	20340	T	C	32841	21830	36	10	6	39	0.000304405	32851	0.999865	FALSE	NA	NA	NA	NA	NA	NA
NC_045512.2	20341	A	G	32691	21828	36	4	3	34	0.000122343	32695	1	FALSE	NA	NA	NA	NA	NA	NA
NC_045512.2	20343	T	C	34909	24103	37	6	6	34	0.000171846	34915	0.999999	FALSE	NA	NA	NA	NA	NA	NA
NC_045512.2	20344	C	T	35261	24647	37	6	2	34	0.000170131	35267	1	FALSE	NA	NA	NA	NA	NA	NA
NC_045512.2	20345	A	G	35112	24510	37	4	1	34	0.000113905	35117	1	FALSE	NA	NA	NA	NA	NA	NA
NC_045512.2	20345	A	C	35112	24510	37	1	0	34	2.84762e-05	35117	1	FALSE	NA	NA	NA	NA	NA	NA
NC_045512.2	20346	T	C	36898	26450	37	5	5	34	0.000135487	36904	1	FALSE	NA	NA	NA	NA	NA	NA
NC_045512.2	20346	T	A	36898	26450	37	1	0	34	2.70973e-05	36904	1	FALSE	NA	NA	NA	NA	NA	NA
NC_045512.2	20347	A	G	37106	26638	37	1	0	34	2.69491e-05	37107	1	FALSE	NA	NA	NA	NA	NA	NA
NC_045512.2	20348	G	A	37167	26667	37	2	0	68	5.38083e-05	37169	0.250003	FALSE	NA	NA	NA	NA	NA	NA
NC_045512.2	20349	T	G	36864	26474	37	1	1	26	2.71186e-05	36875	1	FALSE	NA	NA	NA	NA	NA	NA
NC_045512.2	20349	T	C	36864	26474	37	9	8	41	0.000244068	36875	0.0729751	FALSE	NA	NA	NA	NA	NA	NA
NC_045512.2	20349	T	A	36864	26474	37	1	1	34	2.71186e-05	36875	1	FALSE	NA	NA	NA	NA	NA	NA
NC_045512.2	20350	C	A	37477	26772	37	5	5	34	0.000133397	37482	1	FALSE	NA	NA	NA	NA	NA	NA
NC_045512.2	20350	C	-A	37477	26772	37	3	0	20	8.00384e-05	37482	1	FALSE	NA	NA	NA	NA	NA	NA
NC_045512.2	20351	A	G	34606	23962	37	3	2	34	8.66776e-05	34611	1	FALSE	NA	NA	NA	NA	NA	NA
NC_045512.2	20351	A	C	34606	23962	37	2	2	34	5.77851e-05	34611	1	FALSE	NA	NA	NA	NA	NA	NA
NC_045512.2	20352	G	A	35024	23978	37	1	1	26	2.8551e-05	35025	1	FALSE	NA	NA	NA	NA	NA	NA
NC_045512.2	20352	G	-TTAGGTGGTTTACATCTACTGATTGGAC	35024	23978	37	2	0	20	5.71021e-05	35025	1	FALSE	NA	NA	NA	NA	NA	NA
NC_045512.2	20353	T	G	35508	24639	37	1	0	26	2.81579e-05	35514	1	FALSE	NA	NA	NA	NA	NA	NA
NC_045512.2	20353	T	C	35508	24639	37	4	3	40	0.000112632	35514	0.499969	FALSE	NA	NA	NA	NA	NA	NA
NC_045512.2	20353	T	A	35508	24639	37	1	1	26	2.81579e-05	35514	1	FALSE	NA	NA	NA	NA	NA	NA
NC_045512.2	20354	T	G	36329	25445	37	1	0	34	2.75194e-05	36338	1	FALSE	NA	NA	NA	NA	NA	NA
NC_045512.2	20354	T	C	36329	25445	37	8	8	33	0.000220155	36338	0.999997	FALSE	NA	NA	NA	NA	NA	NA
NC_045512.2	20355	A	G	36476	25627	38	3	2	31	8.22368e-05	36480	1	FALSE	NA	NA	NA	NA	NA	NA
NC_045512.2	20355	A	C	36476	25627	38	1	1	27	2.74123e-05	36480	1	FALSE	NA	NA	NA	NA	NA	NA
NC_045512.2	20357	G	C	36587	25656	38	2	2	34	5.46553e-05	36593	1	FALSE	NA	NA	NA	NA	NA	NA
NC_045512.2	20357	G	A	36587	25656	38	4	0	34	0.000109311	36593	1	FALSE	NA	NA	NA	NA	NA	NA
NC_045512.2	20358	T	G	36305	25372	38	1	0	34	2.75399e-05	36311	1	FALSE	NA	NA	NA	NA	NA	NA
NC_045512.2	20358	T	C	36305	25372	38	2	2	34	5.50797e-05	36311	1	FALSE	NA	NA	NA	NA	NA	NA
NC_045512.2	20358	T	A	36305	25372	38	3	1	31	8.26196e-05	36311	1	FALSE	NA	NA	NA	NA	NA	NA
NC_045512.2	20359	G	A	36293	24939	37	1	0	34	2.75528e-05	36294	1	FALSE	NA	NA	NA	NA	NA	NA
NC_045512.2	20360	G	T	37057	25480	38	1	1	26	2.6976e-05	37070	1	FALSE	NA	NA	NA	NA	NA	NA
NC_045512.2	20360	G	C	37057	25480	38	2	2	34	5.3952e-05	37070	1	FALSE	NA	NA	NA	NA	NA	NA
NC_045512.2	20360	G	A	37057	25480	38	10	6	33	0.00026976	37070	0.999988	FALSE	NA	NA	NA	NA	NA	NA
NC_045512.2	20361	T	G	28176	16633	36	2	1	30	7.09673e-05	28182	1	FALSE	NA	NA	NA	NA	NA	NA
NC_045512.2	20361	T	C	28176	16633	36	4	2	51	0.000141935	28182	0.0624845	FALSE	NA	NA	NA	NA	NA	NA
NC_045512.2	20362	T	C	37973	26640	38	2	2	30	5.26662e-05	37975	1	FALSE	NA	NA	NA	NA	NA	NA
NC_045512.2	20363	T	C	38095	26784	38	9	5	50	0.000236196	38104	0.0019522	TRUE	NA	NA	NA	NA	NA	NA
NC_045512.2	20364	A	G	37995	27029	38	4	3	32	0.000105266	37999	1	FALSE	NA	NA	NA	NA	NA	NA
NC_045512.2	20365	C	T	38398	27219	38	3	1	34	7.81148e-05	38405	1	FALSE	NA	NA	NA	NA	NA	NA
NC_045512.2	20365	C	A	38398	27219	38	4	3	59	0.000104153	38405	0.0624854	FALSE	NA	NA	NA	NA	NA	NA
NC_045512.2	20366	A	G	38383	27212	38	1	0	34	2.60525e-05	38384	1	FALSE	NA	NA	NA	NA	NA	NA
NC_045512.2	20367	T	C	38292	27109	38	9	8	34	0.000234975	38302	0.999997	FALSE	NA	NA	NA	NA	NA	NA
NC_045512.2	20367	T	A	38292	27109	38	1	1	34	2.61083e-05	38302	1	FALSE	NA	NA	NA	NA	NA	NA
NC_045512.2	20368	C	T	37705	26985	38	1	0	34	2.65203e-05	37707	1	FALSE	NA	NA	NA	NA	NA	NA
NC_045512.2	20368	C	G	37705	26985	38	1	0	34	2.65203e-05	37707	1	FALSE	NA	NA	NA	NA	NA	NA
NC_045512.2	20369	T	C	37104	26388	38	2	2	34	5.38996e-05	37106	1	FALSE	NA	NA	NA	NA	NA	NA
NC_045512.2	20369	T	-A	37104	26388	38	1	0	20	2.69491e-05	37107	1	FALSE	NA	NA	NA	NA	NA	NA
NC_045512.2	20370	A	T	37317	26661	38	1	0	60	2.6796e-05	37319	0.499987	FALSE	NA	NA	NA	NA	NA	NA
NC_045512.2	20370	A	G	37317	26661	38	1	1	34	2.6796e-05	37319	1	FALSE	NA	NA	NA	NA	NA	NA
NC_045512.2	20371	C	T	37264	26796	38	3	1	45	8.04894e-05	37272	0.656193	FALSE	NA	NA	NA	NA	NA	NA
NC_045512.2	20371	C	G	37264	26796	38	4	0	28	0.000107319	37272	1	FALSE	NA	NA	NA	NA	NA	NA
NC_045512.2	20371	C	A	37264	26796	38	1	0	26	2.68298e-05	37272	1	FALSE	NA	NA	NA	NA	NA	NA
NC_045512.2	20372	T	G	37222	26731	38	1	0	24	2.68615e-05	37228	1	FALSE	NA	NA	NA	NA	NA	NA
NC_045512.2	20372	T	C	37222	26731	38	4	3	28	0.000107446	37228	1	FALSE	NA	NA	NA	NA	NA	NA
NC_045512.2	20372	T	A	37222	26731	38	1	1	34	2.68615e-05	37228	1	FALSE	NA	NA	NA	NA	NA	NA
NC_045512.2	20373	G	A	37389	26655	38	1	1	34	2.67451e-05	37390	1	FALSE	NA	NA	NA	NA	NA	NA
NC_045512.2	20374	A	G	37521	26843	38	3	2	35	7.99488e-05	37524	1	FALSE	NA	NA	NA	NA	NA	NA
NC_045512.2	20375	T	C	37643	27130	38	3	2	45	7.96876e-05	37647	0.656244	FALSE	NA	NA	NA	NA	NA	NA
NC_045512.2	20375	T	A	37643	27130	38	1	1	34	2.65625e-05	37647	1	FALSE	NA	NA	NA	NA	NA	NA
NC_045512.2	20376	T	G	37407	27242	38	1	1	34	2.67222e-05	37422	1	FALSE	NA	NA	NA	NA	NA	NA
NC_045512.2	20376	T	C	37407	27242	38	12	8	39	0.000320667	37422	0.999929	FALSE	NA	NA	NA	NA	NA	NA
NC_045512.2	20376	T	A	37407	27242	38	2	1	34	5.34445e-05	37422	1	FALSE	NA	NA	NA	NA	NA	NA
NC_045512.2	20377	G	T	37070	26916	38	1	0	26	2.69709e-05	37077	1	FALSE	NA	NA	NA	NA	NA	NA
NC_045512.2	20377	G	A	37070	26916	38	6	0	45	0.000161825	37077	0.25388	FALSE	NA	NA	NA	NA	NA	NA
NC_045512.2	20378	G	A	37343	27218	38	1	1	34	2.67781e-05	37344	1	FALSE	NA	NA	NA	NA	NA	NA
NC_045512.2	20379	A	T	37267	27166	38	1	1	26	2.68291e-05	37273	1	FALSE	NA	NA	NA	NA	NA	NA
NC_045512.2	20379	A	G	37267	27166	38	4	3	42	0.000107316	37273	0.499971	FALSE	NA	NA	NA	NA	NA	NA
NC_045512.2	20379	A	C	37267	27166	38	1	1	34	2.68291e-05	37273	1	FALSE	NA	NA	NA	NA	NA	NA
NC_045512.2	20379	A	-CT	37267	27166	38	1	0	20	2.68284e-05	37274	1	FALSE	NA	NA	NA	NA	NA	NA
NC_045512.2	20380	C	A	37322	27357	38	1	1	34	2.67931e-05	37323	1	FALSE	NA	NA	NA	NA	NA	NA
NC_045512.2	20381	T	C	35457	25505	38	6	6	34	0.00016919	35463	1	FALSE	NA	NA	NA	NA	NA	NA
NC_045512.2	20382	A	T	32530	22657	38	6	6	34	0.000184371	32543	0.999998	FALSE	NA	NA	NA	NA	NA	NA
NC_045512.2	20382	A	G	32530	22657	38	6	1	44	0.000184371	32543	0.2538	FALSE	NA	NA	NA	NA	NA	NA
NC_045512.2	20382	A	C	32530	22657	38	1	1	34	3.07286e-05	32543	1	FALSE	NA	NA	NA	NA	NA	NA
NC_045512.2	20383	G	C	32394	22582	38	2	2	34	6.1736e-05	32396	1	FALSE	NA	NA	NA	NA	NA	NA
NC_045512.2	20384	C	T	34085	24599	38	1	1	68	2.93341e-05	34090	0.499978	FALSE	NA	NA	NA	NA	NA	NA
NC_045512.2	20384	C	G	34085	24599	38	2	0	34	5.86682e-05	34090	1	FALSE	NA	NA	NA	NA	NA	NA
NC_045512.2	20384	C	A	34085	24599	38	2	1	30	5.86682e-05	34090	1	FALSE	NA	NA	NA	NA	NA	NA
NC_045512.2	20385	T	C	34532	25082	38	2	2	34	5.79139e-05	34534	1	FALSE	NA	NA	NA	NA	NA	NA
NC_045512.2	20386	A	G	34363	24931	38	6	6	34	0.000174571	34370	0.999999	FALSE	NA	NA	NA	NA	NA	NA
NC_045512.2	20386	A	C	34363	24931	38	1	1	34	2.90951e-05	34370	1	FALSE	NA	NA	NA	NA	NA	NA
NC_045512.2	20387	A	G	35589	26436	39	4	4	34	0.000112378	35594	1	FALSE	NA	NA	NA	NA	NA	NA
NC_045512.2	20387	A	C	35589	26436	39	1	0	26	2.80946e-05	35594	1	FALSE	NA	NA	NA	NA	NA	NA
NC_045512.2	20388	A	T	35696	26721	38	3	3	34	8.4036e-05	35699	1	FALSE	NA	NA	NA	NA	NA	NA
NC_045512.2	20389	C	T	46777	39587	40	1	1	34	2.13776e-05	46778	1	FALSE	NA	NA	NA	NA	NA	NA
NC_045512.2	20389	C	-GT	46777	39587	40	1	0	20	2.13776e-05	46778	1	FALSE	NA	NA	NA	NA	NA	NA
NC_045512.2	20390	G	-TTTTAAGGAA	46610	39430	40	1	0	20	2.14542e-05	46611	1	FALSE	NA	NA	NA	NA	NA	NA
NC_045512.2	20390	G	-TT	46610	39430	40	4579	0	20	0.0982386	46611	0	TRUE	NA	NA	NA	NA	NA	NA
NC_045512.2	20391	T	C	41414	34506	40	3	3	34	7.2434e-05	41417	1	FALSE	NA	NA	NA	NA	NA	NA
NC_045512.2	20392	T	C	41093	34243	40	1	1	34	2.43339e-05	41095	1	FALSE	NA	NA	NA	NA	NA	NA
NC_045512.2	20392	T	A	41093	34243	40	1	1	68	2.43339e-05	41095	0.472747	FALSE	NA	NA	NA	NA	NA	NA
NC_045512.2	20393	T	G	45432	40251	38	2	1	34	4.40189e-05	45435	1	FALSE	NA	NA	NA	NA	NA	NA
NC_045512.2	20393	T	C	45432	40251	38	1	1	34	2.20095e-05	45435	1	FALSE	NA	NA	NA	NA	NA	NA
NC_045512.2	20394	T	C	45336	40177	37	2	2	34	4.41121e-05	45339	1	FALSE	NA	NA	NA	NA	NA	NA
NC_045512.2	20394	T	A	45336	40177	37	1	0	68	2.20561e-05	45339	0.499983	FALSE	NA	NA	NA	NA	NA	NA
NC_045512.2	20395	A	T	45420	40253	38	1	1	34	2.20133e-05	45427	1	FALSE	NA	NA	NA	NA	NA	NA
NC_045512.2	20395	A	G	45420	40253	38	6	3	49	0.00013208	45427	0.376919	FALSE	NA	NA	NA	NA	NA	NA
NC_045512.2	20396	A	T	45467	40303	38	1	1	34	2.19887e-05	45478	1	FALSE	NA	NA	NA	NA	NA	NA
NC_045512.2	20396	A	G	45467	40303	38	4	2	51	8.79546e-05	45478	0.0624766	FALSE	NA	NA	NA	NA	NA	NA
NC_045512.2	20396	A	C	45467	40303	38	6	6	34	0.000131932	45478	1	FALSE	NA	NA	NA	NA	NA	NA
NC_045512.2	20397	G	A	45028	39889	37	1	1	34	2.22079e-05	45029	1	FALSE	NA	NA	NA	NA	NA	NA
NC_045512.2	20399	A	T	43269	38258	37	2	2	34	4.62161e-05	43275	1	FALSE	NA	NA	NA	NA	NA	NA
NC_045512.2	20399	A	G	43269	38258	37	4	3	34	9.24321e-05	43275	1	FALSE	NA	NA	NA	NA	NA	NA
NC_045512.2	20400	A	G	43272	38429	37	6	6	32	0.000138635	43279	1	FALSE	NA	NA	NA	NA	NA	NA
NC_045512.2	20400	A	C	43272	38429	37	1	1	34	2.31059e-05	43279	1	FALSE	NA	NA	NA	NA	NA	NA
NC_045512.2	20401	T	C	42851	38011	37	6	6	34	0.00014	42857	1	FALSE	NA	NA	NA	NA	NA	NA
NC_045512.2	20402	C	T	43227	38411	37	1	1	34	2.31332e-05	43228	1	FALSE	NA	NA	NA	NA	NA	NA
NC_045512.2	20403	A	G	43039	38226	37	5	5	32	0.00011616	43044	1	FALSE	NA	NA	NA	NA	NA	NA
NC_045512.2	20405	C	T	43020	38637	36	1	1	34	2.32445e-05	43021	1	FALSE	NA	NA	NA	NA	NA	NA
NC_045512.2	20405	C	-T	43020	38637	36	5	0	20	0.000116222	43021	1	FALSE	NA	NA	NA	NA	NA	NA
NC_045512.2	20406	T	C	43033	38650	37	12	12	36	0.000278772	43046	0.999996	FALSE	NA	NA	NA	NA	NA	NA
NC_045512.2	20406	T	A	43033	38650	37	1	1	34	2.3231e-05	43046	1	FALSE	NA	NA	NA	NA	NA	NA
NC_045512.2	20407	T	C	41461	37098	36	1	1	34	2.41185e-05	41462	1	FALSE	NA	NA	NA	NA	NA	NA
NC_045512.2	20408	T	C	42782	38459	36	4	4	34	9.34885e-05	42786	1	FALSE	NA	NA	NA	NA	NA	NA
NC_045512.2	20409	T	C	42735	38414	36	6	6	34	0.00014038	42741	1	FALSE	NA	NA	NA	NA	NA	NA
NC_045512.2	20410	G	T	55214	38071	36	1	1	34	1.81077e-05	55225	1	FALSE	NA	NA	NA	NA	NA	NA
NC_045512.2	20410	G	C	55214	38071	36	10	10	33	0.000181077	55225	1	FALSE	NA	NA	NA	NA	NA	NA
NC_045512.2	20411	A	T	55701	38392	36	4	4	32	7.1803e-05	55708	1	FALSE	NA	NA	NA	NA	NA	NA
NC_045512.2	20411	A	G	55701	38392	36	3	2	28	5.38522e-05	55708	1	FALSE	NA	NA	NA	NA	NA	NA
NC_045512.2	20412	A	T	55824	38625	36	2	2	30	3.58243e-05	55828	1	FALSE	NA	NA	NA	NA	NA	NA
NC_045512.2	20412	A	G	55824	38625	36	2	2	34	3.58243e-05	55828	1	FALSE	NA	NA	NA	NA	NA	NA
NC_045512.2	20413	T	C	55422	38367	35	1	1	34	1.80431e-05	55423	1	FALSE	NA	NA	NA	NA	NA	NA
NC_045512.2	20414	T	G	55539	38495	35	2	0	30	3.60094e-05	55541	1	FALSE	NA	NA	NA	NA	NA	NA
NC_045512.2	20415	A	T	55346	38360	35	1	1	26	1.80678e-05	55347	1	FALSE	NA	NA	NA	NA	NA	NA
NC_045512.2	20416	G	C	55305	38206	35	3	3	31	5.42417e-05	55308	1	FALSE	NA	NA	NA	NA	NA	NA
NC_045512.2	20416	G	-A	55305	38206	35	1	0	20	1.80806e-05	55308	1	FALSE	NA	NA	NA	NA	NA	NA
NC_045512.2	20417	A	T	55380	38666	35	2	2	34	3.61122e-05	55383	1	FALSE	NA	NA	NA	NA	NA	NA
NC_045512.2	20417	A	G	55380	38666	35	1	0	34	1.80561e-05	55383	1	FALSE	NA	NA	NA	NA	NA	NA
NC_045512.2	20418	A	G	55643	38801	35	18	2	33	0.000323386	55661	0.999997	FALSE	NA	NA	NA	NA	NA	NA
NC_045512.2	20419	G	T	56787	38760	35	1	1	34	1.76094e-05	56788	1	FALSE	NA	NA	NA	NA	NA	NA
NC_045512.2	20420	A	G	58409	38825	35	3	2	34	5.13593e-05	58412	1	FALSE	NA	NA	NA	NA	NA	NA
NC_045512.2	20420	A	-T	58409	38825	35	1	0	20	1.71198e-05	58412	1	FALSE	NA	NA	NA	NA	NA	NA
NC_045512.2	20421	T	C	59182	38912	35	6	5	36	0.000101372	59188	1	FALSE	NA	NA	NA	NA	NA	NA
NC_045512.2	20421	T	-TTTA	59182	38912	35	6	0	20	0.00010137	59189	1	FALSE	NA	NA	NA	NA	NA	NA
NC_045512.2	20422	T	G	58566	38280	34	3	0	31	5.12138e-05	58578	1	FALSE	NA	NA	NA	NA	NA	NA
NC_045512.2	20422	T	C	58566	38280	34	9	6	36	0.000153641	58578	1	FALSE	NA	NA	NA	NA	NA	NA
NC_045512.2	20423	T	G	59235	38902	35	1	0	34	1.68796e-05	59243	1	FALSE	NA	NA	NA	NA	NA	NA
NC_045512.2	20423	T	C	59235	38902	35	6	3	32	0.000101278	59243	1	FALSE	NA	NA	NA	NA	NA	NA
NC_045512.2	20423	T	A	59235	38902	35	1	1	34	1.68796e-05	59243	1	FALSE	NA	NA	NA	NA	NA	NA
NC_045512.2	20424	T	C	58750	38424	34	12	5	34	0.000204214	58762	1	FALSE	NA	NA	NA	NA	NA	NA
NC_045512.2	20425	A	T	59361	38940	35	1	1	34	1.68458e-05	59362	1	FALSE	NA	NA	NA	NA	NA	NA
NC_045512.2	20426	T	G	59434	39039	35	3	0	34	5.04651e-05	59447	1	FALSE	NA	NA	NA	NA	NA	NA
NC_045512.2	20426	T	C	59434	39039	35	8	7	34	0.000134574	59447	1	FALSE	NA	NA	NA	NA	NA	NA
NC_045512.2	20426	T	A	59434	39039	35	2	2	34	3.36434e-05	59447	1	FALSE	NA	NA	NA	NA	NA	NA
NC_045512.2	20427	T	C	59415	39071	35	8	5	34	0.000134626	59424	1	FALSE	NA	NA	NA	NA	NA	NA
NC_045512.2	20427	T	A	59415	39071	35	1	1	34	1.68282e-05	59424	1	FALSE	NA	NA	NA	NA	NA	NA
NC_045512.2	20428	C	T	68091	39030	34	3	0	56	4.40561e-05	68095	0.124997	FALSE	NA	NA	NA	NA	NA	NA
NC_045512.2	20428	C	A	68091	39030	34	1	0	34	1.46854e-05	68095	1	FALSE	NA	NA	NA	NA	NA	NA
NC_045512.2	20429	C	T	67502	38261	34	1	1	34	1.48131e-05	67508	1	FALSE	NA	NA	NA	NA	NA	NA
NC_045512.2	20429	C	G	67502	38261	34	5	1	30	7.40653e-05	67508	1	FALSE	NA	NA	NA	NA	NA	NA
NC_045512.2	20430	T	G	67053	37693	34	4	0	34	5.96427e-05	67066	1	FALSE	NA	NA	NA	NA	NA	NA
NC_045512.2	20430	T	C	67053	37693	34	8	4	34	0.000119285	67066	1	FALSE	NA	NA	NA	NA	NA	NA
NC_045512.2	20430	T	A	67053	37693	34	1	1	34	1.49107e-05	67066	1	FALSE	NA	NA	NA	NA	NA	NA
NC_045512.2	20431	A	T	67428	37887	34	1	1	34	1.48271e-05	67444	1	FALSE	NA	NA	NA	NA	NA	NA
NC_045512.2	20431	A	G	67428	37887	34	10	5	32	0.000148271	67444	1	FALSE	NA	NA	NA	NA	NA	NA
NC_045512.2	20431	A	C	67428	37887	34	5	5	30	7.41356e-05	67444	1	FALSE	NA	NA	NA	NA	NA	NA
NC_045512.2	20432	T	C	67238	37655	34	3	3	30	4.46143e-05	67243	1	FALSE	NA	NA	NA	NA	NA	NA
NC_045512.2	20432	T	A	67238	37655	34	2	2	34	2.97429e-05	67243	1	FALSE	NA	NA	NA	NA	NA	NA
NC_045512.2	20433	G	T	71727	37768	34	5	0	34	6.97029e-05	71733	1	FALSE	NA	NA	NA	NA	NA	NA
NC_045512.2	20433	G	A	71727	37768	34	1	1	34	1.39406e-05	71733	1	FALSE	NA	NA	NA	NA	NA	NA
NC_045512.2	20434	G	T	71918	37858	34	6	5	39	8.34133e-05	71931	1	FALSE	NA	NA	NA	NA	NA	NA
NC_045512.2	20434	G	C	71918	37858	34	6	5	34	8.34133e-05	71931	1	FALSE	NA	NA	NA	NA	NA	NA
NC_045512.2	20434	G	A	71918	37858	34	1	0	34	1.39022e-05	71931	1	FALSE	NA	NA	NA	NA	NA	NA
NC_045512.2	20435	A	G	71956	37798	34	13	6	34	0.000180633	71969	1	FALSE	NA	NA	NA	NA	NA	NA
NC_045512.2	20436	C	T	72586	38071	34	5	1	34	6.88762e-05	72594	1	FALSE	NA	NA	NA	NA	NA	NA
NC_045512.2	20436	C	G	72586	38071	34	1	0	34	1.37752e-05	72594	1	FALSE	NA	NA	NA	NA	NA	NA
NC_045512.2	20436	C	A	72586	38071	34	2	2	34	2.75505e-05	72594	1	FALSE	NA	NA	NA	NA	NA	NA
NC_045512.2	20437	A	T	68105	33628	34	1	1	34	1.46802e-05	68119	1	FALSE	NA	NA	NA	NA	NA	NA
NC_045512.2	20437	A	G	68105	33628	34	13	5	34	0.000190842	68119	1	FALSE	NA	NA	NA	NA	NA	NA
NC_045512.2	20438	G	T	72066	33577	34	2	0	34	2.77493e-05	72074	1	FALSE	NA	NA	NA	NA	NA	NA
NC_045512.2	20438	G	C	72066	33577	34	1	0	34	1.38746e-05	72074	1	FALSE	NA	NA	NA	NA	NA	NA
NC_045512.2	20438	G	A	72066	33577	34	5	2	32	6.93731e-05	72074	1	FALSE	NA	NA	NA	NA	NA	NA
NC_045512.2	20439	T	C	72080	33684	34	9	7	34	0.000124844	72090	1	FALSE	NA	NA	NA	NA	NA	NA
NC_045512.2	20439	T	A	72080	33684	34	1	0	68	1.38715e-05	72090	0.499972	FALSE	NA	NA	NA	NA	NA	NA
NC_045512.2	20440	A	T	72005	33519	34	2	0	34	2.77716e-05	72016	1	FALSE	NA	NA	NA	NA	NA	NA
NC_045512.2	20440	A	G	72005	33519	34	9	8	34	0.000124972	72016	1	FALSE	NA	NA	NA	NA	NA	NA
NC_045512.2	20441	C	T	72114	33532	34	8	7	34	0.000110914	72128	1	FALSE	NA	NA	NA	NA	NA	NA
NC_045512.2	20441	C	G	72114	33532	34	2	0	34	2.77285e-05	72128	1	FALSE	NA	NA	NA	NA	NA	NA
NC_045512.2	20441	C	A	72114	33532	34	4	2	34	5.5457e-05	72128	1	FALSE	NA	NA	NA	NA	NA	NA
NC_045512.2	20442	A	G	69400	30771	34	6	4	37	8.64466e-05	69407	1	FALSE	NA	NA	NA	NA	NA	NA
NC_045512.2	20442	A	C	69400	30771	34	1	0	34	1.44078e-05	69407	1	FALSE	NA	NA	NA	NA	NA	NA
NC_045512.2	20443	G	T	71788	30786	34	1	1	34	1.39293e-05	71791	1	FALSE	NA	NA	NA	NA	NA	NA
NC_045512.2	20443	G	A	71788	30786	34	2	1	34	2.78586e-05	71791	1	FALSE	NA	NA	NA	NA	NA	NA
NC_045512.2	20444	T	C	71286	30443	34	8	4	34	0.000112211	71294	1	FALSE	NA	NA	NA	NA	NA	NA
NC_045512.2	20445	T	C	71062	30186	34	9	4	34	0.000126629	71074	1	FALSE	NA	NA	NA	NA	NA	NA
NC_045512.2	20445	T	A	71062	30186	34	3	1	34	4.22095e-05	71074	1	FALSE	NA	NA	NA	NA	NA	NA
NC_045512.2	20445	T	-A	71062	30186	34	1	0	20	1.40698e-05	71074	1	FALSE	NA	NA	NA	NA	NA	NA
NC_045512.2	20446	A	T	71062	30119	34	5	0	34	7.03482e-05	71075	1	FALSE	NA	NA	NA	NA	NA	NA
NC_045512.2	20446	A	G	71062	30119	34	8	5	34	0.000112557	71075	1	FALSE	NA	NA	NA	NA	NA	NA
NC_045512.2	20447	A	G	68085	27401	34	3	2	34	4.406e-05	68089	1	FALSE	NA	NA	NA	NA	NA	NA
NC_045512.2	20447	A	C	68085	27401	34	1	1	34	1.46867e-05	68089	1	FALSE	NA	NA	NA	NA	NA	NA
NC_045512.2	20448	A	T	68454	27415	34	1	0	34	1.46069e-05	68461	1	FALSE	NA	NA	NA	NA	NA	NA
NC_045512.2	20448	A	G	68454	27415	34	5	1	32	7.30343e-05	68461	1	FALSE	NA	NA	NA	NA	NA	NA
NC_045512.2	20448	A	C	68454	27415	34	1	0	34	1.46069e-05	68461	1	FALSE	NA	NA	NA	NA	NA	NA
NC_045512.2	20449	A	T	68332	27374	34	1	0	34	1.46329e-05	68339	1	FALSE	NA	NA	NA	NA	NA	NA
NC_045512.2	20449	A	G	68332	27374	34	6	2	32	8.77976e-05	68339	1	FALSE	NA	NA	NA	NA	NA	NA
NC_045512.2	20450	A	T	67158	27353	33	1	0	34	1.48894e-05	67162	1	FALSE	NA	NA	NA	NA	NA	NA
NC_045512.2	20450	A	G	67158	27353	33	3	2	31	4.46681e-05	67162	1	FALSE	NA	NA	NA	NA	NA	NA
NC_045512.2	20451	C	T	68076	27455	34	2	1	34	2.93763e-05	68082	1	FALSE	NA	NA	NA	NA	NA	NA
NC_045512.2	20451	C	G	68076	27455	34	2	0	34	2.93763e-05	68082	1	FALSE	NA	NA	NA	NA	NA	NA
NC_045512.2	20451	C	A	68076	27455	34	2	0	30	2.93763e-05	68082	1	FALSE	NA	NA	NA	NA	NA	NA
NC_045512.2	20452	T	G	66159	25402	34	1	0	34	1.51108e-05	66178	1	FALSE	NA	NA	NA	NA	NA	NA
NC_045512.2	20452	T	C	66159	25402	34	17	12	33	0.000256883	66178	1	FALSE	NA	NA	NA	NA	NA	NA
NC_045512.2	20452	T	A	66159	25402	34	1	1	34	1.51108e-05	66178	1	FALSE	NA	NA	NA	NA	NA	NA
NC_045512.2	20452	T	-ATTTC	66159	25402	34	2	0	20	3.02215e-05	66178	1	FALSE	NA	NA	NA	NA	NA	NA
NC_045512.2	20453	A	G	66261	25287	34	4	2	32	6.03637e-05	66265	1	FALSE	NA	NA	NA	NA	NA	NA
NC_045512.2	20453	A	-T	66261	25287	34	1	0	20	1.50905e-05	66267	1	FALSE	NA	NA	NA	NA	NA	NA
NC_045512.2	20454	T	C	67195	25392	34	3	1	34	4.46435e-05	67199	1	FALSE	NA	NA	NA	NA	NA	NA
NC_045512.2	20454	T	A	67195	25392	34	1	0	34	1.48812e-05	67199	1	FALSE	NA	NA	NA	NA	NA	NA
NC_045512.2	20455	T	C	67124	25492	34	8	4	33	0.000119168	67132	1	FALSE	NA	NA	NA	NA	NA	NA
NC_045512.2	20456	T	G	67150	25535	34	1	0	26	1.48903e-05	67158	1	FALSE	NA	NA	NA	NA	NA	NA
NC_045512.2	20456	T	C	67150	25535	34	7	6	32	0.000104232	67158	1	FALSE	NA	NA	NA	NA	NA	NA
NC_045512.2	20457	C	T	67233	25487	34	3	0	34	4.46176e-05	67238	1	FALSE	NA	NA	NA	NA	NA	NA
NC_045512.2	20457	C	A	67233	25487	34	2	0	34	2.97451e-05	67238	1	FALSE	NA	NA	NA	NA	NA	NA
NC_045512.2	20458	A	G	67401	25477	34	2	0	30	2.96714e-05	67405	1	FALSE	NA	NA	NA	NA	NA	NA
NC_045512.2	20458	A	C	67401	25477	34	2	0	34	2.96714e-05	67405	1	FALSE	NA	NA	NA	NA	NA	NA
NC_045512.2	20459	T	C	67438	25499	34	1	0	34	1.48282e-05	67439	1	FALSE	NA	NA	NA	NA	NA	NA
NC_045512.2	20459	T	-AAC	67438	25499	34	1	0	20	1.48282e-05	67439	1	FALSE	NA	NA	NA	NA	NA	NA
NC_045512.2	20460	A	G	66822	25245	34	8	4	33	0.000119707	66830	1	FALSE	NA	NA	NA	NA	NA	NA
NC_045512.2	20461	A	T	66593	25226	34	3	1	31	4.50437e-05	66602	1	FALSE	NA	NA	NA	NA	NA	NA
NC_045512.2	20461	A	G	66593	25226	34	6	2	31	9.00874e-05	66602	1	FALSE	NA	NA	NA	NA	NA	NA
NC_045512.2	20462	C	T	67039	25229	34	3	1	34	4.47467e-05	67044	1	FALSE	NA	NA	NA	NA	NA	NA
NC_045512.2	20462	C	G	67039	25229	34	1	0	34	1.49156e-05	67044	1	FALSE	NA	NA	NA	NA	NA	NA
NC_045512.2	20462	C	A	67039	25229	34	1	1	34	1.49156e-05	67044	1	FALSE	NA	NA	NA	NA	NA	NA
NC_045512.2	20463	A	T	65038	23341	34	8	8	34	0.000122979	65052	1	FALSE	NA	NA	NA	NA	NA	NA
NC_045512.2	20463	A	G	65038	23341	34	6	6	34	9.22339e-05	65052	1	FALSE	NA	NA	NA	NA	NA	NA
NC_045512.2	20464	G	T	65429	23278	34	3	3	34	4.5847e-05	65435	1	FALSE	NA	NA	NA	NA	NA	NA
NC_045512.2	20464	G	C	65429	23278	34	1	1	26	1.52823e-05	65435	1	FALSE	NA	NA	NA	NA	NA	NA
NC_045512.2	20464	G	A	65429	23278	34	2	0	34	3.05647e-05	65435	1	FALSE	NA	NA	NA	NA	NA	NA
NC_045512.2	20465	A	G	57275	23134	33	4	3	34	6.98336e-05	57279	1	FALSE	NA	NA	NA	NA	NA	NA
NC_045512.2	20466	T	C	65223	22952	34	6	3	34	9.19808e-05	65231	1	FALSE	NA	NA	NA	NA	NA	NA
NC_045512.2	20466	T	A	65223	22952	34	2	1	34	3.06603e-05	65231	1	FALSE	NA	NA	NA	NA	NA	NA
NC_045512.2	20467	G	A	65287	22923	34	2	0	34	3.0633e-05	65289	1	FALSE	NA	NA	NA	NA	NA	NA
NC_045512.2	20468	C	T	64747	22787	34	47	16	34	0.000725286	64802	0.95647	FALSE	NA	NA	NA	NA	NA	NA
NC_045512.2	20468	C	G	64747	22787	34	1	0	34	1.54316e-05	64802	1	FALSE	NA	NA	NA	NA	NA	NA
NC_045512.2	20468	C	A	64747	22787	34	7	1	30	0.000108021	64802	1	FALSE	NA	NA	NA	NA	NA	NA
NC_045512.2	20469	G	C	43308	1184	35	1	0	34	2.30814e-05	43325	1	FALSE	NA	NA	NA	NA	NA	NA
NC_045512.2	20469	G	A	43308	1184	35	16	0	33	0.000369302	43325	0.999899	FALSE	NA	NA	NA	NA	NA	NA
NC_045512.2	20470	C	T	43452	1741	35	1	0	34	2.30113e-05	43457	1	FALSE	NA	NA	NA	NA	NA	NA
NC_045512.2	20470	C	G	43452	1741	35	1	0	34	2.30113e-05	43457	1	FALSE	NA	NA	NA	NA	NA	NA
NC_045512.2	20470	C	A	43452	1741	35	3	0	31	6.90338e-05	43457	1	FALSE	NA	NA	NA	NA	NA	NA
NC_045512.2	20470	C	-A	43452	1741	35	1	0	20	2.30113e-05	43457	1	FALSE	NA	NA	NA	NA	NA	NA
NC_045512.2	20471	A	G	43549	1746	35	1	0	34	2.29616e-05	43551	1	FALSE	NA	NA	NA	NA	NA	NA
NC_045512.2	20471	A	C	43549	1746	35	1	0	34	2.29616e-05	43551	1	FALSE	NA	NA	NA	NA	NA	NA
NC_045512.2	20472	A	G	43667	1790	35	3	0	34	6.8697e-05	43670	1	FALSE	NA	NA	NA	NA	NA	NA
NC_045512.2	20473	A	T	29788	1789	32	1	0	34	3.35649e-05	29793	1	FALSE	NA	NA	NA	NA	NA	NA
NC_045512.2	20473	A	G	29788	1789	32	3	0	35	0.000100695	29793	1	FALSE	NA	NA	NA	NA	NA	NA
NC_045512.2	20473	A	C	29788	1789	32	1	0	26	3.35649e-05	29793	1	FALSE	NA	NA	NA	NA	NA	NA
NC_045512.2	20474	C	T	43768	1803	35	3	0	42	6.85354e-05	43773	0.773438	FALSE	NA	NA	NA	NA	NA	NA
NC_045512.2	20474	C	A	43768	1803	35	2	0	34	4.56903e-05	43773	1	FALSE	NA	NA	NA	NA	NA	NA
NC_045512.2	20475	A	T	43256	1809	35	1	0	34	2.31059e-05	43279	1	FALSE	NA	NA	NA	NA	NA	NA
NC_045512.2	20475	A	G	43256	1809	35	22	0	34	0.00050833	43279	0.99705	FALSE	NA	NA	NA	NA	NA	NA
NC_045512.2	20476	G	A	44751	1785	35	1	0	34	2.23454e-05	44752	1	FALSE	NA	NA	NA	NA	NA	NA
NC_045512.2	20477	G	C	44948	1865	35	1	0	34	2.22474e-05	44949	1	FALSE	NA	NA	NA	NA	NA	NA
NC_045512.2	20477	G	-T	44948	1865	35	2	0	20	4.44949e-05	44949	1	FALSE	NA	NA	NA	NA	NA	NA
NC_045512.2	20478	T	C	44925	1907	35	5	0	30	0.000111282	44931	1	FALSE	NA	NA	NA	NA	NA	NA
NC_045512.2	20478	T	A	44925	1907	35	1	0	34	2.22563e-05	44931	1	FALSE	NA	NA	NA	NA	NA	NA
NC_045512.2	20479	T	G	45192	1989	36	1	0	46	2.21254e-05	45197	0.968748	FALSE	NA	NA	NA	NA	NA	NA
NC_045512.2	20479	T	C	45192	1989	36	3	0	34	6.63761e-05	45197	1	FALSE	NA	NA	NA	NA	NA	NA
NC_045512.2	20479	T	A	45192	1989	36	1	0	34	2.21254e-05	45197	1	FALSE	NA	NA	NA	NA	NA	NA
NC_045512.2	20480	C	T	45452	2065	35	1	0	34	2.20003e-05	45454	1	FALSE	NA	NA	NA	NA	NA	NA
NC_045512.2	20480	C	A	45452	2065	35	1	0	34	2.20003e-05	45454	1	FALSE	NA	NA	NA	NA	NA	NA
NC_045512.2	20481	A	G	51238	2143	35	2	0	34	3.9032e-05	51240	1	FALSE	NA	NA	NA	NA	NA	NA
NC_045512.2	20482	T	G	52821	2149	35	2	0	34	3.78573e-05	52830	1	FALSE	NA	NA	NA	NA	NA	NA
NC_045512.2	20482	T	C	52821	2149	35	7	0	37	0.0001325	52830	1	FALSE	NA	NA	NA	NA	NA	NA
NC_045512.2	20483	C	A	52765	2169	35	3	0	34	5.68526e-05	52768	1	FALSE	NA	NA	NA	NA	NA	NA
NC_045512.2	20483	C	-TAAGTGTGTGTGTTCTGTTATTGATTTA	52765	2169	35	2	0	20	3.79018e-05	52768	1	FALSE	NA	NA	NA	NA	NA	NA
NC_045512.2	20484	T	C	52886	2192	35	1	1	68	1.89079e-05	52888	0.499991	FALSE	NA	NA	NA	NA	NA	NA
NC_045512.2	20484	T	A	52886	2192	35	1	0	34	1.89079e-05	52888	1	FALSE	NA	NA	NA	NA	NA	NA
NC_045512.2	20485	A	T	53160	2240	35	3	0	34	5.6427e-05	53166	1	FALSE	NA	NA	NA	NA	NA	NA
NC_045512.2	20485	A	G	53160	2240	35	3	0	28	5.6427e-05	53166	1	FALSE	NA	NA	NA	NA	NA	NA
NC_045512.2	20486	A	T	51019	2262	35	1	0	34	1.95994e-05	51022	1	FALSE	NA	NA	NA	NA	NA	NA
NC_045512.2	20486	A	G	51019	2262	35	2	0	34	3.91988e-05	51022	1	FALSE	NA	NA	NA	NA	NA	NA
NC_045512.2	20486	A	-GT	51019	2262	35	6	0	20	0.000117592	51024	1	FALSE	NA	NA	NA	NA	NA	NA
NC_045512.2	20486	A	+GT	51019	2262	35	5	0	20	9.79931e-05	51024	1	FALSE	NA	NA	NA	NA	NA	NA
NC_045512.2	20488	T	C	54641	2334	35	7	1	48	0.000128093	54648	0.387114	FALSE	NA	NA	NA	NA	NA	NA
NC_045512.2	20490	T	C	53591	3008	36	4	0	34	7.46324e-05	53596	1	FALSE	NA	NA	NA	NA	NA	NA
NC_045512.2	20490	T	A	53591	3008	36	1	0	34	1.86581e-05	53596	1	FALSE	NA	NA	NA	NA	NA	NA
NC_045512.2	20491	G	C	49872	3240	36	7	7	36	0.000140323	49885	1	FALSE	NA	NA	NA	NA	NA	NA
NC_045512.2	20491	G	A	49872	3240	36	6	1	39	0.000120277	49885	1	FALSE	NA	NA	NA	NA	NA	NA
NC_045512.2	20492	T	G	49808	3357	36	7	0	38	0.000140466	49834	1	FALSE	NA	NA	NA	NA	NA	NA
NC_045512.2	20492	T	C	49808	3357	36	8	0	34	0.000160533	49834	1	FALSE	NA	NA	NA	NA	NA	NA
NC_045512.2	20492	T	A	49808	3357	36	11	0	34	0.000220733	49834	1	FALSE	NA	NA	NA	NA	NA	NA
NC_045512.2	20493	G	T	55151	3397	36	3	0	31	5.43922e-05	55155	1	FALSE	NA	NA	NA	NA	NA	NA
NC_045512.2	20493	G	A	55151	3397	36	1	0	34	1.81307e-05	55155	1	FALSE	NA	NA	NA	NA	NA	NA
NC_045512.2	20493	G	+TGTTC	55151	3397	36	2	0	20	3.62601e-05	55157	1	FALSE	NA	NA	NA	NA	NA	NA
NC_045512.2	20494	T	G	55213	3618	36	1	0	34	1.81084e-05	55223	1	FALSE	NA	NA	NA	NA	NA	NA
NC_045512.2	20494	T	C	55213	3618	36	7	0	31	0.000126759	55223	1	FALSE	NA	NA	NA	NA	NA	NA
NC_045512.2	20494	T	A	55213	3618	36	2	0	34	3.62168e-05	55223	1	FALSE	NA	NA	NA	NA	NA	NA
NC_045512.2	20495	G	A	56263	3630	36	4	1	34	7.10896e-05	56267	1	FALSE	NA	NA	NA	NA	NA	NA
NC_045512.2	20496	T	C	56147	3669	36	2	0	30	3.56189e-05	56150	1	FALSE	NA	NA	NA	NA	NA	NA
NC_045512.2	20496	T	A	56147	3669	36	1	0	52	1.78094e-05	56150	0.499987	FALSE	NA	NA	NA	NA	NA	NA
NC_045512.2	20497	T	G	56162	3820	36	1	0	26	1.78044e-05	56166	1	FALSE	NA	NA	NA	NA	NA	NA
NC_045512.2	20497	T	C	56162	3820	36	3	0	34	5.34131e-05	56166	1	FALSE	NA	NA	NA	NA	NA	NA
NC_045512.2	20497	T	+CTG	56162	3820	36	4	0	20	7.12149e-05	56168	1	FALSE	NA	NA	NA	NA	NA	NA
NC_045512.2	20498	C	A	54682	3938	36	1	0	34	1.82872e-05	54683	1	FALSE	NA	NA	NA	NA	NA	NA
NC_045512.2	20499	T	G	55068	4085	36	2	0	34	3.63135e-05	55076	1	FALSE	NA	NA	NA	NA	NA	NA
NC_045512.2	20499	T	C	55068	4085	36	5	1	34	9.07836e-05	55076	1	FALSE	NA	NA	NA	NA	NA	NA
NC_045512.2	20499	T	A	55068	4085	36	1	0	34	1.81567e-05	55076	1	FALSE	NA	NA	NA	NA	NA	NA
NC_045512.2	20500	G	C	56552	4109	36	1	0	34	1.76822e-05	56554	1	FALSE	NA	NA	NA	NA	NA	NA
NC_045512.2	20500	G	A	56552	4109	36	1	0	34	1.76822e-05	56554	1	FALSE	NA	NA	NA	NA	NA	NA
NC_045512.2	20501	T	G	56570	4144	36	1	0	34	1.76753e-05	56576	1	FALSE	NA	NA	NA	NA	NA	NA
NC_045512.2	20501	T	C	56570	4144	36	5	1	40	8.83767e-05	56576	0.623031	FALSE	NA	NA	NA	NA	NA	NA
NC_045512.2	20502	T	G	56545	4151	36	1	0	34	1.76832e-05	56551	1	FALSE	NA	NA	NA	NA	NA	NA
NC_045512.2	20502	T	C	56545	4151	36	4	0	34	7.07326e-05	56551	1	FALSE	NA	NA	NA	NA	NA	NA
NC_045512.2	20502	T	A	56545	4151	36	1	0	26	1.76832e-05	56551	1	FALSE	NA	NA	NA	NA	NA	NA
NC_045512.2	20503	A	T	55849	4157	36	1	0	26	1.79035e-05	55855	1	FALSE	NA	NA	NA	NA	NA	NA
NC_045512.2	20503	A	G	55849	4157	36	5	0	34	8.95175e-05	55855	1	FALSE	NA	NA	NA	NA	NA	NA
NC_045512.2	20503	A	-T	55849	4157	36	1	0	20	1.79029e-05	55857	1	FALSE	NA	NA	NA	NA	NA	NA
NC_045512.2	20504	T	C	56617	4181	36	4	0	34	7.06452e-05	56621	1	FALSE	NA	NA	NA	NA	NA	NA
NC_045512.2	20505	T	C	53962	4363	36	6	0	39	0.000111177	53968	1	FALSE	NA	NA	NA	NA	NA	NA
NC_045512.2	20505	T	-G	53962	4363	36	1	0	20	1.85288e-05	53970	1	FALSE	NA	NA	NA	NA	NA	NA
NC_045512.2	20506	G	C	54177	4354	36	1	0	26	1.84567e-05	54181	1	FALSE	NA	NA	NA	NA	NA	NA
NC_045512.2	20506	G	A	54177	4354	36	3	1	45	5.537e-05	54181	0.85546	FALSE	NA	NA	NA	NA	NA	NA
NC_045512.2	20507	A	G	54709	4381	36	7	0	31	0.000127929	54718	1	FALSE	NA	NA	NA	NA	NA	NA
NC_045512.2	20507	A	C	54709	4381	36	2	0	30	3.6551e-05	54718	1	FALSE	NA	NA	NA	NA	NA	NA
NC_045512.2	20508	T	C	54691	4371	36	4	0	34	7.31328e-05	54695	1	FALSE	NA	NA	NA	NA	NA	NA
NC_045512.2	20509	T	G	54418	4188	36	2	0	30	3.67478e-05	54425	1	FALSE	NA	NA	NA	NA	NA	NA
NC_045512.2	20509	T	C	54418	4188	36	4	1	40	7.34956e-05	54425	0.746067	FALSE	NA	NA	NA	NA	NA	NA
NC_045512.2	20509	T	A	54418	4188	36	1	0	34	1.83739e-05	54425	1	FALSE	NA	NA	NA	NA	NA	NA
NC_045512.2	20510	T	G	54340	4144	36	1	0	34	1.84013e-05	54344	1	FALSE	NA	NA	NA	NA	NA	NA
NC_045512.2	20510	T	C	54340	4144	36	2	1	30	3.68026e-05	54344	1	FALSE	NA	NA	NA	NA	NA	NA
NC_045512.2	20510	T	A	54340	4144	36	1	0	34	1.84013e-05	54344	1	FALSE	NA	NA	NA	NA	NA	NA
NC_045512.2	20511	A	G	54631	4549	36	1	0	68	1.83043e-05	54632	0.499995	FALSE	NA	NA	NA	NA	NA	NA
NC_045512.2	20511	A	-T	54631	4549	36	1	0	20	1.83036e-05	54634	1	FALSE	NA	NA	NA	NA	NA	NA
NC_045512.2	20512	T	G	54457	4584	36	1	0	34	1.83614e-05	54462	1	FALSE	NA	NA	NA	NA	NA	NA
NC_045512.2	20512	T	C	54457	4584	36	3	0	35	5.50843e-05	54462	1	FALSE	NA	NA	NA	NA	NA	NA
NC_045512.2	20512	T	A	54457	4584	36	1	0	26	1.83614e-05	54462	1	FALSE	NA	NA	NA	NA	NA	NA
NC_045512.2	20513	T	G	54097	4646	36	1	0	26	1.84843e-05	54100	1	FALSE	NA	NA	NA	NA	NA	NA
NC_045512.2	20513	T	C	54097	4646	36	2	0	30	3.69686e-05	54100	1	FALSE	NA	NA	NA	NA	NA	NA
NC_045512.2	20514	A	G	54346	4647	36	6	0	38	0.000110392	54352	1	FALSE	NA	NA	NA	NA	NA	NA
NC_045512.2	20515	C	T	53861	4630	36	3	0	34	5.56958e-05	53864	1	FALSE	NA	NA	NA	NA	NA	NA
NC_045512.2	20515	C	-T	53861	4630	36	1	0	20	1.85653e-05	53864	1	FALSE	NA	NA	NA	NA	NA	NA
NC_045512.2	20516	T	C	53928	4290	36	3	0	31	5.56266e-05	53931	1	FALSE	NA	NA	NA	NA	NA	NA
NC_045512.2	20517	T	G	54063	4545	36	2	0	34	3.6987e-05	54073	1	FALSE	NA	NA	NA	NA	NA	NA
NC_045512.2	20517	T	C	54063	4545	36	4	0	34	7.39741e-05	54073	1	FALSE	NA	NA	NA	NA	NA	NA
NC_045512.2	20517	T	A	54063	4545	36	4	0	32	7.39741e-05	54073	1	FALSE	NA	NA	NA	NA	NA	NA
NC_045512.2	20518	G	T	54186	4556	36	1	1	68	1.84539e-05	54189	0.499995	FALSE	NA	NA	NA	NA	NA	NA
NC_045512.2	20518	G	A	54186	4556	36	2	0	34	3.69079e-05	54189	1	FALSE	NA	NA	NA	NA	NA	NA
NC_045512.2	20520	T	C	53083	4811	36	3	0	34	5.65121e-05	53086	1	FALSE	NA	NA	NA	NA	NA	NA
NC_045512.2	20521	G	A	51484	4898	36	2	0	34	3.88455e-05	51486	1	FALSE	NA	NA	NA	NA	NA	NA
NC_045512.2	20522	A	G	50746	4958	36	8	0	34	0.000157623	50754	1	FALSE	NA	NA	NA	NA	NA	NA
NC_045512.2	20522	A	-T	50746	4958	36	2	0	20	3.94058e-05	50754	1	FALSE	NA	NA	NA	NA	NA	NA
NC_045512.2	20522	A	+T	50746	4958	36	1	0	20	1.97029e-05	50754	1	FALSE	NA	NA	NA	NA	NA	NA
NC_045512.2	20523	T	C	51551	5809	37	4	0	40	7.7587e-05	51555	0.746094	FALSE	NA	NA	NA	NA	NA	NA
NC_045512.2	20524	T	C	51759	6598	37	2	0	26	3.86391e-05	51761	1	FALSE	NA	NA	NA	NA	NA	NA
NC_045512.2	20525	T	C	52267	7147	38	7	0	34	0.00013391	52274	1	FALSE	NA	NA	NA	NA	NA	NA
NC_045512.2	20526	T	C	52188	7115	38	7	0	34	0.000134112	52195	1	FALSE	NA	NA	NA	NA	NA	NA
NC_045512.2	20528	T	C	52048	6614	37	3	0	34	5.76347e-05	52052	1	FALSE	NA	NA	NA	NA	NA	NA
NC_045512.2	20528	T	A	52048	6614	37	1	0	26	1.92116e-05	52052	1	FALSE	NA	NA	NA	NA	NA	NA
NC_045512.2	20529	T	C	45519	8294	37	4	2	42	8.78657e-05	45524	0.636725	FALSE	NA	NA	NA	NA	NA	NA
NC_045512.2	20529	T	A	45519	8294	37	1	0	34	2.19664e-05	45524	1	FALSE	NA	NA	NA	NA	NA	NA
NC_045512.2	20530	G	C	45558	8343	37	1	1	34	2.19476e-05	45563	1	FALSE	NA	NA	NA	NA	NA	NA
NC_045512.2	20530	G	A	45558	8343	37	4	0	42	8.77905e-05	45563	0.636725	FALSE	NA	NA	NA	NA	NA	NA
NC_045512.2	20531	A	T	45666	8394	37	1	1	68	2.18972e-05	45668	0.5	FALSE	NA	NA	NA	NA	NA	NA
NC_045512.2	20531	A	G	45666	8394	37	1	0	34	2.18972e-05	45668	1	FALSE	NA	NA	NA	NA	NA	NA
NC_045512.2	20532	A	G	45501	8428	37	2	0	34	4.39512e-05	45505	1	FALSE	NA	NA	NA	NA	NA	NA
NC_045512.2	20532	A	C	45501	8428	37	2	1	30	4.39512e-05	45505	1	FALSE	NA	NA	NA	NA	NA	NA
NC_045512.2	20533	A	T	45597	8500	37	1	0	34	2.19284e-05	45603	1	FALSE	NA	NA	NA	NA	NA	NA
NC_045512.2	20533	A	G	45597	8500	37	5	1	40	0.000109642	45603	0.5	FALSE	NA	NA	NA	NA	NA	NA
NC_045512.2	20534	T	G	41852	8810	37	1	0	34	2.38897e-05	41859	1	FALSE	NA	NA	NA	NA	NA	NA
NC_045512.2	20534	T	C	41852	8810	37	6	0	34	0.000143338	41859	1	FALSE	NA	NA	NA	NA	NA	NA
NC_045512.2	20534	T	-A	41852	8810	37	1	0	20	2.38897e-05	41859	1	FALSE	NA	NA	NA	NA	NA	NA
NC_045512.2	20535	A	T	40879	9117	36	1	0	34	2.44582e-05	40886	1	FALSE	NA	NA	NA	NA	NA	NA
NC_045512.2	20535	A	G	40879	9117	36	6	2	32	0.000146749	40886	1	FALSE	NA	NA	NA	NA	NA	NA
NC_045512.2	20536	A	G	42032	9158	37	1	0	34	2.37903e-05	42034	1	FALSE	NA	NA	NA	NA	NA	NA
NC_045512.2	20536	A	C	42032	9158	37	1	0	26	2.37903e-05	42034	1	FALSE	NA	NA	NA	NA	NA	NA
NC_045512.2	20537	T	G	41327	9187	37	1	0	34	2.41955e-05	41330	1	FALSE	NA	NA	NA	NA	NA	NA
NC_045512.2	20537	T	C	41327	9187	37	2	0	34	4.8391e-05	41330	1	FALSE	NA	NA	NA	NA	NA	NA
NC_045512.2	20538	A	G	36880	9348	34	9	2	45	0.000243975	36889	0.0729882	FALSE	NA	NA	NA	NA	NA	NA
NC_045512.2	20539	A	T	38476	9761	37	3	2	34	7.79606e-05	38481	1	FALSE	NA	NA	NA	NA	NA	NA
NC_045512.2	20539	A	G	38476	9761	37	2	0	34	5.19737e-05	38481	1	FALSE	NA	NA	NA	NA	NA	NA
NC_045512.2	20540	A	G	36723	9898	36	4	0	34	0.000108912	36727	1	FALSE	NA	NA	NA	NA	NA	NA
NC_045512.2	20541	A	G	39076	10161	37	5	1	34	0.000127939	39081	1	FALSE	NA	NA	NA	NA	NA	NA
NC_045512.2	20542	T	C	39099	10178	37	1	0	34	2.55754e-05	39100	1	FALSE	NA	NA	NA	NA	NA	NA
NC_045512.2	20543	C	G	36969	10391	37	1	1	34	2.70475e-05	36972	1	FALSE	NA	NA	NA	NA	NA	NA
NC_045512.2	20543	C	A	36969	10391	37	2	1	29	5.4095e-05	36972	1	FALSE	NA	NA	NA	NA	NA	NA
NC_045512.2	20545	C	G	36893	10302	37	1	0	34	2.71039e-05	36895	1	FALSE	NA	NA	NA	NA	NA	NA
NC_045512.2	20545	C	A	36893	10302	37	1	0	34	2.71039e-05	36895	1	FALSE	NA	NA	NA	NA	NA	NA
NC_045512.2	20546	A	T	36988	10296	37	1	0	68	2.70329e-05	36992	0.499986	FALSE	NA	NA	NA	NA	NA	NA
NC_045512.2	20546	A	G	36988	10296	37	3	0	34	8.10986e-05	36992	1	FALSE	NA	NA	NA	NA	NA	NA
NC_045512.2	20547	A	G	38351	10334	37	1	0	34	2.60743e-05	38352	1	FALSE	NA	NA	NA	NA	NA	NA
NC_045512.2	20549	A	T	38058	10552	36	1	1	26	2.6275e-05	38059	1	FALSE	NA	NA	NA	NA	NA	NA
NC_045512.2	20549	A	-T	38058	10552	36	1	0	20	2.6275e-05	38059	1	FALSE	NA	NA	NA	NA	NA	NA
NC_045512.2	20550	T	C	38798	10538	37	2	2	34	5.15464e-05	38800	1	FALSE	NA	NA	NA	NA	NA	NA
NC_045512.2	20551	T	C	38704	10458	37	3	0	34	7.75034e-05	38708	1	FALSE	NA	NA	NA	NA	NA	NA
NC_045512.2	20551	T	A	38704	10458	37	1	0	34	2.58345e-05	38708	1	FALSE	NA	NA	NA	NA	NA	NA
NC_045512.2	20552	T	G	38657	10442	37	1	0	34	2.58552e-05	38677	1	FALSE	NA	NA	NA	NA	NA	NA
NC_045512.2	20552	T	C	38657	10442	37	19	0	41	0.000491248	38677	0.000427047	TRUE	NA	NA	NA	NA	NA	NA
NC_045512.2	20554	T	C	38577	10541	37	3	1	45	7.77605e-05	38580	0.656268	FALSE	NA	NA	NA	NA	NA	NA
NC_045512.2	20555	C	T	37536	10634	37	1	0	34	2.66397e-05	37538	1	FALSE	NA	NA	NA	NA	NA	NA
NC_045512.2	20555	C	A	37536	10634	37	1	0	34	2.66397e-05	37538	1	FALSE	NA	NA	NA	NA	NA	NA
NC_045512.2	20556	T	G	37362	10366	37	2	0	34	5.3526e-05	37365	1	FALSE	NA	NA	NA	NA	NA	NA
NC_045512.2	20556	T	C	37362	10366	37	1	1	68	2.6763e-05	37365	0.499993	FALSE	NA	NA	NA	NA	NA	NA
NC_045512.2	20557	G	T	37347	10296	37	1	0	34	2.67738e-05	37350	1	FALSE	NA	NA	NA	NA	NA	NA
NC_045512.2	20557	G	A	37347	10296	37	2	1	34	5.35475e-05	37350	1	FALSE	NA	NA	NA	NA	NA	NA
NC_045512.2	20558	T	A	37571	10576	37	1	0	24	2.66156e-05	37572	1	FALSE	NA	NA	NA	NA	NA	NA
NC_045512.2	20559	A	T	37557	10527	37	1	1	34	2.66248e-05	37559	1	FALSE	NA	NA	NA	NA	NA	NA
NC_045512.2	20559	A	G	37557	10527	37	1	0	34	2.66248e-05	37559	1	FALSE	NA	NA	NA	NA	NA	NA
NC_045512.2	20561	T	G	38860	10991	37	1	0	34	2.57294e-05	38866	1	FALSE	NA	NA	NA	NA	NA	NA
NC_045512.2	20561	T	C	38860	10991	37	3	0	34	7.71883e-05	38866	1	FALSE	NA	NA	NA	NA	NA	NA
NC_045512.2	20561	T	A	38860	10991	37	2	0	34	5.14589e-05	38866	1	FALSE	NA	NA	NA	NA	NA	NA
NC_045512.2	20562	T	C	39626	11086	37	4	1	34	0.000100931	39631	1	FALSE	NA	NA	NA	NA	NA	NA
NC_045512.2	20562	T	A	39626	11086	37	1	0	26	2.52328e-05	39631	1	FALSE	NA	NA	NA	NA	NA	NA
NC_045512.2	20563	T	G	39118	11175	37	1	0	34	2.5563e-05	39119	1	FALSE	NA	NA	NA	NA	NA	NA
NC_045512.2	20564	C	G	38812	11247	37	1	0	34	2.57646e-05	38813	1	FALSE	NA	NA	NA	NA	NA	NA
NC_045512.2	20565	T	C	38897	11254	37	2	1	30	5.14152e-05	38899	1	FALSE	NA	NA	NA	NA	NA	NA
NC_045512.2	20565	T	-A	38897	11254	37	1	0	20	2.57076e-05	38899	1	FALSE	NA	NA	NA	NA	NA	NA
NC_045512.2	20566	A	T	39333	11909	37	1	1	68	2.54175e-05	39343	0.499943	FALSE	NA	NA	NA	NA	NA	NA
NC_045512.2	20566	A	G	39333	11909	37	6	1	32	0.000152505	39343	1	FALSE	NA	NA	NA	NA	NA	NA
NC_045512.2	20566	A	C	39333	11909	37	3	3	34	7.62524e-05	39343	1	FALSE	NA	NA	NA	NA	NA	NA
NC_045512.2	20567	A	T	39087	11987	37	5	4	40	0.000127845	39110	0.363037	FALSE	NA	NA	NA	NA	NA	NA
NC_045512.2	20567	A	G	39087	11987	37	10	1	34	0.000255689	39110	0.999995	FALSE	NA	NA	NA	NA	NA	NA
NC_045512.2	20567	A	C	39087	11987	37	8	2	38	0.000204551	39110	0.999999	FALSE	NA	NA	NA	NA	NA	NA
NC_045512.2	20568	G	T	39174	11981	37	2	2	34	5.10491e-05	39178	1	FALSE	NA	NA	NA	NA	NA	NA
NC_045512.2	20568	G	C	39174	11981	37	1	1	26	2.55245e-05	39178	1	FALSE	NA	NA	NA	NA	NA	NA
NC_045512.2	20568	G	A	39174	11981	37	1	1	34	2.55245e-05	39178	1	FALSE	NA	NA	NA	NA	NA	NA
NC_045512.2	20569	G	C	39477	12309	37	1	1	34	2.53293e-05	39480	1	FALSE	NA	NA	NA	NA	NA	NA
NC_045512.2	20569	G	A	39477	12309	37	2	1	34	5.06586e-05	39480	1	FALSE	NA	NA	NA	NA	NA	NA
NC_045512.2	20570	T	C	39361	12425	37	3	1	45	7.6204e-05	39368	0.65622	FALSE	NA	NA	NA	NA	NA	NA
NC_045512.2	20570	T	A	39361	12425	37	4	0	32	0.000101605	39368	1	FALSE	NA	NA	NA	NA	NA	NA
NC_045512.2	20571	T	G	38580	11886	37	1	0	34	2.59155e-05	38587	1	FALSE	NA	NA	NA	NA	NA	NA
NC_045512.2	20571	T	C	38580	11886	37	5	2	34	0.000129577	38587	1	FALSE	NA	NA	NA	NA	NA	NA
NC_045512.2	20571	T	A	38580	11886	37	1	0	26	2.59155e-05	38587	1	FALSE	NA	NA	NA	NA	NA	NA
NC_045512.2	20572	G	C	39022	12007	37	1	1	34	2.56233e-05	39027	1	FALSE	NA	NA	NA	NA	NA	NA
NC_045512.2	20572	G	A	39022	12007	37	4	0	34	0.000102493	39027	1	FALSE	NA	NA	NA	NA	NA	NA
NC_045512.2	20573	T	C	38957	12083	37	9	1	33	0.000230971	38966	0.999997	FALSE	NA	NA	NA	NA	NA	NA
NC_045512.2	20574	C	-A	38815	12091	37	2	0	20	5.15265e-05	38815	1	FALSE	NA	NA	NA	NA	NA	NA
NC_045512.2	20575	A	G	38750	12198	37	6	2	34	0.000154815	38756	1	FALSE	NA	NA	NA	NA	NA	NA
NC_045512.2	20576	A	T	38254	12207	37	1	0	34	2.61363e-05	38261	1	FALSE	NA	NA	NA	NA	NA	NA
NC_045512.2	20576	A	G	38254	12207	37	6	0	32	0.000156818	38261	1	FALSE	NA	NA	NA	NA	NA	NA
NC_045512.2	20577	A	G	37993	12199	37	6	2	51	0.000157891	38001	0.0156207	FALSE	NA	NA	NA	NA	NA	NA
NC_045512.2	20577	A	C	37993	12199	37	2	2	34	5.26302e-05	38001	1	FALSE	NA	NA	NA	NA	NA	NA
NC_045512.2	20578	G	T	38060	12203	37	1	0	34	2.62736e-05	38061	1	FALSE	NA	NA	NA	NA	NA	NA
NC_045512.2	20579	T	G	38871	13266	37	2	0	34	5.14417e-05	38879	1	FALSE	NA	NA	NA	NA	NA	NA
NC_045512.2	20579	T	C	38871	13266	37	6	2	31	0.000154325	38879	1	FALSE	NA	NA	NA	NA	NA	NA
NC_045512.2	20582	C	G	36105	16281	37	1	0	34	2.76962e-05	36106	1	FALSE	NA	NA	NA	NA	NA	NA
NC_045512.2	20583	T	C	36022	16236	37	3	2	34	8.32755e-05	36025	1	FALSE	NA	NA	NA	NA	NA	NA
NC_045512.2	20584	A	T	36606	16696	37	1	1	24	2.73172e-05	36607	1	FALSE	NA	NA	NA	NA	NA	NA
NC_045512.2	20585	T	C	36074	16184	37	1	1	34	2.772e-05	36075	1	FALSE	NA	NA	NA	NA	NA	NA
NC_045512.2	20586	T	G	36194	16664	37	1	0	26	2.76228e-05	36202	1	FALSE	NA	NA	NA	NA	NA	NA
NC_045512.2	20586	T	C	36194	16664	37	7	2	34	0.000193359	36202	0.999999	FALSE	NA	NA	NA	NA	NA	NA
NC_045512.2	20587	G	C	36251	16671	37	2	2	30	5.51633e-05	36256	1	FALSE	NA	NA	NA	NA	NA	NA
NC_045512.2	20587	G	A	36251	16671	37	3	0	34	8.27449e-05	36256	1	FALSE	NA	NA	NA	NA	NA	NA
NC_045512.2	20588	A	T	35911	17504	37	1	0	34	2.78427e-05	35916	1	FALSE	NA	NA	NA	NA	NA	NA
NC_045512.2	20588	A	G	35911	17504	37	4	2	34	0.000111371	35916	1	FALSE	NA	NA	NA	NA	NA	NA
NC_045512.2	20589	C	T	36098	18523	37	2	2	34	5.53986e-05	36102	1	FALSE	NA	NA	NA	NA	NA	NA
NC_045512.2	20589	C	G	36098	18523	37	1	0	34	2.76993e-05	36102	1	FALSE	NA	NA	NA	NA	NA	NA
NC_045512.2	20589	C	A	36098	18523	37	1	0	26	2.76993e-05	36102	1	FALSE	NA	NA	NA	NA	NA	NA
NC_045512.2	20590	T	C	35505	17952	37	3	3	34	8.4488e-05	35508	1	FALSE	NA	NA	NA	NA	NA	NA
NC_045512.2	20591	A	T	35300	17553	37	1	0	34	2.8327e-05	35302	1	FALSE	NA	NA	NA	NA	NA	NA
NC_045512.2	20591	A	G	35300	17553	37	1	1	34	2.8327e-05	35302	1	FALSE	NA	NA	NA	NA	NA	NA
NC_045512.2	20592	T	G	35430	18084	37	1	0	34	2.82199e-05	35436	1	FALSE	NA	NA	NA	NA	NA	NA
NC_045512.2	20592	T	C	35430	18084	37	4	4	42	0.00011288	35436	0.499985	FALSE	NA	NA	NA	NA	NA	NA
NC_045512.2	20592	T	A	35430	18084	37	1	0	34	2.82199e-05	35436	1	FALSE	NA	NA	NA	NA	NA	NA
NC_045512.2	20594	C	T	31126	18587	36	1	0	60	3.21264e-05	31127	0.500008	FALSE	NA	NA	NA	NA	NA	NA
NC_045512.2	20595	A	G	30791	18244	36	3	1	45	9.74216e-05	30794	0.656273	FALSE	NA	NA	NA	NA	NA	NA
NC_045512.2	20596	G	T	30210	18260	36	1	1	34	3.30994e-05	30212	1	FALSE	NA	NA	NA	NA	NA	NA
NC_045512.2	20596	G	C	30210	18260	36	1	1	34	3.30994e-05	30212	1	FALSE	NA	NA	NA	NA	NA	NA
NC_045512.2	20597	A	G	31734	19907	36	2	2	30	6.30199e-05	31736	1	FALSE	NA	NA	NA	NA	NA	NA
NC_045512.2	20598	A	G	34896	23331	36	1	1	34	2.86558e-05	34897	1	FALSE	NA	NA	NA	NA	NA	NA
NC_045512.2	20599	A	T	37218	26170	36	1	0	34	2.6868e-05	37219	1	FALSE	NA	NA	NA	NA	NA	NA
NC_045512.2	20601	T	C	36089	26233	36	6	4	31	0.000166228	36095	1	FALSE	NA	NA	NA	NA	NA	NA
NC_045512.2	20602	T	C	36094	26227	36	3	3	34	8.31094e-05	36097	1	FALSE	NA	NA	NA	NA	NA	NA
NC_045512.2	20603	C	T	36323	26270	36	2	1	34	5.50585e-05	36325	1	FALSE	NA	NA	NA	NA	NA	NA
NC_045512.2	20604	A	G	36414	26356	36	3	3	45	8.23768e-05	36418	0.656256	FALSE	NA	NA	NA	NA	NA	NA
NC_045512.2	20604	A	C	36414	26356	36	1	1	34	2.74589e-05	36418	1	FALSE	NA	NA	NA	NA	NA	NA
NC_045512.2	20604	A	-T	36414	26356	36	1	0	20	2.74589e-05	36418	1	FALSE	NA	NA	NA	NA	NA	NA
NC_045512.2	20605	T	C	36050	26028	35	3	2	34	8.32108e-05	36053	1	FALSE	NA	NA	NA	NA	NA	NA
NC_045512.2	20606	T	C	36764	26750	36	3	2	34	8.15949e-05	36767	1	FALSE	NA	NA	NA	NA	NA	NA
NC_045512.2	20607	T	C	36359	26612	36	3	3	34	8.25037e-05	36362	1	FALSE	NA	NA	NA	NA	NA	NA
NC_045512.2	20608	A	G	36334	26827	36	2	2	34	5.50418e-05	36336	1	FALSE	NA	NA	NA	NA	NA	NA
NC_045512.2	20609	T	C	36338	26876	36	3	2	30	8.25491e-05	36342	1	FALSE	NA	NA	NA	NA	NA	NA
NC_045512.2	20609	T	A	36338	26876	36	1	1	34	2.75164e-05	36342	1	FALSE	NA	NA	NA	NA	NA	NA
NC_045512.2	20610	G	A	36301	26786	36	4	4	32	0.000110178	36305	1	FALSE	NA	NA	NA	NA	NA	NA
NC_045512.2	20611	C	A	36318	26862	36	1	0	68	2.75338e-05	36319	0.500007	FALSE	NA	NA	NA	NA	NA	NA
NC_045512.2	20612	T	C	35332	25814	35	3	3	34	8.49017e-05	35335	1	FALSE	NA	NA	NA	NA	NA	NA
NC_045512.2	20613	T	C	35263	25731	35	1	1	34	2.83575e-05	35264	1	FALSE	NA	NA	NA	NA	NA	NA
NC_045512.2	20614	T	C	35850	26334	36	9	5	32	0.000250983	35859	0.999987	FALSE	NA	NA	NA	NA	NA	NA
NC_045512.2	20615	G	T	36809	26262	36	3	1	34	8.14952e-05	36812	1	FALSE	NA	NA	NA	NA	NA	NA
NC_045512.2	20616	G	T	38559	27091	36	1	0	34	2.59316e-05	38563	1	FALSE	NA	NA	NA	NA	NA	NA
NC_045512.2	20616	G	C	38559	27091	36	1	1	27	2.59316e-05	38563	1	FALSE	NA	NA	NA	NA	NA	NA
NC_045512.2	20616	G	A	38559	27091	36	2	2	34	5.18632e-05	38563	1	FALSE	NA	NA	NA	NA	NA	NA
NC_045512.2	20618	G	A	38728	27242	36	3	3	45	7.74573e-05	38731	0.656268	FALSE	NA	NA	NA	NA	NA	NA
NC_045512.2	20619	T	C	38748	27279	36	2	2	34	5.16116e-05	38751	1	FALSE	NA	NA	NA	NA	NA	NA
NC_045512.2	20619	T	A	38748	27279	36	1	1	34	2.58058e-05	38751	1	FALSE	NA	NA	NA	NA	NA	NA
NC_045512.2	20620	A	T	38847	27200	36	1	1	34	2.57321e-05	38862	1	FALSE	NA	NA	NA	NA	NA	NA
NC_045512.2	20620	A	G	38847	27200	36	11	4	34	0.000283053	38862	0.999981	FALSE	NA	NA	NA	NA	NA	NA
NC_045512.2	20620	A	C	38847	27200	36	3	3	31	7.71962e-05	38862	1	FALSE	NA	NA	NA	NA	NA	NA
NC_045512.2	20621	A	G	38767	27192	36	4	3	34	0.00010317	38771	1	FALSE	NA	NA	NA	NA	NA	NA
NC_045512.2	20622	A	T	38685	27212	36	1	0	34	2.58445e-05	38693	1	FALSE	NA	NA	NA	NA	NA	NA
NC_045512.2	20622	A	G	38685	27212	36	7	7	32	0.000180911	38693	1	FALSE	NA	NA	NA	NA	NA	NA
NC_045512.2	20623	G	T	38839	27189	36	1	1	34	2.57447e-05	38843	1	FALSE	NA	NA	NA	NA	NA	NA
NC_045512.2	20623	G	A	38839	27189	36	3	1	34	7.7234e-05	38843	1	FALSE	NA	NA	NA	NA	NA	NA
NC_045512.2	20624	A	G	37991	26661	36	1	0	34	2.63213e-05	37992	1	FALSE	NA	NA	NA	NA	NA	NA
NC_045512.2	20625	T	C	36207	24630	36	1	1	34	2.76182e-05	36208	1	FALSE	NA	NA	NA	NA	NA	NA
NC_045512.2	20626	G	A	36189	24597	36	2	1	34	5.52624e-05	36191	1	FALSE	NA	NA	NA	NA	NA	NA
NC_045512.2	20627	G	A	36308	24592	36	2	0	34	5.50812e-05	36310	1	FALSE	NA	NA	NA	NA	NA	NA
NC_045512.2	20628	C	T	36204	25020	36	32	22	39	0.000883051	36238	0.727751	FALSE	NA	NA	NA	NA	NA	NA
NC_045512.2	20628	C	G	36204	25020	36	2	0	34	5.51907e-05	36238	1	FALSE	NA	NA	NA	NA	NA	NA
NC_045512.2	20629	C	A	35862	24655	36	2	1	34	5.57662e-05	35864	1	FALSE	NA	NA	NA	NA	NA	NA
NC_045512.2	20630	A	T	36316	25151	36	1	1	34	2.7533e-05	36320	1	FALSE	NA	NA	NA	NA	NA	NA
NC_045512.2	20630	A	G	36316	25151	36	1	1	26	2.7533e-05	36320	1	FALSE	NA	NA	NA	NA	NA	NA
NC_045512.2	20630	A	C	36316	25151	36	2	2	27	5.50661e-05	36320	1	FALSE	NA	NA	NA	NA	NA	NA
NC_045512.2	20631	T	G	32924	21611	35	2	0	26	6.07386e-05	32928	1	FALSE	NA	NA	NA	NA	NA	NA
NC_045512.2	20631	T	C	32924	21611	35	1	1	34	3.03693e-05	32928	1	FALSE	NA	NA	NA	NA	NA	NA
NC_045512.2	20631	T	A	32924	21611	35	1	0	24	3.03693e-05	32928	1	FALSE	NA	NA	NA	NA	NA	NA
NC_045512.2	20632	G	A	36062	24616	36	4	4	34	0.000110908	36066	1	FALSE	NA	NA	NA	NA	NA	NA
NC_045512.2	20633	T	C	36149	24768	36	4	3	31	0.000110635	36155	1	FALSE	NA	NA	NA	NA	NA	NA
NC_045512.2	20633	T	A	36149	24768	36	2	2	30	5.53174e-05	36155	1	FALSE	NA	NA	NA	NA	NA	NA
NC_045512.2	20634	A	C	36810	25449	36	1	1	34	2.71658e-05	36811	1	FALSE	NA	NA	NA	NA	NA	NA
NC_045512.2	20635	G	T	36727	25339	36	1	1	34	2.72272e-05	36728	1	FALSE	NA	NA	NA	NA	NA	NA
NC_045512.2	20636	A	T	36666	25433	36	2	1	51	5.45405e-05	36670	0.24999	FALSE	NA	NA	NA	NA	NA	NA
NC_045512.2	20636	A	G	36666	25433	36	2	0	30	5.45405e-05	36670	1	FALSE	NA	NA	NA	NA	NA	NA
NC_045512.2	20637	A	G	37291	26218	36	3	3	34	8.04419e-05	37294	1	FALSE	NA	NA	NA	NA	NA	NA
NC_045512.2	20638	A	T	37833	26838	37	1	0	34	2.64299e-05	37836	1	FALSE	NA	NA	NA	NA	NA	NA
NC_045512.2	20638	A	G	37833	26838	37	2	0	57	5.28597e-05	37836	0.249997	FALSE	NA	NA	NA	NA	NA	NA
NC_045512.2	20639	C	T	37892	26799	37	1	1	34	2.63866e-05	37898	1	FALSE	NA	NA	NA	NA	NA	NA
NC_045512.2	20639	C	G	37892	26799	37	2	0	30	5.27732e-05	37898	1	FALSE	NA	NA	NA	NA	NA	NA
NC_045512.2	20639	C	A	37892	26799	37	3	3	34	7.91599e-05	37898	1	FALSE	NA	NA	NA	NA	NA	NA
NC_045512.2	20640	A	T	37660	26562	37	1	0	26	2.65513e-05	37663	1	FALSE	NA	NA	NA	NA	NA	NA
NC_045512.2	20640	A	G	37660	26562	37	2	0	34	5.31025e-05	37663	1	FALSE	NA	NA	NA	NA	NA	NA
NC_045512.2	20640	A	-T	37660	26562	37	4	0	20	0.000106205	37663	1	FALSE	NA	NA	NA	NA	NA	NA
NC_045512.2	20641	T	G	37492	26383	37	1	0	34	2.66709e-05	37494	1	FALSE	NA	NA	NA	NA	NA	NA
NC_045512.2	20641	T	C	37492	26383	37	1	1	26	2.66709e-05	37494	1	FALSE	NA	NA	NA	NA	NA	NA
NC_045512.2	20642	T	G	36542	25708	36	1	0	26	2.73605e-05	36549	1	FALSE	NA	NA	NA	NA	NA	NA
NC_045512.2	20642	T	C	36542	25708	36	6	4	34	0.000164163	36549	1	FALSE	NA	NA	NA	NA	NA	NA
NC_045512.2	20643	T	C	36734	26048	36	6	5	32	0.000163292	36744	1	FALSE	NA	NA	NA	NA	NA	NA
NC_045512.2	20643	T	A	36734	26048	36	4	0	34	0.000108861	36744	1	FALSE	NA	NA	NA	NA	NA	NA
NC_045512.2	20644	T	C	36812	26208	36	11	6	37	0.000298718	36824	0.999951	FALSE	NA	NA	NA	NA	NA	NA
NC_045512.2	20644	T	A	36812	26208	36	1	1	34	2.71562e-05	36824	1	FALSE	NA	NA	NA	NA	NA	NA
NC_045512.2	20645	A	G	37437	26823	36	2	2	29	5.34202e-05	37439	1	FALSE	NA	NA	NA	NA	NA	NA
NC_045512.2	20648	C	+A	36282	27243	36	1	0	20	2.75619e-05	36282	1	FALSE	NA	NA	NA	NA	NA	NA
NC_045512.2	20649	A	T	35953	26908	36	2	2	30	5.56143e-05	35962	1	FALSE	NA	NA	NA	NA	NA	NA
NC_045512.2	20649	A	G	35953	26908	36	5	3	34	0.000139036	35962	1	FALSE	NA	NA	NA	NA	NA	NA
NC_045512.2	20649	A	C	35953	26908	36	2	2	34	5.56143e-05	35962	1	FALSE	NA	NA	NA	NA	NA	NA
NC_045512.2	20650	A	T	37650	28700	36	1	1	34	2.6559e-05	37652	1	FALSE	NA	NA	NA	NA	NA	NA
NC_045512.2	20650	A	G	37650	28700	36	1	1	34	2.6559e-05	37652	1	FALSE	NA	NA	NA	NA	NA	NA
NC_045512.2	20651	A	T	37471	28675	36	1	1	34	2.66837e-05	37476	1	FALSE	NA	NA	NA	NA	NA	NA
NC_045512.2	20651	A	G	37471	28675	36	3	2	31	8.00512e-05	37476	1	FALSE	NA	NA	NA	NA	NA	NA
NC_045512.2	20651	A	C	37471	28675	36	1	1	26	2.66837e-05	37476	1	FALSE	NA	NA	NA	NA	NA	NA
NC_045512.2	20652	A	T	38281	29201	36	1	1	34	2.61213e-05	38283	1	FALSE	NA	NA	NA	NA	NA	NA
NC_045512.2	20652	A	G	38281	29201	36	1	1	34	2.61213e-05	38283	1	FALSE	NA	NA	NA	NA	NA	NA
NC_045512.2	20652	A	-T	38281	29201	36	1	0	20	2.61213e-05	38283	1	FALSE	NA	NA	NA	NA	NA	NA
NC_045512.2	20653	T	C	38257	29372	36	5	4	30	0.000130678	38262	1	FALSE	NA	NA	NA	NA	NA	NA
NC_045512.2	20654	T	C	38339	29524	36	6	3	45	0.000156474	38345	0.253906	FALSE	NA	NA	NA	NA	NA	NA
NC_045512.2	20655	A	T	38346	29514	36	1	1	34	2.60695e-05	38359	1	FALSE	NA	NA	NA	NA	NA	NA
NC_045512.2	20655	A	G	38346	29514	36	12	1	36	0.000312834	38359	0.999955	FALSE	NA	NA	NA	NA	NA	NA
NC_045512.2	20656	C	T	38628	29827	36	4	3	42	0.000103536	38634	0.499986	FALSE	NA	NA	NA	NA	NA	NA
NC_045512.2	20656	C	A	38628	29827	36	2	0	34	5.17679e-05	38634	1	FALSE	NA	NA	NA	NA	NA	NA
NC_045512.2	20657	A	T	38561	29782	36	4	4	30	0.000103694	38575	1	FALSE	NA	NA	NA	NA	NA	NA
NC_045512.2	20657	A	G	38561	29782	36	10	3	34	0.000259235	38575	0.999992	FALSE	NA	NA	NA	NA	NA	NA
NC_045512.2	20658	A	T	36276	27837	36	6	6	32	0.000153965	38970	1	FALSE	NA	NA	NA	NA	NA	NA
NC_045512.2	20658	A	G	36276	27837	36	2687	2099	36	0.0689505	38970	0	TRUE	NA	NA	NA	NA	NA	NA
NC_045512.2	20658	A	C	36276	27837	36	1	1	34	2.56608e-05	38970	1	FALSE	NA	NA	NA	NA	NA	NA
NC_045512.2	20659	T	G	38392	29395	36	1	0	34	2.6043e-05	38398	1	FALSE	NA	NA	NA	NA	NA	NA
NC_045512.2	20659	T	C	38392	29395	36	4	3	34	0.000104172	38398	1	FALSE	NA	NA	NA	NA	NA	NA
NC_045512.2	20659	T	A	38392	29395	36	1	0	26	2.6043e-05	38398	1	FALSE	NA	NA	NA	NA	NA	NA
NC_045512.2	20660	C	T	38740	30548	36	5	5	30	0.000129042	38747	1	FALSE	NA	NA	NA	NA	NA	NA
NC_045512.2	20660	C	G	38740	30548	36	2	0	34	5.16169e-05	38747	1	FALSE	NA	NA	NA	NA	NA	NA
NC_045512.2	20661	T	C	38135	29936	36	2	2	34	5.24398e-05	38139	1	FALSE	NA	NA	NA	NA	NA	NA
NC_045512.2	20661	T	A	38135	29936	36	2	1	30	5.24398e-05	38139	1	FALSE	NA	NA	NA	NA	NA	NA
NC_045512.2	20662	A	T	38296	29812	36	1	1	26	2.6111e-05	38298	1	FALSE	NA	NA	NA	NA	NA	NA
NC_045512.2	20662	A	G	38296	29812	36	1	1	34	2.6111e-05	38298	1	FALSE	NA	NA	NA	NA	NA	NA
NC_045512.2	20663	G	T	37956	29968	36	1	0	27	2.63449e-05	37958	1	FALSE	NA	NA	NA	NA	NA	NA
NC_045512.2	20663	G	C	37956	29968	36	1	0	34	2.63449e-05	37958	1	FALSE	NA	NA	NA	NA	NA	NA
NC_045512.2	20664	T	C	42505	35089	36	4	3	38	9.40933e-05	42511	1	FALSE	NA	NA	NA	NA	NA	NA
NC_045512.2	20664	T	A	42505	35089	36	2	1	34	4.70466e-05	42511	1	FALSE	NA	NA	NA	NA	NA	NA
NC_045512.2	20665	C	T	43502	36136	36	2	2	34	4.59717e-05	43505	1	FALSE	NA	NA	NA	NA	NA	NA
NC_045512.2	20665	C	G	43502	36136	36	1	1	26	2.29859e-05	43505	1	FALSE	NA	NA	NA	NA	NA	NA
NC_045512.2	20666	A	T	43423	36033	36	1	1	34	2.30234e-05	43434	1	FALSE	NA	NA	NA	NA	NA	NA
NC_045512.2	20666	A	G	43423	36033	36	9	7	36	0.000207211	43434	1	FALSE	NA	NA	NA	NA	NA	NA
NC_045512.2	20666	A	C	43423	36033	36	1	1	34	2.30234e-05	43434	1	FALSE	NA	NA	NA	NA	NA	NA
NC_045512.2	20667	A	G	42528	35201	36	6	6	34	0.000141064	42534	1	FALSE	NA	NA	NA	NA	NA	NA
NC_045512.2	20668	G	A	42594	35208	36	2	2	51	4.69528e-05	42596	0.250003	FALSE	NA	NA	NA	NA	NA	NA
NC_045512.2	20669	C	T	48732	42265	37	7	6	48	0.000143622	48739	0.274414	FALSE	NA	NA	NA	NA	NA	NA
NC_045512.2	20670	G	T	48756	42284	37	1	1	34	2.05069e-05	48764	1	FALSE	NA	NA	NA	NA	NA	NA
NC_045512.2	20670	G	C	48756	42284	37	1	1	34	2.05069e-05	48764	1	FALSE	NA	NA	NA	NA	NA	NA
NC_045512.2	20670	G	A	48756	42284	37	6	6	45	0.000123042	48764	0.376934	FALSE	NA	NA	NA	NA	NA	NA
NC_045512.2	20671	T	G	47840	41382	37	2	1	30	4.17955e-05	47852	1	FALSE	NA	NA	NA	NA	NA	NA
NC_045512.2	20671	T	C	47840	41382	37	10	9	33	0.000208978	47852	1	FALSE	NA	NA	NA	NA	NA	NA
NC_045512.2	20672	G	T	47867	41413	37	1	1	34	2.08903e-05	47869	1	FALSE	NA	NA	NA	NA	NA	NA
NC_045512.2	20672	G	A	47867	41413	37	1	1	34	2.08903e-05	47869	1	FALSE	NA	NA	NA	NA	NA	NA
NC_045512.2	20673	G	T	48013	41650	37	1	1	34	2.08242e-05	48021	1	FALSE	NA	NA	NA	NA	NA	NA
NC_045512.2	20673	G	A	48013	41650	37	7	7	34	0.00014577	48021	1	FALSE	NA	NA	NA	NA	NA	NA
NC_045512.2	20674	C	T	53213	47277	37	5	5	34	9.39514e-05	53219	1	FALSE	NA	NA	NA	NA	NA	NA
NC_045512.2	20674	C	G	53213	47277	37	1	1	26	1.87903e-05	53219	1	FALSE	NA	NA	NA	NA	NA	NA
NC_045512.2	20675	A	T	55009	49187	37	1	1	24	1.81762e-05	55017	1	FALSE	NA	NA	NA	NA	NA	NA
NC_045512.2	20675	A	G	55009	49187	37	6	5	39	0.000109057	55017	1	FALSE	NA	NA	NA	NA	NA	NA
NC_045512.2	20675	A	C	55009	49187	37	1	1	26	1.81762e-05	55017	1	FALSE	NA	NA	NA	NA	NA	NA
NC_045512.2	20676	A	T	54778	49024	37	2	2	34	3.65077e-05	54783	1	FALSE	NA	NA	NA	NA	NA	NA
NC_045512.2	20676	A	G	54778	49024	37	3	2	34	5.47615e-05	54783	1	FALSE	NA	NA	NA	NA	NA	NA
NC_045512.2	20677	C	T	54808	49162	37	9	7	45	0.000164183	54817	0.21197	FALSE	NA	NA	NA	NA	NA	NA
NC_045512.2	20678	C	T	54638	49020	37	8	8	34	0.000146389	54649	1	FALSE	NA	NA	NA	NA	NA	NA
NC_045512.2	20678	C	G	54638	49020	37	1	1	34	1.82986e-05	54649	1	FALSE	NA	NA	NA	NA	NA	NA
NC_045512.2	20678	C	A	54638	49020	37	2	2	34	3.65972e-05	54649	1	FALSE	NA	NA	NA	NA	NA	NA
NC_045512.2	20679	G	T	54152	48539	37	3	3	34	5.53863e-05	54165	1	FALSE	NA	NA	NA	NA	NA	NA
NC_045512.2	20679	G	C	54152	48539	37	2	2	34	3.69242e-05	54165	1	FALSE	NA	NA	NA	NA	NA	NA
NC_045512.2	20679	G	A	54152	48539	37	8	8	34	0.000147697	54165	1	FALSE	NA	NA	NA	NA	NA	NA
NC_045512.2	20680	G	C	52567	46993	37	1	1	34	1.90223e-05	52570	1	FALSE	NA	NA	NA	NA	NA	NA
NC_045512.2	20680	G	A	52567	46993	37	2	2	34	3.80445e-05	52570	1	FALSE	NA	NA	NA	NA	NA	NA
NC_045512.2	20681	G	C	54394	49131	37	1	1	34	1.8383e-05	54398	1	FALSE	NA	NA	NA	NA	NA	NA
NC_045512.2	20681	G	A	54394	49131	37	3	3	34	5.51491e-05	54398	1	FALSE	NA	NA	NA	NA	NA	NA
NC_045512.2	20682	T	G	59740	55337	37	2	1	26	3.3475e-05	59746	1	FALSE	NA	NA	NA	NA	NA	NA
NC_045512.2	20682	T	C	59740	55337	37	4	3	29	6.69501e-05	59746	1	FALSE	NA	NA	NA	NA	NA	NA
NC_045512.2	20683	G	T	58923	54795	36	1	1	34	1.6969e-05	58931	1	FALSE	NA	NA	NA	NA	NA	NA
NC_045512.2	20683	G	C	58923	54795	36	2	2	30	3.3938e-05	58931	1	FALSE	NA	NA	NA	NA	NA	NA
NC_045512.2	20683	G	A	58923	54795	36	5	4	40	8.4845e-05	58931	0.623031	FALSE	NA	NA	NA	NA	NA	NA
NC_045512.2	20684	T	G	59061	54935	37	2	2	30	3.38564e-05	59073	1	FALSE	NA	NA	NA	NA	NA	NA
NC_045512.2	20684	T	C	59061	54935	37	9	8	34	0.000152354	59073	1	FALSE	NA	NA	NA	NA	NA	NA
NC_045512.2	20684	T	A	59061	54935	37	1	1	34	1.69282e-05	59073	1	FALSE	NA	NA	NA	NA	NA	NA
NC_045512.2	20685	T	G	59024	54966	37	1	1	26	1.6938e-05	59039	1	FALSE	NA	NA	NA	NA	NA	NA
NC_045512.2	20685	T	C	59024	54966	37	14	14	34	0.000237131	59039	1	FALSE	NA	NA	NA	NA	NA	NA
NC_045512.2	20686	G	T	58868	54814	37	2	2	34	3.39593e-05	58894	1	FALSE	NA	NA	NA	NA	NA	NA
NC_045512.2	20686	G	A	58868	54814	37	24	21	37	0.000407512	58894	0.999957	FALSE	NA	NA	NA	NA	NA	NA
NC_045512.2	20687	C	T	58992	55134	37	4	4	34	6.77989e-05	58998	1	FALSE	NA	NA	NA	NA	NA	NA
NC_045512.2	20687	C	G	58992	55134	37	1	1	34	1.69497e-05	58998	1	FALSE	NA	NA	NA	NA	NA	NA
NC_045512.2	20687	C	A	58992	55134	37	1	1	34	1.69497e-05	58998	1	FALSE	NA	NA	NA	NA	NA	NA
NC_045512.2	20688	T	C	58104	54245	36	9	9	33	0.000154871	58113	1	FALSE	NA	NA	NA	NA	NA	NA
NC_045512.2	20689	A	T	57967	54113	37	2	1	27	3.44952e-05	57979	1	FALSE	NA	NA	NA	NA	NA	NA
NC_045512.2	20689	A	G	57967	54113	37	5	5	34	8.62381e-05	57979	1	FALSE	NA	NA	NA	NA	NA	NA
NC_045512.2	20689	A	C	57967	54113	37	5	5	34	8.62381e-05	57979	1	FALSE	NA	NA	NA	NA	NA	NA
NC_045512.2	20690	T	C	57017	53298	36	14	13	35	0.000245476	57032	1	FALSE	NA	NA	NA	NA	NA	NA
NC_045512.2	20690	T	A	57017	53298	36	1	0	34	1.7534e-05	57032	1	FALSE	NA	NA	NA	NA	NA	NA
NC_045512.2	20691	G	T	56882	53166	36	2	2	34	3.51574e-05	56887	1	FALSE	NA	NA	NA	NA	NA	NA
NC_045512.2	20691	G	C	56882	53166	36	1	1	34	1.75787e-05	56887	1	FALSE	NA	NA	NA	NA	NA	NA
NC_045512.2	20691	G	A	56882	53166	36	2	2	34	3.51574e-05	56887	1	FALSE	NA	NA	NA	NA	NA	NA
NC_045512.2	20692	C	T	56884	53328	36	1	1	34	1.75793e-05	56885	1	FALSE	NA	NA	NA	NA	NA	NA
NC_045512.2	20693	C	T	56423	52889	36	5	5	34	8.85944e-05	56437	1	FALSE	NA	NA	NA	NA	NA	NA
NC_045512.2	20693	C	A	56423	52889	36	9	9	34	0.00015947	56437	1	FALSE	NA	NA	NA	NA	NA	NA
NC_045512.2	20694	T	G	55513	51976	36	1	0	27	1.80037e-05	55544	1	FALSE	NA	NA	NA	NA	NA	NA
NC_045512.2	20694	T	C	55513	51976	36	26	25	36	0.000468097	55544	0.999625	FALSE	NA	NA	NA	NA	NA	NA
NC_045512.2	20694	T	A	55513	51976	36	4	4	34	7.2015e-05	55544	1	FALSE	NA	NA	NA	NA	NA	NA
NC_045512.2	20695	A	T	54438	50902	36	1	1	34	1.83611e-05	54463	1	FALSE	NA	NA	NA	NA	NA	NA
NC_045512.2	20695	A	G	54438	50902	36	16	15	35	0.000293777	54463	0.999999	FALSE	NA	NA	NA	NA	NA	NA
NC_045512.2	20695	A	C	54438	50902	36	8	8	34	0.000146889	54463	1	FALSE	NA	NA	NA	NA	NA	NA
NC_045512.2	20696	A	T	54565	51029	36	1	1	26	1.83261e-05	54567	1	FALSE	NA	NA	NA	NA	NA	NA
NC_045512.2	20696	A	G	54565	51029	36	1	1	34	1.83261e-05	54567	1	FALSE	NA	NA	NA	NA	NA	NA
NC_045512.2	20697	T	C	53989	50530	36	7	7	34	0.000129639	53996	1	FALSE	NA	NA	NA	NA	NA	NA
NC_045512.2	20698	C	T	54452	51028	36	1	1	34	1.83621e-05	54460	1	FALSE	NA	NA	NA	NA	NA	NA
NC_045512.2	20698	C	A	54452	51028	36	7	7	34	0.000128535	54460	1	FALSE	NA	NA	NA	NA	NA	NA
NC_045512.2	20699	T	C	47335	43939	35	16	15	34	0.000337902	47351	0.999981	FALSE	NA	NA	NA	NA	NA	NA
NC_045512.2	20700	T	C	47407	44071	37	5	5	34	0.000105459	47412	1	FALSE	NA	NA	NA	NA	NA	NA
NC_045512.2	20701	T	G	47455	44129	37	1	1	34	2.10677e-05	47466	1	FALSE	NA	NA	NA	NA	NA	NA
NC_045512.2	20701	T	C	47455	44129	37	9	9	31	0.000189609	47466	1	FALSE	NA	NA	NA	NA	NA	NA
NC_045512.2	20701	T	A	47455	44129	37	1	1	34	2.10677e-05	47466	1	FALSE	NA	NA	NA	NA	NA	NA
NC_045512.2	20702	A	G	47420	44097	37	12	11	39	0.000252983	47434	0.999999	FALSE	NA	NA	NA	NA	NA	NA
NC_045512.2	20702	A	C	47420	44097	37	2	2	26	4.21638e-05	47434	1	FALSE	NA	NA	NA	NA	NA	NA
NC_045512.2	20703	C	T	47425	44225	36	3	3	34	6.32524e-05	47429	1	FALSE	NA	NA	NA	NA	NA	NA
NC_045512.2	20703	C	A	47425	44225	36	1	0	68	2.10841e-05	47429	0.499989	FALSE	NA	NA	NA	NA	NA	NA
NC_045512.2	20704	A	T	65455	44091	36	2	2	30	3.05516e-05	65463	1	FALSE	NA	NA	NA	NA	NA	NA
NC_045512.2	20704	A	G	65455	44091	36	6	3	34	9.16548e-05	65463	1	FALSE	NA	NA	NA	NA	NA	NA
NC_045512.2	20705	A	T	65557	44127	36	1	1	26	1.52523e-05	65564	1	FALSE	NA	NA	NA	NA	NA	NA
NC_045512.2	20705	A	G	65557	44127	36	6	3	38	9.15136e-05	65564	1	FALSE	NA	NA	NA	NA	NA	NA
NC_045512.2	20706	A	G	62302	43903	35	4	2	40	6.41993e-05	62306	0.828141	FALSE	NA	NA	NA	NA	NA	NA
NC_045512.2	20707	A	G	66657	43963	36	5	3	34	7.50041e-05	66663	1	FALSE	NA	NA	NA	NA	NA	NA
NC_045512.2	20707	A	C	66657	43963	36	1	1	34	1.50008e-05	66663	1	FALSE	NA	NA	NA	NA	NA	NA
NC_045512.2	20708	T	C	66749	44041	36	6	5	38	8.98809e-05	66755	1	FALSE	NA	NA	NA	NA	NA	NA
NC_045512.2	20709	G	T	66638	43908	35	2	2	34	3.00116e-05	66641	1	FALSE	NA	NA	NA	NA	NA	NA
NC_045512.2	20709	G	A	66638	43908	35	1	1	34	1.50058e-05	66641	1	FALSE	NA	NA	NA	NA	NA	NA
NC_045512.2	20710	C	T	66714	44048	35	17	5	36	0.000254743	66734	1	FALSE	NA	NA	NA	NA	NA	NA
NC_045512.2	20710	C	G	66714	44048	35	3	0	45	4.49546e-05	66734	0.910105	FALSE	NA	NA	NA	NA	NA	NA
NC_045512.2	20711	A	T	66810	44005	35	1	1	34	1.49651e-05	66822	1	FALSE	NA	NA	NA	NA	NA	NA
NC_045512.2	20711	A	G	66810	44005	35	10	6	34	0.000149651	66822	1	FALSE	NA	NA	NA	NA	NA	NA
NC_045512.2	20711	A	C	66810	44005	35	1	1	26	1.49651e-05	66822	1	FALSE	NA	NA	NA	NA	NA	NA
NC_045512.2	20712	A	T	66911	43994	35	4	4	34	5.9763e-05	66931	1	FALSE	NA	NA	NA	NA	NA	NA
NC_045512.2	20712	A	G	66911	43994	35	14	9	34	0.000209171	66931	1	FALSE	NA	NA	NA	NA	NA	NA
NC_045512.2	20712	A	C	66911	43994	35	2	0	34	2.98815e-05	66931	1	FALSE	NA	NA	NA	NA	NA	NA
NC_045512.2	20713	A	T	64541	44078	35	1	1	26	1.54933e-05	64544	1	FALSE	NA	NA	NA	NA	NA	NA
NC_045512.2	20713	A	G	64541	44078	35	2	1	34	3.09866e-05	64544	1	FALSE	NA	NA	NA	NA	NA	NA
NC_045512.2	20714	G	T	70834	44053	35	1	1	34	1.41163e-05	70840	1	FALSE	NA	NA	NA	NA	NA	NA
NC_045512.2	20714	G	A	70834	44053	35	5	3	40	7.05816e-05	70840	0.806163	FALSE	NA	NA	NA	NA	NA	NA
NC_045512.2	20715	A	T	70295	43960	35	1	1	34	1.42248e-05	70300	1	FALSE	NA	NA	NA	NA	NA	NA
NC_045512.2	20715	A	G	70295	43960	35	4	1	34	5.6899e-05	70300	1	FALSE	NA	NA	NA	NA	NA	NA
NC_045512.2	20716	A	G	69897	43891	35	5	4	34	7.15287e-05	69902	1	FALSE	NA	NA	NA	NA	NA	NA
NC_045512.2	20717	T	G	70064	44218	34	1	0	26	1.42714e-05	70070	1	FALSE	NA	NA	NA	NA	NA	NA
NC_045512.2	20717	T	C	70064	44218	34	5	5	34	7.13572e-05	70070	1	FALSE	NA	NA	NA	NA	NA	NA
NC_045512.2	20718	G	T	69885	43960	34	1	0	26	1.43082e-05	69890	1	FALSE	NA	NA	NA	NA	NA	NA
NC_045512.2	20718	G	A	69885	43960	34	4	3	34	5.72328e-05	69890	1	FALSE	NA	NA	NA	NA	NA	NA
NC_045512.2	20719	C	T	70152	44193	34	4	1	42	5.70142e-05	70158	0.886723	FALSE	NA	NA	NA	NA	NA	NA
NC_045512.2	20719	C	A	70152	44193	34	2	0	34	2.85071e-05	70158	1	FALSE	NA	NA	NA	NA	NA	NA
NC_045512.2	20720	T	C	69630	43497	34	8	5	34	0.00011488	69638	1	FALSE	NA	NA	NA	NA	NA	NA
NC_045512.2	20721	A	T	70610	44057	34	1	1	34	1.41617e-05	70613	1	FALSE	NA	NA	NA	NA	NA	NA
NC_045512.2	20721	A	G	70610	44057	34	2	1	34	2.83234e-05	70613	1	FALSE	NA	NA	NA	NA	NA	NA
NC_045512.2	20721	A	-T	70610	44057	34	2	0	20	2.83234e-05	70613	1	FALSE	NA	NA	NA	NA	NA	NA
NC_045512.2	20722	T	C	70753	44022	34	6	6	39	8.47949e-05	70759	1	FALSE	NA	NA	NA	NA	NA	NA
NC_045512.2	20723	T	G	70334	43658	34	1	0	34	1.42171e-05	70338	1	FALSE	NA	NA	NA	NA	NA	NA
NC_045512.2	20723	T	C	70334	43658	34	3	3	34	4.26512e-05	70338	1	FALSE	NA	NA	NA	NA	NA	NA
NC_045512.2	20723	T	-A	70334	43658	34	1	0	20	1.42171e-05	70338	1	FALSE	NA	NA	NA	NA	NA	NA
NC_045512.2	20724	A	G	70113	43335	34	3	2	31	4.27862e-05	70116	1	FALSE	NA	NA	NA	NA	NA	NA
NC_045512.2	20725	G	A	70291	43311	34	1	1	34	1.42264e-05	70292	1	FALSE	NA	NA	NA	NA	NA	NA
NC_045512.2	20725	G	-A	70291	43311	34	3	0	20	4.26791e-05	70292	1	FALSE	NA	NA	NA	NA	NA	NA
NC_045512.2	20726	A	G	70140	43374	34	4	4	32	5.70255e-05	70144	1	FALSE	NA	NA	NA	NA	NA	NA
NC_045512.2	20727	A	T	70347	43311	34	1	1	34	1.42138e-05	70354	1	FALSE	NA	NA	NA	NA	NA	NA
NC_045512.2	20727	A	G	70347	43311	34	3	3	34	4.26415e-05	70354	1	FALSE	NA	NA	NA	NA	NA	NA
NC_045512.2	20727	A	C	70347	43311	34	3	3	31	4.26415e-05	70354	1	FALSE	NA	NA	NA	NA	NA	NA
NC_045512.2	20728	A	T	70520	43199	34	2	2	30	2.83583e-05	70526	1	FALSE	NA	NA	NA	NA	NA	NA
NC_045512.2	20728	A	G	70520	43199	34	4	4	34	5.67167e-05	70526	1	FALSE	NA	NA	NA	NA	NA	NA
NC_045512.2	20729	A	G	71049	42982	34	5	3	34	7.0369e-05	71054	1	FALSE	NA	NA	NA	NA	NA	NA
NC_045512.2	20730	G	A	72153	43031	34	3	3	34	4.15766e-05	72156	1	FALSE	NA	NA	NA	NA	NA	NA
NC_045512.2	20731	T	G	71548	42508	34	2	1	34	2.79517e-05	71552	1	FALSE	NA	NA	NA	NA	NA	NA
NC_045512.2	20731	T	C	71548	42508	34	2	0	29	2.79517e-05	71552	1	FALSE	NA	NA	NA	NA	NA	NA
NC_045512.2	20732	G	T	71540	42489	34	1	0	34	1.3977e-05	71546	1	FALSE	NA	NA	NA	NA	NA	NA
NC_045512.2	20732	G	A	71540	42489	34	5	2	34	6.98851e-05	71546	1	FALSE	NA	NA	NA	NA	NA	NA
NC_045512.2	20733	T	C	71119	42449	34	10	7	34	0.00014059	71129	1	FALSE	NA	NA	NA	NA	NA	NA
NC_045512.2	20734	G	T	71128	42331	34	1	1	34	1.40584e-05	71132	1	FALSE	NA	NA	NA	NA	NA	NA
NC_045512.2	20734	G	C	71128	42331	34	1	1	26	1.40584e-05	71132	1	FALSE	NA	NA	NA	NA	NA	NA
NC_045512.2	20734	G	A	71128	42331	34	2	1	34	2.81167e-05	71132	1	FALSE	NA	NA	NA	NA	NA	NA
NC_045512.2	20735	A	T	70862	42282	34	3	2	34	4.23233e-05	70883	1	FALSE	NA	NA	NA	NA	NA	NA
NC_045512.2	20735	A	G	70862	42282	34	17	10	33	0.000239832	70883	1	FALSE	NA	NA	NA	NA	NA	NA
NC_045512.2	20735	A	C	70862	42282	34	1	1	26	1.41078e-05	70883	1	FALSE	NA	NA	NA	NA	NA	NA
NC_045512.2	20736	C	T	71022	42271	34	5	1	32	7.03958e-05	71027	1	FALSE	NA	NA	NA	NA	NA	NA
NC_045512.2	20737	C	T	71321	42308	34	1	1	34	1.40209e-05	71322	1	FALSE	NA	NA	NA	NA	NA	NA
NC_045512.2	20738	T	G	70323	41257	34	6	3	34	8.52951e-05	70344	1	FALSE	NA	NA	NA	NA	NA	NA
NC_045512.2	20738	T	C	70323	41257	34	10	8	36	0.000142159	70344	1	FALSE	NA	NA	NA	NA	NA	NA
NC_045512.2	20738	T	A	70323	41257	34	5	3	34	7.10793e-05	70344	1	FALSE	NA	NA	NA	NA	NA	NA
NC_045512.2	20739	T	G	69918	40966	35	2	0	34	2.86017e-05	69926	1	FALSE	NA	NA	NA	NA	NA	NA
NC_045512.2	20739	T	C	69918	40966	35	6	4	34	8.5805e-05	69926	1	FALSE	NA	NA	NA	NA	NA	NA
NC_045512.2	20740	C	T	69799	40906	34	2	2	30	2.86525e-05	69802	1	FALSE	NA	NA	NA	NA	NA	NA
NC_045512.2	20740	C	G	69799	40906	34	1	0	34	1.43262e-05	69802	1	FALSE	NA	NA	NA	NA	NA	NA
NC_045512.2	20740	C	-A	69799	40906	34	1	0	20	1.43262e-05	69802	1	FALSE	NA	NA	NA	NA	NA	NA
NC_045512.2	20740	C	+A	69799	40906	34	2	0	20	2.86525e-05	69802	1	FALSE	NA	NA	NA	NA	NA	NA
NC_045512.2	20741	A	T	69622	40855	34	1	0	26	1.43614e-05	69631	1	FALSE	NA	NA	NA	NA	NA	NA
NC_045512.2	20741	A	G	69622	40855	34	5	4	34	7.18071e-05	69631	1	FALSE	NA	NA	NA	NA	NA	NA
NC_045512.2	20741	A	C	69622	40855	34	3	3	34	4.30843e-05	69631	1	FALSE	NA	NA	NA	NA	NA	NA
NC_045512.2	20742	A	G	69550	41059	34	5	3	34	7.18835e-05	69557	1	FALSE	NA	NA	NA	NA	NA	NA
NC_045512.2	20742	A	C	69550	41059	34	2	1	30	2.87534e-05	69557	1	FALSE	NA	NA	NA	NA	NA	NA
NC_045512.2	20743	A	G	69982	41106	34	4	1	30	5.71535e-05	69987	1	FALSE	NA	NA	NA	NA	NA	NA
NC_045512.2	20743	A	C	69982	41106	34	1	1	34	1.42884e-05	69987	1	FALSE	NA	NA	NA	NA	NA	NA
NC_045512.2	20744	A	T	71306	41414	35	1	1	68	1.40229e-05	71312	0.499986	FALSE	NA	NA	NA	NA	NA	NA
NC_045512.2	20744	A	G	71306	41414	35	5	3	34	7.01144e-05	71312	1	FALSE	NA	NA	NA	NA	NA	NA
NC_045512.2	20744	A	-T	71306	41414	35	1	0	20	1.40229e-05	71312	1	FALSE	NA	NA	NA	NA	NA	NA
NC_045512.2	20746	T	C	70505	40512	35	11	5	37	0.000155993	70516	1	FALSE	NA	NA	NA	NA	NA	NA
NC_045512.2	20747	A	T	70376	40651	35	2	2	30	2.84164e-05	70382	1	FALSE	NA	NA	NA	NA	NA	NA
NC_045512.2	20747	A	G	70376	40651	35	3	1	34	4.26245e-05	70382	1	FALSE	NA	NA	NA	NA	NA	NA
NC_045512.2	20747	A	C	70376	40651	35	1	1	34	1.42082e-05	70382	1	FALSE	NA	NA	NA	NA	NA	NA
NC_045512.2	20748	T	C	70741	40491	35	4	2	34	5.65411e-05	70745	1	FALSE	NA	NA	NA	NA	NA	NA
NC_045512.2	20749	G	T	70732	40510	35	9	6	45	0.00012721	70749	0.401726	FALSE	NA	NA	NA	NA	NA	NA
NC_045512.2	20749	G	C	70732	40510	35	3	3	28	4.24034e-05	70749	1	FALSE	NA	NA	NA	NA	NA	NA
NC_045512.2	20749	G	A	70732	40510	35	5	4	34	7.06724e-05	70749	1	FALSE	NA	NA	NA	NA	NA	NA
NC_045512.2	20750	G	T	70868	40626	35	1	0	34	1.41101e-05	70871	1	FALSE	NA	NA	NA	NA	NA	NA
NC_045512.2	20750	G	A	70868	40626	35	2	0	51	2.82203e-05	70871	0.249998	FALSE	NA	NA	NA	NA	NA	NA
NC_045512.2	20751	T	C	68797	38527	35	4	2	42	5.81378e-05	68802	0.828134	FALSE	NA	NA	NA	NA	NA	NA
NC_045512.2	20751	T	A	68797	38527	35	1	0	26	1.45345e-05	68802	1	FALSE	NA	NA	NA	NA	NA	NA
NC_045512.2	20752	G	T	69158	38856	35	2	0	34	2.89143e-05	69170	1	FALSE	NA	NA	NA	NA	NA	NA
NC_045512.2	20752	G	C	69158	38856	35	1	1	34	1.44571e-05	69170	1	FALSE	NA	NA	NA	NA	NA	NA
NC_045512.2	20752	G	A	69158	38856	35	9	2	34	0.000130114	69170	1	FALSE	NA	NA	NA	NA	NA	NA
NC_045512.2	20753	A	G	68613	38566	35	5	5	34	7.28672e-05	68618	1	FALSE	NA	NA	NA	NA	NA	NA
NC_045512.2	20754	T	C	68142	37781	35	8	4	33	0.000117388	68150	1	FALSE	NA	NA	NA	NA	NA	NA
NC_045512.2	20755	A	T	68415	38350	35	1	1	34	1.46165e-05	68416	1	FALSE	NA	NA	NA	NA	NA	NA
NC_045512.2	20756	G	T	70690	38341	35	1	0	34	1.41457e-05	70693	1	FALSE	NA	NA	NA	NA	NA	NA
NC_045512.2	20756	G	C	70690	38341	35	1	1	34	1.41457e-05	70693	1	FALSE	NA	NA	NA	NA	NA	NA
NC_045512.2	20756	G	A	70690	38341	35	1	1	34	1.41457e-05	70693	1	FALSE	NA	NA	NA	NA	NA	NA
NC_045512.2	20757	T	C	70086	37952	35	6	4	31	8.56018e-05	70092	1	FALSE	NA	NA	NA	NA	NA	NA
NC_045512.2	20758	G	C	70161	37951	35	3	2	34	4.27478e-05	70179	1	FALSE	NA	NA	NA	NA	NA	NA
NC_045512.2	20758	G	A	70161	37951	35	15	12	40	0.000213739	70179	0.0668764	FALSE	NA	NA	NA	NA	NA	NA
NC_045512.2	20759	C	T	69834	37961	35	1	0	68	1.43191e-05	69837	0.499996	FALSE	NA	NA	NA	NA	NA	NA
NC_045512.2	20759	C	A	69834	37961	35	2	2	34	2.86381e-05	69837	1	FALSE	NA	NA	NA	NA	NA	NA
NC_045512.2	20760	A	G	69375	37390	35	14	10	34	0.000201758	69390	1	FALSE	NA	NA	NA	NA	NA	NA
NC_045512.2	20760	A	C	69375	37390	35	1	1	34	1.44113e-05	69390	1	FALSE	NA	NA	NA	NA	NA	NA
NC_045512.2	20761	A	G	71463	37400	36	4	2	42	5.59699e-05	71467	0.886732	FALSE	NA	NA	NA	NA	NA	NA
NC_045512.2	20762	C	T	71179	37427	35	4	2	34	5.619e-05	71187	1	FALSE	NA	NA	NA	NA	NA	NA
NC_045512.2	20762	C	G	71179	37427	35	1	0	34	1.40475e-05	71187	1	FALSE	NA	NA	NA	NA	NA	NA
NC_045512.2	20762	C	A	71179	37427	35	3	2	34	4.21425e-05	71187	1	FALSE	NA	NA	NA	NA	NA	NA
NC_045512.2	20763	A	G	36567	3332	38	6	0	32	0.000164055	36573	1	FALSE	NA	NA	NA	NA	NA	NA
NC_045512.2	20764	T	G	36838	3337	38	1	0	26	2.71437e-05	36841	1	FALSE	NA	NA	NA	NA	NA	NA
NC_045512.2	20764	T	C	36838	3337	38	2	1	30	5.42873e-05	36841	1	FALSE	NA	NA	NA	NA	NA	NA
NC_045512.2	20765	T	G	36555	3532	38	1	0	34	2.73545e-05	36557	1	FALSE	NA	NA	NA	NA	NA	NA
NC_045512.2	20765	T	C	36555	3532	38	1	0	34	2.73545e-05	36557	1	FALSE	NA	NA	NA	NA	NA	NA
NC_045512.2	20766	A	G	37833	3570	38	5	1	32	0.000132142	37838	1	FALSE	NA	NA	NA	NA	NA	NA
NC_045512.2	20767	C	T	38719	3583	38	2	0	34	5.16516e-05	38721	1	FALSE	NA	NA	NA	NA	NA	NA
NC_045512.2	20768	C	T	38577	3638	38	1	0	34	2.59202e-05	38580	1	FALSE	NA	NA	NA	NA	NA	NA
NC_045512.2	20768	C	G	38577	3638	38	1	0	34	2.59202e-05	38580	1	FALSE	NA	NA	NA	NA	NA	NA
NC_045512.2	20768	C	A	38577	3638	38	1	0	26	2.59202e-05	38580	1	FALSE	NA	NA	NA	NA	NA	NA
NC_045512.2	20769	T	G	38747	3643	38	1	0	34	2.58051e-05	38752	1	FALSE	NA	NA	NA	NA	NA	NA
NC_045512.2	20769	T	C	38747	3643	38	4	0	42	0.00010322	38752	0.5	FALSE	NA	NA	NA	NA	NA	NA
NC_045512.2	20769	T	-A	38747	3643	38	1	0	20	2.58051e-05	38752	1	FALSE	NA	NA	NA	NA	NA	NA
NC_045512.2	20770	A	G	38754	3662	38	7	1	38	0.000180594	38761	1	FALSE	NA	NA	NA	NA	NA	NA
NC_045512.2	20771	A	G	38754	3679	38	5	1	34	0.000129002	38759	1	FALSE	NA	NA	NA	NA	NA	NA
NC_045512.2	20772	A	T	37995	3688	37	1	0	34	2.63172e-05	37998	1	FALSE	NA	NA	NA	NA	NA	NA
NC_045512.2	20772	A	G	37995	3688	37	2	0	34	5.26343e-05	37998	1	FALSE	NA	NA	NA	NA	NA	NA
NC_045512.2	20774	G	T	40210	3807	38	1	0	34	2.4867e-05	40214	1	FALSE	NA	NA	NA	NA	NA	NA
NC_045512.2	20774	G	A	40210	3807	38	3	0	34	7.46009e-05	40214	1	FALSE	NA	NA	NA	NA	NA	NA
NC_045512.2	20775	C	T	40234	3808	38	1	0	68	2.4854e-05	40235	0.500006	FALSE	NA	NA	NA	NA	NA	NA
NC_045512.2	20776	A	T	40499	3807	38	1	1	34	2.46895e-05	40503	1	FALSE	NA	NA	NA	NA	NA	NA
NC_045512.2	20776	A	G	40499	3807	38	3	0	31	7.40686e-05	40503	1	FALSE	NA	NA	NA	NA	NA	NA
NC_045512.2	20777	T	C	40424	3818	38	1	0	34	2.47366e-05	40426	1	FALSE	NA	NA	NA	NA	NA	NA
NC_045512.2	20777	T	A	40424	3818	38	1	0	34	2.47366e-05	40426	1	FALSE	NA	NA	NA	NA	NA	NA
NC_045512.2	20777	T	-A	40424	3818	38	2	0	20	4.94731e-05	40426	1	FALSE	NA	NA	NA	NA	NA	NA
NC_045512.2	20778	A	T	40447	3828	38	1	1	24	2.47176e-05	40457	1	FALSE	NA	NA	NA	NA	NA	NA
NC_045512.2	20778	A	G	40447	3828	38	9	2	34	0.000222458	40457	0.999999	FALSE	NA	NA	NA	NA	NA	NA
NC_045512.2	20779	A	G	41151	3871	38	4	0	34	9.71935e-05	41155	1	FALSE	NA	NA	NA	NA	NA	NA
NC_045512.2	20780	T	C	41340	3872	38	8	0	34	0.000193475	41349	1	FALSE	NA	NA	NA	NA	NA	NA
NC_045512.2	20780	T	A	41340	3872	38	1	1	68	2.41844e-05	41349	0.499958	FALSE	NA	NA	NA	NA	NA	NA
NC_045512.2	20781	G	A	41628	3877	38	2	0	30	4.80423e-05	41630	1	FALSE	NA	NA	NA	NA	NA	NA
NC_045512.2	20782	A	T	41674	3887	38	3	0	34	7.19683e-05	41685	1	FALSE	NA	NA	NA	NA	NA	NA
NC_045512.2	20782	A	G	41674	3887	38	8	0	33	0.000191916	41685	1	FALSE	NA	NA	NA	NA	NA	NA
NC_045512.2	20782	A	-TGAATG	41674	3887	38	1	0	20	2.39894e-05	41685	1	FALSE	NA	NA	NA	NA	NA	NA
NC_045512.2	20782	A	-TG	41674	3887	38	2	0	20	4.79789e-05	41685	1	FALSE	NA	NA	NA	NA	NA	NA
NC_045512.2	20782	A	-T	41674	3887	38	3	0	20	7.19683e-05	41685	1	FALSE	NA	NA	NA	NA	NA	NA
NC_045512.2	20783	T	C	41758	3983	38	9	0	32	0.000215476	41768	0.999999	FALSE	NA	NA	NA	NA	NA	NA
NC_045512.2	20783	T	A	41758	3983	38	1	0	34	2.39418e-05	41768	1	FALSE	NA	NA	NA	NA	NA	NA
NC_045512.2	20784	G	T	41688	3989	38	2	0	51	4.79697e-05	41693	0.249967	FALSE	NA	NA	NA	NA	NA	NA
NC_045512.2	20784	G	A	41688	3989	38	3	0	31	7.19545e-05	41693	1	FALSE	NA	NA	NA	NA	NA	NA
NC_045512.2	20785	A	T	41384	4040	38	2	0	25	4.83162e-05	41394	1	FALSE	NA	NA	NA	NA	NA	NA
NC_045512.2	20785	A	G	41384	4040	38	8	0	41	0.000193265	41394	0.193807	FALSE	NA	NA	NA	NA	NA	NA
NC_045512.2	20786	A	G	39489	4295	38	11	1	37	0.000278481	39500	0.999988	FALSE	NA	NA	NA	NA	NA	NA
NC_045512.2	20787	T	C	36759	4629	38	1	0	34	2.72035e-05	36760	1	FALSE	NA	NA	NA	NA	NA	NA
NC_045512.2	20788	G	A	36844	4631	38	2	0	51	5.428e-05	36846	0.249997	FALSE	NA	NA	NA	NA	NA	NA
NC_045512.2	20789	T	C	37020	4972	38	1	0	34	2.70117e-05	37021	1	FALSE	NA	NA	NA	NA	NA	NA
NC_045512.2	20790	C	T	34681	5293	38	2	1	51	5.76618e-05	34685	0.249989	FALSE	NA	NA	NA	NA	NA	NA
NC_045512.2	20790	C	A	34681	5293	38	2	0	51	5.76618e-05	34685	0.249989	FALSE	NA	NA	NA	NA	NA	NA
NC_045512.2	20791	G	A	34869	5275	38	26	5	35	0.000745092	34895	0.877594	FALSE	NA	NA	NA	NA	NA	NA
NC_045512.2	20793	A	T	29565	5964	37	1	0	34	3.38135e-05	29574	1	FALSE	NA	NA	NA	NA	NA	NA
NC_045512.2	20793	A	G	29565	5964	37	8	1	32	0.000270508	29574	0.999905	FALSE	NA	NA	NA	NA	NA	NA
NC_045512.2	20794	A	T	29849	6045	37	2	1	34	6.69949e-05	29853	1	FALSE	NA	NA	NA	NA	NA	NA
NC_045512.2	20794	A	G	29849	6045	37	2	1	51	6.69949e-05	29853	0.249987	FALSE	NA	NA	NA	NA	NA	NA
NC_045512.2	20795	A	G	26949	6056	35	3	0	42	0.000111309	26952	0.500017	FALSE	NA	NA	NA	NA	NA	NA
NC_045512.2	20796	A	G	30128	6278	37	1	0	34	3.31906e-05	30129	1	FALSE	NA	NA	NA	NA	NA	NA
NC_045512.2	20798	A	T	29975	6440	36	1	0	34	3.33567e-05	29979	1	FALSE	NA	NA	NA	NA	NA	NA
NC_045512.2	20798	A	G	29975	6440	36	3	1	45	0.00010007	29979	0.5	FALSE	NA	NA	NA	NA	NA	NA
NC_045512.2	20799	T	C	30932	6418	37	1	1	34	3.23279e-05	30933	1	FALSE	NA	NA	NA	NA	NA	NA
NC_045512.2	20801	C	T	31255	6674	37	1	1	34	3.19928e-05	31257	1	FALSE	NA	NA	NA	NA	NA	NA
NC_045512.2	20801	C	A	31255	6674	37	1	0	34	3.19928e-05	31257	1	FALSE	NA	NA	NA	NA	NA	NA
NC_045512.2	20802	T	G	31213	6600	37	1	0	34	3.20349e-05	31216	1	FALSE	NA	NA	NA	NA	NA	NA
NC_045512.2	20802	T	C	31213	6600	37	1	0	34	3.20349e-05	31216	1	FALSE	NA	NA	NA	NA	NA	NA
NC_045512.2	20802	T	A	31213	6600	37	1	0	34	3.20349e-05	31216	1	FALSE	NA	NA	NA	NA	NA	NA
NC_045512.2	20803	C	T	31549	6754	37	1	0	68	3.16927e-05	31553	0.499984	FALSE	NA	NA	NA	NA	NA	NA
NC_045512.2	20803	C	A	31549	6754	37	3	0	34	9.50781e-05	31553	1	FALSE	NA	NA	NA	NA	NA	NA
NC_045512.2	20804	A	G	31542	6795	37	6	2	38	0.000190186	31548	0.999996	FALSE	NA	NA	NA	NA	NA	NA
NC_045512.2	20805	A	G	30794	6749	36	4	2	42	0.000129879	30798	0.500018	FALSE	NA	NA	NA	NA	NA	NA
NC_045512.2	20806	C	T	30798	7631	37	3	2	56	9.73994e-05	30801	0.125	FALSE	NA	NA	NA	NA	NA	NA
NC_045512.2	20807	T	C	30506	7301	37	2	2	30	6.55544e-05	30509	1	FALSE	NA	NA	NA	NA	NA	NA
NC_045512.2	20807	T	A	30506	7301	37	1	0	34	3.27772e-05	30509	1	FALSE	NA	NA	NA	NA	NA	NA
NC_045512.2	20808	G	T	30880	7311	37	1	1	34	3.23803e-05	30883	1	FALSE	NA	NA	NA	NA	NA	NA
NC_045512.2	20808	G	A	30880	7311	37	2	1	51	6.47605e-05	30883	0.249996	FALSE	NA	NA	NA	NA	NA	NA
NC_045512.2	20809	T	C	31015	7532	38	3	0	34	9.6718e-05	31018	1	FALSE	NA	NA	NA	NA	NA	NA
NC_045512.2	20810	G	T	31152	7527	38	1	0	34	3.20976e-05	31155	1	FALSE	NA	NA	NA	NA	NA	NA
NC_045512.2	20810	G	A	31152	7527	38	2	1	51	6.41952e-05	31155	0.249996	FALSE	NA	NA	NA	NA	NA	NA
NC_045512.2	20811	T	C	31126	7604	38	53	10	37	0.00169981	31180	0.0106481	FALSE	NA	NA	NA	NA	NA	NA
NC_045512.2	20811	T	A	31126	7604	38	1	0	34	3.20718e-05	31180	1	FALSE	NA	NA	NA	NA	NA	NA
NC_045512.2	20813	A	G	30754	7568	37	4	2	48	0.000130047	30758	0.500018	FALSE	NA	NA	NA	NA	NA	NA
NC_045512.2	20814	A	T	30497	7599	37	1	0	34	3.27858e-05	30501	1	FALSE	NA	NA	NA	NA	NA	NA
NC_045512.2	20814	A	G	30497	7599	37	1	0	34	3.27858e-05	30501	1	FALSE	NA	NA	NA	NA	NA	NA
NC_045512.2	20814	A	C	30497	7599	37	2	2	27	6.55716e-05	30501	1	FALSE	NA	NA	NA	NA	NA	NA
NC_045512.2	20815	T	C	28457	7984	37	2	0	34	7.02741e-05	28460	1	FALSE	NA	NA	NA	NA	NA	NA
NC_045512.2	20815	T	A	28457	7984	37	1	0	34	3.5137e-05	28460	1	FALSE	NA	NA	NA	NA	NA	NA
NC_045512.2	20816	A	T	27911	8142	36	1	0	26	3.58243e-05	27914	1	FALSE	NA	NA	NA	NA	NA	NA
NC_045512.2	20816	A	G	27911	8142	36	2	0	34	7.16486e-05	27914	1	FALSE	NA	NA	NA	NA	NA	NA
NC_045512.2	20816	A	+T	27911	8142	36	1	0	20	3.58243e-05	27914	1	FALSE	NA	NA	NA	NA	NA	NA
NC_045512.2	20817	T	C	29222	8846	37	1	1	27	3.42196e-05	29223	1	FALSE	NA	NA	NA	NA	NA	NA
NC_045512.2	20818	T	C	29177	8874	37	1	0	34	3.42724e-05	29178	1	FALSE	NA	NA	NA	NA	NA	NA
NC_045512.2	20819	T	G	29025	8884	37	2	1	30	6.8899e-05	29028	1	FALSE	NA	NA	NA	NA	NA	NA
NC_045512.2	20819	T	C	29025	8884	37	1	1	34	3.44495e-05	29028	1	FALSE	NA	NA	NA	NA	NA	NA
NC_045512.2	20820	A	T	28960	8896	37	2	1	34	6.90512e-05	28964	1	FALSE	NA	NA	NA	NA	NA	NA
NC_045512.2	20820	A	G	28960	8896	37	2	0	34	6.90512e-05	28964	1	FALSE	NA	NA	NA	NA	NA	NA
NC_045512.2	20821	A	T	28811	8938	37	1	0	34	3.47066e-05	28813	1	FALSE	NA	NA	NA	NA	NA	NA
NC_045512.2	20821	A	G	28811	8938	37	1	0	34	3.47066e-05	28813	1	FALSE	NA	NA	NA	NA	NA	NA
NC_045512.2	20822	A	G	25335	9130	35	1	1	34	3.9468e-05	25337	1	FALSE	NA	NA	NA	NA	NA	NA
NC_045512.2	20822	A	C	25335	9130	35	1	0	26	3.9468e-05	25337	1	FALSE	NA	NA	NA	NA	NA	NA
NC_045512.2	20824	A	T	28629	9006	37	2	1	34	6.98397e-05	28637	1	FALSE	NA	NA	NA	NA	NA	NA
NC_045512.2	20824	A	G	28629	9006	37	5	2	34	0.000174599	28637	0.999995	FALSE	NA	NA	NA	NA	NA	NA
NC_045512.2	20824	A	C	28629	9006	37	1	1	26	3.49199e-05	28637	1	FALSE	NA	NA	NA	NA	NA	NA
NC_045512.2	20825	C	G	29950	9191	37	1	0	26	3.33868e-05	29952	1	FALSE	NA	NA	NA	NA	NA	NA
NC_045512.2	20825	C	A	29950	9191	37	1	0	26	3.33868e-05	29952	1	FALSE	NA	NA	NA	NA	NA	NA
NC_045512.2	20826	A	G	29871	9103	37	2	1	34	6.69501e-05	29873	1	FALSE	NA	NA	NA	NA	NA	NA
NC_045512.2	20827	T	C	30341	9615	37	2	1	34	6.59131e-05	30343	1	FALSE	NA	NA	NA	NA	NA	NA
NC_045512.2	20828	T	C	30290	9654	37	1	1	34	3.3012e-05	30292	1	FALSE	NA	NA	NA	NA	NA	NA
NC_045512.2	20828	T	A	30290	9654	37	1	1	27	3.3012e-05	30292	1	FALSE	NA	NA	NA	NA	NA	NA
NC_045512.2	20829	A	G	30501	9664	37	3	0	34	9.83478e-05	30504	1	FALSE	NA	NA	NA	NA	NA	NA
NC_045512.2	20830	A	G	28870	9849	36	4	1	42	0.000138528	28875	0.343742	FALSE	NA	NA	NA	NA	NA	NA
NC_045512.2	20830	A	C	28870	9849	36	1	0	26	3.4632e-05	28875	1	FALSE	NA	NA	NA	NA	NA	NA
NC_045512.2	20832	A	C	29835	9965	37	1	1	27	3.35166e-05	29836	1	FALSE	NA	NA	NA	NA	NA	NA
NC_045512.2	20833	T	C	30149	10321	37	2	2	51	6.63328e-05	30151	0.250004	FALSE	NA	NA	NA	NA	NA	NA
NC_045512.2	20834	T	G	30168	10125	37	1	0	34	3.314e-05	30175	1	FALSE	NA	NA	NA	NA	NA	NA
NC_045512.2	20834	T	C	30168	10125	37	6	3	34	0.00019884	30175	0.999994	FALSE	NA	NA	NA	NA	NA	NA
NC_045512.2	20835	A	T	30812	10111	37	2	2	30	6.48719e-05	30830	1	FALSE	NA	NA	NA	NA	NA	NA
NC_045512.2	20835	A	G	30812	10111	37	16	6	34	0.000518975	30830	0.987076	FALSE	NA	NA	NA	NA	NA	NA
NC_045512.2	20836	G	T	31732	10108	37	3	3	28	9.45329e-05	31735	1	FALSE	NA	NA	NA	NA	NA	NA
NC_045512.2	20837	C	T	31246	10237	37	4	4	34	0.000127988	31253	1	FALSE	NA	NA	NA	NA	NA	NA
NC_045512.2	20837	C	G	31246	10237	37	2	1	30	6.39939e-05	31253	1	FALSE	NA	NA	NA	NA	NA	NA
NC_045512.2	20837	C	A	31246	10237	37	1	1	34	3.19969e-05	31253	1	FALSE	NA	NA	NA	NA	NA	NA
NC_045512.2	20837	C	-TG	31246	10237	37	2469	0	20	0.0790004	31253	0	TRUE	NA	NA	NA	NA	NA	NA
NC_045512.2	20838	T	G	28905	9305	37	1	0	34	3.45925e-05	28908	1	FALSE	NA	NA	NA	NA	NA	NA
NC_045512.2	20838	T	C	28905	9305	37	2	2	34	6.9185e-05	28908	1	FALSE	NA	NA	NA	NA	NA	NA
NC_045512.2	20839	G	C	29028	9236	37	88	86	33	0.00302136	29126	6.79253e-09	TRUE	NA	NA	NA	NA	NA	NA
NC_045512.2	20839	G	A	29028	9236	37	10	1	33	0.000343336	29126	0.999435	FALSE	NA	NA	NA	NA	NA	NA
NC_045512.2	20839	G	-TA	29028	9236	37	1	0	20	3.16396e-05	31606	1	FALSE	NA	NA	NA	NA	NA	NA
NC_045512.2	20840	T	G	32292	10392	37	1	0	34	3.09636e-05	32296	1	FALSE	NA	NA	NA	NA	NA	NA
NC_045512.2	20840	T	C	32292	10392	37	2	0	34	6.19272e-05	32296	1	FALSE	NA	NA	NA	NA	NA	NA
NC_045512.2	20840	T	A	32292	10392	37	1	0	34	3.09636e-05	32296	1	FALSE	NA	NA	NA	NA	NA	NA
NC_045512.2	20841	A	-C	32756	10436	37	1	0	20	3.05278e-05	32757	1	FALSE	NA	NA	NA	NA	NA	NA
NC_045512.2	20842	C	A	32381	10631	37	1	0	34	3.08814e-05	32382	1	FALSE	NA	NA	NA	NA	NA	NA
NC_045512.2	20843	C	T	32264	10475	37	1	0	34	3.09914e-05	32267	1	FALSE	NA	NA	NA	NA	NA	NA
NC_045512.2	20843	C	A	32264	10475	37	2	1	51	6.19828e-05	32267	0.249996	FALSE	NA	NA	NA	NA	NA	NA
NC_045512.2	20844	C	T	32641	10464	37	4	0	34	0.0001225	32653	1	FALSE	NA	NA	NA	NA	NA	NA
NC_045512.2	20844	C	A	32641	10464	37	8	8	34	0.000245	32653	0.999979	FALSE	NA	NA	NA	NA	NA	NA
NC_045512.2	20845	T	G	31703	9551	37	1	0	34	3.15249e-05	31721	1	FALSE	NA	NA	NA	NA	NA	NA
NC_045512.2	20845	T	C	31703	9551	37	15	1	36	0.000472873	31721	0.994335	FALSE	NA	NA	NA	NA	NA	NA
NC_045512.2	20845	T	A	31703	9551	37	2	0	34	6.30497e-05	31721	1	FALSE	NA	NA	NA	NA	NA	NA
NC_045512.2	20846	A	G	31888	9763	37	7	1	35	0.00021947	31895	0.999988	FALSE	NA	NA	NA	NA	NA	NA
NC_045512.2	20847	T	C	32010	9744	37	2	0	34	6.24766e-05	32012	1	FALSE	NA	NA	NA	NA	NA	NA
NC_045512.2	20848	A	C	31879	9746	37	1	1	26	3.13676e-05	31880	1	FALSE	NA	NA	NA	NA	NA	NA
NC_045512.2	20849	A	G	32240	9799	37	4	0	34	0.000124054	32244	1	FALSE	NA	NA	NA	NA	NA	NA
NC_045512.2	20850	T	C	32104	9422	37	2	1	34	6.22937e-05	32106	1	FALSE	NA	NA	NA	NA	NA	NA
NC_045512.2	20851	A	G	31635	9455	37	6	0	34	0.000189627	31641	0.999996	FALSE	NA	NA	NA	NA	NA	NA
NC_045512.2	20852	T	G	31725	9338	37	1	0	26	3.15179e-05	31728	1	FALSE	NA	NA	NA	NA	NA	NA
NC_045512.2	20852	T	A	31725	9338	37	2	0	30	6.30358e-05	31728	1	FALSE	NA	NA	NA	NA	NA	NA
NC_045512.2	20853	G	A	31439	9192	37	1	0	34	3.18066e-05	31440	1	FALSE	NA	NA	NA	NA	NA	NA
NC_045512.2	20854	A	T	31310	9083	37	1	0	26	3.19285e-05	31320	1	FALSE	NA	NA	NA	NA	NA	NA
NC_045512.2	20854	A	G	31310	9083	37	8	0	37	0.000255428	31320	0.999965	FALSE	NA	NA	NA	NA	NA	NA
NC_045512.2	20854	A	C	31310	9083	37	1	0	34	3.19285e-05	31320	1	FALSE	NA	NA	NA	NA	NA	NA
NC_045512.2	20855	G	A	31189	8303	36	2	2	34	6.41211e-05	31191	1	FALSE	NA	NA	NA	NA	NA	NA
NC_045512.2	20856	A	G	31207	9052	36	3	0	34	9.6123e-05	31210	1	FALSE	NA	NA	NA	NA	NA	NA
NC_045512.2	20859	T	C	30182	8671	36	4	1	42	0.000132512	30186	0.500018	FALSE	NA	NA	NA	NA	NA	NA
NC_045512.2	20860	A	G	30667	9388	36	1	0	34	3.26073e-05	30668	1	FALSE	NA	NA	NA	NA	NA	NA
NC_045512.2	20861	T	C	30790	9227	36	2	2	34	6.49498e-05	30793	1	FALSE	NA	NA	NA	NA	NA	NA
NC_045512.2	20861	T	A	30790	9227	36	1	0	34	3.24749e-05	30793	1	FALSE	NA	NA	NA	NA	NA	NA
NC_045512.2	20863	C	T	29200	9767	36	1	1	34	3.42442e-05	29202	1	FALSE	NA	NA	NA	NA	NA	NA
NC_045512.2	20863	C	A	29200	9767	36	1	0	34	3.42442e-05	29202	1	FALSE	NA	NA	NA	NA	NA	NA
NC_045512.2	20864	A	T	29039	9706	36	1	0	34	3.44317e-05	29043	1	FALSE	NA	NA	NA	NA	NA	NA
NC_045512.2	20864	A	G	29039	9706	36	1	0	26	3.44317e-05	29043	1	FALSE	NA	NA	NA	NA	NA	NA
NC_045512.2	20864	A	C	29039	9706	36	2	1	30	6.88634e-05	29043	1	FALSE	NA	NA	NA	NA	NA	NA
NC_045512.2	20864	A	+T	29039	9706	36	2	0	20	6.88634e-05	29043	1	FALSE	NA	NA	NA	NA	NA	NA
NC_045512.2	20865	T	G	29038	9692	36	2	0	30	6.88705e-05	29040	1	FALSE	NA	NA	NA	NA	NA	NA
NC_045512.2	20866	T	G	28804	9352	37	1	0	34	3.4715e-05	28806	1	FALSE	NA	NA	NA	NA	NA	NA
NC_045512.2	20866	T	A	28804	9352	37	1	0	34	3.4715e-05	28806	1	FALSE	NA	NA	NA	NA	NA	NA
NC_045512.2	20868	T	C	27672	9825	36	2	1	34	7.227e-05	27674	1	FALSE	NA	NA	NA	NA	NA	NA
NC_045512.2	20870	G	A	27644	9753	36	1	0	68	3.61729e-05	27645	0.500009	FALSE	NA	NA	NA	NA	NA	NA
NC_045512.2	20871	T	C	27698	9808	36	2	2	51	7.22022e-05	27700	0.250005	FALSE	NA	NA	NA	NA	NA	NA
NC_045512.2	20872	G	T	27693	9801	36	1	0	34	3.61076e-05	27695	1	FALSE	NA	NA	NA	NA	NA	NA
NC_045512.2	20872	G	A	27693	9801	36	1	0	68	3.61076e-05	27695	0.5	FALSE	NA	NA	NA	NA	NA	NA
NC_045512.2	20873	C	T	26543	10147	36	1	1	34	3.76733e-05	26544	1	FALSE	NA	NA	NA	NA	NA	NA
NC_045512.2	20874	T	G	26543	9986	36	7	0	34	0.000263594	26556	0.999838	FALSE	NA	NA	NA	NA	NA	NA
NC_045512.2	20874	T	C	26543	9986	36	5	0	32	0.000188281	26556	0.999983	FALSE	NA	NA	NA	NA	NA	NA
NC_045512.2	20874	T	A	26543	9986	36	1	1	34	3.76563e-05	26556	1	FALSE	NA	NA	NA	NA	NA	NA
NC_045512.2	20876	G	A	26958	10014	36	2	1	34	7.4184e-05	26960	1	FALSE	NA	NA	NA	NA	NA	NA
NC_045512.2	20877	T	C	26825	10080	36	1	0	34	3.72773e-05	26826	1	FALSE	NA	NA	NA	NA	NA	NA
NC_045512.2	20878	T	C	26951	10285	36	1	0	34	3.71002e-05	26954	1	FALSE	NA	NA	NA	NA	NA	NA
NC_045512.2	20878	T	A	26951	10285	36	2	0	26	7.42005e-05	26954	1	FALSE	NA	NA	NA	NA	NA	NA
NC_045512.2	20879	C	T	26137	10409	36	1	0	34	3.82555e-05	26140	1	FALSE	NA	NA	NA	NA	NA	NA
NC_045512.2	20879	C	A	26137	10409	36	2	0	30	7.65111e-05	26140	1	FALSE	NA	NA	NA	NA	NA	NA
NC_045512.2	20880	T	G	26268	10431	36	1	1	24	3.80561e-05	26277	1	FALSE	NA	NA	NA	NA	NA	NA
NC_045512.2	20880	T	C	26268	10431	36	6	6	34	0.000228337	26277	0.999944	FALSE	NA	NA	NA	NA	NA	NA
NC_045512.2	20880	T	A	26268	10431	36	2	0	26	7.61122e-05	26277	1	FALSE	NA	NA	NA	NA	NA	NA
NC_045512.2	20881	G	T	26784	10459	36	3	0	34	0.000111982	26790	0.999999	FALSE	NA	NA	NA	NA	NA	NA
NC_045512.2	20881	G	A	26784	10459	36	3	0	28	0.000111982	26790	1	FALSE	NA	NA	NA	NA	NA	NA
NC_045512.2	20882	A	G	26953	10565	36	1	0	34	3.71002e-05	26954	1	FALSE	NA	NA	NA	NA	NA	NA
NC_045512.2	20884	A	G	25974	10386	35	3	0	34	0.000115482	25978	0.999998	FALSE	NA	NA	NA	NA	NA	NA
NC_045512.2	20884	A	C	25974	10386	35	1	1	34	3.84941e-05	25978	1	FALSE	NA	NA	NA	NA	NA	NA
NC_045512.2	20885	A	T	26671	10369	36	1	1	26	3.74869e-05	26676	1	FALSE	NA	NA	NA	NA	NA	NA
NC_045512.2	20885	A	G	26671	10369	36	4	1	34	0.000149948	26676	0.999996	FALSE	NA	NA	NA	NA	NA	NA
NC_045512.2	20886	A	G	26377	10376	36	3	1	31	0.000113718	26381	0.999999	FALSE	NA	NA	NA	NA	NA	NA
NC_045512.2	20886	A	C	26377	10376	36	1	0	34	3.79061e-05	26381	1	FALSE	NA	NA	NA	NA	NA	NA
NC_045512.2	20887	G	A	26567	10363	36	1	0	26	3.76393e-05	26568	1	FALSE	NA	NA	NA	NA	NA	NA
NC_045512.2	20888	G	A	27016	10532	36	1	0	26	3.70137e-05	27017	1	FALSE	NA	NA	NA	NA	NA	NA
NC_045512.2	20889	A	G	26660	10239	36	9	2	38	0.00033742	26673	0.999063	FALSE	NA	NA	NA	NA	NA	NA
NC_045512.2	20889	A	C	26660	10239	36	4	4	34	0.000149964	26673	0.999996	FALSE	NA	NA	NA	NA	NA	NA
NC_045512.2	20890	G	T	26414	10095	36	1	1	34	3.78558e-05	26416	1	FALSE	NA	NA	NA	NA	NA	NA
NC_045512.2	20890	G	A	26414	10095	36	1	0	34	3.78558e-05	26416	1	FALSE	NA	NA	NA	NA	NA	NA
NC_045512.2	20891	T	G	26552	10511	36	1	0	26	3.76506e-05	26560	1	FALSE	NA	NA	NA	NA	NA	NA
NC_045512.2	20891	T	C	26552	10511	36	4	2	37	0.000150602	26560	0.999996	FALSE	NA	NA	NA	NA	NA	NA
NC_045512.2	20891	T	A	26552	10511	36	3	1	31	0.000112952	26560	0.999999	FALSE	NA	NA	NA	NA	NA	NA
NC_045512.2	20892	T	C	26608	10779	36	10	1	37	0.000375686	26618	0.99804	FALSE	NA	NA	NA	NA	NA	NA
NC_045512.2	20893	G	C	26583	10639	36	1	1	34	3.76095e-05	26589	1	FALSE	NA	NA	NA	NA	NA	NA
NC_045512.2	20893	G	A	26583	10639	36	5	5	34	0.000188048	26589	0.999983	FALSE	NA	NA	NA	NA	NA	NA
NC_045512.2	20894	C	T	26948	11308	36	2	0	34	7.42115e-05	26950	1	FALSE	NA	NA	NA	NA	NA	NA
NC_045512.2	20895	A	G	27114	11302	37	1	1	34	3.68786e-05	27116	1	FALSE	NA	NA	NA	NA	NA	NA
NC_045512.2	20895	A	C	27114	11302	37	1	1	26	3.68786e-05	27116	1	FALSE	NA	NA	NA	NA	NA	NA
NC_045512.2	20896	C	A	27007	11440	36	1	1	34	3.70261e-05	27008	1	FALSE	NA	NA	NA	NA	NA	NA
NC_045512.2	20897	C	T	26666	11157	36	1	1	34	3.74995e-05	26667	1	FALSE	NA	NA	NA	NA	NA	NA
NC_045512.2	20898	A	G	27525	11103	36	42	22	37	0.00152356	27567	0.0455066	FALSE	NA	NA	NA	NA	NA	NA
NC_045512.2	20900	G	T	26805	11407	36	1	0	34	3.72967e-05	26812	1	FALSE	NA	NA	NA	NA	NA	NA
NC_045512.2	20900	G	A	26805	11407	36	6	5	34	0.00022378	26812	0.999944	FALSE	NA	NA	NA	NA	NA	NA
NC_045512.2	20901	T	G	26597	11528	36	2	0	30	7.5188e-05	26600	1	FALSE	NA	NA	NA	NA	NA	NA
NC_045512.2	20901	T	C	26597	11528	36	1	1	34	3.7594e-05	26600	1	FALSE	NA	NA	NA	NA	NA	NA
NC_045512.2	20902	A	G	26292	11214	36	1	1	34	3.80329e-05	26293	1	FALSE	NA	NA	NA	NA	NA	NA
NC_045512.2	20904	A	T	26030	11081	36	1	1	34	3.84054e-05	26038	1	FALSE	NA	NA	NA	NA	NA	NA
NC_045512.2	20904	A	G	26030	11081	36	4	1	34	0.000153622	26038	0.999996	FALSE	NA	NA	NA	NA	NA	NA
NC_045512.2	20904	A	C	26030	11081	36	3	3	34	0.000115216	26038	0.999999	FALSE	NA	NA	NA	NA	NA	NA
NC_045512.2	20905	G	T	26141	11056	36	1	0	34	3.82512e-05	26143	1	FALSE	NA	NA	NA	NA	NA	NA
NC_045512.2	20905	G	A	26141	11056	36	1	0	34	3.82512e-05	26143	1	FALSE	NA	NA	NA	NA	NA	NA
NC_045512.2	20906	C	T	26124	11495	36	1	1	26	3.82775e-05	26125	1	FALSE	NA	NA	NA	NA	NA	NA
NC_045512.2	20907	T	C	25082	10435	36	2	1	34	7.97321e-05	25084	1	FALSE	NA	NA	NA	NA	NA	NA
NC_045512.2	20908	G	A	25825	10379	36	3	0	34	0.000116153	25828	0.999998	FALSE	NA	NA	NA	NA	NA	NA
NC_045512.2	20908	G	-T	25825	10379	36	2	0	20	7.74353e-05	25828	1	FALSE	NA	NA	NA	NA	NA	NA
NC_045512.2	20909	T	G	26412	11117	36	10	5	40	0.000378444	26424	0.0192673	FALSE	NA	NA	NA	NA	NA	NA
NC_045512.2	20909	T	C	26412	11117	36	2	1	34	7.56888e-05	26424	1	FALSE	NA	NA	NA	NA	NA	NA
NC_045512.2	20910	T	G	26885	11695	36	2	0	30	7.43854e-05	26887	1	FALSE	NA	NA	NA	NA	NA	NA
NC_045512.2	20911	T	C	26938	11837	37	2	1	34	7.4239e-05	26940	1	FALSE	NA	NA	NA	NA	NA	NA
NC_045512.2	20912	T	C	26795	11739	37	1	0	34	3.7319e-05	26796	1	FALSE	NA	NA	NA	NA	NA	NA
NC_045512.2	20913	A	G	27121	12057	37	2	1	46	7.37382e-05	27123	0.687521	FALSE	NA	NA	NA	NA	NA	NA
NC_045512.2	20914	A	T	27157	12031	37	1	1	34	3.68148e-05	27163	1	FALSE	NA	NA	NA	NA	NA	NA
NC_045512.2	20914	A	G	27157	12031	37	5	2	54	0.000184074	27163	0.0312442	FALSE	NA	NA	NA	NA	NA	NA
NC_045512.2	20915	G	T	27097	12031	37	1	0	68	3.69031e-05	27098	0.500009	FALSE	NA	NA	NA	NA	NA	NA
NC_045512.2	20916	A	G	26275	12024	36	4	1	42	0.000152213	26279	0.343759	FALSE	NA	NA	NA	NA	NA	NA
NC_045512.2	20917	C	A	26601	12046	37	4	0	34	0.000150348	26605	0.999996	FALSE	NA	NA	NA	NA	NA	NA
NC_045512.2	20918	A	T	25235	10809	37	1	0	34	3.96228e-05	25238	1	FALSE	NA	NA	NA	NA	NA	NA
NC_045512.2	20918	A	G	25235	10809	37	2	0	34	7.92456e-05	25238	1	FALSE	NA	NA	NA	NA	NA	NA
NC_045512.2	20919	G	T	25807	10849	37	1	0	34	3.87477e-05	25808	1	FALSE	NA	NA	NA	NA	NA	NA
NC_045512.2	20920	T	C	31890	18221	39	2	1	34	6.27097e-05	31893	1	FALSE	NA	NA	NA	NA	NA	NA
NC_045512.2	20920	T	A	31890	18221	39	1	0	34	3.13548e-05	31893	1	FALSE	NA	NA	NA	NA	NA	NA
NC_045512.2	20920	T	-G	31890	18221	39	1	0	20	3.13548e-05	31893	1	FALSE	NA	NA	NA	NA	NA	NA
NC_045512.2	20921	G	C	31984	18230	39	1	1	34	3.12647e-05	31985	1	FALSE	NA	NA	NA	NA	NA	NA
NC_045512.2	20922	G	A	32109	18371	39	2	1	34	6.2284e-05	32111	1	FALSE	NA	NA	NA	NA	NA	NA
NC_045512.2	20923	T	C	31917	18212	39	9	2	34	0.000281867	31930	0.999909	FALSE	NA	NA	NA	NA	NA	NA
NC_045512.2	20923	T	A	31917	18212	39	4	0	34	0.000125274	31930	1	FALSE	NA	NA	NA	NA	NA	NA
NC_045512.2	20924	T	C	31884	18312	39	2	1	34	6.27235e-05	31886	1	FALSE	NA	NA	NA	NA	NA	NA
NC_045512.2	20925	G	T	32247	18301	39	1	1	34	3.10049e-05	32253	1	FALSE	NA	NA	NA	NA	NA	NA
NC_045512.2	20925	G	A	32247	18301	39	5	2	34	0.000155024	32253	0.999999	FALSE	NA	NA	NA	NA	NA	NA
NC_045512.2	20926	C	T	31684	19023	38	3	0	34	9.46761e-05	31687	1	FALSE	NA	NA	NA	NA	NA	NA
NC_045512.2	20927	C	T	32347	19920	39	4	2	68	0.000123644	32351	0.0624981	FALSE	NA	NA	NA	NA	NA	NA
NC_045512.2	20928	T	C	31691	19281	39	7	3	48	0.000220834	31698	0.171869	FALSE	NA	NA	NA	NA	NA	NA
NC_045512.2	20929	A	T	31669	19298	39	2	2	34	6.31393e-05	31676	1	FALSE	NA	NA	NA	NA	NA	NA
NC_045512.2	20929	A	G	31669	19298	39	5	3	40	0.000157848	31676	0.363255	FALSE	NA	NA	NA	NA	NA	NA
NC_045512.2	20930	C	T	31983	19783	38	14	4	36	0.000437514	31999	0.996704	FALSE	NA	NA	NA	NA	NA	NA
NC_045512.2	20930	C	A	31983	19783	38	2	1	51	6.2502e-05	31999	0.249895	FALSE	NA	NA	NA	NA	NA	NA
NC_045512.2	20932	G	T	31737	19887	38	16	10	53	0.000503874	31754	1.523e-05	TRUE	NA	NA	NA	NA	NA	NA
NC_045512.2	20932	G	A	31737	19887	38	1	1	34	3.14921e-05	31754	1	FALSE	NA	NA	NA	NA	NA	NA
NC_045512.2	20934	T	G	31107	19300	38	1	0	34	3.2143e-05	31111	1	FALSE	NA	NA	NA	NA	NA	NA
NC_045512.2	20934	T	C	31107	19300	38	3	3	34	9.64289e-05	31111	1	FALSE	NA	NA	NA	NA	NA	NA
NC_045512.2	20935	A	G	30840	19357	38	7	1	42	0.000226926	30847	0.171868	FALSE	NA	NA	NA	NA	NA	NA
NC_045512.2	20936	C	T	30006	19707	38	4	4	34	0.000133289	30010	1	FALSE	NA	NA	NA	NA	NA	NA
NC_045512.2	20937	G	A	29942	19637	38	16	12	33	0.000534081	29958	0.98219	FALSE	NA	NA	NA	NA	NA	NA
NC_045512.2	20938	C	T	29446	19988	38	5	5	32	0.000169774	29451	0.999997	FALSE	NA	NA	NA	NA	NA	NA
NC_045512.2	20939	T	G	28775	19344	38	2	0	34	6.94879e-05	28782	1	FALSE	NA	NA	NA	NA	NA	NA
NC_045512.2	20939	T	C	28775	19344	38	5	4	34	0.00017372	28782	0.999995	FALSE	NA	NA	NA	NA	NA	NA
NC_045512.2	20940	G	T	28776	19303	38	1	1	34	3.47355e-05	28789	1	FALSE	NA	NA	NA	NA	NA	NA
NC_045512.2	20940	G	C	28776	19303	38	2	1	30	6.9471e-05	28789	1	FALSE	NA	NA	NA	NA	NA	NA
NC_045512.2	20940	G	A	28776	19303	38	10	8	39	0.000347355	28789	0.999173	FALSE	NA	NA	NA	NA	NA	NA
NC_045512.2	20941	C	T	28103	19390	37	3	3	56	0.000106739	28106	0.125	FALSE	NA	NA	NA	NA	NA	NA
NC_045512.2	20942	T	C	28400	19723	37	1	0	34	3.521e-05	28401	1	FALSE	NA	NA	NA	NA	NA	NA
NC_045512.2	20943	T	C	28387	19713	37	1	1	34	3.52262e-05	28388	1	FALSE	NA	NA	NA	NA	NA	NA
NC_045512.2	20945	T	C	32056	24364	38	4	2	42	0.000124766	32060	0.500017	FALSE	NA	NA	NA	NA	NA	NA
NC_045512.2	20946	C	T	32085	24588	38	1	0	60	3.11653e-05	32087	0.5	FALSE	NA	NA	NA	NA	NA	NA
NC_045512.2	20946	C	A	32085	24588	38	1	1	34	3.11653e-05	32087	1	FALSE	NA	NA	NA	NA	NA	NA
NC_045512.2	20948	A	C	32045	24496	38	1	1	34	3.12051e-05	32046	1	FALSE	NA	NA	NA	NA	NA	NA
NC_045512.2	20949	T	C	32244	24744	38	1	1	34	3.10126e-05	32245	1	FALSE	NA	NA	NA	NA	NA	NA
NC_045512.2	20950	T	G	31826	24707	37	1	0	26	3.14189e-05	31828	1	FALSE	NA	NA	NA	NA	NA	NA
NC_045512.2	20950	T	C	31826	24707	37	1	1	34	3.14189e-05	31828	1	FALSE	NA	NA	NA	NA	NA	NA
NC_045512.2	20951	C	G	31886	24872	38	1	1	34	3.13607e-05	31887	1	FALSE	NA	NA	NA	NA	NA	NA
NC_045512.2	20952	A	G	31830	24816	38	6	4	41	0.000188466	31836	0.253906	FALSE	NA	NA	NA	NA	NA	NA
NC_045512.2	20953	G	T	31811	24691	37	1	1	34	3.14347e-05	31812	1	FALSE	NA	NA	NA	NA	NA	NA
NC_045512.2	20954	A	G	34603	27870	38	1	1	34	2.88984e-05	34604	1	FALSE	NA	NA	NA	NA	NA	NA
NC_045512.2	20955	T	A	34364	27633	38	1	1	34	2.90994e-05	34365	1	FALSE	NA	NA	NA	NA	NA	NA
NC_045512.2	20956	C	T	34482	28683	37	2	1	30	5.79979e-05	34484	1	FALSE	NA	NA	NA	NA	NA	NA
NC_045512.2	20957	T	C	36043	30551	37	9	9	33	0.000249639	36052	0.999992	FALSE	NA	NA	NA	NA	NA	NA
NC_045512.2	20958	T	G	37161	31730	38	1	1	34	2.69049e-05	37168	1	FALSE	NA	NA	NA	NA	NA	NA
NC_045512.2	20958	T	C	37161	31730	38	4	4	34	0.000107619	37168	1	FALSE	NA	NA	NA	NA	NA	NA
NC_045512.2	20958	T	A	37161	31730	38	2	2	34	5.38097e-05	37168	1	FALSE	NA	NA	NA	NA	NA	NA
NC_045512.2	20959	A	G	40789	35733	38	2	2	34	4.90292e-05	40792	1	FALSE	NA	NA	NA	NA	NA	NA
NC_045512.2	20959	A	C	40789	35733	38	1	1	34	2.45146e-05	40792	1	FALSE	NA	NA	NA	NA	NA	NA
NC_045512.2	20960	A	G	41079	36045	38	2	2	34	4.86843e-05	41081	1	FALSE	NA	NA	NA	NA	NA	NA
NC_045512.2	20961	T	C	41086	36107	38	1	1	34	2.43386e-05	41087	1	FALSE	NA	NA	NA	NA	NA	NA
NC_045512.2	20963	A	G	40801	35835	38	1	1	34	2.45086e-05	40802	1	FALSE	NA	NA	NA	NA	NA	NA
NC_045512.2	20964	C	T	41139	36298	38	1	1	34	2.43072e-05	41140	1	FALSE	NA	NA	NA	NA	NA	NA
NC_045512.2	20964	C	-T	41139	36298	38	2	0	20	4.86145e-05	41140	1	FALSE	NA	NA	NA	NA	NA	NA
NC_045512.2	20965	T	G	41988	37468	37	5	4	32	0.000119033	42005	1	FALSE	NA	NA	NA	NA	NA	NA
NC_045512.2	20965	T	C	41988	37468	37	11	11	36	0.000261874	42005	0.999997	FALSE	NA	NA	NA	NA	NA	NA
NC_045512.2	20965	T	A	41988	37468	37	1	1	34	2.38067e-05	42005	1	FALSE	NA	NA	NA	NA	NA	NA
NC_045512.2	20966	T	C	44942	40614	38	2	2	30	4.44988e-05	44945	1	FALSE	NA	NA	NA	NA	NA	NA
NC_045512.2	20966	T	A	44942	40614	38	1	1	68	2.22494e-05	44945	0.499994	FALSE	NA	NA	NA	NA	NA	NA
NC_045512.2	20967	T	C	44532	40199	38	2	2	34	4.49085e-05	44535	1	FALSE	NA	NA	NA	NA	NA	NA
NC_045512.2	20967	T	A	44532	40199	38	1	1	68	2.24542e-05	44535	0.499994	FALSE	NA	NA	NA	NA	NA	NA
NC_045512.2	20968	G	A	44888	40553	38	1	1	34	2.22772e-05	44889	1	FALSE	NA	NA	NA	NA	NA	NA
NC_045512.2	20969	T	C	43561	39230	38	7	6	32	0.000160668	43568	1	FALSE	NA	NA	NA	NA	NA	NA
NC_045512.2	20970	C	T	44558	40278	38	1	1	34	2.24417e-05	44560	1	FALSE	NA	NA	NA	NA	NA	NA
NC_045512.2	20970	C	A	44558	40278	38	1	1	34	2.24417e-05	44560	1	FALSE	NA	NA	NA	NA	NA	NA
NC_045512.2	20971	T	C	43955	39675	38	5	5	37	0.00011374	43960	1	FALSE	NA	NA	NA	NA	NA	NA
NC_045512.2	20972	C	T	44365	40087	38	2	2	34	4.50755e-05	44370	1	FALSE	NA	NA	NA	NA	NA	NA
NC_045512.2	20972	C	A	44365	40087	38	3	3	34	6.76133e-05	44370	1	FALSE	NA	NA	NA	NA	NA	NA
NC_045512.2	20973	T	C	43954	39681	38	3	2	45	6.8247e-05	43958	0.773447	FALSE	NA	NA	NA	NA	NA	NA
NC_045512.2	20973	T	A	43954	39681	38	1	1	34	2.2749e-05	43958	1	FALSE	NA	NA	NA	NA	NA	NA
NC_045512.2	20974	G	C	44048	39778	38	1	0	68	2.27015e-05	44050	0.5	FALSE	NA	NA	NA	NA	NA	NA
NC_045512.2	20974	G	A	44048	39778	38	1	1	34	2.27015e-05	44050	1	FALSE	NA	NA	NA	NA	NA	NA
NC_045512.2	20975	A	T	44049	39774	38	3	3	34	6.80967e-05	44055	1	FALSE	NA	NA	NA	NA	NA	NA
NC_045512.2	20975	A	C	44049	39774	38	3	3	34	6.80967e-05	44055	1	FALSE	NA	NA	NA	NA	NA	NA
NC_045512.2	20976	T	C	44070	40004	38	2	2	34	4.53793e-05	44073	1	FALSE	NA	NA	NA	NA	NA	NA
NC_045512.2	20976	T	A	44070	40004	38	1	0	24	2.26896e-05	44073	1	FALSE	NA	NA	NA	NA	NA	NA
NC_045512.2	20977	G	A	43836	39789	38	3	3	45	6.84322e-05	43839	0.773456	FALSE	NA	NA	NA	NA	NA	NA
NC_045512.2	20978	C	T	43890	39863	38	9	9	32	0.000205007	43901	1	FALSE	NA	NA	NA	NA	NA	NA
NC_045512.2	20978	C	G	43890	39863	38	2	2	34	4.5557e-05	43901	1	FALSE	NA	NA	NA	NA	NA	NA
NC_045512.2	20979	A	T	43679	39645	38	1	1	26	2.28906e-05	43686	1	FALSE	NA	NA	NA	NA	NA	NA
NC_045512.2	20979	A	G	43679	39645	38	6	6	34	0.000137344	43686	1	FALSE	NA	NA	NA	NA	NA	NA
NC_045512.2	20980	G	T	43613	39592	38	4	3	40	9.16969e-05	43622	0.636675	FALSE	NA	NA	NA	NA	NA	NA
NC_045512.2	20980	G	C	43613	39592	38	3	3	31	6.87726e-05	43622	1	FALSE	NA	NA	NA	NA	NA	NA
NC_045512.2	20980	G	A	43613	39592	38	2	2	34	4.58484e-05	43622	1	FALSE	NA	NA	NA	NA	NA	NA
NC_045512.2	20981	A	T	43506	39563	38	1	1	26	2.29827e-05	43511	1	FALSE	NA	NA	NA	NA	NA	NA
NC_045512.2	20981	A	G	43506	39563	38	1	1	34	2.29827e-05	43511	1	FALSE	NA	NA	NA	NA	NA	NA
NC_045512.2	20981	A	C	43506	39563	38	3	3	31	6.89481e-05	43511	1	FALSE	NA	NA	NA	NA	NA	NA
NC_045512.2	20982	T	C	43543	39882	38	3	2	35	6.88927e-05	43546	1	FALSE	NA	NA	NA	NA	NA	NA
NC_045512.2	20983	T	C	43442	39803	38	7	6	48	0.000161108	43449	0.274414	FALSE	NA	NA	NA	NA	NA	NA
NC_045512.2	20984	C	T	43298	39662	38	1	1	34	2.30942e-05	43301	1	FALSE	NA	NA	NA	NA	NA	NA
NC_045512.2	20984	C	A	43298	39662	38	2	2	34	4.61883e-05	43301	1	FALSE	NA	NA	NA	NA	NA	NA
NC_045512.2	20985	A	G	43265	39641	38	1	1	34	2.31128e-05	43266	1	FALSE	NA	NA	NA	NA	NA	NA
NC_045512.2	20986	A	T	43134	39591	37	1	1	34	2.31793e-05	43142	1	FALSE	NA	NA	NA	NA	NA	NA
NC_045512.2	20986	A	G	43134	39591	37	3	3	34	6.95378e-05	43142	1	FALSE	NA	NA	NA	NA	NA	NA
NC_045512.2	20986	A	C	43134	39591	37	4	4	42	9.27171e-05	43142	0.636687	FALSE	NA	NA	NA	NA	NA	NA
NC_045512.2	20987	C	-T	43224	39831	37	1	0	20	2.31353e-05	43224	1	FALSE	NA	NA	NA	NA	NA	NA
NC_045512.2	20988	T	C	42546	39159	37	3	3	31	7.0502e-05	42552	1	FALSE	NA	NA	NA	NA	NA	NA
NC_045512.2	20988	T	A	42546	39159	37	3	3	34	7.0502e-05	42552	1	FALSE	NA	NA	NA	NA	NA	NA
NC_045512.2	20989	T	C	42701	39315	37	4	4	32	9.36637e-05	42706	1	FALSE	NA	NA	NA	NA	NA	NA
NC_045512.2	20989	T	A	42701	39315	37	1	1	34	2.34159e-05	42706	1	FALSE	NA	NA	NA	NA	NA	NA
NC_045512.2	20990	T	G	42321	38943	37	2	1	25	4.72512e-05	42327	1	FALSE	NA	NA	NA	NA	NA	NA
NC_045512.2	20990	T	C	42321	38943	37	3	1	42	7.08767e-05	42327	0.773428	FALSE	NA	NA	NA	NA	NA	NA
NC_045512.2	20990	T	A	42321	38943	37	1	1	34	2.36256e-05	42327	1	FALSE	NA	NA	NA	NA	NA	NA
NC_045512.2	20991	G	C	42307	38936	37	2	2	34	4.72679e-05	42312	1	FALSE	NA	NA	NA	NA	NA	NA
NC_045512.2	20991	G	A	42307	38936	37	3	3	34	7.09019e-05	42312	1	FALSE	NA	NA	NA	NA	NA	NA
NC_045512.2	20992	A	G	42059	38697	37	2	2	36	4.75477e-05	42063	1	FALSE	NA	NA	NA	NA	NA	NA
NC_045512.2	20992	A	C	42059	38697	37	2	2	26	4.75477e-05	42063	1	FALSE	NA	NA	NA	NA	NA	NA
NC_045512.2	20993	T	G	40122	36768	36	1	1	68	2.49221e-05	40125	0.499994	FALSE	NA	NA	NA	NA	NA	NA
NC_045512.2	20993	T	C	40122	36768	36	2	2	30	4.98442e-05	40125	1	FALSE	NA	NA	NA	NA	NA	NA
NC_045512.2	20994	T	G	41615	38454	37	3	2	31	7.20773e-05	41622	1	FALSE	NA	NA	NA	NA	NA	NA
NC_045512.2	20994	T	C	41615	38454	37	4	4	34	9.6103e-05	41622	1	FALSE	NA	NA	NA	NA	NA	NA
NC_045512.2	20995	G	T	41306	38177	37	1	1	34	2.42078e-05	41309	1	FALSE	NA	NA	NA	NA	NA	NA
NC_045512.2	20995	G	C	41306	38177	37	1	1	34	2.42078e-05	41309	1	FALSE	NA	NA	NA	NA	NA	NA
NC_045512.2	20995	G	A	41306	38177	37	1	1	26	2.42078e-05	41309	1	FALSE	NA	NA	NA	NA	NA	NA
NC_045512.2	20996	G	A	41351	38298	37	2	2	34	4.83641e-05	41353	1	FALSE	NA	NA	NA	NA	NA	NA
NC_045512.2	20997	T	C	41080	38132	37	9	8	36	0.000219037	41089	0.999999	FALSE	NA	NA	NA	NA	NA	NA
NC_045512.2	20998	G	T	41137	38187	37	2	2	34	4.86121e-05	41142	1	FALSE	NA	NA	NA	NA	NA	NA
NC_045512.2	20998	G	A	41137	38187	37	3	3	31	7.29182e-05	41142	1	FALSE	NA	NA	NA	NA	NA	NA
NC_045512.2	20999	A	G	40997	38547	36	8	8	34	0.000195089	41007	1	FALSE	NA	NA	NA	NA	NA	NA
NC_045512.2	20999	A	C	40997	38547	36	2	2	34	4.87722e-05	41007	1	FALSE	NA	NA	NA	NA	NA	NA
NC_045512.2	21000	T	G	40938	38518	36	1	0	27	2.44236e-05	40944	1	FALSE	NA	NA	NA	NA	NA	NA
NC_045512.2	21000	T	C	40938	38518	36	4	4	34	9.76944e-05	40944	1	FALSE	NA	NA	NA	NA	NA	NA
NC_045512.2	21000	T	A	40938	38518	36	1	1	34	2.44236e-05	40944	1	FALSE	NA	NA	NA	NA	NA	NA
NC_045512.2	21001	T	C	40775	38516	36	7	7	34	0.000171636	40784	1	FALSE	NA	NA	NA	NA	NA	NA
NC_045512.2	21001	T	A	40775	38516	36	2	2	34	4.90388e-05	40784	1	FALSE	NA	NA	NA	NA	NA	NA
NC_045512.2	21003	T	C	40578	38323	36	3	3	34	7.39262e-05	40581	1	FALSE	NA	NA	NA	NA	NA	NA
NC_045512.2	21004	G	A	40506	38284	36	4	4	34	9.87411e-05	40510	1	FALSE	NA	NA	NA	NA	NA	NA
NC_045512.2	21004	G	-C	40506	38284	36	1	0	20	2.46853e-05	40510	1	FALSE	NA	NA	NA	NA	NA	NA
NC_045512.2	21005	C	T	40471	38349	36	9	9	34	0.000222327	40481	0.999999	FALSE	NA	NA	NA	NA	NA	NA
NC_045512.2	21005	C	G	40471	38349	36	1	1	34	2.47029e-05	40481	1	FALSE	NA	NA	NA	NA	NA	NA
NC_045512.2	21006	A	G	40245	38124	36	2	2	34	4.96931e-05	40247	1	FALSE	NA	NA	NA	NA	NA	NA
NC_045512.2	21007	A	G	40243	38128	36	3	3	34	7.45416e-05	40246	1	FALSE	NA	NA	NA	NA	NA	NA
NC_045512.2	21008	C	T	40193	38609	35	1	1	34	2.48769e-05	40198	1	FALSE	NA	NA	NA	NA	NA	NA
NC_045512.2	21008	C	A	40193	38609	35	4	4	34	9.95074e-05	40198	1	FALSE	NA	NA	NA	NA	NA	NA
NC_045512.2	21009	T	G	38953	37386	35	2	2	34	5.13373e-05	38958	1	FALSE	NA	NA	NA	NA	NA	NA
NC_045512.2	21009	T	C	38953	37386	35	3	3	34	7.7006e-05	38958	1	FALSE	NA	NA	NA	NA	NA	NA
NC_045512.2	21010	G	C	38888	37315	35	4	4	32	0.000102836	38897	1	FALSE	NA	NA	NA	NA	NA	NA
NC_045512.2	21010	G	A	38888	37315	35	5	4	32	0.000128545	38897	1	FALSE	NA	NA	NA	NA	NA	NA
NC_045512.2	21011	T	C	38054	36497	35	7	7	34	0.000183915	38061	1	FALSE	NA	NA	NA	NA	NA	NA
NC_045512.2	21012	A	T	37998	36437	35	1	1	34	2.63137e-05	38003	1	FALSE	NA	NA	NA	NA	NA	NA
NC_045512.2	21012	A	G	37998	36437	35	4	4	34	0.000105255	38003	1	FALSE	NA	NA	NA	NA	NA	NA
NC_045512.2	21013	C	T	37984	36426	35	4	4	34	0.000105296	37988	1	FALSE	NA	NA	NA	NA	NA	NA
NC_045512.2	21014	A	C	37645	36095	35	1	1	34	2.65632e-05	37646	1	FALSE	NA	NA	NA	NA	NA	NA
NC_045512.2	21015	T	C	37508	36018	35	6	6	32	0.000159936	37515	1	FALSE	NA	NA	NA	NA	NA	NA
NC_045512.2	21015	T	A	37508	36018	35	1	1	34	2.6656e-05	37515	1	FALSE	NA	NA	NA	NA	NA	NA
NC_045512.2	21016	A	G	33300	31870	35	4	4	34	0.000120106	33304	1	FALSE	NA	NA	NA	NA	NA	NA
NC_045512.2	21017	C	T	33184	31793	35	5	5	34	0.000150634	33193	1	FALSE	NA	NA	NA	NA	NA	NA
NC_045512.2	21017	C	A	33184	31793	35	4	4	34	0.000120507	33193	1	FALSE	NA	NA	NA	NA	NA	NA
NC_045512.2	21018	A	G	54438	30180	35	12	5	34	0.000220386	54450	1	FALSE	NA	NA	NA	NA	NA	NA
NC_045512.2	21019	G	C	55334	29941	35	1	0	34	1.80685e-05	55345	1	FALSE	NA	NA	NA	NA	NA	NA
NC_045512.2	21019	G	A	55334	29941	35	10	2	33	0.000180685	55345	1	FALSE	NA	NA	NA	NA	NA	NA
NC_045512.2	21020	C	T	54281	29203	34	2	0	34	3.68426e-05	54285	1	FALSE	NA	NA	NA	NA	NA	NA
NC_045512.2	21020	C	G	54281	29203	34	2	1	34	3.68426e-05	54285	1	FALSE	NA	NA	NA	NA	NA	NA
NC_045512.2	21021	T	C	53321	28161	34	10	3	34	0.000187505	53332	1	FALSE	NA	NA	NA	NA	NA	NA
NC_045512.2	21021	T	A	53321	28161	34	1	0	26	1.87505e-05	53332	1	FALSE	NA	NA	NA	NA	NA	NA
NC_045512.2	21022	A	G	53456	28056	35	8	6	34	0.000149628	53466	1	FALSE	NA	NA	NA	NA	NA	NA
NC_045512.2	21022	A	C	53456	28056	35	2	2	34	3.7407e-05	53466	1	FALSE	NA	NA	NA	NA	NA	NA
NC_045512.2	21023	A	T	52979	28220	34	2	2	34	3.77465e-05	52985	1	FALSE	NA	NA	NA	NA	NA	NA
NC_045512.2	21023	A	G	52979	28220	34	4	2	34	7.54931e-05	52985	1	FALSE	NA	NA	NA	NA	NA	NA
NC_045512.2	21024	T	C	53609	28199	35	3	3	31	5.59555e-05	53614	1	FALSE	NA	NA	NA	NA	NA	NA
NC_045512.2	21024	T	A	53609	28199	35	2	0	30	3.73037e-05	53614	1	FALSE	NA	NA	NA	NA	NA	NA
NC_045512.2	21024	T	-A	53609	28199	35	1	0	20	1.86518e-05	53614	1	FALSE	NA	NA	NA	NA	NA	NA
NC_045512.2	21025	A	T	53324	28172	34	1	1	34	1.87519e-05	53328	1	FALSE	NA	NA	NA	NA	NA	NA
NC_045512.2	21025	A	G	53324	28172	34	2	0	30	3.75038e-05	53328	1	FALSE	NA	NA	NA	NA	NA	NA
NC_045512.2	21025	A	C	53324	28172	34	1	1	26	1.87519e-05	53328	1	FALSE	NA	NA	NA	NA	NA	NA
NC_045512.2	21026	A	T	53064	27727	34	1	1	34	1.88441e-05	53067	1	FALSE	NA	NA	NA	NA	NA	NA
NC_045512.2	21026	A	G	53064	27727	34	1	0	34	1.88441e-05	53067	1	FALSE	NA	NA	NA	NA	NA	NA
NC_045512.2	21026	A	C	53064	27727	34	1	1	34	1.88441e-05	53067	1	FALSE	NA	NA	NA	NA	NA	NA
NC_045512.2	21027	A	G	52737	27695	34	2	1	34	3.79226e-05	52739	1	FALSE	NA	NA	NA	NA	NA	NA
NC_045512.2	21028	T	G	52039	26708	34	1	0	34	1.92134e-05	52047	1	FALSE	NA	NA	NA	NA	NA	NA
NC_045512.2	21028	T	C	52039	26708	34	6	5	34	0.00011528	52047	1	FALSE	NA	NA	NA	NA	NA	NA
NC_045512.2	21028	T	A	52039	26708	34	1	0	34	1.92134e-05	52047	1	FALSE	NA	NA	NA	NA	NA	NA
NC_045512.2	21029	G	T	51932	26586	34	6	3	34	0.000115507	51945	1	FALSE	NA	NA	NA	NA	NA	NA
NC_045512.2	21029	G	C	51932	26586	34	3	3	26	5.77534e-05	51945	1	FALSE	NA	NA	NA	NA	NA	NA
NC_045512.2	21029	G	A	51932	26586	34	4	4	34	7.70045e-05	51945	1	FALSE	NA	NA	NA	NA	NA	NA
NC_045512.2	21030	G	T	51940	26498	34	1	1	34	1.92511e-05	51945	1	FALSE	NA	NA	NA	NA	NA	NA
NC_045512.2	21030	G	A	51940	26498	34	4	3	34	7.70045e-05	51945	1	FALSE	NA	NA	NA	NA	NA	NA
NC_045512.2	21031	G	A	51716	26654	35	2	0	34	3.86713e-05	51718	1	FALSE	NA	NA	NA	NA	NA	NA
NC_045512.2	21031	G	-ATCTCATTATTAGT	51716	26654	35	1	0	20	1.93356e-05	51718	1	FALSE	NA	NA	NA	NA	NA	NA
NC_045512.2	21032	A	G	51432	26580	34	2	1	34	3.88848e-05	51434	1	FALSE	NA	NA	NA	NA	NA	NA
NC_045512.2	21033	T	C	51053	25911	34	5	4	34	9.79278e-05	51058	1	FALSE	NA	NA	NA	NA	NA	NA
NC_045512.2	21034	C	T	51933	26563	35	4	4	30	7.70149e-05	51938	1	FALSE	NA	NA	NA	NA	NA	NA
NC_045512.2	21034	C	G	51933	26563	35	1	1	26	1.92537e-05	51938	1	FALSE	NA	NA	NA	NA	NA	NA
NC_045512.2	21035	T	G	51765	26393	35	1	0	34	1.9314e-05	51776	1	FALSE	NA	NA	NA	NA	NA	NA
NC_045512.2	21035	T	C	51765	26393	35	10	5	33	0.00019314	51776	1	FALSE	NA	NA	NA	NA	NA	NA
NC_045512.2	21036	C	T	54144	26384	35	2	1	51	3.69365e-05	54147	0.249993	FALSE	NA	NA	NA	NA	NA	NA
NC_045512.2	21036	C	A	54144	26384	35	1	0	34	1.84682e-05	54147	1	FALSE	NA	NA	NA	NA	NA	NA
NC_045512.2	21037	A	T	54220	26400	35	1	1	34	1.8442e-05	54224	1	FALSE	NA	NA	NA	NA	NA	NA
NC_045512.2	21037	A	G	54220	26400	35	2	0	34	3.6884e-05	54224	1	FALSE	NA	NA	NA	NA	NA	NA
NC_045512.2	21037	A	C	54220	26400	35	1	1	26	1.8442e-05	54224	1	FALSE	NA	NA	NA	NA	NA	NA
NC_045512.2	21037	A	-T	54220	26400	35	1	0	20	1.84417e-05	54225	1	FALSE	NA	NA	NA	NA	NA	NA
NC_045512.2	21038	T	C	54436	26505	35	3	0	34	5.51076e-05	54439	1	FALSE	NA	NA	NA	NA	NA	NA
NC_045512.2	21039	T	C	53724	25919	34	1	0	34	1.86133e-05	53725	1	FALSE	NA	NA	NA	NA	NA	NA
NC_045512.2	21040	A	G	54237	26341	35	1	0	34	1.84373e-05	54238	1	FALSE	NA	NA	NA	NA	NA	NA
NC_045512.2	21040	A	-T	54237	26341	35	2	0	20	3.68738e-05	54239	1	FALSE	NA	NA	NA	NA	NA	NA
NC_045512.2	21041	T	C	54131	26135	35	2	0	34	3.6946e-05	54133	1	FALSE	NA	NA	NA	NA	NA	NA
NC_045512.2	21042	T	G	54238	26240	35	1	0	34	1.84356e-05	54243	1	FALSE	NA	NA	NA	NA	NA	NA
NC_045512.2	21042	T	C	54238	26240	35	3	2	31	5.53067e-05	54243	1	FALSE	NA	NA	NA	NA	NA	NA
NC_045512.2	21042	T	A	54238	26240	35	1	0	34	1.84356e-05	54243	1	FALSE	NA	NA	NA	NA	NA	NA
NC_045512.2	21043	A	T	55545	25791	35	2	0	34	3.59997e-05	55556	1	FALSE	NA	NA	NA	NA	NA	NA
NC_045512.2	21043	A	G	55545	25791	35	4	1	51	7.19994e-05	55556	0.0624809	FALSE	NA	NA	NA	NA	NA	NA
NC_045512.2	21043	A	C	55545	25791	35	5	0	34	8.99993e-05	55556	1	FALSE	NA	NA	NA	NA	NA	NA
NC_045512.2	21043	A	-GTGAT	55545	25791	35	1	0	20	1.79995e-05	55557	1	FALSE	NA	NA	NA	NA	NA	NA
NC_045512.2	21043	A	-GT	55545	25791	35	1	0	20	1.79995e-05	55557	1	FALSE	NA	NA	NA	NA	NA	NA
NC_045512.2	21044	G	T	57609	25748	35	4	0	34	6.9424e-05	57617	1	FALSE	NA	NA	NA	NA	NA	NA
NC_045512.2	21044	G	A	57609	25748	35	4	3	34	6.9424e-05	57617	1	FALSE	NA	NA	NA	NA	NA	NA
NC_045512.2	21045	T	C	52622	20926	35	4	1	32	7.60037e-05	52629	1	FALSE	NA	NA	NA	NA	NA	NA
NC_045512.2	21045	T	A	52622	20926	35	3	2	31	5.70028e-05	52629	1	FALSE	NA	NA	NA	NA	NA	NA
NC_045512.2	21046	G	A	53539	20850	35	2	1	34	3.73546e-05	53541	1	FALSE	NA	NA	NA	NA	NA	NA
NC_045512.2	21047	A	T	34057	1677	35	1	0	34	2.93591e-05	34061	1	FALSE	NA	NA	NA	NA	NA	NA
NC_045512.2	21047	A	G	34057	1677	35	3	0	34	8.80773e-05	34061	1	FALSE	NA	NA	NA	NA	NA	NA
NC_045512.2	21048	T	C	34167	1694	35	1	0	34	2.92663e-05	34169	1	FALSE	NA	NA	NA	NA	NA	NA
NC_045512.2	21048	T	A	34167	1694	35	1	0	26	2.92663e-05	34169	1	FALSE	NA	NA	NA	NA	NA	NA
NC_045512.2	21049	A	G	35212	1720	35	1	0	34	2.83986e-05	35213	1	FALSE	NA	NA	NA	NA	NA	NA
NC_045512.2	21049	A	-T	35212	1720	35	1	0	20	2.83986e-05	35213	1	FALSE	NA	NA	NA	NA	NA	NA
NC_045512.2	21050	T	G	35571	1802	36	1	0	34	2.81104e-05	35574	1	FALSE	NA	NA	NA	NA	NA	NA
NC_045512.2	21050	T	C	35571	1802	36	1	0	34	2.81104e-05	35574	1	FALSE	NA	NA	NA	NA	NA	NA
NC_045512.2	21050	T	A	35571	1802	36	1	0	34	2.81104e-05	35574	1	FALSE	NA	NA	NA	NA	NA	NA
NC_045512.2	21051	G	A	37195	1811	36	2	0	30	5.37678e-05	37197	1	FALSE	NA	NA	NA	NA	NA	NA
NC_045512.2	21052	T	C	37239	2130	36	4	0	34	0.0001074	37244	1	FALSE	NA	NA	NA	NA	NA	NA
NC_045512.2	21052	T	A	37239	2130	36	1	0	34	2.685e-05	37244	1	FALSE	NA	NA	NA	NA	NA	NA
NC_045512.2	21053	A	T	37355	2256	36	1	0	34	2.67644e-05	37363	1	FALSE	NA	NA	NA	NA	NA	NA
NC_045512.2	21053	A	G	37355	2256	36	7	0	34	0.000187351	37363	1	FALSE	NA	NA	NA	NA	NA	NA
NC_045512.2	21054	C	T	37586	2264	36	8	0	34	0.000212794	37595	0.999998	FALSE	NA	NA	NA	NA	NA	NA
NC_045512.2	21054	C	G	37586	2264	36	1	0	34	2.65993e-05	37595	1	FALSE	NA	NA	NA	NA	NA	NA
NC_045512.2	21055	G	T	37618	2249	36	10	0	34	0.000265752	37629	0.999988	FALSE	NA	NA	NA	NA	NA	NA
NC_045512.2	21055	G	A	37618	2249	36	1	0	34	2.65752e-05	37629	1	FALSE	NA	NA	NA	NA	NA	NA
NC_045512.2	21056	A	G	37897	2308	36	1	0	34	2.63866e-05	37898	1	FALSE	NA	NA	NA	NA	NA	NA
NC_045512.2	21057	C	G	38720	2325	36	2	0	34	5.16502e-05	38722	1	FALSE	NA	NA	NA	NA	NA	NA
NC_045512.2	21058	C	T	38701	2320	36	1	1	68	2.58371e-05	38704	0.499994	FALSE	NA	NA	NA	NA	NA	NA
NC_045512.2	21058	C	G	38701	2320	36	1	0	34	2.58371e-05	38704	1	FALSE	NA	NA	NA	NA	NA	NA
NC_045512.2	21058	C	A	38701	2320	36	1	0	34	2.58371e-05	38704	1	FALSE	NA	NA	NA	NA	NA	NA
NC_045512.2	21059	C	T	38701	2328	36	2	0	34	5.16742e-05	38704	1	FALSE	NA	NA	NA	NA	NA	NA
NC_045512.2	21059	C	G	38701	2328	36	1	0	34	2.58371e-05	38704	1	FALSE	NA	NA	NA	NA	NA	NA
NC_045512.2	21060	T	C	38741	2406	36	2	0	30	5.16222e-05	38743	1	FALSE	NA	NA	NA	NA	NA	NA
NC_045512.2	21061	A	T	38756	2442	36	1	0	34	2.58018e-05	38757	1	FALSE	NA	NA	NA	NA	NA	NA
NC_045512.2	21062	A	G	38734	2438	36	2	0	34	5.16316e-05	38736	1	FALSE	NA	NA	NA	NA	NA	NA
NC_045512.2	21063	G	A	39275	2445	36	1	0	34	2.54608e-05	39276	1	FALSE	NA	NA	NA	NA	NA	NA
NC_045512.2	21064	A	T	39178	2514	36	1	0	34	2.55206e-05	39184	1	FALSE	NA	NA	NA	NA	NA	NA
NC_045512.2	21064	A	G	39178	2514	36	5	0	40	0.000127603	39184	0.363274	FALSE	NA	NA	NA	NA	NA	NA
NC_045512.2	21066	T	C	39653	2530	37	5	1	32	0.000126078	39658	1	FALSE	NA	NA	NA	NA	NA	NA
NC_045512.2	21066	T	-AA	39653	2530	37	1	0	20	2.52156e-05	39658	1	FALSE	NA	NA	NA	NA	NA	NA
NC_045512.2	21066	T	-A	39653	2530	37	18	0	20	0.000453881	39658	1	FALSE	NA	NA	NA	NA	NA	NA
NC_045512.2	21066	T	+A	39653	2530	37	1	0	20	2.52156e-05	39658	1	FALSE	NA	NA	NA	NA	NA	NA
NC_045512.2	21067	A	T	39768	2565	37	2	0	34	5.02828e-05	39775	1	FALSE	NA	NA	NA	NA	NA	NA
NC_045512.2	21067	A	G	39768	2565	37	5	0	47	0.000125707	39775	0.362999	FALSE	NA	NA	NA	NA	NA	NA
NC_045512.2	21068	A	G	39797	2926	37	2	0	34	5.02525e-05	39799	1	FALSE	NA	NA	NA	NA	NA	NA
NC_045512.2	21069	A	G	39846	2959	37	3	0	34	7.52842e-05	39849	1	FALSE	NA	NA	NA	NA	NA	NA
NC_045512.2	21070	A	G	39801	2965	37	2	0	34	5.02462e-05	39804	1	FALSE	NA	NA	NA	NA	NA	NA
NC_045512.2	21070	A	C	39801	2965	37	1	0	68	2.51231e-05	39804	0.499994	FALSE	NA	NA	NA	NA	NA	NA
NC_045512.2	21071	A	G	38942	2970	37	2	0	51	5.13558e-05	38944	0.250003	FALSE	NA	NA	NA	NA	NA	NA
NC_045512.2	21071	A	-TG	38942	2970	37	1	0	20	2.56779e-05	38944	1	FALSE	NA	NA	NA	NA	NA	NA
NC_045512.2	21072	T	C	39832	2990	37	1	0	34	2.51042e-05	39834	1	FALSE	NA	NA	NA	NA	NA	NA
NC_045512.2	21072	T	A	39832	2990	37	1	0	34	2.51042e-05	39834	1	FALSE	NA	NA	NA	NA	NA	NA
NC_045512.2	21073	G	C	39837	2970	37	2	2	47	5.0197e-05	39843	0.812476	FALSE	NA	NA	NA	NA	NA	NA
NC_045512.2	21073	G	A	39837	2970	37	4	1	51	0.000100394	39843	0.062489	FALSE	NA	NA	NA	NA	NA	NA
NC_045512.2	21074	T	C	39889	3169	38	7	0	32	0.000175452	39897	1	FALSE	NA	NA	NA	NA	NA	NA
NC_045512.2	21074	T	A	39889	3169	38	1	0	34	2.50645e-05	39897	1	FALSE	NA	NA	NA	NA	NA	NA
NC_045512.2	21075	T	G	39815	3297	38	1	0	34	2.51143e-05	39818	1	FALSE	NA	NA	NA	NA	NA	NA
NC_045512.2	21075	T	C	39815	3297	38	2	1	51	5.02285e-05	39818	0.249997	FALSE	NA	NA	NA	NA	NA	NA
NC_045512.2	21076	A	G	40000	3337	38	8	1	33	0.00019996	40008	1	FALSE	NA	NA	NA	NA	NA	NA
NC_045512.2	21077	C	T	40430	3359	38	4	0	34	9.89266e-05	40434	1	FALSE	NA	NA	NA	NA	NA	NA
NC_045512.2	21077	C	+A	40430	3359	38	1	0	20	2.47317e-05	40434	1	FALSE	NA	NA	NA	NA	NA	NA
NC_045512.2	21078	A	G	40533	3497	38	1	0	34	2.46706e-05	40534	1	FALSE	NA	NA	NA	NA	NA	NA
NC_045512.2	21079	A	T	40728	3495	38	1	0	26	2.45489e-05	40735	1	FALSE	NA	NA	NA	NA	NA	NA
NC_045512.2	21079	A	G	40728	3495	38	5	1	39	0.000122745	40735	1	FALSE	NA	NA	NA	NA	NA	NA
NC_045512.2	21079	A	C	40728	3495	38	1	0	34	2.45489e-05	40735	1	FALSE	NA	NA	NA	NA	NA	NA
NC_045512.2	21080	A	T	39802	3565	37	1	0	34	2.51231e-05	39804	1	FALSE	NA	NA	NA	NA	NA	NA
NC_045512.2	21080	A	G	39802	3565	37	1	0	34	2.51231e-05	39804	1	FALSE	NA	NA	NA	NA	NA	NA
NC_045512.2	21081	A	T	40858	3557	38	1	0	34	2.4469e-05	40868	1	FALSE	NA	NA	NA	NA	NA	NA
NC_045512.2	21081	A	G	40858	3557	38	9	0	30	0.000220221	40868	0.999999	FALSE	NA	NA	NA	NA	NA	NA
NC_045512.2	21082	G	T	40855	3540	38	3	0	34	7.34196e-05	40861	1	FALSE	NA	NA	NA	NA	NA	NA
NC_045512.2	21082	G	C	40855	3540	38	2	0	34	4.89464e-05	40861	1	FALSE	NA	NA	NA	NA	NA	NA
NC_045512.2	21082	G	A	40855	3540	38	1	1	68	2.44732e-05	40861	0.499976	FALSE	NA	NA	NA	NA	NA	NA
NC_045512.2	21082	G	-A	40855	3540	38	16	0	20	0.000391571	40861	1	FALSE	NA	NA	NA	NA	NA	NA
NC_045512.2	21083	A	G	40892	3663	38	2	0	30	4.89069e-05	40894	1	FALSE	NA	NA	NA	NA	NA	NA
NC_045512.2	21084	A	G	40867	3668	38	8	1	32	0.000195719	40875	1	FALSE	NA	NA	NA	NA	NA	NA
NC_045512.2	21085	A	G	40832	3662	38	3	2	42	7.34664e-05	40835	0.773458	FALSE	NA	NA	NA	NA	NA	NA
NC_045512.2	21085	A	+C	40832	3662	38	2	0	20	4.89776e-05	40835	1	FALSE	NA	NA	NA	NA	NA	NA
NC_045512.2	21086	A	T	40767	3698	38	1	0	34	2.45212e-05	40781	1	FALSE	NA	NA	NA	NA	NA	NA
NC_045512.2	21086	A	G	40767	3698	38	10	0	35	0.000245212	40781	0.999997	FALSE	NA	NA	NA	NA	NA	NA
NC_045512.2	21086	A	C	40767	3698	38	3	2	68	7.35637e-05	40781	0.124949	FALSE	NA	NA	NA	NA	NA	NA
NC_045512.2	21087	T	G	40989	3717	38	1	0	34	2.43938e-05	40994	1	FALSE	NA	NA	NA	NA	NA	NA
NC_045512.2	21087	T	C	40989	3717	38	3	0	34	7.31814e-05	40994	1	FALSE	NA	NA	NA	NA	NA	NA
NC_045512.2	21087	T	A	40989	3717	38	1	0	34	2.43938e-05	40994	1	FALSE	NA	NA	NA	NA	NA	NA
NC_045512.2	21088	G	A	40872	3734	38	6	0	34	0.000146778	40878	1	FALSE	NA	NA	NA	NA	NA	NA
NC_045512.2	21089	A	T	41637	4029	39	1	0	34	2.40108e-05	41648	1	FALSE	NA	NA	NA	NA	NA	NA
NC_045512.2	21089	A	G	41637	4029	39	10	0	33	0.000240108	41648	0.999998	FALSE	NA	NA	NA	NA	NA	NA
NC_045512.2	21090	C	T	41811	4056	39	3	0	34	7.17463e-05	41814	1	FALSE	NA	NA	NA	NA	NA	NA
NC_045512.2	21091	T	C	41708	4066	38	3	0	30	7.192e-05	41713	1	FALSE	NA	NA	NA	NA	NA	NA
NC_045512.2	21091	T	A	41708	4066	38	2	0	34	4.79467e-05	41713	1	FALSE	NA	NA	NA	NA	NA	NA
NC_045512.2	21092	C	T	42035	4145	39	1	0	34	2.37886e-05	42037	1	FALSE	NA	NA	NA	NA	NA	NA
NC_045512.2	21092	C	A	42035	4145	39	1	0	34	2.37886e-05	42037	1	FALSE	NA	NA	NA	NA	NA	NA
NC_045512.2	21093	T	C	42099	4139	39	5	0	39	0.000118751	42105	1	FALSE	NA	NA	NA	NA	NA	NA
NC_045512.2	21093	T	A	42099	4139	39	1	0	34	2.37501e-05	42105	1	FALSE	NA	NA	NA	NA	NA	NA
NC_045512.2	21093	T	-A	42099	4139	39	4	0	20	9.50006e-05	42105	1	FALSE	NA	NA	NA	NA	NA	NA
NC_045512.2	21094	A	G	41979	4153	39	2	0	34	4.76406e-05	41981	1	FALSE	NA	NA	NA	NA	NA	NA
NC_045512.2	21095	A	G	40927	4164	38	3	0	34	7.32959e-05	40930	1	FALSE	NA	NA	NA	NA	NA	NA
NC_045512.2	21095	A	-AG	40927	4164	38	3	0	20	7.32959e-05	40930	1	FALSE	NA	NA	NA	NA	NA	NA
NC_045512.2	21096	A	T	40255	4169	38	1	0	26	2.48398e-05	40258	1	FALSE	NA	NA	NA	NA	NA	NA
NC_045512.2	21096	A	G	40255	4169	38	2	0	34	4.96796e-05	40258	1	FALSE	NA	NA	NA	NA	NA	NA
NC_045512.2	21097	G	-A	42178	4167	39	3056	0	20	0.0724497	42181	0	TRUE	NA	NA	NA	NA	NA	NA
NC_045512.2	21098	A	G	37504	3796	39	365	56	34	0.00963849	37869	4.86569e-73	TRUE	NA	NA	NA	NA	NA	NA
NC_045512.2	21099	G	A	41895	4137	39	1	0	68	2.38686e-05	41896	0.500006	FALSE	NA	NA	NA	NA	NA	NA
NC_045512.2	21100	G	A	41767	4122	39	1	0	27	2.39418e-05	41768	1	FALSE	NA	NA	NA	NA	NA	NA
NC_045512.2	21101	G	-T	38990	4448	39	37	0	20	0.000948961	38990	1	FALSE	NA	NA	NA	NA	NA	NA
NC_045512.2	21101	G	+T	38990	4448	39	3	0	20	7.69428e-05	38990	1	FALSE	NA	NA	NA	NA	NA	NA
NC_045512.2	21102	T	G	38901	4530	39	7	1	37	0.000179898	38911	1	FALSE	NA	NA	NA	NA	NA	NA
NC_045512.2	21102	T	C	38901	4530	39	2	0	30	5.13993e-05	38911	1	FALSE	NA	NA	NA	NA	NA	NA
NC_045512.2	21102	T	A	38901	4530	39	1	0	26	2.56997e-05	38911	1	FALSE	NA	NA	NA	NA	NA	NA
NC_045512.2	21103	T	C	37362	4645	39	3	0	31	8.0289e-05	37365	1	FALSE	NA	NA	NA	NA	NA	NA
NC_045512.2	21104	T	C	37366	4774	39	2	0	34	5.35217e-05	37368	1	FALSE	NA	NA	NA	NA	NA	NA
NC_045512.2	21105	T	C	37379	4891	39	2	0	34	5.35003e-05	37383	1	FALSE	NA	NA	NA	NA	NA	NA
NC_045512.2	21105	T	A	37379	4891	39	2	0	26	5.35003e-05	37383	1	FALSE	NA	NA	NA	NA	NA	NA
NC_045512.2	21106	T	C	36926	5273	40	3	0	31	8.1237e-05	36929	1	FALSE	NA	NA	NA	NA	NA	NA
NC_045512.2	21107	T	C	36760	5299	40	10	1	36	0.000271961	36770	0.99998	FALSE	NA	NA	NA	NA	NA	NA
NC_045512.2	21108	C	T	30247	6351	38	1	0	34	3.306e-05	30248	1	FALSE	NA	NA	NA	NA	NA	NA
NC_045512.2	21109	A	G	30122	6275	38	4	0	42	0.000132776	30126	0.500018	FALSE	NA	NA	NA	NA	NA	NA
NC_045512.2	21110	C	T	27230	6702	38	2	1	34	7.3443e-05	27232	1	FALSE	NA	NA	NA	NA	NA	NA
NC_045512.2	21111	T	C	27208	6660	38	2	1	30	7.34997e-05	27211	1	FALSE	NA	NA	NA	NA	NA	NA
NC_045512.2	21111	T	A	27208	6660	38	1	0	34	3.67498e-05	27211	1	FALSE	NA	NA	NA	NA	NA	NA
NC_045512.2	21112	T	C	27480	7168	38	1	0	34	3.63848e-05	27484	1	FALSE	NA	NA	NA	NA	NA	NA
NC_045512.2	21112	T	A	27480	7168	38	3	0	34	0.000109154	27484	1	FALSE	NA	NA	NA	NA	NA	NA
NC_045512.2	21113	A	T	26718	7334	38	1	0	34	3.74237e-05	26721	1	FALSE	NA	NA	NA	NA	NA	NA
NC_045512.2	21113	A	G	26718	7334	38	2	0	34	7.48475e-05	26721	1	FALSE	NA	NA	NA	NA	NA	NA
NC_045512.2	21114	C	T	26817	7512	38	3	0	34	0.000111844	26823	0.999999	FALSE	NA	NA	NA	NA	NA	NA
NC_045512.2	21114	C	G	26817	7512	38	2	0	26	7.45629e-05	26823	1	FALSE	NA	NA	NA	NA	NA	NA
NC_045512.2	21114	C	A	26817	7512	38	1	0	68	3.72814e-05	26823	0.499963	FALSE	NA	NA	NA	NA	NA	NA
NC_045512.2	21115	A	G	26703	7570	38	2	0	51	7.48923e-05	26705	0.250005	FALSE	NA	NA	NA	NA	NA	NA
NC_045512.2	21115	A	-T	26703	7570	38	1	0	20	3.74462e-05	26705	1	FALSE	NA	NA	NA	NA	NA	NA
NC_045512.2	21116	T	C	25737	7241	37	3	1	40	0.00011655	25740	0.5	FALSE	NA	NA	NA	NA	NA	NA
NC_045512.2	21117	T	C	26423	7938	38	4	2	49	0.00015136	26427	0.343759	FALSE	NA	NA	NA	NA	NA	NA
NC_045512.2	21118	T	C	26046	8032	38	1	0	34	3.83921e-05	26047	1	FALSE	NA	NA	NA	NA	NA	NA
NC_045512.2	21119	G	T	25966	8017	38	2	2	27	7.70119e-05	25970	1	FALSE	NA	NA	NA	NA	NA	NA
NC_045512.2	21119	G	A	25966	8017	38	2	0	34	7.70119e-05	25970	1	FALSE	NA	NA	NA	NA	NA	NA
NC_045512.2	21120	T	A	25328	8339	38	1	0	34	3.94804e-05	25329	1	FALSE	NA	NA	NA	NA	NA	NA
NC_045512.2	21121	G	T	25048	8271	38	178	52	39	0.00705509	25230	4.76978e-30	TRUE	NA	NA	NA	NA	NA	NA
NC_045512.2	21121	G	A	25048	8271	38	4	2	68	0.000158541	25230	0.0616172	FALSE	NA	NA	NA	NA	NA	NA
NC_045512.2	21123	G	C	26166	8330	38	2	0	34	7.64205e-05	26171	1	FALSE	NA	NA	NA	NA	NA	NA
NC_045512.2	21123	G	A	26166	8330	38	3	2	34	0.000114631	26171	0.999999	FALSE	NA	NA	NA	NA	NA	NA
NC_045512.2	21124	T	G	25642	7979	37	1	0	26	3.89924e-05	25646	1	FALSE	NA	NA	NA	NA	NA	NA
NC_045512.2	21124	T	C	25642	7979	37	2	2	51	7.79849e-05	25646	0.249985	FALSE	NA	NA	NA	NA	NA	NA
NC_045512.2	21124	T	A	25642	7979	37	1	0	26	3.89924e-05	25646	1	FALSE	NA	NA	NA	NA	NA	NA
NC_045512.2	21125	T	G	26267	8646	38	2	0	34	7.61325e-05	26270	1	FALSE	NA	NA	NA	NA	NA	NA
NC_045512.2	21125	T	C	26267	8646	38	1	0	34	3.80662e-05	26270	1	FALSE	NA	NA	NA	NA	NA	NA
NC_045512.2	21126	T	A	26294	8713	38	1	0	68	3.803e-05	26295	0.50001	FALSE	NA	NA	NA	NA	NA	NA
NC_045512.2	21126	T	-ATA	26294	8713	38	3	0	20	0.00011409	26295	1	FALSE	NA	NA	NA	NA	NA	NA
NC_045512.2	21127	A	T	26286	8746	38	1	1	20	3.80387e-05	26289	1	FALSE	NA	NA	NA	NA	NA	NA
NC_045512.2	21127	A	G	26286	8746	38	2	1	40	7.60774e-05	26289	0.687464	FALSE	NA	NA	NA	NA	NA	NA
NC_045512.2	21128	T	C	26307	8822	38	4	2	31	0.000152022	26312	0.999996	FALSE	NA	NA	NA	NA	NA	NA
NC_045512.2	21128	T	A	26307	8822	38	1	0	34	3.80055e-05	26312	1	FALSE	NA	NA	NA	NA	NA	NA
NC_045512.2	21129	A	G	25808	8816	37	4	1	51	0.000154967	25812	0.0624831	FALSE	NA	NA	NA	NA	NA	NA
NC_045512.2	21130	C	T	26375	8936	38	1	0	34	3.79046e-05	26382	1	FALSE	NA	NA	NA	NA	NA	NA
NC_045512.2	21130	C	G	26375	8936	38	2	0	34	7.58093e-05	26382	1	FALSE	NA	NA	NA	NA	NA	NA
NC_045512.2	21130	C	A	26375	8936	38	4	4	34	0.000151619	26382	0.999996	FALSE	NA	NA	NA	NA	NA	NA
NC_045512.2	21131	A	G	25740	8274	38	6	5	45	0.000233046	25746	0.144525	FALSE	NA	NA	NA	NA	NA	NA
NC_045512.2	21132	A	G	25900	8318	38	3	1	40	0.000115817	25903	0.500018	FALSE	NA	NA	NA	NA	NA	NA
NC_045512.2	21133	C	G	25963	8806	38	1	0	34	3.85149e-05	25964	1	FALSE	NA	NA	NA	NA	NA	NA
NC_045512.2	21133	C	-A	25963	8806	38	2	0	20	7.70297e-05	25964	1	FALSE	NA	NA	NA	NA	NA	NA
NC_045512.2	21134	A	G	26410	9291	39	1	1	68	3.78616e-05	26412	0.499981	FALSE	NA	NA	NA	NA	NA	NA
NC_045512.2	21134	A	C	26410	9291	39	1	0	34	3.78616e-05	26412	1	FALSE	NA	NA	NA	NA	NA	NA
NC_045512.2	21136	A	G	25298	9440	38	1	0	34	3.95273e-05	25299	1	FALSE	NA	NA	NA	NA	NA	NA
NC_045512.2	21137	A	G	25242	9695	38	4	1	42	0.000158435	25247	0.343741	FALSE	NA	NA	NA	NA	NA	NA
NC_045512.2	21137	A	C	25242	9695	38	1	1	34	3.96087e-05	25247	1	FALSE	NA	NA	NA	NA	NA	NA
NC_045512.2	21139	C	T	24736	9706	38	2	0	34	8.08309e-05	24743	1	FALSE	NA	NA	NA	NA	NA	NA
NC_045512.2	21139	C	A	24736	9706	38	5	0	34	0.000202077	24743	0.999948	FALSE	NA	NA	NA	NA	NA	NA
NC_045512.2	21140	T	C	25122	10211	38	4	2	51	0.000159198	25126	0.0624975	FALSE	NA	NA	NA	NA	NA	NA
NC_045512.2	21141	A	T	25150	10237	39	1	1	24	3.97519e-05	25156	1	FALSE	NA	NA	NA	NA	NA	NA
NC_045512.2	21141	A	G	25150	10237	39	5	2	47	0.00019876	25156	0.226546	FALSE	NA	NA	NA	NA	NA	NA
NC_045512.2	21142	G	C	25209	10240	39	1	1	34	3.96668e-05	25210	1	FALSE	NA	NA	NA	NA	NA	NA
NC_045512.2	21144	T	C	20456	8188	36	4	0	34	0.000195494	20461	0.999862	FALSE	NA	NA	NA	NA	NA	NA
NC_045512.2	21144	T	A	20456	8188	36	1	1	27	4.88735e-05	20461	1	FALSE	NA	NA	NA	NA	NA	NA
NC_045512.2	21145	C	T	22829	11274	37	1	1	34	4.3802e-05	22830	1	FALSE	NA	NA	NA	NA	NA	NA
NC_045512.2	21145	C	-T	22829	11274	37	1	0	20	4.3802e-05	22830	1	FALSE	NA	NA	NA	NA	NA	NA
NC_045512.2	21146	T	C	22258	10710	37	1	1	34	4.49256e-05	22259	1	FALSE	NA	NA	NA	NA	NA	NA
NC_045512.2	21147	T	C	22855	11400	37	3	1	35	0.000131245	22858	0.99999	FALSE	NA	NA	NA	NA	NA	NA
NC_045512.2	21148	G	A	22819	11470	38	1	0	68	4.38212e-05	22820	0.500011	FALSE	NA	NA	NA	NA	NA	NA
NC_045512.2	21149	G	T	22814	11486	38	1	1	26	4.38289e-05	22816	1	FALSE	NA	NA	NA	NA	NA	NA
NC_045512.2	21149	G	C	22814	11486	38	1	0	68	4.38289e-05	22816	0.5	FALSE	NA	NA	NA	NA	NA	NA
NC_045512.2	21150	A	G	22003	11674	37	10	10	34	0.000454277	22013	0.989995	FALSE	NA	NA	NA	NA	NA	NA
NC_045512.2	21151	G	T	21769	11564	37	1	1	34	4.59348e-05	21770	1	FALSE	NA	NA	NA	NA	NA	NA
NC_045512.2	21152	G	T	20390	11369	37	1	1	46	4.90412e-05	20391	0.875018	FALSE	NA	NA	NA	NA	NA	NA
NC_045512.2	21155	C	T	20530	11948	37	6	6	34	0.00029217	20536	0.998757	FALSE	NA	NA	NA	NA	NA	NA
NC_045512.2	21156	C	T	20359	11927	37	1	1	34	4.91135e-05	20361	1	FALSE	NA	NA	NA	NA	NA	NA
NC_045512.2	21156	C	A	20359	11927	37	1	0	34	4.91135e-05	20361	1	FALSE	NA	NA	NA	NA	NA	NA
NC_045512.2	21157	G	A	20371	11926	37	1	1	34	4.9087e-05	20372	1	FALSE	NA	NA	NA	NA	NA	NA
NC_045512.2	21158	T	C	19827	12079	36	1	1	34	5.04337e-05	19828	0.999999	FALSE	NA	NA	NA	NA	NA	NA
NC_045512.2	21159	G	C	19775	12058	36	1	1	34	5.05663e-05	19776	0.999999	FALSE	NA	NA	NA	NA	NA	NA
NC_045512.2	21160	G	A	20216	12071	36	2	2	34	9.89218e-05	20218	0.999995	FALSE	NA	NA	NA	NA	NA	NA
NC_045512.2	21161	C	A	20230	12053	36	2	0	34	9.88533e-05	20232	0.999995	FALSE	NA	NA	NA	NA	NA	NA
NC_045512.2	21162	T	C	20116	11935	36	2	1	34	9.94135e-05	20118	0.999995	FALSE	NA	NA	NA	NA	NA	NA
NC_045512.2	21163	A	T	20589	12465	37	1	1	34	4.85649e-05	20591	1	FALSE	NA	NA	NA	NA	NA	NA
NC_045512.2	21163	A	G	20589	12465	37	1	0	34	4.85649e-05	20591	1	FALSE	NA	NA	NA	NA	NA	NA
NC_045512.2	21164	T	C	20299	12566	36	1	1	26	4.92611e-05	20300	1	FALSE	NA	NA	NA	NA	NA	NA
NC_045512.2	21165	A	G	20282	12560	36	1	1	34	4.93024e-05	20283	1	FALSE	NA	NA	NA	NA	NA	NA
NC_045512.2	21166	A	G	20261	12645	36	1	1	34	4.93535e-05	20262	1	FALSE	NA	NA	NA	NA	NA	NA
NC_045512.2	21167	A	G	20395	12641	36	2	1	34	9.80536e-05	20397	0.999995	FALSE	NA	NA	NA	NA	NA	NA
NC_045512.2	21168	G	C	20566	12579	36	2	2	34	9.72384e-05	20568	0.999995	FALSE	NA	NA	NA	NA	NA	NA
NC_045512.2	21169	A	G	20102	12209	36	2	1	30	9.94827e-05	20104	0.999995	FALSE	NA	NA	NA	NA	NA	NA
NC_045512.2	21170	T	G	20194	12138	36	2	0	34	9.90099e-05	20200	0.999995	FALSE	NA	NA	NA	NA	NA	NA
NC_045512.2	21170	T	C	20194	12138	36	4	4	37	0.00019802	20200	0.999862	FALSE	NA	NA	NA	NA	NA	NA
NC_045512.2	21171	A	T	20264	12231	36	3	2	31	0.000148017	20268	0.999967	FALSE	NA	NA	NA	NA	NA	NA
NC_045512.2	21171	A	G	20264	12231	36	1	1	34	4.93389e-05	20268	1	FALSE	NA	NA	NA	NA	NA	NA
NC_045512.2	21172	A	T	20332	12237	36	2	2	34	9.83526e-05	20335	0.999995	FALSE	NA	NA	NA	NA	NA	NA
NC_045512.2	21172	A	G	20332	12237	36	1	1	68	4.91763e-05	20335	0.499988	FALSE	NA	NA	NA	NA	NA	NA
NC_045512.2	21173	C	T	20334	12248	36	6	5	34	0.000294985	20340	0.998757	FALSE	NA	NA	NA	NA	NA	NA
NC_045512.2	21174	A	G	19993	11913	36	1	1	34	5.0015e-05	19994	0.999999	FALSE	NA	NA	NA	NA	NA	NA
NC_045512.2	21175	G	C	20044	11897	36	1	0	34	4.98853e-05	20046	1	FALSE	NA	NA	NA	NA	NA	NA
NC_045512.2	21175	G	A	20044	11897	36	1	1	34	4.98853e-05	20046	1	FALSE	NA	NA	NA	NA	NA	NA
NC_045512.2	21176	A	G	19786	11644	36	2	0	30	0.000101071	19788	0.99999	FALSE	NA	NA	NA	NA	NA	NA
NC_045512.2	21177	A	G	19656	11614	36	3	2	34	0.000152602	19659	0.99994	FALSE	NA	NA	NA	NA	NA	NA
NC_045512.2	21179	A	G	19241	11637	36	1	1	34	5.19696e-05	19242	0.999999	FALSE	NA	NA	NA	NA	NA	NA
NC_045512.2	21182	C	T	19306	11647	36	7	7	34	0.00036245	19313	0.995336	FALSE	NA	NA	NA	NA	NA	NA
NC_045512.2	21183	T	G	18987	11331	36	1	1	34	5.26565e-05	18991	0.999998	FALSE	NA	NA	NA	NA	NA	NA
NC_045512.2	21183	T	C	18987	11331	36	3	1	30	0.00015797	18991	0.99989	FALSE	NA	NA	NA	NA	NA	NA
NC_045512.2	21184	T	C	19242	11609	36	2	2	51	0.000103928	19244	0.250006	FALSE	NA	NA	NA	NA	NA	NA
NC_045512.2	21185	G	T	19229	11613	36	1	0	34	5.20021e-05	19230	0.999999	FALSE	NA	NA	NA	NA	NA	NA
NC_045512.2	21186	G	-A	19314	11716	36	1	0	20	5.17759e-05	19314	1	FALSE	NA	NA	NA	NA	NA	NA
NC_045512.2	21187	A	T	19263	11659	36	1	1	34	5.18941e-05	19270	0.999999	FALSE	NA	NA	NA	NA	NA	NA
NC_045512.2	21187	A	G	19263	11659	36	6	3	32	0.000311365	19270	0.997966	FALSE	NA	NA	NA	NA	NA	NA
NC_045512.2	21188	A	G	19639	11928	36	3	3	34	0.000152734	19642	0.99994	FALSE	NA	NA	NA	NA	NA	NA
NC_045512.2	21189	T	C	19280	11571	36	1	1	34	5.18645e-05	19281	0.999999	FALSE	NA	NA	NA	NA	NA	NA
NC_045512.2	21190	G	T	18870	11649	36	2	1	34	0.000105977	18872	0.99998	FALSE	NA	NA	NA	NA	NA	NA
NC_045512.2	21191	C	T	18647	11817	36	3	3	34	0.000160849	18651	0.99989	FALSE	NA	NA	NA	NA	NA	NA
NC_045512.2	21191	C	G	18647	11817	36	1	0	34	5.36164e-05	18651	0.999998	FALSE	NA	NA	NA	NA	NA	NA
NC_045512.2	21192	T	A	19389	12619	36	1	1	34	5.1573e-05	19390	0.999999	FALSE	NA	NA	NA	NA	NA	NA
NC_045512.2	21193	G	T	19528	12674	36	1	0	34	5.12059e-05	19529	0.999999	FALSE	NA	NA	NA	NA	NA	NA
NC_045512.2	21194	A	T	19830	13045	36	1	0	34	5.04236e-05	19832	0.999999	FALSE	NA	NA	NA	NA	NA	NA
NC_045512.2	21194	A	G	19830	13045	36	1	1	26	5.04236e-05	19832	1	FALSE	NA	NA	NA	NA	NA	NA
NC_045512.2	21198	T	C	21024	13912	36	2	1	34	9.51203e-05	21026	0.999997	FALSE	NA	NA	NA	NA	NA	NA
NC_045512.2	21199	T	C	21008	13898	36	4	3	34	0.000190367	21012	0.999922	FALSE	NA	NA	NA	NA	NA	NA
NC_045512.2	21200	A	G	20864	13921	36	1	1	34	4.79272e-05	20865	1	FALSE	NA	NA	NA	NA	NA	NA
NC_045512.2	21201	T	C	20990	14109	36	1	1	26	4.76395e-05	20991	1	FALSE	NA	NA	NA	NA	NA	NA
NC_045512.2	21202	A	C	20736	13977	36	7	5	34	0.000337463	20743	0.997047	FALSE	NA	NA	NA	NA	NA	NA
NC_045512.2	21203	A	T	20825	14051	36	1	0	68	4.80146e-05	20827	0.5	FALSE	NA	NA	NA	NA	NA	NA
NC_045512.2	21203	A	G	20825	14051	36	1	1	34	4.80146e-05	20827	1	FALSE	NA	NA	NA	NA	NA	NA
NC_045512.2	21204	G	A	21144	14030	36	1	1	34	4.72925e-05	21145	1	FALSE	NA	NA	NA	NA	NA	NA
NC_045512.2	21206	T	C	20744	13520	36	5	5	30	0.000240975	20749	0.999546	FALSE	NA	NA	NA	NA	NA	NA
NC_045512.2	21207	C	A	20534	13222	36	1	0	26	4.86973e-05	20535	1	FALSE	NA	NA	NA	NA	NA	NA
NC_045512.2	21208	A	T	20539	13214	36	1	1	34	4.86855e-05	20540	1	FALSE	NA	NA	NA	NA	NA	NA
NC_045512.2	21209	T	G	20511	13270	36	1	0	26	4.87496e-05	20513	1	FALSE	NA	NA	NA	NA	NA	NA
NC_045512.2	21209	T	C	20511	13270	36	1	0	46	4.87496e-05	20513	0.875009	FALSE	NA	NA	NA	NA	NA	NA
NC_045512.2	21209	T	-G	20511	13270	36	1	0	20	4.87496e-05	20513	1	FALSE	NA	NA	NA	NA	NA	NA
NC_045512.2	21210	G	C	20481	13260	36	1	1	34	4.8821e-05	20483	1	FALSE	NA	NA	NA	NA	NA	NA
NC_045512.2	21210	G	A	20481	13260	36	1	1	68	4.8821e-05	20483	0.499988	FALSE	NA	NA	NA	NA	NA	NA
NC_045512.2	21211	G	T	20621	13342	36	2	2	34	9.69791e-05	20623	0.999995	FALSE	NA	NA	NA	NA	NA	NA
NC_045512.2	21212	G	T	20618	13331	36	1	0	34	4.84966e-05	20620	1	FALSE	NA	NA	NA	NA	NA	NA
NC_045512.2	21212	G	A	20618	13331	36	1	1	26	4.84966e-05	20620	1	FALSE	NA	NA	NA	NA	NA	NA
NC_045512.2	21213	A	G	19964	12645	36	4	3	34	0.000200321	19968	0.999757	FALSE	NA	NA	NA	NA	NA	NA
NC_045512.2	21214	C	T	19791	12741	36	2	2	34	0.000101046	19793	0.99999	FALSE	NA	NA	NA	NA	NA	NA
NC_045512.2	21215	A	T	19560	12461	36	1	1	26	5.11195e-05	19562	1	FALSE	NA	NA	NA	NA	NA	NA
NC_045512.2	21215	A	G	19560	12461	36	1	0	34	5.11195e-05	19562	0.999999	FALSE	NA	NA	NA	NA	NA	NA
NC_045512.2	21217	T	A	19713	12647	36	1	0	34	5.07254e-05	19714	0.999999	FALSE	NA	NA	NA	NA	NA	NA
NC_045512.2	21218	T	C	20874	13879	36	4	3	32	0.000191589	20878	0.999862	FALSE	NA	NA	NA	NA	NA	NA
NC_045512.2	21219	C	T	20873	13894	36	1	1	68	4.78973e-05	20878	0.499964	FALSE	NA	NA	NA	NA	NA	NA
NC_045512.2	21219	C	G	20873	13894	36	1	1	34	4.78973e-05	20878	1	FALSE	NA	NA	NA	NA	NA	NA
NC_045512.2	21219	C	A	20873	13894	36	3	1	34	0.000143692	20878	0.999967	FALSE	NA	NA	NA	NA	NA	NA
NC_045512.2	21220	G	T	20685	13662	36	1	1	34	4.83372e-05	20688	1	FALSE	NA	NA	NA	NA	NA	NA
NC_045512.2	21220	G	A	20685	13662	36	2	0	34	9.66744e-05	20688	0.999995	FALSE	NA	NA	NA	NA	NA	NA
NC_045512.2	21221	C	T	21734	14839	37	2	1	29	9.20048e-05	21738	1	FALSE	NA	NA	NA	NA	NA	NA
NC_045512.2	21221	C	A	21734	14839	37	2	0	34	9.20048e-05	21738	0.999997	FALSE	NA	NA	NA	NA	NA	NA
NC_045512.2	21222	A	G	21636	14877	36	4	3	34	0.000184843	21640	0.999922	FALSE	NA	NA	NA	NA	NA	NA
NC_045512.2	21223	T	C	20943	15039	36	2	2	30	9.54882e-05	20945	0.999995	FALSE	NA	NA	NA	NA	NA	NA
NC_045512.2	21224	G	C	20799	14894	36	1	1	26	4.80677e-05	20804	1	FALSE	NA	NA	NA	NA	NA	NA
NC_045512.2	21224	G	A	20799	14894	36	4	3	34	0.000192271	20804	0.999862	FALSE	NA	NA	NA	NA	NA	NA
NC_045512.2	21225	G	T	21136	14824	36	1	1	34	4.73104e-05	21137	1	FALSE	NA	NA	NA	NA	NA	NA
NC_045512.2	21226	T	C	22696	16680	36	4	4	34	0.000176211	22700	0.999956	FALSE	NA	NA	NA	NA	NA	NA
NC_045512.2	21226	T	-G	22696	16680	36	1	0	20	4.40529e-05	22700	1	FALSE	NA	NA	NA	NA	NA	NA
NC_045512.2	21227	G	A	23053	16997	37	2	2	34	8.67491e-05	23055	0.999999	FALSE	NA	NA	NA	NA	NA	NA
NC_045512.2	21228	G	T	23229	17224	37	2	2	30	8.60919e-05	23231	0.999999	FALSE	NA	NA	NA	NA	NA	NA
NC_045512.2	21229	A	T	23110	17108	37	1	1	34	4.3262e-05	23115	1	FALSE	NA	NA	NA	NA	NA	NA
NC_045512.2	21229	A	G	23110	17108	37	4	4	34	0.000173048	23115	0.999975	FALSE	NA	NA	NA	NA	NA	NA
NC_045512.2	21230	C	T	23044	17181	37	1	1	34	4.33934e-05	23045	1	FALSE	NA	NA	NA	NA	NA	NA
NC_045512.2	21231	A	T	22764	17030	36	4	4	34	0.000175677	22769	0.999956	FALSE	NA	NA	NA	NA	NA	NA
NC_045512.2	21231	A	C	22764	17030	36	1	1	34	4.39194e-05	22769	1	FALSE	NA	NA	NA	NA	NA	NA
NC_045512.2	21232	G	A	23150	17006	37	3	0	34	0.000129573	23153	0.999995	FALSE	NA	NA	NA	NA	NA	NA
NC_045512.2	21234	C	T	25562	19948	37	2	2	51	7.8232e-05	25565	0.249995	FALSE	NA	NA	NA	NA	NA	NA
NC_045512.2	21234	C	A	25562	19948	37	1	0	34	3.9116e-05	25565	1	FALSE	NA	NA	NA	NA	NA	NA
NC_045512.2	21235	T	G	24436	18840	36	11	5	46	0.000449824	24454	0.0112091	FALSE	NA	NA	NA	NA	NA	NA
NC_045512.2	21235	T	C	24436	18840	36	3	2	34	0.000122679	24454	0.999997	FALSE	NA	NA	NA	NA	NA	NA
NC_045512.2	21235	T	A	24436	18840	36	4	1	34	0.000163572	24454	0.999986	FALSE	NA	NA	NA	NA	NA	NA
NC_045512.2	21237	T	C	24821	19259	37	4	3	32	0.000161128	24825	0.999986	FALSE	NA	NA	NA	NA	NA	NA
NC_045512.2	21238	G	T	24569	19290	37	1	1	34	4.07e-05	24570	1	FALSE	NA	NA	NA	NA	NA	NA
NC_045512.2	21239	T	C	25023	19639	37	6	4	31	0.000239722	25029	0.999904	FALSE	NA	NA	NA	NA	NA	NA
NC_045512.2	21240	T	C	25049	19687	37	2	2	34	7.98371e-05	25051	1	FALSE	NA	NA	NA	NA	NA	NA
NC_045512.2	21241	A	C	23929	18560	37	1	1	34	4.17885e-05	23930	1	FALSE	NA	NA	NA	NA	NA	NA
NC_045512.2	21242	C	G	23637	18792	37	1	0	34	4.23048e-05	23638	1	FALSE	NA	NA	NA	NA	NA	NA
NC_045512.2	21243	T	C	23477	18641	37	2	2	34	8.51789e-05	23480	0.999999	FALSE	NA	NA	NA	NA	NA	NA
NC_045512.2	21243	T	A	23477	18641	37	1	1	24	4.25894e-05	23480	1	FALSE	NA	NA	NA	NA	NA	NA
NC_045512.2	21244	A	G	23766	18904	37	2	1	51	8.41468e-05	23768	0.250005	FALSE	NA	NA	NA	NA	NA	NA
NC_045512.2	21245	A	G	23774	18956	36	1	0	34	4.20557e-05	23778	1	FALSE	NA	NA	NA	NA	NA	NA
NC_045512.2	21245	A	C	23774	18956	36	3	3	31	0.000126167	23778	0.999995	FALSE	NA	NA	NA	NA	NA	NA
NC_045512.2	21246	T	C	23930	19252	37	3	3	34	0.00012535	23933	0.999995	FALSE	NA	NA	NA	NA	NA	NA
NC_045512.2	21247	G	C	24092	19371	37	1	1	34	4.15007e-05	24096	1	FALSE	NA	NA	NA	NA	NA	NA
NC_045512.2	21247	G	A	24092	19371	37	3	2	34	0.000124502	24096	0.999997	FALSE	NA	NA	NA	NA	NA	NA
NC_045512.2	21248	T	C	23533	18873	37	1	1	26	4.24917e-05	23534	1	FALSE	NA	NA	NA	NA	NA	NA
NC_045512.2	21249	G	C	23726	19037	37	10	10	31	0.000421283	23737	0.99325	FALSE	NA	NA	NA	NA	NA	NA
NC_045512.2	21249	G	A	23726	19037	37	1	0	34	4.21283e-05	23737	1	FALSE	NA	NA	NA	NA	NA	NA
NC_045512.2	21250	A	T	23771	19117	37	1	1	26	4.20592e-05	23776	1	FALSE	NA	NA	NA	NA	NA	NA
NC_045512.2	21250	A	G	23771	19117	37	2	2	34	8.41184e-05	23776	0.999999	FALSE	NA	NA	NA	NA	NA	NA
NC_045512.2	21250	A	C	23771	19117	37	2	2	34	8.41184e-05	23776	0.999999	FALSE	NA	NA	NA	NA	NA	NA
NC_045512.2	21251	A	G	23794	19152	37	1	1	34	4.20256e-05	23795	1	FALSE	NA	NA	NA	NA	NA	NA
NC_045512.2	21252	T	G	23733	19096	37	1	1	34	4.21301e-05	23736	1	FALSE	NA	NA	NA	NA	NA	NA
NC_045512.2	21252	T	C	23733	19096	37	2	0	51	8.42602e-05	23736	0.249995	FALSE	NA	NA	NA	NA	NA	NA
NC_045512.2	21253	G	T	23191	18625	37	1	1	34	4.31183e-05	23192	1	FALSE	NA	NA	NA	NA	NA	NA
NC_045512.2	21254	C	T	24103	19963	37	5	5	34	0.000207391	24109	0.999948	FALSE	NA	NA	NA	NA	NA	NA
NC_045512.2	21254	C	A	24103	19963	37	1	1	34	4.14783e-05	24109	1	FALSE	NA	NA	NA	NA	NA	NA
NC_045512.2	21255	G	C	24337	19839	37	2	2	34	8.21355e-05	24350	1	FALSE	NA	NA	NA	NA	NA	NA
NC_045512.2	21255	G	A	24337	19839	37	11	5	34	0.000451745	24350	0.99168	FALSE	NA	NA	NA	NA	NA	NA
NC_045512.2	21256	T	C	24125	19623	37	18	11	44	0.000745558	24143	0.000200787	TRUE	NA	NA	NA	NA	NA	NA
NC_045512.2	21257	C	T	24155	19656	37	1	1	34	4.13959e-05	24157	1	FALSE	NA	NA	NA	NA	NA	NA
NC_045512.2	21257	C	A	24155	19656	37	1	1	26	4.13959e-05	24157	1	FALSE	NA	NA	NA	NA	NA	NA
NC_045512.2	21258	A	T	24110	19619	37	1	1	34	4.14731e-05	24112	1	FALSE	NA	NA	NA	NA	NA	NA
NC_045512.2	21258	A	G	24110	19619	37	1	1	68	4.14731e-05	24112	0.5	FALSE	NA	NA	NA	NA	NA	NA
NC_045512.2	21259	T	C	24681	20265	37	2	2	34	8.10274e-05	24683	1	FALSE	NA	NA	NA	NA	NA	NA
NC_045512.2	21261	A	C	24670	20560	37	1	1	34	4.05334e-05	24671	1	FALSE	NA	NA	NA	NA	NA	NA
NC_045512.2	21262	T	C	24810	20740	37	1	1	34	4.03047e-05	24811	1	FALSE	NA	NA	NA	NA	NA	NA
NC_045512.2	21263	C	T	24928	21025	37	1	0	68	4.01123e-05	24930	0.5	FALSE	NA	NA	NA	NA	NA	NA
NC_045512.2	21263	C	A	24928	21025	37	1	1	34	4.01123e-05	24930	1	FALSE	NA	NA	NA	NA	NA	NA
NC_045512.2	21264	T	C	26248	22548	37	9	5	33	0.000342766	26257	0.999064	FALSE	NA	NA	NA	NA	NA	NA
NC_045512.2	21266	A	T	27836	24277	37	1	1	34	3.59221e-05	27838	1	FALSE	NA	NA	NA	NA	NA	NA
NC_045512.2	21266	A	G	27836	24277	37	1	1	34	3.59221e-05	27838	1	FALSE	NA	NA	NA	NA	NA	NA
NC_045512.2	21267	A	T	27856	24310	37	1	1	26	3.5895e-05	27859	1	FALSE	NA	NA	NA	NA	NA	NA
NC_045512.2	21267	A	G	27856	24310	37	2	2	51	7.17901e-05	27859	0.249996	FALSE	NA	NA	NA	NA	NA	NA
NC_045512.2	21270	A	G	29216	26099	37	1	1	34	3.42243e-05	29219	1	FALSE	NA	NA	NA	NA	NA	NA
NC_045512.2	21270	A	C	29216	26099	37	2	2	30	6.84486e-05	29219	1	FALSE	NA	NA	NA	NA	NA	NA
NC_045512.2	21270	A	-T	29216	26099	37	25	0	20	0.000855608	29219	1	FALSE	NA	NA	NA	NA	NA	NA
NC_045512.2	21271	T	G	29103	26052	37	1	1	34	3.43513e-05	29111	1	FALSE	NA	NA	NA	NA	NA	NA
NC_045512.2	21271	T	A	29103	26052	37	7	7	34	0.000240459	29111	0.999965	FALSE	NA	NA	NA	NA	NA	NA
NC_045512.2	21273	T	C	29992	27070	37	1	0	34	3.33411e-05	29993	1	FALSE	NA	NA	NA	NA	NA	NA
NC_045512.2	21274	T	C	29900	27022	37	1	1	34	3.34437e-05	29901	1	FALSE	NA	NA	NA	NA	NA	NA
NC_045512.2	21275	T	C	32313	29650	37	1	1	26	3.09463e-05	32314	1	FALSE	NA	NA	NA	NA	NA	NA
NC_045512.2	21276	A	T	32097	29476	37	2	2	34	6.22975e-05	32104	1	FALSE	NA	NA	NA	NA	NA	NA
NC_045512.2	21276	A	G	32097	29476	37	5	4	39	0.000155744	32104	0.999999	FALSE	NA	NA	NA	NA	NA	NA
NC_045512.2	21277	A	C	32170	29570	37	1	1	34	3.10839e-05	32171	1	FALSE	NA	NA	NA	NA	NA	NA
NC_045512.2	21278	T	G	29933	27320	36	1	1	26	3.34024e-05	29938	1	FALSE	NA	NA	NA	NA	NA	NA
NC_045512.2	21278	T	C	29933	27320	36	4	4	42	0.000133609	29938	0.343742	FALSE	NA	NA	NA	NA	NA	NA
NC_045512.2	21280	G	A	31859	29278	37	2	2	34	6.27727e-05	31861	1	FALSE	NA	NA	NA	NA	NA	NA
NC_045512.2	21281	G	T	31722	29295	37	2	2	30	6.30418e-05	31725	1	FALSE	NA	NA	NA	NA	NA	NA
NC_045512.2	21281	G	A	31722	29295	37	1	1	34	3.15209e-05	31725	1	FALSE	NA	NA	NA	NA	NA	NA
NC_045512.2	21282	A	G	31788	29360	37	2	2	34	6.29109e-05	31791	1	FALSE	NA	NA	NA	NA	NA	NA
NC_045512.2	21282	A	C	31788	29360	37	1	1	26	3.14554e-05	31791	1	FALSE	NA	NA	NA	NA	NA	NA
NC_045512.2	21284	G	T	31766	29373	37	1	1	26	3.14782e-05	31768	1	FALSE	NA	NA	NA	NA	NA	NA
NC_045512.2	21284	G	A	31766	29373	37	1	1	26	3.14782e-05	31768	1	FALSE	NA	NA	NA	NA	NA	NA
NC_045512.2	21285	T	C	31627	29237	37	5	5	34	0.000158068	31632	0.999999	FALSE	NA	NA	NA	NA	NA	NA
NC_045512.2	21285	T	-A	31627	29237	37	2	0	20	6.32271e-05	31632	1	FALSE	NA	NA	NA	NA	NA	NA
NC_045512.2	21286	A	T	31422	29034	37	3	3	31	9.54502e-05	31430	1	FALSE	NA	NA	NA	NA	NA	NA
NC_045512.2	21286	A	G	31422	29034	37	5	5	40	0.000159084	31430	0.363203	FALSE	NA	NA	NA	NA	NA	NA
NC_045512.2	21287	A	T	31495	29117	37	1	1	26	3.1744e-05	31502	1	FALSE	NA	NA	NA	NA	NA	NA
NC_045512.2	21287	A	G	31495	29117	37	3	3	31	9.5232e-05	31502	1	FALSE	NA	NA	NA	NA	NA	NA
NC_045512.2	21287	A	C	31495	29117	37	3	3	31	9.5232e-05	31502	1	FALSE	NA	NA	NA	NA	NA	NA
NC_045512.2	21288	T	C	31504	29119	37	2	2	51	6.3478e-05	31507	0.249996	FALSE	NA	NA	NA	NA	NA	NA
NC_045512.2	21288	T	A	31504	29119	37	1	1	34	3.1739e-05	31507	1	FALSE	NA	NA	NA	NA	NA	NA
NC_045512.2	21289	T	C	30836	28553	37	1	1	34	3.24286e-05	30837	1	FALSE	NA	NA	NA	NA	NA	NA
NC_045512.2	21290	A	G	30918	28646	37	1	1	34	3.23415e-05	30920	1	FALSE	NA	NA	NA	NA	NA	NA
NC_045512.2	21290	A	C	30918	28646	37	1	1	26	3.23415e-05	30920	1	FALSE	NA	NA	NA	NA	NA	NA
NC_045512.2	21291	T	C	29360	27114	35	12	12	33	0.000408552	29372	0.997845	FALSE	NA	NA	NA	NA	NA	NA
NC_045512.2	21292	C	A	30706	28511	37	1	1	34	3.25659e-05	30707	1	FALSE	NA	NA	NA	NA	NA	NA
NC_045512.2	21293	T	C	29436	27269	37	1	1	34	3.39709e-05	29437	1	FALSE	NA	NA	NA	NA	NA	NA
NC_045512.2	21294	T	C	29132	26985	37	5	5	32	0.000171603	29137	0.999997	FALSE	NA	NA	NA	NA	NA	NA
NC_045512.2	21295	G	T	29062	26915	37	1	1	26	3.44033e-05	29067	1	FALSE	NA	NA	NA	NA	NA	NA
NC_045512.2	21295	G	A	29062	26915	37	4	1	42	0.000137613	29067	0.343742	FALSE	NA	NA	NA	NA	NA	NA
NC_045512.2	21296	G	T	29004	26875	37	2	2	34	6.89251e-05	29017	1	FALSE	NA	NA	NA	NA	NA	NA
NC_045512.2	21296	G	C	29004	26875	37	1	1	26	3.44626e-05	29017	1	FALSE	NA	NA	NA	NA	NA	NA
NC_045512.2	21296	G	A	29004	26875	37	10	8	44	0.000344626	29017	0.0192718	FALSE	NA	NA	NA	NA	NA	NA
NC_045512.2	21297	C	T	29021	26983	37	3	1	68	0.000103356	29026	0.124987	FALSE	NA	NA	NA	NA	NA	NA
NC_045512.2	21297	C	G	29021	26983	37	2	2	30	6.89037e-05	29026	1	FALSE	NA	NA	NA	NA	NA	NA
NC_045512.2	21298	A	G	27859	25825	37	2	2	34	7.17824e-05	27862	1	FALSE	NA	NA	NA	NA	NA	NA
NC_045512.2	21298	A	C	27859	25825	37	1	1	68	3.58912e-05	27862	0.499991	FALSE	NA	NA	NA	NA	NA	NA
NC_045512.2	21299	A	T	27743	25906	37	1	1	34	3.60425e-05	27745	1	FALSE	NA	NA	NA	NA	NA	NA
NC_045512.2	21299	A	G	27743	25906	37	1	1	34	3.60425e-05	27745	1	FALSE	NA	NA	NA	NA	NA	NA
NC_045512.2	21300	A	C	27506	25873	36	1	1	34	3.63544e-05	27507	1	FALSE	NA	NA	NA	NA	NA	NA
NC_045512.2	21302	C	G	27533	25713	37	1	1	34	3.63187e-05	27534	1	FALSE	NA	NA	NA	NA	NA	NA
NC_045512.2	21303	A	G	27334	25511	37	2	1	51	7.31609e-05	27337	0.249995	FALSE	NA	NA	NA	NA	NA	NA
NC_045512.2	21303	A	C	27334	25511	37	1	1	26	3.65805e-05	27337	1	FALSE	NA	NA	NA	NA	NA	NA
NC_045512.2	21304	C	T	27173	25567	36	17	17	34	0.00062523	27190	0.952008	FALSE	NA	NA	NA	NA	NA	NA
NC_045512.2	21305	G	T	27130	25533	36	1	1	34	3.68528e-05	27135	1	FALSE	NA	NA	NA	NA	NA	NA
NC_045512.2	21305	G	A	27130	25533	36	4	4	34	0.000147411	27135	0.999998	FALSE	NA	NA	NA	NA	NA	NA
NC_045512.2	21306	C	T	27120	25583	36	6	6	32	0.000221182	27127	0.999967	FALSE	NA	NA	NA	NA	NA	NA
NC_045512.2	21306	C	G	27120	25583	36	1	1	34	3.68636e-05	27127	1	FALSE	NA	NA	NA	NA	NA	NA
NC_045512.2	21308	A	G	26972	25517	36	4	4	34	0.00014828	26976	0.999996	FALSE	NA	NA	NA	NA	NA	NA
NC_045512.2	21309	A	G	26833	25486	35	4	4	34	0.000149048	26837	0.999996	FALSE	NA	NA	NA	NA	NA	NA
NC_045512.2	21310	C	T	27012	25602	36	1	1	34	3.70192e-05	27013	1	FALSE	NA	NA	NA	NA	NA	NA
NC_045512.2	21311	A	G	26858	25454	36	8	6	33	0.000297752	26868	0.999591	FALSE	NA	NA	NA	NA	NA	NA
NC_045512.2	21311	A	C	26858	25454	36	2	2	34	7.4438e-05	26868	1	FALSE	NA	NA	NA	NA	NA	NA
NC_045512.2	21312	A	G	26855	25504	36	1	1	34	3.72356e-05	26856	1	FALSE	NA	NA	NA	NA	NA	NA
NC_045512.2	21313	A	G	26859	25520	36	3	3	34	0.000111674	26864	0.999999	FALSE	NA	NA	NA	NA	NA	NA
NC_045512.2	21313	A	C	26859	25520	36	2	1	29	7.44491e-05	26864	1	FALSE	NA	NA	NA	NA	NA	NA
NC_045512.2	21314	T	A	26829	25502	36	1	1	34	3.72717e-05	26830	1	FALSE	NA	NA	NA	NA	NA	NA
NC_045512.2	21315	A	G	26704	25418	36	2	2	34	7.48895e-05	26706	1	FALSE	NA	NA	NA	NA	NA	NA
NC_045512.2	21317	A	G	25740	24608	35	3	3	45	0.000116532	25744	0.5	FALSE	NA	NA	NA	NA	NA	NA
NC_045512.2	21317	A	C	25740	24608	35	1	1	34	3.8844e-05	25744	1	FALSE	NA	NA	NA	NA	NA	NA
NC_045512.2	21318	T	C	25624	24486	35	2	2	34	7.80457e-05	25626	1	FALSE	NA	NA	NA	NA	NA	NA
NC_045512.2	21319	G	T	24291	23189	35	1	1	34	4.11658e-05	24292	1	FALSE	NA	NA	NA	NA	NA	NA
NC_045512.2	21321	T	G	52041	22867	34	3	0	31	5.7638e-05	52049	1	FALSE	NA	NA	NA	NA	NA	NA
NC_045512.2	21321	T	C	52041	22867	34	4	3	32	7.68507e-05	52049	1	FALSE	NA	NA	NA	NA	NA	NA
NC_045512.2	21321	T	A	52041	22867	34	1	0	34	1.92127e-05	52049	1	FALSE	NA	NA	NA	NA	NA	NA
NC_045512.2	21322	T	G	51990	22517	34	3	0	31	5.76879e-05	52004	1	FALSE	NA	NA	NA	NA	NA	NA
NC_045512.2	21322	T	C	51990	22517	34	10	3	37	0.000192293	52004	1	FALSE	NA	NA	NA	NA	NA	NA
NC_045512.2	21322	T	A	51990	22517	34	1	0	26	1.92293e-05	52004	1	FALSE	NA	NA	NA	NA	NA	NA
NC_045512.2	21323	A	T	52339	22660	34	1	1	26	1.91037e-05	52346	1	FALSE	NA	NA	NA	NA	NA	NA
NC_045512.2	21323	A	G	52339	22660	34	6	1	45	0.000114622	52346	0.5	FALSE	NA	NA	NA	NA	NA	NA
NC_045512.2	21324	T	C	52584	22442	34	4	2	32	7.6063e-05	52588	1	FALSE	NA	NA	NA	NA	NA	NA
NC_045512.2	21325	G	T	53096	22601	34	1	1	26	1.88331e-05	53098	1	FALSE	NA	NA	NA	NA	NA	NA
NC_045512.2	21325	G	A	53096	22601	34	1	0	34	1.88331e-05	53098	1	FALSE	NA	NA	NA	NA	NA	NA
NC_045512.2	21326	T	C	52767	22563	34	7	2	34	0.000132639	52775	1	FALSE	NA	NA	NA	NA	NA	NA
NC_045512.2	21326	T	A	52767	22563	34	1	0	26	1.89484e-05	52775	1	FALSE	NA	NA	NA	NA	NA	NA
NC_045512.2	21327	C	T	50084	19850	34	4	3	34	7.98579e-05	50089	1	FALSE	NA	NA	NA	NA	NA	NA
NC_045512.2	21327	C	A	50084	19850	34	1	1	34	1.99645e-05	50089	1	FALSE	NA	NA	NA	NA	NA	NA
NC_045512.2	21328	A	T	49985	19732	34	2	1	34	3.99984e-05	50002	1	FALSE	NA	NA	NA	NA	NA	NA
NC_045512.2	21328	A	G	49985	19732	34	15	2	34	0.000299988	50002	0.999998	FALSE	NA	NA	NA	NA	NA	NA
NC_045512.2	21329	T	C	47050	16739	34	2	0	34	4.25062e-05	47052	1	FALSE	NA	NA	NA	NA	NA	NA
NC_045512.2	21330	G	T	46942	16670	34	1	0	34	2.1302e-05	46944	1	FALSE	NA	NA	NA	NA	NA	NA
NC_045512.2	21330	G	A	46942	16670	34	1	0	34	2.1302e-05	46944	1	FALSE	NA	NA	NA	NA	NA	NA
NC_045512.2	21332	A	G	46922	16541	34	9	3	34	0.000191771	46931	1	FALSE	NA	NA	NA	NA	NA	NA
NC_045512.2	21333	T	G	46657	16615	35	1	1	26	2.1428e-05	46668	1	FALSE	NA	NA	NA	NA	NA	NA
NC_045512.2	21333	T	C	46657	16615	35	7	3	34	0.000149996	46668	1	FALSE	NA	NA	NA	NA	NA	NA
NC_045512.2	21333	T	A	46657	16615	35	3	1	34	6.42839e-05	46668	1	FALSE	NA	NA	NA	NA	NA	NA
NC_045512.2	21334	G	T	46350	16335	35	1	0	34	2.15694e-05	46362	1	FALSE	NA	NA	NA	NA	NA	NA
NC_045512.2	21334	G	A	46350	16335	35	11	7	34	0.000237263	46362	1	FALSE	NA	NA	NA	NA	NA	NA
NC_045512.2	21335	C	T	46397	16400	35	4	2	32	8.61976e-05	46405	1	FALSE	NA	NA	NA	NA	NA	NA
NC_045512.2	21335	C	G	46397	16400	35	3	0	31	6.46482e-05	46405	1	FALSE	NA	NA	NA	NA	NA	NA
NC_045512.2	21335	C	A	46397	16400	35	1	0	34	2.15494e-05	46405	1	FALSE	NA	NA	NA	NA	NA	NA
NC_045512.2	21336	A	T	46783	16447	35	1	1	34	2.13721e-05	46790	1	FALSE	NA	NA	NA	NA	NA	NA
NC_045512.2	21336	A	G	46783	16447	35	6	2	32	0.000128233	46790	1	FALSE	NA	NA	NA	NA	NA	NA
NC_045512.2	21337	A	G	47006	16431	35	4	1	34	8.50865e-05	47011	1	FALSE	NA	NA	NA	NA	NA	NA
NC_045512.2	21337	A	C	47006	16431	35	1	0	34	2.12716e-05	47011	1	FALSE	NA	NA	NA	NA	NA	NA
NC_045512.2	21338	A	G	44607	16649	34	1	1	34	2.2417e-05	44609	1	FALSE	NA	NA	NA	NA	NA	NA
NC_045512.2	21338	A	C	44607	16649	34	1	1	34	2.2417e-05	44609	1	FALSE	NA	NA	NA	NA	NA	NA
NC_045512.2	21339	T	C	47294	16607	35	3	2	34	6.34263e-05	47299	1	FALSE	NA	NA	NA	NA	NA	NA
NC_045512.2	21339	T	A	47294	16607	35	2	1	34	4.22842e-05	47299	1	FALSE	NA	NA	NA	NA	NA	NA
NC_045512.2	21340	T	C	47038	16502	35	6	1	32	0.00012754	47044	1	FALSE	NA	NA	NA	NA	NA	NA
NC_045512.2	21340	T	-A	47038	16502	35	1	0	20	2.12567e-05	47044	1	FALSE	NA	NA	NA	NA	NA	NA
NC_045512.2	21341	A	G	47064	16516	35	9	2	34	0.000191192	47073	1	FALSE	NA	NA	NA	NA	NA	NA
NC_045512.2	21341	A	-CAT	47064	16516	35	2	0	20	4.24863e-05	47074	1	FALSE	NA	NA	NA	NA	NA	NA
NC_045512.2	21342	C	T	47050	16467	35	8	4	34	0.000169999	47059	1	FALSE	NA	NA	NA	NA	NA	NA
NC_045512.2	21342	C	A	47050	16467	35	1	0	26	2.12499e-05	47059	1	FALSE	NA	NA	NA	NA	NA	NA
NC_045512.2	21343	A	T	47063	16462	35	1	0	34	2.12454e-05	47069	1	FALSE	NA	NA	NA	NA	NA	NA
NC_045512.2	21343	A	G	47063	16462	35	4	2	42	8.49816e-05	47069	0.63669	FALSE	NA	NA	NA	NA	NA	NA
NC_045512.2	21343	A	C	47063	16462	35	1	1	34	2.12454e-05	47069	1	FALSE	NA	NA	NA	NA	NA	NA
NC_045512.2	21344	T	G	47113	16313	35	1	0	34	2.12238e-05	47117	1	FALSE	NA	NA	NA	NA	NA	NA
NC_045512.2	21344	T	C	47113	16313	35	1	1	34	2.12238e-05	47117	1	FALSE	NA	NA	NA	NA	NA	NA
NC_045512.2	21344	T	A	47113	16313	35	2	0	34	4.24475e-05	47117	1	FALSE	NA	NA	NA	NA	NA	NA
NC_045512.2	21345	A	G	46921	16039	35	8	2	48	0.000170467	46930	0.193832	FALSE	NA	NA	NA	NA	NA	NA
NC_045512.2	21345	A	C	46921	16039	35	1	1	34	2.13083e-05	46930	1	FALSE	NA	NA	NA	NA	NA	NA
NC_045512.2	21345	A	-T	46921	16039	35	3	0	20	6.3925e-05	46930	1	FALSE	NA	NA	NA	NA	NA	NA
NC_045512.2	21345	A	+T	46921	16039	35	2	0	20	4.26167e-05	46930	1	FALSE	NA	NA	NA	NA	NA	NA
NC_045512.2	21346	T	G	47830	15918	35	1	1	26	2.09056e-05	47834	1	FALSE	NA	NA	NA	NA	NA	NA
NC_045512.2	21346	T	C	47830	15918	35	3	2	45	6.27169e-05	47834	0.77342	FALSE	NA	NA	NA	NA	NA	NA
NC_045512.2	21347	T	C	47491	15596	35	2	1	34	4.21106e-05	47494	1	FALSE	NA	NA	NA	NA	NA	NA
NC_045512.2	21347	T	A	47491	15596	35	1	0	34	2.10553e-05	47494	1	FALSE	NA	NA	NA	NA	NA	NA
NC_045512.2	21348	T	G	47332	15557	35	1	1	26	2.11256e-05	47336	1	FALSE	NA	NA	NA	NA	NA	NA
NC_045512.2	21348	T	C	47332	15557	35	2	0	34	4.22511e-05	47336	1	FALSE	NA	NA	NA	NA	NA	NA
NC_045512.2	21348	T	A	47332	15557	35	1	0	34	2.11256e-05	47336	1	FALSE	NA	NA	NA	NA	NA	NA
NC_045512.2	21349	T	C	47296	15539	36	5	4	40	0.000105699	47304	0.499974	FALSE	NA	NA	NA	NA	NA	NA
NC_045512.2	21349	T	A	47296	15539	36	3	1	30	6.34196e-05	47304	1	FALSE	NA	NA	NA	NA	NA	NA
NC_045512.2	21349	T	-G	47296	15539	36	1	0	20	2.11399e-05	47304	1	FALSE	NA	NA	NA	NA	NA	NA
NC_045512.2	21350	G	C	47196	15348	35	2	2	30	4.23729e-05	47200	1	FALSE	NA	NA	NA	NA	NA	NA
NC_045512.2	21350	G	A	47196	15348	35	2	2	43	4.23729e-05	47200	0.890623	FALSE	NA	NA	NA	NA	NA	NA
NC_045512.2	21351	G	C	47770	15367	35	2	2	27	4.18655e-05	47772	1	FALSE	NA	NA	NA	NA	NA	NA
NC_045512.2	21351	G	-A	47770	15367	35	1	0	20	2.09328e-05	47772	1	FALSE	NA	NA	NA	NA	NA	NA
NC_045512.2	21352	A	T	47862	15342	36	2	0	34	4.17615e-05	47891	1	FALSE	NA	NA	NA	NA	NA	NA
NC_045512.2	21352	A	G	47862	15342	36	27	19	37	0.00056378	47891	0.992975	FALSE	NA	NA	NA	NA	NA	NA
NC_045512.2	21352	A	-G	47862	15342	36	2	0	20	4.17606e-05	47892	1	FALSE	NA	NA	NA	NA	NA	NA
NC_045512.2	21353	G	C	47880	15285	35	1	0	34	2.08851e-05	47881	1	FALSE	NA	NA	NA	NA	NA	NA
NC_045512.2	21354	G	C	47767	14985	35	3	2	34	6.27983e-05	47772	1	FALSE	NA	NA	NA	NA	NA	NA
NC_045512.2	21354	G	A	47767	14985	35	2	0	26	4.18655e-05	47772	1	FALSE	NA	NA	NA	NA	NA	NA
NC_045512.2	21355	A	G	34648	1925	36	3	0	34	8.65776e-05	34651	1	FALSE	NA	NA	NA	NA	NA	NA
NC_045512.2	21356	A	G	36546	1953	36	7	0	34	0.000191503	36553	0.999999	FALSE	NA	NA	NA	NA	NA	NA
NC_045512.2	21357	T	C	36857	1951	36	5	0	34	0.000135641	36862	1	FALSE	NA	NA	NA	NA	NA	NA
NC_045512.2	21358	A	G	36486	1956	35	4	0	34	0.000109619	36490	1	FALSE	NA	NA	NA	NA	NA	NA
NC_045512.2	21359	C	A	36856	2089	36	4	0	34	0.000108519	36860	1	FALSE	NA	NA	NA	NA	NA	NA
NC_045512.2	21360	A	G	36938	2093	36	1	1	46	2.70717e-05	36939	0.937508	FALSE	NA	NA	NA	NA	NA	NA
NC_045512.2	21361	A	T	36998	2097	36	1	0	34	2.70263e-05	37001	1	FALSE	NA	NA	NA	NA	NA	NA
NC_045512.2	21361	A	G	36998	2097	36	2	1	51	5.40526e-05	37001	0.249997	FALSE	NA	NA	NA	NA	NA	NA
NC_045512.2	21362	A	G	37122	2109	35	2	0	34	5.38735e-05	37124	1	FALSE	NA	NA	NA	NA	NA	NA
NC_045512.2	21363	T	C	37787	2110	36	6	0	34	0.000158755	37794	1	FALSE	NA	NA	NA	NA	NA	NA
NC_045512.2	21363	T	A	37787	2110	36	1	0	34	2.64592e-05	37794	1	FALSE	NA	NA	NA	NA	NA	NA
NC_045512.2	21364	C	T	37760	2163	36	1	0	34	2.64788e-05	37766	1	FALSE	NA	NA	NA	NA	NA	NA
NC_045512.2	21364	C	A	37760	2163	36	5	0	34	0.000132394	37766	1	FALSE	NA	NA	NA	NA	NA	NA
NC_045512.2	21365	C	A	37948	2174	36	1	0	34	2.63512e-05	37949	1	FALSE	NA	NA	NA	NA	NA	NA
NC_045512.2	21366	A	G	38131	2200	36	2	0	30	5.2448e-05	38133	1	FALSE	NA	NA	NA	NA	NA	NA
NC_045512.2	21367	A	G	38682	2221	36	1	0	34	2.58511e-05	38683	1	FALSE	NA	NA	NA	NA	NA	NA
NC_045512.2	21368	T	C	38844	2232	36	3	0	31	7.72221e-05	38849	1	FALSE	NA	NA	NA	NA	NA	NA
NC_045512.2	21368	T	A	38844	2232	36	2	1	68	5.14814e-05	38849	0.249984	FALSE	NA	NA	NA	NA	NA	NA
NC_045512.2	21369	T	C	38804	2234	36	4	0	42	0.000103072	38808	0.500014	FALSE	NA	NA	NA	NA	NA	NA
NC_045512.2	21371	A	G	39053	2239	36	2	0	34	5.12098e-05	39055	1	FALSE	NA	NA	NA	NA	NA	NA
NC_045512.2	21372	G	T	39756	2239	36	2	0	34	5.03005e-05	39761	1	FALSE	NA	NA	NA	NA	NA	NA
NC_045512.2	21372	G	A	39756	2239	36	3	0	34	7.54508e-05	39761	1	FALSE	NA	NA	NA	NA	NA	NA
NC_045512.2	21373	T	C	39582	2633	37	47	5	34	0.00118597	39630	0.225151	FALSE	NA	NA	NA	NA	NA	NA
NC_045512.2	21373	T	A	39582	2633	37	1	0	34	2.52334e-05	39630	1	FALSE	NA	NA	NA	NA	NA	NA
NC_045512.2	21374	T	C	39606	2635	37	1	0	34	2.52481e-05	39607	1	FALSE	NA	NA	NA	NA	NA	NA
NC_045512.2	21376	T	C	40247	2807	37	9	0	37	0.000223569	40256	0.999999	FALSE	NA	NA	NA	NA	NA	NA
NC_045512.2	21378	T	G	41417	2982	37	1	0	34	2.41388e-05	41427	1	FALSE	NA	NA	NA	NA	NA	NA
NC_045512.2	21378	T	C	41417	2982	37	6	0	31	0.000144833	41427	1	FALSE	NA	NA	NA	NA	NA	NA
NC_045512.2	21378	T	A	41417	2982	37	3	0	28	7.24165e-05	41427	1	FALSE	NA	NA	NA	NA	NA	NA
NC_045512.2	21379	T	C	41460	2999	37	7	0	32	0.000168809	41467	1	FALSE	NA	NA	NA	NA	NA	NA
NC_045512.2	21380	C	A	41704	3002	37	2	0	34	4.79547e-05	41706	1	FALSE	NA	NA	NA	NA	NA	NA
NC_045512.2	21381	C	T	41674	3122	37	3	0	34	7.1977e-05	41680	1	FALSE	NA	NA	NA	NA	NA	NA
NC_045512.2	21381	C	A	41674	3122	37	3	0	34	7.1977e-05	41680	1	FALSE	NA	NA	NA	NA	NA	NA
NC_045512.2	21382	T	G	41862	3121	38	1	0	34	2.38817e-05	41873	1	FALSE	NA	NA	NA	NA	NA	NA
NC_045512.2	21382	T	C	41862	3121	38	5	0	47	0.000119409	41873	0.499927	FALSE	NA	NA	NA	NA	NA	NA
NC_045512.2	21382	T	A	41862	3121	38	5	2	38	0.000119409	41873	1	FALSE	NA	NA	NA	NA	NA	NA
NC_045512.2	21383	A	T	42871	3136	37	1	0	46	2.33236e-05	42875	0.96875	FALSE	NA	NA	NA	NA	NA	NA
NC_045512.2	21383	A	G	42871	3136	37	3	0	45	6.99708e-05	42875	0.773447	FALSE	NA	NA	NA	NA	NA	NA
NC_045512.2	21384	T	G	43037	3139	37	1	0	34	2.32342e-05	43040	1	FALSE	NA	NA	NA	NA	NA	NA
NC_045512.2	21384	T	C	43037	3139	37	1	0	34	2.32342e-05	43040	1	FALSE	NA	NA	NA	NA	NA	NA
NC_045512.2	21384	T	A	43037	3139	37	1	1	68	2.32342e-05	43040	0.499994	FALSE	NA	NA	NA	NA	NA	NA
NC_045512.2	21385	T	G	42989	3140	37	1	0	34	2.32591e-05	42994	1	FALSE	NA	NA	NA	NA	NA	NA
NC_045512.2	21385	T	C	42989	3140	37	4	0	34	9.30362e-05	42994	1	FALSE	NA	NA	NA	NA	NA	NA
NC_045512.2	21386	C	T	43146	3282	38	2	0	34	4.6351e-05	43149	1	FALSE	NA	NA	NA	NA	NA	NA
NC_045512.2	21386	C	G	43146	3282	38	1	0	34	2.31755e-05	43149	1	FALSE	NA	NA	NA	NA	NA	NA
NC_045512.2	21387	T	G	43218	3283	38	2	0	34	4.62631e-05	43231	1	FALSE	NA	NA	NA	NA	NA	NA
NC_045512.2	21387	T	C	43218	3283	38	10	1	41	0.000231315	43231	0.0897509	FALSE	NA	NA	NA	NA	NA	NA
NC_045512.2	21387	T	A	43218	3283	38	1	0	26	2.31315e-05	43231	1	FALSE	NA	NA	NA	NA	NA	NA
NC_045512.2	21388	T	C	43289	3351	38	2	0	51	4.61979e-05	43292	0.249997	FALSE	NA	NA	NA	NA	NA	NA
NC_045512.2	21388	T	A	43289	3351	38	1	0	68	2.3099e-05	43292	0.499994	FALSE	NA	NA	NA	NA	NA	NA
NC_045512.2	21389	T	G	43218	3342	38	5	0	29	0.00011566	43230	1	FALSE	NA	NA	NA	NA	NA	NA
NC_045512.2	21389	T	C	43218	3342	38	7	0	32	0.000161925	43230	1	FALSE	NA	NA	NA	NA	NA	NA
NC_045512.2	21390	A	G	43380	3356	38	4	0	42	9.21978e-05	43385	0.636725	FALSE	NA	NA	NA	NA	NA	NA
NC_045512.2	21390	A	C	43380	3356	38	1	0	34	2.30494e-05	43385	1	FALSE	NA	NA	NA	NA	NA	NA
NC_045512.2	21390	A	+T	43380	3356	38	3	0	20	6.91483e-05	43385	1	FALSE	NA	NA	NA	NA	NA	NA
NC_045512.2	21391	T	G	43458	3431	38	3	0	34	6.90258e-05	43462	1	FALSE	NA	NA	NA	NA	NA	NA
NC_045512.2	21391	T	A	43458	3431	38	1	0	26	2.30086e-05	43462	1	FALSE	NA	NA	NA	NA	NA	NA
NC_045512.2	21392	T	C	43284	3413	37	1	0	26	2.31022e-05	43286	1	FALSE	NA	NA	NA	NA	NA	NA
NC_045512.2	21392	T	A	43284	3413	37	1	0	26	2.31022e-05	43286	1	FALSE	NA	NA	NA	NA	NA	NA
NC_045512.2	21393	T	G	43323	3520	38	1	0	34	2.30819e-05	43324	1	FALSE	NA	NA	NA	NA	NA	NA
NC_045512.2	21394	G	A	43466	3522	38	7	0	34	0.000161019	43473	1	FALSE	NA	NA	NA	NA	NA	NA
NC_045512.2	21395	A	G	43481	3531	38	6	2	34	0.000137972	43487	1	FALSE	NA	NA	NA	NA	NA	NA
NC_045512.2	21396	C	T	43468	3638	38	2	0	30	4.60056e-05	43473	1	FALSE	NA	NA	NA	NA	NA	NA
NC_045512.2	21396	C	G	43468	3638	38	3	1	54	6.90084e-05	43473	0.124991	FALSE	NA	NA	NA	NA	NA	NA
NC_045512.2	21397	A	G	43343	3802	38	3	1	30	6.92089e-05	43347	1	FALSE	NA	NA	NA	NA	NA	NA
NC_045512.2	21397	A	C	43343	3802	38	1	0	34	2.30696e-05	43347	1	FALSE	NA	NA	NA	NA	NA	NA
NC_045512.2	21398	T	G	43739	3829	38	2	0	30	4.57143e-05	43750	1	FALSE	NA	NA	NA	NA	NA	NA
NC_045512.2	21398	T	C	43739	3829	38	9	0	34	0.000205714	43750	1	FALSE	NA	NA	NA	NA	NA	NA
NC_045512.2	21399	G	C	44670	3859	38	1	0	68	2.23859e-05	44671	0.500006	FALSE	NA	NA	NA	NA	NA	NA
NC_045512.2	21400	A	T	44777	3875	38	1	0	34	2.23299e-05	44783	1	FALSE	NA	NA	NA	NA	NA	NA
NC_045512.2	21400	A	G	44777	3875	38	5	0	34	0.00011165	44783	1	FALSE	NA	NA	NA	NA	NA	NA
NC_045512.2	21401	G	C	45056	3866	38	1	0	34	2.21931e-05	45059	1	FALSE	NA	NA	NA	NA	NA	NA
NC_045512.2	21401	G	A	45056	3866	38	2	0	34	4.43862e-05	45059	1	FALSE	NA	NA	NA	NA	NA	NA
NC_045512.2	21402	T	G	44867	4008	38	2	0	26	4.45643e-05	44879	1	FALSE	NA	NA	NA	NA	NA	NA
NC_045512.2	21402	T	C	44867	4008	38	9	0	34	0.000200539	44879	1	FALSE	NA	NA	NA	NA	NA	NA
NC_045512.2	21402	T	A	44867	4008	38	1	0	34	2.22821e-05	44879	1	FALSE	NA	NA	NA	NA	NA	NA
NC_045512.2	21402	T	-A	44867	4008	38	2	0	20	4.45643e-05	44879	1	FALSE	NA	NA	NA	NA	NA	NA
NC_045512.2	21403	A	G	44867	4051	39	1	0	68	2.22876e-05	44868	0.499994	FALSE	NA	NA	NA	NA	NA	NA
NC_045512.2	21404	A	G	44938	4428	39	3	0	30	6.67542e-05	44941	1	FALSE	NA	NA	NA	NA	NA	NA
NC_045512.2	21405	A	G	44089	4449	38	3	0	31	6.80396e-05	44092	1	FALSE	NA	NA	NA	NA	NA	NA
NC_045512.2	21406	T	G	44800	4471	39	3	0	34	6.69553e-05	44806	1	FALSE	NA	NA	NA	NA	NA	NA
NC_045512.2	21406	T	A	44800	4471	39	3	0	34	6.69553e-05	44806	1	FALSE	NA	NA	NA	NA	NA	NA
NC_045512.2	21407	T	C	44179	4524	39	3	1	31	6.7901e-05	44182	1	FALSE	NA	NA	NA	NA	NA	NA
NC_045512.2	21408	T	C	43521	4423	39	8	0	34	0.000183781	43530	1	FALSE	NA	NA	NA	NA	NA	NA
NC_045512.2	21408	T	A	43521	4423	39	1	0	26	2.29727e-05	43530	1	FALSE	NA	NA	NA	NA	NA	NA
NC_045512.2	21408	T	+C	43521	4423	39	1	0	20	2.29727e-05	43530	1	FALSE	NA	NA	NA	NA	NA	NA
NC_045512.2	21409	C	T	40976	4769	39	2	0	34	4.88055e-05	40979	1	FALSE	NA	NA	NA	NA	NA	NA
NC_045512.2	21409	C	A	40976	4769	39	1	0	34	2.44027e-05	40979	1	FALSE	NA	NA	NA	NA	NA	NA
NC_045512.2	21411	C	T	37151	5195	39	4	0	32	0.000107654	37156	1	FALSE	NA	NA	NA	NA	NA	NA
NC_045512.2	21411	C	A	37151	5195	39	1	1	34	2.69136e-05	37156	1	FALSE	NA	NA	NA	NA	NA	NA
NC_045512.2	21412	C	T	33887	5619	38	2	0	34	5.90145e-05	33890	1	FALSE	NA	NA	NA	NA	NA	NA
NC_045512.2	21412	C	A	33887	5619	38	1	0	34	2.95072e-05	33890	1	FALSE	NA	NA	NA	NA	NA	NA
NC_045512.2	21413	T	G	33810	5513	38	1	0	34	2.95727e-05	33815	1	FALSE	NA	NA	NA	NA	NA	NA
NC_045512.2	21413	T	C	33810	5513	38	3	1	28	8.8718e-05	33815	1	FALSE	NA	NA	NA	NA	NA	NA
NC_045512.2	21413	T	A	33810	5513	38	1	0	34	2.95727e-05	33815	1	FALSE	NA	NA	NA	NA	NA	NA
NC_045512.2	21414	T	G	33757	5594	38	1	0	26	2.96182e-05	33763	1	FALSE	NA	NA	NA	NA	NA	NA
NC_045512.2	21414	T	C	33757	5594	38	3	0	45	8.88547e-05	33763	0.656229	FALSE	NA	NA	NA	NA	NA	NA
NC_045512.2	21414	T	A	33757	5594	38	2	0	34	5.92364e-05	33763	1	FALSE	NA	NA	NA	NA	NA	NA
NC_045512.2	21415	A	G	34295	5666	38	1	0	34	2.91579e-05	34296	1	FALSE	NA	NA	NA	NA	NA	NA
NC_045512.2	21416	A	C	33928	5782	38	1	0	26	2.94733e-05	33929	1	FALSE	NA	NA	NA	NA	NA	NA
NC_045512.2	21417	A	G	32824	5839	37	5	1	40	0.000152304	32829	0.36329	FALSE	NA	NA	NA	NA	NA	NA
NC_045512.2	21418	T	C	33889	5893	38	4	0	32	0.000118015	33894	1	FALSE	NA	NA	NA	NA	NA	NA
NC_045512.2	21418	T	A	33889	5893	38	1	0	26	2.95037e-05	33894	1	FALSE	NA	NA	NA	NA	NA	NA
NC_045512.2	21419	T	C	28894	6709	37	1	0	34	3.46081e-05	28895	1	FALSE	NA	NA	NA	NA	NA	NA
NC_045512.2	21419	T	-A	28894	6709	37	1	0	20	3.46081e-05	28895	1	FALSE	NA	NA	NA	NA	NA	NA
NC_045512.2	21420	A	G	28693	6827	37	2	2	34	6.96986e-05	28695	1	FALSE	NA	NA	NA	NA	NA	NA
NC_045512.2	21421	A	T	23730	7318	36	1	1	34	4.21354e-05	23733	1	FALSE	NA	NA	NA	NA	NA	NA
NC_045512.2	21421	A	G	23730	7318	36	2	1	29	8.42708e-05	23733	1	FALSE	NA	NA	NA	NA	NA	NA
NC_045512.2	21421	A	-G	23730	7318	36	1	0	20	4.21354e-05	23733	1	FALSE	NA	NA	NA	NA	NA	NA
NC_045512.2	21422	G	T	24310	7323	36	1	1	34	4.11286e-05	24314	1	FALSE	NA	NA	NA	NA	NA	NA
NC_045512.2	21422	G	A	24310	7323	36	3	0	45	0.000123386	24314	0.499981	FALSE	NA	NA	NA	NA	NA	NA
NC_045512.2	21423	G	T	26126	7632	36	2	0	34	7.64965e-05	26145	1	FALSE	NA	NA	NA	NA	NA	NA
NC_045512.2	21423	G	A	26126	7632	36	17	0	34	0.00065022	26145	0.936918	FALSE	NA	NA	NA	NA	NA	NA
NC_045512.2	21424	G	T	27740	7582	36	1	0	34	3.60334e-05	27752	1	FALSE	NA	NA	NA	NA	NA	NA
NC_045512.2	21424	G	A	27740	7582	36	11	1	36	0.000396368	27752	0.997459	FALSE	NA	NA	NA	NA	NA	NA
NC_045512.2	21425	G	T	30880	7639	36	2	0	34	6.47543e-05	30886	1	FALSE	NA	NA	NA	NA	NA	NA
NC_045512.2	21425	G	C	30880	7639	36	1	1	34	3.23771e-05	30886	1	FALSE	NA	NA	NA	NA	NA	NA
NC_045512.2	21425	G	A	30880	7639	36	3	2	34	9.71314e-05	30886	1	FALSE	NA	NA	NA	NA	NA	NA
NC_045512.2	21426	T	C	30797	7929	36	2	0	34	6.49372e-05	30799	1	FALSE	NA	NA	NA	NA	NA	NA
NC_045512.2	21427	A	G	30641	7929	36	11	0	33	0.000358867	30652	0.999278	FALSE	NA	NA	NA	NA	NA	NA
NC_045512.2	21428	C	T	31361	8116	36	1	0	34	3.18857e-05	31362	1	FALSE	NA	NA	NA	NA	NA	NA
NC_045512.2	21430	G	A	32937	8078	36	3	1	31	9.10747e-05	32940	1	FALSE	NA	NA	NA	NA	NA	NA
NC_045512.2	21432	T	C	32915	8206	36	16	2	36	0.00048585	32932	0.993375	FALSE	NA	NA	NA	NA	NA	NA
NC_045512.2	21432	T	A	32915	8206	36	1	0	34	3.03656e-05	32932	1	FALSE	NA	NA	NA	NA	NA	NA
NC_045512.2	21434	T	G	33216	8062	36	1	0	34	3.01023e-05	33220	1	FALSE	NA	NA	NA	NA	NA	NA
NC_045512.2	21434	T	C	33216	8062	36	3	1	34	9.0307e-05	33220	1	FALSE	NA	NA	NA	NA	NA	NA
NC_045512.2	21435	T	G	33266	8126	36	2	0	30	6.01088e-05	33273	1	FALSE	NA	NA	NA	NA	NA	NA
NC_045512.2	21435	T	C	33266	8126	36	3	0	34	9.01632e-05	33273	1	FALSE	NA	NA	NA	NA	NA	NA
NC_045512.2	21435	T	A	33266	8126	36	2	0	30	6.01088e-05	33273	1	FALSE	NA	NA	NA	NA	NA	NA
NC_045512.2	21436	A	T	33401	8511	36	1	0	34	2.99365e-05	33404	1	FALSE	NA	NA	NA	NA	NA	NA
NC_045512.2	21436	A	G	33401	8511	36	2	1	34	5.98731e-05	33404	1	FALSE	NA	NA	NA	NA	NA	NA
NC_045512.2	21439	T	C	32150	8088	36	2	0	34	6.22045e-05	32152	1	FALSE	NA	NA	NA	NA	NA	NA
NC_045512.2	21440	C	T	32791	8140	36	1	1	34	3.04952e-05	32792	1	FALSE	NA	NA	NA	NA	NA	NA
NC_045512.2	21440	C	-T	32791	8140	36	2	0	20	6.09905e-05	32792	1	FALSE	NA	NA	NA	NA	NA	NA
NC_045512.2	21441	T	C	32952	8260	36	3	1	31	9.10332e-05	32955	1	FALSE	NA	NA	NA	NA	NA	NA
NC_045512.2	21442	T	G	32799	8162	36	2	0	34	6.09682e-05	32804	1	FALSE	NA	NA	NA	NA	NA	NA
NC_045512.2	21442	T	C	32799	8162	36	3	0	34	9.14523e-05	32804	1	FALSE	NA	NA	NA	NA	NA	NA
NC_045512.2	21443	T	C	32749	8166	36	3	1	34	9.15975e-05	32752	1	FALSE	NA	NA	NA	NA	NA	NA
NC_045512.2	21444	A	T	32816	8368	37	1	0	34	3.04711e-05	32818	1	FALSE	NA	NA	NA	NA	NA	NA
NC_045512.2	21444	A	G	32816	8368	37	1	1	34	3.04711e-05	32818	1	FALSE	NA	NA	NA	NA	NA	NA
NC_045512.2	21445	A	G	32843	8390	37	1	0	34	3.0447e-05	32844	1	FALSE	NA	NA	NA	NA	NA	NA
NC_045512.2	21447	A	G	32058	8614	37	2	1	36	6.2383e-05	32060	1	FALSE	NA	NA	NA	NA	NA	NA
NC_045512.2	21448	G	T	32020	8596	37	1	1	34	3.12295e-05	32021	1	FALSE	NA	NA	NA	NA	NA	NA
NC_045512.2	21449	A	T	31731	8607	36	1	1	26	3.15129e-05	31733	1	FALSE	NA	NA	NA	NA	NA	NA
NC_045512.2	21449	A	G	31731	8607	36	1	1	68	3.15129e-05	31733	0.5	FALSE	NA	NA	NA	NA	NA	NA
NC_045512.2	21450	A	T	33194	8643	37	2	0	68	6.02373e-05	33202	0.249959	FALSE	NA	NA	NA	NA	NA	NA
NC_045512.2	21450	A	G	33194	8643	37	6	1	34	0.000180712	33202	0.999999	FALSE	NA	NA	NA	NA	NA	NA
NC_045512.2	21451	G	T	33792	8642	36	2	1	68	5.91804e-05	33795	0.249996	FALSE	NA	NA	NA	NA	NA	NA
NC_045512.2	21451	G	A	33792	8642	36	1	0	34	2.95902e-05	33795	1	FALSE	NA	NA	NA	NA	NA	NA
NC_045512.2	21452	G	A	33335	8746	36	2	0	34	5.99934e-05	33337	1	FALSE	NA	NA	NA	NA	NA	NA
NC_045512.2	21453	T	C	33632	9210	37	1	0	34	2.97327e-05	33633	1	FALSE	NA	NA	NA	NA	NA	NA
NC_045512.2	21454	C	T	33363	9191	37	6	3	39	0.000179786	33373	0.999999	FALSE	NA	NA	NA	NA	NA	NA
NC_045512.2	21454	C	G	33363	9191	37	3	0	31	8.9893e-05	33373	1	FALSE	NA	NA	NA	NA	NA	NA
NC_045512.2	21454	C	A	33363	9191	37	1	0	34	2.99643e-05	33373	1	FALSE	NA	NA	NA	NA	NA	NA
NC_045512.2	21454	C	-A	33363	9191	37	1	0	20	2.99643e-05	33373	1	FALSE	NA	NA	NA	NA	NA	NA
NC_045512.2	21455	A	G	33375	9181	37	17	3	34	0.000509104	33392	0.992346	FALSE	NA	NA	NA	NA	NA	NA
NC_045512.2	21456	A	G	33111	9311	36	6	1	34	0.000181176	33117	0.999999	FALSE	NA	NA	NA	NA	NA	NA
NC_045512.2	21457	A	G	32452	10221	36	4	1	38	0.00012324	32457	1	FALSE	NA	NA	NA	NA	NA	NA
NC_045512.2	21457	A	C	32452	10221	36	1	1	34	3.081e-05	32457	1	FALSE	NA	NA	NA	NA	NA	NA
NC_045512.2	21458	T	G	32835	10295	37	1	0	34	3.04544e-05	32836	1	FALSE	NA	NA	NA	NA	NA	NA
NC_045512.2	21459	C	T	32861	10294	37	2	0	34	6.08587e-05	32863	1	FALSE	NA	NA	NA	NA	NA	NA
NC_045512.2	21460	A	G	32562	10041	37	2	0	51	6.14175e-05	32564	0.250004	FALSE	NA	NA	NA	NA	NA	NA
NC_045512.2	21461	A	G	32439	10150	36	1	0	34	3.08261e-05	32440	1	FALSE	NA	NA	NA	NA	NA	NA
NC_045512.2	21462	T	G	30443	9538	37	1	0	34	3.05773e-05	32704	1	FALSE	NA	NA	NA	NA	NA	NA
NC_045512.2	21462	T	C	30443	9538	37	2260	625	37	0.0691047	32704	0	TRUE	NA	NA	NA	NA	NA	NA
NC_045512.2	21463	G	A	32303	10260	36	1	0	34	3.09559e-05	32304	1	FALSE	NA	NA	NA	NA	NA	NA
NC_045512.2	21464	A	T	33411	10335	36	1	1	34	2.99249e-05	33417	1	FALSE	NA	NA	NA	NA	NA	NA
NC_045512.2	21464	A	G	33411	10335	36	5	2	34	0.000149624	33417	1	FALSE	NA	NA	NA	NA	NA	NA
NC_045512.2	21465	T	G	33556	10221	36	1	0	34	2.98e-05	33557	1	FALSE	NA	NA	NA	NA	NA	NA
NC_045512.2	21466	A	T	32238	10385	36	1	0	26	3.10154e-05	32242	1	FALSE	NA	NA	NA	NA	NA	NA
NC_045512.2	21466	A	G	32238	10385	36	3	2	34	9.30463e-05	32242	1	FALSE	NA	NA	NA	NA	NA	NA
NC_045512.2	21467	T	G	33425	10343	36	1	0	34	2.99168e-05	33426	1	FALSE	NA	NA	NA	NA	NA	NA
NC_045512.2	21468	G	T	30393	9600	36	2856	789	36	0.0858947	33250	0	TRUE	NA	NA	NA	NA	NA	NA
NC_045512.2	21468	G	A	30393	9600	36	1	0	26	3.00752e-05	33250	1	FALSE	NA	NA	NA	NA	NA	NA
NC_045512.2	21469	A	T	33452	10455	36	2	0	34	5.97818e-05	33455	1	FALSE	NA	NA	NA	NA	NA	NA
NC_045512.2	21469	A	G	33452	10455	36	1	1	34	2.98909e-05	33455	1	FALSE	NA	NA	NA	NA	NA	NA
NC_045512.2	21469	A	-T	33452	10455	36	1	0	20	2.98909e-05	33455	1	FALSE	NA	NA	NA	NA	NA	NA
NC_045512.2	21469	A	+T	33452	10455	36	1	0	20	2.98909e-05	33455	1	FALSE	NA	NA	NA	NA	NA	NA
NC_045512.2	21470	T	G	33668	10474	36	1	0	26	2.96965e-05	33674	1	FALSE	NA	NA	NA	NA	NA	NA
NC_045512.2	21470	T	C	33668	10474	36	1	0	68	2.96965e-05	33674	0.499963	FALSE	NA	NA	NA	NA	NA	NA
NC_045512.2	21470	T	A	33668	10474	36	4	0	28	0.000118786	33674	1	FALSE	NA	NA	NA	NA	NA	NA
NC_045512.2	21471	T	C	33590	10616	36	6	0	34	0.000178571	33600	0.999999	FALSE	NA	NA	NA	NA	NA	NA
NC_045512.2	21471	T	A	33590	10616	36	4	0	28	0.000119048	33600	1	FALSE	NA	NA	NA	NA	NA	NA
NC_045512.2	21472	T	C	33767	10807	36	1	1	34	2.96095e-05	33773	1	FALSE	NA	NA	NA	NA	NA	NA
NC_045512.2	21472	T	A	33767	10807	36	5	1	36	0.000148047	33773	1	FALSE	NA	NA	NA	NA	NA	NA
NC_045512.2	21473	T	C	32379	9870	36	12	0	39	0.000370473	32391	0.999373	FALSE	NA	NA	NA	NA	NA	NA
NC_045512.2	21474	A	G	32739	10151	36	1	0	34	3.05437e-05	32740	1	FALSE	NA	NA	NA	NA	NA	NA
NC_045512.2	21475	T	C	32454	9931	36	2	0	29	6.162e-05	32457	1	FALSE	NA	NA	NA	NA	NA	NA
NC_045512.2	21475	T	A	32454	9931	36	1	0	26	3.081e-05	32457	1	FALSE	NA	NA	NA	NA	NA	NA
NC_045512.2	21476	C	T	32067	10293	36	4	4	28	0.000124723	32071	1	FALSE	NA	NA	NA	NA	NA	NA
NC_045512.2	21477	T	C	31693	9863	36	2	1	29	6.31014e-05	31695	1	FALSE	NA	NA	NA	NA	NA	NA
NC_045512.2	21478	C	T	31481	9960	36	1	0	34	3.17632e-05	31483	1	FALSE	NA	NA	NA	NA	NA	NA
NC_045512.2	21478	C	G	31481	9960	36	1	0	26	3.17632e-05	31483	1	FALSE	NA	NA	NA	NA	NA	NA
NC_045512.2	21479	T	G	31387	9812	36	1	0	26	3.18573e-05	31390	1	FALSE	NA	NA	NA	NA	NA	NA
NC_045512.2	21479	T	C	31387	9812	36	2	0	34	6.37146e-05	31390	1	FALSE	NA	NA	NA	NA	NA	NA
NC_045512.2	21480	T	G	31393	9752	36	2	0	30	6.36963e-05	31399	1	FALSE	NA	NA	NA	NA	NA	NA
NC_045512.2	21480	T	C	31393	9752	36	3	0	31	9.55444e-05	31399	1	FALSE	NA	NA	NA	NA	NA	NA
NC_045512.2	21480	T	A	31393	9752	36	1	1	68	3.18481e-05	31399	0.499968	FALSE	NA	NA	NA	NA	NA	NA
NC_045512.2	21481	C	-T	31205	9815	36	1	0	20	3.20461e-05	31205	1	FALSE	NA	NA	NA	NA	NA	NA
NC_045512.2	21482	T	C	31000	9582	36	2	0	29	6.4512e-05	31002	1	FALSE	NA	NA	NA	NA	NA	NA
NC_045512.2	21483	T	C	31231	9628	36	2	1	34	6.40348e-05	31233	1	FALSE	NA	NA	NA	NA	NA	NA
NC_045512.2	21484	A	T	30397	9649	36	1	1	26	3.28947e-05	30400	1	FALSE	NA	NA	NA	NA	NA	NA
NC_045512.2	21484	A	G	30397	9649	36	1	0	34	3.28947e-05	30400	1	FALSE	NA	NA	NA	NA	NA	NA
NC_045512.2	21484	A	C	30397	9649	36	1	1	34	3.28947e-05	30400	1	FALSE	NA	NA	NA	NA	NA	NA
NC_045512.2	21485	G	T	30443	9663	36	1	1	26	3.28461e-05	30445	1	FALSE	NA	NA	NA	NA	NA	NA
NC_045512.2	21485	G	C	30443	9663	36	1	1	34	3.28461e-05	30445	1	FALSE	NA	NA	NA	NA	NA	NA
NC_045512.2	21486	T	C	30665	10027	36	1	1	34	3.26094e-05	30666	1	FALSE	NA	NA	NA	NA	NA	NA
NC_045512.2	21487	A	T	30303	9743	36	1	1	26	3.29946e-05	30308	1	FALSE	NA	NA	NA	NA	NA	NA
NC_045512.2	21487	A	G	30303	9743	36	4	2	34	0.000131978	30308	1	FALSE	NA	NA	NA	NA	NA	NA
NC_045512.2	21488	A	T	30587	9753	36	10	0	33	0.000326797	30600	0.999661	FALSE	NA	NA	NA	NA	NA	NA
NC_045512.2	21488	A	G	30587	9753	36	2	0	34	6.53595e-05	30600	1	FALSE	NA	NA	NA	NA	NA	NA
NC_045512.2	21488	A	C	30587	9753	36	1	1	34	3.26797e-05	30600	1	FALSE	NA	NA	NA	NA	NA	NA
NC_045512.2	21489	A	G	27905	9673	34	7	0	34	0.000250788	27912	0.999903	FALSE	NA	NA	NA	NA	NA	NA
NC_045512.2	21491	G	T	32446	9677	36	1	0	60	3.08185e-05	32448	0.5	FALSE	NA	NA	NA	NA	NA	NA
NC_045512.2	21491	G	A	32446	9677	36	1	0	34	3.08185e-05	32448	1	FALSE	NA	NA	NA	NA	NA	NA
NC_045512.2	21492	T	C	32403	9648	36	1	1	34	3.08604e-05	32404	1	FALSE	NA	NA	NA	NA	NA	NA
NC_045512.2	21493	A	G	32169	9493	36	2	0	34	6.21678e-05	32171	1	FALSE	NA	NA	NA	NA	NA	NA
NC_045512.2	21494	G	A	32465	9480	36	1	0	34	3.08015e-05	32466	1	FALSE	NA	NA	NA	NA	NA	NA
NC_045512.2	21495	A	G	32770	10066	36	1	0	34	3.05148e-05	32771	1	FALSE	NA	NA	NA	NA	NA	NA
NC_045512.2	21496	C	T	33763	10153	36	1	1	34	2.96173e-05	33764	1	FALSE	NA	NA	NA	NA	NA	NA
NC_045512.2	21496	C	-T	33763	10153	36	1	0	20	2.96173e-05	33764	1	FALSE	NA	NA	NA	NA	NA	NA
NC_045512.2	21497	T	G	33564	9983	36	3	0	34	8.93708e-05	33568	1	FALSE	NA	NA	NA	NA	NA	NA
NC_045512.2	21497	T	C	33564	9983	36	1	0	34	2.97903e-05	33568	1	FALSE	NA	NA	NA	NA	NA	NA
NC_045512.2	21498	T	C	33338	9771	36	9	0	34	0.000269889	33347	0.999966	FALSE	NA	NA	NA	NA	NA	NA
NC_045512.2	21499	A	G	33167	9751	36	1	1	34	3.01486e-05	33169	1	FALSE	NA	NA	NA	NA	NA	NA
NC_045512.2	21499	A	C	33167	9751	36	1	1	34	3.01486e-05	33169	1	FALSE	NA	NA	NA	NA	NA	NA
NC_045512.2	21500	T	C	33453	11002	37	2	1	34	5.97818e-05	33455	1	FALSE	NA	NA	NA	NA	NA	NA
NC_045512.2	21501	A	G	33466	11126	37	2	1	30	5.97586e-05	33468	1	FALSE	NA	NA	NA	NA	NA	NA
NC_045512.2	21502	A	T	37328	16396	39	1	1	26	2.67874e-05	37331	1	FALSE	NA	NA	NA	NA	NA	NA
NC_045512.2	21502	A	G	37328	16396	39	2	2	34	5.35748e-05	37331	1	FALSE	NA	NA	NA	NA	NA	NA
NC_045512.2	21502	A	-T	37328	16396	39	1	0	20	2.67874e-05	37331	1	FALSE	NA	NA	NA	NA	NA	NA
NC_045512.2	21503	T	G	36948	16066	39	2	0	34	5.41228e-05	36953	1	FALSE	NA	NA	NA	NA	NA	NA
NC_045512.2	21503	T	C	36948	16066	39	2	2	34	5.41228e-05	36953	1	FALSE	NA	NA	NA	NA	NA	NA
NC_045512.2	21503	T	A	36948	16066	39	1	1	34	2.70614e-05	36953	1	FALSE	NA	NA	NA	NA	NA	NA
NC_045512.2	21504	T	C	36781	16153	38	2	0	47	5.43729e-05	36783	0.812517	FALSE	NA	NA	NA	NA	NA	NA
NC_045512.2	21507	A	G	36119	15757	38	7	0	42	0.000193766	36126	0.171869	FALSE	NA	NA	NA	NA	NA	NA
NC_045512.2	21509	A	G	35360	16162	37	4	1	40	0.000113106	35365	0.5	FALSE	NA	NA	NA	NA	NA	NA
NC_045512.2	21509	A	C	35360	16162	37	1	1	34	2.82765e-05	35365	1	FALSE	NA	NA	NA	NA	NA	NA
NC_045512.2	21510	A	G	37234	16182	39	4	1	33	0.000107414	37239	1	FALSE	NA	NA	NA	NA	NA	NA
NC_045512.2	21510	A	C	37234	16182	39	1	1	34	2.68536e-05	37239	1	FALSE	NA	NA	NA	NA	NA	NA
NC_045512.2	21511	A	G	37124	16170	39	3	2	45	8.08037e-05	37127	0.656269	FALSE	NA	NA	NA	NA	NA	NA
NC_045512.2	21512	A	T	37350	16529	39	1	1	34	2.67709e-05	37354	1	FALSE	NA	NA	NA	NA	NA	NA
NC_045512.2	21512	A	G	37350	16529	39	3	2	34	8.03127e-05	37354	1	FALSE	NA	NA	NA	NA	NA	NA
NC_045512.2	21513	C	T	37988	17105	39	3	0	31	7.89661e-05	37991	1	FALSE	NA	NA	NA	NA	NA	NA
NC_045512.2	21514	A	G	39660	19171	40	1	0	34	2.52137e-05	39661	1	FALSE	NA	NA	NA	NA	NA	NA
NC_045512.2	21515	A	G	39971	19429	40	2	0	30	5.00338e-05	39973	1	FALSE	NA	NA	NA	NA	NA	NA
NC_045512.2	21516	C	T	39440	19630	39	4	0	54	0.000101407	39445	0.0624952	FALSE	NA	NA	NA	NA	NA	NA
NC_045512.2	21516	C	A	39440	19630	39	1	0	34	2.53518e-05	39445	1	FALSE	NA	NA	NA	NA	NA	NA
NC_045512.2	21517	A	G	39265	19467	39	2	2	25	5.09334e-05	39267	1	FALSE	NA	NA	NA	NA	NA	NA
NC_045512.2	21518	G	T	39594	19556	39	1	1	34	2.52557e-05	39595	1	FALSE	NA	NA	NA	NA	NA	NA
NC_045512.2	21519	A	G	39316	19329	39	4	2	31	0.000101729	39320	1	FALSE	NA	NA	NA	NA	NA	NA
NC_045512.2	21520	G	A	39491	19359	40	1	0	26	2.53216e-05	39492	1	FALSE	NA	NA	NA	NA	NA	NA
NC_045512.2	21521	T	C	39202	19344	39	1	1	27	2.55083e-05	39203	1	FALSE	NA	NA	NA	NA	NA	NA
NC_045512.2	21522	T	C	40124	20580	40	6	2	36	0.000149514	40130	1	FALSE	NA	NA	NA	NA	NA	NA
NC_045512.2	21523	G	T	40217	20628	40	1	1	34	2.48608e-05	40224	1	FALSE	NA	NA	NA	NA	NA	NA
NC_045512.2	21523	G	C	40217	20628	40	6	6	30	0.000149165	40224	1	FALSE	NA	NA	NA	NA	NA	NA
NC_045512.2	21524	T	C	39109	20943	39	2	2	34	5.11352e-05	39112	1	FALSE	NA	NA	NA	NA	NA	NA
NC_045512.2	21524	T	A	39109	20943	39	1	1	34	2.55676e-05	39112	1	FALSE	NA	NA	NA	NA	NA	NA
NC_045512.2	21524	T	+G	39109	20943	39	1	0	20	2.55676e-05	39112	1	FALSE	NA	NA	NA	NA	NA	NA
NC_045512.2	21525	T	C	37727	21296	38	8	6	41	0.000212005	37735	0.113273	FALSE	NA	NA	NA	NA	NA	NA
NC_045512.2	21526	A	T	34924	21888	37	1	1	34	2.86311e-05	34927	1	FALSE	NA	NA	NA	NA	NA	NA
NC_045512.2	21526	A	G	34924	21888	37	2	2	34	5.72623e-05	34927	1	FALSE	NA	NA	NA	NA	NA	NA
NC_045512.2	21527	T	C	36236	22316	38	3	2	45	8.27837e-05	36239	0.656269	FALSE	NA	NA	NA	NA	NA	NA
NC_045512.2	21528	T	C	36356	22324	38	7	6	34	0.000192503	36363	0.999999	FALSE	NA	NA	NA	NA	NA	NA
NC_045512.2	21529	T	C	35511	22031	37	1	0	26	2.81595e-05	35512	1	FALSE	NA	NA	NA	NA	NA	NA
NC_045512.2	21531	T	C	34676	22625	37	1	0	34	2.88376e-05	34677	1	FALSE	NA	NA	NA	NA	NA	NA
NC_045512.2	21531	T	-A	34676	22625	37	1	0	20	2.88376e-05	34677	1	FALSE	NA	NA	NA	NA	NA	NA
NC_045512.2	21532	A	G	34023	22046	37	1	1	34	2.93902e-05	34025	1	FALSE	NA	NA	NA	NA	NA	NA
NC_045512.2	21532	A	C	34023	22046	37	1	1	68	2.93902e-05	34025	0.499993	FALSE	NA	NA	NA	NA	NA	NA
NC_045512.2	21533	G	C	34076	22150	37	3	3	34	8.80282e-05	34080	1	FALSE	NA	NA	NA	NA	NA	NA
NC_045512.2	21533	G	A	34076	22150	37	1	1	26	2.93427e-05	34080	1	FALSE	NA	NA	NA	NA	NA	NA
NC_045512.2	21534	T	A	34707	23213	37	1	1	34	2.88118e-05	34708	1	FALSE	NA	NA	NA	NA	NA	NA
NC_045512.2	21535	G	C	34524	23059	37	4	3	42	0.000115848	34528	0.500016	FALSE	NA	NA	NA	NA	NA	NA
NC_045512.2	21536	A	G	34700	23271	37	1	1	34	2.88168e-05	34702	1	FALSE	NA	NA	NA	NA	NA	NA
NC_045512.2	21536	A	C	34700	23271	37	1	1	34	2.88168e-05	34702	1	FALSE	NA	NA	NA	NA	NA	NA
NC_045512.2	21537	T	C	34857	23545	38	1	1	34	2.86878e-05	34858	1	FALSE	NA	NA	NA	NA	NA	NA
NC_045512.2	21538	G	T	34875	23590	38	1	1	24	2.86689e-05	34881	1	FALSE	NA	NA	NA	NA	NA	NA
NC_045512.2	21538	G	A	34875	23590	38	5	3	40	0.000143345	34881	0.363273	FALSE	NA	NA	NA	NA	NA	NA
NC_045512.2	21539	T	C	37325	26409	38	5	4	40	0.000133941	37330	0.363289	FALSE	NA	NA	NA	NA	NA	NA
NC_045512.2	21540	T	C	36888	25985	37	7	4	38	0.000189712	36898	0.999999	FALSE	NA	NA	NA	NA	NA	NA
NC_045512.2	21540	T	A	36888	25985	37	3	3	31	8.13052e-05	36898	1	FALSE	NA	NA	NA	NA	NA	NA
NC_045512.2	21541	C	G	36819	26599	37	2	2	34	5.43168e-05	36821	1	FALSE	NA	NA	NA	NA	NA	NA
NC_045512.2	21542	T	G	36667	26352	38	2	0	30	5.4539e-05	36671	1	FALSE	NA	NA	NA	NA	NA	NA
NC_045512.2	21542	T	C	36667	26352	38	2	2	34	5.4539e-05	36671	1	FALSE	NA	NA	NA	NA	NA	NA
NC_045512.2	21543	T	G	36683	26365	38	2	1	30	5.45123e-05	36689	1	FALSE	NA	NA	NA	NA	NA	NA
NC_045512.2	21543	T	C	36683	26365	38	4	4	34	0.000109025	36689	1	FALSE	NA	NA	NA	NA	NA	NA
NC_045512.2	21544	G	T	36598	26304	38	1	0	34	2.73232e-05	36599	1	FALSE	NA	NA	NA	NA	NA	NA
NC_045512.2	21545	T	C	36782	26635	37	1	1	34	2.71865e-05	36783	1	FALSE	NA	NA	NA	NA	NA	NA
NC_045512.2	21546	T	C	37998	27973	38	3	2	31	7.89411e-05	38003	1	FALSE	NA	NA	NA	NA	NA	NA
NC_045512.2	21546	T	A	37998	27973	38	2	1	34	5.26274e-05	38003	1	FALSE	NA	NA	NA	NA	NA	NA
NC_045512.2	21547	A	T	37980	28029	38	1	1	26	2.63248e-05	37987	1	FALSE	NA	NA	NA	NA	NA	NA
NC_045512.2	21547	A	G	37980	28029	38	6	4	32	0.000157949	37987	1	FALSE	NA	NA	NA	NA	NA	NA
NC_045512.2	21548	A	G	38035	28071	38	4	3	32	0.000105152	38040	1	FALSE	NA	NA	NA	NA	NA	NA
NC_045512.2	21548	A	C	38035	28071	38	1	1	24	2.62881e-05	38040	1	FALSE	NA	NA	NA	NA	NA	NA
NC_045512.2	21549	C	G	37978	28193	38	1	1	34	2.63283e-05	37982	1	FALSE	NA	NA	NA	NA	NA	NA
NC_045512.2	21549	C	A	37978	28193	38	3	3	34	7.89848e-05	37982	1	FALSE	NA	NA	NA	NA	NA	NA
NC_045512.2	21550	A	T	37658	27769	38	1	1	26	2.65513e-05	37663	1	FALSE	NA	NA	NA	NA	NA	NA
NC_045512.2	21550	A	G	37658	27769	38	4	3	34	0.000106205	37663	1	FALSE	NA	NA	NA	NA	NA	NA
NC_045512.2	21551	A	G	37262	28337	37	4	3	68	0.000107336	37266	0.0624983	FALSE	NA	NA	NA	NA	NA	NA
NC_045512.2	21552	C	T	34412	26630	37	2319	1848	36	0.063133	36732	0	TRUE	NA	NA	NA	NA	NA	NA
NC_045512.2	21552	C	A	34412	26630	37	1	0	27	2.72242e-05	36732	1	FALSE	NA	NA	NA	NA	NA	NA
NC_045512.2	21553	T	C	36785	28598	37	5	4	47	0.000135903	36791	0.363274	FALSE	NA	NA	NA	NA	NA	NA
NC_045512.2	21553	T	A	36785	28598	37	1	1	34	2.71806e-05	36791	1	FALSE	NA	NA	NA	NA	NA	NA
NC_045512.2	21553	T	-A	36785	28598	37	1	0	20	2.71806e-05	36791	1	FALSE	NA	NA	NA	NA	NA	NA
NC_045512.2	21554	A	G	37337	29068	37	2	1	34	5.35633e-05	37339	1	FALSE	NA	NA	NA	NA	NA	NA
NC_045512.2	21555	A	G	37303	29049	37	2	1	34	5.36121e-05	37305	1	FALSE	NA	NA	NA	NA	NA	NA
NC_045512.2	21556	A	T	37191	29066	37	1	1	34	2.68853e-05	37195	1	FALSE	NA	NA	NA	NA	NA	NA
NC_045512.2	21556	A	G	37191	29066	37	2	1	30	5.37707e-05	37195	1	FALSE	NA	NA	NA	NA	NA	NA
NC_045512.2	21556	A	C	37191	29066	37	1	1	34	2.68853e-05	37195	1	FALSE	NA	NA	NA	NA	NA	NA
NC_045512.2	21557	C	T	37114	29220	37	2	1	34	5.38851e-05	37116	1	FALSE	NA	NA	NA	NA	NA	NA
NC_045512.2	21558	G	C	36174	28319	37	2	2	34	5.52776e-05	36181	1	FALSE	NA	NA	NA	NA	NA	NA
NC_045512.2	21558	G	A	36174	28319	37	5	0	34	0.000138194	36181	1	FALSE	NA	NA	NA	NA	NA	NA
NC_045512.2	21559	A	T	36604	28784	37	1	1	26	2.73172e-05	36607	1	FALSE	NA	NA	NA	NA	NA	NA
NC_045512.2	21559	A	G	36604	28784	37	2	1	34	5.46344e-05	36607	1	FALSE	NA	NA	NA	NA	NA	NA
NC_045512.2	21560	A	T	36506	28848	37	1	1	34	2.73905e-05	36509	1	FALSE	NA	NA	NA	NA	NA	NA
NC_045512.2	21560	A	G	36506	28848	37	1	1	34	2.73905e-05	36509	1	FALSE	NA	NA	NA	NA	NA	NA
NC_045512.2	21560	A	C	36506	28848	37	1	1	26	2.73905e-05	36509	1	FALSE	NA	NA	NA	NA	NA	NA
NC_045512.2	21562	A	G	36556	28929	37	2	2	34	5.47076e-05	36558	1	FALSE	NA	NA	NA	NA	NA	NA
NC_045512.2	21563	A	T	36858	29341	37	1	1	34	2.71297e-05	36860	1	FALSE	NA	NA	NA	NA	NA	NA
NC_045512.2	21563	A	G	36858	29341	37	1	1	34	2.71297e-05	36860	1	FALSE	NA	NA	NA	NA	NA	NA
NC_045512.2	21564	T	G	36805	29495	37	1	0	34	2.71687e-05	36807	1	FALSE	NA	NA	NA	NA	NA	NA
NC_045512.2	21564	T	C	36805	29495	37	1	1	34	2.71687e-05	36807	1	FALSE	NA	NA	NA	NA	NA	NA
NC_045512.2	21565	G	A	36193	29789	37	3	3	34	8.28821e-05	36196	1	FALSE	NA	NA	NA	NA	NA	NA
NC_045512.2	21565	G	-T	36193	29789	37	1	0	20	2.76274e-05	36196	1	FALSE	NA	NA	NA	NA	NA	NA
NC_045512.2	21566	T	C	47294	32355	35	5	2	37	0.000105704	47302	1	FALSE	NA	NA	NA	NA	NA	NA
NC_045512.2	21566	T	A	47294	32355	35	3	3	34	6.34223e-05	47302	1	FALSE	NA	NA	NA	NA	NA	NA
NC_045512.2	21567	T	C	54642	40255	37	6	6	32	0.000109794	54648	1	FALSE	NA	NA	NA	NA	NA	NA
NC_045512.2	21568	T	C	55327	40916	37	3	1	30	5.42172e-05	55333	1	FALSE	NA	NA	NA	NA	NA	NA
NC_045512.2	21568	T	A	55327	40916	37	3	0	34	5.42172e-05	55333	1	FALSE	NA	NA	NA	NA	NA	NA
NC_045512.2	21569	G	A	55609	41185	37	1	1	34	1.79824e-05	55610	1	FALSE	NA	NA	NA	NA	NA	NA
NC_045512.2	21570	T	G	60303	46906	37	1	0	34	1.65818e-05	60307	1	FALSE	NA	NA	NA	NA	NA	NA
NC_045512.2	21570	T	C	60303	46906	37	3	2	34	4.97455e-05	60307	1	FALSE	NA	NA	NA	NA	NA	NA
NC_045512.2	21571	T	G	62825	49531	37	1	0	34	1.59155e-05	62832	1	FALSE	NA	NA	NA	NA	NA	NA
NC_045512.2	21571	T	C	62825	49531	37	5	5	39	7.95773e-05	62832	1	FALSE	NA	NA	NA	NA	NA	NA
NC_045512.2	21571	T	A	62825	49531	37	1	1	34	1.59155e-05	62832	1	FALSE	NA	NA	NA	NA	NA	NA
NC_045512.2	21572	T	G	62654	49288	37	1	0	34	1.59597e-05	62658	1	FALSE	NA	NA	NA	NA	NA	NA
NC_045512.2	21572	T	C	62654	49288	37	3	2	35	4.7879e-05	62658	1	FALSE	NA	NA	NA	NA	NA	NA
NC_045512.2	21573	T	G	62554	49164	37	2	1	30	3.19693e-05	62560	1	FALSE	NA	NA	NA	NA	NA	NA
NC_045512.2	21573	T	C	62554	49164	37	3	3	31	4.7954e-05	62560	1	FALSE	NA	NA	NA	NA	NA	NA
NC_045512.2	21573	T	A	62554	49164	37	1	0	34	1.59847e-05	62560	1	FALSE	NA	NA	NA	NA	NA	NA
NC_045512.2	21574	T	C	61188	47940	36	4	4	32	6.5367e-05	61193	1	FALSE	NA	NA	NA	NA	NA	NA
NC_045512.2	21574	T	A	61188	47940	36	1	0	34	1.63417e-05	61193	1	FALSE	NA	NA	NA	NA	NA	NA
NC_045512.2	21575	C	T	62601	49502	37	5	5	40	7.9862e-05	62608	0.725586	FALSE	NA	NA	NA	NA	NA	NA
NC_045512.2	21575	C	G	62601	49502	37	2	0	30	3.19448e-05	62608	1	FALSE	NA	NA	NA	NA	NA	NA
NC_045512.2	21576	T	G	62754	49531	37	2	1	30	3.1869e-05	62757	1	FALSE	NA	NA	NA	NA	NA	NA
NC_045512.2	21576	T	C	62754	49531	37	1	1	34	1.59345e-05	62757	1	FALSE	NA	NA	NA	NA	NA	NA
NC_045512.2	21577	T	C	63160	49967	37	6	3	32	9.49863e-05	63167	1	FALSE	NA	NA	NA	NA	NA	NA
NC_045512.2	21577	T	A	63160	49967	37	1	1	34	1.58311e-05	63167	1	FALSE	NA	NA	NA	NA	NA	NA
NC_045512.2	21578	G	T	63774	49931	37	1	0	68	1.56801e-05	63775	0.500004	FALSE	NA	NA	NA	NA	NA	NA
NC_045512.2	21578	G	-T	63774	49931	37	3	0	20	4.70404e-05	63775	1	FALSE	NA	NA	NA	NA	NA	NA
NC_045512.2	21579	T	C	64508	50967	37	6	3	32	9.30031e-05	64514	1	FALSE	NA	NA	NA	NA	NA	NA
NC_045512.2	21580	T	C	64232	50648	37	1	1	34	1.55683e-05	64233	1	FALSE	NA	NA	NA	NA	NA	NA
NC_045512.2	21581	T	G	64655	51102	37	1	0	34	1.54648e-05	64663	1	FALSE	NA	NA	NA	NA	NA	NA
NC_045512.2	21581	T	C	64655	51102	37	5	4	32	7.7324e-05	64663	1	FALSE	NA	NA	NA	NA	NA	NA
NC_045512.2	21581	T	A	64655	51102	37	2	2	34	3.09296e-05	64663	1	FALSE	NA	NA	NA	NA	NA	NA
NC_045512.2	21582	T	C	63019	49486	36	4	4	31	6.34689e-05	63023	1	FALSE	NA	NA	NA	NA	NA	NA
NC_045512.2	21583	A	T	64768	51195	37	1	1	34	1.54392e-05	64770	1	FALSE	NA	NA	NA	NA	NA	NA
NC_045512.2	21583	A	G	64768	51195	37	1	1	68	1.54392e-05	64770	0.5	FALSE	NA	NA	NA	NA	NA	NA
NC_045512.2	21584	T	C	65124	51693	37	6	2	51	9.21234e-05	65130	0.0156239	FALSE	NA	NA	NA	NA	NA	NA
NC_045512.2	21585	T	C	66188	52969	37	11	6	32	0.000166163	66200	1	FALSE	NA	NA	NA	NA	NA	NA
NC_045512.2	21585	T	A	66188	52969	37	1	1	34	1.51057e-05	66200	1	FALSE	NA	NA	NA	NA	NA	NA
NC_045512.2	21586	G	T	66047	52864	37	1	1	34	1.51387e-05	66056	1	FALSE	NA	NA	NA	NA	NA	NA
NC_045512.2	21586	G	C	66047	52864	37	6	6	28	9.0832e-05	66056	1	FALSE	NA	NA	NA	NA	NA	NA
NC_045512.2	21586	G	A	66047	52864	37	2	1	34	3.02773e-05	66056	1	FALSE	NA	NA	NA	NA	NA	NA
NC_045512.2	21586	G	-C	66047	52864	37	1	0	20	1.51387e-05	66056	1	FALSE	NA	NA	NA	NA	NA	NA
NC_045512.2	21587	C	T	66366	52615	37	15	13	36	0.000225965	66382	1	FALSE	NA	NA	NA	NA	NA	NA
NC_045512.2	21587	C	G	66366	52615	37	1	0	26	1.50643e-05	66382	1	FALSE	NA	NA	NA	NA	NA	NA
NC_045512.2	21588	C	T	66845	53289	37	3	2	45	4.48752e-05	66852	0.910153	FALSE	NA	NA	NA	NA	NA	NA
NC_045512.2	21588	C	G	66845	53289	37	1	0	34	1.49584e-05	66852	1	FALSE	NA	NA	NA	NA	NA	NA
NC_045512.2	21588	C	A	66845	53289	37	3	1	28	4.48752e-05	66852	1	FALSE	NA	NA	NA	NA	NA	NA
NC_045512.2	21589	A	T	66846	53177	37	1	1	34	1.49591e-05	66849	1	FALSE	NA	NA	NA	NA	NA	NA
NC_045512.2	21589	A	G	66846	53177	37	1	1	34	1.49591e-05	66849	1	FALSE	NA	NA	NA	NA	NA	NA
NC_045512.2	21589	A	C	66846	53177	37	1	1	34	1.49591e-05	66849	1	FALSE	NA	NA	NA	NA	NA	NA
NC_045512.2	21590	C	A	67024	54340	36	2	0	26	2.98392e-05	67026	1	FALSE	NA	NA	NA	NA	NA	NA
NC_045512.2	21591	T	C	66972	54248	36	9	2	34	0.000134362	66983	1	FALSE	NA	NA	NA	NA	NA	NA
NC_045512.2	21591	T	A	66972	54248	36	2	0	26	2.98583e-05	66983	1	FALSE	NA	NA	NA	NA	NA	NA
NC_045512.2	21592	A	T	68486	54354	36	1	1	34	1.45994e-05	68496	1	FALSE	NA	NA	NA	NA	NA	NA
NC_045512.2	21592	A	G	68486	54354	36	5	3	34	7.2997e-05	68496	1	FALSE	NA	NA	NA	NA	NA	NA
NC_045512.2	21592	A	C	68486	54354	36	4	4	34	5.83976e-05	68496	1	FALSE	NA	NA	NA	NA	NA	NA
NC_045512.2	21593	G	C	68829	54383	36	4	1	34	5.81083e-05	68837	1	FALSE	NA	NA	NA	NA	NA	NA
NC_045512.2	21593	G	A	68829	54383	36	4	3	34	5.81083e-05	68837	1	FALSE	NA	NA	NA	NA	NA	NA
NC_045512.2	21594	T	G	72614	53957	36	1	1	34	1.37697e-05	72623	1	FALSE	NA	NA	NA	NA	NA	NA
NC_045512.2	21594	T	C	72614	53957	36	8	6	34	0.000110158	72623	1	FALSE	NA	NA	NA	NA	NA	NA
NC_045512.2	21595	C	T	72797	54739	36	1	1	34	1.37365e-05	72799	1	FALSE	NA	NA	NA	NA	NA	NA
NC_045512.2	21595	C	G	72797	54739	36	1	1	34	1.37365e-05	72799	1	FALSE	NA	NA	NA	NA	NA	NA
NC_045512.2	21596	T	C	70172	52001	35	13	11	34	0.000185225	70185	1	FALSE	NA	NA	NA	NA	NA	NA
NC_045512.2	21597	C	T	72277	53958	36	1	1	34	1.38347e-05	72282	1	FALSE	NA	NA	NA	NA	NA	NA
NC_045512.2	21597	C	G	72277	53958	36	1	0	26	1.38347e-05	72282	1	FALSE	NA	NA	NA	NA	NA	NA
NC_045512.2	21597	C	A	72277	53958	36	3	3	34	4.15041e-05	72282	1	FALSE	NA	NA	NA	NA	NA	NA
NC_045512.2	21598	T	C	72313	53982	36	5	5	34	6.91381e-05	72319	1	FALSE	NA	NA	NA	NA	NA	NA
NC_045512.2	21598	T	A	72313	53982	36	1	1	34	1.38276e-05	72319	1	FALSE	NA	NA	NA	NA	NA	NA
NC_045512.2	21599	A	T	72403	53698	36	1	1	26	1.38099e-05	72412	1	FALSE	NA	NA	NA	NA	NA	NA
NC_045512.2	21599	A	G	72403	53698	36	8	5	33	0.000110479	72412	1	FALSE	NA	NA	NA	NA	NA	NA
NC_045512.2	21600	G	T	72460	53696	36	3	3	34	4.13964e-05	72470	1	FALSE	NA	NA	NA	NA	NA	NA
NC_045512.2	21600	G	C	72460	53696	36	3	3	31	4.13964e-05	72470	1	FALSE	NA	NA	NA	NA	NA	NA
NC_045512.2	21600	G	A	72460	53696	36	4	4	34	5.51953e-05	72470	1	FALSE	NA	NA	NA	NA	NA	NA
NC_045512.2	21601	T	G	70858	52257	36	1	0	34	1.41121e-05	70861	1	FALSE	NA	NA	NA	NA	NA	NA
NC_045512.2	21601	T	C	70858	52257	36	2	2	30	2.82243e-05	70861	1	FALSE	NA	NA	NA	NA	NA	NA
NC_045512.2	21602	C	T	70787	52186	36	6	2	32	8.47529e-05	70794	1	FALSE	NA	NA	NA	NA	NA	NA
NC_045512.2	21602	C	A	70787	52186	36	1	1	34	1.41255e-05	70794	1	FALSE	NA	NA	NA	NA	NA	NA
NC_045512.2	21603	A	G	64146	45728	36	4	0	40	6.23529e-05	64151	0.828135	FALSE	NA	NA	NA	NA	NA	NA
NC_045512.2	21603	A	C	64146	45728	36	1	1	34	1.55882e-05	64151	1	FALSE	NA	NA	NA	NA	NA	NA
NC_045512.2	21604	G	C	64944	45756	36	1	1	34	1.53967e-05	64949	1	FALSE	NA	NA	NA	NA	NA	NA
NC_045512.2	21604	G	A	64944	45756	36	4	2	32	6.15868e-05	64949	1	FALSE	NA	NA	NA	NA	NA	NA
NC_045512.2	21605	T	G	64887	45766	36	1	0	68	1.541e-05	64893	0.499985	FALSE	NA	NA	NA	NA	NA	NA
NC_045512.2	21605	T	C	64887	45766	36	5	4	39	7.70499e-05	64893	1	FALSE	NA	NA	NA	NA	NA	NA
NC_045512.2	21606	G	T	66464	45540	36	1	1	34	1.50446e-05	66469	1	FALSE	NA	NA	NA	NA	NA	NA
NC_045512.2	21606	G	C	66464	45540	36	2	2	34	3.00892e-05	66469	1	FALSE	NA	NA	NA	NA	NA	NA
NC_045512.2	21606	G	A	66464	45540	36	2	1	34	3.00892e-05	66469	1	FALSE	NA	NA	NA	NA	NA	NA
NC_045512.2	21607	T	G	66337	45387	36	2	1	26	3.01436e-05	66349	1	FALSE	NA	NA	NA	NA	NA	NA
NC_045512.2	21607	T	C	66337	45387	36	10	9	33	0.000150718	66349	1	FALSE	NA	NA	NA	NA	NA	NA
NC_045512.2	21608	G	T	65963	44949	36	1	1	34	1.51596e-05	65965	1	FALSE	NA	NA	NA	NA	NA	NA
NC_045512.2	21608	G	A	65963	44949	36	1	1	34	1.51596e-05	65965	1	FALSE	NA	NA	NA	NA	NA	NA
NC_045512.2	21609	T	C	63447	42549	35	11	7	38	0.000173343	63458	1	FALSE	NA	NA	NA	NA	NA	NA
NC_045512.2	21610	T	C	65866	44971	36	9	6	34	0.000136618	65877	1	FALSE	NA	NA	NA	NA	NA	NA
NC_045512.2	21610	T	A	65866	44971	36	2	1	34	3.03596e-05	65877	1	FALSE	NA	NA	NA	NA	NA	NA
NC_045512.2	21611	A	T	65203	44951	36	2	1	30	3.06711e-05	65208	1	FALSE	NA	NA	NA	NA	NA	NA
NC_045512.2	21611	A	G	65203	44951	36	3	1	34	4.60066e-05	65208	1	FALSE	NA	NA	NA	NA	NA	NA
NC_045512.2	21612	A	T	65751	45088	36	1	1	26	1.52073e-05	65758	1	FALSE	NA	NA	NA	NA	NA	NA
NC_045512.2	21612	A	G	65751	45088	36	2	1	30	3.04146e-05	65758	1	FALSE	NA	NA	NA	NA	NA	NA
NC_045512.2	21612	A	C	65751	45088	36	4	4	34	6.08291e-05	65758	1	FALSE	NA	NA	NA	NA	NA	NA
NC_045512.2	21613	T	G	65396	44480	36	2	0	30	3.05796e-05	65403	1	FALSE	NA	NA	NA	NA	NA	NA
NC_045512.2	21613	T	C	65396	44480	36	5	4	34	7.64491e-05	65403	1	FALSE	NA	NA	NA	NA	NA	NA
NC_045512.2	21614	C	T	65622	44309	35	1	1	26	1.52386e-05	65623	1	FALSE	NA	NA	NA	NA	NA	NA
NC_045512.2	21614	C	-T	65622	44309	35	1	0	20	1.52386e-05	65623	1	FALSE	NA	NA	NA	NA	NA	NA
NC_045512.2	21615	T	C	62661	41287	36	5	4	34	7.97881e-05	62666	1	FALSE	NA	NA	NA	NA	NA	NA
NC_045512.2	21616	T	G	61923	40525	35	1	0	26	1.61473e-05	61930	1	FALSE	NA	NA	NA	NA	NA	NA
NC_045512.2	21616	T	C	61923	40525	35	5	5	34	8.07363e-05	61930	1	FALSE	NA	NA	NA	NA	NA	NA
NC_045512.2	21616	T	A	61923	40525	35	1	1	34	1.61473e-05	61930	1	FALSE	NA	NA	NA	NA	NA	NA
NC_045512.2	21617	A	T	62707	41283	36	1	0	34	1.59457e-05	62713	1	FALSE	NA	NA	NA	NA	NA	NA
NC_045512.2	21617	A	G	62707	41283	36	5	3	37	7.97283e-05	62713	1	FALSE	NA	NA	NA	NA	NA	NA
NC_045512.2	21617	A	-C	62707	41283	36	1	0	20	1.59457e-05	62713	1	FALSE	NA	NA	NA	NA	NA	NA
NC_045512.2	21618	C	T	4	2	34	62409	41147	36	0.99992	62414	0	TRUE	NA	NA	NA	NA	NA	NA
NC_045512.2	21618	C	A	4	2	34	1	0	34	1.6022e-05	62414	0.00503652	TRUE	NA	NA	NA	NA	NA	NA
NC_045512.2	21619	A	T	62902	41337	35	1	1	34	1.58967e-05	62906	1	FALSE	NA	NA	NA	NA	NA	NA
NC_045512.2	21619	A	G	62902	41337	35	3	1	31	4.76902e-05	62906	1	FALSE	NA	NA	NA	NA	NA	NA
NC_045512.2	21620	A	G	62835	41194	35	23	18	33	0.000365904	62858	0.999995	FALSE	NA	NA	NA	NA	NA	NA
NC_045512.2	21620	A	-C	62835	41194	35	1	0	20	1.59089e-05	62858	1	FALSE	NA	NA	NA	NA	NA	NA
NC_045512.2	21621	C	T	62757	41289	35	1	1	34	1.5934e-05	62759	1	FALSE	NA	NA	NA	NA	NA	NA
NC_045512.2	21621	C	G	62757	41289	35	1	0	26	1.5934e-05	62759	1	FALSE	NA	NA	NA	NA	NA	NA
NC_045512.2	21622	C	T	62591	41096	35	2	2	34	3.19514e-05	62595	1	FALSE	NA	NA	NA	NA	NA	NA
NC_045512.2	21622	C	A	62591	41096	35	2	2	34	3.19514e-05	62595	1	FALSE	NA	NA	NA	NA	NA	NA
NC_045512.2	21623	A	G	61121	39477	36	7	1	34	0.000114514	61128	1	FALSE	NA	NA	NA	NA	NA	NA
NC_045512.2	21624	G	C	60910	39441	35	1	1	34	1.64174e-05	60911	1	FALSE	NA	NA	NA	NA	NA	NA
NC_045512.2	21625	A	T	60838	39440	35	2	1	25	3.28709e-05	60844	1	FALSE	NA	NA	NA	NA	NA	NA
NC_045512.2	21625	A	G	60838	39440	35	4	3	40	6.57419e-05	60844	0.828128	FALSE	NA	NA	NA	NA	NA	NA
NC_045512.2	21626	A	G	60977	39453	35	3	2	31	4.91965e-05	60980	1	FALSE	NA	NA	NA	NA	NA	NA
NC_045512.2	21627	C	T	60686	39554	35	3	1	34	4.94324e-05	60689	1	FALSE	NA	NA	NA	NA	NA	NA
NC_045512.2	21628	T	G	60038	38679	35	2	1	30	3.33072e-05	60047	1	FALSE	NA	NA	NA	NA	NA	NA
NC_045512.2	21628	T	C	60038	38679	35	7	2	43	0.000116575	60047	0.499988	FALSE	NA	NA	NA	NA	NA	NA
NC_045512.2	21629	C	A	60153	38751	35	1	0	34	1.6624e-05	60154	1	FALSE	NA	NA	NA	NA	NA	NA
NC_045512.2	21630	A	G	59683	38437	35	4	3	34	6.70151e-05	59688	1	FALSE	NA	NA	NA	NA	NA	NA
NC_045512.2	21630	A	C	59683	38437	35	1	1	24	1.67538e-05	59688	1	FALSE	NA	NA	NA	NA	NA	NA
NC_045512.2	21630	A	-ATTACCCCC	59683	38437	35	2	0	20	3.35076e-05	59688	1	FALSE	NA	NA	NA	NA	NA	NA
NC_045512.2	21631	A	G	59913	38520	35	2	1	34	3.33801e-05	59916	1	FALSE	NA	NA	NA	NA	NA	NA
NC_045512.2	21631	A	C	59913	38520	35	1	0	24	1.669e-05	59916	1	FALSE	NA	NA	NA	NA	NA	NA
NC_045512.2	21631	A	-TTACCCCCT	59913	38520	35	11	0	20	0.00018359	59916	1	FALSE	NA	NA	NA	NA	NA	NA
NC_045512.2	21632	T	-TACCCCCTG	59724	38369	35	53545	0	20	0.896496	59727	0	TRUE	NA	NA	NA	NA	NA	NA
NC_045512.2	21632	T	+CA	59724	38369	35	2	0	20	3.34857e-05	59727	1	FALSE	NA	NA	NA	NA	NA	NA
NC_045512.2	21633	T	C	4	2	34	216	216	33	0.981818	220	0	TRUE	NA	NA	NA	NA	NA	NA
NC_045512.2	21633	T	-ACCCCCTGC	4	2	34	2	0	20	3.71443e-05	53844	0.00146599	TRUE	NA	NA	NA	NA	NA	NA
NC_045512.2	21640	T	A	0	0	0	1	0	34	1	1	0.00100696	TRUE	NA	NA	NA	NA	NA	NA
NC_045512.2	21641	G	T	2	1	30	11	5	32	0.733333	15	2.18396e-31	TRUE	NA	NA	NA	NA	NA	NA
NC_045512.2	21641	G	C	2	1	30	2	2	34	0.133333	15	6.18583e-06	TRUE	NA	NA	NA	NA	NA	NA
NC_045512.2	21642	C	A	57437	33004	36	2	0	34	3.48195e-05	57439	1	FALSE	NA	NA	NA	NA	NA	NA
NC_045512.2	21643	A	G	57514	33026	36	3	2	34	5.21585e-05	57517	1	FALSE	NA	NA	NA	NA	NA	NA
NC_045512.2	21644	T	C	57552	33054	36	2	1	34	3.47482e-05	57557	1	FALSE	NA	NA	NA	NA	NA	NA
NC_045512.2	21644	T	A	57552	33054	36	3	0	31	5.21222e-05	57557	1	FALSE	NA	NA	NA	NA	NA	NA
NC_045512.2	21645	A	G	57432	32999	36	5	4	34	8.70519e-05	57437	1	FALSE	NA	NA	NA	NA	NA	NA
NC_045512.2	21646	C	T	58182	33073	36	2	0	34	3.43713e-05	58188	1	FALSE	NA	NA	NA	NA	NA	NA
NC_045512.2	21646	C	G	58182	33073	36	1	0	27	1.71857e-05	58188	1	FALSE	NA	NA	NA	NA	NA	NA
NC_045512.2	21646	C	A	58182	33073	36	3	2	34	5.1557e-05	58188	1	FALSE	NA	NA	NA	NA	NA	NA
NC_045512.2	21647	A	G	58228	33050	36	8	0	38	0.000137372	58236	1	FALSE	NA	NA	NA	NA	NA	NA
NC_045512.2	21648	C	T	58406	33096	36	2	1	34	3.42378e-05	58415	1	FALSE	NA	NA	NA	NA	NA	NA
NC_045512.2	21648	C	G	58406	33096	36	4	0	30	6.84756e-05	58415	1	FALSE	NA	NA	NA	NA	NA	NA
NC_045512.2	21648	C	A	58406	33096	36	3	2	34	5.13567e-05	58415	1	FALSE	NA	NA	NA	NA	NA	NA
NC_045512.2	21649	T	G	58341	33079	36	3	0	31	5.14139e-05	58350	1	FALSE	NA	NA	NA	NA	NA	NA
NC_045512.2	21649	T	C	58341	33079	36	6	5	32	0.000102828	58350	1	FALSE	NA	NA	NA	NA	NA	NA
NC_045512.2	21650	A	G	58457	33037	36	4	2	34	6.84205e-05	58462	1	FALSE	NA	NA	NA	NA	NA	NA
NC_045512.2	21650	A	C	58457	33037	36	1	1	24	1.71051e-05	58462	1	FALSE	NA	NA	NA	NA	NA	NA
NC_045512.2	21651	A	T	57943	33084	36	1	1	34	1.72566e-05	57949	1	FALSE	NA	NA	NA	NA	NA	NA
NC_045512.2	21651	A	G	57943	33084	36	2	2	34	3.45131e-05	57949	1	FALSE	NA	NA	NA	NA	NA	NA
NC_045512.2	21651	A	C	57943	33084	36	3	3	34	5.17697e-05	57949	1	FALSE	NA	NA	NA	NA	NA	NA
NC_045512.2	21652	T	C	58488	33137	36	3	3	34	5.12899e-05	58491	1	FALSE	NA	NA	NA	NA	NA	NA
NC_045512.2	21653	T	C	57245	32514	36	10	7	46	0.000174651	57257	0.150855	FALSE	NA	NA	NA	NA	NA	NA
NC_045512.2	21653	T	A	57245	32514	36	2	2	30	3.49302e-05	57257	1	FALSE	NA	NA	NA	NA	NA	NA
NC_045512.2	21654	C	T	56295	33535	36	2	1	34	3.55259e-05	56297	1	FALSE	NA	NA	NA	NA	NA	NA
NC_045512.2	21655	T	G	54274	31320	36	1	1	34	1.8422e-05	54283	1	FALSE	NA	NA	NA	NA	NA	NA
NC_045512.2	21655	T	C	54274	31320	36	8	2	33	0.000147376	54283	1	FALSE	NA	NA	NA	NA	NA	NA
NC_045512.2	21656	T	C	54047	31121	36	8	6	34	0.000147997	54055	1	FALSE	NA	NA	NA	NA	NA	NA
NC_045512.2	21657	T	G	53725	31167	36	1	0	34	1.86123e-05	53728	1	FALSE	NA	NA	NA	NA	NA	NA
NC_045512.2	21657	T	C	53725	31167	36	2	1	34	3.72245e-05	53728	1	FALSE	NA	NA	NA	NA	NA	NA
NC_045512.2	21657	T	-CA	53725	31167	36	1	0	20	1.86123e-05	53728	1	FALSE	NA	NA	NA	NA	NA	NA
NC_045512.2	21658	C	G	51620	31583	35	1	0	34	1.9372e-05	51621	1	FALSE	NA	NA	NA	NA	NA	NA
NC_045512.2	21659	A	G	51633	31388	35	6	6	34	0.000116189	51640	1	FALSE	NA	NA	NA	NA	NA	NA
NC_045512.2	21659	A	C	51633	31388	35	1	0	34	1.93648e-05	51640	1	FALSE	NA	NA	NA	NA	NA	NA
NC_045512.2	21660	C	T	51497	31441	35	2	2	30	3.88334e-05	51502	1	FALSE	NA	NA	NA	NA	NA	NA
NC_045512.2	21660	C	G	51497	31441	35	3	0	34	5.82502e-05	51502	1	FALSE	NA	NA	NA	NA	NA	NA
NC_045512.2	21661	A	T	51293	31086	35	1	0	34	1.94951e-05	51295	1	FALSE	NA	NA	NA	NA	NA	NA
NC_045512.2	21661	A	C	51293	31086	35	1	1	26	1.94951e-05	51295	1	FALSE	NA	NA	NA	NA	NA	NA
NC_045512.2	21662	C	T	51269	31464	35	10	10	34	0.000194996	51283	1	FALSE	NA	NA	NA	NA	NA	NA
NC_045512.2	21662	C	A	51269	31464	35	4	2	34	7.79986e-05	51283	1	FALSE	NA	NA	NA	NA	NA	NA
NC_045512.2	21663	G	C	50421	30653	35	4	0	34	7.93147e-05	50432	1	FALSE	NA	NA	NA	NA	NA	NA
NC_045512.2	21663	G	A	50421	30653	35	7	2	34	0.000138801	50432	1	FALSE	NA	NA	NA	NA	NA	NA
NC_045512.2	21664	T	G	50062	30208	36	3	2	34	5.99161e-05	50070	1	FALSE	NA	NA	NA	NA	NA	NA
NC_045512.2	21664	T	C	50062	30208	36	5	5	34	9.98602e-05	50070	1	FALSE	NA	NA	NA	NA	NA	NA
NC_045512.2	21665	G	T	49851	30078	35	1	1	26	2.00586e-05	49854	1	FALSE	NA	NA	NA	NA	NA	NA
NC_045512.2	21665	G	C	49851	30078	35	1	1	34	2.00586e-05	49854	1	FALSE	NA	NA	NA	NA	NA	NA
NC_045512.2	21665	G	A	49851	30078	35	1	1	34	2.00586e-05	49854	1	FALSE	NA	NA	NA	NA	NA	NA
NC_045512.2	21666	G	T	50961	30097	35	3	3	30	5.8857e-05	50971	1	FALSE	NA	NA	NA	NA	NA	NA
NC_045512.2	21666	G	C	50961	30097	35	4	4	32	7.8476e-05	50971	1	FALSE	NA	NA	NA	NA	NA	NA
NC_045512.2	21666	G	A	50961	30097	35	3	2	34	5.8857e-05	50971	1	FALSE	NA	NA	NA	NA	NA	NA
NC_045512.2	21667	T	G	50524	30202	36	10	0	33	0.00019784	50546	1	FALSE	NA	NA	NA	NA	NA	NA
NC_045512.2	21667	T	C	50524	30202	36	12	10	34	0.000237408	50546	1	FALSE	NA	NA	NA	NA	NA	NA
NC_045512.2	21668	G	T	52013	30773	36	1	0	24	1.92256e-05	52014	1	FALSE	NA	NA	NA	NA	NA	NA
NC_045512.2	21669	T	G	49144	28029	35	3	3	28	6.10302e-05	49156	1	FALSE	NA	NA	NA	NA	NA	NA
NC_045512.2	21669	T	C	49144	28029	35	7	7	31	0.000142404	49156	1	FALSE	NA	NA	NA	NA	NA	NA
NC_045512.2	21669	T	A	49144	28029	35	2	2	34	4.06868e-05	49156	1	FALSE	NA	NA	NA	NA	NA	NA
NC_045512.2	21670	T	G	53156	31063	36	1	1	34	1.88104e-05	53162	1	FALSE	NA	NA	NA	NA	NA	NA
NC_045512.2	21670	T	C	53156	31063	36	5	5	34	9.40521e-05	53162	1	FALSE	NA	NA	NA	NA	NA	NA
NC_045512.2	21671	T	C	52096	30074	36	7	1	38	0.000134347	52104	1	FALSE	NA	NA	NA	NA	NA	NA
NC_045512.2	21671	T	A	52096	30074	36	1	1	34	1.91924e-05	52104	1	FALSE	NA	NA	NA	NA	NA	NA
NC_045512.2	21672	A	T	25711	4627	38	1	1	68	3.88908e-05	25713	0.5	FALSE	NA	NA	NA	NA	NA	NA
NC_045512.2	21672	A	G	25711	4627	38	1	1	34	3.88908e-05	25713	1	FALSE	NA	NA	NA	NA	NA	NA
NC_045512.2	21672	A	-T	25711	4627	38	1	0	20	3.88908e-05	25713	1	FALSE	NA	NA	NA	NA	NA	NA
NC_045512.2	21672	A	+T	25711	4627	38	2	0	20	7.77817e-05	25713	1	FALSE	NA	NA	NA	NA	NA	NA
NC_045512.2	21673	T	C	25228	4725	38	2	0	34	7.92707e-05	25230	1	FALSE	NA	NA	NA	NA	NA	NA
NC_045512.2	21674	T	C	25147	4817	38	2	1	30	7.9526e-05	25149	1	FALSE	NA	NA	NA	NA	NA	NA
NC_045512.2	21675	A	G	24948	4825	38	14	5	60	0.000560852	24962	6.09411e-05	TRUE	NA	NA	NA	NA	NA	NA
NC_045512.2	21675	A	-C	24948	4825	38	1	0	20	4.00609e-05	24962	1	FALSE	NA	NA	NA	NA	NA	NA
NC_045512.2	21676	C	T	25002	4831	38	2	0	34	7.99872e-05	25004	1	FALSE	NA	NA	NA	NA	NA	NA
NC_045512.2	21677	C	G	24936	4863	38	1	0	34	4.00994e-05	24938	1	FALSE	NA	NA	NA	NA	NA	NA
NC_045512.2	21677	C	A	24936	4863	38	1	0	34	4.00994e-05	24938	1	FALSE	NA	NA	NA	NA	NA	NA
NC_045512.2	21678	C	A	24881	4935	38	1	0	34	4.01897e-05	24882	1	FALSE	NA	NA	NA	NA	NA	NA
NC_045512.2	21679	T	C	24899	4942	38	7	3	48	0.000281034	24908	0.0898141	FALSE	NA	NA	NA	NA	NA	NA
NC_045512.2	21679	T	A	24899	4942	38	2	0	30	8.02955e-05	24908	1	FALSE	NA	NA	NA	NA	NA	NA
NC_045512.2	21680	G	A	25009	4951	38	2	1	51	7.99648e-05	25011	0.250005	FALSE	NA	NA	NA	NA	NA	NA
NC_045512.2	21682	C	T	25134	5243	38	1	0	34	3.9782e-05	25137	1	FALSE	NA	NA	NA	NA	NA	NA
NC_045512.2	21682	C	G	25134	5243	38	1	0	26	3.9782e-05	25137	1	FALSE	NA	NA	NA	NA	NA	NA
NC_045512.2	21682	C	A	25134	5243	38	1	0	34	3.9782e-05	25137	1	FALSE	NA	NA	NA	NA	NA	NA
NC_045512.2	21683	A	G	25160	5219	38	2	0	34	7.94849e-05	25162	1	FALSE	NA	NA	NA	NA	NA	NA
NC_045512.2	21684	A	G	25274	5309	39	6	3	38	0.000237342	25280	0.999904	FALSE	NA	NA	NA	NA	NA	NA
NC_045512.2	21685	A	G	24989	5322	38	2	0	34	8.00224e-05	24993	1	FALSE	NA	NA	NA	NA	NA	NA
NC_045512.2	21685	A	C	24989	5322	38	2	0	34	8.00224e-05	24993	1	FALSE	NA	NA	NA	NA	NA	NA
NC_045512.2	21686	G	T	25659	5325	38	1	0	34	3.89712e-05	25660	1	FALSE	NA	NA	NA	NA	NA	NA
NC_045512.2	21686	G	-T	25659	5325	38	6	0	20	0.000233827	25660	1	FALSE	NA	NA	NA	NA	NA	NA
NC_045512.2	21687	T	G	25816	5555	39	1	0	26	3.87342e-05	25817	1	FALSE	NA	NA	NA	NA	NA	NA
NC_045512.2	21688	T	G	25385	5655	39	2	0	26	7.87743e-05	25389	1	FALSE	NA	NA	NA	NA	NA	NA
NC_045512.2	21688	T	C	25385	5655	39	2	1	51	7.87743e-05	25389	0.249985	FALSE	NA	NA	NA	NA	NA	NA
NC_045512.2	21689	T	C	25577	5843	39	2	0	34	7.81891e-05	25579	1	FALSE	NA	NA	NA	NA	NA	NA
NC_045512.2	21690	T	C	25502	5846	39	4	0	34	0.000156826	25506	0.999992	FALSE	NA	NA	NA	NA	NA	NA
NC_045512.2	21691	C	T	25386	5836	39	1	1	34	3.9384e-05	25391	1	FALSE	NA	NA	NA	NA	NA	NA
NC_045512.2	21691	C	G	25386	5836	39	1	0	34	3.9384e-05	25391	1	FALSE	NA	NA	NA	NA	NA	NA
NC_045512.2	21691	C	A	25386	5836	39	3	1	34	0.000118152	25391	0.999998	FALSE	NA	NA	NA	NA	NA	NA
NC_045512.2	21692	A	G	25580	5840	39	34	11	38	0.0013274	25614	0.148693	FALSE	NA	NA	NA	NA	NA	NA
NC_045512.2	21694	A	T	25934	6543	39	1	0	68	3.85446e-05	25944	0.499923	FALSE	NA	NA	NA	NA	NA	NA
NC_045512.2	21694	A	G	25934	6543	39	9	2	33	0.000346901	25944	0.998537	FALSE	NA	NA	NA	NA	NA	NA
NC_045512.2	21695	T	C	25948	6574	40	8	2	48	0.000308214	25956	0.0546773	FALSE	NA	NA	NA	NA	NA	NA
NC_045512.2	21695	T	-C	25948	6574	40	1	0	20	3.85267e-05	25956	1	FALSE	NA	NA	NA	NA	NA	NA
NC_045512.2	21697	C	T	25941	6978	40	2	1	51	7.70891e-05	25944	0.249995	FALSE	NA	NA	NA	NA	NA	NA
NC_045512.2	21697	C	G	25941	6978	40	1	0	34	3.85446e-05	25944	1	FALSE	NA	NA	NA	NA	NA	NA
NC_045512.2	21698	T	C	26064	6991	40	2	0	34	7.67283e-05	26066	1	FALSE	NA	NA	NA	NA	NA	NA
NC_045512.2	21699	C	G	26693	7003	40	4	0	34	0.00014983	26697	0.999996	FALSE	NA	NA	NA	NA	NA	NA
NC_045512.2	21700	A	G	26700	7019	40	6	5	51	0.000224669	26706	0.0156224	FALSE	NA	NA	NA	NA	NA	NA
NC_045512.2	21702	T	G	26367	7224	39	1	0	34	3.79204e-05	26371	1	FALSE	NA	NA	NA	NA	NA	NA
NC_045512.2	21702	T	C	26367	7224	39	3	2	31	0.000113761	26371	0.999999	FALSE	NA	NA	NA	NA	NA	NA
NC_045512.2	21703	T	C	26117	7096	39	3	1	42	0.000114855	26120	0.500018	FALSE	NA	NA	NA	NA	NA	NA
NC_045512.2	21704	T	C	23221	7893	39	2	0	30	8.61215e-05	23223	0.999999	FALSE	NA	NA	NA	NA	NA	NA
NC_045512.2	21705	T	C	23236	7999	39	3	2	45	0.000129093	23239	0.50002	FALSE	NA	NA	NA	NA	NA	NA
NC_045512.2	21706	A	G	23361	8008	39	3	0	45	0.000128403	23364	0.50002	FALSE	NA	NA	NA	NA	NA	NA
NC_045512.2	21707	C	T	23498	8607	39	1	1	34	4.2555e-05	23499	1	FALSE	NA	NA	NA	NA	NA	NA
NC_045512.2	21708	A	G	23506	8565	39	3	2	45	0.000127611	23509	0.50002	FALSE	NA	NA	NA	NA	NA	NA
NC_045512.2	21709	T	C	23351	8690	39	2	0	34	8.56421e-05	23353	0.999999	FALSE	NA	NA	NA	NA	NA	NA
NC_045512.2	21710	T	C	22955	8400	39	2	2	34	8.71194e-05	22957	0.999999	FALSE	NA	NA	NA	NA	NA	NA
NC_045512.2	21712	A	G	23012	8678	39	1	0	34	4.34537e-05	23013	1	FALSE	NA	NA	NA	NA	NA	NA
NC_045512.2	21713	A	T	21467	8886	37	1	1	34	4.65788e-05	21469	1	FALSE	NA	NA	NA	NA	NA	NA
NC_045512.2	21713	A	G	21467	8886	37	1	0	34	4.65788e-05	21469	1	FALSE	NA	NA	NA	NA	NA	NA
NC_045512.2	21715	T	G	21941	9229	39	1	0	34	4.55622e-05	21948	1	FALSE	NA	NA	NA	NA	NA	NA
NC_045512.2	21715	T	C	21941	9229	39	6	6	34	0.000273373	21948	0.999246	FALSE	NA	NA	NA	NA	NA	NA
NC_045512.2	21717	A	T	21897	9195	38	1	1	68	4.56538e-05	21904	0.499943	FALSE	NA	NA	NA	NA	NA	NA
NC_045512.2	21717	A	G	21897	9195	38	5	0	31	0.000228269	21904	0.999734	FALSE	NA	NA	NA	NA	NA	NA
NC_045512.2	21717	A	C	21897	9195	38	1	1	34	4.56538e-05	21904	1	FALSE	NA	NA	NA	NA	NA	NA
NC_045512.2	21718	G	A	22790	9204	38	3	0	34	0.000131619	22793	0.99999	FALSE	NA	NA	NA	NA	NA	NA
NC_045512.2	21720	A	G	23269	9827	39	1	1	34	4.29738e-05	23270	1	FALSE	NA	NA	NA	NA	NA	NA
NC_045512.2	21721	C	T	10536	4403	39	12658	5366	38	0.545721	23195	0	TRUE	NA	NA	NA	NA	NA	NA
NC_045512.2	21721	C	G	10536	4403	39	1	0	34	4.31127e-05	23195	0.999876	FALSE	NA	NA	NA	NA	NA	NA
NC_045512.2	21722	T	C	23248	9788	39	1	0	26	4.30126e-05	23249	1	FALSE	NA	NA	NA	NA	NA	NA
NC_045512.2	21723	T	C	23247	9831	39	2	2	29	8.60252e-05	23249	1	FALSE	NA	NA	NA	NA	NA	NA
NC_045512.2	21725	T	C	23304	10241	39	3	3	45	0.000128711	23308	0.5	FALSE	NA	NA	NA	NA	NA	NA
NC_045512.2	21725	T	A	23304	10241	39	1	1	34	4.29037e-05	23308	1	FALSE	NA	NA	NA	NA	NA	NA
NC_045512.2	21726	T	C	23232	10156	38	1	0	34	4.30404e-05	23234	1	FALSE	NA	NA	NA	NA	NA	NA
NC_045512.2	21726	T	A	23232	10156	38	1	0	27	4.30404e-05	23234	1	FALSE	NA	NA	NA	NA	NA	NA
NC_045512.2	21727	C	T	22976	10298	39	1	0	34	4.35199e-05	22978	1	FALSE	NA	NA	NA	NA	NA	NA
NC_045512.2	21727	C	A	22976	10298	39	1	0	34	4.35199e-05	22978	1	FALSE	NA	NA	NA	NA	NA	NA
NC_045512.2	21728	T	C	22504	9802	39	1	1	26	4.44326e-05	22506	1	FALSE	NA	NA	NA	NA	NA	NA
NC_045512.2	21728	T	A	22504	9802	39	1	0	34	4.44326e-05	22506	1	FALSE	NA	NA	NA	NA	NA	NA
NC_045512.2	21729	T	C	22521	9808	39	1	0	68	4.4401e-05	22522	0.500011	FALSE	NA	NA	NA	NA	NA	NA
NC_045512.2	21734	T	C	21940	9986	39	3	0	45	0.000136705	21945	0.499979	FALSE	NA	NA	NA	NA	NA	NA
NC_045512.2	21734	T	A	21940	9986	39	2	2	34	9.11369e-05	21945	0.999997	FALSE	NA	NA	NA	NA	NA	NA
NC_045512.2	21735	T	C	22449	10724	38	1	0	34	4.45434e-05	22450	1	FALSE	NA	NA	NA	NA	NA	NA
NC_045512.2	21737	T	C	22476	11262	39	2	1	53	8.89759e-05	22478	0.250006	FALSE	NA	NA	NA	NA	NA	NA
NC_045512.2	21739	T	C	22325	11361	39	3	0	34	0.00013436	22328	0.99999	FALSE	NA	NA	NA	NA	NA	NA
NC_045512.2	21740	T	G	22312	11386	39	1	0	34	4.48149e-05	22314	1	FALSE	NA	NA	NA	NA	NA	NA
NC_045512.2	21740	T	C	22312	11386	39	1	0	68	4.48149e-05	22314	0.5	FALSE	NA	NA	NA	NA	NA	NA
NC_045512.2	21744	A	G	21366	11639	38	1	0	34	4.68011e-05	21367	1	FALSE	NA	NA	NA	NA	NA	NA
NC_045512.2	21745	T	G	21427	11627	38	2	0	34	9.33271e-05	21430	0.999997	FALSE	NA	NA	NA	NA	NA	NA
NC_045512.2	21745	T	C	21427	11627	38	1	0	26	4.66636e-05	21430	1	FALSE	NA	NA	NA	NA	NA	NA
NC_045512.2	21746	G	A	21478	11660	38	2	1	34	9.31099e-05	21480	0.999997	FALSE	NA	NA	NA	NA	NA	NA
NC_045512.2	21746	G	-T	21478	11660	38	1	0	20	4.65549e-05	21480	1	FALSE	NA	NA	NA	NA	NA	NA
NC_045512.2	21747	T	G	21027	11738	38	1	0	34	4.75556e-05	21028	1	FALSE	NA	NA	NA	NA	NA	NA
NC_045512.2	21748	T	G	21030	11776	38	1	0	34	4.75421e-05	21034	1	FALSE	NA	NA	NA	NA	NA	NA
NC_045512.2	21748	T	C	21030	11776	38	2	1	51	9.50841e-05	21034	0.249982	FALSE	NA	NA	NA	NA	NA	NA
NC_045512.2	21748	T	A	21030	11776	38	1	1	34	4.75421e-05	21034	1	FALSE	NA	NA	NA	NA	NA	NA
NC_045512.2	21749	A	G	21096	11796	38	3	1	34	0.000142187	21099	0.999982	FALSE	NA	NA	NA	NA	NA	NA
NC_045512.2	21751	T	C	21046	11792	38	1	1	34	4.75127e-05	21047	1	FALSE	NA	NA	NA	NA	NA	NA
NC_045512.2	21752	T	C	21215	12004	38	1	1	26	4.7132e-05	21217	1	FALSE	NA	NA	NA	NA	NA	NA
NC_045512.2	21752	T	A	21215	12004	38	1	1	26	4.7132e-05	21217	1	FALSE	NA	NA	NA	NA	NA	NA
NC_045512.2	21753	G	C	20979	11833	38	1	1	34	4.76644e-05	20980	1	FALSE	NA	NA	NA	NA	NA	NA
NC_045512.2	21755	T	C	21274	11997	38	2	1	34	9.40026e-05	21276	0.999997	FALSE	NA	NA	NA	NA	NA	NA
NC_045512.2	21756	T	G	21257	12100	38	1	0	34	4.70345e-05	21261	1	FALSE	NA	NA	NA	NA	NA	NA
NC_045512.2	21756	T	C	21257	12100	38	3	2	31	0.000141103	21261	0.999982	FALSE	NA	NA	NA	NA	NA	NA
NC_045512.2	21756	T	-C	21257	12100	38	2	0	20	9.4069e-05	21261	1	FALSE	NA	NA	NA	NA	NA	NA
NC_045512.2	21757	C	T	21221	12085	38	1	1	34	4.71187e-05	21223	1	FALSE	NA	NA	NA	NA	NA	NA
NC_045512.2	21757	C	A	21221	12085	38	1	0	34	4.71187e-05	21223	1	FALSE	NA	NA	NA	NA	NA	NA
NC_045512.2	21758	C	T	21154	12125	38	1	1	68	4.72701e-05	21155	0.500012	FALSE	NA	NA	NA	NA	NA	NA
NC_045512.2	21759	A	G	22210	12186	38	3	3	34	0.000135056	22213	0.99999	FALSE	NA	NA	NA	NA	NA	NA
NC_045512.2	21760	T	C	22242	12205	38	1	0	34	4.4958e-05	22243	1	FALSE	NA	NA	NA	NA	NA	NA
NC_045512.2	21761	G	A	22194	12192	38	2	2	34	9.01063e-05	22196	0.999999	FALSE	NA	NA	NA	NA	NA	NA
NC_045512.2	21762	C	-T	23749	13683	38	1	0	20	4.2107e-05	23749	1	FALSE	NA	NA	NA	NA	NA	NA
NC_045512.2	21763	T	C	23201	13059	38	4	4	34	0.000172377	23205	0.999975	FALSE	NA	NA	NA	NA	NA	NA
NC_045512.2	21764	A	T	24156	13743	38	1	1	34	4.13959e-05	24157	1	FALSE	NA	NA	NA	NA	NA	NA
NC_045512.2	21765	T	C	24045	13697	38	1	1	34	4.15835e-05	24048	1	FALSE	NA	NA	NA	NA	NA	NA
NC_045512.2	21765	T	A	24045	13697	38	2	1	47	8.3167e-05	24048	0.687508	FALSE	NA	NA	NA	NA	NA	NA
NC_045512.2	21766	A	G	24226	13958	38	1	1	34	4.12763e-05	24227	1	FALSE	NA	NA	NA	NA	NA	NA
NC_045512.2	21767	C	T	26344	17327	38	1	1	34	3.79564e-05	26346	1	FALSE	NA	NA	NA	NA	NA	NA
NC_045512.2	21767	C	A	26344	17327	38	1	0	34	3.79564e-05	26346	1	FALSE	NA	NA	NA	NA	NA	NA
NC_045512.2	21774	C	G	24105	17114	38	1	0	26	4.14834e-05	24106	1	FALSE	NA	NA	NA	NA	NA	NA
NC_045512.2	21775	T	G	23620	16630	38	1	1	34	4.23298e-05	23624	1	FALSE	NA	NA	NA	NA	NA	NA
NC_045512.2	21775	T	C	23620	16630	38	3	2	49	0.00012699	23624	0.5	FALSE	NA	NA	NA	NA	NA	NA
NC_045512.2	21776	G	A	23913	16924	38	2	2	51	8.36295e-05	23915	0.250005	FALSE	NA	NA	NA	NA	NA	NA
NC_045512.2	21777	G	T	23983	16980	38	2	2	34	8.3382e-05	23986	0.999999	FALSE	NA	NA	NA	NA	NA	NA
NC_045512.2	21777	G	A	23983	16980	38	1	1	34	4.1691e-05	23986	1	FALSE	NA	NA	NA	NA	NA	NA
NC_045512.2	21778	G	A	24185	17117	38	1	0	34	4.13462e-05	24186	1	FALSE	NA	NA	NA	NA	NA	NA
NC_045512.2	21779	A	G	24251	17194	38	2	1	51	8.24572e-05	24255	0.249985	FALSE	NA	NA	NA	NA	NA	NA
NC_045512.2	21779	A	C	24251	17194	38	2	2	34	8.24572e-05	24255	1	FALSE	NA	NA	NA	NA	NA	NA
NC_045512.2	21779	A	-C	24251	17194	38	1	0	20	4.12286e-05	24255	1	FALSE	NA	NA	NA	NA	NA	NA
NC_045512.2	21780	C	T	24199	17205	38	3	1	31	0.000123957	24202	0.999997	FALSE	NA	NA	NA	NA	NA	NA
NC_045512.2	21781	C	T	24382	17302	38	1	1	34	4.10122e-05	24383	1	FALSE	NA	NA	NA	NA	NA	NA
NC_045512.2	21782	A	G	24472	17399	38	7	2	34	0.000285948	24480	0.999563	FALSE	NA	NA	NA	NA	NA	NA
NC_045512.2	21782	A	C	24472	17399	38	1	1	34	4.08497e-05	24480	1	FALSE	NA	NA	NA	NA	NA	NA
NC_045512.2	21784	T	C	24552	17492	38	1	1	34	4.07282e-05	24553	1	FALSE	NA	NA	NA	NA	NA	NA
NC_045512.2	21784	T	-G	24552	17492	38	1	0	20	4.07282e-05	24553	1	FALSE	NA	NA	NA	NA	NA	NA
NC_045512.2	21785	G	T	24456	17328	38	2	0	34	8.17661e-05	24460	1	FALSE	NA	NA	NA	NA	NA	NA
NC_045512.2	21785	G	C	24456	17328	38	1	1	34	4.08831e-05	24460	1	FALSE	NA	NA	NA	NA	NA	NA
NC_045512.2	21785	G	A	24456	17328	38	1	1	34	4.08831e-05	24460	1	FALSE	NA	NA	NA	NA	NA	NA
NC_045512.2	21786	G	C	24925	17478	38	1	0	34	4.01171e-05	24927	1	FALSE	NA	NA	NA	NA	NA	NA
NC_045512.2	21786	G	A	24925	17478	38	1	1	34	4.01171e-05	24927	1	FALSE	NA	NA	NA	NA	NA	NA
NC_045512.2	21787	T	C	24365	17286	38	4	4	31	0.000164143	24369	0.999986	FALSE	NA	NA	NA	NA	NA	NA
NC_045512.2	21788	A	T	24428	17315	38	1	1	34	4.09266e-05	24434	1	FALSE	NA	NA	NA	NA	NA	NA
NC_045512.2	21788	A	C	24428	17315	38	5	5	30	0.000204633	24434	0.999948	FALSE	NA	NA	NA	NA	NA	NA
NC_045512.2	21789	C	G	24435	17364	38	1	0	27	4.09232e-05	24436	1	FALSE	NA	NA	NA	NA	NA	NA
NC_045512.2	21789	C	-TAA	24435	17364	38	1	0	20	4.09232e-05	24436	1	FALSE	NA	NA	NA	NA	NA	NA
NC_045512.2	21790	T	-AAG	24208	17143	38	3322	0	20	0.137227	24208	0	TRUE	NA	NA	NA	NA	NA	NA
NC_045512.2	21790	T	-A	24208	17143	38	2	0	20	8.26173e-05	24208	1	FALSE	NA	NA	NA	NA	NA	NA
NC_045512.2	21791	A	G	20894	14939	38	1	0	60	4.78583e-05	20895	0.463068	FALSE	NA	NA	NA	NA	NA	NA
NC_045512.2	21792	A	G	20594	14688	38	83	65	33	0.00401412	20677	3.50822e-11	TRUE	NA	NA	NA	NA	NA	NA
NC_045512.2	21793	G	T	20684	14746	38	18	18	32	0.000869355	20705	0.72457	FALSE	NA	NA	NA	NA	NA	NA
NC_045512.2	21793	G	A	20684	14746	38	3	3	34	0.000144893	20705	0.999985	FALSE	NA	NA	NA	NA	NA	NA
NC_045512.2	21794	A	G	23863	17033	38	1	1	34	4.19041e-05	23864	1	FALSE	NA	NA	NA	NA	NA	NA
NC_045512.2	21795	G	A	23298	16299	38	3	1	34	0.00012875	23301	0.999995	FALSE	NA	NA	NA	NA	NA	NA
NC_045512.2	21797	T	C	23014	16484	38	1	0	34	4.34499e-05	23015	1	FALSE	NA	NA	NA	NA	NA	NA
NC_045512.2	21799	T	C	24092	17542	39	2	0	51	8.30082e-05	24094	0.250005	FALSE	NA	NA	NA	NA	NA	NA
NC_045512.2	21801	A	G	24053	17991	38	1	1	68	4.15731e-05	24054	0.50001	FALSE	NA	NA	NA	NA	NA	NA
NC_045512.2	21802	T	C	23355	17692	38	1	1	26	4.28156e-05	23356	1	FALSE	NA	NA	NA	NA	NA	NA
NC_045512.2	21803	A	G	23749	18345	38	6	2	38	0.000252578	23755	0.999728	FALSE	NA	NA	NA	NA	NA	NA
NC_045512.2	21805	C	G	24280	18785	38	1	1	34	4.11811e-05	24283	1	FALSE	NA	NA	NA	NA	NA	NA
NC_045512.2	21805	C	A	24280	18785	38	2	2	34	8.23621e-05	24283	1	FALSE	NA	NA	NA	NA	NA	NA
NC_045512.2	21807	C	T	24035	18693	38	1	1	34	4.16043e-05	24036	1	FALSE	NA	NA	NA	NA	NA	NA
NC_045512.2	21808	T	C	22714	17356	38	3	3	31	0.000132054	22718	0.99999	FALSE	NA	NA	NA	NA	NA	NA
NC_045512.2	21808	T	A	22714	17356	38	1	0	24	4.4018e-05	22718	1	FALSE	NA	NA	NA	NA	NA	NA
NC_045512.2	21810	T	C	24647	19423	39	1	0	34	4.05712e-05	24648	1	FALSE	NA	NA	NA	NA	NA	NA
NC_045512.2	21811	C	T	24870	19663	39	2	2	34	8.04117e-05	24872	1	FALSE	NA	NA	NA	NA	NA	NA
NC_045512.2	21813	T	G	23989	19037	38	1	1	34	4.16667e-05	24000	1	FALSE	NA	NA	NA	NA	NA	NA
NC_045512.2	21813	T	C	23989	19037	38	10	6	57	0.000416667	24000	0.000975647	TRUE	NA	NA	NA	NA	NA	NA
NC_045512.2	21814	A	G	25546	20781	39	1	1	34	3.91435e-05	25547	1	FALSE	NA	NA	NA	NA	NA	NA
NC_045512.2	21815	C	A	26851	22315	39	3	3	34	0.000111715	26854	0.999999	FALSE	NA	NA	NA	NA	NA	NA
NC_045512.2	21817	A	C	27532	23215	40	3	3	34	0.000108952	27535	1	FALSE	NA	NA	NA	NA	NA	NA
NC_045512.2	21818	T	G	25552	21281	39	2	2	30	7.82656e-05	25554	1	FALSE	NA	NA	NA	NA	NA	NA
NC_045512.2	21819	T	G	25165	21363	38	2	2	34	7.9466e-05	25168	1	FALSE	NA	NA	NA	NA	NA	NA
NC_045512.2	21819	T	C	25165	21363	38	1	1	34	3.9733e-05	25168	1	FALSE	NA	NA	NA	NA	NA	NA
NC_045512.2	21820	T	C	27755	24275	39	1	1	34	3.60269e-05	27757	1	FALSE	NA	NA	NA	NA	NA	NA
NC_045512.2	21820	T	A	27755	24275	39	1	1	34	3.60269e-05	27757	1	FALSE	NA	NA	NA	NA	NA	NA
NC_045512.2	21821	A	T	28899	25631	39	1	1	68	3.45997e-05	28902	0.499991	FALSE	NA	NA	NA	NA	NA	NA
NC_045512.2	21821	A	G	28899	25631	39	2	2	34	6.91994e-05	28902	1	FALSE	NA	NA	NA	NA	NA	NA
NC_045512.2	21822	A	G	28847	25648	39	1	0	46	3.46632e-05	28849	0.875006	FALSE	NA	NA	NA	NA	NA	NA
NC_045512.2	21822	A	C	28847	25648	39	1	1	26	3.46632e-05	28849	1	FALSE	NA	NA	NA	NA	NA	NA
NC_045512.2	21824	G	A	28757	25587	39	2	2	34	6.95434e-05	28759	1	FALSE	NA	NA	NA	NA	NA	NA
NC_045512.2	21825	A	G	28116	25137	39	1	1	34	3.55657e-05	28117	1	FALSE	NA	NA	NA	NA	NA	NA
NC_045512.2	21826	T	C	28178	25214	39	1	1	34	3.54874e-05	28179	1	FALSE	NA	NA	NA	NA	NA	NA
NC_045512.2	21829	T	G	28086	25172	39	1	1	34	3.56011e-05	28089	1	FALSE	NA	NA	NA	NA	NA	NA
NC_045512.2	21829	T	C	28086	25172	39	2	2	34	7.12022e-05	28089	1	FALSE	NA	NA	NA	NA	NA	NA
NC_045512.2	21830	G	A	26301	23398	39	1	1	34	3.80199e-05	26302	1	FALSE	NA	NA	NA	NA	NA	NA
NC_045512.2	21831	T	C	27536	24639	38	2	2	34	7.26269e-05	27538	1	FALSE	NA	NA	NA	NA	NA	NA
NC_045512.2	21832	T	C	28024	25139	39	1	1	26	3.56824e-05	28025	1	FALSE	NA	NA	NA	NA	NA	NA
NC_045512.2	21834	A	G	27945	25063	39	1	1	26	3.57833e-05	27946	1	FALSE	NA	NA	NA	NA	NA	NA
NC_045512.2	21834	A	-T	27945	25063	39	2	0	20	7.15666e-05	27946	1	FALSE	NA	NA	NA	NA	NA	NA
NC_045512.2	21835	T	C	27845	25001	39	4	3	40	0.000143632	27849	0.343725	FALSE	NA	NA	NA	NA	NA	NA
NC_045512.2	21836	T	G	25857	23038	39	1	1	34	3.86668e-05	25862	1	FALSE	NA	NA	NA	NA	NA	NA
NC_045512.2	21836	T	C	25857	23038	39	4	2	43	0.000154667	25862	0.343741	FALSE	NA	NA	NA	NA	NA	NA
NC_045512.2	21837	T	C	24712	21906	39	9	8	36	0.000364048	24722	0.997731	FALSE	NA	NA	NA	NA	NA	NA
NC_045512.2	21837	T	A	24712	21906	39	1	1	34	4.04498e-05	24722	1	FALSE	NA	NA	NA	NA	NA	NA
NC_045512.2	21838	T	G	26071	23268	39	1	1	34	3.83494e-05	26076	1	FALSE	NA	NA	NA	NA	NA	NA
NC_045512.2	21838	T	C	26071	23268	39	3	3	34	0.000115048	26076	0.999999	FALSE	NA	NA	NA	NA	NA	NA
NC_045512.2	21838	T	A	26071	23268	39	1	1	24	3.83494e-05	26076	1	FALSE	NA	NA	NA	NA	NA	NA
NC_045512.2	21838	T	-G	26071	23268	39	1	0	20	3.83494e-05	26076	1	FALSE	NA	NA	NA	NA	NA	NA
NC_045512.2	21839	G	A	26156	23386	39	1	0	68	3.82307e-05	26157	0.5	FALSE	NA	NA	NA	NA	NA	NA
NC_045512.2	21840	C	G	26143	23388	39	1	0	34	3.82497e-05	26144	1	FALSE	NA	NA	NA	NA	NA	NA
NC_045512.2	21841	T	G	25180	22415	39	1	1	26	3.97078e-05	25184	1	FALSE	NA	NA	NA	NA	NA	NA
NC_045512.2	21841	T	C	25180	22415	39	3	3	34	0.000119123	25184	0.999998	FALSE	NA	NA	NA	NA	NA	NA
NC_045512.2	21842	T	C	25674	22915	39	5	3	46	0.000194696	25681	0.226531	FALSE	NA	NA	NA	NA	NA	NA
NC_045512.2	21842	T	A	25674	22915	39	2	1	29	7.78786e-05	25681	1	FALSE	NA	NA	NA	NA	NA	NA
NC_045512.2	21844	C	T	26000	23329	39	4	4	34	0.000153822	26004	0.999996	FALSE	NA	NA	NA	NA	NA	NA
NC_045512.2	21845	A	G	25997	23314	39	1	1	34	3.84645e-05	25998	1	FALSE	NA	NA	NA	NA	NA	NA
NC_045512.2	21847	T	G	19779	17157	39	1	1	26	5.05485e-05	19783	1	FALSE	NA	NA	NA	NA	NA	NA
NC_045512.2	21847	T	C	19779	17157	39	2	2	29	0.000101097	19783	1	FALSE	NA	NA	NA	NA	NA	NA
NC_045512.2	21847	T	A	19779	17157	39	1	1	34	5.05485e-05	19783	0.999999	FALSE	NA	NA	NA	NA	NA	NA
NC_045512.2	21848	G	T	25865	23250	39	1	1	34	3.86608e-05	25866	1	FALSE	NA	NA	NA	NA	NA	NA
NC_045512.2	21849	A	G	25844	23226	39	2	2	34	7.73784e-05	25847	1	FALSE	NA	NA	NA	NA	NA	NA
NC_045512.2	21849	A	C	25844	23226	39	1	1	34	3.86892e-05	25847	1	FALSE	NA	NA	NA	NA	NA	NA
NC_045512.2	21850	G	T	25814	23284	39	1	1	34	3.87372e-05	25815	1	FALSE	NA	NA	NA	NA	NA	NA
NC_045512.2	21851	A	G	25775	23285	39	3	3	31	0.000116369	25780	0.999998	FALSE	NA	NA	NA	NA	NA	NA
NC_045512.2	21851	A	C	25775	23285	39	2	2	34	7.75795e-05	25780	1	FALSE	NA	NA	NA	NA	NA	NA
NC_045512.2	21852	A	C	25523	23012	39	1	0	60	3.91788e-05	25524	0.50001	FALSE	NA	NA	NA	NA	NA	NA
NC_045512.2	21853	G	A	25502	22994	39	1	1	34	3.92111e-05	25503	1	FALSE	NA	NA	NA	NA	NA	NA
NC_045512.2	21854	T	C	25283	22798	39	2	1	51	7.90983e-05	25285	0.250005	FALSE	NA	NA	NA	NA	NA	NA
NC_045512.2	21855	C	G	25301	22955	38	1	0	26	3.95226e-05	25302	1	FALSE	NA	NA	NA	NA	NA	NA
NC_045512.2	21856	T	C	25269	22921	38	2	2	34	7.91421e-05	25271	1	FALSE	NA	NA	NA	NA	NA	NA
NC_045512.2	21857	A	G	25140	22796	38	1	1	34	3.97709e-05	25144	1	FALSE	NA	NA	NA	NA	NA	NA
NC_045512.2	21857	A	C	25140	22796	38	3	3	34	0.000119313	25144	0.999998	FALSE	NA	NA	NA	NA	NA	NA
NC_045512.2	21858	A	T	25143	22864	38	1	1	34	3.97678e-05	25146	1	FALSE	NA	NA	NA	NA	NA	NA
NC_045512.2	21858	A	G	25143	22864	38	2	1	51	7.95355e-05	25146	0.249995	FALSE	NA	NA	NA	NA	NA	NA
NC_045512.2	21859	C	T	25019	23161	37	1	1	34	3.99664e-05	25021	1	FALSE	NA	NA	NA	NA	NA	NA
NC_045512.2	21859	C	G	25019	23161	37	1	1	34	3.99664e-05	25021	1	FALSE	NA	NA	NA	NA	NA	NA
NC_045512.2	21860	A	T	24983	23126	37	1	1	34	4.00208e-05	24987	1	FALSE	NA	NA	NA	NA	NA	NA
NC_045512.2	21860	A	G	24983	23126	37	2	1	30	8.00416e-05	24987	1	FALSE	NA	NA	NA	NA	NA	NA
NC_045512.2	21860	A	C	24983	23126	37	1	1	34	4.00208e-05	24987	1	FALSE	NA	NA	NA	NA	NA	NA
NC_045512.2	21861	T	C	24785	22943	37	2	2	51	8.06875e-05	24787	0.250005	FALSE	NA	NA	NA	NA	NA	NA
NC_045512.2	21863	A	T	22797	21401	37	1	1	34	4.38635e-05	22798	1	FALSE	NA	NA	NA	NA	NA	NA
NC_045512.2	21864	T	C	22805	21426	37	1	1	34	4.38481e-05	22806	1	FALSE	NA	NA	NA	NA	NA	NA
NC_045512.2	21865	A	G	22690	21464	36	1	1	34	4.40703e-05	22691	1	FALSE	NA	NA	NA	NA	NA	NA
NC_045512.2	21866	A	T	22582	21396	36	2	2	34	8.85583e-05	22584	0.999999	FALSE	NA	NA	NA	NA	NA	NA
NC_045512.2	21867	G	T	22512	21352	36	1	1	26	4.44168e-05	22514	1	FALSE	NA	NA	NA	NA	NA	NA
NC_045512.2	21867	G	C	22512	21352	36	1	1	26	4.44168e-05	22514	1	FALSE	NA	NA	NA	NA	NA	NA
NC_045512.2	21868	A	T	18241	17150	36	3	3	34	0.000164393	18249	0.99989	FALSE	NA	NA	NA	NA	NA	NA
NC_045512.2	21868	A	G	18241	17150	36	5	4	31	0.000273988	18249	0.998703	FALSE	NA	NA	NA	NA	NA	NA
NC_045512.2	21869	G	T	18113	17019	36	1	1	34	5.51937e-05	18118	0.999998	FALSE	NA	NA	NA	NA	NA	NA
NC_045512.2	21869	G	C	18113	17019	36	4	4	34	0.000220775	18118	0.999574	FALSE	NA	NA	NA	NA	NA	NA
NC_045512.2	21870	G	C	17009	15952	37	1	1	34	5.87889e-05	17010	0.999996	FALSE	NA	NA	NA	NA	NA	NA
NC_045512.2	21872	T	G	15694	14735	36	1	1	34	6.36943e-05	15700	0.999985	FALSE	NA	NA	NA	NA	NA	NA
NC_045512.2	21872	T	C	15694	14735	36	5	5	34	0.000318471	15700	0.994104	FALSE	NA	NA	NA	NA	NA	NA
NC_045512.2	21873	G	C	15667	14711	36	2	2	34	0.000127641	15669	0.999863	FALSE	NA	NA	NA	NA	NA	NA
NC_045512.2	21875	A	-T	15629	14673	37	8	0	20	0.000511869	15629	1	FALSE	NA	NA	NA	NA	NA	NA
NC_045512.2	21876	T	C	15572	14624	36	2	2	34	0.000128419	15574	0.999863	FALSE	NA	NA	NA	NA	NA	NA
NC_045512.2	21877	T	C	15576	14633	36	4	4	34	0.000256739	15580	0.997794	FALSE	NA	NA	NA	NA	NA	NA
NC_045512.2	21878	T	G	15440	14506	36	1	1	34	6.47459e-05	15445	0.999985	FALSE	NA	NA	NA	NA	NA	NA
NC_045512.2	21878	T	C	15440	14506	36	4	4	34	0.000258983	15445	0.997793	FALSE	NA	NA	NA	NA	NA	NA
NC_045512.2	21879	T	C	15414	14518	36	1	1	34	6.48719e-05	15415	0.999985	FALSE	NA	NA	NA	NA	NA	NA
NC_045512.2	21880	T	G	15433	14540	36	1	1	34	6.4792e-05	15434	0.999985	FALSE	NA	NA	NA	NA	NA	NA
NC_045512.2	21881	G	T	15362	14478	36	2	2	34	0.000130166	15365	0.999863	FALSE	NA	NA	NA	NA	NA	NA
NC_045512.2	21881	G	A	15362	14478	36	1	1	34	6.5083e-05	15365	0.999985	FALSE	NA	NA	NA	NA	NA	NA
NC_045512.2	21882	G	C	14893	14092	36	1	1	34	6.71366e-05	14895	0.99997	FALSE	NA	NA	NA	NA	NA	NA
NC_045512.2	21882	G	A	14893	14092	36	1	1	34	6.71366e-05	14895	0.99997	FALSE	NA	NA	NA	NA	NA	NA
NC_045512.2	21884	A	G	14414	13646	36	4	4	34	0.000277431	14418	0.996242	FALSE	NA	NA	NA	NA	NA	NA
NC_045512.2	21885	C	A	14385	13763	36	1	1	34	6.9512e-05	14386	0.99997	FALSE	NA	NA	NA	NA	NA	NA
NC_045512.2	21886	T	C	14345	13723	36	1	1	34	6.97058e-05	14346	0.99997	FALSE	NA	NA	NA	NA	NA	NA
NC_045512.2	21889	T	C	14175	13633	35	4	4	34	0.000282107	14179	0.996242	FALSE	NA	NA	NA	NA	NA	NA
NC_045512.2	21890	T	A	14169	13628	35	1	1	34	7.05716e-05	14170	0.99997	FALSE	NA	NA	NA	NA	NA	NA
NC_045512.2	21891	T	C	14027	13489	35	1	1	34	7.1286e-05	14028	0.99997	FALSE	NA	NA	NA	NA	NA	NA
NC_045512.2	21892	A	T	14041	13504	35	1	1	34	7.12099e-05	14043	0.99997	FALSE	NA	NA	NA	NA	NA	NA
NC_045512.2	21892	A	G	14041	13504	35	1	1	34	7.12099e-05	14043	0.99997	FALSE	NA	NA	NA	NA	NA	NA
NC_045512.2	21894	A	G	16869	13387	35	2	2	34	0.00011854	16872	0.999928	FALSE	NA	NA	NA	NA	NA	NA
NC_045512.2	21894	A	C	16869	13387	35	1	1	34	5.92698e-05	16872	0.999992	FALSE	NA	NA	NA	NA	NA	NA
NC_045512.2	21896	T	C	15442	11796	35	3	3	28	0.000194225	15446	1	FALSE	NA	NA	NA	NA	NA	NA
NC_045512.2	21896	T	A	15442	11796	35	1	0	26	6.47417e-05	15446	1	FALSE	NA	NA	NA	NA	NA	NA
NC_045512.2	21898	G	A	15104	11380	35	2	1	34	0.000132398	15106	0.999863	FALSE	NA	NA	NA	NA	NA	NA
NC_045512.2	21899	A	G	15061	11408	35	1	0	34	6.63922e-05	15062	0.999985	FALSE	NA	NA	NA	NA	NA	NA
NC_045512.2	21900	A	G	15053	11438	35	2	1	34	0.00013282	15058	0.999863	FALSE	NA	NA	NA	NA	NA	NA
NC_045512.2	21900	A	C	15053	11438	35	3	2	30	0.00019923	15058	0.999346	FALSE	NA	NA	NA	NA	NA	NA
NC_045512.2	21901	G	A	3577	103	34	1	0	34	0.000279486	3578	0.937587	FALSE	NA	NA	NA	NA	NA	NA
NC_045512.2	21905	C	T	4111	122	34	1	0	34	0.000243191	4112	0.968807	FALSE	NA	NA	NA	NA	NA	NA
NC_045512.2	21906	A	C	4513	126	34	2	0	34	0.000442968	4515	0.890755	FALSE	NA	NA	NA	NA	NA	NA
NC_045512.2	21909	C	G	5280	161	35	1	0	34	0.000189358	5281	0.984406	FALSE	NA	NA	NA	NA	NA	NA
NC_045512.2	21912	T	C	5510	163	35	1	0	34	0.000181422	5512	0.984396	FALSE	NA	NA	NA	NA	NA	NA
NC_045512.2	21912	T	A	5510	163	35	1	0	26	0.000181422	5512	1	FALSE	NA	NA	NA	NA	NA	NA
NC_045512.2	21915	T	G	5814	188	35	1	0	34	0.000171969	5815	0.984403	FALSE	NA	NA	NA	NA	NA	NA
NC_045512.2	21916	T	A	5858	189	35	2	0	26	0.000341297	5860	1	FALSE	NA	NA	NA	NA	NA	NA
NC_045512.2	21918	T	C	5993	196	35	1	0	34	0.000166834	5994	0.984402	FALSE	NA	NA	NA	NA	NA	NA
NC_045512.2	21920	G	-T	6312	200	35	1	0	20	0.000158428	6312	1	FALSE	NA	NA	NA	NA	NA	NA
NC_045512.2	21922	T	G	6366	211	35	1	0	34	0.000157035	6368	0.9922	FALSE	NA	NA	NA	NA	NA	NA
NC_045512.2	21922	T	A	6366	211	35	1	0	26	0.000157035	6368	1	FALSE	NA	NA	NA	NA	NA	NA
NC_045512.2	21923	A	G	6410	211	35	2	0	34	0.000311915	6412	0.964903	FALSE	NA	NA	NA	NA	NA	NA
NC_045512.2	21924	A	T	6390	211	35	1	0	26	0.00015647	6391	1	FALSE	NA	NA	NA	NA	NA	NA
NC_045512.2	21925	T	C	6410	210	35	1	0	34	0.000155982	6411	0.992205	FALSE	NA	NA	NA	NA	NA	NA
NC_045512.2	21926	A	G	6220	230	34	1	0	34	0.000160746	6221	0.992205	FALSE	NA	NA	NA	NA	NA	NA
NC_045512.2	21927	A	G	6457	229	35	2	0	34	0.000309645	6459	0.964903	FALSE	NA	NA	NA	NA	NA	NA
NC_045512.2	21928	C	T	6666	233	35	1	0	34	0.000149993	6667	0.992204	FALSE	NA	NA	NA	NA	NA	NA
NC_045512.2	21929	G	A	6710	233	35	6	0	34	0.000893389	6716	0.612944	FALSE	NA	NA	NA	NA	NA	NA
NC_045512.2	21932	A	G	8237	253	35	1	0	34	0.000121389	8238	0.998052	FALSE	NA	NA	NA	NA	NA	NA
NC_045512.2	21933	C	A	8312	261	35	1	0	34	0.000120294	8313	0.998052	FALSE	NA	NA	NA	NA	NA	NA
NC_045512.2	21934	T	C	8321	261	35	1	0	34	0.000120163	8322	0.998052	FALSE	NA	NA	NA	NA	NA	NA
NC_045512.2	21935	A	T	8294	267	35	2	0	34	0.00024108	8296	0.989282	FALSE	NA	NA	NA	NA	NA	NA
NC_045512.2	21937	T	C	8331	268	35	1	0	34	0.000120005	8333	0.998051	FALSE	NA	NA	NA	NA	NA	NA
NC_045512.2	21937	T	A	8331	268	35	1	0	34	0.000120005	8333	0.998051	FALSE	NA	NA	NA	NA	NA	NA
NC_045512.2	21940	T	C	8357	307	35	1	0	68	0.000119646	8358	0.50003	FALSE	NA	NA	NA	NA	NA	NA
NC_045512.2	21942	T	C	8623	310	35	1	1	68	0.000115955	8624	0.500029	FALSE	NA	NA	NA	NA	NA	NA
NC_045512.2	21943	T	C	8637	322	35	1	0	34	0.000115768	8638	0.998052	FALSE	NA	NA	NA	NA	NA	NA
NC_045512.2	21944	A	G	8829	352	36	1	0	26	0.00011325	8830	1	FALSE	NA	NA	NA	NA	NA	NA
NC_045512.2	21950	G	A	8903	553	37	1	0	34	0.000112309	8904	0.998052	FALSE	NA	NA	NA	NA	NA	NA
NC_045512.2	21951	T	C	8935	577	37	1	0	34	0.000111894	8937	0.998051	FALSE	NA	NA	NA	NA	NA	NA
NC_045512.2	21951	T	A	8935	577	37	1	0	34	0.000111894	8937	0.998051	FALSE	NA	NA	NA	NA	NA	NA
NC_045512.2	21952	C	T	8927	579	37	1	0	34	0.000112007	8928	0.998052	FALSE	NA	NA	NA	NA	NA	NA
NC_045512.2	21954	G	A	8928	579	37	2	0	34	0.000223964	8930	0.98928	FALSE	NA	NA	NA	NA	NA	NA
NC_045512.2	21957	A	G	8925	589	37	2	1	47	0.000224039	8927	0.250014	FALSE	NA	NA	NA	NA	NA	NA
NC_045512.2	21959	T	C	8973	625	38	1	0	34	0.000111433	8974	0.998052	FALSE	NA	NA	NA	NA	NA	NA
NC_045512.2	21960	T	G	8968	631	38	1	0	68	0.000111495	8969	0.500028	FALSE	NA	NA	NA	NA	NA	NA
NC_045512.2	21961	T	G	8967	632	38	1	0	34	0.000111508	8968	0.998052	FALSE	NA	NA	NA	NA	NA	NA
NC_045512.2	21962	C	-A	8930	660	38	1	0	20	0.000111982	8930	1	FALSE	NA	NA	NA	NA	NA	NA
NC_045512.2	21965	T	C	9065	669	38	1	0	34	0.000110302	9066	0.999026	FALSE	NA	NA	NA	NA	NA	NA
NC_045512.2	21966	T	C	9064	668	37	1	0	34	0.000110314	9065	0.999026	FALSE	NA	NA	NA	NA	NA	NA
NC_045512.2	21968	T	C	9091	675	38	1	0	34	0.000109987	9092	0.999026	FALSE	NA	NA	NA	NA	NA	NA
NC_045512.2	21969	G	T	9095	674	38	1	0	34	0.000109938	9096	0.999026	FALSE	NA	NA	NA	NA	NA	NA
NC_045512.2	21971	A	G	9093	721	38	29	4	40	0.00317913	9122	1.82449e-09	TRUE	NA	NA	NA	NA	NA	NA
NC_045512.2	21972	A	G	9120	739	38	1	0	34	0.000109637	9121	0.999026	FALSE	NA	NA	NA	NA	NA	NA
NC_045512.2	21975	A	T	8714	820	38	1	0	34	0.000114745	8715	0.998052	FALSE	NA	NA	NA	NA	NA	NA
NC_045512.2	21976	T	C	8706	823	38	3	0	34	0.000344471	8709	0.967341	FALSE	NA	NA	NA	NA	NA	NA
NC_045512.2	21977	C	A	8566	835	38	4	0	34	0.000466744	8570	0.927101	FALSE	NA	NA	NA	NA	NA	NA
NC_045512.2	21978	C	A	8573	827	38	1	0	34	0.000116632	8574	0.998052	FALSE	NA	NA	NA	NA	NA	NA
NC_045512.2	21979	A	G	8711	834	38	3	0	34	0.000344274	8714	0.967341	FALSE	NA	NA	NA	NA	NA	NA
NC_045512.2	21979	A	-T	8711	834	38	1	0	20	0.000114758	8714	1	FALSE	NA	NA	NA	NA	NA	NA
NC_045512.2	21981	T	C	8572	852	38	1	0	34	0.000116645	8573	0.998052	FALSE	NA	NA	NA	NA	NA	NA
NC_045512.2	21983	T	C	8383	942	38	1	0	34	0.000119275	8384	0.998052	FALSE	NA	NA	NA	NA	NA	NA
NC_045512.2	21985	G	T	8379	957	38	4	0	34	0.000477156	8383	0.927103	FALSE	NA	NA	NA	NA	NA	NA
NC_045512.2	21987	G	A	1	0	34	8174	977	38	0.999878	8175	0	TRUE	NA	NA	NA	NA	NA	NA
NC_045512.2	21990	T	G	7246	1136	38	1	0	27	0.000137988	7247	1	FALSE	NA	NA	NA	NA	NA	NA
NC_045512.2	21991	T	C	7250	1140	38	1	0	34	0.000137912	7251	0.996103	FALSE	NA	NA	NA	NA	NA	NA
NC_045512.2	21994	T	G	7265	1299	39	1	0	34	0.000137627	7266	0.996103	FALSE	NA	NA	NA	NA	NA	NA
NC_045512.2	21996	A	G	7322	1707	40	2	0	34	0.000273075	7324	0.980507	FALSE	NA	NA	NA	NA	NA	NA
NC_045512.2	21999	A	T	7459	1702	39	1	0	34	0.00013403	7461	0.996101	FALSE	NA	NA	NA	NA	NA	NA
NC_045512.2	21999	A	G	7459	1702	39	1	0	34	0.00013403	7461	0.996101	FALSE	NA	NA	NA	NA	NA	NA
NC_045512.2	22000	C	A	7459	1700	39	1	1	68	0.000134048	7460	0.500034	FALSE	NA	NA	NA	NA	NA	NA
NC_045512.2	22000	C	-A	7459	1700	39	10	0	20	0.00134048	7460	1	FALSE	NA	NA	NA	NA	NA	NA
NC_045512.2	22000	C	+G	7459	1700	39	1	0	20	0.000134048	7460	1	FALSE	NA	NA	NA	NA	NA	NA
NC_045512.2	22001	A	G	6384	1471	40	632	146	39	0.0850377	7432	8.90713e-192	TRUE	NA	NA	NA	NA	NA	NA
NC_045512.2	22001	A	C	6384	1471	40	416	82	39	0.0559742	7432	1.83317e-124	TRUE	NA	NA	NA	NA	NA	NA
NC_045512.2	22003	A	G	5852	1780	37	1	0	34	0.000170853	5853	0.984403	FALSE	NA	NA	NA	NA	NA	NA
NC_045512.2	22008	A	G	6357	1945	38	1	0	34	0.000157282	6358	0.992205	FALSE	NA	NA	NA	NA	NA	NA
NC_045512.2	22009	C	T	6317	2035	38	1	0	34	0.000158228	6320	0.992196	FALSE	NA	NA	NA	NA	NA	NA
NC_045512.2	22009	C	G	6317	2035	38	2	0	34	0.000316456	6320	0.964887	FALSE	NA	NA	NA	NA	NA	NA
NC_045512.2	22011	A	G	6330	2061	38	1	0	34	0.000157953	6331	0.992205	FALSE	NA	NA	NA	NA	NA	NA
NC_045512.2	22017	G	C	5993	2168	38	1	1	34	0.000166834	5994	0.984402	FALSE	NA	NA	NA	NA	NA	NA
NC_045512.2	22018	G	T	5926	2189	38	2	0	34	0.000337382	5928	0.937583	FALSE	NA	NA	NA	NA	NA	NA
NC_045512.2	22019	A	G	5973	2241	38	1	0	68	0.000167392	5974	0.500042	FALSE	NA	NA	NA	NA	NA	NA
NC_045512.2	22020	T	C	5983	2250	38	1	0	34	0.000167112	5984	0.984402	FALSE	NA	NA	NA	NA	NA	NA
NC_045512.2	22021	G	A	5753	2280	38	1	1	34	0.000173792	5754	0.984404	FALSE	NA	NA	NA	NA	NA	NA
NC_045512.2	22029	A	G	5504	2292	37	2	1	36	0.00036324	5506	0.937589	FALSE	NA	NA	NA	NA	NA	NA
NC_045512.2	22031	T	C	4630	2209	36	1	1	34	0.000215936	4631	0.968801	FALSE	NA	NA	NA	NA	NA	NA
NC_045512.2	22038	T	A	3995	1886	34	2	0	34	0.000500375	3997	0.812656	FALSE	NA	NA	NA	NA	NA	NA
NC_045512.2	22045	T	A	4730	2950	36	1	1	34	0.000211372	4731	0.9688	FALSE	NA	NA	NA	NA	NA	NA
NC_045512.2	22054	T	G	4315	2574	36	279	181	36	0.0607314	4594	2.55777e-79	TRUE	NA	NA	NA	NA	NA	NA
NC_045512.2	22058	T	A	4711	2883	36	1	1	34	0.000212224	4712	0.9688	FALSE	NA	NA	NA	NA	NA	NA
NC_045512.2	22059	G	A	4703	2877	36	2	2	34	0.00042508	4705	0.89075	FALSE	NA	NA	NA	NA	NA	NA
NC_045512.2	22060	C	G	4659	2856	36	1	0	34	0.000214592	4660	0.9688	FALSE	NA	NA	NA	NA	NA	NA
NC_045512.2	22061	A	G	4657	2849	36	5	0	34	0.00107135	4667	0.499472	FALSE	NA	NA	NA	NA	NA	NA
NC_045512.2	22061	A	C	4657	2849	36	5	0	34	0.00107135	4667	0.499472	FALSE	NA	NA	NA	NA	NA	NA
NC_045512.2	22062	C	T	5562	2871	36	3	3	40	0.000539084	5565	0.125	FALSE	NA	NA	NA	NA	NA	NA
NC_045512.2	22063	T	C	5519	2817	36	1	0	34	0.000181159	5520	0.984405	FALSE	NA	NA	NA	NA	NA	NA
NC_045512.2	22069	A	G	5570	2842	36	1	0	34	0.000179501	5571	0.984404	FALSE	NA	NA	NA	NA	NA	NA
NC_045512.2	22071	A	G	5425	2759	36	1	0	27	0.000184298	5426	1	FALSE	NA	NA	NA	NA	NA	NA
NC_045512.2	22073	G	A	5490	2748	36	2	0	34	0.000364166	5492	0.93759	FALSE	NA	NA	NA	NA	NA	NA
NC_045512.2	22078	T	C	5625	2843	36	1	1	34	0.00017762	5630	0.984371	FALSE	NA	NA	NA	NA	NA	NA
NC_045512.2	22078	T	A	5625	2843	36	4	4	34	0.00071048	5630	0.746181	FALSE	NA	NA	NA	NA	NA	NA
NC_045512.2	22081	G	T	5652	2831	36	1	0	34	0.000176866	5654	0.984396	FALSE	NA	NA	NA	NA	NA	NA
NC_045512.2	22081	G	A	5652	2831	36	1	0	34	0.000176866	5654	0.984396	FALSE	NA	NA	NA	NA	NA	NA
NC_045512.2	22082	C	A	5822	3029	36	1	0	34	0.000171733	5823	0.984403	FALSE	NA	NA	NA	NA	NA	NA
NC_045512.2	22083	C	A	5995	3200	36	1	0	34	0.000166778	5996	0.984402	FALSE	NA	NA	NA	NA	NA	NA
NC_045512.2	22084	T	C	5911	3127	36	6	5	34	0.00101403	5917	0.500114	FALSE	NA	NA	NA	NA	NA	NA
NC_045512.2	22086	T	C	5980	3167	36	1	1	26	0.000167196	5981	1	FALSE	NA	NA	NA	NA	NA	NA
NC_045512.2	22090	T	C	5765	3218	36	2	2	34	0.000346801	5767	0.937585	FALSE	NA	NA	NA	NA	NA	NA
NC_045512.2	22094	G	A	5767	3249	36	3	0	34	0.000519931	5770	0.855611	FALSE	NA	NA	NA	NA	NA	NA
NC_045512.2	22095	A	G	5756	3238	36	1	1	34	0.000173702	5757	0.984403	FALSE	NA	NA	NA	NA	NA	NA
NC_045512.2	22097	C	A	5188	2924	36	2	2	30	0.000385356	5190	0.937595	FALSE	NA	NA	NA	NA	NA	NA
NC_045512.2	22097	C	-T	5188	2924	36	1	0	20	0.000192678	5190	1	FALSE	NA	NA	NA	NA	NA	NA
NC_045512.2	22098	T	A	5041	2773	36	1	1	68	0.000198334	5042	0.5	FALSE	NA	NA	NA	NA	NA	NA
NC_045512.2	22099	T	C	5164	2890	36	1	0	34	0.000193611	5165	0.984407	FALSE	NA	NA	NA	NA	NA	NA
NC_045512.2	22104	G	T	5586	3346	36	1	1	26	0.000178987	5587	1	FALSE	NA	NA	NA	NA	NA	NA
NC_045512.2	22104	G	+A	5586	3346	36	2	0	20	0.000357974	5587	1	FALSE	NA	NA	NA	NA	NA	NA
NC_045512.2	22105	A	G	5479	3253	36	3	0	34	0.000547246	5482	0.855618	FALSE	NA	NA	NA	NA	NA	NA
NC_045512.2	22107	A	G	5446	3267	36	2	1	34	0.000367107	5448	0.93759	FALSE	NA	NA	NA	NA	NA	NA
NC_045512.2	22110	A	G	5263	3188	36	1	1	34	0.000189897	5266	0.984388	FALSE	NA	NA	NA	NA	NA	NA
NC_045512.2	22110	A	C	5263	3188	36	2	2	34	0.000379795	5266	0.937562	FALSE	NA	NA	NA	NA	NA	NA
NC_045512.2	22113	G	A	5428	3389	36	1	1	34	0.000184196	5429	0.984405	FALSE	NA	NA	NA	NA	NA	NA
NC_045512.2	22117	T	C	5389	3396	36	1	0	34	0.000185529	5390	0.984405	FALSE	NA	NA	NA	NA	NA	NA
NC_045512.2	22126	T	C	5905	3584	36	2	1	34	0.000338581	5907	0.937583	FALSE	NA	NA	NA	NA	NA	NA
NC_045512.2	22128	T	C	6160	3849	37	1	0	34	0.000162311	6161	0.992205	FALSE	NA	NA	NA	NA	NA	NA
NC_045512.2	22129	T	A	6163	3855	37	1	0	26	0.000162232	6164	1	FALSE	NA	NA	NA	NA	NA	NA
NC_045512.2	22130	A	G	6165	3863	37	2	2	34	0.000324307	6167	0.964906	FALSE	NA	NA	NA	NA	NA	NA
NC_045512.2	22137	T	C	7404	5321	37	1	1	34	0.000135044	7405	0.996103	FALSE	NA	NA	NA	NA	NA	NA
NC_045512.2	22138	T	C	7292	5381	37	1	1	34	0.000137118	7293	0.996103	FALSE	NA	NA	NA	NA	NA	NA
NC_045512.2	22140	T	C	6785	4845	37	2	2	34	0.000294681	6787	0.9649	FALSE	NA	NA	NA	NA	NA	NA
NC_045512.2	22142	T	C	6108	4217	35	1	1	68	0.000163693	6109	0.500041	FALSE	NA	NA	NA	NA	NA	NA
NC_045512.2	22144	T	C	6808	4926	37	1	1	34	0.000146864	6809	0.992204	FALSE	NA	NA	NA	NA	NA	NA
NC_045512.2	22145	A	G	6810	4930	37	1	1	38	0.000146821	6811	0.992204	FALSE	NA	NA	NA	NA	NA	NA
NC_045512.2	22149	A	G	6789	4937	37	1	1	34	0.000147275	6790	0.992204	FALSE	NA	NA	NA	NA	NA	NA
NC_045512.2	22150	T	C	6745	4863	37	2	0	34	0.000296428	6747	0.9649	FALSE	NA	NA	NA	NA	NA	NA
NC_045512.2	22156	T	A	6724	4952	37	1	1	34	0.000148699	6725	0.992204	FALSE	NA	NA	NA	NA	NA	NA
NC_045512.2	22157	G	C	6700	4924	37	2	2	30	0.000298418	6702	0.964901	FALSE	NA	NA	NA	NA	NA	NA
NC_045512.2	22160	T	G	6737	5009	37	1	0	27	0.00014839	6739	1	FALSE	NA	NA	NA	NA	NA	NA
NC_045512.2	22160	T	C	6737	5009	37	1	1	34	0.00014839	6739	0.9922	FALSE	NA	NA	NA	NA	NA	NA
NC_045512.2	22163	T	A	5553	4542	34	1	0	34	0.00018005	5554	0.984405	FALSE	NA	NA	NA	NA	NA	NA
NC_045512.2	22164	T	C	7250	6316	36	2	2	34	0.000275786	7252	0.980508	FALSE	NA	NA	NA	NA	NA	NA
NC_045512.2	22165	T	-A	7252	6344	36	1	0	20	0.000137893	7252	1	FALSE	NA	NA	NA	NA	NA	NA
NC_045512.2	22174	T	C	7159	6312	36	1	1	34	0.000139665	7160	0.996104	FALSE	NA	NA	NA	NA	NA	NA
NC_045512.2	22175	T	A	7028	6193	35	1	1	34	0.000142268	7029	0.996104	FALSE	NA	NA	NA	NA	NA	NA
NC_045512.2	22179	A	G	7006	6220	35	1	0	34	0.000142714	7007	0.996104	FALSE	NA	NA	NA	NA	NA	NA
NC_045512.2	22185	C	T	6487	5792	35	2	2	34	0.000308214	6489	0.964903	FALSE	NA	NA	NA	NA	NA	NA
NC_045512.2	22186	G	A	6441	5744	35	1	1	34	0.000155231	6442	0.992204	FALSE	NA	NA	NA	NA	NA	NA
NC_045512.2	22188	C	A	6448	5751	35	2	1	68	0.000310078	6450	0.250019	FALSE	NA	NA	NA	NA	NA	NA
NC_045512.2	22193	A	G	6336	5616	35	1	1	34	0.000157803	6337	0.992205	FALSE	NA	NA	NA	NA	NA	NA
NC_045512.2	22194	A	G	6266	5546	35	1	1	26	0.000159566	6267	1	FALSE	NA	NA	NA	NA	NA	NA
NC_045512.2	22194	A	-T	6266	5546	35	1	0	20	0.000159566	6267	1	FALSE	NA	NA	NA	NA	NA	NA
NC_045512.2	22199	G	C	5852	5121	35	1	1	68	0.000170823	5854	0.5	FALSE	NA	NA	NA	NA	NA	NA
NC_045512.2	22199	G	A	5852	5121	35	1	1	34	0.000170823	5854	0.984395	FALSE	NA	NA	NA	NA	NA	NA
NC_045512.2	22200	T	G	0	0	0	5807	5075	35	1	5807	0	TRUE	NA	NA	NA	NA	NA	NA
NC_045512.2	22203	G	A	5167	4603	35	4	4	34	0.000773545	5171	0.746284	FALSE	NA	NA	NA	NA	NA	NA
NC_045512.2	22204	T	C	5083	4554	35	2	2	34	0.000393314	5085	0.937597	FALSE	NA	NA	NA	NA	NA	NA
NC_045512.2	22212	C	A	4784	4364	35	2	2	34	0.000417885	4786	0.890747	FALSE	NA	NA	NA	NA	NA	NA
NC_045512.2	22215	A	C	4631	4218	35	2	2	34	0.000431686	4633	0.890751	FALSE	NA	NA	NA	NA	NA	NA
NC_045512.2	22216	G	A	4617	4208	35	1	1	34	0.000216544	4618	0.968801	FALSE	NA	NA	NA	NA	NA	NA
NC_045512.2	22217	G	T	4600	4190	35	2	2	30	0.000434594	4602	0.890752	FALSE	NA	NA	NA	NA	NA	NA
NC_045512.2	22218	G	-T	4600	4193	35	16	0	20	0.00347826	4600	0.999974	FALSE	NA	NA	NA	NA	NA	NA
NC_045512.2	22219	T	G	4262	3860	34	10	8	44	0.00234082	4272	0.000954527	TRUE	NA	NA	NA	NA	NA	NA
NC_045512.2	22223	T	C	4267	3865	35	6	6	34	0.00140417	4273	0.377025	FALSE	NA	NA	NA	NA	NA	NA
NC_045512.2	22225	G	C	4175	3775	35	1	1	26	0.000239464	4176	1	FALSE	NA	NA	NA	NA	NA	NA
NC_045512.2	22227	C	A	4142	3783	35	1	1	34	0.000241371	4143	0.968807	FALSE	NA	NA	NA	NA	NA	NA
NC_045512.2	22229	T	C	4064	3706	34	2	2	34	0.000491884	4066	0.890769	FALSE	NA	NA	NA	NA	NA	NA
NC_045512.2	22233	A	G	3999	3749	34	1	1	34	0.00025	4000	0.968789	FALSE	NA	NA	NA	NA	NA	NA
NC_045512.2	22236	C	T	3806	3490	34	1	1	26	0.000262674	3807	1	FALSE	NA	NA	NA	NA	NA	NA
NC_045512.2	22237	A	C	2473	2162	35	5	5	34	0.00201776	2478	0.226562	FALSE	NA	NA	NA	NA	NA	NA
NC_045512.2	22243	A	G	2288	2031	34	1	1	34	0.000436872	2289	0.875164	FALSE	NA	NA	NA	NA	NA	NA
NC_045512.2	22347	C	T	443	323	39	2	2	34	0.00449438	445	0.250281	FALSE	NA	NA	NA	NA	NA	NA
NC_045512.2	22375	A	G	455	416	36	1	1	34	0.00219298	456	0.500549	FALSE	NA	NA	NA	NA	NA	NA
NC_045512.2	22423	T	C	470	453	35	1	1	34	0.00212314	471	0.500531	FALSE	NA	NA	NA	NA	NA	NA
NC_045512.2	22429	A	T	452	436	35	1	1	26	0.00220751	453	0.969266	FALSE	NA	NA	NA	NA	NA	NA
NC_045512.2	22443	A	T	1237	277	34	1	0	34	0.000807103	1239	0.750101	FALSE	NA	NA	NA	NA	NA	NA
NC_045512.2	22443	A	G	1237	277	34	1	1	26	0.000807103	1239	0.999882	FALSE	NA	NA	NA	NA	NA	NA
NC_045512.2	22447	T	G	1221	247	34	2	2	68	0.00163532	1223	0.250102	FALSE	NA	NA	NA	NA	NA	NA
NC_045512.2	22451	T	A	1252	269	34	1	0	26	0.000798085	1253	0.999882	FALSE	NA	NA	NA	NA	NA	NA
NC_045512.2	22466	A	G	1360	259	35	1	0	34	0.000734754	1361	0.750276	FALSE	NA	NA	NA	NA	NA	NA
NC_045512.2	22475	T	C	1217	65	35	1	0	34	0.000821018	1218	0.750308	FALSE	NA	NA	NA	NA	NA	NA
NC_045512.2	22486	A	G	1281	71	36	1	0	34	0.000780031	1282	0.750293	FALSE	NA	NA	NA	NA	NA	NA
NC_045512.2	22487	G	-A	1282	71	36	1	0	20	0.000780031	1282	0.999883	FALSE	NA	NA	NA	NA	NA	NA
NC_045512.2	22494	G	T	1301	74	36	2	0	34	0.00153492	1303	0.500288	FALSE	NA	NA	NA	NA	NA	NA
NC_045512.2	22533	A	G	612	173	37	1	0	34	0.00163132	613	0.500408	FALSE	NA	NA	NA	NA	NA	NA
NC_045512.2	22544	A	G	967	491	37	2	0	34	0.00206398	969	0.250129	FALSE	NA	NA	NA	NA	NA	NA
NC_045512.2	22570	C	T	1084	663	36	2	2	34	0.00184162	1086	0.500346	FALSE	NA	NA	NA	NA	NA	NA
NC_045512.2	22571	C	A	1080	659	37	1	1	34	0.000925069	1081	0.750347	FALSE	NA	NA	NA	NA	NA	NA
NC_045512.2	22578	G	A	0	0	0	1098	679	36	1	1098	0	TRUE	NA	NA	NA	NA	NA	NA
NC_045512.2	22581	A	G	1093	679	36	1	1	34	0.000914077	1094	0.750343	FALSE	NA	NA	NA	NA	NA	NA
NC_045512.2	22583	G	A	1097	686	36	1	0	34	0.000910747	1098	0.750342	FALSE	NA	NA	NA	NA	NA	NA
NC_045512.2	22590	A	G	1049	686	35	1	1	38	0.000952381	1050	0.750357	FALSE	NA	NA	NA	NA	NA	NA
NC_045512.2	22609	T	A	1050	689	36	1	0	34	0.000951475	1051	0.750357	FALSE	NA	NA	NA	NA	NA	NA
NC_045512.2	22619	T	C	1060	685	37	3	3	34	0.0028222	1063	0.312677	FALSE	NA	NA	NA	NA	NA	NA
NC_045512.2	22621	G	C	1069	688	37	1	1	34	0.000934579	1070	0.750351	FALSE	NA	NA	NA	NA	NA	NA
NC_045512.2	22624	C	T	1005	659	36	56	33	36	0.0527804	1061	2.01222e-16	TRUE	NA	NA	NA	NA	NA	NA
NC_045512.2	22634	A	G	1065	694	36	1	0	34	0.000938086	1066	0.750352	FALSE	NA	NA	NA	NA	NA	NA
NC_045512.2	22637	A	C	714	352	37	3	3	34	0.0041841	717	0.125	FALSE	NA	NA	NA	NA	NA	NA
NC_045512.2	22642	C	A	590	408	35	1	0	26	0.00169205	591	0.984652	FALSE	NA	NA	NA	NA	NA	NA
NC_045512.2	22645	T	C	701	514	35	1	1	34	0.0014245	702	0.500356	FALSE	NA	NA	NA	NA	NA	NA
NC_045512.2	22674	C	T	0	0	0	808	646	35	1	808	0	TRUE	NA	NA	NA	NA	NA	NA
NC_045512.2	22679	T	C	0	0	0	796	646	36	1	796	0	TRUE	NA	NA	NA	NA	NA	NA
NC_045512.2	22686	C	T	0	0	0	897	752	36	1	897	0	TRUE	NA	NA	NA	NA	NA	NA
NC_045512.2	22688	A	G	0	0	0	913	771	36	1	913	0	TRUE	NA	NA	NA	NA	NA	NA
NC_045512.2	22697	T	C	1150	1033	37	2	1	34	0.00173611	1152	0.500326	FALSE	NA	NA	NA	NA	NA	NA
NC_045512.2	22705	A	G	1138	1033	37	1	1	34	0.000877963	1139	0.750329	FALSE	NA	NA	NA	NA	NA	NA
NC_045512.2	22713	C	T	1054	990	36	1	1	34	0.000947867	1055	0.750356	FALSE	NA	NA	NA	NA	NA	NA
NC_045512.2	22720	A	G	1028	966	36	1	1	34	0.000971817	1029	0.750365	FALSE	NA	NA	NA	NA	NA	NA
NC_045512.2	22721	T	C	1014	960	35	1	0	38	0.000985222	1015	0.75037	FALSE	NA	NA	NA	NA	NA	NA
NC_045512.2	22729	T	C	956	913	34	1	1	34	0.00104493	957	0.500261	FALSE	NA	NA	NA	NA	NA	NA
NC_045512.2	22745	G	C	931	907	35	1	1	26	0.00107296	932	0.999052	FALSE	NA	NA	NA	NA	NA	NA
NC_045512.2	22748	T	C	656	633	35	2	1	34	0.00303951	658	0.25019	FALSE	NA	NA	NA	NA	NA	NA
NC_045512.2	22754	G	T	592	568	35	1	1	34	0.00168634	593	0.500422	FALSE	NA	NA	NA	NA	NA	NA
NC_045512.2	22775	G	A	0	0	0	474	460	35	1	474	3.24469e-284	TRUE	NA	NA	NA	NA	NA	NA
NC_045512.2	22780	A	G	8854	893	33	2	0	34	0.000225836	8856	0.98928	FALSE	NA	NA	NA	NA	NA	NA
NC_045512.2	22781	G	A	8892	881	34	1	0	34	0.000112448	8893	0.998052	FALSE	NA	NA	NA	NA	NA	NA
NC_045512.2	22782	T	G	8482	497	34	2	0	30	0.00023571	8485	0.989276	FALSE	NA	NA	NA	NA	NA	NA
NC_045512.2	22782	T	C	8482	497	34	1	0	34	0.000117855	8485	0.99805	FALSE	NA	NA	NA	NA	NA	NA
NC_045512.2	22783	C	G	9091	506	34	1	0	34	0.000109987	9092	0.999026	FALSE	NA	NA	NA	NA	NA	NA
NC_045512.2	22784	A	G	9171	507	34	1	0	34	0.000109027	9172	0.999026	FALSE	NA	NA	NA	NA	NA	NA
NC_045512.2	22785	G	A	9735	509	34	3	0	31	0.000308071	9738	0.98075	FALSE	NA	NA	NA	NA	NA	NA
NC_045512.2	22786	A	T	13	3	33	4	0	34	0.000411353	9724	4.49726e-09	TRUE	NA	NA	NA	NA	NA	NA
NC_045512.2	22786	A	C	13	3	33	9707	512	34	0.998252	9724	0	TRUE	NA	NA	NA	NA	NA	NA
NC_045512.2	22787	C	T	9750	521	34	1	0	34	0.000102554	9751	0.999026	FALSE	NA	NA	NA	NA	NA	NA
NC_045512.2	22788	A	G	10598	522	34	1	0	34	9.43485e-05	10599	0.999513	FALSE	NA	NA	NA	NA	NA	NA
NC_045512.2	22791	T	A	11006	574	34	1	0	26	9.08513e-05	11007	1	FALSE	NA	NA	NA	NA	NA	NA
NC_045512.2	22792	C	T	10168	533	34	834	40	34	0.0758044	11002	1.87638e-237	TRUE	NA	NA	NA	NA	NA	NA
NC_045512.2	22793	G	T	11091	569	34	1	0	34	9.01551e-05	11092	0.999757	FALSE	NA	NA	NA	NA	NA	NA
NC_045512.2	22795	T	C	12449	801	34	3	0	34	0.000240906	12453	0.996316	FALSE	NA	NA	NA	NA	NA	NA
NC_045512.2	22795	T	A	12449	801	34	1	0	34	8.03019e-05	12453	0.999878	FALSE	NA	NA	NA	NA	NA	NA
NC_045512.2	22796	C	A	12515	829	34	1	0	34	7.98977e-05	12516	0.999878	FALSE	NA	NA	NA	NA	NA	NA
NC_045512.2	22797	C	A	12505	831	34	3	0	34	0.000239846	12508	0.996317	FALSE	NA	NA	NA	NA	NA	NA
NC_045512.2	22798	A	G	12527	832	34	8	0	34	0.000638162	12536	0.868508	FALSE	NA	NA	NA	NA	NA	NA
NC_045512.2	22798	A	C	12527	832	34	1	0	34	7.97703e-05	12536	0.999878	FALSE	NA	NA	NA	NA	NA	NA
NC_045512.2	22800	G	C	13229	832	34	2	2	34	0.000151149	13232	0.999513	FALSE	NA	NA	NA	NA	NA	NA
NC_045512.2	22800	G	A	13229	832	34	1	0	34	7.55744e-05	13232	0.999939	FALSE	NA	NA	NA	NA	NA	NA
NC_045512.2	22801	G	A	13557	840	34	3	0	34	0.000221239	13560	0.997916	FALSE	NA	NA	NA	NA	NA	NA
NC_045512.2	22802	C	T	13621	905	35	1	0	34	7.34107e-05	13622	0.999939	FALSE	NA	NA	NA	NA	NA	NA
NC_045512.2	22802	C	-A	13621	905	35	1	0	20	7.34107e-05	13622	1	FALSE	NA	NA	NA	NA	NA	NA
NC_045512.2	22804	A	G	13841	920	35	1	0	34	7.22439e-05	13842	0.999939	FALSE	NA	NA	NA	NA	NA	NA
NC_045512.2	22805	A	G	6987	927	31	2	0	34	0.000286123	6990	0.964883	FALSE	NA	NA	NA	NA	NA	NA
NC_045512.2	22805	A	C	6987	927	31	1	0	26	0.000143062	6990	1	FALSE	NA	NA	NA	NA	NA	NA
NC_045512.2	22806	C	T	14795	942	35	1	0	34	6.75858e-05	14796	0.99997	FALSE	NA	NA	NA	NA	NA	NA
NC_045512.2	22807	T	C	14813	937	35	5	1	32	0.000337427	14818	0.990417	FALSE	NA	NA	NA	NA	NA	NA
NC_045512.2	22809	G	A	14922	949	35	2	0	30	0.000134012	14924	0.999742	FALSE	NA	NA	NA	NA	NA	NA
NC_045512.2	22810	A	G	15181	950	35	1	0	38	6.58675e-05	15182	0.999985	FALSE	NA	NA	NA	NA	NA	NA
NC_045512.2	22811	A	G	15250	985	35	4	1	32	0.000262226	15254	0.997794	FALSE	NA	NA	NA	NA	NA	NA
NC_045512.2	22812	A	G	15432	1014	34	1	1	34	6.4792e-05	15434	0.999985	FALSE	NA	NA	NA	NA	NA	NA
NC_045512.2	22812	A	C	15432	1014	34	1	0	34	6.4792e-05	15434	0.999985	FALSE	NA	NA	NA	NA	NA	NA
NC_045512.2	22813	G	T	0	0	0	15560	1008	35	1	15560	0	TRUE	NA	NA	NA	NA	NA	NA
NC_045512.2	22816	T	A	15645	1120	35	1	0	68	6.39141e-05	15646	0.500016	FALSE	NA	NA	NA	NA	NA	NA
NC_045512.2	22817	G	A	15699	1122	35	4	0	34	0.000254728	15703	0.997794	FALSE	NA	NA	NA	NA	NA	NA
NC_045512.2	22818	C	A	15675	1126	35	1	0	34	6.37918e-05	15676	0.999985	FALSE	NA	NA	NA	NA	NA	NA
NC_045512.2	22819	T	C	15733	1133	35	1	0	34	6.35566e-05	15734	0.999985	FALSE	NA	NA	NA	NA	NA	NA
NC_045512.2	22821	A	G	16694	1553	36	1	0	34	5.98982e-05	16695	0.999992	FALSE	NA	NA	NA	NA	NA	NA
NC_045512.2	22822	T	C	16850	1571	36	2	0	34	0.00011868	16852	0.999928	FALSE	NA	NA	NA	NA	NA	NA
NC_045512.2	22823	T	C	16863	1666	36	1	1	34	5.92979e-05	16864	0.999992	FALSE	NA	NA	NA	NA	NA	NA
NC_045512.2	22825	T	C	16910	1749	36	2	1	29	0.000118245	16914	1	FALSE	NA	NA	NA	NA	NA	NA
NC_045512.2	22825	T	A	16910	1749	36	2	1	29	0.000118245	16914	1	FALSE	NA	NA	NA	NA	NA	NA
NC_045512.2	22825	T	-A	16910	1749	36	2	0	20	0.000118245	16914	1	FALSE	NA	NA	NA	NA	NA	NA
NC_045512.2	22827	A	G	17255	1946	36	1	1	34	5.79509e-05	17256	0.999996	FALSE	NA	NA	NA	NA	NA	NA
NC_045512.2	22828	T	C	17297	1954	36	2	0	34	0.000115614	17299	0.999962	FALSE	NA	NA	NA	NA	NA	NA
NC_045512.2	22829	T	C	17252	1947	36	2	0	34	0.000115915	17254	0.999962	FALSE	NA	NA	NA	NA	NA	NA
NC_045512.2	22832	A	G	17381	1986	36	1	0	34	5.75308e-05	17382	0.999996	FALSE	NA	NA	NA	NA	NA	NA
NC_045512.2	22834	A	G	16082	2033	35	1	0	34	6.21775e-05	16083	0.999992	FALSE	NA	NA	NA	NA	NA	NA
NC_045512.2	22835	T	C	17500	2057	37	1	0	24	5.71396e-05	17501	1	FALSE	NA	NA	NA	NA	NA	NA
NC_045512.2	22836	T	C	17496	2116	37	3	0	42	0.000171438	17499	0.312511	FALSE	NA	NA	NA	NA	NA	NA
NC_045512.2	22837	A	G	17565	2111	37	1	0	34	5.69249e-05	17567	0.999996	FALSE	NA	NA	NA	NA	NA	NA
NC_045512.2	22837	A	C	17565	2111	37	1	0	34	5.69249e-05	17567	0.999996	FALSE	NA	NA	NA	NA	NA	NA
NC_045512.2	22837	A	-C	17565	2111	37	1	0	20	5.69249e-05	17567	1	FALSE	NA	NA	NA	NA	NA	NA
NC_045512.2	22838	C	T	18053	2150	37	1	1	34	5.53894e-05	18054	0.999998	FALSE	NA	NA	NA	NA	NA	NA
NC_045512.2	22839	C	T	18023	2146	37	1	0	34	5.54662e-05	18029	0.999998	FALSE	NA	NA	NA	NA	NA	NA
NC_045512.2	22839	C	G	18023	2146	37	1	1	34	5.54662e-05	18029	0.999998	FALSE	NA	NA	NA	NA	NA	NA
NC_045512.2	22839	C	A	18023	2146	37	4	0	34	0.000221865	18029	0.999574	FALSE	NA	NA	NA	NA	NA	NA
NC_045512.2	22841	G	T	18241	2151	37	1	0	34	5.48186e-05	18242	0.999998	FALSE	NA	NA	NA	NA	NA	NA
NC_045512.2	22842	A	G	18069	2162	37	1	1	34	5.53403e-05	18070	0.999998	FALSE	NA	NA	NA	NA	NA	NA
NC_045512.2	22844	G	A	18565	2258	37	1	0	34	5.38619e-05	18566	0.999998	FALSE	NA	NA	NA	NA	NA	NA
NC_045512.2	22845	A	G	19661	2521	37	3	0	34	0.000152563	19664	0.99994	FALSE	NA	NA	NA	NA	NA	NA
NC_045512.2	22845	A	-T	19661	2521	37	1	0	20	5.08544e-05	19664	1	FALSE	NA	NA	NA	NA	NA	NA
NC_045512.2	22846	T	C	19811	2531	37	2	0	34	0.000100944	19813	0.99999	FALSE	NA	NA	NA	NA	NA	NA
NC_045512.2	22847	T	C	19871	2439	37	2	1	34	0.000100639	19873	0.99999	FALSE	NA	NA	NA	NA	NA	NA
NC_045512.2	22849	T	C	20091	2870	38	1	0	34	4.97686e-05	20093	1	FALSE	NA	NA	NA	NA	NA	NA
NC_045512.2	22849	T	A	20091	2870	38	1	0	26	4.97686e-05	20093	1	FALSE	NA	NA	NA	NA	NA	NA
NC_045512.2	22850	A	G	20120	2863	38	9	0	34	0.000447116	20129	0.987969	FALSE	NA	NA	NA	NA	NA	NA
NC_045512.2	22850	A	-C	20120	2863	38	1	0	20	4.96796e-05	20129	1	FALSE	NA	NA	NA	NA	NA	NA
NC_045512.2	22851	C	T	20071	2858	38	2	0	34	9.96314e-05	20074	0.999995	FALSE	NA	NA	NA	NA	NA	NA
NC_045512.2	22851	C	G	20071	2858	38	1	0	34	4.98157e-05	20074	1	FALSE	NA	NA	NA	NA	NA	NA
NC_045512.2	22852	A	G	20080	2862	38	7	0	34	0.000348259	20100	0.997032	FALSE	NA	NA	NA	NA	NA	NA
NC_045512.2	22852	A	C	20080	2862	38	13	0	34	0.000646766	20100	0.918579	FALSE	NA	NA	NA	NA	NA	NA
NC_045512.2	22853	G	C	20290	2862	38	1	1	34	4.92805e-05	20292	1	FALSE	NA	NA	NA	NA	NA	NA
NC_045512.2	22853	G	A	20290	2862	38	1	0	34	4.92805e-05	20292	1	FALSE	NA	NA	NA	NA	NA	NA
NC_045512.2	22855	C	G	20741	3199	38	2	0	34	9.64181e-05	20743	0.999995	FALSE	NA	NA	NA	NA	NA	NA
NC_045512.2	22857	G	T	23173	3248	38	5	0	34	0.000215722	23178	0.99991	FALSE	NA	NA	NA	NA	NA	NA
NC_045512.2	22858	C	T	23182	3385	38	1	0	34	4.31276e-05	23187	1	FALSE	NA	NA	NA	NA	NA	NA
NC_045512.2	22858	C	G	23182	3385	38	2	0	30	8.62552e-05	23187	0.999999	FALSE	NA	NA	NA	NA	NA	NA
NC_045512.2	22858	C	A	23182	3385	38	2	0	51	8.62552e-05	23187	0.249973	FALSE	NA	NA	NA	NA	NA	NA
NC_045512.2	22860	T	G	23425	3463	38	1	0	34	4.26803e-05	23430	1	FALSE	NA	NA	NA	NA	NA	NA
NC_045512.2	22860	T	C	23425	3463	38	4	0	32	0.000170721	23430	0.999975	FALSE	NA	NA	NA	NA	NA	NA
NC_045512.2	22861	T	C	22993	3533	38	1	0	34	4.34896e-05	22994	1	FALSE	NA	NA	NA	NA	NA	NA
NC_045512.2	22862	A	G	22969	3525	38	1	0	34	4.3535e-05	22970	1	FALSE	NA	NA	NA	NA	NA	NA
NC_045512.2	22866	C	T	21577	3404	38	1	0	34	4.63435e-05	21578	1	FALSE	NA	NA	NA	NA	NA	NA
NC_045512.2	22867	T	C	21607	3390	38	2	1	30	9.2554e-05	21609	0.999997	FALSE	NA	NA	NA	NA	NA	NA
NC_045512.2	22868	T	C	21619	3435	38	11	1	38	0.000508553	21630	0.974998	FALSE	NA	NA	NA	NA	NA	NA
NC_045512.2	22869	G	T	21661	3412	38	1	0	34	4.61638e-05	21662	1	FALSE	NA	NA	NA	NA	NA	NA
NC_045512.2	22870	G	A	21694	3413	38	4	0	34	0.000184349	21698	0.999922	FALSE	NA	NA	NA	NA	NA	NA
NC_045512.2	22871	A	G	21077	3598	38	3	0	34	0.000142315	21080	0.999982	FALSE	NA	NA	NA	NA	NA	NA
NC_045512.2	22872	A	G	20994	3650	38	2	1	30	9.52562e-05	20996	0.999995	FALSE	NA	NA	NA	NA	NA	NA
NC_045512.2	22874	T	A	18118	3839	37	1	0	26	5.51907e-05	18119	1	FALSE	NA	NA	NA	NA	NA	NA
NC_045512.2	22876	T	C	17908	3990	37	1	0	24	5.58378e-05	17909	1	FALSE	NA	NA	NA	NA	NA	NA
NC_045512.2	22879	C	T	17748	4123	37	1	0	34	5.63412e-05	17749	0.999996	FALSE	NA	NA	NA	NA	NA	NA
NC_045512.2	22880	A	T	17711	4104	37	2	0	34	0.000112911	17713	0.999962	FALSE	NA	NA	NA	NA	NA	NA
NC_045512.2	22882	T	G	0	0	0	18268	4100	37	0.999945	18269	0	TRUE	NA	NA	NA	NA	NA	NA
NC_045512.2	22882	T	A	0	0	0	1	1	34	5.47375e-05	18269	0.00104001	TRUE	NA	NA	NA	NA	NA	NA
NC_045512.2	22883	C	T	18005	4257	37	3	0	45	0.000166593	18008	0.31251	FALSE	NA	NA	NA	NA	NA	NA
NC_045512.2	22884	T	C	18018	4252	37	2	0	34	0.000110988	18020	0.99998	FALSE	NA	NA	NA	NA	NA	NA
NC_045512.2	22885	T	G	18195	4267	37	3	0	45	0.000164826	18201	0.312448	FALSE	NA	NA	NA	NA	NA	NA
NC_045512.2	22885	T	C	18195	4267	37	3	0	34	0.000164826	18201	0.99989	FALSE	NA	NA	NA	NA	NA	NA
NC_045512.2	22886	G	C	17779	4284	37	1	1	34	5.62398e-05	17781	0.999996	FALSE	NA	NA	NA	NA	NA	NA
NC_045512.2	22886	G	A	17779	4284	37	1	0	26	5.62398e-05	17781	1	FALSE	NA	NA	NA	NA	NA	NA
NC_045512.2	22888	T	C	19199	4455	37	5	1	34	0.000260362	19204	0.999231	FALSE	NA	NA	NA	NA	NA	NA
NC_045512.2	22889	T	C	18485	4605	37	2	0	34	0.000108184	18487	0.99998	FALSE	NA	NA	NA	NA	NA	NA
NC_045512.2	22890	C	G	18231	4646	37	1	0	34	5.48486e-05	18232	0.999998	FALSE	NA	NA	NA	NA	NA	NA
NC_045512.2	22891	T	C	18150	4554	37	1	0	68	5.50934e-05	18151	0.500014	FALSE	NA	NA	NA	NA	NA	NA
NC_045512.2	22891	T	-A	18150	4554	37	1	0	20	5.50934e-05	18151	1	FALSE	NA	NA	NA	NA	NA	NA
NC_045512.2	22892	A	G	18213	4623	37	6	0	39	0.000329327	18219	0.996703	FALSE	NA	NA	NA	NA	NA	NA
NC_045512.2	22893	A	G	17929	4634	36	1	0	34	5.57724e-05	17930	0.999996	FALSE	NA	NA	NA	NA	NA	NA
NC_045512.2	22895	G	A	17485	4818	36	1	1	34	5.71886e-05	17486	0.999996	FALSE	NA	NA	NA	NA	NA	NA
NC_045512.2	22896	T	C	15912	3259	35	1	0	34	6.28378e-05	15914	0.999985	FALSE	NA	NA	NA	NA	NA	NA
NC_045512.2	22896	T	A	15912	3259	35	1	0	34	6.28378e-05	15914	0.999985	FALSE	NA	NA	NA	NA	NA	NA
NC_045512.2	22897	T	G	17345	4789	37	1	0	26	5.76502e-05	17346	1	FALSE	NA	NA	NA	NA	NA	NA
NC_045512.2	22901	G	T	16956	4915	37	1	0	34	5.89692e-05	16958	0.999992	FALSE	NA	NA	NA	NA	NA	NA
NC_045512.2	22901	G	A	16956	4915	37	1	0	34	5.89692e-05	16958	0.999992	FALSE	NA	NA	NA	NA	NA	NA
NC_045512.2	22904	A	G	16741	4912	36	1	0	34	5.973e-05	16742	0.999992	FALSE	NA	NA	NA	NA	NA	NA
NC_045512.2	22911	A	T	16919	5994	37	2	2	30	0.000118189	16922	0.999928	FALSE	NA	NA	NA	NA	NA	NA
NC_045512.2	22911	A	C	16919	5994	37	1	1	34	5.90947e-05	16922	0.999992	FALSE	NA	NA	NA	NA	NA	NA
NC_045512.2	22912	T	C	16829	5977	36	1	0	34	5.94142e-05	16831	0.999992	FALSE	NA	NA	NA	NA	NA	NA
NC_045512.2	22912	T	A	16829	5977	36	1	0	34	5.94142e-05	16831	0.999992	FALSE	NA	NA	NA	NA	NA	NA
NC_045512.2	22913	T	C	18242	6030	36	2	2	34	0.000109625	18244	0.99998	FALSE	NA	NA	NA	NA	NA	NA
NC_045512.2	22914	A	T	18391	5978	36	1	1	34	5.43685e-05	18393	0.999998	FALSE	NA	NA	NA	NA	NA	NA
NC_045512.2	22914	A	G	18391	5978	36	1	0	68	5.43685e-05	18393	0.5	FALSE	NA	NA	NA	NA	NA	NA
NC_045512.2	22915	C	G	19026	6249	36	2	1	51	0.000105108	19028	0.250007	FALSE	NA	NA	NA	NA	NA	NA
NC_045512.2	22916	C	T	19030	6282	36	1	0	34	5.25376e-05	19034	0.999999	FALSE	NA	NA	NA	NA	NA	NA
NC_045512.2	22916	C	G	19030	6282	36	1	0	34	5.25376e-05	19034	0.999999	FALSE	NA	NA	NA	NA	NA	NA
NC_045512.2	22916	C	A	19030	6282	36	2	0	34	0.000105075	19034	0.99999	FALSE	NA	NA	NA	NA	NA	NA
NC_045512.2	22917	T	G	12941	4184	36	1	0	26	5.23013e-05	19120	1	FALSE	NA	NA	NA	NA	NA	NA
NC_045512.2	22917	T	C	12941	4184	36	4	2	31	0.000209205	19120	0.995342	FALSE	NA	NA	NA	NA	NA	NA
NC_045512.2	22917	T	A	12941	4184	36	6174	1994	36	0.322908	19120	0	TRUE	NA	NA	NA	NA	NA	NA
NC_045512.2	22918	G	A	19789	6173	36	1	0	34	5.05306e-05	19790	0.999999	FALSE	NA	NA	NA	NA	NA	NA
NC_045512.2	22919	T	C	19761	6160	36	2	0	30	0.000101199	19763	0.99999	FALSE	NA	NA	NA	NA	NA	NA
NC_045512.2	22921	T	C	19297	6289	36	2	1	51	0.000103627	19300	0.249994	FALSE	NA	NA	NA	NA	NA	NA
NC_045512.2	22921	T	A	19297	6289	36	1	1	34	5.18135e-05	19300	0.999999	FALSE	NA	NA	NA	NA	NA	NA
NC_045512.2	22922	A	G	18557	5650	36	3	2	34	0.000161638	18560	0.99989	FALSE	NA	NA	NA	NA	NA	NA
NC_045512.2	22924	A	T	18524	5663	36	1	0	34	5.39724e-05	18528	0.999998	FALSE	NA	NA	NA	NA	NA	NA
NC_045512.2	22924	A	G	18524	5663	36	3	1	34	0.000161917	18528	0.99989	FALSE	NA	NA	NA	NA	NA	NA
NC_045512.2	22926	T	G	18658	5691	36	1	0	26	5.35934e-05	18659	1	FALSE	NA	NA	NA	NA	NA	NA
NC_045512.2	22927	G	-T	18845	5568	36	1	0	20	5.30645e-05	18845	1	FALSE	NA	NA	NA	NA	NA	NA
NC_045512.2	22928	T	C	18456	5268	36	2	1	34	0.000108354	18458	0.99998	FALSE	NA	NA	NA	NA	NA	NA
NC_045512.2	22929	T	C	18596	5437	36	1	0	34	5.37721e-05	18597	0.999998	FALSE	NA	NA	NA	NA	NA	NA
NC_045512.2	22930	T	C	18709	5449	36	1	0	26	5.34474e-05	18710	1	FALSE	NA	NA	NA	NA	NA	NA
NC_045512.2	22932	G	T	18651	5444	36	2	0	34	0.00010721	18655	0.99998	FALSE	NA	NA	NA	NA	NA	NA
NC_045512.2	22932	G	A	18651	5444	36	2	0	34	0.00010721	18655	0.99998	FALSE	NA	NA	NA	NA	NA	NA
NC_045512.2	22934	A	T	15797	4630	36	1	0	34	5.33077e-05	18759	0.999991	FALSE	NA	NA	NA	NA	NA	NA
NC_045512.2	22934	A	G	15797	4630	36	2960	944	36	0.157791	18759	0	TRUE	NA	NA	NA	NA	NA	NA
NC_045512.2	22934	A	C	15797	4630	36	1	0	34	5.33077e-05	18759	0.999991	FALSE	NA	NA	NA	NA	NA	NA
NC_045512.2	22935	A	G	18786	5553	36	1	1	34	5.32283e-05	18787	0.999998	FALSE	NA	NA	NA	NA	NA	NA
NC_045512.2	22939	T	C	18490	5390	36	1	0	34	5.40804e-05	18491	0.999998	FALSE	NA	NA	NA	NA	NA	NA
NC_045512.2	22939	T	-A	18490	5390	36	1	0	20	5.40804e-05	18491	1	FALSE	NA	NA	NA	NA	NA	NA
NC_045512.2	22940	A	T	18563	5434	36	1	1	26	5.38619e-05	18566	1	FALSE	NA	NA	NA	NA	NA	NA
NC_045512.2	22940	A	G	18563	5434	36	2	0	30	0.000107724	18566	0.99998	FALSE	NA	NA	NA	NA	NA	NA
NC_045512.2	22941	A	G	18590	5528	36	2	1	34	0.000107573	18592	0.99998	FALSE	NA	NA	NA	NA	NA	NA
NC_045512.2	22942	T	G	18244	5348	36	1	0	26	5.48095e-05	18245	1	FALSE	NA	NA	NA	NA	NA	NA
NC_045512.2	22944	T	C	18202	5490	36	1	1	34	5.4936e-05	18203	0.999998	FALSE	NA	NA	NA	NA	NA	NA
NC_045512.2	22946	A	G	16931	5197	36	1	0	34	5.90598e-05	16932	0.999992	FALSE	NA	NA	NA	NA	NA	NA
NC_045512.2	22948	A	G	14562	5175	34	1	0	26	6.86577e-05	14565	1	FALSE	NA	NA	NA	NA	NA	NA
NC_045512.2	22948	A	C	14562	5175	34	2	1	25	0.000137315	14565	1	FALSE	NA	NA	NA	NA	NA	NA
NC_045512.2	22950	C	T	16095	4636	36	3	3	34	0.000186359	16098	0.999637	FALSE	NA	NA	NA	NA	NA	NA
NC_045512.2	22953	T	C	15612	4157	36	1	0	26	6.40451e-05	15614	1	FALSE	NA	NA	NA	NA	NA	NA
NC_045512.2	22953	T	A	15612	4157	36	1	1	34	6.40451e-05	15614	0.999985	FALSE	NA	NA	NA	NA	NA	NA
NC_045512.2	22955	G	T	15448	4163	36	3	3	31	0.00019415	15452	0.999346	FALSE	NA	NA	NA	NA	NA	NA
NC_045512.2	22955	G	A	15448	4163	36	1	0	34	6.47165e-05	15452	0.999985	FALSE	NA	NA	NA	NA	NA	NA
NC_045512.2	22956	A	T	15143	4126	36	1	0	34	6.60284e-05	15145	0.999985	FALSE	NA	NA	NA	NA	NA	NA
NC_045512.2	22956	A	G	15143	4126	36	1	0	34	6.60284e-05	15145	0.999985	FALSE	NA	NA	NA	NA	NA	NA
NC_045512.2	22957	G	C	15116	4124	36	1	1	34	6.61507e-05	15117	0.999985	FALSE	NA	NA	NA	NA	NA	NA
NC_045512.2	22958	A	G	12520	4038	35	5	0	34	0.000399202	12525	0.975526	FALSE	NA	NA	NA	NA	NA	NA
NC_045512.2	22960	A	G	11828	3984	34	2	2	34	0.000169062	11830	0.998296	FALSE	NA	NA	NA	NA	NA	NA
NC_045512.2	22962	A	T	12032	3975	34	2	2	30	0.000166196	12034	0.999087	FALSE	NA	NA	NA	NA	NA	NA
NC_045512.2	22964	A	G	12638	3979	35	2	1	34	0.000158228	12640	0.999087	FALSE	NA	NA	NA	NA	NA	NA
NC_045512.2	22966	T	G	12416	4022	35	1	1	34	8.05218e-05	12419	0.999878	FALSE	NA	NA	NA	NA	NA	NA
NC_045512.2	22966	T	C	12416	4022	35	2	1	34	0.000161044	12419	0.999087	FALSE	NA	NA	NA	NA	NA	NA
NC_045512.2	22967	T	C	15116	7124	37	1	0	34	6.61507e-05	15117	0.999985	FALSE	NA	NA	NA	NA	NA	NA
NC_045512.2	22969	A	G	15560	7763	37	2	1	34	0.000128518	15562	0.999863	FALSE	NA	NA	NA	NA	NA	NA
NC_045512.2	22970	A	G	14262	7840	36	1	0	34	7.01115e-05	14263	0.99997	FALSE	NA	NA	NA	NA	NA	NA
NC_045512.2	22971	C	G	15083	7890	36	1	1	26	6.62822e-05	15087	1	FALSE	NA	NA	NA	NA	NA	NA
NC_045512.2	22971	C	A	15083	7890	36	3	0	31	0.000198847	15087	0.999346	FALSE	NA	NA	NA	NA	NA	NA
NC_045512.2	22972	T	C	15305	7801	37	1	1	34	6.53339e-05	15306	0.999985	FALSE	NA	NA	NA	NA	NA	NA
NC_045512.2	22975	A	G	15592	8133	37	2	2	51	0.000128254	15594	0.250008	FALSE	NA	NA	NA	NA	NA	NA
NC_045512.2	22977	T	C	15485	8121	37	1	1	27	6.45745e-05	15486	1	FALSE	NA	NA	NA	NA	NA	NA
NC_045512.2	22979	T	C	24193	8698	36	2	0	34	8.26617e-05	24195	1	FALSE	NA	NA	NA	NA	NA	NA
NC_045512.2	22980	A	T	24452	8927	36	1	0	26	4.08914e-05	24455	1	FALSE	NA	NA	NA	NA	NA	NA
NC_045512.2	22980	A	G	24452	8927	36	2	1	34	8.17829e-05	24455	1	FALSE	NA	NA	NA	NA	NA	NA
NC_045512.2	22981	T	C	25589	10220	36	1	0	34	3.90778e-05	25590	1	FALSE	NA	NA	NA	NA	NA	NA
NC_045512.2	22981	T	-C	25589	10220	36	1	0	20	3.90778e-05	25590	1	FALSE	NA	NA	NA	NA	NA	NA
NC_045512.2	22982	C	T	25142	10372	36	1	0	46	3.97709e-05	25144	0.875	FALSE	NA	NA	NA	NA	NA	NA
NC_045512.2	22982	C	G	25142	10372	36	1	0	26	3.97709e-05	25144	1	FALSE	NA	NA	NA	NA	NA	NA
NC_045512.2	22983	A	G	25052	10320	36	3	0	34	0.000119727	25057	0.999998	FALSE	NA	NA	NA	NA	NA	NA
NC_045512.2	22983	A	C	25052	10320	36	2	0	34	7.9818e-05	25057	1	FALSE	NA	NA	NA	NA	NA	NA
NC_045512.2	22983	A	+GGCC	25052	10320	36	1	0	20	3.9909e-05	25057	1	FALSE	NA	NA	NA	NA	NA	NA
NC_045512.2	22984	G	T	25603	10346	36	1	0	34	3.90564e-05	25604	1	FALSE	NA	NA	NA	NA	NA	NA
NC_045512.2	22985	G	-C	25812	10451	36	1	0	20	3.87417e-05	25812	1	FALSE	NA	NA	NA	NA	NA	NA
NC_045512.2	22986	C	T	26627	11581	36	5	0	34	0.000187723	26635	0.999983	FALSE	NA	NA	NA	NA	NA	NA
NC_045512.2	22986	C	A	26627	11581	36	3	3	34	0.000112634	26635	0.999999	FALSE	NA	NA	NA	NA	NA	NA
NC_045512.2	22987	C	T	25751	11669	36	2	1	34	7.76609e-05	25753	1	FALSE	NA	NA	NA	NA	NA	NA
NC_045512.2	22988	G	C	25819	11569	36	1	0	34	3.87192e-05	25827	1	FALSE	NA	NA	NA	NA	NA	NA
NC_045512.2	22988	G	A	25819	11569	36	7	2	34	0.000271034	25827	0.999733	FALSE	NA	NA	NA	NA	NA	NA
NC_045512.2	22989	G	A	29400	13128	36	4	1	68	0.000136036	29404	0.0624979	FALSE	NA	NA	NA	NA	NA	NA
NC_045512.2	22991	A	G	29619	13311	36	3	0	31	0.000101273	29623	1	FALSE	NA	NA	NA	NA	NA	NA
NC_045512.2	22991	A	C	29619	13311	36	1	1	26	3.37576e-05	29623	1	FALSE	NA	NA	NA	NA	NA	NA
NC_045512.2	22992	G	T	3	0	34	1	0	34	3.37348e-05	29643	0.00404183	TRUE	NA	NA	NA	NA	NA	NA
NC_045512.2	22992	G	A	3	0	34	29639	13334	36	0.999865	29643	0	TRUE	NA	NA	NA	NA	NA	NA
NC_045512.2	22994	A	G	29681	13514	36	10	1	32	0.000336802	29691	0.99947	FALSE	NA	NA	NA	NA	NA	NA
NC_045512.2	22995	C	G	0	0	0	1	0	34	3.36474e-05	29720	0.00100942	TRUE	NA	NA	NA	NA	NA	NA
NC_045512.2	22995	C	A	0	0	0	29719	13534	36	0.999966	29720	0	TRUE	NA	NA	NA	NA	NA	NA
NC_045512.2	22996	A	T	30841	17476	35	1	1	34	3.2416e-05	30849	1	FALSE	NA	NA	NA	NA	NA	NA
NC_045512.2	22996	A	G	30841	17476	35	6	2	32	0.000194496	30849	0.999994	FALSE	NA	NA	NA	NA	NA	NA
NC_045512.2	22996	A	C	30841	17476	35	1	1	26	3.2416e-05	30849	1	FALSE	NA	NA	NA	NA	NA	NA
NC_045512.2	22997	C	A	35397	17471	36	3	0	34	8.47458e-05	35400	1	FALSE	NA	NA	NA	NA	NA	NA
NC_045512.2	22998	C	T	34915	17156	36	1	1	26	2.86377e-05	34919	1	FALSE	NA	NA	NA	NA	NA	NA
NC_045512.2	22998	C	G	34915	17156	36	2	0	34	5.72754e-05	34919	1	FALSE	NA	NA	NA	NA	NA	NA
NC_045512.2	22998	C	A	34915	17156	36	1	1	34	2.86377e-05	34919	1	FALSE	NA	NA	NA	NA	NA	NA
NC_045512.2	22999	T	C	37212	17963	36	3	1	34	8.06127e-05	37215	1	FALSE	NA	NA	NA	NA	NA	NA
NC_045512.2	22999	T	-TG	37212	17963	36	1	0	20	2.68709e-05	37215	1	FALSE	NA	NA	NA	NA	NA	NA
NC_045512.2	23000	T	G	37425	18145	36	1	0	26	2.6718e-05	37428	1	FALSE	NA	NA	NA	NA	NA	NA
NC_045512.2	23000	T	C	37425	18145	36	2	0	34	5.34359e-05	37428	1	FALSE	NA	NA	NA	NA	NA	NA
NC_045512.2	23002	T	C	38073	18416	36	12	5	33	0.000315076	38086	0.999955	FALSE	NA	NA	NA	NA	NA	NA
NC_045512.2	23002	T	A	38073	18416	36	1	0	26	2.62564e-05	38086	1	FALSE	NA	NA	NA	NA	NA	NA
NC_045512.2	23003	A	G	37923	18513	36	2	1	34	5.27357e-05	37925	1	FALSE	NA	NA	NA	NA	NA	NA
NC_045512.2	23004	A	T	38034	18731	36	1	0	34	2.62909e-05	38036	1	FALSE	NA	NA	NA	NA	NA	NA
NC_045512.2	23004	A	G	38034	18731	36	1	1	34	2.62909e-05	38036	1	FALSE	NA	NA	NA	NA	NA	NA
NC_045512.2	23005	T	G	38200	18646	36	2	0	30	5.23533e-05	38202	1	FALSE	NA	NA	NA	NA	NA	NA
NC_045512.2	23006	G	A	37943	18338	36	1	1	34	2.63546e-05	37944	1	FALSE	NA	NA	NA	NA	NA	NA
NC_045512.2	23007	G	C	39464	18474	36	1	1	34	2.53363e-05	39469	1	FALSE	NA	NA	NA	NA	NA	NA
NC_045512.2	23007	G	A	39464	18474	36	4	3	31	0.000101345	39469	1	FALSE	NA	NA	NA	NA	NA	NA
NC_045512.2	23008	T	C	38817	17872	36	2	1	30	5.15212e-05	38819	1	FALSE	NA	NA	NA	NA	NA	NA
NC_045512.2	23009	G	C	39096	18148	36	2	2	30	5.11457e-05	39104	1	FALSE	NA	NA	NA	NA	NA	NA
NC_045512.2	23009	G	A	39096	18148	36	6	3	34	0.000153437	39104	1	FALSE	NA	NA	NA	NA	NA	NA
NC_045512.2	23010	T	C	38911	17982	36	3	0	34	7.70871e-05	38917	1	FALSE	NA	NA	NA	NA	NA	NA
NC_045512.2	23010	T	A	38911	17982	36	3	0	31	7.70871e-05	38917	1	FALSE	NA	NA	NA	NA	NA	NA
NC_045512.2	23011	T	G	39102	18233	36	2	1	34	5.11378e-05	39110	1	FALSE	NA	NA	NA	NA	NA	NA
NC_045512.2	23011	T	C	39102	18233	36	6	4	34	0.000153413	39110	1	FALSE	NA	NA	NA	NA	NA	NA
NC_045512.2	23012	G	T	39074	18196	36	3	0	34	7.67656e-05	39080	1	FALSE	NA	NA	NA	NA	NA	NA
NC_045512.2	23012	G	C	39074	18196	36	1	1	27	2.55885e-05	39080	1	FALSE	NA	NA	NA	NA	NA	NA
NC_045512.2	23012	G	A	39074	18196	36	2	0	34	5.11771e-05	39080	1	FALSE	NA	NA	NA	NA	NA	NA
NC_045512.2	23013	A	T	16	0	34	2	0	34	5.22111e-05	38306	0.000160811	TRUE	NA	NA	NA	NA	NA	NA
NC_045512.2	23013	A	G	16	0	34	1	0	34	2.61056e-05	38306	0.0171642	FALSE	NA	NA	NA	NA	NA	NA
NC_045512.2	23013	A	C	16	0	34	38287	18725	35	0.999504	38306	0	TRUE	NA	NA	NA	NA	NA	NA
NC_045512.2	23014	A	G	38359	18729	35	23	7	35	0.000599224	38383	0.980231	FALSE	NA	NA	NA	NA	NA	NA
NC_045512.2	23014	A	C	38359	18729	35	1	0	34	2.60532e-05	38383	1	FALSE	NA	NA	NA	NA	NA	NA
NC_045512.2	23016	G	A	39787	18534	35	2	0	30	5.02651e-05	39789	1	FALSE	NA	NA	NA	NA	NA	NA
NC_045512.2	23016	G	-T	39787	18534	35	6	0	20	0.000150795	39789	1	FALSE	NA	NA	NA	NA	NA	NA
NC_045512.2	23017	T	C	40009	18571	35	9	6	34	0.000224899	40018	0.999999	FALSE	NA	NA	NA	NA	NA	NA
NC_045512.2	23018	T	C	40054	18690	35	4	1	34	9.98552e-05	40058	1	FALSE	NA	NA	NA	NA	NA	NA
NC_045512.2	23019	T	C	40976	20218	34	1	0	34	2.44039e-05	40977	1	FALSE	NA	NA	NA	NA	NA	NA
NC_045512.2	23020	T	A	41429	20665	35	1	0	34	2.41371e-05	41430	1	FALSE	NA	NA	NA	NA	NA	NA
NC_045512.2	23022	A	C	41812	21153	35	2	2	34	4.78309e-05	41814	1	FALSE	NA	NA	NA	NA	NA	NA
NC_045512.2	23024	T	C	42104	21400	35	5	3	34	0.000118739	42109	1	FALSE	NA	NA	NA	NA	NA	NA
NC_045512.2	23025	G	A	41526	20743	35	1	1	34	2.40807e-05	41527	1	FALSE	NA	NA	NA	NA	NA	NA
NC_045512.2	23027	T	G	41671	20871	35	1	0	34	2.39952e-05	41675	1	FALSE	NA	NA	NA	NA	NA	NA
NC_045512.2	23027	T	C	41671	20871	35	2	0	34	4.79904e-05	41675	1	FALSE	NA	NA	NA	NA	NA	NA
NC_045512.2	23027	T	A	41671	20871	35	1	0	24	2.39952e-05	41675	1	FALSE	NA	NA	NA	NA	NA	NA
NC_045512.2	23028	A	G	41553	21061	34	1	0	34	2.40651e-05	41554	1	FALSE	NA	NA	NA	NA	NA	NA
NC_045512.2	23030	T	C	42554	21791	35	5	2	34	0.000117484	42559	1	FALSE	NA	NA	NA	NA	NA	NA
NC_045512.2	23032	T	C	43986	23381	35	1	0	34	2.2734e-05	43987	1	FALSE	NA	NA	NA	NA	NA	NA
NC_045512.2	23033	C	T	44378	23420	35	2	2	34	4.50653e-05	44380	1	FALSE	NA	NA	NA	NA	NA	NA
NC_045512.2	23034	C	T	44647	23694	35	1	0	34	2.23969e-05	44649	1	FALSE	NA	NA	NA	NA	NA	NA
NC_045512.2	23034	C	G	44647	23694	35	1	0	26	2.23969e-05	44649	1	FALSE	NA	NA	NA	NA	NA	NA
NC_045512.2	23034	C	-T	44647	23694	35	1	0	20	2.23969e-05	44649	1	FALSE	NA	NA	NA	NA	NA	NA
NC_045512.2	23035	T	G	40258	19202	33	1	1	26	2.48392e-05	40259	1	FALSE	NA	NA	NA	NA	NA	NA
NC_045512.2	23036	T	C	44836	23781	35	2	1	34	4.4605e-05	44838	1	FALSE	NA	NA	NA	NA	NA	NA
NC_045512.2	23038	A	T	44867	23922	35	1	1	34	2.22861e-05	44871	1	FALSE	NA	NA	NA	NA	NA	NA
NC_045512.2	23038	A	G	44867	23922	35	3	0	34	6.68583e-05	44871	1	FALSE	NA	NA	NA	NA	NA	NA
NC_045512.2	23039	C	T	44933	23935	35	6	6	36	0.000133514	44939	1	FALSE	NA	NA	NA	NA	NA	NA
NC_045512.2	23040	A	G	268	241	37	44732	23696	35	0.994022	45001	0	TRUE	NA	NA	NA	NA	NA	NA
NC_045512.2	23040	A	C	268	241	37	1	1	34	2.22217e-05	45001	0.239893	FALSE	NA	NA	NA	NA	NA	NA
NC_045512.2	23040	A	+G	268	241	37	2	0	20	4.44435e-05	45001	0.753047	FALSE	NA	NA	NA	NA	NA	NA
NC_045512.2	23041	A	G	46848	23950	35	3	0	31	6.40328e-05	46851	1	FALSE	NA	NA	NA	NA	NA	NA
NC_045512.2	23042	T	C	46879	23952	35	4	3	42	8.53151e-05	46885	0.636713	FALSE	NA	NA	NA	NA	NA	NA
NC_045512.2	23042	T	A	46879	23952	35	2	0	34	4.26576e-05	46885	1	FALSE	NA	NA	NA	NA	NA	NA
NC_045512.2	23043	C	T	46974	23938	35	1	1	34	2.12866e-05	46978	1	FALSE	NA	NA	NA	NA	NA	NA
NC_045512.2	23043	C	A	46974	23938	35	3	0	34	6.38597e-05	46978	1	FALSE	NA	NA	NA	NA	NA	NA
NC_045512.2	23044	A	T	47096	23931	35	1	0	34	2.12305e-05	47102	1	FALSE	NA	NA	NA	NA	NA	NA
NC_045512.2	23044	A	G	47096	23931	35	4	1	34	8.49221e-05	47102	1	FALSE	NA	NA	NA	NA	NA	NA
NC_045512.2	23044	A	C	47096	23931	35	1	1	27	2.12305e-05	47102	1	FALSE	NA	NA	NA	NA	NA	NA
NC_045512.2	23045	T	C	46906	23804	34	1	1	34	2.13179e-05	46909	1	FALSE	NA	NA	NA	NA	NA	NA
NC_045512.2	23045	T	A	46906	23804	34	2	0	34	4.26357e-05	46909	1	FALSE	NA	NA	NA	NA	NA	NA
NC_045512.2	23046	A	T	47115	23925	34	1	1	34	2.1222e-05	47121	1	FALSE	NA	NA	NA	NA	NA	NA
NC_045512.2	23046	A	G	47115	23925	34	5	0	32	0.00010611	47121	1	FALSE	NA	NA	NA	NA	NA	NA
NC_045512.2	23047	T	G	47176	23953	35	6	0	34	0.000127159	47185	1	FALSE	NA	NA	NA	NA	NA	NA
NC_045512.2	23047	T	A	47176	23953	35	3	0	34	6.35795e-05	47185	1	FALSE	NA	NA	NA	NA	NA	NA
NC_045512.2	23048	G	T	47534	23962	35	1	0	34	2.10301e-05	47551	1	FALSE	NA	NA	NA	NA	NA	NA
NC_045512.2	23048	G	A	47534	23962	35	16	6	34	0.000336481	47551	0.999981	FALSE	NA	NA	NA	NA	NA	NA
NC_045512.2	23049	G	T	49530	23977	35	1	1	34	2.01894e-05	49531	1	FALSE	NA	NA	NA	NA	NA	NA
NC_045512.2	23050	T	C	49297	23880	35	5	4	34	0.000101416	49302	1	FALSE	NA	NA	NA	NA	NA	NA
NC_045512.2	23051	T	G	49732	24196	35	1	0	34	2.01049e-05	49739	1	FALSE	NA	NA	NA	NA	NA	NA
NC_045512.2	23051	T	C	49732	24196	35	6	4	32	0.00012063	49739	1	FALSE	NA	NA	NA	NA	NA	NA
NC_045512.2	23052	T	C	49737	24205	35	8	3	34	0.000160817	49746	1	FALSE	NA	NA	NA	NA	NA	NA
NC_045512.2	23052	T	A	49737	24205	35	1	0	34	2.01021e-05	49746	1	FALSE	NA	NA	NA	NA	NA	NA
NC_045512.2	23053	C	T	49693	24181	35	1	1	34	2.01232e-05	49694	1	FALSE	NA	NA	NA	NA	NA	NA
NC_045512.2	23054	C	T	49723	24195	35	3	3	34	6.03294e-05	49727	1	FALSE	NA	NA	NA	NA	NA	NA
NC_045512.2	23054	C	A	49723	24195	35	1	1	34	2.01098e-05	49727	1	FALSE	NA	NA	NA	NA	NA	NA
NC_045512.2	23055	A	G	21	16	45	49952	24183	35	0.99956	49974	0	TRUE	NA	NA	NA	NA	NA	NA
NC_045512.2	23055	A	C	21	16	45	1	1	34	2.00104e-05	49974	0.0217772	FALSE	NA	NA	NA	NA	NA	NA
NC_045512.2	23056	A	T	50064	24199	35	1	1	34	1.99736e-05	50066	1	FALSE	NA	NA	NA	NA	NA	NA
NC_045512.2	23056	A	G	50064	24199	35	1	0	34	1.99736e-05	50066	1	FALSE	NA	NA	NA	NA	NA	NA
NC_045512.2	23057	C	T	50025	24248	35	2	0	34	3.99656e-05	50043	1	FALSE	NA	NA	NA	NA	NA	NA
NC_045512.2	23057	C	G	50025	24248	35	1	0	34	1.99828e-05	50043	1	FALSE	NA	NA	NA	NA	NA	NA
NC_045512.2	23057	C	A	50025	24248	35	15	15	34	0.000299742	50043	0.999998	FALSE	NA	NA	NA	NA	NA	NA
NC_045512.2	23058	C	T	49980	24253	35	1	1	26	2.00052e-05	49987	1	FALSE	NA	NA	NA	NA	NA	NA
NC_045512.2	23058	C	G	49980	24253	35	4	1	34	8.00208e-05	49987	1	FALSE	NA	NA	NA	NA	NA	NA
NC_045512.2	23058	C	A	49980	24253	35	2	0	30	4.00104e-05	49987	1	FALSE	NA	NA	NA	NA	NA	NA
NC_045512.2	23059	C	T	50171	24428	35	1	0	34	1.9931e-05	50173	1	FALSE	NA	NA	NA	NA	NA	NA
NC_045512.2	23059	C	A	50171	24428	35	1	1	34	1.9931e-05	50173	1	FALSE	NA	NA	NA	NA	NA	NA
NC_045512.2	23060	A	G	50315	24415	35	2	1	34	3.9748e-05	50317	1	FALSE	NA	NA	NA	NA	NA	NA
NC_045512.2	23062	T	G	47136	20998	35	1	0	34	1.96916e-05	50783	1	FALSE	NA	NA	NA	NA	NA	NA
NC_045512.2	23062	T	C	47136	20998	35	3643	3567	34	0.0717366	50783	0	TRUE	NA	NA	NA	NA	NA	NA
NC_045512.2	23062	T	A	47136	20998	35	3	3	34	5.90749e-05	50783	1	FALSE	NA	NA	NA	NA	NA	NA
NC_045512.2	23062	T	-A	47136	20998	35	2	0	20	3.93833e-05	50783	1	FALSE	NA	NA	NA	NA	NA	NA
NC_045512.2	23063	A	T	0	0	0	50631	24539	35	0.999842	50639	0	TRUE	NA	NA	NA	NA	NA	NA
NC_045512.2	23063	A	C	0	0	0	8	3	38	0.000157981	50639	1.78582e-24	TRUE	NA	NA	NA	NA	NA	NA
NC_045512.2	23064	A	G	50165	24597	35	2	1	34	3.98645e-05	50170	1	FALSE	NA	NA	NA	NA	NA	NA
NC_045512.2	23064	A	C	50165	24597	35	3	3	34	5.97967e-05	50170	1	FALSE	NA	NA	NA	NA	NA	NA
NC_045512.2	23065	T	C	49964	24450	35	5	2	34	0.000100062	49969	1	FALSE	NA	NA	NA	NA	NA	NA
NC_045512.2	23066	G	T	49767	24551	35	5	1	34	0.000100456	49773	1	FALSE	NA	NA	NA	NA	NA	NA
NC_045512.2	23066	G	C	49767	24551	35	1	1	26	2.00912e-05	49773	1	FALSE	NA	NA	NA	NA	NA	NA
NC_045512.2	23067	G	A	50308	24532	35	2	1	34	3.97535e-05	50310	1	FALSE	NA	NA	NA	NA	NA	NA
NC_045512.2	23068	T	C	46247	20477	35	7	2	34	0.000151338	46254	1	FALSE	NA	NA	NA	NA	NA	NA
NC_045512.2	23069	G	A	46521	20589	35	3	1	34	6.44828e-05	46524	1	FALSE	NA	NA	NA	NA	NA	NA
NC_045512.2	23070	T	C	45253	19440	35	3	3	29	6.62896e-05	45256	1	FALSE	NA	NA	NA	NA	NA	NA
NC_045512.2	23071	T	C	44953	19614	35	3	2	31	6.67319e-05	44956	1	FALSE	NA	NA	NA	NA	NA	NA
NC_045512.2	23072	G	T	45362	19586	35	1	0	34	2.20429e-05	45366	1	FALSE	NA	NA	NA	NA	NA	NA
NC_045512.2	23072	G	A	45362	19586	35	3	2	45	6.61288e-05	45366	0.773447	FALSE	NA	NA	NA	NA	NA	NA
NC_045512.2	23073	G	C	46039	19583	35	2	2	34	4.34358e-05	46045	1	FALSE	NA	NA	NA	NA	NA	NA
NC_045512.2	23073	G	A	46039	19583	35	4	1	34	8.68715e-05	46045	1	FALSE	NA	NA	NA	NA	NA	NA
NC_045512.2	23074	T	C	45593	19525	35	6	2	34	0.000131576	45601	1	FALSE	NA	NA	NA	NA	NA	NA
NC_045512.2	23074	T	A	45593	19525	35	2	0	30	4.38587e-05	45601	1	FALSE	NA	NA	NA	NA	NA	NA
NC_045512.2	23075	T	G	1	0	34	1	0	34	2.19164e-05	45628	0.00201527	TRUE	NA	NA	NA	NA	NA	NA
NC_045512.2	23075	T	C	1	0	34	45624	19844	35	0.999912	45628	0	TRUE	NA	NA	NA	NA	NA	NA
NC_045512.2	23075	T	A	1	0	34	2	2	34	4.38327e-05	45628	3.11315e-06	TRUE	NA	NA	NA	NA	NA	NA
NC_045512.2	23076	A	G	45104	19410	35	3	1	34	6.65085e-05	45107	1	FALSE	NA	NA	NA	NA	NA	NA
NC_045512.2	23077	C	T	46158	19539	35	2	1	30	4.33276e-05	46160	1	FALSE	NA	NA	NA	NA	NA	NA
NC_045512.2	23078	C	T	45084	19553	35	4	3	34	8.87036e-05	45094	1	FALSE	NA	NA	NA	NA	NA	NA
NC_045512.2	23078	C	G	45084	19553	35	5	1	30	0.000110879	45094	1	FALSE	NA	NA	NA	NA	NA	NA
NC_045512.2	23078	C	A	45084	19553	35	1	0	26	2.21759e-05	45094	1	FALSE	NA	NA	NA	NA	NA	NA
NC_045512.2	23079	A	T	45285	19535	35	4	3	32	8.8308e-05	45296	1	FALSE	NA	NA	NA	NA	NA	NA
NC_045512.2	23079	A	G	45285	19535	35	7	5	32	0.000154539	45296	1	FALSE	NA	NA	NA	NA	NA	NA
NC_045512.2	23080	A	T	45068	19554	34	1	0	34	2.21848e-05	45076	1	FALSE	NA	NA	NA	NA	NA	NA
NC_045512.2	23080	A	G	45068	19554	34	6	2	38	0.000133109	45076	1	FALSE	NA	NA	NA	NA	NA	NA
NC_045512.2	23080	A	C	45068	19554	34	1	1	34	2.21848e-05	45076	1	FALSE	NA	NA	NA	NA	NA	NA
NC_045512.2	23081	C	T	47351	19543	35	2	2	34	4.2236e-05	47353	1	FALSE	NA	NA	NA	NA	NA	NA
NC_045512.2	23082	C	T	45689	17976	35	4	0	31	8.75159e-05	45706	1	FALSE	NA	NA	NA	NA	NA	NA
NC_045512.2	23082	C	G	45689	17976	35	7	6	32	0.000153153	45706	1	FALSE	NA	NA	NA	NA	NA	NA
NC_045512.2	23082	C	A	45689	17976	35	6	6	32	0.000131274	45706	1	FALSE	NA	NA	NA	NA	NA	NA
NC_045512.2	23083	A	T	46768	17980	35	1	1	34	2.13803e-05	46772	1	FALSE	NA	NA	NA	NA	NA	NA
NC_045512.2	23083	A	G	46768	17980	35	1	0	34	2.13803e-05	46772	1	FALSE	NA	NA	NA	NA	NA	NA
NC_045512.2	23083	A	C	46768	17980	35	2	2	34	4.27606e-05	46772	1	FALSE	NA	NA	NA	NA	NA	NA
NC_045512.2	23084	T	G	46772	17986	35	1	0	34	2.13789e-05	46775	1	FALSE	NA	NA	NA	NA	NA	NA
NC_045512.2	23084	T	C	46772	17986	35	1	1	34	2.13789e-05	46775	1	FALSE	NA	NA	NA	NA	NA	NA
NC_045512.2	23084	T	A	46772	17986	35	1	1	26	2.13789e-05	46775	1	FALSE	NA	NA	NA	NA	NA	NA
NC_045512.2	23085	A	G	46059	17912	35	7	2	34	0.000151956	46066	1	FALSE	NA	NA	NA	NA	NA	NA
NC_045512.2	23086	C	T	46132	17981	35	3	3	34	6.50209e-05	46139	1	FALSE	NA	NA	NA	NA	NA	NA
NC_045512.2	23086	C	G	46132	17981	35	4	0	34	8.66946e-05	46139	1	FALSE	NA	NA	NA	NA	NA	NA
NC_045512.2	23087	A	T	44829	16669	35	1	0	34	2.23055e-05	44832	1	FALSE	NA	NA	NA	NA	NA	NA
NC_045512.2	23087	A	C	44829	16669	35	2	2	30	4.4611e-05	44832	1	FALSE	NA	NA	NA	NA	NA	NA
NC_045512.2	23088	G	T	47029	16666	35	3	1	34	6.3785e-05	47033	1	FALSE	NA	NA	NA	NA	NA	NA
NC_045512.2	23088	G	C	47029	16666	35	1	1	34	2.12617e-05	47033	1	FALSE	NA	NA	NA	NA	NA	NA
NC_045512.2	23090	G	T	43896	15018	35	2	2	26	4.55529e-05	43905	1	FALSE	NA	NA	NA	NA	NA	NA
NC_045512.2	23090	G	A	43896	15018	35	7	3	34	0.000159435	43905	1	FALSE	NA	NA	NA	NA	NA	NA
NC_045512.2	23091	T	G	43852	14960	35	1	0	34	2.28019e-05	43856	1	FALSE	NA	NA	NA	NA	NA	NA
NC_045512.2	23091	T	C	43852	14960	35	2	2	30	4.56038e-05	43856	1	FALSE	NA	NA	NA	NA	NA	NA
NC_045512.2	23091	T	A	43852	14960	35	1	0	26	2.28019e-05	43856	1	FALSE	NA	NA	NA	NA	NA	NA
NC_045512.2	23092	A	G	42799	13833	35	6	4	34	0.000140171	42805	1	FALSE	NA	NA	NA	NA	NA	NA
NC_045512.2	23093	G	C	43082	13829	35	1	1	34	2.32094e-05	43086	1	FALSE	NA	NA	NA	NA	NA	NA
NC_045512.2	23093	G	A	43082	13829	35	3	2	34	6.96282e-05	43086	1	FALSE	NA	NA	NA	NA	NA	NA
NC_045512.2	23094	T	G	42681	13604	35	5	0	32	0.00011708	42706	1	FALSE	NA	NA	NA	NA	NA	NA
NC_045512.2	23094	T	C	42681	13604	35	20	18	35	0.000468318	42706	0.998425	FALSE	NA	NA	NA	NA	NA	NA
NC_045512.2	23095	A	T	42054	13507	35	1	0	34	2.37733e-05	42064	1	FALSE	NA	NA	NA	NA	NA	NA
NC_045512.2	23095	A	G	42054	13507	35	9	3	34	0.00021396	42064	1	FALSE	NA	NA	NA	NA	NA	NA
NC_045512.2	23096	G	C	42753	13444	35	1	1	26	2.33891e-05	42755	1	FALSE	NA	NA	NA	NA	NA	NA
NC_045512.2	23096	G	A	42753	13444	35	1	1	68	2.33891e-05	42755	0.5	FALSE	NA	NA	NA	NA	NA	NA
NC_045512.2	23097	T	C	39313	10479	35	2	0	34	5.08712e-05	39315	1	FALSE	NA	NA	NA	NA	NA	NA
NC_045512.2	23098	A	G	37556	10543	35	2	1	34	5.3251e-05	37558	1	FALSE	NA	NA	NA	NA	NA	NA
NC_045512.2	23100	T	C	35131	9429	35	5	0	34	0.0001423	35137	1	FALSE	NA	NA	NA	NA	NA	NA
NC_045512.2	23100	T	A	35131	9429	35	1	0	26	2.846e-05	35137	1	FALSE	NA	NA	NA	NA	NA	NA
NC_045512.2	23101	T	C	35061	9420	35	5	0	34	0.00014258	35068	1	FALSE	NA	NA	NA	NA	NA	NA
NC_045512.2	23101	T	A	35061	9420	35	2	0	30	5.70321e-05	35068	1	FALSE	NA	NA	NA	NA	NA	NA
NC_045512.2	23102	T	C	34432	9078	35	1	1	34	2.90402e-05	34435	1	FALSE	NA	NA	NA	NA	NA	NA
NC_045512.2	23102	T	A	34432	9078	35	2	0	30	5.80804e-05	34435	1	FALSE	NA	NA	NA	NA	NA	NA
NC_045512.2	23103	C	A	34818	9290	35	1	0	26	2.872e-05	34819	1	FALSE	NA	NA	NA	NA	NA	NA
NC_045512.2	23104	T	C	34972	9475	35	3	1	34	8.57756e-05	34975	1	FALSE	NA	NA	NA	NA	NA	NA
NC_045512.2	23105	T	C	34483	9022	35	5	5	34	0.000144978	34488	1	FALSE	NA	NA	NA	NA	NA	NA
NC_045512.2	23107	T	C	34548	9181	35	2	1	30	5.78871e-05	34550	1	FALSE	NA	NA	NA	NA	NA	NA
NC_045512.2	23107	T	-G	34548	9181	35	2	0	20	5.78871e-05	34550	1	FALSE	NA	NA	NA	NA	NA	NA
NC_045512.2	23108	G	C	33377	9301	35	1	0	34	2.99581e-05	33380	1	FALSE	NA	NA	NA	NA	NA	NA
NC_045512.2	23108	G	A	33377	9301	35	2	0	30	5.99161e-05	33380	1	FALSE	NA	NA	NA	NA	NA	NA
NC_045512.2	23109	A	T	33519	9438	35	1	0	34	2.98303e-05	33523	1	FALSE	NA	NA	NA	NA	NA	NA
NC_045512.2	23109	A	G	33519	9438	35	3	0	31	8.94908e-05	33523	1	FALSE	NA	NA	NA	NA	NA	NA
NC_045512.2	23110	A	G	33065	9436	35	5	0	34	0.000151185	33072	1	FALSE	NA	NA	NA	NA	NA	NA
NC_045512.2	23110	A	C	33065	9436	35	2	1	34	6.04741e-05	33072	1	FALSE	NA	NA	NA	NA	NA	NA
NC_045512.2	23111	C	A	34473	9650	35	2	2	34	5.80131e-05	34475	1	FALSE	NA	NA	NA	NA	NA	NA
NC_045512.2	23112	T	C	34065	9277	35	10	8	36	0.00029347	34075	0.999947	FALSE	NA	NA	NA	NA	NA	NA
NC_045512.2	23113	T	C	34285	9453	35	2	1	34	5.83311e-05	34287	1	FALSE	NA	NA	NA	NA	NA	NA
NC_045512.2	23114	C	A	33072	9765	35	1	0	34	3.02361e-05	33073	1	FALSE	NA	NA	NA	NA	NA	NA
NC_045512.2	23115	T	A	33120	9768	35	3	0	34	9.05715e-05	33123	1	FALSE	NA	NA	NA	NA	NA	NA
NC_045512.2	23116	A	T	34148	10062	35	2	1	34	5.856e-05	34153	1	FALSE	NA	NA	NA	NA	NA	NA
NC_045512.2	23116	A	G	34148	10062	35	3	2	34	8.784e-05	34153	1	FALSE	NA	NA	NA	NA	NA	NA
NC_045512.2	23117	C	G	27466	3823	36	1	0	34	3.64047e-05	27469	1	FALSE	NA	NA	NA	NA	NA	NA
NC_045512.2	23117	C	A	27466	3823	36	2	2	34	7.28093e-05	27469	1	FALSE	NA	NA	NA	NA	NA	NA
NC_045512.2	23118	A	G	27695	4067	36	6	0	34	0.000216599	27701	0.999967	FALSE	NA	NA	NA	NA	NA	NA
NC_045512.2	23119	T	C	27692	4076	36	1	1	68	3.61102e-05	27693	0.500009	FALSE	NA	NA	NA	NA	NA	NA
NC_045512.2	23120	G	C	27670	4044	36	1	1	34	3.6135e-05	27674	1	FALSE	NA	NA	NA	NA	NA	NA
NC_045512.2	23120	G	A	27670	4044	36	3	0	34	0.000108405	27674	1	FALSE	NA	NA	NA	NA	NA	NA
NC_045512.2	23121	C	T	28558	5287	37	6	0	34	0.000210011	28570	0.999981	FALSE	NA	NA	NA	NA	NA	NA
NC_045512.2	23121	C	A	28558	5287	37	6	0	38	0.000210011	28570	0.999981	FALSE	NA	NA	NA	NA	NA	NA
NC_045512.2	23122	A	G	31634	9283	38	2	1	34	6.32191e-05	31636	1	FALSE	NA	NA	NA	NA	NA	NA
NC_045512.2	23125	A	G	32225	9417	38	1	0	34	3.10308e-05	32226	1	FALSE	NA	NA	NA	NA	NA	NA
NC_045512.2	23126	G	A	31964	9386	38	9	1	33	0.000281488	31973	0.999909	FALSE	NA	NA	NA	NA	NA	NA
NC_045512.2	23127	C	T	32310	9859	38	1	1	34	3.09483e-05	32312	1	FALSE	NA	NA	NA	NA	NA	NA
NC_045512.2	23127	C	G	32310	9859	38	1	0	34	3.09483e-05	32312	1	FALSE	NA	NA	NA	NA	NA	NA
NC_045512.2	23128	A	G	32272	9825	38	7	2	36	0.000216859	32279	0.999993	FALSE	NA	NA	NA	NA	NA	NA
NC_045512.2	23129	A	G	32066	9843	38	1	0	34	3.11847e-05	32067	1	FALSE	NA	NA	NA	NA	NA	NA
NC_045512.2	23130	C	T	32208	10088	38	1	0	34	3.10463e-05	32210	1	FALSE	NA	NA	NA	NA	NA	NA
NC_045512.2	23130	C	A	32208	10088	38	1	0	34	3.10463e-05	32210	1	FALSE	NA	NA	NA	NA	NA	NA
NC_045512.2	23131	T	C	32193	10074	38	2	1	34	6.21214e-05	32195	1	FALSE	NA	NA	NA	NA	NA	NA
NC_045512.2	23133	T	G	31089	8849	37	1	1	34	3.21636e-05	31091	1	FALSE	NA	NA	NA	NA	NA	NA
NC_045512.2	23133	T	C	31089	8849	37	1	1	68	3.21636e-05	31091	0.5	FALSE	NA	NA	NA	NA	NA	NA
NC_045512.2	23135	T	C	32781	10655	39	2	0	34	6.10072e-05	32783	1	FALSE	NA	NA	NA	NA	NA	NA
NC_045512.2	23136	G	A	32852	10665	39	1	0	34	3.04386e-05	32853	1	FALSE	NA	NA	NA	NA	NA	NA
NC_045512.2	23137	T	C	33141	11141	39	2	1	36	6.03446e-05	33143	1	FALSE	NA	NA	NA	NA	NA	NA
NC_045512.2	23138	G	T	33435	11076	39	2	2	30	5.98104e-05	33439	1	FALSE	NA	NA	NA	NA	NA	NA
NC_045512.2	23138	G	A	33435	11076	39	2	2	47	5.98104e-05	33439	0.8125	FALSE	NA	NA	NA	NA	NA	NA
NC_045512.2	23139	G	C	33870	11370	39	3	0	34	8.85661e-05	33873	1	FALSE	NA	NA	NA	NA	NA	NA
NC_045512.2	23140	A	T	34092	11771	39	1	0	34	2.93281e-05	34097	1	FALSE	NA	NA	NA	NA	NA	NA
NC_045512.2	23140	A	G	34092	11771	39	4	1	42	0.000117312	34097	0.5	FALSE	NA	NA	NA	NA	NA	NA
NC_045512.2	23141	C	T	34061	12054	39	3	2	45	8.80695e-05	34064	0.656271	FALSE	NA	NA	NA	NA	NA	NA
NC_045512.2	23142	C	A	33898	12115	39	1	1	68	2.94994e-05	33899	0.500007	FALSE	NA	NA	NA	NA	NA	NA
NC_045512.2	23143	T	G	33983	12159	39	2	0	34	5.88028e-05	34012	1	FALSE	NA	NA	NA	NA	NA	NA
NC_045512.2	23143	T	C	33983	12159	39	26	8	41	0.000764436	34012	7.58446e-06	TRUE	NA	NA	NA	NA	NA	NA
NC_045512.2	23143	T	A	33983	12159	39	1	0	34	2.94014e-05	34012	1	FALSE	NA	NA	NA	NA	NA	NA
NC_045512.2	23143	T	-A	33983	12159	39	5	0	20	0.000147007	34012	1	FALSE	NA	NA	NA	NA	NA	NA
NC_045512.2	23143	T	+A	33983	12159	39	1	0	20	2.94014e-05	34012	1	FALSE	NA	NA	NA	NA	NA	NA
NC_045512.2	23144	A	G	34147	12432	39	12	8	34	0.000351298	34159	0.999733	FALSE	NA	NA	NA	NA	NA	NA
NC_045512.2	23145	A	G	34187	12454	39	2	1	51	5.84983e-05	34189	0.250004	FALSE	NA	NA	NA	NA	NA	NA
NC_045512.2	23146	A	G	34053	12476	39	3	3	36	8.80902e-05	34056	1	FALSE	NA	NA	NA	NA	NA	NA
NC_045512.2	23147	A	G	34019	12445	39	2	2	34	5.87838e-05	34023	1	FALSE	NA	NA	NA	NA	NA	NA
NC_045512.2	23147	A	C	34019	12445	39	2	1	29	5.87838e-05	34023	1	FALSE	NA	NA	NA	NA	NA	NA
NC_045512.2	23150	T	G	31981	12324	38	1	0	34	3.12656e-05	31984	1	FALSE	NA	NA	NA	NA	NA	NA
NC_045512.2	23150	T	C	31981	12324	38	2	1	34	6.25313e-05	31984	1	FALSE	NA	NA	NA	NA	NA	NA
NC_045512.2	23151	C	T	32218	12405	39	2	1	34	6.20732e-05	32220	1	FALSE	NA	NA	NA	NA	NA	NA
NC_045512.2	23152	T	G	32271	12408	39	3	0	31	9.29512e-05	32275	1	FALSE	NA	NA	NA	NA	NA	NA
NC_045512.2	23152	T	C	32271	12408	39	1	1	34	3.09837e-05	32275	1	FALSE	NA	NA	NA	NA	NA	NA
NC_045512.2	23153	A	T	32371	12480	39	1	0	34	3.0889e-05	32374	1	FALSE	NA	NA	NA	NA	NA	NA
NC_045512.2	23153	A	G	32371	12480	39	1	1	68	3.0889e-05	32374	0.499992	FALSE	NA	NA	NA	NA	NA	NA
NC_045512.2	23153	A	C	32371	12480	39	1	1	34	3.0889e-05	32374	1	FALSE	NA	NA	NA	NA	NA	NA
NC_045512.2	23155	T	C	32254	12604	39	1	1	26	3.10029e-05	32255	1	FALSE	NA	NA	NA	NA	NA	NA
NC_045512.2	23155	T	-AA	32254	12604	39	1439	0	20	0.0446132	32255	4.62385e-162	TRUE	NA	NA	NA	NA	NA	NA
NC_045512.2	23156	A	T	30693	11925	38	4	3	34	0.000130297	30699	1	FALSE	NA	NA	NA	NA	NA	NA
NC_045512.2	23156	A	G	30693	11925	38	2	0	34	6.51487e-05	30699	1	FALSE	NA	NA	NA	NA	NA	NA
NC_045512.2	23159	T	G	32136	12533	39	1	0	26	3.11158e-05	32138	1	FALSE	NA	NA	NA	NA	NA	NA
NC_045512.2	23159	T	A	32136	12533	39	1	0	26	3.11158e-05	32138	1	FALSE	NA	NA	NA	NA	NA	NA
NC_045512.2	23160	T	C	30654	12932	38	5	5	32	0.000163084	30659	0.999998	FALSE	NA	NA	NA	NA	NA	NA
NC_045512.2	23161	G	T	30621	12879	38	2	2	34	6.53104e-05	30623	1	FALSE	NA	NA	NA	NA	NA	NA
NC_045512.2	23163	T	C	29692	13228	38	1	1	34	3.3678e-05	29693	1	FALSE	NA	NA	NA	NA	NA	NA
NC_045512.2	23164	T	A	29667	13256	38	3	1	34	0.000101112	29670	1	FALSE	NA	NA	NA	NA	NA	NA
NC_045512.2	23165	A	T	29541	13245	38	4	0	34	0.000135378	29547	0.999999	FALSE	NA	NA	NA	NA	NA	NA
NC_045512.2	23165	A	G	29541	13245	38	2	2	34	6.76888e-05	29547	1	FALSE	NA	NA	NA	NA	NA	NA
NC_045512.2	23166	A	G	29759	13486	38	3	1	40	0.0001008	29762	0.500016	FALSE	NA	NA	NA	NA	NA	NA
NC_045512.2	23167	A	G	30180	13529	38	2	0	34	6.62647e-05	30182	1	FALSE	NA	NA	NA	NA	NA	NA
NC_045512.2	23168	A	G	29753	13572	38	4	2	40	0.000134422	29757	0.343758	FALSE	NA	NA	NA	NA	NA	NA
NC_045512.2	23169	A	G	29683	13591	38	4	0	30	0.000134739	29687	0.999999	FALSE	NA	NA	NA	NA	NA	NA
NC_045512.2	23170	C	T	29563	13700	38	3	2	45	0.000101464	29567	0.5	FALSE	NA	NA	NA	NA	NA	NA
NC_045512.2	23170	C	A	29563	13700	38	1	1	34	3.38215e-05	29567	1	FALSE	NA	NA	NA	NA	NA	NA
NC_045512.2	23171	A	T	29741	13915	38	3	3	31	0.000100861	29744	1	FALSE	NA	NA	NA	NA	NA	NA
NC_045512.2	23172	A	T	29824	14004	38	1	1	34	3.35267e-05	29827	1	FALSE	NA	NA	NA	NA	NA	NA
NC_045512.2	23172	A	G	29824	14004	38	2	0	30	6.70533e-05	29827	1	FALSE	NA	NA	NA	NA	NA	NA
NC_045512.2	23173	A	G	29390	14304	38	3	1	34	0.000102065	29393	1	FALSE	NA	NA	NA	NA	NA	NA
NC_045512.2	23174	T	C	29130	14446	38	2	0	34	6.8653e-05	29132	1	FALSE	NA	NA	NA	NA	NA	NA
NC_045512.2	23175	G	T	29058	14426	38	3	3	34	0.000103224	29063	1	FALSE	NA	NA	NA	NA	NA	NA
NC_045512.2	23175	G	A	29058	14426	38	2	2	34	6.8816e-05	29063	1	FALSE	NA	NA	NA	NA	NA	NA
NC_045512.2	23176	T	A	28717	14225	38	1	1	34	3.48214e-05	28718	1	FALSE	NA	NA	NA	NA	NA	NA
NC_045512.2	23177	G	T	28729	14212	38	3	3	30	0.000104413	28732	1	FALSE	NA	NA	NA	NA	NA	NA
NC_045512.2	23178	T	C	28121	14512	38	2	2	34	7.11136e-05	28124	1	FALSE	NA	NA	NA	NA	NA	NA
NC_045512.2	23178	T	A	28121	14512	38	1	0	60	3.55568e-05	28124	0.499991	FALSE	NA	NA	NA	NA	NA	NA
NC_045512.2	23178	T	-C	28121	14512	38	1	0	20	3.55568e-05	28124	1	FALSE	NA	NA	NA	NA	NA	NA
NC_045512.2	23179	C	T	27498	14577	38	2	2	34	7.27246e-05	27501	1	FALSE	NA	NA	NA	NA	NA	NA
NC_045512.2	23179	C	A	27498	14577	38	1	0	34	3.63623e-05	27501	1	FALSE	NA	NA	NA	NA	NA	NA
NC_045512.2	23180	A	G	27491	14681	38	2	0	34	7.27458e-05	27493	1	FALSE	NA	NA	NA	NA	NA	NA
NC_045512.2	23182	T	C	26723	15484	37	1	1	34	3.74195e-05	26724	1	FALSE	NA	NA	NA	NA	NA	NA
NC_045512.2	23183	T	C	27016	15937	37	6	3	38	0.000222041	27022	0.999967	FALSE	NA	NA	NA	NA	NA	NA
NC_045512.2	23184	T	C	26538	16249	37	3	1	45	0.000113033	26541	0.500018	FALSE	NA	NA	NA	NA	NA	NA
NC_045512.2	23185	C	T	28351	18568	37	1	1	34	3.52709e-05	28352	1	FALSE	NA	NA	NA	NA	NA	NA
NC_045512.2	23186	A	G	29178	19527	38	2	2	34	6.85401e-05	29180	1	FALSE	NA	NA	NA	NA	NA	NA
NC_045512.2	23187	A	G	28727	19648	37	1	1	34	3.4808e-05	28729	1	FALSE	NA	NA	NA	NA	NA	NA
NC_045512.2	23187	A	C	28727	19648	37	1	0	26	3.4808e-05	28729	1	FALSE	NA	NA	NA	NA	NA	NA
NC_045512.2	23188	C	T	29249	21285	37	1	0	46	3.4188e-05	29250	0.875013	FALSE	NA	NA	NA	NA	NA	NA
NC_045512.2	23189	T	C	29261	21245	37	2	2	34	6.83434e-05	29264	1	FALSE	NA	NA	NA	NA	NA	NA
NC_045512.2	23189	T	A	29261	21245	37	1	1	34	3.41717e-05	29264	1	FALSE	NA	NA	NA	NA	NA	NA
NC_045512.2	23190	T	C	29010	21040	37	1	1	34	3.44697e-05	29011	1	FALSE	NA	NA	NA	NA	NA	NA
NC_045512.2	23191	C	T	28734	21613	37	1	1	34	3.48008e-05	28735	1	FALSE	NA	NA	NA	NA	NA	NA
NC_045512.2	23192	A	T	28754	21626	37	1	1	34	3.47766e-05	28755	1	FALSE	NA	NA	NA	NA	NA	NA
NC_045512.2	23193	A	T	28531	21558	36	1	1	34	3.50398e-05	28539	1	FALSE	NA	NA	NA	NA	NA	NA
NC_045512.2	23193	A	G	28531	21558	36	6	2	44	0.000210239	28539	0.144503	FALSE	NA	NA	NA	NA	NA	NA
NC_045512.2	23193	A	C	28531	21558	36	1	1	26	3.50398e-05	28539	1	FALSE	NA	NA	NA	NA	NA	NA
NC_045512.2	23194	T	C	28619	21728	36	1	1	34	3.49406e-05	28620	1	FALSE	NA	NA	NA	NA	NA	NA
NC_045512.2	23195	G	C	28863	21737	36	1	1	34	3.46452e-05	28864	1	FALSE	NA	NA	NA	NA	NA	NA
NC_045512.2	23196	G	T	29066	21838	37	2	2	34	6.88018e-05	29069	1	FALSE	NA	NA	NA	NA	NA	NA
NC_045512.2	23196	G	A	29066	21838	37	1	0	68	3.44009e-05	29069	0.499991	FALSE	NA	NA	NA	NA	NA	NA
NC_045512.2	23196	G	-TT	29066	21838	37	2	0	20	6.88018e-05	29069	1	FALSE	NA	NA	NA	NA	NA	NA
NC_045512.2	23197	T	G	28451	21393	36	1	0	68	3.5142e-05	28456	0.499956	FALSE	NA	NA	NA	NA	NA	NA
NC_045512.2	23197	T	C	28451	21393	36	4	4	42	0.000140568	28456	0.343709	FALSE	NA	NA	NA	NA	NA	NA
NC_045512.2	23198	T	C	29444	22402	36	1	1	34	3.39616e-05	29445	1	FALSE	NA	NA	NA	NA	NA	NA
NC_045512.2	23199	T	C	29498	22504	36	3	3	30	0.000101691	29501	1	FALSE	NA	NA	NA	NA	NA	NA
NC_045512.2	23200	A	G	29887	22825	37	4	4	34	0.00013382	29891	0.999999	FALSE	NA	NA	NA	NA	NA	NA
NC_045512.2	23201	A	G	29882	22831	37	3	3	34	0.000100385	29885	1	FALSE	NA	NA	NA	NA	NA	NA
NC_045512.2	23202	C	T	29797	22831	37	1	1	34	3.35593e-05	29798	1	FALSE	NA	NA	NA	NA	NA	NA
NC_045512.2	23203	A	T	29777	22738	37	1	1	34	3.35762e-05	29783	1	FALSE	NA	NA	NA	NA	NA	NA
NC_045512.2	23203	A	G	29777	22738	37	5	3	34	0.000167881	29783	0.999997	FALSE	NA	NA	NA	NA	NA	NA
NC_045512.2	23204	G	C	29556	22525	37	1	1	26	3.38249e-05	29564	1	FALSE	NA	NA	NA	NA	NA	NA
NC_045512.2	23204	G	A	29556	22525	37	7	6	34	0.000236774	29564	0.999965	FALSE	NA	NA	NA	NA	NA	NA
NC_045512.2	23205	G	A	30101	23071	37	5	4	34	0.00016608	30106	0.999998	FALSE	NA	NA	NA	NA	NA	NA
NC_045512.2	23207	A	G	30512	23527	37	1	1	34	3.27718e-05	30514	1	FALSE	NA	NA	NA	NA	NA	NA
NC_045512.2	23207	A	C	30512	23527	37	1	1	34	3.27718e-05	30514	1	FALSE	NA	NA	NA	NA	NA	NA
NC_045512.2	23208	C	T	30632	23535	37	3	2	34	9.79272e-05	30635	1	FALSE	NA	NA	NA	NA	NA	NA
NC_045512.2	23209	A	G	30430	23341	37	11	11	37	0.000361331	30443	0.999277	FALSE	NA	NA	NA	NA	NA	NA
NC_045512.2	23209	A	C	30430	23341	37	2	1	64	6.56965e-05	30443	0.249914	FALSE	NA	NA	NA	NA	NA	NA
NC_045512.2	23212	T	C	31377	24933	37	2	2	34	6.37369e-05	31379	1	FALSE	NA	NA	NA	NA	NA	NA
NC_045512.2	23213	G	T	31247	24712	37	1	1	26	3.2001e-05	31249	1	FALSE	NA	NA	NA	NA	NA	NA
NC_045512.2	23213	G	A	31247	24712	37	1	1	34	3.2001e-05	31249	1	FALSE	NA	NA	NA	NA	NA	NA
NC_045512.2	23214	T	C	31838	25269	37	5	5	32	0.000157015	31844	0.999999	FALSE	NA	NA	NA	NA	NA	NA
NC_045512.2	23214	T	A	31838	25269	37	1	0	27	3.14031e-05	31844	1	FALSE	NA	NA	NA	NA	NA	NA
NC_045512.2	23215	T	C	30605	24160	35	3	2	45	9.80104e-05	30609	0.656258	FALSE	NA	NA	NA	NA	NA	NA
NC_045512.2	23215	T	A	30605	24160	35	1	0	27	3.26701e-05	30609	1	FALSE	NA	NA	NA	NA	NA	NA
NC_045512.2	23215	T	+CTTA	30605	24160	35	2	0	20	6.53403e-05	30609	1	FALSE	NA	NA	NA	NA	NA	NA
NC_045512.2	23216	C	T	31297	25571	36	3	0	34	9.58466e-05	31300	1	FALSE	NA	NA	NA	NA	NA	NA
NC_045512.2	23217	T	C	30958	25208	36	5	5	34	0.000161483	30963	0.999998	FALSE	NA	NA	NA	NA	NA	NA
NC_045512.2	23218	T	G	31002	25275	36	1	0	27	3.22539e-05	31004	1	FALSE	NA	NA	NA	NA	NA	NA
NC_045512.2	23218	T	C	31002	25275	36	1	1	26	3.22539e-05	31004	1	FALSE	NA	NA	NA	NA	NA	NA
NC_045512.2	23219	A	T	30543	24887	36	1	1	34	3.27375e-05	30546	1	FALSE	NA	NA	NA	NA	NA	NA
NC_045512.2	23219	A	G	30543	24887	36	1	0	26	3.27375e-05	30546	1	FALSE	NA	NA	NA	NA	NA	NA
NC_045512.2	23219	A	C	30543	24887	36	1	1	34	3.27375e-05	30546	1	FALSE	NA	NA	NA	NA	NA	NA
NC_045512.2	23220	C	G	30967	25535	36	1	0	27	3.22904e-05	30969	1	FALSE	NA	NA	NA	NA	NA	NA
NC_045512.2	23220	C	A	30967	25535	36	1	1	34	3.22904e-05	30969	1	FALSE	NA	NA	NA	NA	NA	NA
NC_045512.2	23221	T	G	29884	24471	36	4	4	34	0.000133815	29892	0.999999	FALSE	NA	NA	NA	NA	NA	NA
NC_045512.2	23221	T	C	29884	24471	36	3	3	34	0.000100361	29892	1	FALSE	NA	NA	NA	NA	NA	NA
NC_045512.2	23221	T	A	29884	24471	36	1	1	27	3.34538e-05	29892	1	FALSE	NA	NA	NA	NA	NA	NA
NC_045512.2	23222	G	C	29689	24274	36	3	3	31	0.000101034	29693	1	FALSE	NA	NA	NA	NA	NA	NA
NC_045512.2	23222	G	A	29689	24274	36	1	1	34	3.3678e-05	29693	1	FALSE	NA	NA	NA	NA	NA	NA
NC_045512.2	23223	A	T	24558	19190	37	1	1	34	4.071e-05	24564	1	FALSE	NA	NA	NA	NA	NA	NA
NC_045512.2	23223	A	G	24558	19190	37	4	4	34	0.00016284	24564	0.999986	FALSE	NA	NA	NA	NA	NA	NA
NC_045512.2	23223	A	C	24558	19190	37	1	1	34	4.071e-05	24564	1	FALSE	NA	NA	NA	NA	NA	NA
NC_045512.2	23224	G	C	24397	19243	37	2	2	34	8.19706e-05	24399	1	FALSE	NA	NA	NA	NA	NA	NA
NC_045512.2	23226	C	T	24733	19855	37	1	0	34	4.04302e-05	24734	1	FALSE	NA	NA	NA	NA	NA	NA
NC_045512.2	23227	T	C	29883	25345	37	3	2	45	0.000100378	29887	0.5	FALSE	NA	NA	NA	NA	NA	NA
NC_045512.2	23227	T	A	29883	25345	37	1	1	26	3.34594e-05	29887	1	FALSE	NA	NA	NA	NA	NA	NA
NC_045512.2	23228	A	G	31105	26656	37	3	3	31	9.64382e-05	31108	1	FALSE	NA	NA	NA	NA	NA	NA
NC_045512.2	23229	A	G	31182	26745	37	2	2	34	6.41355e-05	31184	1	FALSE	NA	NA	NA	NA	NA	NA
NC_045512.2	23229	A	-C	31182	26745	37	1	0	20	3.20677e-05	31184	1	FALSE	NA	NA	NA	NA	NA	NA
NC_045512.2	23230	C	-A	31191	26995	37	2606	0	20	0.0835497	31191	0	TRUE	NA	NA	NA	NA	NA	NA
NC_045512.2	23231	A	G	28459	24594	37	2	2	34	7.02297e-05	28478	1	FALSE	NA	NA	NA	NA	NA	NA
NC_045512.2	23231	A	C	28459	24594	37	17	17	34	0.000596952	28478	0.969755	FALSE	NA	NA	NA	NA	NA	NA
NC_045512.2	23232	A	G	31795	27605	37	1	1	34	3.14505e-05	31796	1	FALSE	NA	NA	NA	NA	NA	NA
NC_045512.2	23233	A	G	31275	27257	36	4	4	32	0.000127873	31281	1	FALSE	NA	NA	NA	NA	NA	NA
NC_045512.2	23233	A	C	31275	27257	36	2	2	34	6.39366e-05	31281	1	FALSE	NA	NA	NA	NA	NA	NA
NC_045512.2	23235	A	G	31940	28044	36	152	148	34	0.00473638	32092	2.97538e-20	TRUE	NA	NA	NA	NA	NA	NA
NC_045512.2	23237	T	C	33227	29449	36	1	1	34	3.00951e-05	33228	1	FALSE	NA	NA	NA	NA	NA	NA
NC_045512.2	23238	T	G	33284	29509	37	1	1	34	3.00391e-05	33290	1	FALSE	NA	NA	NA	NA	NA	NA
NC_045512.2	23238	T	C	33284	29509	37	5	5	34	0.000150195	33290	1	FALSE	NA	NA	NA	NA	NA	NA
NC_045512.2	23239	T	C	32522	28962	35	1	1	68	3.07475e-05	32523	0.500008	FALSE	NA	NA	NA	NA	NA	NA
NC_045512.2	23240	C	T	33924	31280	35	1	1	34	2.9475e-05	33927	1	FALSE	NA	NA	NA	NA	NA	NA
NC_045512.2	23240	C	A	33924	31280	35	2	2	34	5.89501e-05	33927	1	FALSE	NA	NA	NA	NA	NA	NA
NC_045512.2	23241	T	C	34054	31427	35	5	5	34	0.000146804	34059	1	FALSE	NA	NA	NA	NA	NA	NA
NC_045512.2	23242	G	C	33972	31350	35	1	1	34	2.94334e-05	33975	1	FALSE	NA	NA	NA	NA	NA	NA
NC_045512.2	23242	G	A	33972	31350	35	2	2	34	5.88668e-05	33975	1	FALSE	NA	NA	NA	NA	NA	NA
NC_045512.2	23243	C	T	36845	34381	35	15	15	32	0.000406934	36861	0.999119	FALSE	NA	NA	NA	NA	NA	NA
NC_045512.2	23243	C	G	36845	34381	35	1	1	34	2.71289e-05	36861	1	FALSE	NA	NA	NA	NA	NA	NA
NC_045512.2	23244	C	T	36894	34430	35	2	2	34	5.42035e-05	36898	1	FALSE	NA	NA	NA	NA	NA	NA
NC_045512.2	23244	C	A	36894	34430	35	2	2	34	5.42035e-05	36898	1	FALSE	NA	NA	NA	NA	NA	NA
NC_045512.2	23245	T	C	36405	33942	35	2	2	30	5.49345e-05	36407	1	FALSE	NA	NA	NA	NA	NA	NA
NC_045512.2	23246	T	C	36389	33928	35	1	1	34	2.74801e-05	36390	1	FALSE	NA	NA	NA	NA	NA	NA
NC_045512.2	23247	T	C	36488	34034	35	6	6	32	0.000164411	36494	1	FALSE	NA	NA	NA	NA	NA	NA
NC_045512.2	23248	C	A	36470	34031	35	1	1	34	2.7419e-05	36471	1	FALSE	NA	NA	NA	NA	NA	NA
NC_045512.2	23249	C	T	36470	34122	35	4	4	34	0.000109661	36476	1	FALSE	NA	NA	NA	NA	NA	NA
NC_045512.2	23249	C	A	36470	34122	35	2	2	34	5.48306e-05	36476	1	FALSE	NA	NA	NA	NA	NA	NA
NC_045512.2	23250	A	G	36379	34031	35	9	9	32	0.000247334	36388	0.999992	FALSE	NA	NA	NA	NA	NA	NA
NC_045512.2	23251	A	G	46367	34099	34	5	5	30	0.000107824	46372	1	FALSE	NA	NA	NA	NA	NA	NA
NC_045512.2	23252	C	T	48898	34181	35	2	0	34	4.08973e-05	48903	1	FALSE	NA	NA	NA	NA	NA	NA
NC_045512.2	23252	C	A	48898	34181	35	3	2	31	6.13459e-05	48903	1	FALSE	NA	NA	NA	NA	NA	NA
NC_045512.2	23253	A	T	48578	33995	34	2	1	26	4.11675e-05	48582	1	FALSE	NA	NA	NA	NA	NA	NA
NC_045512.2	23253	A	G	48578	33995	34	2	1	34	4.11675e-05	48582	1	FALSE	NA	NA	NA	NA	NA	NA
NC_045512.2	23254	A	T	49364	33743	34	3	2	31	6.07632e-05	49372	1	FALSE	NA	NA	NA	NA	NA	NA
NC_045512.2	23254	A	G	49364	33743	34	5	5	34	0.000101272	49372	1	FALSE	NA	NA	NA	NA	NA	NA
NC_045512.2	23256	T	C	46997	31330	34	14	7	33	0.000297803	47011	0.999996	FALSE	NA	NA	NA	NA	NA	NA
NC_045512.2	23257	T	C	49476	33820	34	11	4	34	0.000222281	49487	1	FALSE	NA	NA	NA	NA	NA	NA
NC_045512.2	23258	G	T	52396	34050	34	1	1	34	1.90836e-05	52401	1	FALSE	NA	NA	NA	NA	NA	NA
NC_045512.2	23258	G	C	52396	34050	34	1	1	26	1.90836e-05	52401	1	FALSE	NA	NA	NA	NA	NA	NA
NC_045512.2	23258	G	A	52396	34050	34	3	3	34	5.72508e-05	52401	1	FALSE	NA	NA	NA	NA	NA	NA
NC_045512.2	23259	G	T	52856	34265	34	1	1	34	1.89168e-05	52863	1	FALSE	NA	NA	NA	NA	NA	NA
NC_045512.2	23259	G	C	52856	34265	34	2	1	34	3.78336e-05	52863	1	FALSE	NA	NA	NA	NA	NA	NA
NC_045512.2	23259	G	A	52856	34265	34	4	2	34	7.56673e-05	52863	1	FALSE	NA	NA	NA	NA	NA	NA
NC_045512.2	23260	C	T	52836	34328	34	9	3	34	0.000170303	52847	1	FALSE	NA	NA	NA	NA	NA	NA
NC_045512.2	23260	C	G	52836	34328	34	1	0	34	1.89226e-05	52847	1	FALSE	NA	NA	NA	NA	NA	NA
NC_045512.2	23260	C	A	52836	34328	34	1	0	34	1.89226e-05	52847	1	FALSE	NA	NA	NA	NA	NA	NA
NC_045512.2	23261	A	T	52691	34049	34	1	1	34	1.89771e-05	52695	1	FALSE	NA	NA	NA	NA	NA	NA
NC_045512.2	23261	A	G	52691	34049	34	3	3	34	5.69314e-05	52695	1	FALSE	NA	NA	NA	NA	NA	NA
NC_045512.2	23262	G	T	53778	34107	34	2	1	34	3.71858e-05	53784	1	FALSE	NA	NA	NA	NA	NA	NA
NC_045512.2	23262	G	C	53778	34107	34	4	2	30	7.43716e-05	53784	1	FALSE	NA	NA	NA	NA	NA	NA
NC_045512.2	23263	A	G	56037	34280	34	3	1	34	5.35332e-05	56040	1	FALSE	NA	NA	NA	NA	NA	NA
NC_045512.2	23264	G	T	59443	34196	34	1	0	34	1.68211e-05	59449	1	FALSE	NA	NA	NA	NA	NA	NA
NC_045512.2	23264	G	C	59443	34196	34	2	1	34	3.36423e-05	59449	1	FALSE	NA	NA	NA	NA	NA	NA
NC_045512.2	23264	G	A	59443	34196	34	3	3	34	5.04634e-05	59449	1	FALSE	NA	NA	NA	NA	NA	NA
NC_045512.2	23265	A	T	59414	34058	34	1	0	34	1.68294e-05	59420	1	FALSE	NA	NA	NA	NA	NA	NA
NC_045512.2	23265	A	G	59414	34058	34	5	2	34	8.41468e-05	59420	1	FALSE	NA	NA	NA	NA	NA	NA
NC_045512.2	23266	C	T	62169	34416	34	1	1	34	1.60844e-05	62172	1	FALSE	NA	NA	NA	NA	NA	NA
NC_045512.2	23266	C	G	62169	34416	34	1	0	34	1.60844e-05	62172	1	FALSE	NA	NA	NA	NA	NA	NA
NC_045512.2	23266	C	A	62169	34416	34	1	0	34	1.60844e-05	62172	1	FALSE	NA	NA	NA	NA	NA	NA
NC_045512.2	23267	A	G	61696	33977	34	5	0	30	8.1036e-05	61701	1	FALSE	NA	NA	NA	NA	NA	NA
NC_045512.2	23268	T	G	63055	34320	34	1	0	34	1.58559e-05	63068	1	FALSE	NA	NA	NA	NA	NA	NA
NC_045512.2	23268	T	C	63055	34320	34	11	4	34	0.000174415	63068	1	FALSE	NA	NA	NA	NA	NA	NA
NC_045512.2	23268	T	A	63055	34320	34	1	0	34	1.58559e-05	63068	1	FALSE	NA	NA	NA	NA	NA	NA
NC_045512.2	23269	T	C	63603	34322	34	18	6	34	0.000282925	63621	1	FALSE	NA	NA	NA	NA	NA	NA
NC_045512.2	23270	G	T	65281	34203	34	1	0	34	1.53175e-05	65285	1	FALSE	NA	NA	NA	NA	NA	NA
NC_045512.2	23270	G	C	65281	34203	34	2	1	34	3.06349e-05	65285	1	FALSE	NA	NA	NA	NA	NA	NA
NC_045512.2	23270	G	A	65281	34203	34	1	0	34	1.53175e-05	65285	1	FALSE	NA	NA	NA	NA	NA	NA
NC_045512.2	23271	C	T	65395	34341	34	11	3	34	0.000168165	65412	1	FALSE	NA	NA	NA	NA	NA	NA
NC_045512.2	23271	C	G	65395	34341	34	1	0	34	1.52877e-05	65412	1	FALSE	NA	NA	NA	NA	NA	NA
NC_045512.2	23271	C	A	65395	34341	34	5	0	32	7.64386e-05	65412	1	FALSE	NA	NA	NA	NA	NA	NA
NC_045512.2	23272	T	C	65529	33650	34	15	9	36	0.000228847	65546	1	FALSE	NA	NA	NA	NA	NA	NA
NC_045512.2	23272	T	A	65529	33650	34	2	0	34	3.05129e-05	65546	1	FALSE	NA	NA	NA	NA	NA	NA
NC_045512.2	23272	T	-G	65529	33650	34	1	0	20	1.52565e-05	65546	1	FALSE	NA	NA	NA	NA	NA	NA
NC_045512.2	23273	G	T	66505	33581	34	3	0	34	4.50904e-05	66533	1	FALSE	NA	NA	NA	NA	NA	NA
NC_045512.2	23273	G	C	66505	33581	34	17	15	33	0.000255512	66533	1	FALSE	NA	NA	NA	NA	NA	NA
NC_045512.2	23273	G	A	66505	33581	34	8	4	33	0.000120241	66533	1	FALSE	NA	NA	NA	NA	NA	NA
NC_045512.2	23274	A	T	71677	33469	34	1	0	34	1.39495e-05	71687	1	FALSE	NA	NA	NA	NA	NA	NA
NC_045512.2	23274	A	G	71677	33469	34	8	3	34	0.000111596	71687	1	FALSE	NA	NA	NA	NA	NA	NA
NC_045512.2	23274	A	C	71677	33469	34	1	1	26	1.39495e-05	71687	1	FALSE	NA	NA	NA	NA	NA	NA
NC_045512.2	23275	C	T	74705	33637	34	2	1	34	2.67698e-05	74711	1	FALSE	NA	NA	NA	NA	NA	NA
NC_045512.2	23275	C	G	74705	33637	34	3	0	34	4.01547e-05	74711	1	FALSE	NA	NA	NA	NA	NA	NA
NC_045512.2	23275	C	A	74705	33637	34	1	1	34	1.33849e-05	74711	1	FALSE	NA	NA	NA	NA	NA	NA
NC_045512.2	23276	A	G	74391	33409	34	8	0	34	0.000107527	74400	1	FALSE	NA	NA	NA	NA	NA	NA
NC_045512.2	23276	A	C	74391	33409	34	1	1	26	1.34409e-05	74400	1	FALSE	NA	NA	NA	NA	NA	NA
NC_045512.2	23277	C	T	86867	33510	34	1	1	34	1.15116e-05	86869	1	FALSE	NA	NA	NA	NA	NA	NA
NC_045512.2	23277	C	G	86867	33510	34	1	0	34	1.15116e-05	86869	1	FALSE	NA	NA	NA	NA	NA	NA
NC_045512.2	23278	T	C	77095	33129	34	11317	266	34	0.128002	88413	0	TRUE	NA	NA	NA	NA	NA	NA
NC_045512.2	23278	T	A	77095	33129	34	1	0	34	1.13106e-05	88413	1	FALSE	NA	NA	NA	NA	NA	NA
NC_045512.2	23279	A	T	90232	33099	34	2	1	34	2.21597e-05	90254	1	FALSE	NA	NA	NA	NA	NA	NA
NC_045512.2	23279	A	G	90232	33099	34	20	13	32	0.000221597	90254	1	FALSE	NA	NA	NA	NA	NA	NA
NC_045512.2	23280	C	T	91682	33225	34	2	1	34	2.18133e-05	91687	1	FALSE	NA	NA	NA	NA	NA	NA
NC_045512.2	23280	C	G	91682	33225	34	2	0	34	2.18133e-05	91687	1	FALSE	NA	NA	NA	NA	NA	NA
NC_045512.2	23280	C	A	91682	33225	34	1	1	34	1.09067e-05	91687	1	FALSE	NA	NA	NA	NA	NA	NA
NC_045512.2	23281	T	G	91652	33472	34	2	1	34	2.18162e-05	91675	1	FALSE	NA	NA	NA	NA	NA	NA
NC_045512.2	23281	T	C	91652	33472	34	21	3	34	0.00022907	91675	1	FALSE	NA	NA	NA	NA	NA	NA
NC_045512.2	23281	T	-G	91652	33472	34	1	0	20	1.09081e-05	91675	1	FALSE	NA	NA	NA	NA	NA	NA
NC_045512.2	23282	G	T	92372	33469	34	5	0	34	5.41219e-05	92384	1	FALSE	NA	NA	NA	NA	NA	NA
NC_045512.2	23282	G	C	92372	33469	34	2	2	34	2.16488e-05	92384	1	FALSE	NA	NA	NA	NA	NA	NA
NC_045512.2	23282	G	A	92372	33469	34	5	1	34	5.41219e-05	92384	1	FALSE	NA	NA	NA	NA	NA	NA
NC_045512.2	23283	A	G	92250	33013	34	3	0	31	3.25189e-05	92254	1	FALSE	NA	NA	NA	NA	NA	NA
NC_045512.2	23283	A	C	92250	33013	34	1	1	34	1.08396e-05	92254	1	FALSE	NA	NA	NA	NA	NA	NA
NC_045512.2	23284	T	G	91793	32379	34	6	0	30	6.53566e-05	91804	1	FALSE	NA	NA	NA	NA	NA	NA
NC_045512.2	23284	T	C	91793	32379	34	5	2	34	5.44639e-05	91804	1	FALSE	NA	NA	NA	NA	NA	NA
NC_045512.2	23285	G	T	91717	32285	34	1	0	34	1.09014e-05	91731	1	FALSE	NA	NA	NA	NA	NA	NA
NC_045512.2	23285	G	A	91717	32285	34	13	2	34	0.000141719	91731	1	FALSE	NA	NA	NA	NA	NA	NA
NC_045512.2	23286	C	T	88850	29678	34	41	8	33	0.000461182	88902	0.99999	FALSE	NA	NA	NA	NA	NA	NA
NC_045512.2	23286	C	G	88850	29678	34	3	0	31	3.3745e-05	88902	1	FALSE	NA	NA	NA	NA	NA	NA
NC_045512.2	23286	C	A	88850	29678	34	8	5	34	8.99867e-05	88902	1	FALSE	NA	NA	NA	NA	NA	NA
NC_045512.2	23287	T	G	87575	28340	34	1	0	34	1.14157e-05	87599	1	FALSE	NA	NA	NA	NA	NA	NA
NC_045512.2	23287	T	C	87575	28340	34	17	3	34	0.000194066	87599	1	FALSE	NA	NA	NA	NA	NA	NA
NC_045512.2	23287	T	A	87575	28340	34	6	2	32	6.84939e-05	87599	1	FALSE	NA	NA	NA	NA	NA	NA
NC_045512.2	23288	G	C	90126	28359	34	1	0	34	1.10942e-05	90137	1	FALSE	NA	NA	NA	NA	NA	NA
NC_045512.2	23288	G	A	90126	28359	34	10	6	34	0.000110942	90137	1	FALSE	NA	NA	NA	NA	NA	NA
NC_045512.2	23289	T	G	88780	27073	34	4	1	34	4.50461e-05	88798	1	FALSE	NA	NA	NA	NA	NA	NA
NC_045512.2	23289	T	C	88780	27073	34	10	4	34	0.000112615	88798	1	FALSE	NA	NA	NA	NA	NA	NA
NC_045512.2	23289	T	A	88780	27073	34	4	2	34	4.50461e-05	88798	1	FALSE	NA	NA	NA	NA	NA	NA
NC_045512.2	23290	C	T	89310	27066	34	6	3	31	6.71757e-05	89318	1	FALSE	NA	NA	NA	NA	NA	NA
NC_045512.2	23290	C	G	89310	27066	34	2	0	30	2.23919e-05	89318	1	FALSE	NA	NA	NA	NA	NA	NA
NC_045512.2	23291	C	T	89232	26923	34	3	1	34	3.36187e-05	89236	1	FALSE	NA	NA	NA	NA	NA	NA
NC_045512.2	23291	C	A	89232	26923	34	1	0	34	1.12062e-05	89236	1	FALSE	NA	NA	NA	NA	NA	NA
NC_045512.2	23292	G	A	89877	26847	34	38	19	34	0.000422621	89915	0.999999	FALSE	NA	NA	NA	NA	NA	NA
NC_045512.2	23293	T	G	89789	26947	34	1	0	26	1.11319e-05	89832	1	FALSE	NA	NA	NA	NA	NA	NA
NC_045512.2	23293	T	C	89789	26947	34	42	9	35	0.000467539	89832	0.999989	FALSE	NA	NA	NA	NA	NA	NA
NC_045512.2	23293	T	-G	89789	26947	34	1	0	20	1.11319e-05	89832	1	FALSE	NA	NA	NA	NA	NA	NA
NC_045512.2	23294	G	A	90740	26895	34	3	3	34	3.30604e-05	90743	1	FALSE	NA	NA	NA	NA	NA	NA
NC_045512.2	23295	A	T	91633	27008	34	2	0	34	2.18248e-05	91639	1	FALSE	NA	NA	NA	NA	NA	NA
NC_045512.2	23295	A	G	91633	27008	34	4	1	34	4.36495e-05	91639	1	FALSE	NA	NA	NA	NA	NA	NA
NC_045512.2	23296	T	G	92446	26991	34	1	0	34	1.0816e-05	92456	1	FALSE	NA	NA	NA	NA	NA	NA
NC_045512.2	23296	T	C	92446	26991	34	8	7	37	8.65276e-05	92456	1	FALSE	NA	NA	NA	NA	NA	NA
NC_045512.2	23296	T	A	92446	26991	34	1	1	34	1.0816e-05	92456	1	FALSE	NA	NA	NA	NA	NA	NA
NC_045512.2	23296	T	-C	92446	26991	34	2	0	20	2.16319e-05	92456	1	FALSE	NA	NA	NA	NA	NA	NA
NC_045512.2	23297	C	T	92508	26514	34	6	2	34	6.48522e-05	92518	1	FALSE	NA	NA	NA	NA	NA	NA
NC_045512.2	23297	C	G	92508	26514	34	2	0	34	2.16174e-05	92518	1	FALSE	NA	NA	NA	NA	NA	NA
NC_045512.2	23297	C	A	92508	26514	34	2	0	34	2.16174e-05	92518	1	FALSE	NA	NA	NA	NA	NA	NA
NC_045512.2	23298	C	T	92257	26249	34	4	0	42	4.33543e-05	92263	0.953861	FALSE	NA	NA	NA	NA	NA	NA
NC_045512.2	23298	C	A	92257	26249	34	2	1	34	2.16772e-05	92263	1	FALSE	NA	NA	NA	NA	NA	NA
NC_045512.2	23299	A	T	92234	26015	34	3	2	34	3.25196e-05	92252	1	FALSE	NA	NA	NA	NA	NA	NA
NC_045512.2	23299	A	G	92234	26015	34	14	6	33	0.000151758	92252	1	FALSE	NA	NA	NA	NA	NA	NA
NC_045512.2	23299	A	C	92234	26015	34	1	1	34	1.08399e-05	92252	1	FALSE	NA	NA	NA	NA	NA	NA
NC_045512.2	23300	C	T	92274	26041	34	6	0	34	6.50153e-05	92286	1	FALSE	NA	NA	NA	NA	NA	NA
NC_045512.2	23300	C	G	92274	26041	34	3	0	31	3.25076e-05	92286	1	FALSE	NA	NA	NA	NA	NA	NA
NC_045512.2	23300	C	A	92274	26041	34	3	1	34	3.25076e-05	92286	1	FALSE	NA	NA	NA	NA	NA	NA
NC_045512.2	23300	C	-AG	92274	26041	34	3	0	20	3.25076e-05	92286	1	FALSE	NA	NA	NA	NA	NA	NA
NC_045512.2	23301	A	G	91878	25771	34	11	3	40	0.00011971	91889	0.411878	FALSE	NA	NA	NA	NA	NA	NA
NC_045512.2	23302	G	C	92076	25706	34	5	4	34	5.42941e-05	92091	1	FALSE	NA	NA	NA	NA	NA	NA
NC_045512.2	23302	G	A	92076	25706	34	10	1	34	0.000108588	92091	1	FALSE	NA	NA	NA	NA	NA	NA
NC_045512.2	23302	G	+AC	92076	25706	34	1	0	20	1.08585e-05	92094	1	FALSE	NA	NA	NA	NA	NA	NA
NC_045512.2	23303	A	T	92005	25880	35	5	1	34	5.43342e-05	92023	1	FALSE	NA	NA	NA	NA	NA	NA
NC_045512.2	23303	A	G	92005	25880	35	13	4	38	0.000141269	92023	1	FALSE	NA	NA	NA	NA	NA	NA
NC_045512.2	23304	C	T	96609	25615	35	6	2	34	6.21009e-05	96617	1	FALSE	NA	NA	NA	NA	NA	NA
NC_045512.2	23304	C	A	96609	25615	35	2	0	34	2.07003e-05	96617	1	FALSE	NA	NA	NA	NA	NA	NA
NC_045512.2	23305	A	T	95777	25293	34	1	0	34	1.04403e-05	95783	1	FALSE	NA	NA	NA	NA	NA	NA
NC_045512.2	23305	A	G	95777	25293	34	2	1	42	2.08805e-05	95783	0.994141	FALSE	NA	NA	NA	NA	NA	NA
NC_045512.2	23305	A	C	95777	25293	34	3	3	31	3.13208e-05	95783	1	FALSE	NA	NA	NA	NA	NA	NA
NC_045512.2	23306	C	T	97551	25000	35	1	1	34	1.02506e-05	97555	1	FALSE	NA	NA	NA	NA	NA	NA
NC_045512.2	23306	C	G	97551	25000	35	2	0	34	2.05013e-05	97555	1	FALSE	NA	NA	NA	NA	NA	NA
NC_045512.2	23306	C	A	97551	25000	35	1	0	34	1.02506e-05	97555	1	FALSE	NA	NA	NA	NA	NA	NA
NC_045512.2	23306	C	-T	97551	25000	35	1	0	20	1.02506e-05	97555	1	FALSE	NA	NA	NA	NA	NA	NA
NC_045512.2	23307	T	C	97310	24836	35	9	2	34	9.24775e-05	97321	1	FALSE	NA	NA	NA	NA	NA	NA
NC_045512.2	23307	T	A	97310	24836	35	2	0	34	2.05505e-05	97321	1	FALSE	NA	NA	NA	NA	NA	NA
NC_045512.2	23308	T	G	97101	24731	35	3	0	34	3.0888e-05	97125	1	FALSE	NA	NA	NA	NA	NA	NA
NC_045512.2	23308	T	C	97101	24731	35	20	6	34	0.00020592	97125	1	FALSE	NA	NA	NA	NA	NA	NA
NC_045512.2	23308	T	A	97101	24731	35	1	0	34	1.0296e-05	97125	1	FALSE	NA	NA	NA	NA	NA	NA
NC_045512.2	23308	T	-G	97101	24731	35	1	0	20	1.0296e-05	97125	1	FALSE	NA	NA	NA	NA	NA	NA
NC_045512.2	23309	G	T	97098	24711	35	5	0	34	5.14901e-05	97106	1	FALSE	NA	NA	NA	NA	NA	NA
NC_045512.2	23309	G	C	97098	24711	35	1	1	34	1.0298e-05	97106	1	FALSE	NA	NA	NA	NA	NA	NA
NC_045512.2	23309	G	A	97098	24711	35	2	0	34	2.0596e-05	97106	1	FALSE	NA	NA	NA	NA	NA	NA
NC_045512.2	23310	A	T	97239	24741	35	2	0	34	2.05658e-05	97249	1	FALSE	NA	NA	NA	NA	NA	NA
NC_045512.2	23310	A	G	97239	24741	35	8	2	32	8.22631e-05	97249	1	FALSE	NA	NA	NA	NA	NA	NA
NC_045512.2	23311	G	T	97341	24682	35	2	2	34	2.05434e-05	97355	1	FALSE	NA	NA	NA	NA	NA	NA
NC_045512.2	23311	G	C	97341	24682	35	2	1	34	2.05434e-05	97355	1	FALSE	NA	NA	NA	NA	NA	NA
NC_045512.2	23311	G	A	97341	24682	35	10	2	31	0.000102717	97355	1	FALSE	NA	NA	NA	NA	NA	NA
NC_045512.2	23312	A	G	97261	26159	35	6	1	31	6.1684e-05	97270	1	FALSE	NA	NA	NA	NA	NA	NA
NC_045512.2	23312	A	C	97261	26159	35	3	2	34	3.0842e-05	97270	1	FALSE	NA	NA	NA	NA	NA	NA
NC_045512.2	23313	T	C	96913	24772	35	4	0	32	4.1272e-05	96918	1	FALSE	NA	NA	NA	NA	NA	NA
NC_045512.2	23313	T	A	96913	24772	35	1	1	34	1.0318e-05	96918	1	FALSE	NA	NA	NA	NA	NA	NA
NC_045512.2	23314	T	G	96383	24178	35	1	0	26	1.03743e-05	96392	1	FALSE	NA	NA	NA	NA	NA	NA
NC_045512.2	23314	T	C	96383	24178	35	6	1	34	6.22458e-05	96392	1	FALSE	NA	NA	NA	NA	NA	NA
NC_045512.2	23314	T	A	96383	24178	35	2	1	29	2.07486e-05	96392	1	FALSE	NA	NA	NA	NA	NA	NA
NC_045512.2	23315	C	G	96218	24027	36	1	0	26	1.03925e-05	96223	1	FALSE	NA	NA	NA	NA	NA	NA
NC_045512.2	23315	C	A	96218	24027	36	4	0	34	4.15701e-05	96223	1	FALSE	NA	NA	NA	NA	NA	NA
NC_045512.2	23316	T	C	95276	23088	35	5	1	40	5.24736e-05	95286	0.910212	FALSE	NA	NA	NA	NA	NA	NA
NC_045512.2	23316	T	A	95276	23088	35	5	0	34	5.24736e-05	95286	1	FALSE	NA	NA	NA	NA	NA	NA
NC_045512.2	23317	T	G	95771	23736	35	1	0	34	1.04395e-05	95790	1	FALSE	NA	NA	NA	NA	NA	NA
NC_045512.2	23317	T	C	95771	23736	35	17	10	34	0.000177472	95790	1	FALSE	NA	NA	NA	NA	NA	NA
NC_045512.2	23317	T	A	95771	23736	35	1	0	34	1.04395e-05	95790	1	FALSE	NA	NA	NA	NA	NA	NA
NC_045512.2	23318	G	C	96055	23728	36	2	1	34	2.08203e-05	96060	1	FALSE	NA	NA	NA	NA	NA	NA
NC_045512.2	23318	G	A	96055	23728	36	3	1	45	3.12305e-05	96060	0.980715	FALSE	NA	NA	NA	NA	NA	NA
NC_045512.2	23319	A	T	104550	24108	36	1	0	34	9.56334e-06	104566	1	FALSE	NA	NA	NA	NA	NA	NA
NC_045512.2	23319	A	G	104550	24108	36	14	1	34	0.000133887	104566	1	FALSE	NA	NA	NA	NA	NA	NA
NC_045512.2	23319	A	C	104550	24108	36	1	1	34	9.56334e-06	104566	1	FALSE	NA	NA	NA	NA	NA	NA
NC_045512.2	23320	C	T	105625	24643	36	1	0	34	9.46692e-06	105631	1	FALSE	NA	NA	NA	NA	NA	NA
NC_045512.2	23320	C	A	105625	24643	36	5	0	34	4.73346e-05	105631	1	FALSE	NA	NA	NA	NA	NA	NA
NC_045512.2	23321	A	T	104960	24090	36	1	1	26	9.52662e-06	104969	1	FALSE	NA	NA	NA	NA	NA	NA
NC_045512.2	23321	A	G	104960	24090	36	7	3	37	6.66864e-05	104969	1	FALSE	NA	NA	NA	NA	NA	NA
NC_045512.2	23321	A	C	104960	24090	36	1	0	34	9.52662e-06	104969	1	FALSE	NA	NA	NA	NA	NA	NA
NC_045512.2	23321	A	-T	104960	24090	36	1	0	20	9.52662e-06	104969	1	FALSE	NA	NA	NA	NA	NA	NA
NC_045512.2	23322	T	G	104964	23887	36	1	0	34	9.52644e-06	104971	1	FALSE	NA	NA	NA	NA	NA	NA
NC_045512.2	23322	T	C	104964	23887	36	5	3	32	4.76322e-05	104971	1	FALSE	NA	NA	NA	NA	NA	NA
NC_045512.2	23322	T	A	104964	23887	36	1	0	34	9.52644e-06	104971	1	FALSE	NA	NA	NA	NA	NA	NA
NC_045512.2	23323	T	G	104733	23876	36	2	1	51	1.90934e-05	104748	0.499957	FALSE	NA	NA	NA	NA	NA	NA
NC_045512.2	23323	T	C	104733	23876	36	12	3	36	0.000114561	104748	1	FALSE	NA	NA	NA	NA	NA	NA
NC_045512.2	23323	T	A	104733	23876	36	1	0	34	9.54672e-06	104748	1	FALSE	NA	NA	NA	NA	NA	NA
NC_045512.2	23324	A	G	87470	6132	36	7	0	31	8.0021e-05	87477	1	FALSE	NA	NA	NA	NA	NA	NA
NC_045512.2	23325	C	T	87952	6314	37	14	0	43	0.000159149	87968	0.143118	FALSE	NA	NA	NA	NA	NA	NA
NC_045512.2	23325	C	G	87952	6314	37	1	0	26	1.13678e-05	87968	1	FALSE	NA	NA	NA	NA	NA	NA
NC_045512.2	23325	C	A	87952	6314	37	1	0	34	1.13678e-05	87968	1	FALSE	NA	NA	NA	NA	NA	NA
NC_045512.2	23326	A	G	88502	6400	37	6	0	34	6.77897e-05	88509	1	FALSE	NA	NA	NA	NA	NA	NA
NC_045512.2	23326	A	C	88502	6400	37	1	1	68	1.12983e-05	88509	0.499986	FALSE	NA	NA	NA	NA	NA	NA
NC_045512.2	23327	C	T	88886	6479	37	6	0	34	6.74954e-05	88895	1	FALSE	NA	NA	NA	NA	NA	NA
NC_045512.2	23327	C	G	88886	6479	37	1	0	26	1.12492e-05	88895	1	FALSE	NA	NA	NA	NA	NA	NA
NC_045512.2	23327	C	A	88886	6479	37	2	0	34	2.24985e-05	88895	1	FALSE	NA	NA	NA	NA	NA	NA
NC_045512.2	23328	C	T	88640	6478	37	2	0	34	2.25611e-05	88648	1	FALSE	NA	NA	NA	NA	NA	NA
NC_045512.2	23328	C	G	88640	6478	37	4	0	32	4.51223e-05	88648	1	FALSE	NA	NA	NA	NA	NA	NA
NC_045512.2	23328	C	A	88640	6478	37	2	0	30	2.25611e-05	88648	1	FALSE	NA	NA	NA	NA	NA	NA
NC_045512.2	23329	A	G	90167	6535	37	5	0	34	5.54496e-05	90172	1	FALSE	NA	NA	NA	NA	NA	NA
NC_045512.2	23330	T	G	90378	7729	37	4	0	34	4.42507e-05	90394	1	FALSE	NA	NA	NA	NA	NA	NA
NC_045512.2	23330	T	C	90378	7729	37	11	1	37	0.000121689	90394	1	FALSE	NA	NA	NA	NA	NA	NA
NC_045512.2	23330	T	A	90378	7729	37	1	0	34	1.10627e-05	90394	1	FALSE	NA	NA	NA	NA	NA	NA
NC_045512.2	23331	G	T	90666	7916	37	2	0	51	2.20553e-05	90681	0.249966	FALSE	NA	NA	NA	NA	NA	NA
NC_045512.2	23331	G	A	90666	7916	37	13	2	41	0.00014336	90681	0.261712	FALSE	NA	NA	NA	NA	NA	NA
NC_045512.2	23332	T	G	90462	8050	37	1	0	34	1.1053e-05	90473	1	FALSE	NA	NA	NA	NA	NA	NA
NC_045512.2	23332	T	C	90462	8050	37	9	3	37	9.94772e-05	90473	1	FALSE	NA	NA	NA	NA	NA	NA
NC_045512.2	23332	T	A	90462	8050	37	1	0	34	1.1053e-05	90473	1	FALSE	NA	NA	NA	NA	NA	NA
NC_045512.2	23333	T	G	90995	8049	37	1	0	34	1.09886e-05	91003	1	FALSE	NA	NA	NA	NA	NA	NA
NC_045512.2	23333	T	C	90995	8049	37	6	2	40	6.59319e-05	91003	0.849126	FALSE	NA	NA	NA	NA	NA	NA
NC_045512.2	23333	T	A	90995	8049	37	1	0	34	1.09886e-05	91003	1	FALSE	NA	NA	NA	NA	NA	NA
NC_045512.2	23334	C	T	91806	8333	37	1	0	26	1.08924e-05	91807	1	FALSE	NA	NA	NA	NA	NA	NA
NC_045512.2	23334	C	-T	91806	8333	37	6	0	20	6.53545e-05	91807	1	FALSE	NA	NA	NA	NA	NA	NA
NC_045512.2	23335	T	C	91864	8426	37	9	2	40	9.79581e-05	91876	0.592667	FALSE	NA	NA	NA	NA	NA	NA
NC_045512.2	23335	T	A	91864	8426	37	3	0	28	3.26527e-05	91876	1	FALSE	NA	NA	NA	NA	NA	NA
NC_045512.2	23336	T	C	91398	8417	37	5	0	40	5.47022e-05	91404	0.910226	FALSE	NA	NA	NA	NA	NA	NA
NC_045512.2	23336	T	A	91398	8417	37	1	0	26	1.09404e-05	91404	1	FALSE	NA	NA	NA	NA	NA	NA
NC_045512.2	23337	T	G	87388	8642	37	4	1	29	4.57682e-05	87397	1	FALSE	NA	NA	NA	NA	NA	NA
NC_045512.2	23337	T	C	87388	8642	37	5	0	34	5.72102e-05	87397	1	FALSE	NA	NA	NA	NA	NA	NA
NC_045512.2	23338	T	G	87656	8883	37	2	0	34	2.28094e-05	87683	1	FALSE	NA	NA	NA	NA	NA	NA
NC_045512.2	23338	T	C	87656	8883	37	24	2	37	0.000273713	87683	1	FALSE	NA	NA	NA	NA	NA	NA
NC_045512.2	23338	T	A	87656	8883	37	1	0	26	1.14047e-05	87683	1	FALSE	NA	NA	NA	NA	NA	NA
NC_045512.2	23339	G	T	87971	8883	37	2	1	51	2.27322e-05	87981	0.249979	FALSE	NA	NA	NA	NA	NA	NA
NC_045512.2	23339	G	C	87971	8883	37	1	0	34	1.13661e-05	87981	1	FALSE	NA	NA	NA	NA	NA	NA
NC_045512.2	23339	G	A	87971	8883	37	7	0	32	7.95626e-05	87981	1	FALSE	NA	NA	NA	NA	NA	NA
NC_045512.2	23340	G	T	88109	9127	37	7	1	38	7.94407e-05	88116	1	FALSE	NA	NA	NA	NA	NA	NA
NC_045512.2	23341	T	G	88028	9190	37	1	0	34	1.1359e-05	88036	1	FALSE	NA	NA	NA	NA	NA	NA
NC_045512.2	23341	T	C	88028	9190	37	7	0	34	7.95129e-05	88036	1	FALSE	NA	NA	NA	NA	NA	NA
NC_045512.2	23341	T	-G	88028	9190	37	1	0	20	1.1359e-05	88036	1	FALSE	NA	NA	NA	NA	NA	NA
NC_045512.2	23342	G	T	88372	9182	37	2	0	34	2.26303e-05	88377	1	FALSE	NA	NA	NA	NA	NA	NA
NC_045512.2	23342	G	A	88372	9182	37	3	1	45	3.39455e-05	88377	0.967287	FALSE	NA	NA	NA	NA	NA	NA
NC_045512.2	23343	G	A	89426	9255	37	1	0	34	1.11823e-05	89427	1	FALSE	NA	NA	NA	NA	NA	NA
NC_045512.2	23344	T	G	89886	9419	37	5	0	32	5.56167e-05	89901	1	FALSE	NA	NA	NA	NA	NA	NA
NC_045512.2	23344	T	C	89886	9419	37	7	2	47	7.78634e-05	89901	0.696335	FALSE	NA	NA	NA	NA	NA	NA
NC_045512.2	23344	T	A	89886	9419	37	3	0	31	3.337e-05	89901	1	FALSE	NA	NA	NA	NA	NA	NA
NC_045512.2	23345	G	C	89336	9517	37	1	1	27	1.11922e-05	89348	1	FALSE	NA	NA	NA	NA	NA	NA
NC_045512.2	23345	G	A	89336	9517	37	11	0	34	0.000123114	89348	1	FALSE	NA	NA	NA	NA	NA	NA
NC_045512.2	23345	G	-T	89336	9517	37	1	0	20	1.11922e-05	89348	1	FALSE	NA	NA	NA	NA	NA	NA
NC_045512.2	23346	T	G	89266	9539	37	1	0	34	1.12003e-05	89283	1	FALSE	NA	NA	NA	NA	NA	NA
NC_045512.2	23346	T	C	89266	9539	37	13	1	35	0.000145604	89283	1	FALSE	NA	NA	NA	NA	NA	NA
NC_045512.2	23346	T	A	89266	9539	37	3	0	34	3.3601e-05	89283	1	FALSE	NA	NA	NA	NA	NA	NA
NC_045512.2	23346	T	-CA	89266	9539	37	1	0	20	1.12002e-05	89284	1	FALSE	NA	NA	NA	NA	NA	NA
NC_045512.2	23347	C	T	89485	9617	37	11	0	33	0.000122873	89523	1	FALSE	NA	NA	NA	NA	NA	NA
NC_045512.2	23347	C	G	89485	9617	37	19	0	34	0.000212236	89523	1	FALSE	NA	NA	NA	NA	NA	NA
NC_045512.2	23347	C	A	89485	9617	37	8	0	36	8.93625e-05	89523	1	FALSE	NA	NA	NA	NA	NA	NA
NC_045512.2	23348	A	T	88527	9589	37	13	0	34	0.000146735	88595	1	FALSE	NA	NA	NA	NA	NA	NA
NC_045512.2	23348	A	G	88527	9589	37	52	0	35	0.000586941	88595	0.999167	FALSE	NA	NA	NA	NA	NA	NA
NC_045512.2	23348	A	C	88527	9589	37	3	1	31	3.3862e-05	88595	1	FALSE	NA	NA	NA	NA	NA	NA
NC_045512.2	23349	G	T	106401	9743	37	1	1	68	9.39788e-06	106407	0.499991	FALSE	NA	NA	NA	NA	NA	NA
NC_045512.2	23349	G	A	106401	9743	37	5	0	34	4.69894e-05	106407	1	FALSE	NA	NA	NA	NA	NA	NA
NC_045512.2	23350	T	G	106521	10634	37	5	0	32	4.69312e-05	106539	1	FALSE	NA	NA	NA	NA	NA	NA
NC_045512.2	23350	T	C	106521	10634	37	10	0	37	9.38623e-05	106539	1	FALSE	NA	NA	NA	NA	NA	NA
NC_045512.2	23350	T	A	106521	10634	37	3	0	31	2.81587e-05	106539	1	FALSE	NA	NA	NA	NA	NA	NA
NC_045512.2	23351	G	T	109087	10615	37	2	0	34	1.83326e-05	109095	1	FALSE	NA	NA	NA	NA	NA	NA
NC_045512.2	23351	G	C	109087	10615	37	1	0	34	9.16632e-06	109095	1	FALSE	NA	NA	NA	NA	NA	NA
NC_045512.2	23351	G	A	109087	10615	37	5	0	40	4.58316e-05	109095	0.940767	FALSE	NA	NA	NA	NA	NA	NA
NC_045512.2	23351	G	-T	109087	10615	37	1	0	20	9.16632e-06	109095	1	FALSE	NA	NA	NA	NA	NA	NA
NC_045512.2	23352	T	G	109776	10696	37	2	1	30	1.82154e-05	109797	1	FALSE	NA	NA	NA	NA	NA	NA
NC_045512.2	23352	T	C	109776	10696	37	12	1	36	0.000109293	109797	1	FALSE	NA	NA	NA	NA	NA	NA
NC_045512.2	23352	T	A	109776	10696	37	7	0	31	6.3754e-05	109797	1	FALSE	NA	NA	NA	NA	NA	NA
NC_045512.2	23353	T	G	108143	10988	37	1	0	34	9.23054e-06	108336	1	FALSE	NA	NA	NA	NA	NA	NA
NC_045512.2	23353	T	C	108143	10988	37	190	28	38	0.0017538	108336	1.15672e-06	TRUE	NA	NA	NA	NA	NA	NA
NC_045512.2	23353	T	A	108143	10988	37	2	0	30	1.84611e-05	108336	1	FALSE	NA	NA	NA	NA	NA	NA
NC_045512.2	23354	A	G	108387	12049	37	12	2	36	0.000110702	108399	1	FALSE	NA	NA	NA	NA	NA	NA
NC_045512.2	23355	T	G	107746	12108	37	1	0	34	9.28023e-06	107756	1	FALSE	NA	NA	NA	NA	NA	NA
NC_045512.2	23355	T	C	107746	12108	37	8	0	38	7.42418e-05	107756	1	FALSE	NA	NA	NA	NA	NA	NA
NC_045512.2	23355	T	A	107746	12108	37	1	0	24	9.28023e-06	107756	1	FALSE	NA	NA	NA	NA	NA	NA
NC_045512.2	23355	T	-A	107746	12108	37	1	0	20	9.28023e-06	107756	1	FALSE	NA	NA	NA	NA	NA	NA
NC_045512.2	23356	A	G	104564	12126	36	35	6	37	0.000334611	104599	1	FALSE	NA	NA	NA	NA	NA	NA
NC_045512.2	23357	A	G	108348	12406	37	10	0	34	9.22858e-05	108359	1	FALSE	NA	NA	NA	NA	NA	NA
NC_045512.2	23357	A	C	108348	12406	37	1	0	34	9.22858e-06	108359	1	FALSE	NA	NA	NA	NA	NA	NA
NC_045512.2	23358	C	T	106151	12538	37	2	1	30	1.88395e-05	106160	1	FALSE	NA	NA	NA	NA	NA	NA
NC_045512.2	23358	C	G	106151	12538	37	5	0	32	4.70987e-05	106160	1	FALSE	NA	NA	NA	NA	NA	NA
NC_045512.2	23358	C	A	106151	12538	37	2	0	30	1.88395e-05	106160	1	FALSE	NA	NA	NA	NA	NA	NA
NC_045512.2	23359	A	G	106290	13041	38	13	2	34	0.000122292	106303	1	FALSE	NA	NA	NA	NA	NA	NA
NC_045512.2	23359	A	-C	106290	13041	38	3	0	20	2.82212e-05	106303	1	FALSE	NA	NA	NA	NA	NA	NA
NC_045512.2	23360	C	A	106348	13036	38	6	0	32	5.64154e-05	106354	1	FALSE	NA	NA	NA	NA	NA	NA
NC_045512.2	23361	C	T	105612	12673	37	2	1	68	1.89365e-05	105616	0.249996	FALSE	NA	NA	NA	NA	NA	NA
NC_045512.2	23361	C	G	105612	12673	37	1	0	34	9.46826e-06	105616	1	FALSE	NA	NA	NA	NA	NA	NA
NC_045512.2	23361	C	A	105612	12673	37	1	0	34	9.46826e-06	105616	1	FALSE	NA	NA	NA	NA	NA	NA
NC_045512.2	23362	A	T	105944	12652	38	3	0	34	2.83126e-05	105960	1	FALSE	NA	NA	NA	NA	NA	NA
NC_045512.2	23362	A	G	105944	12652	38	13	1	34	0.000122688	105960	1	FALSE	NA	NA	NA	NA	NA	NA
NC_045512.2	23363	G	T	105351	12733	37	1	0	34	9.49154e-06	105357	1	FALSE	NA	NA	NA	NA	NA	NA
NC_045512.2	23363	G	A	105351	12733	37	5	1	34	4.74577e-05	105357	1	FALSE	NA	NA	NA	NA	NA	NA
NC_045512.2	23364	G	T	105496	14196	38	7	0	34	6.63444e-05	105510	1	FALSE	NA	NA	NA	NA	NA	NA
NC_045512.2	23364	G	C	105496	14196	38	1	0	34	9.47777e-06	105510	1	FALSE	NA	NA	NA	NA	NA	NA
NC_045512.2	23364	G	A	105496	14196	38	6	0	34	5.68666e-05	105510	1	FALSE	NA	NA	NA	NA	NA	NA
NC_045512.2	23365	A	G	103208	14575	38	3	1	51	2.90667e-05	103211	0.312502	FALSE	NA	NA	NA	NA	NA	NA
NC_045512.2	23366	A	G	98884	14766	37	6	0	39	6.06735e-05	98890	1	FALSE	NA	NA	NA	NA	NA	NA
NC_045512.2	23367	C	T	101620	14791	38	3	0	34	2.95186e-05	101631	1	FALSE	NA	NA	NA	NA	NA	NA
NC_045512.2	23367	C	G	101620	14791	38	2	0	30	1.9679e-05	101631	1	FALSE	NA	NA	NA	NA	NA	NA
NC_045512.2	23367	C	A	101620	14791	38	6	1	31	5.90371e-05	101631	1	FALSE	NA	NA	NA	NA	NA	NA
NC_045512.2	23368	A	T	101759	14798	38	2	1	30	1.96527e-05	101767	1	FALSE	NA	NA	NA	NA	NA	NA
NC_045512.2	23368	A	G	101759	14798	38	6	1	34	5.89582e-05	101767	1	FALSE	NA	NA	NA	NA	NA	NA
NC_045512.2	23369	A	T	101082	14933	38	1	1	27	9.89178e-06	101094	1	FALSE	NA	NA	NA	NA	NA	NA
NC_045512.2	23369	A	G	101082	14933	38	11	1	37	0.00010881	101094	1	FALSE	NA	NA	NA	NA	NA	NA
NC_045512.2	23370	A	T	99413	15051	37	1	1	27	1.00585e-05	99418	1	FALSE	NA	NA	NA	NA	NA	NA
NC_045512.2	23370	A	G	99413	15051	37	2	0	34	2.01171e-05	99418	1	FALSE	NA	NA	NA	NA	NA	NA
NC_045512.2	23370	A	C	99413	15051	37	2	0	34	2.01171e-05	99418	1	FALSE	NA	NA	NA	NA	NA	NA
NC_045512.2	23371	T	G	99249	15181	37	1	0	26	1.0075e-05	99256	1	FALSE	NA	NA	NA	NA	NA	NA
NC_045512.2	23371	T	C	99249	15181	37	4	1	40	4.02998e-05	99256	0.953859	FALSE	NA	NA	NA	NA	NA	NA
NC_045512.2	23371	T	A	99249	15181	37	2	1	29	2.01499e-05	99256	1	FALSE	NA	NA	NA	NA	NA	NA
NC_045512.2	23372	A	T	97822	15873	37	2	0	30	2.04436e-05	97830	1	FALSE	NA	NA	NA	NA	NA	NA
NC_045512.2	23372	A	G	97822	15873	37	6	0	44	6.13309e-05	97830	0.849126	FALSE	NA	NA	NA	NA	NA	NA
NC_045512.2	23373	C	T	96354	16650	37	3	0	34	3.11323e-05	96363	1	FALSE	NA	NA	NA	NA	NA	NA
NC_045512.2	23373	C	G	96354	16650	37	6	0	34	6.22646e-05	96363	1	FALSE	NA	NA	NA	NA	NA	NA
NC_045512.2	23373	C	-T	96354	16650	37	1	0	20	1.03774e-05	96363	1	FALSE	NA	NA	NA	NA	NA	NA
NC_045512.2	23374	T	C	95979	16296	37	12	2	32	0.000125012	95991	1	FALSE	NA	NA	NA	NA	NA	NA
NC_045512.2	23375	T	G	95322	16035	37	1	0	34	1.04895e-05	95333	1	FALSE	NA	NA	NA	NA	NA	NA
NC_045512.2	23375	T	C	95322	16035	37	6	2	31	6.29373e-05	95333	1	FALSE	NA	NA	NA	NA	NA	NA
NC_045512.2	23375	T	A	95322	16035	37	4	2	29	4.19582e-05	95333	1	FALSE	NA	NA	NA	NA	NA	NA
NC_045512.2	23376	C	T	84204	18146	37	1	0	34	1.18747e-05	84213	1	FALSE	NA	NA	NA	NA	NA	NA
NC_045512.2	23376	C	A	84204	18146	37	8	1	46	9.49972e-05	84213	0.598195	FALSE	NA	NA	NA	NA	NA	NA
NC_045512.2	23377	T	C	83953	18189	37	5	3	31	5.95536e-05	83958	1	FALSE	NA	NA	NA	NA	NA	NA
NC_045512.2	23377	T	-A	83953	18189	37	1	0	20	1.19107e-05	83958	1	FALSE	NA	NA	NA	NA	NA	NA
NC_045512.2	23378	A	G	84726	18618	37	3	2	34	3.54066e-05	84730	1	FALSE	NA	NA	NA	NA	NA	NA
NC_045512.2	23378	A	C	84726	18618	37	1	1	27	1.18022e-05	84730	1	FALSE	NA	NA	NA	NA	NA	NA
NC_045512.2	23379	A	T	79201	18849	36	1	0	34	1.2625e-05	79208	1	FALSE	NA	NA	NA	NA	NA	NA
NC_045512.2	23379	A	G	79201	18849	36	6	1	32	7.57499e-05	79208	1	FALSE	NA	NA	NA	NA	NA	NA
NC_045512.2	23380	C	G	80949	19373	37	1	0	26	1.23533e-05	80950	1	FALSE	NA	NA	NA	NA	NA	NA
NC_045512.2	23381	C	T	80683	19368	37	1	0	34	1.2394e-05	80684	1	FALSE	NA	NA	NA	NA	NA	NA
NC_045512.2	23382	A	T	79925	18559	37	2	2	34	2.50216e-05	79931	1	FALSE	NA	NA	NA	NA	NA	NA
NC_045512.2	23382	A	G	79925	18559	37	4	1	34	5.00432e-05	79931	1	FALSE	NA	NA	NA	NA	NA	NA
NC_045512.2	23383	G	T	80084	18645	37	1	0	34	1.24858e-05	80091	1	FALSE	NA	NA	NA	NA	NA	NA
NC_045512.2	23383	G	A	80084	18645	37	6	0	32	7.49148e-05	80091	1	FALSE	NA	NA	NA	NA	NA	NA
NC_045512.2	23384	G	T	80255	18815	37	1	0	26	1.24594e-05	80261	1	FALSE	NA	NA	NA	NA	NA	NA
NC_045512.2	23384	G	C	80255	18815	37	4	4	34	4.98374e-05	80261	1	FALSE	NA	NA	NA	NA	NA	NA
NC_045512.2	23384	G	A	80255	18815	37	1	0	34	1.24594e-05	80261	1	FALSE	NA	NA	NA	NA	NA	NA
NC_045512.2	23385	T	G	80615	18957	37	1	0	34	1.2404e-05	80619	1	FALSE	NA	NA	NA	NA	NA	NA
NC_045512.2	23385	T	C	80615	18957	37	3	1	34	3.72121e-05	80619	1	FALSE	NA	NA	NA	NA	NA	NA
NC_045512.2	23386	T	G	81803	20382	37	2	0	34	2.44475e-05	81808	1	FALSE	NA	NA	NA	NA	NA	NA
NC_045512.2	23386	T	C	81803	20382	37	3	0	34	3.66712e-05	81808	1	FALSE	NA	NA	NA	NA	NA	NA
NC_045512.2	23387	G	A	81878	20335	37	2	2	30	2.4426e-05	81880	1	FALSE	NA	NA	NA	NA	NA	NA
NC_045512.2	23388	C	T	78516	21119	36	48	15	38	0.000610936	78568	0.99724	FALSE	NA	NA	NA	NA	NA	NA
NC_045512.2	23388	C	A	78516	21119	36	4	0	34	5.09113e-05	78568	1	FALSE	NA	NA	NA	NA	NA	NA
NC_045512.2	23389	T	G	79501	21048	37	1	0	34	1.25726e-05	79538	1	FALSE	NA	NA	NA	NA	NA	NA
NC_045512.2	23389	T	C	79501	21048	37	33	1	40	0.000414896	79538	2.1084e-05	TRUE	NA	NA	NA	NA	NA	NA
NC_045512.2	23389	T	A	79501	21048	37	3	1	34	3.77178e-05	79538	1	FALSE	NA	NA	NA	NA	NA	NA
NC_045512.2	23390	G	T	81109	21157	37	6	2	34	7.39645e-05	81120	1	FALSE	NA	NA	NA	NA	NA	NA
NC_045512.2	23390	G	C	81109	21157	37	1	1	34	1.23274e-05	81120	1	FALSE	NA	NA	NA	NA	NA	NA
NC_045512.2	23390	G	A	81109	21157	37	4	1	40	4.93097e-05	81120	0.926992	FALSE	NA	NA	NA	NA	NA	NA
NC_045512.2	23391	T	G	80961	21107	37	5	0	34	6.1749e-05	80973	1	FALSE	NA	NA	NA	NA	NA	NA
NC_045512.2	23391	T	C	80961	21107	37	5	2	39	6.1749e-05	80973	1	FALSE	NA	NA	NA	NA	NA	NA
NC_045512.2	23391	T	A	80961	21107	37	2	0	34	2.46996e-05	80973	1	FALSE	NA	NA	NA	NA	NA	NA
NC_045512.2	23392	T	C	81098	21060	37	10	0	34	0.000123292	81108	1	FALSE	NA	NA	NA	NA	NA	NA
NC_045512.2	23393	C	T	80375	21316	37	3	0	34	3.73223e-05	80381	1	FALSE	NA	NA	NA	NA	NA	NA
NC_045512.2	23393	C	G	80375	21316	37	1	0	34	1.24408e-05	80381	1	FALSE	NA	NA	NA	NA	NA	NA
NC_045512.2	23393	C	A	80375	21316	37	2	0	30	2.48815e-05	80381	1	FALSE	NA	NA	NA	NA	NA	NA
NC_045512.2	23393	C	-T	80375	21316	37	3	0	20	3.73223e-05	80381	1	FALSE	NA	NA	NA	NA	NA	NA
NC_045512.2	23394	T	C	80052	20851	37	5	1	34	6.24555e-05	80057	1	FALSE	NA	NA	NA	NA	NA	NA
NC_045512.2	23395	T	G	81286	21136	37	1	0	34	1.2301e-05	81294	1	FALSE	NA	NA	NA	NA	NA	NA
NC_045512.2	23395	T	C	81286	21136	37	7	3	41	8.61072e-05	81294	0.696389	FALSE	NA	NA	NA	NA	NA	NA
NC_045512.2	23396	T	G	80398	21199	36	2	0	34	2.48728e-05	80409	1	FALSE	NA	NA	NA	NA	NA	NA
NC_045512.2	23396	T	C	80398	21199	36	8	4	46	9.94914e-05	80409	0.598176	FALSE	NA	NA	NA	NA	NA	NA
NC_045512.2	23396	T	A	80398	21199	36	1	1	34	1.24364e-05	80409	1	FALSE	NA	NA	NA	NA	NA	NA
NC_045512.2	23397	A	T	80264	21550	37	2	2	51	2.49162e-05	80269	0.249992	FALSE	NA	NA	NA	NA	NA	NA
NC_045512.2	23397	A	G	80264	21550	37	3	0	45	3.73743e-05	80269	0.967288	FALSE	NA	NA	NA	NA	NA	NA
NC_045512.2	23398	T	G	79791	21654	37	4	0	32	5.01253e-05	79800	1	FALSE	NA	NA	NA	NA	NA	NA
NC_045512.2	23398	T	C	79791	21654	37	2	0	34	2.50627e-05	79800	1	FALSE	NA	NA	NA	NA	NA	NA
NC_045512.2	23398	T	A	79791	21654	37	3	1	25	3.7594e-05	79800	1	FALSE	NA	NA	NA	NA	NA	NA
NC_045512.2	23399	C	T	79193	21528	36	2	0	34	2.52535e-05	79197	1	FALSE	NA	NA	NA	NA	NA	NA
NC_045512.2	23399	C	A	79193	21528	36	2	0	34	2.52535e-05	79197	1	FALSE	NA	NA	NA	NA	NA	NA
NC_045512.2	23400	A	T	78710	21143	36	4	1	32	5.08033e-05	78735	1	FALSE	NA	NA	NA	NA	NA	NA
NC_045512.2	23400	A	G	78710	21143	36	20	8	37	0.000254017	78735	1	FALSE	NA	NA	NA	NA	NA	NA
NC_045512.2	23400	A	C	78710	21143	36	1	0	34	1.27008e-05	78735	1	FALSE	NA	NA	NA	NA	NA	NA
NC_045512.2	23401	G	T	81876	21170	36	4	0	34	4.88478e-05	81887	1	FALSE	NA	NA	NA	NA	NA	NA
NC_045512.2	23401	G	C	81876	21170	36	1	1	34	1.2212e-05	81887	1	FALSE	NA	NA	NA	NA	NA	NA
NC_045512.2	23401	G	A	81876	21170	36	6	1	32	7.32717e-05	81887	1	FALSE	NA	NA	NA	NA	NA	NA
NC_045512.2	23402	G	T	82774	21030	36	1	0	34	1.20809e-05	82775	1	FALSE	NA	NA	NA	NA	NA	NA
NC_045512.2	23403	A	G	21	7	36	83264	21149	36	0.999736	83286	0	TRUE	NA	NA	NA	NA	NA	NA
NC_045512.2	23403	A	C	21	7	36	1	0	34	1.20068e-05	83286	0.0219525	FALSE	NA	NA	NA	NA	NA	NA
NC_045512.2	23404	T	C	82533	20668	36	25	7	33	0.000302817	82558	1	FALSE	NA	NA	NA	NA	NA	NA
NC_045512.2	23405	G	T	79487	21557	36	2	1	30	2.51601e-05	79491	1	FALSE	NA	NA	NA	NA	NA	NA
NC_045512.2	23405	G	C	79487	21557	36	1	1	26	1.258e-05	79491	1	FALSE	NA	NA	NA	NA	NA	NA
NC_045512.2	23405	G	A	79487	21557	36	1	0	34	1.258e-05	79491	1	FALSE	NA	NA	NA	NA	NA	NA
NC_045512.2	23405	G	-T	79487	21557	36	1	0	20	1.258e-05	79491	1	FALSE	NA	NA	NA	NA	NA	NA
NC_045512.2	23406	T	C	79197	21563	36	2	0	30	2.52528e-05	79199	1	FALSE	NA	NA	NA	NA	NA	NA
NC_045512.2	23406	T	+TA	79197	21563	36	2	0	20	2.52525e-05	79200	1	FALSE	NA	NA	NA	NA	NA	NA
NC_045512.2	23407	T	C	79481	22969	36	17	8	39	0.000213842	79498	1	FALSE	NA	NA	NA	NA	NA	NA
NC_045512.2	23407	T	-A	79481	22969	36	3	0	20	3.77368e-05	79498	1	FALSE	NA	NA	NA	NA	NA	NA
NC_045512.2	23408	A	T	79500	23252	36	2	1	34	2.51531e-05	79513	1	FALSE	NA	NA	NA	NA	NA	NA
NC_045512.2	23408	A	G	79500	23252	36	10	7	37	0.000125766	79513	1	FALSE	NA	NA	NA	NA	NA	NA
NC_045512.2	23408	A	C	79500	23252	36	1	1	34	1.25766e-05	79513	1	FALSE	NA	NA	NA	NA	NA	NA
NC_045512.2	23409	A	T	78902	23384	36	1	0	34	1.2673e-05	78908	1	FALSE	NA	NA	NA	NA	NA	NA
NC_045512.2	23409	A	G	78902	23384	36	5	1	32	6.33649e-05	78908	1	FALSE	NA	NA	NA	NA	NA	NA
NC_045512.2	23409	A	-CTG	78902	23384	36	2	0	20	2.5346e-05	78908	1	FALSE	NA	NA	NA	NA	NA	NA
NC_045512.2	23410	C	T	79866	23495	36	9	3	52	0.000112669	79880	0.00195202	TRUE	NA	NA	NA	NA	NA	NA
NC_045512.2	23410	C	A	79866	23495	36	5	0	32	6.25939e-05	79880	1	FALSE	NA	NA	NA	NA	NA	NA
NC_045512.2	23411	T	G	77204	20864	36	1	0	26	1.29505e-05	77217	1	FALSE	NA	NA	NA	NA	NA	NA
NC_045512.2	23411	T	C	77204	20864	36	11	4	36	0.000142456	77217	1	FALSE	NA	NA	NA	NA	NA	NA
NC_045512.2	23411	T	A	77204	20864	36	1	1	34	1.29505e-05	77217	1	FALSE	NA	NA	NA	NA	NA	NA
NC_045512.2	23412	G	T	78640	20757	36	1	1	34	1.27134e-05	78657	1	FALSE	NA	NA	NA	NA	NA	NA
NC_045512.2	23412	G	C	78640	20757	36	3	1	34	3.81403e-05	78657	1	FALSE	NA	NA	NA	NA	NA	NA
NC_045512.2	23412	G	A	78640	20757	36	13	3	34	0.000165275	78657	1	FALSE	NA	NA	NA	NA	NA	NA
NC_045512.2	23413	C	T	78353	20826	36	2	0	34	2.55236e-05	78359	1	FALSE	NA	NA	NA	NA	NA	NA
NC_045512.2	23413	C	G	78353	20826	36	4	0	32	5.10471e-05	78359	1	FALSE	NA	NA	NA	NA	NA	NA
NC_045512.2	23413	C	-A	78353	20826	36	1	0	20	1.27618e-05	78359	1	FALSE	NA	NA	NA	NA	NA	NA
NC_045512.2	23414	A	T	78448	20655	36	2	0	30	2.54933e-05	78452	1	FALSE	NA	NA	NA	NA	NA	NA
NC_045512.2	23414	A	G	78448	20655	36	2	0	34	2.54933e-05	78452	1	FALSE	NA	NA	NA	NA	NA	NA
NC_045512.2	23415	C	T	78336	20683	36	8	2	38	0.000102106	78350	1	FALSE	NA	NA	NA	NA	NA	NA
NC_045512.2	23415	C	G	78336	20683	36	2	1	34	2.55265e-05	78350	1	FALSE	NA	NA	NA	NA	NA	NA
NC_045512.2	23415	C	A	78336	20683	36	4	3	34	5.1053e-05	78350	1	FALSE	NA	NA	NA	NA	NA	NA
NC_045512.2	23416	A	T	78011	20388	36	1	0	34	1.28159e-05	78028	1	FALSE	NA	NA	NA	NA	NA	NA
NC_045512.2	23416	A	G	78011	20388	36	16	5	36	0.000205055	78028	1	FALSE	NA	NA	NA	NA	NA	NA
NC_045512.2	23417	G	A	78769	20415	36	2	1	34	2.53901e-05	78771	1	FALSE	NA	NA	NA	NA	NA	NA
NC_045512.2	23418	A	T	82422	25371	37	1	1	34	1.21317e-05	82429	1	FALSE	NA	NA	NA	NA	NA	NA
NC_045512.2	23418	A	G	82422	25371	37	6	3	55	7.27899e-05	82429	0.0156236	FALSE	NA	NA	NA	NA	NA	NA
NC_045512.2	23419	A	T	81469	24800	37	1	0	34	1.22734e-05	81477	1	FALSE	NA	NA	NA	NA	NA	NA
NC_045512.2	23419	A	G	81469	24800	37	7	4	31	8.59138e-05	81477	1	FALSE	NA	NA	NA	NA	NA	NA
NC_045512.2	23420	G	T	75543	25655	37	3	2	34	3.97104e-05	75547	1	FALSE	NA	NA	NA	NA	NA	NA
NC_045512.2	23420	G	A	75543	25655	37	1	1	34	1.32368e-05	75547	1	FALSE	NA	NA	NA	NA	NA	NA
NC_045512.2	23421	T	C	73996	24945	37	6	3	38	8.10778e-05	74003	1	FALSE	NA	NA	NA	NA	NA	NA
NC_045512.2	23421	T	A	73996	24945	37	1	0	34	1.3513e-05	74003	1	FALSE	NA	NA	NA	NA	NA	NA
NC_045512.2	23422	C	G	76787	25007	36	1	0	27	1.30225e-05	76790	1	FALSE	NA	NA	NA	NA	NA	NA
NC_045512.2	23422	C	A	76787	25007	36	2	2	34	2.60451e-05	76790	1	FALSE	NA	NA	NA	NA	NA	NA
NC_045512.2	23423	C	T	76176	24904	36	1	0	34	1.31273e-05	76177	1	FALSE	NA	NA	NA	NA	NA	NA
NC_045512.2	23424	C	T	75866	25044	36	1	1	68	1.31797e-05	75874	0.49998	FALSE	NA	NA	NA	NA	NA	NA
NC_045512.2	23424	C	G	75866	25044	36	1	0	34	1.31797e-05	75874	1	FALSE	NA	NA	NA	NA	NA	NA
NC_045512.2	23424	C	A	75866	25044	36	6	0	34	7.90785e-05	75874	1	FALSE	NA	NA	NA	NA	NA	NA
NC_045512.2	23425	T	C	76826	26461	37	12	6	36	0.000156165	76842	1	FALSE	NA	NA	NA	NA	NA	NA
NC_045512.2	23425	T	A	76826	26461	37	4	1	32	5.20549e-05	76842	1	FALSE	NA	NA	NA	NA	NA	NA
NC_045512.2	23426	G	A	64263	22367	37	13321	4057	37	0.171698	77584	0	TRUE	NA	NA	NA	NA	NA	NA
NC_045512.2	23427	T	G	79574	28685	37	2	0	30	2.51319e-05	79580	1	FALSE	NA	NA	NA	NA	NA	NA
NC_045512.2	23427	T	C	79574	28685	37	4	1	40	5.02639e-05	79580	0.886723	FALSE	NA	NA	NA	NA	NA	NA
NC_045512.2	23428	T	G	84859	35177	38	13	0	30	0.000153159	84879	1	FALSE	NA	NA	NA	NA	NA	NA
NC_045512.2	23428	T	C	84859	35177	38	5	1	46	5.89074e-05	84879	0.866522	FALSE	NA	NA	NA	NA	NA	NA
NC_045512.2	23428	T	A	84859	35177	38	2	0	34	2.3563e-05	84879	1	FALSE	NA	NA	NA	NA	NA	NA
NC_045512.2	23429	G	T	84671	34920	38	1	1	34	1.1809e-05	84681	1	FALSE	NA	NA	NA	NA	NA	NA
NC_045512.2	23429	G	C	84671	34920	38	1	0	34	1.1809e-05	84681	1	FALSE	NA	NA	NA	NA	NA	NA
NC_045512.2	23429	G	A	84671	34920	38	8	1	41	9.44722e-05	84681	0.598186	FALSE	NA	NA	NA	NA	NA	NA
NC_045512.2	23430	C	T	84850	37474	38	15	10	38	0.000176741	84870	1	FALSE	NA	NA	NA	NA	NA	NA
NC_045512.2	23430	C	G	84850	37474	38	3	0	31	3.53482e-05	84870	1	FALSE	NA	NA	NA	NA	NA	NA
NC_045512.2	23430	C	A	84850	37474	38	2	1	34	2.35655e-05	84870	1	FALSE	NA	NA	NA	NA	NA	NA
NC_045512.2	23431	T	C	82680	35049	38	19	8	35	0.000229746	82700	1	FALSE	NA	NA	NA	NA	NA	NA
NC_045512.2	23431	T	A	82680	35049	38	1	1	34	1.20919e-05	82700	1	FALSE	NA	NA	NA	NA	NA	NA
NC_045512.2	23432	A	T	83107	35356	38	2	1	34	2.40639e-05	83112	1	FALSE	NA	NA	NA	NA	NA	NA
NC_045512.2	23432	A	G	83107	35356	38	3	0	34	3.60959e-05	83112	1	FALSE	NA	NA	NA	NA	NA	NA
NC_045512.2	23433	T	C	82743	35118	38	6	4	34	7.25084e-05	82749	1	FALSE	NA	NA	NA	NA	NA	NA
NC_045512.2	23434	T	C	82569	35338	38	6	5	34	7.26595e-05	82577	1	FALSE	NA	NA	NA	NA	NA	NA
NC_045512.2	23434	T	A	82569	35338	38	2	0	34	2.42198e-05	82577	1	FALSE	NA	NA	NA	NA	NA	NA
NC_045512.2	23435	C	T	81512	35190	38	2	2	30	2.45351e-05	81516	1	FALSE	NA	NA	NA	NA	NA	NA
NC_045512.2	23435	C	G	81512	35190	38	2	0	27	2.45351e-05	81516	1	FALSE	NA	NA	NA	NA	NA	NA
NC_045512.2	23436	A	T	82017	35660	38	3	1	34	3.65747e-05	82024	1	FALSE	NA	NA	NA	NA	NA	NA
NC_045512.2	23436	A	G	82017	35660	38	4	0	32	4.87662e-05	82024	1	FALSE	NA	NA	NA	NA	NA	NA
NC_045512.2	23437	T	G	82052	35681	38	1	0	34	1.21855e-05	82065	1	FALSE	NA	NA	NA	NA	NA	NA
NC_045512.2	23437	T	C	82052	35681	38	12	9	34	0.000146226	82065	1	FALSE	NA	NA	NA	NA	NA	NA
NC_045512.2	23438	G	T	81783	35521	38	3	2	42	3.66771e-05	81795	0.967278	FALSE	NA	NA	NA	NA	NA	NA
NC_045512.2	23438	G	C	81783	35521	38	1	0	34	1.22257e-05	81795	1	FALSE	NA	NA	NA	NA	NA	NA
NC_045512.2	23438	G	A	81783	35521	38	8	3	42	9.78055e-05	81795	0.598166	FALSE	NA	NA	NA	NA	NA	NA
NC_045512.2	23439	C	T	81837	35877	38	27	3	34	0.000329787	81871	1	FALSE	NA	NA	NA	NA	NA	NA
NC_045512.2	23439	C	G	81837	35877	38	3	0	34	3.6643e-05	81871	1	FALSE	NA	NA	NA	NA	NA	NA
NC_045512.2	23439	C	A	81837	35877	38	4	1	34	4.88573e-05	81871	1	FALSE	NA	NA	NA	NA	NA	NA
NC_045512.2	23440	A	T	81666	35469	38	1	0	26	1.22426e-05	81682	1	FALSE	NA	NA	NA	NA	NA	NA
NC_045512.2	23440	A	G	81666	35469	38	11	2	34	0.000134669	81682	1	FALSE	NA	NA	NA	NA	NA	NA
NC_045512.2	23440	A	C	81666	35469	38	4	0	68	4.89704e-05	81682	0.0624809	FALSE	NA	NA	NA	NA	NA	NA
NC_045512.2	23441	G	T	82982	35442	38	2	2	30	2.40993e-05	82990	1	FALSE	NA	NA	NA	NA	NA	NA
NC_045512.2	23441	G	A	82982	35442	38	6	2	37	7.22979e-05	82990	1	FALSE	NA	NA	NA	NA	NA	NA
NC_045512.2	23442	A	T	83089	35712	38	1	0	24	1.20335e-05	83101	1	FALSE	NA	NA	NA	NA	NA	NA
NC_045512.2	23442	A	G	83089	35712	38	10	4	39	0.000120335	83101	1	FALSE	NA	NA	NA	NA	NA	NA
NC_045512.2	23442	A	C	83089	35712	38	1	1	34	1.20335e-05	83101	1	FALSE	NA	NA	NA	NA	NA	NA
NC_045512.2	23443	T	C	85763	39363	38	5	2	30	5.82927e-05	85774	1	FALSE	NA	NA	NA	NA	NA	NA
NC_045512.2	23443	T	A	85763	39363	38	6	1	32	6.99513e-05	85774	1	FALSE	NA	NA	NA	NA	NA	NA
NC_045512.2	23443	T	-C	85763	39363	38	3	0	20	3.49756e-05	85774	1	FALSE	NA	NA	NA	NA	NA	NA
NC_045512.2	23444	C	T	84006	39784	38	4	0	34	4.76128e-05	84011	1	FALSE	NA	NA	NA	NA	NA	NA
NC_045512.2	23444	C	G	84006	39784	38	1	0	26	1.19032e-05	84011	1	FALSE	NA	NA	NA	NA	NA	NA
NC_045512.2	23445	A	T	84366	40062	38	2	1	30	2.36984e-05	84394	1	FALSE	NA	NA	NA	NA	NA	NA
NC_045512.2	23445	A	G	84366	40062	38	26	17	41	0.000308079	84394	0.00146598	TRUE	NA	NA	NA	NA	NA	NA
NC_045512.2	23446	A	T	84525	40315	38	3	2	45	3.5487e-05	84538	0.967277	FALSE	NA	NA	NA	NA	NA	NA
NC_045512.2	23446	A	G	84525	40315	38	10	3	40	0.00011829	84538	0.40724	FALSE	NA	NA	NA	NA	NA	NA
NC_045512.2	23447	C	T	84725	40836	38	1	0	60	1.18021e-05	84731	0.499988	FALSE	NA	NA	NA	NA	NA	NA
NC_045512.2	23447	C	G	84725	40836	38	1	0	27	1.18021e-05	84731	1	FALSE	NA	NA	NA	NA	NA	NA
NC_045512.2	23447	C	A	84725	40836	38	4	0	34	4.72082e-05	84731	1	FALSE	NA	NA	NA	NA	NA	NA
NC_045512.2	23448	T	C	84563	40672	38	10	6	37	0.000118241	84573	1	FALSE	NA	NA	NA	NA	NA	NA
NC_045512.2	23449	T	C	83699	40867	38	14	10	33	0.000167238	83713	1	FALSE	NA	NA	NA	NA	NA	NA
NC_045512.2	23450	A	G	71384	41540	37	1	0	34	1.40085e-05	71385	1	FALSE	NA	NA	NA	NA	NA	NA
NC_045512.2	23451	C	T	71384	43458	37	3	3	34	4.20239e-05	71388	1	FALSE	NA	NA	NA	NA	NA	NA
NC_045512.2	23451	C	G	71384	43458	37	1	1	68	1.4008e-05	71388	0.499993	FALSE	NA	NA	NA	NA	NA	NA
NC_045512.2	23451	C	-T	71384	43458	37	1	0	20	1.4008e-05	71388	1	FALSE	NA	NA	NA	NA	NA	NA
NC_045512.2	23452	T	G	71447	43508	37	1	0	34	1.3995e-05	71454	1	FALSE	NA	NA	NA	NA	NA	NA
NC_045512.2	23452	T	C	71447	43508	37	6	5	39	8.39701e-05	71454	1	FALSE	NA	NA	NA	NA	NA	NA
NC_045512.2	23453	C	G	72723	45079	37	1	1	68	1.37506e-05	72724	0.500003	FALSE	NA	NA	NA	NA	NA	NA
NC_045512.2	23454	C	T	72322	44792	37	1	0	34	1.38267e-05	72324	1	FALSE	NA	NA	NA	NA	NA	NA
NC_045512.2	23454	C	A	72322	44792	37	1	0	34	1.38267e-05	72324	1	FALSE	NA	NA	NA	NA	NA	NA
NC_045512.2	23454	C	-T	72322	44792	37	1	0	20	1.38267e-05	72324	1	FALSE	NA	NA	NA	NA	NA	NA
NC_045512.2	23455	T	C	71834	44041	37	3	0	34	4.17612e-05	71837	1	FALSE	NA	NA	NA	NA	NA	NA
NC_045512.2	23456	A	G	73274	45719	37	6	3	39	8.18777e-05	73280	1	FALSE	NA	NA	NA	NA	NA	NA
NC_045512.2	23457	C	T	90264	65118	38	2	2	34	2.21567e-05	90266	1	FALSE	NA	NA	NA	NA	NA	NA
NC_045512.2	23458	T	G	80440	55296	36	3	3	28	3.72921e-05	80446	1	FALSE	NA	NA	NA	NA	NA	NA
NC_045512.2	23458	T	C	80440	55296	36	3	2	34	3.72921e-05	80446	1	FALSE	NA	NA	NA	NA	NA	NA
NC_045512.2	23459	T	G	89905	64910	38	3	2	31	3.33637e-05	89918	1	FALSE	NA	NA	NA	NA	NA	NA
NC_045512.2	23459	T	C	89905	64910	38	8	7	34	8.897e-05	89918	1	FALSE	NA	NA	NA	NA	NA	NA
NC_045512.2	23459	T	A	89905	64910	38	2	2	34	2.22425e-05	89918	1	FALSE	NA	NA	NA	NA	NA	NA
NC_045512.2	23460	G	A	89153	64177	38	2	1	34	2.24328e-05	89155	1	FALSE	NA	NA	NA	NA	NA	NA
NC_045512.2	23461	G	C	89360	64622	38	2	2	30	2.23796e-05	89367	1	FALSE	NA	NA	NA	NA	NA	NA
NC_045512.2	23461	G	A	89360	64622	38	5	3	40	5.59491e-05	89367	0.866582	FALSE	NA	NA	NA	NA	NA	NA
NC_045512.2	23462	C	T	90025	65507	38	14	12	34	0.000155486	90040	1	FALSE	NA	NA	NA	NA	NA	NA
NC_045512.2	23462	C	G	90025	65507	38	1	1	26	1.11062e-05	90040	1	FALSE	NA	NA	NA	NA	NA	NA
NC_045512.2	23463	G	T	90351	65724	38	1	1	34	1.10655e-05	90371	1	FALSE	NA	NA	NA	NA	NA	NA
NC_045512.2	23463	G	A	90351	65724	38	19	14	44	0.000210244	90371	0.0435671	FALSE	NA	NA	NA	NA	NA	NA
NC_045512.2	23464	T	G	89112	64651	38	1	1	34	1.12204e-05	89123	1	FALSE	NA	NA	NA	NA	NA	NA
NC_045512.2	23464	T	C	89112	64651	38	9	7	36	0.000100984	89123	1	FALSE	NA	NA	NA	NA	NA	NA
NC_045512.2	23464	T	A	89112	64651	38	1	1	34	1.12204e-05	89123	1	FALSE	NA	NA	NA	NA	NA	NA
NC_045512.2	23464	T	+G	89112	64651	38	18	0	20	0.000201968	89123	1	FALSE	NA	NA	NA	NA	NA	NA
NC_045512.2	23465	G	T	88150	64681	38	1	1	34	1.13426e-05	88163	1	FALSE	NA	NA	NA	NA	NA	NA
NC_045512.2	23465	G	A	88150	64681	38	12	6	34	0.000136112	88163	1	FALSE	NA	NA	NA	NA	NA	NA
NC_045512.2	23465	G	-T	88150	64681	38	1	0	20	1.13426e-05	88163	1	FALSE	NA	NA	NA	NA	NA	NA
NC_045512.2	23466	T	C	85285	62043	37	12	9	50	0.000140683	85298	0.000244029	TRUE	NA	NA	NA	NA	NA	NA
NC_045512.2	23466	T	A	85285	62043	37	1	0	34	1.17236e-05	85298	1	FALSE	NA	NA	NA	NA	NA	NA
NC_045512.2	23467	T	G	89203	65807	38	1	1	34	1.12084e-05	89219	1	FALSE	NA	NA	NA	NA	NA	NA
NC_045512.2	23467	T	C	89203	65807	38	15	13	36	0.000168126	89219	1	FALSE	NA	NA	NA	NA	NA	NA
NC_045512.2	23468	T	G	88345	65407	38	1	0	68	1.13163e-05	88368	0.499941	FALSE	NA	NA	NA	NA	NA	NA
NC_045512.2	23468	T	C	88345	65407	38	17	10	38	0.000192377	88368	1	FALSE	NA	NA	NA	NA	NA	NA
NC_045512.2	23468	T	A	88345	65407	38	5	5	30	5.65816e-05	88368	1	FALSE	NA	NA	NA	NA	NA	NA
NC_045512.2	23469	A	T	89207	66403	38	3	2	34	3.3627e-05	89214	1	FALSE	NA	NA	NA	NA	NA	NA
NC_045512.2	23469	A	G	89207	66403	38	3	2	45	3.3627e-05	89214	0.967285	FALSE	NA	NA	NA	NA	NA	NA
NC_045512.2	23469	A	C	89207	66403	38	1	1	34	1.1209e-05	89214	1	FALSE	NA	NA	NA	NA	NA	NA
NC_045512.2	23470	T	C	92317	69782	38	10	8	36	0.00010831	92328	1	FALSE	NA	NA	NA	NA	NA	NA
NC_045512.2	23470	T	A	92317	69782	38	1	1	34	1.0831e-05	92328	1	FALSE	NA	NA	NA	NA	NA	NA
NC_045512.2	23471	T	C	92193	69659	38	8	7	42	8.6766e-05	92202	0.685479	FALSE	NA	NA	NA	NA	NA	NA
NC_045512.2	23471	T	A	92193	69659	38	1	1	26	1.08458e-05	92202	1	FALSE	NA	NA	NA	NA	NA	NA
NC_045512.2	23472	C	T	91170	70483	38	1	0	68	1.09678e-05	91176	0.499989	FALSE	NA	NA	NA	NA	NA	NA
NC_045512.2	23472	C	G	91170	70483	38	1	0	26	1.09678e-05	91176	1	FALSE	NA	NA	NA	NA	NA	NA
NC_045512.2	23472	C	A	91170	70483	38	4	3	32	4.38712e-05	91176	1	FALSE	NA	NA	NA	NA	NA	NA
NC_045512.2	23473	T	C	90146	69353	38	6	4	39	6.65543e-05	90152	1	FALSE	NA	NA	NA	NA	NA	NA
NC_045512.2	23474	A	T	90045	69276	38	4	4	42	4.44168e-05	90056	0.953852	FALSE	NA	NA	NA	NA	NA	NA
NC_045512.2	23474	A	G	90045	69276	38	5	5	34	5.5521e-05	90056	1	FALSE	NA	NA	NA	NA	NA	NA
NC_045512.2	23474	A	C	90045	69276	38	2	2	34	2.22084e-05	90056	1	FALSE	NA	NA	NA	NA	NA	NA
NC_045512.2	23475	C	G	89920	69238	38	1	1	34	1.11206e-05	89923	1	FALSE	NA	NA	NA	NA	NA	NA
NC_045512.2	23475	C	A	89920	69238	38	2	2	34	2.22413e-05	89923	1	FALSE	NA	NA	NA	NA	NA	NA
NC_045512.2	23476	A	T	89561	68875	38	1	1	34	1.11641e-05	89573	1	FALSE	NA	NA	NA	NA	NA	NA
NC_045512.2	23476	A	G	89561	68875	38	11	9	35	0.000122805	89573	1	FALSE	NA	NA	NA	NA	NA	NA
NC_045512.2	23477	G	T	89449	68601	38	2	2	34	2.23579e-05	89454	1	FALSE	NA	NA	NA	NA	NA	NA
NC_045512.2	23477	G	C	89449	68601	38	2	2	34	2.23579e-05	89454	1	FALSE	NA	NA	NA	NA	NA	NA
NC_045512.2	23477	G	A	89449	68601	38	1	1	34	1.11789e-05	89454	1	FALSE	NA	NA	NA	NA	NA	NA
NC_045512.2	23478	G	T	96131	75400	38	1	1	26	1.03994e-05	96159	1	FALSE	NA	NA	NA	NA	NA	NA
NC_045512.2	23478	G	C	96131	75400	38	14	14	32	0.000145592	96159	1	FALSE	NA	NA	NA	NA	NA	NA
NC_045512.2	23478	G	A	96131	75400	38	13	9	34	0.000135193	96159	1	FALSE	NA	NA	NA	NA	NA	NA
NC_045512.2	23479	T	G	96141	75451	38	1	1	26	1.03996e-05	96158	1	FALSE	NA	NA	NA	NA	NA	NA
NC_045512.2	23479	T	C	96141	75451	38	16	8	41	0.000166393	96158	0.114746	FALSE	NA	NA	NA	NA	NA	NA
NC_045512.2	23480	T	G	96668	75959	38	1	0	34	1.03436e-05	96678	1	FALSE	NA	NA	NA	NA	NA	NA
NC_045512.2	23480	T	C	96668	75959	38	7	5	34	7.24053e-05	96678	1	FALSE	NA	NA	NA	NA	NA	NA
NC_045512.2	23480	T	A	96668	75959	38	2	2	30	2.06872e-05	96678	1	FALSE	NA	NA	NA	NA	NA	NA
NC_045512.2	23481	C	G	96307	75868	38	3	1	29	3.11491e-05	96311	1	FALSE	NA	NA	NA	NA	NA	NA
NC_045512.2	23481	C	A	96307	75868	38	1	1	34	1.0383e-05	96311	1	FALSE	NA	NA	NA	NA	NA	NA
NC_045512.2	23482	T	C	95787	75315	38	22	16	38	0.000229621	95810	1	FALSE	NA	NA	NA	NA	NA	NA
NC_045512.2	23482	T	A	95787	75315	38	1	1	34	1.04373e-05	95810	1	FALSE	NA	NA	NA	NA	NA	NA
NC_045512.2	23483	A	T	96309	75816	38	2	2	51	2.07635e-05	96323	0.24997	FALSE	NA	NA	NA	NA	NA	NA
NC_045512.2	23483	A	G	96309	75816	38	11	7	38	0.000114199	96323	1	FALSE	NA	NA	NA	NA	NA	NA
NC_045512.2	23483	A	C	96309	75816	38	1	1	34	1.03817e-05	96323	1	FALSE	NA	NA	NA	NA	NA	NA
NC_045512.2	23484	A	G	96304	76017	38	3	3	34	3.11504e-05	96307	1	FALSE	NA	NA	NA	NA	NA	NA
NC_045512.2	23485	T	C	97230	77518	38	6	4	38	6.17043e-05	97238	1	FALSE	NA	NA	NA	NA	NA	NA
NC_045512.2	23485	T	A	97230	77518	38	2	0	27	2.05681e-05	97238	1	FALSE	NA	NA	NA	NA	NA	NA
NC_045512.2	23486	G	T	97091	77661	38	2	2	34	2.05986e-05	97094	1	FALSE	NA	NA	NA	NA	NA	NA
NC_045512.2	23486	G	C	97091	77661	38	1	1	34	1.02993e-05	97094	1	FALSE	NA	NA	NA	NA	NA	NA
NC_045512.2	23486	G	-T	97091	77661	38	1	0	20	1.02993e-05	97094	1	FALSE	NA	NA	NA	NA	NA	NA
NC_045512.2	23486	G	+T	97091	77661	38	1	0	20	1.02993e-05	97094	1	FALSE	NA	NA	NA	NA	NA	NA
NC_045512.2	23487	T	G	95137	75813	37	1	1	34	1.05103e-05	95145	1	FALSE	NA	NA	NA	NA	NA	NA
NC_045512.2	23487	T	C	95137	75813	37	7	6	35	7.35719e-05	95145	1	FALSE	NA	NA	NA	NA	NA	NA
NC_045512.2	23488	T	C	96346	77111	38	4	3	42	4.15153e-05	96350	0.953865	FALSE	NA	NA	NA	NA	NA	NA
NC_045512.2	23489	T	C	97048	77868	38	12	9	36	0.000123635	97060	1	FALSE	NA	NA	NA	NA	NA	NA
NC_045512.2	23490	T	C	96625	77449	38	11	9	37	0.000113828	96637	1	FALSE	NA	NA	NA	NA	NA	NA
NC_045512.2	23490	T	A	96625	77449	38	1	1	34	1.0348e-05	96637	1	FALSE	NA	NA	NA	NA	NA	NA
NC_045512.2	23491	T	G	96765	78597	38	1	0	34	1.03323e-05	96784	1	FALSE	NA	NA	NA	NA	NA	NA
NC_045512.2	23491	T	C	96765	78597	38	18	17	32	0.000185981	96784	1	FALSE	NA	NA	NA	NA	NA	NA
NC_045512.2	23492	C	T	96542	78615	38	2	1	30	2.07157e-05	96545	1	FALSE	NA	NA	NA	NA	NA	NA
NC_045512.2	23492	C	A	96542	78615	38	1	1	34	1.03579e-05	96545	1	FALSE	NA	NA	NA	NA	NA	NA
NC_045512.2	23493	A	T	96567	78470	38	6	5	34	6.2115e-05	96595	1	FALSE	NA	NA	NA	NA	NA	NA
NC_045512.2	23493	A	G	96567	78470	38	22	17	40	0.000227755	96595	0.0147129	FALSE	NA	NA	NA	NA	NA	NA
NC_045512.2	23494	A	T	96120	78401	38	2	2	40	2.07874e-05	96212	0.994117	FALSE	NA	NA	NA	NA	NA	NA
NC_045512.2	23494	A	G	96120	78401	38	90	77	39	0.000935434	96212	0.696119	FALSE	NA	NA	NA	NA	NA	NA
NC_045512.2	23495	A	T	97447	81168	37	1	1	34	1.02602e-05	97464	1	FALSE	NA	NA	NA	NA	NA	NA
NC_045512.2	23495	A	G	97447	81168	37	13	9	38	0.000133383	97464	1	FALSE	NA	NA	NA	NA	NA	NA
NC_045512.2	23495	A	C	97447	81168	37	3	3	45	3.07806e-05	97464	0.980705	FALSE	NA	NA	NA	NA	NA	NA
NC_045512.2	23496	C	T	98284	81629	37	12	12	34	0.000122078	98298	1	FALSE	NA	NA	NA	NA	NA	NA
NC_045512.2	23496	C	G	98284	81629	37	1	1	34	1.01731e-05	98298	1	FALSE	NA	NA	NA	NA	NA	NA
NC_045512.2	23496	C	A	98284	81629	37	1	1	34	1.01731e-05	98298	1	FALSE	NA	NA	NA	NA	NA	NA
NC_045512.2	23497	A	T	98041	81278	37	2	2	30	2.03988e-05	98045	1	FALSE	NA	NA	NA	NA	NA	NA
NC_045512.2	23497	A	G	98041	81278	37	2	2	51	2.03988e-05	98045	0.249996	FALSE	NA	NA	NA	NA	NA	NA
NC_045512.2	23498	C	T	98531	81459	37	14	14	33	0.000142063	98548	1	FALSE	NA	NA	NA	NA	NA	NA
NC_045512.2	23498	C	G	98531	81459	37	1	1	34	1.01473e-05	98548	1	FALSE	NA	NA	NA	NA	NA	NA
NC_045512.2	23498	C	A	98531	81459	37	2	2	34	2.02947e-05	98548	1	FALSE	NA	NA	NA	NA	NA	NA
NC_045512.2	23499	G	A	98593	81604	37	11	8	40	0.000111557	98604	0.411906	FALSE	NA	NA	NA	NA	NA	NA
NC_045512.2	23500	T	C	98521	81460	37	3	3	34	3.04485e-05	98527	1	FALSE	NA	NA	NA	NA	NA	NA
NC_045512.2	23500	T	A	98521	81460	37	3	3	34	3.04485e-05	98527	1	FALSE	NA	NA	NA	NA	NA	NA
NC_045512.2	23501	G	C	98740	81675	38	1	1	34	1.01267e-05	98749	1	FALSE	NA	NA	NA	NA	NA	NA
NC_045512.2	23501	G	A	98740	81675	38	8	8	34	8.10135e-05	98749	1	FALSE	NA	NA	NA	NA	NA	NA
NC_045512.2	23502	C	T	102382	88970	37	8	4	34	7.81258e-05	102399	1	FALSE	NA	NA	NA	NA	NA	NA
NC_045512.2	23502	C	G	102382	88970	37	2	2	30	1.95314e-05	102399	1	FALSE	NA	NA	NA	NA	NA	NA
NC_045512.2	23502	C	A	102382	88970	37	7	5	34	6.836e-05	102399	1	FALSE	NA	NA	NA	NA	NA	NA
NC_045512.2	23503	A	T	102253	88986	37	2	2	34	1.95561e-05	102270	1	FALSE	NA	NA	NA	NA	NA	NA
NC_045512.2	23503	A	G	102253	88986	37	15	14	37	0.000146671	102270	1	FALSE	NA	NA	NA	NA	NA	NA
NC_045512.2	23503	A	+GGCT	102253	88986	37	1	0	20	9.77804e-06	102270	1	FALSE	NA	NA	NA	NA	NA	NA
NC_045512.2	23504	G	T	102240	88909	37	3	3	34	2.93407e-05	102247	1	FALSE	NA	NA	NA	NA	NA	NA
NC_045512.2	23504	G	C	102240	88909	37	2	2	30	1.95605e-05	102247	1	FALSE	NA	NA	NA	NA	NA	NA
NC_045512.2	23504	G	A	102240	88909	37	2	2	34	1.95605e-05	102247	1	FALSE	NA	NA	NA	NA	NA	NA
NC_045512.2	23505	G	T	101871	88553	37	3	3	34	2.94441e-05	101888	1	FALSE	NA	NA	NA	NA	NA	NA
NC_045512.2	23505	G	C	101871	88553	37	1	1	34	9.8147e-06	101888	1	FALSE	NA	NA	NA	NA	NA	NA
NC_045512.2	23505	G	A	101871	88553	37	13	7	36	0.000127591	101888	1	FALSE	NA	NA	NA	NA	NA	NA
NC_045512.2	23506	C	T	102490	89905	37	11	11	36	0.000107314	102503	1	FALSE	NA	NA	NA	NA	NA	NA
NC_045512.2	23506	C	A	102490	89905	37	2	2	34	1.95116e-05	102503	1	FALSE	NA	NA	NA	NA	NA	NA
NC_045512.2	23507	T	C	101186	88660	37	13	12	36	0.00012846	101199	1	FALSE	NA	NA	NA	NA	NA	NA
NC_045512.2	23508	G	C	102131	88265	37	3	3	31	2.93729e-05	102135	1	FALSE	NA	NA	NA	NA	NA	NA
NC_045512.2	23508	G	A	102131	88265	37	1	1	34	9.79096e-06	102135	1	FALSE	NA	NA	NA	NA	NA	NA
NC_045512.2	23509	T	C	97902	84095	36	11	7	35	0.000112345	97913	1	FALSE	NA	NA	NA	NA	NA	NA
NC_045512.2	23510	T	C	101820	88006	37	4	1	37	3.92835e-05	101824	1	FALSE	NA	NA	NA	NA	NA	NA
NC_045512.2	23511	T	C	102073	88919	37	3	3	34	2.9389e-05	102079	1	FALSE	NA	NA	NA	NA	NA	NA
NC_045512.2	23511	T	A	102073	88919	37	3	2	39	2.9389e-05	102079	1	FALSE	NA	NA	NA	NA	NA	NA
NC_045512.2	23512	A	T	102065	88909	37	1	1	34	9.79595e-06	102083	1	FALSE	NA	NA	NA	NA	NA	NA
NC_045512.2	23512	A	G	102065	88909	37	17	17	33	0.000166531	102083	1	FALSE	NA	NA	NA	NA	NA	NA
NC_045512.2	23513	A	T	101634	89447	36	2	2	30	1.96773e-05	101640	1	FALSE	NA	NA	NA	NA	NA	NA
NC_045512.2	23513	A	G	101634	89447	36	4	4	34	3.93546e-05	101640	1	FALSE	NA	NA	NA	NA	NA	NA
NC_045512.2	23514	T	C	101638	89399	36	7	7	34	6.88671e-05	101645	1	FALSE	NA	NA	NA	NA	NA	NA
NC_045512.2	23515	A	T	100096	88192	36	5	5	30	4.99426e-05	100115	1	FALSE	NA	NA	NA	NA	NA	NA
NC_045512.2	23515	A	G	100096	88192	36	14	14	34	0.000139839	100115	1	FALSE	NA	NA	NA	NA	NA	NA
NC_045512.2	23516	G	T	100217	88214	36	11	11	32	0.000109739	100238	1	FALSE	NA	NA	NA	NA	NA	NA
NC_045512.2	23516	G	C	100217	88214	36	6	6	32	5.98575e-05	100238	1	FALSE	NA	NA	NA	NA	NA	NA
NC_045512.2	23516	G	A	100217	88214	36	4	4	42	3.9905e-05	100238	0.971298	FALSE	NA	NA	NA	NA	NA	NA
NC_045512.2	23517	G	T	95722	83451	36	2	2	26	2.08923e-05	95729	1	FALSE	NA	NA	NA	NA	NA	NA
NC_045512.2	23517	G	C	95722	83451	36	2	2	34	2.08923e-05	95729	1	FALSE	NA	NA	NA	NA	NA	NA
NC_045512.2	23517	G	A	95722	83451	36	3	2	30	3.13385e-05	95729	1	FALSE	NA	NA	NA	NA	NA	NA
NC_045512.2	23518	G	T	95772	83955	36	2	2	26	2.08818e-05	95777	1	FALSE	NA	NA	NA	NA	NA	NA
NC_045512.2	23518	G	C	95772	83955	36	2	2	30	2.08818e-05	95777	1	FALSE	NA	NA	NA	NA	NA	NA
NC_045512.2	23518	G	A	95772	83955	36	1	0	68	1.04409e-05	95777	0.499992	FALSE	NA	NA	NA	NA	NA	NA
NC_045512.2	23519	G	T	95681	83862	36	3	3	34	3.1347e-05	95703	1	FALSE	NA	NA	NA	NA	NA	NA
NC_045512.2	23519	G	A	95681	83862	36	19	17	37	0.000198531	95703	1	FALSE	NA	NA	NA	NA	NA	NA
NC_045512.2	23520	C	T	98388	89291	36	1	1	26	1.016e-05	98425	1	FALSE	NA	NA	NA	NA	NA	NA
NC_045512.2	23520	C	G	98388	89291	36	1	1	34	1.016e-05	98425	1	FALSE	NA	NA	NA	NA	NA	NA
NC_045512.2	23520	C	A	98388	89291	36	35	31	35	0.000355601	98425	1	FALSE	NA	NA	NA	NA	NA	NA
NC_045512.2	23521	T	G	99366	90367	36	1	1	34	1.00595e-05	99409	1	FALSE	NA	NA	NA	NA	NA	NA
NC_045512.2	23521	T	C	99366	90367	36	41	31	38	0.000412438	99409	1	FALSE	NA	NA	NA	NA	NA	NA
NC_045512.2	23521	T	A	99366	90367	36	1	1	34	1.00595e-05	99409	1	FALSE	NA	NA	NA	NA	NA	NA
NC_045512.2	23522	G	T	99686	90427	36	8	8	34	8.02327e-05	99710	1	FALSE	NA	NA	NA	NA	NA	NA
NC_045512.2	23522	G	C	99686	90427	36	7	7	34	7.02036e-05	99710	1	FALSE	NA	NA	NA	NA	NA	NA
NC_045512.2	23522	G	A	99686	90427	36	9	9	33	9.02618e-05	99710	1	FALSE	NA	NA	NA	NA	NA	NA
NC_045512.2	23523	A	T	102162	93172	36	1	0	34	9.78761e-06	102170	1	FALSE	NA	NA	NA	NA	NA	NA
NC_045512.2	23523	A	G	102162	93172	36	7	7	34	6.85133e-05	102170	1	FALSE	NA	NA	NA	NA	NA	NA
NC_045512.2	23524	A	T	104936	96304	36	1	1	26	9.52916e-06	104941	1	FALSE	NA	NA	NA	NA	NA	NA
NC_045512.2	23524	A	G	104936	96304	36	4	4	34	3.81167e-05	104941	1	FALSE	NA	NA	NA	NA	NA	NA
NC_045512.2	23525	C	T	9	8	37	111626	103907	36	0.999901	111637	0	TRUE	NA	NA	NA	NA	NA	NA
NC_045512.2	23525	C	G	9	8	37	1	1	34	8.9576e-06	111637	0.00998694	TRUE	NA	NA	NA	NA	NA	NA
NC_045512.2	23525	C	A	9	8	37	1	1	34	8.9576e-06	111637	0.00998694	TRUE	NA	NA	NA	NA	NA	NA
NC_045512.2	23526	A	T	113884	106825	36	1	1	34	8.77948e-06	113902	1	FALSE	NA	NA	NA	NA	NA	NA
NC_045512.2	23526	A	G	113884	106825	36	16	15	34	0.000140472	113902	1	FALSE	NA	NA	NA	NA	NA	NA
NC_045512.2	23526	A	C	113884	106825	36	1	1	34	8.77948e-06	113902	1	FALSE	NA	NA	NA	NA	NA	NA
NC_045512.2	23527	T	C	116481	110136	36	7	7	34	6.0092e-05	116488	1	FALSE	NA	NA	NA	NA	NA	NA
NC_045512.2	23528	G	T	116252	110001	37	2	2	32	1.72022e-05	116264	1	FALSE	NA	NA	NA	NA	NA	NA
NC_045512.2	23528	G	C	116252	110001	37	1	1	34	8.60111e-06	116264	1	FALSE	NA	NA	NA	NA	NA	NA
NC_045512.2	23528	G	A	116252	110001	37	9	8	41	7.741e-05	116264	0.748275	FALSE	NA	NA	NA	NA	NA	NA
NC_045512.2	23529	T	G	108432	102287	37	1	1	26	9.21939e-06	108467	1	FALSE	NA	NA	NA	NA	NA	NA
NC_045512.2	23529	T	C	108432	102287	37	32	31	35	0.000295021	108467	1	FALSE	NA	NA	NA	NA	NA	NA
NC_045512.2	23529	T	A	108432	102287	37	2	2	34	1.84388e-05	108467	1	FALSE	NA	NA	NA	NA	NA	NA
NC_045512.2	23529	T	-C	108432	102287	37	1	0	20	9.21939e-06	108467	1	FALSE	NA	NA	NA	NA	NA	NA
NC_045512.2	23530	C	T	107253	101218	37	2	1	51	1.86468e-05	107257	0.499993	FALSE	NA	NA	NA	NA	NA	NA
NC_045512.2	23530	C	G	107253	101218	37	1	1	34	9.3234e-06	107257	1	FALSE	NA	NA	NA	NA	NA	NA
NC_045512.2	23530	C	A	107253	101218	37	1	1	34	9.3234e-06	107257	1	FALSE	NA	NA	NA	NA	NA	NA
NC_045512.2	23531	A	T	105566	99550	37	1	1	34	9.47131e-06	105582	1	FALSE	NA	NA	NA	NA	NA	NA
NC_045512.2	23531	A	G	105566	99550	37	15	14	40	0.00014207	105582	0.212164	FALSE	NA	NA	NA	NA	NA	NA
NC_045512.2	23532	A	T	105599	99792	36	1	1	34	9.4688e-06	105610	1	FALSE	NA	NA	NA	NA	NA	NA
NC_045512.2	23532	A	G	105599	99792	36	8	8	33	7.57504e-05	105610	1	FALSE	NA	NA	NA	NA	NA	NA
NC_045512.2	23532	A	C	105599	99792	36	2	2	30	1.89376e-05	105610	1	FALSE	NA	NA	NA	NA	NA	NA
NC_045512.2	23533	C	T	105690	99876	37	11	8	49	0.000104065	105703	0.499991	FALSE	NA	NA	NA	NA	NA	NA
NC_045512.2	23533	C	G	105690	99876	37	1	1	34	9.46047e-06	105703	1	FALSE	NA	NA	NA	NA	NA	NA
NC_045512.2	23533	C	A	105690	99876	37	1	1	34	9.46047e-06	105703	1	FALSE	NA	NA	NA	NA	NA	NA
NC_045512.2	23534	A	T	104851	99053	37	1	1	24	9.53689e-06	104856	1	FALSE	NA	NA	NA	NA	NA	NA
NC_045512.2	23534	A	G	104851	99053	37	4	4	34	3.81476e-05	104856	1	FALSE	NA	NA	NA	NA	NA	NA
NC_045512.2	23534	A	-ACTCATATGAGTGTGACATACCCATTG	104851	99053	37	2	0	20	1.90738e-05	104856	1	FALSE	NA	NA	NA	NA	NA	NA
NC_045512.2	23535	A	T	105029	99214	37	3	3	34	2.85611e-05	105038	1	FALSE	NA	NA	NA	NA	NA	NA
NC_045512.2	23535	A	G	105029	99214	37	6	6	32	5.71222e-05	105038	1	FALSE	NA	NA	NA	NA	NA	NA
NC_045512.2	23536	C	T	105331	99614	37	2	1	51	1.8987e-05	105335	0.499989	FALSE	NA	NA	NA	NA	NA	NA
NC_045512.2	23536	C	A	105331	99614	37	2	2	34	1.8987e-05	105335	1	FALSE	NA	NA	NA	NA	NA	NA
NC_045512.2	23536	C	-T	105331	99614	37	2	0	20	1.89867e-05	105337	1	FALSE	NA	NA	NA	NA	NA	NA
NC_045512.2	23537	T	C	104139	98431	37	11	11	34	0.000105617	104150	1	FALSE	NA	NA	NA	NA	NA	NA
NC_045512.2	23538	C	T	104345	98654	37	8	8	37	7.66599e-05	104357	1	FALSE	NA	NA	NA	NA	NA	NA
NC_045512.2	23538	C	G	104345	98654	37	3	3	31	2.87475e-05	104357	1	FALSE	NA	NA	NA	NA	NA	NA
NC_045512.2	23538	C	A	104345	98654	37	1	0	27	9.58249e-06	104357	1	FALSE	NA	NA	NA	NA	NA	NA
NC_045512.2	23538	C	-ATATGAGTGTGACATACCCATTG	104345	98654	37	1	0	20	9.58231e-06	104359	1	FALSE	NA	NA	NA	NA	NA	NA
NC_045512.2	23539	A	T	103977	98319	37	1	1	26	9.61714e-06	103981	1	FALSE	NA	NA	NA	NA	NA	NA
NC_045512.2	23539	A	G	103977	98319	37	3	3	34	2.88514e-05	103981	1	FALSE	NA	NA	NA	NA	NA	NA
NC_045512.2	23540	T	C	103370	97780	36	8	7	33	7.73837e-05	103381	1	FALSE	NA	NA	NA	NA	NA	NA
NC_045512.2	23540	T	A	103370	97780	36	3	3	34	2.90189e-05	103381	1	FALSE	NA	NA	NA	NA	NA	NA
NC_045512.2	23541	A	T	104023	98514	37	1	1	34	9.61215e-06	104035	1	FALSE	NA	NA	NA	NA	NA	NA
NC_045512.2	23541	A	G	104023	98514	37	7	7	34	6.7285e-05	104035	1	FALSE	NA	NA	NA	NA	NA	NA
NC_045512.2	23541	A	C	104023	98514	37	4	4	34	3.84486e-05	104035	1	FALSE	NA	NA	NA	NA	NA	NA
NC_045512.2	23542	T	G	102501	97629	36	1	0	24	9.75467e-06	102515	1	FALSE	NA	NA	NA	NA	NA	NA
NC_045512.2	23542	T	C	102501	97629	36	11	10	34	0.000107301	102515	1	FALSE	NA	NA	NA	NA	NA	NA
NC_045512.2	23542	T	A	102501	97629	36	2	2	34	1.95093e-05	102515	1	FALSE	NA	NA	NA	NA	NA	NA
NC_045512.2	23543	G	T	103739	98867	36	5	5	34	4.81928e-05	103750	1	FALSE	NA	NA	NA	NA	NA	NA
NC_045512.2	23543	G	C	103739	98867	36	2	2	34	1.92771e-05	103750	1	FALSE	NA	NA	NA	NA	NA	NA
NC_045512.2	23543	G	A	103739	98867	36	4	4	32	3.85542e-05	103750	1	FALSE	NA	NA	NA	NA	NA	NA
NC_045512.2	23543	G	+AGTGTGACATACC	103739	98867	36	1	0	20	9.63828e-06	103753	1	FALSE	NA	NA	NA	NA	NA	NA
NC_045512.2	23544	A	T	99148	94319	36	5	5	34	5.0419e-05	99169	1	FALSE	NA	NA	NA	NA	NA	NA
NC_045512.2	23544	A	G	99148	94319	36	16	15	38	0.000161341	99169	1	FALSE	NA	NA	NA	NA	NA	NA
NC_045512.2	23544	A	-GT	99148	94319	36	1	0	20	1.00835e-05	99172	1	FALSE	NA	NA	NA	NA	NA	NA
NC_045512.2	23545	G	T	99052	94228	36	3	3	34	3.02841e-05	99062	1	FALSE	NA	NA	NA	NA	NA	NA
NC_045512.2	23545	G	C	99052	94228	36	3	3	34	3.02841e-05	99062	1	FALSE	NA	NA	NA	NA	NA	NA
NC_045512.2	23545	G	A	99052	94228	36	4	4	34	4.03788e-05	99062	1	FALSE	NA	NA	NA	NA	NA	NA
NC_045512.2	23545	G	-TGTGACATACCCAT	99052	94228	36	4	0	20	4.03771e-05	99066	1	FALSE	NA	NA	NA	NA	NA	NA
NC_045512.2	23546	T	G	97301	92621	36	1	1	34	1.0276e-05	97314	1	FALSE	NA	NA	NA	NA	NA	NA
NC_045512.2	23546	T	C	97301	92621	36	10	10	32	0.00010276	97314	1	FALSE	NA	NA	NA	NA	NA	NA
NC_045512.2	23546	T	A	97301	92621	36	2	2	30	2.0552e-05	97314	1	FALSE	NA	NA	NA	NA	NA	NA
NC_045512.2	23547	G	T	98149	94029	36	5	5	30	5.09295e-05	98175	1	FALSE	NA	NA	NA	NA	NA	NA
NC_045512.2	23547	G	C	98149	94029	36	18	18	30	0.000183346	98175	1	FALSE	NA	NA	NA	NA	NA	NA
NC_045512.2	23547	G	A	98149	94029	36	3	3	34	3.05577e-05	98175	1	FALSE	NA	NA	NA	NA	NA	NA
NC_045512.2	23548	T	C	97545	93425	36	28	28	37	0.000286965	97573	1	FALSE	NA	NA	NA	NA	NA	NA
NC_045512.2	23549	G	T	97969	93851	36	3	2	42	3.06191e-05	97978	0.980706	FALSE	NA	NA	NA	NA	NA	NA
NC_045512.2	23549	G	C	97969	93851	36	2	2	30	2.04127e-05	97978	1	FALSE	NA	NA	NA	NA	NA	NA
NC_045512.2	23549	G	A	97969	93851	36	4	3	31	4.08255e-05	97978	1	FALSE	NA	NA	NA	NA	NA	NA
NC_045512.2	23550	A	T	97808	93823	36	1	1	34	1.022e-05	97847	1	FALSE	NA	NA	NA	NA	NA	NA
NC_045512.2	23550	A	G	97808	93823	36	32	31	34	0.000327041	97847	1	FALSE	NA	NA	NA	NA	NA	NA
NC_045512.2	23550	A	C	97808	93823	36	6	6	31	6.13202e-05	97847	1	FALSE	NA	NA	NA	NA	NA	NA
NC_045512.2	23551	C	T	97857	94320	36	4	4	34	4.08726e-05	97865	1	FALSE	NA	NA	NA	NA	NA	NA
NC_045512.2	23551	C	A	97857	94320	36	4	4	34	4.08726e-05	97865	1	FALSE	NA	NA	NA	NA	NA	NA
NC_045512.2	23552	A	T	96309	92791	36	2	2	30	2.0765e-05	96316	1	FALSE	NA	NA	NA	NA	NA	NA
NC_045512.2	23552	A	G	96309	92791	36	4	3	42	4.153e-05	96316	0.953847	FALSE	NA	NA	NA	NA	NA	NA
NC_045512.2	23552	A	C	96309	92791	36	1	1	34	1.03825e-05	96316	1	FALSE	NA	NA	NA	NA	NA	NA
NC_045512.2	23553	T	C	95603	92092	36	5	4	37	5.22963e-05	95609	1	FALSE	NA	NA	NA	NA	NA	NA
NC_045512.2	23553	T	A	95603	92092	36	1	1	26	1.04593e-05	95609	1	FALSE	NA	NA	NA	NA	NA	NA
NC_045512.2	23554	A	T	93958	90493	36	7	7	32	7.44863e-05	93977	1	FALSE	NA	NA	NA	NA	NA	NA
NC_045512.2	23554	A	G	93958	90493	36	10	10	37	0.000106409	93977	1	FALSE	NA	NA	NA	NA	NA	NA
NC_045512.2	23554	A	C	93958	90493	36	2	2	34	2.12818e-05	93977	1	FALSE	NA	NA	NA	NA	NA	NA
NC_045512.2	23554	A	-C	93958	90493	36	1	0	20	1.06401e-05	93984	1	FALSE	NA	NA	NA	NA	NA	NA
NC_045512.2	23555	C	T	94238	90977	35	13	13	33	0.000137915	94261	1	FALSE	NA	NA	NA	NA	NA	NA
NC_045512.2	23555	C	G	94238	90977	35	1	1	34	1.06088e-05	94261	1	FALSE	NA	NA	NA	NA	NA	NA
NC_045512.2	23555	C	A	94238	90977	35	9	9	37	9.54796e-05	94261	1	FALSE	NA	NA	NA	NA	NA	NA
NC_045512.2	23556	C	T	92846	89616	35	8	8	34	8.61503e-05	92861	1	FALSE	NA	NA	NA	NA	NA	NA
NC_045512.2	23556	C	G	92846	89616	35	2	2	34	2.15376e-05	92861	1	FALSE	NA	NA	NA	NA	NA	NA
NC_045512.2	23556	C	A	92846	89616	35	5	5	34	5.38439e-05	92861	1	FALSE	NA	NA	NA	NA	NA	NA
NC_045512.2	23557	C	T	90683	87472	35	10	9	37	0.000110257	90697	1	FALSE	NA	NA	NA	NA	NA	NA
NC_045512.2	23557	C	A	90683	87472	35	4	4	34	4.41029e-05	90697	1	FALSE	NA	NA	NA	NA	NA	NA
NC_045512.2	23558	A	T	69184	66089	36	13	13	34	0.000187455	69350	1	FALSE	NA	NA	NA	NA	NA	NA
NC_045512.2	23558	A	G	69184	66089	36	23	23	34	0.000331651	69350	1	FALSE	NA	NA	NA	NA	NA	NA
NC_045512.2	23558	A	C	69184	66089	36	130	130	34	0.00187455	69350	8.85122e-06	TRUE	NA	NA	NA	NA	NA	NA
NC_045512.2	23559	T	G	67473	64369	36	2	2	34	2.9638e-05	67481	1	FALSE	NA	NA	NA	NA	NA	NA
NC_045512.2	23559	T	C	67473	64369	36	6	6	34	8.89139e-05	67481	1	FALSE	NA	NA	NA	NA	NA	NA
NC_045512.2	23560	T	C	68399	65289	36	1	1	34	1.46199e-05	68400	1	FALSE	NA	NA	NA	NA	NA	NA
NC_045512.2	23561	G	T	68229	65142	36	1	1	26	1.46555e-05	68234	1	FALSE	NA	NA	NA	NA	NA	NA
NC_045512.2	23561	G	C	68229	65142	36	3	3	31	4.39664e-05	68234	1	FALSE	NA	NA	NA	NA	NA	NA
NC_045512.2	23561	G	A	68229	65142	36	1	1	34	1.46555e-05	68234	1	FALSE	NA	NA	NA	NA	NA	NA
NC_045512.2	23562	G	T	68263	65184	36	1	1	26	1.46484e-05	68267	1	FALSE	NA	NA	NA	NA	NA	NA
NC_045512.2	23562	G	C	68263	65184	36	1	1	34	1.46484e-05	68267	1	FALSE	NA	NA	NA	NA	NA	NA
NC_045512.2	23562	G	A	68263	65184	36	2	2	34	2.92967e-05	68267	1	FALSE	NA	NA	NA	NA	NA	NA
NC_045512.2	23563	T	C	66423	63350	36	4	4	34	6.02165e-05	66427	1	FALSE	NA	NA	NA	NA	NA	NA
NC_045512.2	23564	G	C	66575	63531	36	1	1	34	1.50198e-05	66579	1	FALSE	NA	NA	NA	NA	NA	NA
NC_045512.2	23564	G	A	66575	63531	36	3	3	34	4.50593e-05	66579	1	FALSE	NA	NA	NA	NA	NA	NA
NC_045512.2	23564	G	-CA	66575	63531	36	2	0	20	3.00395e-05	66579	1	FALSE	NA	NA	NA	NA	NA	NA
NC_045512.2	23565	C	T	66384	63581	36	12	12	33	0.000180734	66396	1	FALSE	NA	NA	NA	NA	NA	NA
NC_045512.2	23566	A	T	65449	62638	36	1	1	26	1.5273e-05	65475	1	FALSE	NA	NA	NA	NA	NA	NA
NC_045512.2	23566	A	G	65449	62638	36	23	23	34	0.000351279	65475	0.999999	FALSE	NA	NA	NA	NA	NA	NA
NC_045512.2	23566	A	C	65449	62638	36	2	2	34	3.0546e-05	65475	1	FALSE	NA	NA	NA	NA	NA	NA
NC_045512.2	23567	G	T	65498	62678	36	3	3	34	4.58001e-05	65502	1	FALSE	NA	NA	NA	NA	NA	NA
NC_045512.2	23567	G	C	65498	62678	36	1	1	34	1.52667e-05	65502	1	FALSE	NA	NA	NA	NA	NA	NA
NC_045512.2	23568	G	A	65546	62809	36	10	10	34	0.000152541	65556	1	FALSE	NA	NA	NA	NA	NA	NA
NC_045512.2	23569	T	G	65407	62674	36	1	1	34	1.52861e-05	65419	1	FALSE	NA	NA	NA	NA	NA	NA
NC_045512.2	23569	T	C	65407	62674	36	11	11	34	0.000168147	65419	1	FALSE	NA	NA	NA	NA	NA	NA
NC_045512.2	23570	A	T	64864	62275	36	2	2	30	3.0829e-05	64874	1	FALSE	NA	NA	NA	NA	NA	NA
NC_045512.2	23570	A	G	64864	62275	36	7	7	34	0.000107901	64874	1	FALSE	NA	NA	NA	NA	NA	NA
NC_045512.2	23570	A	C	64864	62275	36	1	1	26	1.54145e-05	64874	1	FALSE	NA	NA	NA	NA	NA	NA
NC_045512.2	23571	T	C	61050	58561	36	2	2	34	3.2759e-05	61052	1	FALSE	NA	NA	NA	NA	NA	NA
NC_045512.2	23572	A	G	61028	58569	36	11	10	36	0.00018021	61040	1	FALSE	NA	NA	NA	NA	NA	NA
NC_045512.2	23572	A	C	61028	58569	36	1	1	34	1.63827e-05	61040	1	FALSE	NA	NA	NA	NA	NA	NA
NC_045512.2	23573	T	C	60977	58562	36	1	1	34	1.63994e-05	60978	1	FALSE	NA	NA	NA	NA	NA	NA
NC_045512.2	23574	G	A	60826	58409	36	4	4	34	6.5757e-05	60830	1	FALSE	NA	NA	NA	NA	NA	NA
NC_045512.2	23575	C	T	58852	56467	36	33	31	36	0.000560405	58886	0.996957	FALSE	NA	NA	NA	NA	NA	NA
NC_045512.2	23575	C	A	58852	56467	36	1	1	68	1.6982e-05	58886	0.499864	FALSE	NA	NA	NA	NA	NA	NA
NC_045512.2	23576	G	T	54198	51850	36	1	1	26	1.84441e-05	54218	1	FALSE	NA	NA	NA	NA	NA	NA
NC_045512.2	23576	G	C	54198	51850	36	8	8	31	0.000147552	54218	1	FALSE	NA	NA	NA	NA	NA	NA
NC_045512.2	23576	G	A	54198	51850	36	11	9	40	0.000202885	54218	0.104986	FALSE	NA	NA	NA	NA	NA	NA
NC_045512.2	23577	C	T	53533	51550	36	2	2	34	3.7358e-05	53536	1	FALSE	NA	NA	NA	NA	NA	NA
NC_045512.2	23577	C	G	53533	51550	36	1	1	34	1.8679e-05	53536	1	FALSE	NA	NA	NA	NA	NA	NA
NC_045512.2	23578	T	C	52917	50940	36	7	7	32	0.000132263	52925	1	FALSE	NA	NA	NA	NA	NA	NA
NC_045512.2	23578	T	A	52917	50940	36	1	1	34	1.88947e-05	52925	1	FALSE	NA	NA	NA	NA	NA	NA
NC_045512.2	23578	T	-A	52917	50940	36	1	0	20	1.88947e-05	52925	1	FALSE	NA	NA	NA	NA	NA	NA
NC_045512.2	23579	A	G	52624	50654	35	2	2	34	3.8004e-05	52626	1	FALSE	NA	NA	NA	NA	NA	NA
NC_045512.2	23580	G	C	69945	51192	35	1	1	26	1.42965e-05	69947	1	FALSE	NA	NA	NA	NA	NA	NA
NC_045512.2	23580	G	A	69945	51192	35	1	1	68	1.42965e-05	69947	0.5	FALSE	NA	NA	NA	NA	NA	NA
NC_045512.2	23580	G	-T	69945	51192	35	1	0	20	1.42965e-05	69947	1	FALSE	NA	NA	NA	NA	NA	NA
NC_045512.2	23581	T	C	69555	50555	35	7	6	32	0.000100627	69564	1	FALSE	NA	NA	NA	NA	NA	NA
NC_045512.2	23581	T	A	69555	50555	35	2	1	30	2.87505e-05	69564	1	FALSE	NA	NA	NA	NA	NA	NA
NC_045512.2	23582	T	C	69067	50083	35	11	8	36	0.00015924	69078	1	FALSE	NA	NA	NA	NA	NA	NA
NC_045512.2	23583	A	T	69727	50388	35	1	1	34	1.43404e-05	69733	1	FALSE	NA	NA	NA	NA	NA	NA
NC_045512.2	23583	A	G	69727	50388	35	5	4	34	7.17021e-05	69733	1	FALSE	NA	NA	NA	NA	NA	NA
NC_045512.2	23583	A	+TCAGAC	69727	50388	35	1	0	20	1.43404e-05	69733	1	FALSE	NA	NA	NA	NA	NA	NA
NC_045512.2	23584	T	G	69617	50303	35	2	0	34	2.87245e-05	69627	1	FALSE	NA	NA	NA	NA	NA	NA
NC_045512.2	23584	T	C	69617	50303	35	7	7	32	0.000100536	69627	1	FALSE	NA	NA	NA	NA	NA	NA
NC_045512.2	23584	T	A	69617	50303	35	1	1	26	1.43622e-05	69627	1	FALSE	NA	NA	NA	NA	NA	NA
NC_045512.2	23585	C	T	69589	50320	35	6	5	32	8.62094e-05	69598	1	FALSE	NA	NA	NA	NA	NA	NA
NC_045512.2	23585	C	G	69589	50320	35	3	2	31	4.31047e-05	69598	1	FALSE	NA	NA	NA	NA	NA	NA
NC_045512.2	23586	A	T	67530	48224	35	1	0	34	1.48047e-05	67546	1	FALSE	NA	NA	NA	NA	NA	NA
NC_045512.2	23586	A	G	67530	48224	35	11	9	34	0.000162852	67546	1	FALSE	NA	NA	NA	NA	NA	NA
NC_045512.2	23586	A	C	67530	48224	35	4	4	34	5.92189e-05	67546	1	FALSE	NA	NA	NA	NA	NA	NA
NC_045512.2	23587	G	A	68486	48246	35	3	2	34	4.38027e-05	68489	1	FALSE	NA	NA	NA	NA	NA	NA
NC_045512.2	23588	A	T	66877	46616	35	1	1	26	1.49495e-05	66892	1	FALSE	NA	NA	NA	NA	NA	NA
NC_045512.2	23588	A	G	66877	46616	35	14	7	32	0.000209293	66892	1	FALSE	NA	NA	NA	NA	NA	NA
NC_045512.2	23589	C	T	66931	46641	35	3	2	56	4.48203e-05	66934	0.125	FALSE	NA	NA	NA	NA	NA	NA
NC_045512.2	23590	T	C	66086	45838	35	12	8	33	0.000181546	66099	1	FALSE	NA	NA	NA	NA	NA	NA
NC_045512.2	23590	T	A	66086	45838	35	1	1	34	1.51288e-05	66099	1	FALSE	NA	NA	NA	NA	NA	NA
NC_045512.2	23591	C	T	66092	45784	35	3	3	34	4.53892e-05	66095	1	FALSE	NA	NA	NA	NA	NA	NA
NC_045512.2	23592	A	T	65579	45256	35	2	2	26	3.04836e-05	65609	1	FALSE	NA	NA	NA	NA	NA	NA
NC_045512.2	23592	A	G	65579	45256	35	28	19	37	0.000426771	65609	0.999968	FALSE	NA	NA	NA	NA	NA	NA
NC_045512.2	23593	G	C	67785	45349	35	3	3	31	4.42556e-05	67788	1	FALSE	NA	NA	NA	NA	NA	NA
NC_045512.2	23594	A	G	67701	45388	35	8	8	33	0.000118153	67709	1	FALSE	NA	NA	NA	NA	NA	NA
NC_045512.2	23595	C	T	67772	45505	35	1	0	34	1.47551e-05	67773	1	FALSE	NA	NA	NA	NA	NA	NA
NC_045512.2	23596	T	C	64759	42577	35	7	6	32	0.000108081	64766	1	FALSE	NA	NA	NA	NA	NA	NA
NC_045512.2	23596	T	-A	64759	42577	35	1	0	20	1.54402e-05	64766	1	FALSE	NA	NA	NA	NA	NA	NA
NC_045512.2	23597	A	G	64663	42400	35	7	0	34	0.000108242	64670	1	FALSE	NA	NA	NA	NA	NA	NA
NC_045512.2	23598	A	G	64095	42088	35	3	3	34	4.68019e-05	64100	1	FALSE	NA	NA	NA	NA	NA	NA
NC_045512.2	23598	A	C	64095	42088	35	2	0	34	3.12012e-05	64100	1	FALSE	NA	NA	NA	NA	NA	NA
NC_045512.2	23599	T	G	1	0	34	64687	42425	35	0.999985	64688	0	TRUE	NA	NA	NA	NA	NA	NA
NC_045512.2	23600	T	G	62628	40512	35	1	1	34	1.59653e-05	62636	1	FALSE	NA	NA	NA	NA	NA	NA
NC_045512.2	23600	T	C	62628	40512	35	4	3	34	6.3861e-05	62636	1	FALSE	NA	NA	NA	NA	NA	NA
NC_045512.2	23600	T	A	62628	40512	35	3	3	34	4.78958e-05	62636	1	FALSE	NA	NA	NA	NA	NA	NA
NC_045512.2	23601	C	T	64362	42194	35	2	1	34	3.10733e-05	64364	1	FALSE	NA	NA	NA	NA	NA	NA
NC_045512.2	23602	T	G	57134	35184	35	1	0	34	1.74993e-05	57145	1	FALSE	NA	NA	NA	NA	NA	NA
NC_045512.2	23602	T	C	57134	35184	35	8	6	34	0.000139995	57145	1	FALSE	NA	NA	NA	NA	NA	NA
NC_045512.2	23602	T	A	57134	35184	35	2	1	34	3.49987e-05	57145	1	FALSE	NA	NA	NA	NA	NA	NA
NC_045512.2	23603	C	T	57420	35411	35	1	0	34	1.7414e-05	57425	1	FALSE	NA	NA	NA	NA	NA	NA
NC_045512.2	23603	C	G	57420	35411	35	4	1	32	6.96561e-05	57425	1	FALSE	NA	NA	NA	NA	NA	NA
NC_045512.2	23604	C	G	0	0	0	5	3	40	8.71764e-05	57355	4.87135e-20	TRUE	NA	NA	NA	NA	NA	NA
NC_045512.2	23604	C	A	0	0	0	57350	35321	35	0.999913	57355	0	TRUE	NA	NA	NA	NA	NA	NA
NC_045512.2	23605	T	C	57297	35313	35	2	2	34	3.49046e-05	57299	1	FALSE	NA	NA	NA	NA	NA	NA
NC_045512.2	23606	C	T	57122	35267	35	2	2	34	3.50116e-05	57124	1	FALSE	NA	NA	NA	NA	NA	NA
NC_045512.2	23607	G	A	56453	34550	35	5	5	34	8.85614e-05	56458	1	FALSE	NA	NA	NA	NA	NA	NA
NC_045512.2	23609	C	T	21827	1022	35	7	0	34	0.000320601	21834	0.998146	FALSE	NA	NA	NA	NA	NA	NA
NC_045512.2	23609	C	-G	21827	1022	35	1	0	20	4.58001e-05	21834	1	FALSE	NA	NA	NA	NA	NA	NA
NC_045512.2	23610	G	T	21842	1022	35	1	0	34	4.57771e-05	21845	1	FALSE	NA	NA	NA	NA	NA	NA
NC_045512.2	23610	G	A	21842	1022	35	2	0	51	9.15541e-05	21845	0.249983	FALSE	NA	NA	NA	NA	NA	NA
NC_045512.2	23611	G	A	22326	1037	35	1	0	34	4.47888e-05	22327	1	FALSE	NA	NA	NA	NA	NA	NA
NC_045512.2	23612	G	A	22345	1039	35	8	0	34	0.000357894	22353	0.997397	FALSE	NA	NA	NA	NA	NA	NA
NC_045512.2	23613	C	T	22521	1076	35	5	0	34	0.000221966	22526	0.999845	FALSE	NA	NA	NA	NA	NA	NA
NC_045512.2	23614	A	G	22708	1078	35	2	0	34	8.80631e-05	22711	0.999999	FALSE	NA	NA	NA	NA	NA	NA
NC_045512.2	23614	A	C	22708	1078	35	1	0	34	4.40315e-05	22711	1	FALSE	NA	NA	NA	NA	NA	NA
NC_045512.2	23615	C	T	22828	1079	35	11	1	34	0.000481632	22839	0.982497	FALSE	NA	NA	NA	NA	NA	NA
NC_045512.2	23616	G	A	23044	1084	35	4	0	32	0.000173551	23048	0.999976	FALSE	NA	NA	NA	NA	NA	NA
NC_045512.2	23617	T	C	23790	1091	35	4	0	34	0.00016811	23794	0.999976	FALSE	NA	NA	NA	NA	NA	NA
NC_045512.2	23618	A	G	24115	1096	35	2	0	34	8.29291e-05	24117	1	FALSE	NA	NA	NA	NA	NA	NA
NC_045512.2	23620	T	C	25000	1151	35	2	0	34	7.99936e-05	25002	1	FALSE	NA	NA	NA	NA	NA	NA
NC_045512.2	23622	T	C	25238	1165	35	2	0	29	7.92362e-05	25241	1	FALSE	NA	NA	NA	NA	NA	NA
NC_045512.2	23622	T	A	25238	1165	35	1	0	26	3.96181e-05	25241	1	FALSE	NA	NA	NA	NA	NA	NA
NC_045512.2	23623	A	G	25330	1165	35	4	0	34	0.000157884	25335	0.999992	FALSE	NA	NA	NA	NA	NA	NA
NC_045512.2	23623	A	C	25330	1165	35	1	1	27	3.94711e-05	25335	1	FALSE	NA	NA	NA	NA	NA	NA
NC_045512.2	23624	G	T	25372	1163	35	1	0	34	3.94089e-05	25375	1	FALSE	NA	NA	NA	NA	NA	NA
NC_045512.2	23624	G	A	25372	1163	35	2	0	34	7.88177e-05	25375	1	FALSE	NA	NA	NA	NA	NA	NA
NC_045512.2	23625	C	T	25314	1176	35	3	0	34	0.000118488	25319	0.999998	FALSE	NA	NA	NA	NA	NA	NA
NC_045512.2	23625	C	A	25314	1176	35	2	0	30	7.89921e-05	25319	1	FALSE	NA	NA	NA	NA	NA	NA
NC_045512.2	23626	T	C	25373	1344	36	4	0	34	0.000157623	25377	0.999992	FALSE	NA	NA	NA	NA	NA	NA
NC_045512.2	23630	C	T	25649	1365	36	5	1	40	0.000194901	25654	0.226562	FALSE	NA	NA	NA	NA	NA	NA
NC_045512.2	23631	A	G	25625	1390	36	2	0	34	7.80427e-05	25627	1	FALSE	NA	NA	NA	NA	NA	NA
NC_045512.2	23632	A	G	26270	1415	35	1	0	34	3.80648e-05	26271	1	FALSE	NA	NA	NA	NA	NA	NA
NC_045512.2	23633	T	C	26632	1492	36	2	0	34	7.5092e-05	26634	1	FALSE	NA	NA	NA	NA	NA	NA
NC_045512.2	23635	C	T	27001	1493	36	3	0	34	0.000111095	27004	1	FALSE	NA	NA	NA	NA	NA	NA
NC_045512.2	23636	A	G	27245	1509	36	7	0	34	0.000256862	27252	0.999903	FALSE	NA	NA	NA	NA	NA	NA
NC_045512.2	23637	T	C	27376	1501	36	2	0	34	7.30514e-05	27378	1	FALSE	NA	NA	NA	NA	NA	NA
NC_045512.2	23638	C	T	27395	1518	36	5	0	34	0.000182482	27400	0.99999	FALSE	NA	NA	NA	NA	NA	NA
NC_045512.2	23639	A	G	27341	1524	36	6	0	34	0.000219402	27347	0.999967	FALSE	NA	NA	NA	NA	NA	NA
NC_045512.2	23640	T	A	27683	1527	36	1	0	34	3.61219e-05	27684	1	FALSE	NA	NA	NA	NA	NA	NA
NC_045512.2	23641	T	G	28438	1559	36	4	0	32	0.000140617	28446	0.999999	FALSE	NA	NA	NA	NA	NA	NA
NC_045512.2	23641	T	C	28438	1559	36	3	0	34	0.000105463	28446	1	FALSE	NA	NA	NA	NA	NA	NA
NC_045512.2	23641	T	A	28438	1559	36	1	0	34	3.51543e-05	28446	1	FALSE	NA	NA	NA	NA	NA	NA
NC_045512.2	23642	G	T	29250	1561	36	1	0	34	3.41822e-05	29255	1	FALSE	NA	NA	NA	NA	NA	NA
NC_045512.2	23642	G	A	29250	1561	36	4	0	34	0.000136729	29255	0.999999	FALSE	NA	NA	NA	NA	NA	NA
NC_045512.2	23643	C	T	29212	1562	36	1	0	34	3.42302e-05	29214	1	FALSE	NA	NA	NA	NA	NA	NA
NC_045512.2	23643	C	A	29212	1562	36	1	0	26	3.42302e-05	29214	1	FALSE	NA	NA	NA	NA	NA	NA
NC_045512.2	23644	C	A	29237	1573	36	1	0	26	3.42021e-05	29238	1	FALSE	NA	NA	NA	NA	NA	NA
NC_045512.2	23645	T	C	29185	1674	36	1	0	34	3.42583e-05	29190	1	FALSE	NA	NA	NA	NA	NA	NA
NC_045512.2	23645	T	A	29185	1674	36	4	0	34	0.000137033	29190	0.999999	FALSE	NA	NA	NA	NA	NA	NA
NC_045512.2	23646	A	G	29844	1690	36	4	0	28	0.000134012	29848	1	FALSE	NA	NA	NA	NA	NA	NA
NC_045512.2	23647	C	T	30003	1781	36	1	0	34	3.33289e-05	30004	1	FALSE	NA	NA	NA	NA	NA	NA
NC_045512.2	23649	C	G	30602	1810	36	1	0	26	3.26712e-05	30608	1	FALSE	NA	NA	NA	NA	NA	NA
NC_045512.2	23649	C	A	30602	1810	36	5	0	34	0.000163356	30608	0.999998	FALSE	NA	NA	NA	NA	NA	NA
NC_045512.2	23650	T	C	30546	1794	36	4	0	32	0.000130933	30550	1	FALSE	NA	NA	NA	NA	NA	NA
NC_045512.2	23652	T	G	31315	1812	36	3	0	31	9.57854e-05	31320	1	FALSE	NA	NA	NA	NA	NA	NA
NC_045512.2	23652	T	A	31315	1812	36	2	0	30	6.3857e-05	31320	1	FALSE	NA	NA	NA	NA	NA	NA
NC_045512.2	23653	G	A	31390	1812	36	3	0	45	9.55627e-05	31393	0.656272	FALSE	NA	NA	NA	NA	NA	NA
NC_045512.2	23654	T	G	31356	1816	36	1	0	34	3.18857e-05	31362	1	FALSE	NA	NA	NA	NA	NA	NA
NC_045512.2	23654	T	C	31356	1816	36	3	0	31	9.56572e-05	31362	1	FALSE	NA	NA	NA	NA	NA	NA
NC_045512.2	23654	T	A	31356	1816	36	2	0	30	6.37714e-05	31362	1	FALSE	NA	NA	NA	NA	NA	NA
NC_045512.2	23656	A	G	31375	1872	36	1	0	34	3.18715e-05	31376	1	FALSE	NA	NA	NA	NA	NA	NA
NC_045512.2	23657	C	T	31463	2366	37	1	0	34	3.17793e-05	31467	1	FALSE	NA	NA	NA	NA	NA	NA
NC_045512.2	23657	C	G	31463	2366	37	3	0	34	9.5338e-05	31467	1	FALSE	NA	NA	NA	NA	NA	NA
NC_045512.2	23657	C	-T	31463	2366	37	1	0	20	3.17793e-05	31467	1	FALSE	NA	NA	NA	NA	NA	NA
NC_045512.2	23658	T	C	31434	2396	37	1	0	34	3.18117e-05	31435	1	FALSE	NA	NA	NA	NA	NA	NA
NC_045512.2	23659	T	G	31383	2405	37	1	0	26	3.18613e-05	31386	1	FALSE	NA	NA	NA	NA	NA	NA
NC_045512.2	23659	T	C	31383	2405	37	2	0	34	6.37227e-05	31386	1	FALSE	NA	NA	NA	NA	NA	NA
NC_045512.2	23660	G	T	31244	2287	37	1	0	34	3.20041e-05	31246	1	FALSE	NA	NA	NA	NA	NA	NA
NC_045512.2	23660	G	A	31244	2287	37	1	0	34	3.20041e-05	31246	1	FALSE	NA	NA	NA	NA	NA	NA
NC_045512.2	23661	G	A	31300	2291	37	1	0	34	3.19479e-05	31301	1	FALSE	NA	NA	NA	NA	NA	NA
NC_045512.2	23663	G	T	26135	2680	37	2	0	34	7.65111e-05	26140	1	FALSE	NA	NA	NA	NA	NA	NA
NC_045512.2	23663	G	A	26135	2680	37	3	0	31	0.000114767	26140	0.999999	FALSE	NA	NA	NA	NA	NA	NA
NC_045512.2	23664	C	T	26074	2776	37	1	1	34	3.8348e-05	26077	1	FALSE	NA	NA	NA	NA	NA	NA
NC_045512.2	23664	C	A	26074	2776	37	2	0	34	7.66959e-05	26077	1	FALSE	NA	NA	NA	NA	NA	NA
NC_045512.2	23665	A	G	26160	2755	37	3	0	45	0.000114666	26163	0.500018	FALSE	NA	NA	NA	NA	NA	NA
NC_045512.2	23666	G	C	26156	2757	37	1	1	27	3.82292e-05	26158	1	FALSE	NA	NA	NA	NA	NA	NA
NC_045512.2	23666	G	A	26156	2757	37	1	0	34	3.82292e-05	26158	1	FALSE	NA	NA	NA	NA	NA	NA
NC_045512.2	23667	A	G	24925	2955	36	2	0	34	8.02343e-05	24927	1	FALSE	NA	NA	NA	NA	NA	NA
NC_045512.2	23668	A	G	20055	3465	36	1	0	34	4.98604e-05	20056	1	FALSE	NA	NA	NA	NA	NA	NA
NC_045512.2	23670	A	G	19457	3660	37	1	1	68	5.13927e-05	19458	0.500013	FALSE	NA	NA	NA	NA	NA	NA
NC_045512.2	23671	T	C	19612	4068	37	1	0	26	5.09866e-05	19613	1	FALSE	NA	NA	NA	NA	NA	NA
NC_045512.2	23672	T	G	19522	4046	37	1	0	34	5.12216e-05	19523	0.999999	FALSE	NA	NA	NA	NA	NA	NA
NC_045512.2	23673	C	T	10026	2122	37	9387	2112	37	0.483542	19413	0	TRUE	NA	NA	NA	NA	NA	NA
NC_045512.2	23674	A	G	19365	4236	37	2	0	51	0.000103268	19367	0.250006	FALSE	NA	NA	NA	NA	NA	NA
NC_045512.2	23677	T	C	19586	4447	37	4	0	34	0.000204175	19591	0.999757	FALSE	NA	NA	NA	NA	NA	NA
NC_045512.2	23677	T	A	19586	4447	37	1	0	26	5.10438e-05	19591	1	FALSE	NA	NA	NA	NA	NA	NA
NC_045512.2	23678	G	C	19410	4452	37	1	1	34	5.15066e-05	19415	0.999999	FALSE	NA	NA	NA	NA	NA	NA
NC_045512.2	23678	G	A	19410	4452	37	4	0	34	0.000206026	19415	0.999757	FALSE	NA	NA	NA	NA	NA	NA
NC_045512.2	23679	C	-T	18945	5081	37	2	0	20	0.000105569	18945	1	FALSE	NA	NA	NA	NA	NA	NA
NC_045512.2	23680	T	G	19176	5348	38	1	0	34	5.21431e-05	19178	0.999999	FALSE	NA	NA	NA	NA	NA	NA
NC_045512.2	23680	T	C	19176	5348	38	1	1	34	5.21431e-05	19178	0.999999	FALSE	NA	NA	NA	NA	NA	NA
NC_045512.2	23681	T	C	19208	5377	38	2	1	34	0.000104107	19211	0.99999	FALSE	NA	NA	NA	NA	NA	NA
NC_045512.2	23681	T	A	19208	5377	38	1	0	34	5.20535e-05	19211	0.999999	FALSE	NA	NA	NA	NA	NA	NA
NC_045512.2	23682	A	G	18922	5390	38	1	1	34	5.28457e-05	18923	0.999998	FALSE	NA	NA	NA	NA	NA	NA
NC_045512.2	23685	C	T	19509	5808	38	1	0	34	5.12479e-05	19513	0.999999	FALSE	NA	NA	NA	NA	NA	NA
NC_045512.2	23685	C	A	19509	5808	38	3	0	34	0.000153744	19513	0.99994	FALSE	NA	NA	NA	NA	NA	NA
NC_045512.2	23685	C	-T	19509	5808	38	2	0	20	0.000102496	19513	1	FALSE	NA	NA	NA	NA	NA	NA
NC_045512.2	23686	T	A	19504	5777	38	2	0	34	0.000102533	19506	0.99999	FALSE	NA	NA	NA	NA	NA	NA
NC_045512.2	23688	A	G	19399	6698	38	2	0	30	0.000103087	19401	0.99999	FALSE	NA	NA	NA	NA	NA	NA
NC_045512.2	23689	T	C	19361	6708	38	4	1	34	0.000206558	19365	0.999757	FALSE	NA	NA	NA	NA	NA	NA
NC_045512.2	23690	A	G	19414	7220	38	3	1	45	0.000154504	19417	0.31251	FALSE	NA	NA	NA	NA	NA	NA
NC_045512.2	23691	A	T	19768	7220	39	1	1	34	5.05791e-05	19771	0.999999	FALSE	NA	NA	NA	NA	NA	NA
NC_045512.2	23691	A	G	19768	7220	39	1	1	34	5.05791e-05	19771	0.999999	FALSE	NA	NA	NA	NA	NA	NA
NC_045512.2	23691	A	C	19768	7220	39	1	1	34	5.05791e-05	19771	0.999999	FALSE	NA	NA	NA	NA	NA	NA
NC_045512.2	23692	C	T	18679	7477	38	2	0	34	0.000107055	18682	0.99998	FALSE	NA	NA	NA	NA	NA	NA
NC_045512.2	23692	C	G	18679	7477	38	1	0	26	5.35275e-05	18682	1	FALSE	NA	NA	NA	NA	NA	NA
NC_045512.2	23693	T	C	18705	7558	38	1	0	34	5.34588e-05	18706	0.999998	FALSE	NA	NA	NA	NA	NA	NA
NC_045512.2	23695	T	C	18800	7473	38	1	0	26	5.31887e-05	18801	1	FALSE	NA	NA	NA	NA	NA	NA
NC_045512.2	23696	A	G	19008	7620	38	1	0	34	5.26067e-05	19009	0.999999	FALSE	NA	NA	NA	NA	NA	NA
NC_045512.2	23698	T	G	18940	7682	38	1	0	34	5.27844e-05	18945	0.999998	FALSE	NA	NA	NA	NA	NA	NA
NC_045512.2	23698	T	C	18940	7682	38	3	3	30	0.000158353	18945	0.99989	FALSE	NA	NA	NA	NA	NA	NA
NC_045512.2	23698	T	A	18940	7682	38	1	1	68	5.27844e-05	18945	0.49996	FALSE	NA	NA	NA	NA	NA	NA
NC_045512.2	23699	G	A	18987	7691	38	2	0	34	0.000105324	18989	0.99998	FALSE	NA	NA	NA	NA	NA	NA
NC_045512.2	23700	C	T	18872	7692	38	2	2	34	0.000105966	18874	0.99998	FALSE	NA	NA	NA	NA	NA	NA
NC_045512.2	23702	A	T	18719	7523	38	1	1	34	5.34102e-05	18723	0.999998	FALSE	NA	NA	NA	NA	NA	NA
NC_045512.2	23702	A	G	18719	7523	38	3	2	34	0.000160231	18723	0.99989	FALSE	NA	NA	NA	NA	NA	NA
NC_045512.2	23705	C	T	18745	7628	38	1	0	34	5.33419e-05	18747	0.999998	FALSE	NA	NA	NA	NA	NA	NA
NC_045512.2	23705	C	A	18745	7628	38	1	1	34	5.33419e-05	18747	0.999998	FALSE	NA	NA	NA	NA	NA	NA
NC_045512.2	23706	C	T	18681	7600	38	6	6	39	0.000321079	18687	0.996704	FALSE	NA	NA	NA	NA	NA	NA
NC_045512.2	23707	C	A	18817	7766	38	2	1	34	0.000106276	18819	0.99998	FALSE	NA	NA	NA	NA	NA	NA
NC_045512.2	23708	A	G	18641	7672	38	1	1	34	5.36423e-05	18642	0.999998	FALSE	NA	NA	NA	NA	NA	NA
NC_045512.2	23709	C	T	19000	8008	38	3	0	34	0.00015787	19003	0.99994	FALSE	NA	NA	NA	NA	NA	NA
NC_045512.2	23710	A	G	18987	8020	38	2	0	51	0.000105324	18989	0.250007	FALSE	NA	NA	NA	NA	NA	NA
NC_045512.2	23711	A	G	18976	8004	38	3	0	26	0.000158069	18979	1	FALSE	NA	NA	NA	NA	NA	NA
NC_045512.2	23713	T	C	18795	8209	38	1	0	34	5.32028e-05	18796	0.999998	FALSE	NA	NA	NA	NA	NA	NA
NC_045512.2	23714	T	C	18006	7561	37	1	1	68	5.5534e-05	18007	0.500014	FALSE	NA	NA	NA	NA	NA	NA
NC_045512.2	23715	T	C	18589	8302	38	1	1	60	5.37924e-05	18590	0.500013	FALSE	NA	NA	NA	NA	NA	NA
NC_045512.2	23716	T	C	18661	8472	38	1	1	34	5.35848e-05	18662	0.999998	FALSE	NA	NA	NA	NA	NA	NA
NC_045512.2	23720	A	-T	17480	9023	38	1	0	20	5.72082e-05	17480	1	FALSE	NA	NA	NA	NA	NA	NA
NC_045512.2	23721	T	C	17412	8936	37	3	1	34	0.000172265	17415	0.999799	FALSE	NA	NA	NA	NA	NA	NA
NC_045512.2	23724	G	C	17696	9255	38	1	1	46	5.65068e-05	17697	0.750021	FALSE	NA	NA	NA	NA	NA	NA
NC_045512.2	23726	G	T	17774	9337	38	1	1	34	5.62525e-05	17777	0.999996	FALSE	NA	NA	NA	NA	NA	NA
NC_045512.2	23726	G	A	17774	9337	38	2	1	34	0.000112505	17777	0.999962	FALSE	NA	NA	NA	NA	NA	NA
NC_045512.2	23728	T	G	17253	9077	38	2	0	34	0.000115875	17260	0.999962	FALSE	NA	NA	NA	NA	NA	NA
NC_045512.2	23728	T	C	17253	9077	38	3	2	45	0.000173812	17260	0.312424	FALSE	NA	NA	NA	NA	NA	NA
NC_045512.2	23728	T	A	17253	9077	38	2	0	34	0.000115875	17260	0.999962	FALSE	NA	NA	NA	NA	NA	NA
NC_045512.2	23729	A	T	17266	9057	38	2	2	30	0.000115821	17268	0.999962	FALSE	NA	NA	NA	NA	NA	NA
NC_045512.2	23730	C	T	17272	9090	38	1	1	34	5.78938e-05	17273	0.999996	FALSE	NA	NA	NA	NA	NA	NA
NC_045512.2	23731	C	T	17236	9079	38	1	1	34	5.80147e-05	17237	0.999996	FALSE	NA	NA	NA	NA	NA	NA
NC_045512.2	23732	A	T	17217	9041	38	1	1	34	5.80788e-05	17218	0.999996	FALSE	NA	NA	NA	NA	NA	NA
NC_045512.2	23734	A	C	16365	9001	37	1	1	34	6.11023e-05	16366	0.999992	FALSE	NA	NA	NA	NA	NA	NA
NC_045512.2	23736	A	T	16495	9619	37	1	1	34	6.06134e-05	16498	0.999992	FALSE	NA	NA	NA	NA	NA	NA
NC_045512.2	23736	A	G	16495	9619	37	2	1	34	0.000121227	16498	0.999928	FALSE	NA	NA	NA	NA	NA	NA
NC_045512.2	23738	A	G	16432	9712	37	2	1	34	0.000121684	16436	0.999928	FALSE	NA	NA	NA	NA	NA	NA
NC_045512.2	23738	A	C	16432	9712	37	2	2	34	0.000121684	16436	0.999928	FALSE	NA	NA	NA	NA	NA	NA
NC_045512.2	23739	T	C	16466	9672	37	2	1	29	0.00012144	16469	1	FALSE	NA	NA	NA	NA	NA	NA
NC_045512.2	23739	T	A	16466	9672	37	1	0	34	6.07201e-05	16469	0.999992	FALSE	NA	NA	NA	NA	NA	NA
NC_045512.2	23741	C	T	15283	9998	36	8	0	34	0.000523184	15291	0.953507	FALSE	NA	NA	NA	NA	NA	NA
NC_045512.2	23742	T	C	15215	9930	36	10	0	40	0.000656814	15225	0.00585408	TRUE	NA	NA	NA	NA	NA	NA
NC_045512.2	23743	A	G	15248	9937	36	1	0	34	6.55738e-05	15250	0.999985	FALSE	NA	NA	NA	NA	NA	NA
NC_045512.2	23743	A	C	15248	9937	36	1	1	34	6.55738e-05	15250	0.999985	FALSE	NA	NA	NA	NA	NA	NA
NC_045512.2	23744	C	T	15501	10242	36	3	1	34	0.000193498	15504	0.999346	FALSE	NA	NA	NA	NA	NA	NA
NC_045512.2	23747	G	C	14942	10073	36	5	5	30	0.000334493	14948	0.990413	FALSE	NA	NA	NA	NA	NA	NA
NC_045512.2	23747	G	A	14942	10073	36	1	0	34	6.68986e-05	14948	0.99997	FALSE	NA	NA	NA	NA	NA	NA
NC_045512.2	23750	T	C	14886	10169	35	2	2	34	0.000134336	14888	0.999742	FALSE	NA	NA	NA	NA	NA	NA
NC_045512.2	23752	T	C	14260	10189	35	3	1	34	0.000210334	14263	0.998829	FALSE	NA	NA	NA	NA	NA	NA
NC_045512.2	23753	A	G	14438	10367	35	1	1	34	6.92569e-05	14439	0.99997	FALSE	NA	NA	NA	NA	NA	NA
NC_045512.2	23754	T	G	15635	11725	35	1	1	26	6.39468e-05	15638	1	FALSE	NA	NA	NA	NA	NA	NA
NC_045512.2	23754	T	C	15635	11725	35	2	2	34	0.000127894	15638	0.999863	FALSE	NA	NA	NA	NA	NA	NA
NC_045512.2	23755	G	A	15852	11903	36	1	0	34	6.30795e-05	15853	0.999985	FALSE	NA	NA	NA	NA	NA	NA
NC_045512.2	23756	A	G	22548	19010	36	7	6	34	0.000310352	22555	0.998846	FALSE	NA	NA	NA	NA	NA	NA
NC_045512.2	23757	C	A	22721	19204	36	1	1	34	4.40102e-05	22722	1	FALSE	NA	NA	NA	NA	NA	NA
NC_045512.2	23758	C	A	21921	18407	36	1	1	34	4.56163e-05	21922	1	FALSE	NA	NA	NA	NA	NA	NA
NC_045512.2	23759	A	G	22026	18516	36	8	7	38	0.000363075	22034	0.997397	FALSE	NA	NA	NA	NA	NA	NA
NC_045512.2	23760	A	T	22038	18543	36	2	2	34	9.07194e-05	22046	0.999999	FALSE	NA	NA	NA	NA	NA	NA
NC_045512.2	23760	A	G	22038	18543	36	5	4	40	0.000226799	22046	0.226507	FALSE	NA	NA	NA	NA	NA	NA
NC_045512.2	23760	A	C	22038	18543	36	1	0	34	4.53597e-05	22046	1	FALSE	NA	NA	NA	NA	NA	NA
NC_045512.2	23761	G	T	22064	18520	36	1	1	34	4.53186e-05	22066	1	FALSE	NA	NA	NA	NA	NA	NA
NC_045512.2	23761	G	A	22064	18520	36	1	1	34	4.53186e-05	22066	1	FALSE	NA	NA	NA	NA	NA	NA
NC_045512.2	23762	A	T	22008	18577	36	1	1	34	4.54256e-05	22014	1	FALSE	NA	NA	NA	NA	NA	NA
NC_045512.2	23762	A	G	22008	18577	36	5	5	34	0.000227128	22014	0.999845	FALSE	NA	NA	NA	NA	NA	NA
NC_045512.2	23763	C	T	22191	18588	36	1	1	26	4.50613e-05	22192	1	FALSE	NA	NA	NA	NA	NA	NA
NC_045512.2	23764	A	C	22064	18479	36	1	0	26	4.53206e-05	22065	1	FALSE	NA	NA	NA	NA	NA	NA
NC_045512.2	23765	T	C	22397	18671	37	3	3	31	0.000133929	22400	0.99999	FALSE	NA	NA	NA	NA	NA	NA
NC_045512.2	23767	A	G	22300	18613	36	6	6	32	0.000268962	22308	0.999545	FALSE	NA	NA	NA	NA	NA	NA
NC_045512.2	23767	A	C	22300	18613	36	2	1	30	8.96539e-05	22308	0.999999	FALSE	NA	NA	NA	NA	NA	NA
NC_045512.2	23768	G	C	22278	18568	36	2	2	34	8.97626e-05	22281	0.999999	FALSE	NA	NA	NA	NA	NA	NA
NC_045512.2	23768	G	A	22278	18568	36	1	1	34	4.48813e-05	22281	1	FALSE	NA	NA	NA	NA	NA	NA
NC_045512.2	23770	A	G	22276	18697	36	1	1	34	4.48893e-05	22277	1	FALSE	NA	NA	NA	NA	NA	NA
NC_045512.2	23771	G	T	22193	18676	36	1	1	34	4.50511e-05	22197	1	FALSE	NA	NA	NA	NA	NA	NA
NC_045512.2	23771	G	C	22193	18676	36	2	1	30	9.01023e-05	22197	0.999999	FALSE	NA	NA	NA	NA	NA	NA
NC_045512.2	23771	G	A	22193	18676	36	1	0	34	4.50511e-05	22197	1	FALSE	NA	NA	NA	NA	NA	NA
NC_045512.2	23772	A	G	22110	18573	36	1	1	34	4.52264e-05	22111	1	FALSE	NA	NA	NA	NA	NA	NA
NC_045512.2	23773	T	G	22318	18775	37	1	0	26	4.48009e-05	22321	1	FALSE	NA	NA	NA	NA	NA	NA
NC_045512.2	23773	T	C	22318	18775	37	2	2	34	8.96017e-05	22321	0.999999	FALSE	NA	NA	NA	NA	NA	NA
NC_045512.2	23774	T	C	22028	18545	37	1	1	26	4.53947e-05	22029	1	FALSE	NA	NA	NA	NA	NA	NA
NC_045512.2	23775	G	T	22034	18447	37	1	1	26	4.53762e-05	22038	1	FALSE	NA	NA	NA	NA	NA	NA
NC_045512.2	23775	G	C	22034	18447	37	3	3	34	0.000136129	22038	0.99999	FALSE	NA	NA	NA	NA	NA	NA
NC_045512.2	23776	T	C	22694	19325	37	4	4	30	0.000176219	22699	0.999956	FALSE	NA	NA	NA	NA	NA	NA
NC_045512.2	23776	T	A	22694	19325	37	1	0	34	4.40548e-05	22699	1	FALSE	NA	NA	NA	NA	NA	NA
NC_045512.2	23777	A	T	23043	19705	37	2	2	30	8.67566e-05	23053	0.999999	FALSE	NA	NA	NA	NA	NA	NA
NC_045512.2	23777	A	G	23043	19705	37	3	2	34	0.000130135	23053	0.999995	FALSE	NA	NA	NA	NA	NA	NA
NC_045512.2	23777	A	C	23043	19705	37	5	5	32	0.000216892	23053	0.99991	FALSE	NA	NA	NA	NA	NA	NA
NC_045512.2	23777	A	-C	23043	19705	37	1	0	20	4.33783e-05	23053	1	FALSE	NA	NA	NA	NA	NA	NA
NC_045512.2	23778	C	A	23069	19863	37	1	1	26	4.33463e-05	23070	1	FALSE	NA	NA	NA	NA	NA	NA
NC_045512.2	23779	A	G	22315	19124	37	1	1	34	4.48109e-05	22316	1	FALSE	NA	NA	NA	NA	NA	NA
NC_045512.2	23780	A	T	22433	19114	37	1	1	34	4.45752e-05	22434	1	FALSE	NA	NA	NA	NA	NA	NA
NC_045512.2	23781	T	C	21654	18342	36	2	2	30	9.23532e-05	21656	0.999997	FALSE	NA	NA	NA	NA	NA	NA
NC_045512.2	23782	G	C	22215	18781	37	1	1	34	4.50065e-05	22219	1	FALSE	NA	NA	NA	NA	NA	NA
NC_045512.2	23782	G	A	22215	18781	37	3	2	45	0.00013502	22219	0.5	FALSE	NA	NA	NA	NA	NA	NA
NC_045512.2	23783	T	G	23120	19837	37	1	0	34	4.3247e-05	23123	1	FALSE	NA	NA	NA	NA	NA	NA
NC_045512.2	23783	T	C	23120	19837	37	2	2	34	8.6494e-05	23123	0.999999	FALSE	NA	NA	NA	NA	NA	NA
NC_045512.2	23784	A	C	22900	19771	37	1	1	34	4.36662e-05	22901	1	FALSE	NA	NA	NA	NA	NA	NA
NC_045512.2	23785	C	T	22847	19829	37	1	1	26	4.37637e-05	22850	1	FALSE	NA	NA	NA	NA	NA	NA
NC_045512.2	23785	C	G	22847	19829	37	1	1	34	4.37637e-05	22850	1	FALSE	NA	NA	NA	NA	NA	NA
NC_045512.2	23785	C	A	22847	19829	37	1	1	34	4.37637e-05	22850	1	FALSE	NA	NA	NA	NA	NA	NA
NC_045512.2	23786	A	G	22788	19775	37	4	4	34	0.0001755	22792	0.999956	FALSE	NA	NA	NA	NA	NA	NA
NC_045512.2	23786	A	-T	22788	19775	37	1	0	20	4.3875e-05	22792	1	FALSE	NA	NA	NA	NA	NA	NA
NC_045512.2	23787	T	G	21432	18487	35	1	0	34	4.66483e-05	21437	1	FALSE	NA	NA	NA	NA	NA	NA
NC_045512.2	23787	T	C	21432	18487	35	3	3	31	0.000139945	21437	0.999982	FALSE	NA	NA	NA	NA	NA	NA
NC_045512.2	23787	T	A	21432	18487	35	1	1	34	4.66483e-05	21437	1	FALSE	NA	NA	NA	NA	NA	NA
NC_045512.2	23788	T	G	23245	20355	37	1	0	34	4.30182e-05	23246	1	FALSE	NA	NA	NA	NA	NA	NA
NC_045512.2	23789	T	C	22205	19324	37	6	6	34	0.000270136	22211	0.999546	FALSE	NA	NA	NA	NA	NA	NA
NC_045512.2	23791	T	C	21482	18605	37	1	1	34	4.65484e-05	21483	1	FALSE	NA	NA	NA	NA	NA	NA
NC_045512.2	23792	G	T	21468	18628	37	4	4	34	0.00018628	21473	0.999922	FALSE	NA	NA	NA	NA	NA	NA
NC_045512.2	23792	G	C	21468	18628	37	1	1	34	4.65701e-05	21473	1	FALSE	NA	NA	NA	NA	NA	NA
NC_045512.2	23794	T	C	21786	19324	37	5	5	32	0.000229453	21791	0.999734	FALSE	NA	NA	NA	NA	NA	NA
NC_045512.2	23795	G	A	21736	19386	36	1	1	68	4.60045e-05	21737	0.500012	FALSE	NA	NA	NA	NA	NA	NA
NC_045512.2	23796	A	G	21935	19576	36	1	1	34	4.55851e-05	21937	1	FALSE	NA	NA	NA	NA	NA	NA
NC_045512.2	23796	A	C	21935	19576	36	1	0	34	4.55851e-05	21937	1	FALSE	NA	NA	NA	NA	NA	NA
NC_045512.2	23797	T	C	21972	19633	36	4	3	40	0.000182017	21976	0.343761	FALSE	NA	NA	NA	NA	NA	NA
NC_045512.2	23798	T	C	21989	19658	36	5	5	32	0.000227335	21994	0.999734	FALSE	NA	NA	NA	NA	NA	NA
NC_045512.2	23799	C	T	21863	19580	36	1	1	34	4.57373e-05	21864	1	FALSE	NA	NA	NA	NA	NA	NA
NC_045512.2	23800	A	T	21837	19562	36	1	1	26	4.57771e-05	21845	1	FALSE	NA	NA	NA	NA	NA	NA
NC_045512.2	23800	A	G	21837	19562	36	5	4	32	0.000228885	21845	0.999734	FALSE	NA	NA	NA	NA	NA	NA
NC_045512.2	23800	A	C	21837	19562	36	2	2	34	9.15541e-05	21845	0.999997	FALSE	NA	NA	NA	NA	NA	NA
NC_045512.2	23801	A	T	21896	19639	36	1	1	34	4.56684e-05	21897	1	FALSE	NA	NA	NA	NA	NA	NA
NC_045512.2	23802	C	T	21914	19663	36	1	1	34	4.56267e-05	21917	1	FALSE	NA	NA	NA	NA	NA	NA
NC_045512.2	23802	C	A	21914	19663	36	2	2	34	9.12534e-05	21917	0.999997	FALSE	NA	NA	NA	NA	NA	NA
NC_045512.2	23803	T	C	22280	20066	36	2	2	34	8.97585e-05	22282	0.999999	FALSE	NA	NA	NA	NA	NA	NA
NC_045512.2	23805	A	G	22482	20283	37	1	1	34	4.44781e-05	22483	1	FALSE	NA	NA	NA	NA	NA	NA
NC_045512.2	23806	A	G	22513	20344	37	2	1	29	8.88297e-05	22515	1	FALSE	NA	NA	NA	NA	NA	NA
NC_045512.2	23807	T	C	22520	20355	37	3	3	31	0.000133197	22523	0.99999	FALSE	NA	NA	NA	NA	NA	NA
NC_045512.2	23808	G	A	22260	20087	37	2	2	34	8.98392e-05	22262	0.999999	FALSE	NA	NA	NA	NA	NA	NA
NC_045512.2	23809	C	T	22306	20133	37	4	4	34	0.000179292	22310	0.999956	FALSE	NA	NA	NA	NA	NA	NA
NC_045512.2	23811	G	A	19177	17275	37	2668	2402	37	0.122133	21845	0	TRUE	NA	NA	NA	NA	NA	NA
NC_045512.2	23812	C	T	22773	20763	37	6	2	32	0.000263389	22780	0.999545	FALSE	NA	NA	NA	NA	NA	NA
NC_045512.2	23812	C	G	22773	20763	37	1	1	34	4.38982e-05	22780	1	FALSE	NA	NA	NA	NA	NA	NA
NC_045512.2	23813	A	T	22583	20567	37	3	3	34	0.000132814	22588	0.99999	FALSE	NA	NA	NA	NA	NA	NA
NC_045512.2	23813	A	C	22583	20567	37	2	2	30	8.85426e-05	22588	0.999999	FALSE	NA	NA	NA	NA	NA	NA
NC_045512.2	23814	A	T	22668	20656	37	3	3	31	0.000132328	22671	0.99999	FALSE	NA	NA	NA	NA	NA	NA
NC_045512.2	23816	C	T	22589	20579	37	1	1	34	4.42674e-05	22590	1	FALSE	NA	NA	NA	NA	NA	NA
NC_045512.2	23817	T	G	22678	20691	37	4	4	34	0.00017632	22686	0.999956	FALSE	NA	NA	NA	NA	NA	NA
NC_045512.2	23817	T	C	22678	20691	37	4	4	34	0.00017632	22686	0.999956	FALSE	NA	NA	NA	NA	NA	NA
NC_045512.2	23818	T	C	22143	20164	36	1	1	34	4.5159e-05	22144	1	FALSE	NA	NA	NA	NA	NA	NA
NC_045512.2	23820	T	C	22149	20319	36	1	0	68	4.51447e-05	22151	0.5	FALSE	NA	NA	NA	NA	NA	NA
NC_045512.2	23820	T	A	22149	20319	36	1	1	26	4.51447e-05	22151	1	FALSE	NA	NA	NA	NA	NA	NA
NC_045512.2	23822	T	C	22933	21209	36	4	4	34	0.000174391	22937	0.999956	FALSE	NA	NA	NA	NA	NA	NA
NC_045512.2	23824	G	T	23210	21541	37	1	1	26	4.30737e-05	23216	1	FALSE	NA	NA	NA	NA	NA	NA
NC_045512.2	23824	G	A	23210	21541	37	5	3	40	0.000215369	23216	0.226545	FALSE	NA	NA	NA	NA	NA	NA
NC_045512.2	23827	A	G	23285	21728	37	2	2	34	8.58848e-05	23287	0.999999	FALSE	NA	NA	NA	NA	NA	NA
NC_045512.2	23828	T	C	23148	21593	36	1	1	34	4.31984e-05	23149	1	FALSE	NA	NA	NA	NA	NA	NA
NC_045512.2	23829	A	T	23570	22064	36	1	1	26	4.24232e-05	23572	1	FALSE	NA	NA	NA	NA	NA	NA
NC_045512.2	23829	A	G	23570	22064	36	1	1	34	4.24232e-05	23572	1	FALSE	NA	NA	NA	NA	NA	NA
NC_045512.2	23830	T	A	23514	22001	37	1	1	34	4.2526e-05	23515	1	FALSE	NA	NA	NA	NA	NA	NA
NC_045512.2	23831	G	C	23491	21980	37	1	1	34	4.25659e-05	23493	1	FALSE	NA	NA	NA	NA	NA	NA
NC_045512.2	23831	G	A	23491	21980	37	1	1	34	4.25659e-05	23493	1	FALSE	NA	NA	NA	NA	NA	NA
NC_045512.2	23832	G	T	23381	21871	36	2	2	30	8.54737e-05	23399	0.999999	FALSE	NA	NA	NA	NA	NA	NA
NC_045512.2	23832	G	A	23381	21871	36	16	15	38	0.00068379	23399	0.900275	FALSE	NA	NA	NA	NA	NA	NA
NC_045512.2	23833	C	T	23476	21983	36	3	3	34	0.000127774	23479	0.999995	FALSE	NA	NA	NA	NA	NA	NA
NC_045512.2	23834	A	G	23161	21669	36	5	4	44	0.000215834	23166	0.226562	FALSE	NA	NA	NA	NA	NA	NA
NC_045512.2	23835	G	A	23109	21617	36	1	1	34	4.32713e-05	23110	1	FALSE	NA	NA	NA	NA	NA	NA
NC_045512.2	23835	G	-T	23109	21617	36	2	0	20	8.65426e-05	23110	1	FALSE	NA	NA	NA	NA	NA	NA
NC_045512.2	23838	T	C	22580	21159	36	4	4	34	0.000177117	22584	0.999956	FALSE	NA	NA	NA	NA	NA	NA
NC_045512.2	23839	T	G	22800	21382	36	1	0	27	4.38577e-05	22801	1	FALSE	NA	NA	NA	NA	NA	NA
NC_045512.2	23840	T	C	22752	21374	36	3	3	31	0.000131839	22755	0.99999	FALSE	NA	NA	NA	NA	NA	NA
NC_045512.2	23842	T	C	22726	21382	36	1	1	34	4.40005e-05	22727	1	FALSE	NA	NA	NA	NA	NA	NA
NC_045512.2	23843	A	G	22714	21366	36	5	5	34	0.00022008	22719	0.999845	FALSE	NA	NA	NA	NA	NA	NA
NC_045512.2	23844	C	A	22722	21386	36	1	1	34	4.40083e-05	22723	1	FALSE	NA	NA	NA	NA	NA	NA
NC_045512.2	23845	A	T	22377	21047	36	1	1	34	4.46808e-05	22381	1	FALSE	NA	NA	NA	NA	NA	NA
NC_045512.2	23845	A	G	22377	21047	36	1	1	68	4.46808e-05	22381	0.499978	FALSE	NA	NA	NA	NA	NA	NA
NC_045512.2	23845	A	C	22377	21047	36	2	2	27	8.93615e-05	22381	1	FALSE	NA	NA	NA	NA	NA	NA
NC_045512.2	23847	A	T	22034	20702	36	1	1	34	4.53782e-05	22037	1	FALSE	NA	NA	NA	NA	NA	NA
NC_045512.2	23847	A	G	22034	20702	36	2	2	51	9.07565e-05	22037	0.249994	FALSE	NA	NA	NA	NA	NA	NA
NC_045512.2	23848	A	G	22087	20796	36	2	2	36	9.05428e-05	22089	0.999999	FALSE	NA	NA	NA	NA	NA	NA
NC_045512.2	23849	T	C	22070	20784	36	3	3	34	0.000135913	22073	0.99999	FALSE	NA	NA	NA	NA	NA	NA
NC_045512.2	23850	T	C	21973	20957	36	1	1	26	4.55083e-05	21974	1	FALSE	NA	NA	NA	NA	NA	NA
NC_045512.2	23851	A	G	21959	20946	35	3	3	34	0.0001366	21962	0.999982	FALSE	NA	NA	NA	NA	NA	NA
NC_045512.2	23852	A	G	21917	20907	35	1	1	34	4.56246e-05	21918	1	FALSE	NA	NA	NA	NA	NA	NA
NC_045512.2	23853	A	G	21841	20829	35	4	4	34	0.000183108	21845	0.999922	FALSE	NA	NA	NA	NA	NA	NA
NC_045512.2	23853	A	-C	21841	20829	35	3	0	20	0.000137331	21845	1	FALSE	NA	NA	NA	NA	NA	NA
NC_045512.2	23854	C	G	8	7	42	2	2	30	9.17936e-05	21788	4.76692e-05	TRUE	NA	NA	NA	NA	NA	NA
NC_045512.2	23854	C	A	8	7	42	21778	20785	35	0.999541	21788	0	TRUE	NA	NA	NA	NA	NA	NA
NC_045512.2	23855	C	G	20140	19201	35	6	6	34	0.000297826	20146	0.998757	FALSE	NA	NA	NA	NA	NA	NA
NC_045512.2	23858	G	A	12107	11237	36	1	1	34	8.259e-05	12108	0.999878	FALSE	NA	NA	NA	NA	NA	NA
NC_045512.2	23859	C	G	12093	11237	36	1	0	27	8.26856e-05	12094	1	FALSE	NA	NA	NA	NA	NA	NA
NC_045512.2	23860	T	C	11876	11028	36	1	1	34	8.41963e-05	11877	0.999757	FALSE	NA	NA	NA	NA	NA	NA
NC_045512.2	23863	A	G	11777	10943	36	1	1	34	8.49041e-05	11778	0.999757	FALSE	NA	NA	NA	NA	NA	NA
NC_045512.2	23865	C	T	11728	11045	36	1	1	34	8.52588e-05	11729	0.999757	FALSE	NA	NA	NA	NA	NA	NA
NC_045512.2	23866	T	G	11482	10802	36	1	1	34	8.70701e-05	11485	0.999756	FALSE	NA	NA	NA	NA	NA	NA
NC_045512.2	23866	T	C	11482	10802	36	2	2	34	0.00017414	11485	0.998295	FALSE	NA	NA	NA	NA	NA	NA
NC_045512.2	23868	G	A	11207	10535	36	2	2	34	0.000178428	11209	0.998296	FALSE	NA	NA	NA	NA	NA	NA
NC_045512.2	23869	A	G	11239	10573	36	2	2	34	0.00017792	11241	0.998296	FALSE	NA	NA	NA	NA	NA	NA
NC_045512.2	23870	A	G	11240	10578	36	1	0	68	8.89521e-05	11242	0.5	FALSE	NA	NA	NA	NA	NA	NA
NC_045512.2	23870	A	C	11240	10578	36	1	1	34	8.89521e-05	11242	0.999757	FALSE	NA	NA	NA	NA	NA	NA
NC_045512.2	23872	A	T	10755	10206	35	2	2	34	0.000185908	10758	0.996833	FALSE	NA	NA	NA	NA	NA	NA
NC_045512.2	23872	A	C	10755	10206	35	1	1	34	9.29541e-05	10758	0.999513	FALSE	NA	NA	NA	NA	NA	NA
NC_045512.2	23873	G	A	10701	10177	35	1	1	34	9.34405e-05	10702	0.999513	FALSE	NA	NA	NA	NA	NA	NA
NC_045512.2	23876	G	T	10072	9613	35	1	1	26	9.92753e-05	10073	1	FALSE	NA	NA	NA	NA	NA	NA
NC_045512.2	23877	T	C	9263	8815	35	2	2	34	0.000215866	9265	0.994155	FALSE	NA	NA	NA	NA	NA	NA
NC_045512.2	23878	T	C	8674	8229	35	2	2	34	0.000230494	8677	0.989276	FALSE	NA	NA	NA	NA	NA	NA
NC_045512.2	23878	T	A	8674	8229	35	1	1	34	0.000115247	8677	0.99805	FALSE	NA	NA	NA	NA	NA	NA
NC_045512.2	23879	G	T	8686	8247	35	1	1	26	0.000115088	8689	1	FALSE	NA	NA	NA	NA	NA	NA
NC_045512.2	23879	G	C	8686	8247	35	2	2	30	0.000230176	8689	0.989276	FALSE	NA	NA	NA	NA	NA	NA
NC_045512.2	23880	A	T	8666	8227	35	2	2	34	0.000230734	8668	0.989281	FALSE	NA	NA	NA	NA	NA	NA
NC_045512.2	23881	A	G	16506	8291	34	5	3	34	0.000302828	16511	0.996412	FALSE	NA	NA	NA	NA	NA	NA
NC_045512.2	23882	C	G	16541	8376	34	1	0	34	6.04522e-05	16542	0.999992	FALSE	NA	NA	NA	NA	NA	NA
NC_045512.2	23883	A	G	15198	7040	34	1	0	34	6.57938e-05	15199	0.999985	FALSE	NA	NA	NA	NA	NA	NA
NC_045512.2	23884	A	G	15743	7039	34	5	1	32	0.0003174	15753	0.994095	FALSE	NA	NA	NA	NA	NA	NA
NC_045512.2	23884	A	C	15743	7039	34	5	5	34	0.0003174	15753	0.994095	FALSE	NA	NA	NA	NA	NA	NA
NC_045512.2	23886	A	G	15797	6859	33	5	4	34	0.000316416	15802	0.994106	FALSE	NA	NA	NA	NA	NA	NA
NC_045512.2	23887	C	T	16353	6881	34	1	0	34	6.11471e-05	16354	0.999992	FALSE	NA	NA	NA	NA	NA	NA
NC_045512.2	23887	C	-A	16353	6881	34	1	0	20	6.11471e-05	16354	1	FALSE	NA	NA	NA	NA	NA	NA
NC_045512.2	23888	A	G	15804	6326	34	11	9	34	0.000695542	15815	0.83663	FALSE	NA	NA	NA	NA	NA	NA
NC_045512.2	23889	A	G	15826	6302	34	5	4	34	0.000315836	15831	0.994106	FALSE	NA	NA	NA	NA	NA	NA
NC_045512.2	23890	A	G	15232	6296	33	1	1	34	6.5647e-05	15233	0.999985	FALSE	NA	NA	NA	NA	NA	NA
NC_045512.2	23891	A	G	15781	6271	34	2	1	34	0.000126703	15785	0.999863	FALSE	NA	NA	NA	NA	NA	NA
NC_045512.2	23891	A	C	15781	6271	34	2	0	34	0.000126703	15785	0.999863	FALSE	NA	NA	NA	NA	NA	NA
NC_045512.2	23892	A	G	15278	6276	33	1	0	34	6.54108e-05	15288	0.999985	FALSE	NA	NA	NA	NA	NA	NA
NC_045512.2	23892	A	C	15278	6276	33	9	9	33	0.000588697	15288	0.924285	FALSE	NA	NA	NA	NA	NA	NA
NC_045512.2	23894	A	G	15022	5323	34	2	0	34	0.00013312	15024	0.999863	FALSE	NA	NA	NA	NA	NA	NA
NC_045512.2	23894	A	-C	15022	5323	34	1	0	20	6.65602e-05	15024	1	FALSE	NA	NA	NA	NA	NA	NA
NC_045512.2	23895	C	T	15560	5364	34	6	0	34	0.000385455	15566	0.986723	FALSE	NA	NA	NA	NA	NA	NA
NC_045512.2	23896	C	T	15343	5283	35	2	2	26	0.000130319	15347	1	FALSE	NA	NA	NA	NA	NA	NA
NC_045512.2	23896	C	A	15343	5283	35	2	1	30	0.000130319	15347	0.999863	FALSE	NA	NA	NA	NA	NA	NA
NC_045512.2	23897	C	T	15467	5303	35	1	0	34	6.46496e-05	15468	0.999985	FALSE	NA	NA	NA	NA	NA	NA
NC_045512.2	23897	C	-A	15467	5303	35	1	0	20	6.46496e-05	15468	1	FALSE	NA	NA	NA	NA	NA	NA
NC_045512.2	23899	A	G	15370	5233	35	1	1	34	6.50576e-05	15371	0.999985	FALSE	NA	NA	NA	NA	NA	NA
NC_045512.2	23901	A	G	15038	5262	34	2	0	34	0.000132979	15040	0.999863	FALSE	NA	NA	NA	NA	NA	NA
NC_045512.2	23903	G	T	15994	5160	35	1	1	26	6.25039e-05	15999	1	FALSE	NA	NA	NA	NA	NA	NA
NC_045512.2	23903	G	C	15994	5160	35	1	1	26	6.25039e-05	15999	1	FALSE	NA	NA	NA	NA	NA	NA
NC_045512.2	23903	G	A	15994	5160	35	3	0	34	0.000187512	15999	0.999345	FALSE	NA	NA	NA	NA	NA	NA
NC_045512.2	23903	G	-T	15994	5160	35	4	0	20	0.000250016	15999	1	FALSE	NA	NA	NA	NA	NA	NA
NC_045512.2	23904	T	C	14950	4109	35	4	1	34	0.000267487	14954	0.996235	FALSE	NA	NA	NA	NA	NA	NA
NC_045512.2	23905	T	G	15060	4209	35	3	0	28	0.00019915	15064	1	FALSE	NA	NA	NA	NA	NA	NA
NC_045512.2	23905	T	C	15060	4209	35	1	0	34	6.63834e-05	15064	0.999985	FALSE	NA	NA	NA	NA	NA	NA
NC_045512.2	23906	T	G	14834	3965	35	1	0	34	6.74036e-05	14836	0.99997	FALSE	NA	NA	NA	NA	NA	NA
NC_045512.2	23906	T	C	14834	3965	35	1	0	38	6.74036e-05	14836	0.99997	FALSE	NA	NA	NA	NA	NA	NA
NC_045512.2	23907	T	C	14930	4018	35	1	1	68	6.69748e-05	14931	0.500017	FALSE	NA	NA	NA	NA	NA	NA
NC_045512.2	23908	T	G	14959	4012	35	5	0	34	0.000334135	14964	0.990417	FALSE	NA	NA	NA	NA	NA	NA
NC_045512.2	23909	G	A	15373	4019	35	2	0	34	0.000130081	15375	0.999863	FALSE	NA	NA	NA	NA	NA	NA
NC_045512.2	23910	C	T	15327	4031	35	11	3	39	0.000717173	15338	0.836675	FALSE	NA	NA	NA	NA	NA	NA
NC_045512.2	23911	A	G	11687	411	35	1	0	34	8.55578e-05	11688	0.999757	FALSE	NA	NA	NA	NA	NA	NA
NC_045512.2	23912	C	G	11694	417	35	4	0	32	0.000341939	11698	0.982457	FALSE	NA	NA	NA	NA	NA	NA
NC_045512.2	23914	A	G	12260	433	35	1	0	34	8.15594e-05	12261	0.999878	FALSE	NA	NA	NA	NA	NA	NA
NC_045512.2	23916	T	C	12296	478	36	1	0	34	8.13206e-05	12297	0.999878	FALSE	NA	NA	NA	NA	NA	NA
NC_045512.2	23917	C	A	12297	491	36	2	0	30	0.000162615	12299	0.999087	FALSE	NA	NA	NA	NA	NA	NA
NC_045512.2	23918	A	T	12315	497	36	1	0	34	8.11886e-05	12317	0.999878	FALSE	NA	NA	NA	NA	NA	NA
NC_045512.2	23918	A	G	12315	497	36	1	0	34	8.11886e-05	12317	0.999878	FALSE	NA	NA	NA	NA	NA	NA
NC_045512.2	23919	A	G	12295	499	36	3	0	34	0.000243942	12298	0.996318	FALSE	NA	NA	NA	NA	NA	NA
NC_045512.2	23920	A	G	12051	504	35	1	0	34	8.29738e-05	12052	0.999878	FALSE	NA	NA	NA	NA	NA	NA
NC_045512.2	23921	C	T	12462	507	36	1	0	34	8.02375e-05	12463	0.999878	FALSE	NA	NA	NA	NA	NA	NA
NC_045512.2	23924	A	G	12257	516	35	6	0	32	0.000489277	12263	0.951952	FALSE	NA	NA	NA	NA	NA	NA
NC_045512.2	23927	T	C	12844	545	36	2	0	34	0.00015569	12846	0.999087	FALSE	NA	NA	NA	NA	NA	NA
NC_045512.2	23928	A	G	12940	580	36	2	0	34	0.000154536	12942	0.999087	FALSE	NA	NA	NA	NA	NA	NA
NC_045512.2	23929	C	T	12837	587	36	1	0	34	7.78938e-05	12838	0.999878	FALSE	NA	NA	NA	NA	NA	NA
NC_045512.2	23930	A	G	12929	588	36	5	0	34	0.000386578	12934	0.975525	FALSE	NA	NA	NA	NA	NA	NA
NC_045512.2	23931	A	G	13190	597	36	1	1	68	7.58035e-05	13192	0.5	FALSE	NA	NA	NA	NA	NA	NA
NC_045512.2	23931	A	C	13190	597	36	1	0	34	7.58035e-05	13192	0.999939	FALSE	NA	NA	NA	NA	NA	NA
NC_045512.2	23933	A	G	13285	599	36	1	0	34	7.52672e-05	13286	0.999939	FALSE	NA	NA	NA	NA	NA	NA
NC_045512.2	23933	A	+CAC	13285	599	36	1	0	20	7.52672e-05	13286	1	FALSE	NA	NA	NA	NA	NA	NA
NC_045512.2	23935	A	T	13377	626	36	3	2	68	0.000224198	13381	0.124986	FALSE	NA	NA	NA	NA	NA	NA
NC_045512.2	23935	A	G	13377	626	36	1	0	34	7.47328e-05	13381	0.999939	FALSE	NA	NA	NA	NA	NA	NA
NC_045512.2	23936	C	T	13571	632	36	4	0	34	0.000294659	13575	0.993653	FALSE	NA	NA	NA	NA	NA	NA
NC_045512.2	23938	A	G	13558	637	36	1	0	26	7.37518e-05	13559	1	FALSE	NA	NA	NA	NA	NA	NA
NC_045512.2	23938	A	-C	13558	637	36	1	0	20	7.37518e-05	13559	1	FALSE	NA	NA	NA	NA	NA	NA
NC_045512.2	23938	A	+C	13558	637	36	1	0	20	7.37518e-05	13559	1	FALSE	NA	NA	NA	NA	NA	NA
NC_045512.2	23939	C	A	14012	643	36	2	0	34	0.000142714	14014	0.999741	FALSE	NA	NA	NA	NA	NA	NA
NC_045512.2	23940	C	A	14409	648	36	1	0	34	6.93963e-05	14410	0.99997	FALSE	NA	NA	NA	NA	NA	NA
NC_045512.2	23941	A	T	14838	654	36	1	0	34	6.73854e-05	14840	0.99997	FALSE	NA	NA	NA	NA	NA	NA
NC_045512.2	23941	A	G	14838	654	36	1	0	26	6.73854e-05	14840	1	FALSE	NA	NA	NA	NA	NA	NA
NC_045512.2	23943	T	G	16367	664	36	1	0	34	6.10911e-05	16369	0.999992	FALSE	NA	NA	NA	NA	NA	NA
NC_045512.2	23943	T	A	16367	664	36	1	0	34	6.10911e-05	16369	0.999992	FALSE	NA	NA	NA	NA	NA	NA
NC_045512.2	23944	T	C	16382	765	36	2	0	34	0.00012207	16384	0.999928	FALSE	NA	NA	NA	NA	NA	NA
NC_045512.2	23946	A	G	16206	785	36	3	0	31	0.000185082	16209	0.999637	FALSE	NA	NA	NA	NA	NA	NA
NC_045512.2	23948	G	T	1	0	34	16564	776	36	0.99994	16565	0	TRUE	NA	NA	NA	NA	NA	NA
NC_045512.2	23949	A	G	15595	790	35	1	0	34	6.4119e-05	15596	0.999985	FALSE	NA	NA	NA	NA	NA	NA
NC_045512.2	23950	T	C	16676	833	36	1	0	34	5.99628e-05	16677	0.999992	FALSE	NA	NA	NA	NA	NA	NA
NC_045512.2	23951	T	G	16666	839	36	1	0	34	5.99988e-05	16667	0.999992	FALSE	NA	NA	NA	NA	NA	NA
NC_045512.2	23952	T	G	16688	854	36	1	0	34	5.99125e-05	16691	0.999992	FALSE	NA	NA	NA	NA	NA	NA
NC_045512.2	23952	T	C	16688	854	36	2	0	34	0.000119825	16691	0.999928	FALSE	NA	NA	NA	NA	NA	NA
NC_045512.2	23953	T	G	16708	889	37	2	0	30	0.000119653	16715	0.999928	FALSE	NA	NA	NA	NA	NA	NA
NC_045512.2	23953	T	C	16708	889	37	5	0	34	0.000299133	16715	0.996409	FALSE	NA	NA	NA	NA	NA	NA
NC_045512.2	23954	G	C	16682	887	37	1	0	34	5.99413e-05	16683	0.999992	FALSE	NA	NA	NA	NA	NA	NA
NC_045512.2	23955	G	T	16668	926	37	1	0	34	5.99808e-05	16672	0.999992	FALSE	NA	NA	NA	NA	NA	NA
NC_045512.2	23955	G	A	16668	926	37	3	0	45	0.000179942	16672	0.312489	FALSE	NA	NA	NA	NA	NA	NA
NC_045512.2	23956	T	G	16756	932	37	1	0	34	5.9673e-05	16758	0.999992	FALSE	NA	NA	NA	NA	NA	NA
NC_045512.2	23956	T	C	16756	932	37	1	0	34	5.9673e-05	16758	0.999992	FALSE	NA	NA	NA	NA	NA	NA
NC_045512.2	23956	T	-G	16756	932	37	1	0	20	5.9673e-05	16758	1	FALSE	NA	NA	NA	NA	NA	NA
NC_045512.2	23957	G	A	17345	938	37	5	0	34	0.000288184	17350	0.997834	FALSE	NA	NA	NA	NA	NA	NA
NC_045512.2	23959	T	G	17710	994	37	9	0	33	0.000507901	17720	0.962294	FALSE	NA	NA	NA	NA	NA	NA
NC_045512.2	23959	T	C	17710	994	37	1	0	34	5.64334e-05	17720	0.999996	FALSE	NA	NA	NA	NA	NA	NA
NC_045512.2	23960	T	C	17724	1012	37	2	0	51	0.000112829	17726	0.250007	FALSE	NA	NA	NA	NA	NA	NA
NC_045512.2	23962	T	C	17737	1013	37	3	0	34	0.000169109	17740	0.9998	FALSE	NA	NA	NA	NA	NA	NA
NC_045512.2	23964	A	-T	16828	1124	37	1	0	20	5.94248e-05	16828	1	FALSE	NA	NA	NA	NA	NA	NA
NC_045512.2	23964	A	+T	16828	1124	37	1	0	20	5.94248e-05	16828	1	FALSE	NA	NA	NA	NA	NA	NA
NC_045512.2	23965	T	C	16790	1123	37	2	1	30	0.000119104	16792	0.999928	FALSE	NA	NA	NA	NA	NA	NA
NC_045512.2	23966	T	G	16313	1138	37	1	0	34	6.12895e-05	16316	0.999992	FALSE	NA	NA	NA	NA	NA	NA
NC_045512.2	23966	T	C	16313	1138	37	1	0	34	6.12895e-05	16316	0.999992	FALSE	NA	NA	NA	NA	NA	NA
NC_045512.2	23966	T	A	16313	1138	37	1	0	26	6.12895e-05	16316	1	FALSE	NA	NA	NA	NA	NA	NA
NC_045512.2	23967	T	G	16282	1123	37	2	0	34	0.00012282	16284	0.999928	FALSE	NA	NA	NA	NA	NA	NA
NC_045512.2	23968	T	C	15426	1209	37	1	0	34	6.48214e-05	15427	0.999985	FALSE	NA	NA	NA	NA	NA	NA
NC_045512.2	23969	T	C	14051	1340	36	2	0	34	0.000142318	14053	0.999742	FALSE	NA	NA	NA	NA	NA	NA
NC_045512.2	23971	A	G	14078	1357	37	1	0	34	7.10278e-05	14079	0.99997	FALSE	NA	NA	NA	NA	NA	NA
NC_045512.2	23972	C	T	13950	1364	37	1	0	34	7.16794e-05	13951	0.999939	FALSE	NA	NA	NA	NA	NA	NA
NC_045512.2	23972	C	+A	13950	1364	37	1	0	20	7.16794e-05	13951	1	FALSE	NA	NA	NA	NA	NA	NA
NC_045512.2	23974	A	T	14757	1389	36	1	0	34	6.77461e-05	14761	0.99997	FALSE	NA	NA	NA	NA	NA	NA
NC_045512.2	23974	A	G	14757	1389	36	2	0	34	0.000135492	14761	0.999741	FALSE	NA	NA	NA	NA	NA	NA
NC_045512.2	23974	A	C	14757	1389	36	1	1	26	6.77461e-05	14761	1	FALSE	NA	NA	NA	NA	NA	NA
NC_045512.2	23976	T	G	13501	1826	37	3	0	34	0.00022214	13505	0.997915	FALSE	NA	NA	NA	NA	NA	NA
NC_045512.2	23976	T	A	13501	1826	37	1	0	26	7.40466e-05	13505	1	FALSE	NA	NA	NA	NA	NA	NA
NC_045512.2	23979	T	C	13555	2012	37	6	1	62	0.000442445	13561	0.0156198	FALSE	NA	NA	NA	NA	NA	NA
NC_045512.2	23981	C	T	12620	2097	37	8	0	34	0.000631562	12667	0.867058	FALSE	NA	NA	NA	NA	NA	NA
NC_045512.2	23981	C	A	12620	2097	37	39	10	33	0.00307887	12667	9.68677e-05	TRUE	NA	NA	NA	NA	NA	NA
NC_045512.2	23983	A	G	12633	1973	37	3	0	34	0.000237417	12636	0.996317	FALSE	NA	NA	NA	NA	NA	NA
NC_045512.2	23984	G	A	12618	1960	36	1	0	34	7.92456e-05	12619	0.999878	FALSE	NA	NA	NA	NA	NA	NA
NC_045512.2	23987	C	T	11659	2216	36	1	0	34	8.57633e-05	11660	0.999757	FALSE	NA	NA	NA	NA	NA	NA
NC_045512.2	23988	C	T	12289	2202	36	1	0	34	8.1367e-05	12290	0.999878	FALSE	NA	NA	NA	NA	NA	NA
NC_045512.2	23990	T	C	12443	2305	36	2	0	34	0.000160707	12445	0.999087	FALSE	NA	NA	NA	NA	NA	NA
NC_045512.2	23991	C	T	12408	2309	36	3	0	68	0.000241721	12411	0.125	FALSE	NA	NA	NA	NA	NA	NA
NC_045512.2	23991	C	-A	12408	2309	36	6	0	20	0.000483442	12411	1	FALSE	NA	NA	NA	NA	NA	NA
NC_045512.2	23993	A	T	12333	2372	36	1	1	26	8.10636e-05	12336	1	FALSE	NA	NA	NA	NA	NA	NA
NC_045512.2	23993	A	G	12333	2372	36	2	0	34	0.000162127	12336	0.999087	FALSE	NA	NA	NA	NA	NA	NA
NC_045512.2	23995	A	C	12240	2490	36	2	0	34	0.000163372	12242	0.999087	FALSE	NA	NA	NA	NA	NA	NA
NC_045512.2	23996	C	T	12145	2559	36	2	0	34	0.000164636	12148	0.999087	FALSE	NA	NA	NA	NA	NA	NA
NC_045512.2	23996	C	G	12145	2559	36	1	1	34	8.23181e-05	12148	0.999878	FALSE	NA	NA	NA	NA	NA	NA
NC_045512.2	23998	A	G	11946	2368	37	1	0	34	8.3703e-05	11947	0.999757	FALSE	NA	NA	NA	NA	NA	NA
NC_045512.2	23999	A	G	12028	2356	36	2	1	34	0.000166251	12030	0.999087	FALSE	NA	NA	NA	NA	NA	NA
NC_045512.2	24000	G	T	12097	2362	36	1	0	68	8.26378e-05	12101	0.499959	FALSE	NA	NA	NA	NA	NA	NA
NC_045512.2	24000	G	A	12097	2362	36	3	0	34	0.000247913	12101	0.996316	FALSE	NA	NA	NA	NA	NA	NA
NC_045512.2	24002	A	G	12125	2341	37	1	0	68	8.24674e-05	12126	0.500021	FALSE	NA	NA	NA	NA	NA	NA
NC_045512.2	24004	G	A	11586	2384	36	1	1	26	8.63036e-05	11587	1	FALSE	NA	NA	NA	NA	NA	NA
NC_045512.2	24005	A	G	11413	2532	36	1	0	34	8.76117e-05	11414	0.999757	FALSE	NA	NA	NA	NA	NA	NA
NC_045512.2	24009	C	T	11873	2946	37	1	0	34	8.42176e-05	11874	0.999757	FALSE	NA	NA	NA	NA	NA	NA
NC_045512.2	24010	A	C	11871	2961	37	1	0	34	8.42318e-05	11872	0.999757	FALSE	NA	NA	NA	NA	NA	NA
NC_045512.2	24010	A	+T	11871	2961	37	2	0	20	0.000168464	11872	1	FALSE	NA	NA	NA	NA	NA	NA
NC_045512.2	24013	T	G	12075	3191	37	1	0	34	8.27883e-05	12079	0.999878	FALSE	NA	NA	NA	NA	NA	NA
NC_045512.2	24013	T	C	12075	3191	37	3	2	42	0.000248365	12079	0.312484	FALSE	NA	NA	NA	NA	NA	NA
NC_045512.2	24014	A	T	12340	3435	37	1	1	34	8.10241e-05	12342	0.999878	FALSE	NA	NA	NA	NA	NA	NA
NC_045512.2	24014	A	G	12340	3435	37	1	0	27	8.10241e-05	12342	1	FALSE	NA	NA	NA	NA	NA	NA
NC_045512.2	24015	T	C	11784	3338	37	1	0	34	8.48536e-05	11785	0.999757	FALSE	NA	NA	NA	NA	NA	NA
NC_045512.2	24018	A	G	11904	3450	37	1	0	34	8.39983e-05	11905	0.999757	FALSE	NA	NA	NA	NA	NA	NA
NC_045512.2	24019	A	T	11898	3435	37	1	1	34	8.40336e-05	11900	0.999757	FALSE	NA	NA	NA	NA	NA	NA
NC_045512.2	24019	A	G	11898	3435	37	1	0	34	8.40336e-05	11900	0.999757	FALSE	NA	NA	NA	NA	NA	NA
NC_045512.2	24021	A	G	11927	3486	37	2	1	29	0.000167659	11929	1	FALSE	NA	NA	NA	NA	NA	NA
NC_045512.2	24022	T	C	11994	3448	37	1	0	34	8.33611e-05	11996	0.999757	FALSE	NA	NA	NA	NA	NA	NA
NC_045512.2	24022	T	A	11994	3448	37	1	1	34	8.33611e-05	11996	0.999757	FALSE	NA	NA	NA	NA	NA	NA
NC_045512.2	24024	T	C	11990	3682	37	8	0	34	0.000666778	11998	0.820503	FALSE	NA	NA	NA	NA	NA	NA
NC_045512.2	24025	A	G	12154	3679	37	2	1	34	0.000164528	12156	0.999087	FALSE	NA	NA	NA	NA	NA	NA
NC_045512.2	24027	T	C	12114	3680	37	2	1	34	0.000165071	12116	0.999087	FALSE	NA	NA	NA	NA	NA	NA
NC_045512.2	24029	T	G	12042	3649	37	1	0	34	8.3022e-05	12045	0.999878	FALSE	NA	NA	NA	NA	NA	NA
NC_045512.2	24029	T	C	12042	3649	37	2	1	51	0.000166044	12045	0.24999	FALSE	NA	NA	NA	NA	NA	NA
NC_045512.2	24032	A	G	11893	3738	37	2	1	34	0.000168138	11895	0.998296	FALSE	NA	NA	NA	NA	NA	NA
NC_045512.2	24033	A	G	11823	3743	37	4	3	34	0.000338209	11827	0.982457	FALSE	NA	NA	NA	NA	NA	NA
NC_045512.2	24034	C	A	11759	3764	37	2	0	34	0.000170054	11761	0.998296	FALSE	NA	NA	NA	NA	NA	NA
NC_045512.2	24035	A	G	11731	3685	37	1	1	34	8.5237e-05	11732	0.999757	FALSE	NA	NA	NA	NA	NA	NA
NC_045512.2	24036	A	G	11993	3684	37	2	2	40	0.000166736	11995	0.500031	FALSE	NA	NA	NA	NA	NA	NA
NC_045512.2	24037	A	G	11386	3706	36	3	1	34	0.000263412	11389	0.993546	FALSE	NA	NA	NA	NA	NA	NA
NC_045512.2	24038	G	C	11795	3709	37	1	1	34	8.47673e-05	11797	0.999757	FALSE	NA	NA	NA	NA	NA	NA
NC_045512.2	24038	G	A	11795	3709	37	1	0	34	8.47673e-05	11797	0.999757	FALSE	NA	NA	NA	NA	NA	NA
NC_045512.2	24039	T	C	11789	3726	37	1	0	34	8.48176e-05	11790	0.999757	FALSE	NA	NA	NA	NA	NA	NA
NC_045512.2	24041	A	T	11407	4153	37	1	1	20	8.76501e-05	11409	1	FALSE	NA	NA	NA	NA	NA	NA
NC_045512.2	24041	A	G	11407	4153	37	1	0	68	8.76501e-05	11409	0.5	FALSE	NA	NA	NA	NA	NA	NA
NC_045512.2	24043	A	G	10177	4354	36	3	3	34	0.000294695	10180	0.988795	FALSE	NA	NA	NA	NA	NA	NA
NC_045512.2	24044	C	A	10201	4383	36	3	3	34	0.000294002	10204	0.988795	FALSE	NA	NA	NA	NA	NA	NA
NC_045512.2	24045	T	G	10072	4205	36	1	0	34	9.92753e-05	10073	0.999513	FALSE	NA	NA	NA	NA	NA	NA
NC_045512.2	24047	G	T	10190	4181	36	1	0	34	9.81258e-05	10191	0.999513	FALSE	NA	NA	NA	NA	NA	NA
NC_045512.2	24048	C	T	10109	4209	36	1	1	34	9.8912e-05	10110	0.999513	FALSE	NA	NA	NA	NA	NA	NA
NC_045512.2	24049	A	G	10086	4194	36	1	0	34	9.91375e-05	10087	0.999513	FALSE	NA	NA	NA	NA	NA	NA
NC_045512.2	24050	G	A	10118	4213	36	10	6	60	0.000987362	10128	0.000974876	TRUE	NA	NA	NA	NA	NA	NA
NC_045512.2	24052	T	C	10606	4654	37	4	1	34	0.000377003	10610	0.971365	FALSE	NA	NA	NA	NA	NA	NA
NC_045512.2	24053	G	A	10522	4572	37	1	1	34	9.50299e-05	10523	0.999513	FALSE	NA	NA	NA	NA	NA	NA
NC_045512.2	24054	C	T	10415	4536	37	3	0	34	0.000287936	10419	0.98879	FALSE	NA	NA	NA	NA	NA	NA
NC_045512.2	24054	C	G	10415	4536	37	1	0	26	9.59785e-05	10419	1	FALSE	NA	NA	NA	NA	NA	NA
NC_045512.2	24055	T	C	10399	4474	37	1	1	34	9.61538e-05	10400	0.999513	FALSE	NA	NA	NA	NA	NA	NA
NC_045512.2	24056	G	A	10496	4487	37	1	1	26	9.52653e-05	10497	1	FALSE	NA	NA	NA	NA	NA	NA
NC_045512.2	24057	G	A	10491	4479	37	4	1	34	0.000381134	10495	0.971366	FALSE	NA	NA	NA	NA	NA	NA
NC_045512.2	24058	C	T	9882	4782	36	1	0	34	0.000101184	9883	0.999026	FALSE	NA	NA	NA	NA	NA	NA
NC_045512.2	24059	T	C	9888	4793	36	2	1	34	0.000202224	9890	0.994154	FALSE	NA	NA	NA	NA	NA	NA
NC_045512.2	24060	T	G	9882	4707	36	1	0	34	0.000101153	9886	0.999025	FALSE	NA	NA	NA	NA	NA	NA
NC_045512.2	24060	T	C	9882	4707	36	3	0	45	0.000303459	9886	0.124981	FALSE	NA	NA	NA	NA	NA	NA
NC_045512.2	24063	T	C	9958	4716	36	1	1	34	0.000100402	9960	0.999026	FALSE	NA	NA	NA	NA	NA	NA
NC_045512.2	24063	T	A	9958	4716	36	1	0	34	0.000100402	9960	0.999026	FALSE	NA	NA	NA	NA	NA	NA
NC_045512.2	24064	C	G	9933	4701	36	2	2	34	0.000201309	9935	0.994154	FALSE	NA	NA	NA	NA	NA	NA
NC_045512.2	24065	A	G	9923	4656	36	2	0	34	0.000201511	9925	0.994154	FALSE	NA	NA	NA	NA	NA	NA
NC_045512.2	24066	A	G	9745	4654	36	1	1	34	0.000102606	9746	0.999026	FALSE	NA	NA	NA	NA	NA	NA
NC_045512.2	24067	A	C	10071	4950	36	2	0	30	0.000198551	10073	0.996835	FALSE	NA	NA	NA	NA	NA	NA
NC_045512.2	24069	A	T	10721	5094	37	1	0	26	9.32401e-05	10725	1	FALSE	NA	NA	NA	NA	NA	NA
NC_045512.2	24069	A	G	10721	5094	37	3	1	34	0.00027972	10725	0.988789	FALSE	NA	NA	NA	NA	NA	NA
NC_045512.2	24070	A	G	10872	5081	36	2	0	34	0.000183925	10874	0.996834	FALSE	NA	NA	NA	NA	NA	NA
NC_045512.2	24071	T	C	10866	5035	36	1	1	26	9.20217e-05	10867	1	FALSE	NA	NA	NA	NA	NA	NA
NC_045512.2	24072	A	G	10795	5086	36	1	0	34	9.26269e-05	10796	0.999513	FALSE	NA	NA	NA	NA	NA	NA
NC_045512.2	24076	T	C	10446	5360	36	2	1	25	0.000191424	10448	1	FALSE	NA	NA	NA	NA	NA	NA
NC_045512.2	24078	A	-T	10195	5244	36	1	0	20	9.80873e-05	10195	1	FALSE	NA	NA	NA	NA	NA	NA
NC_045512.2	24079	T	C	10087	5156	36	2	1	34	0.000198236	10089	0.996833	FALSE	NA	NA	NA	NA	NA	NA
NC_045512.2	24080	T	C	9982	5173	36	1	1	34	0.00010017	9983	0.999026	FALSE	NA	NA	NA	NA	NA	NA
NC_045512.2	24081	G	A	10127	5152	36	1	1	34	9.87362e-05	10128	0.999513	FALSE	NA	NA	NA	NA	NA	NA
NC_045512.2	24083	C	T	10637	5860	36	1	0	34	9.40026e-05	10638	0.999513	FALSE	NA	NA	NA	NA	NA	NA
NC_045512.2	24083	C	-T	10637	5860	36	1	0	20	9.40026e-05	10638	1	FALSE	NA	NA	NA	NA	NA	NA
NC_045512.2	24084	T	A	10384	5626	36	2	0	64	0.000192567	10386	0.249988	FALSE	NA	NA	NA	NA	NA	NA
NC_045512.2	24085	T	G	10736	5933	36	1	0	26	9.31099e-05	10740	1	FALSE	NA	NA	NA	NA	NA	NA
NC_045512.2	24085	T	C	10736	5933	36	2	1	34	0.00018622	10740	0.996831	FALSE	NA	NA	NA	NA	NA	NA
NC_045512.2	24085	T	A	10736	5933	36	1	0	68	9.31099e-05	10740	0.499953	FALSE	NA	NA	NA	NA	NA	NA
NC_045512.2	24086	G	A	10831	5907	36	1	0	68	9.23191e-05	10832	0.500023	FALSE	NA	NA	NA	NA	NA	NA
NC_045512.2	24088	T	C	11634	6748	37	5	2	47	0.000429553	11640	0.109345	FALSE	NA	NA	NA	NA	NA	NA
NC_045512.2	24088	T	A	11634	6748	37	1	0	68	8.59107e-05	11640	0.499914	FALSE	NA	NA	NA	NA	NA	NA
NC_045512.2	24089	G	A	11150	6833	36	3	3	34	0.000268986	11153	0.993547	FALSE	NA	NA	NA	NA	NA	NA
NC_045512.2	24091	T	C	12131	7982	36	2	2	34	0.00016484	12133	0.999087	FALSE	NA	NA	NA	NA	NA	NA
NC_045512.2	24092	A	G	12561	8506	37	1	1	34	7.96052e-05	12562	0.999878	FALSE	NA	NA	NA	NA	NA	NA
NC_045512.2	24094	T	G	12790	8750	37	1	0	34	7.81739e-05	12792	0.999878	FALSE	NA	NA	NA	NA	NA	NA
NC_045512.2	24094	T	C	12790	8750	37	1	1	68	7.81739e-05	12792	0.5	FALSE	NA	NA	NA	NA	NA	NA
NC_045512.2	24095	G	T	12749	8693	37	1	1	26	7.84191e-05	12752	1	FALSE	NA	NA	NA	NA	NA	NA
NC_045512.2	24095	G	A	12749	8693	37	2	2	34	0.000156838	12752	0.999087	FALSE	NA	NA	NA	NA	NA	NA
NC_045512.2	24096	C	T	12694	8683	37	11	11	37	0.000865801	12705	0.66132	FALSE	NA	NA	NA	NA	NA	NA
NC_045512.2	24097	T	G	12704	8672	37	1	0	68	7.87092e-05	12705	0.50002	FALSE	NA	NA	NA	NA	NA	NA
NC_045512.2	24098	G	A	12801	8630	37	1	1	34	7.81128e-05	12802	0.999878	FALSE	NA	NA	NA	NA	NA	NA
NC_045512.2	24101	A	G	13355	9413	37	2	1	30	0.000149734	13357	0.999513	FALSE	NA	NA	NA	NA	NA	NA
NC_045512.2	24102	G	C	13339	9407	37	1	1	26	7.49625e-05	13340	1	FALSE	NA	NA	NA	NA	NA	NA
NC_045512.2	24104	G	C	15473	11661	38	1	1	34	6.46245e-05	15474	0.999985	FALSE	NA	NA	NA	NA	NA	NA
NC_045512.2	24105	A	G	15139	11555	37	5	3	34	0.000330164	15144	0.994107	FALSE	NA	NA	NA	NA	NA	NA
NC_045512.2	24106	C	A	15482	11624	38	3	3	34	0.000193736	15485	0.999346	FALSE	NA	NA	NA	NA	NA	NA
NC_045512.2	24107	C	A	15270	11515	38	1	1	34	6.54836e-05	15271	0.999985	FALSE	NA	NA	NA	NA	NA	NA
NC_045512.2	24108	T	C	15230	11516	38	4	2	34	0.000262571	15234	0.997794	FALSE	NA	NA	NA	NA	NA	NA
NC_045512.2	24109	C	T	15286	11619	38	3	3	34	0.00019622	15289	0.999346	FALSE	NA	NA	NA	NA	NA	NA
NC_045512.2	24110	A	G	15352	11686	38	1	1	34	6.51339e-05	15353	0.999985	FALSE	NA	NA	NA	NA	NA	NA
NC_045512.2	24112	T	C	15245	11589	38	5	5	39	0.000327869	15250	0.994107	FALSE	NA	NA	NA	NA	NA	NA
NC_045512.2	24113	T	C	15146	11542	38	5	5	34	0.000330011	15151	0.994107	FALSE	NA	NA	NA	NA	NA	NA
NC_045512.2	24114	G	T	15198	11536	38	1	1	34	6.57938e-05	15199	0.999985	FALSE	NA	NA	NA	NA	NA	NA
NC_045512.2	24115	T	C	14868	11272	38	1	1	34	6.7254e-05	14869	0.99997	FALSE	NA	NA	NA	NA	NA	NA
NC_045512.2	24116	G	T	14865	11257	38	1	1	26	6.7254e-05	14869	1	FALSE	NA	NA	NA	NA	NA	NA
NC_045512.2	24116	G	A	14865	11257	38	3	3	34	0.000201762	14869	0.998828	FALSE	NA	NA	NA	NA	NA	NA
NC_045512.2	24117	C	T	15020	11482	38	3	3	34	0.000199694	15023	0.999346	FALSE	NA	NA	NA	NA	NA	NA
NC_045512.2	24120	A	C	15469	12042	38	1	1	34	6.46412e-05	15470	0.999985	FALSE	NA	NA	NA	NA	NA	NA
NC_045512.2	24123	A	C	15406	12165	38	2	2	30	0.000129803	15408	0.999863	FALSE	NA	NA	NA	NA	NA	NA
NC_045512.2	24124	G	A	15413	12166	38	2	2	34	0.000129744	15415	0.999863	FALSE	NA	NA	NA	NA	NA	NA
NC_045512.2	24125	T	C	15406	12204	38	1	1	34	6.49056e-05	15407	0.999985	FALSE	NA	NA	NA	NA	NA	NA
NC_045512.2	24130	C	T	15832	12822	38	6	5	45	0.000378812	15839	0.0624793	FALSE	NA	NA	NA	NA	NA	NA
NC_045512.2	24130	C	A	15832	12822	38	1	1	34	6.31353e-05	15839	0.999985	FALSE	NA	NA	NA	NA	NA	NA
NC_045512.2	24131	G	A	15782	12767	38	1	1	34	6.33593e-05	15783	0.999985	FALSE	NA	NA	NA	NA	NA	NA
NC_045512.2	24132	G	A	16136	13031	38	1	1	34	6.19694e-05	16137	0.999992	FALSE	NA	NA	NA	NA	NA	NA
NC_045512.2	24135	T	A	15933	12930	38	1	1	34	6.27589e-05	15934	0.999985	FALSE	NA	NA	NA	NA	NA	NA
NC_045512.2	24136	T	C	16293	13328	38	3	1	34	0.000184094	16296	0.999637	FALSE	NA	NA	NA	NA	NA	NA
NC_045512.2	24137	A	T	16445	13660	38	2	2	34	0.000121588	16449	0.999928	FALSE	NA	NA	NA	NA	NA	NA
NC_045512.2	24137	A	G	16445	13660	38	2	1	51	0.000121588	16449	0.249977	FALSE	NA	NA	NA	NA	NA	NA
NC_045512.2	24138	C	A	16478	13712	38	2	2	34	0.000121359	16480	0.999928	FALSE	NA	NA	NA	NA	NA	NA
NC_045512.2	24139	T	A	16398	13629	38	1	1	26	6.09793e-05	16399	1	FALSE	NA	NA	NA	NA	NA	NA
NC_045512.2	24140	G	T	16482	13681	38	1	1	34	6.06686e-05	16483	0.999992	FALSE	NA	NA	NA	NA	NA	NA
NC_045512.2	24140	G	-T	16482	13681	38	5	0	20	0.000303343	16483	1	FALSE	NA	NA	NA	NA	NA	NA
NC_045512.2	24143	T	C	16735	14212	38	2	2	30	0.000119496	16737	0.999928	FALSE	NA	NA	NA	NA	NA	NA
NC_045512.2	24144	T	C	16726	14194	38	3	3	31	0.000179329	16729	0.999637	FALSE	NA	NA	NA	NA	NA	NA
NC_045512.2	24145	G	T	16647	14169	38	1	1	26	6.00673e-05	16648	1	FALSE	NA	NA	NA	NA	NA	NA
NC_045512.2	24146	C	T	16857	14540	38	18	18	33	0.00106667	16875	0.432117	FALSE	NA	NA	NA	NA	NA	NA
NC_045512.2	24147	C	T	19430	17543	39	3	2	42	0.000154377	19433	0.31251	FALSE	NA	NA	NA	NA	NA	NA
NC_045512.2	24148	A	T	19409	17528	39	1	1	34	5.15172e-05	19411	0.999999	FALSE	NA	NA	NA	NA	NA	NA
NC_045512.2	24148	A	G	19409	17528	39	1	1	34	5.15172e-05	19411	0.999999	FALSE	NA	NA	NA	NA	NA	NA
NC_045512.2	24150	C	A	19452	17667	39	1	1	34	5.1406e-05	19453	0.999999	FALSE	NA	NA	NA	NA	NA	NA
NC_045512.2	24151	T	G	17466	15689	37	1	1	34	5.72181e-05	17477	0.999996	FALSE	NA	NA	NA	NA	NA	NA
NC_045512.2	24151	T	C	17466	15689	37	5	5	34	0.00028609	17477	0.99783	FALSE	NA	NA	NA	NA	NA	NA
NC_045512.2	24151	T	A	17466	15689	37	5	5	34	0.00028609	17477	0.99783	FALSE	NA	NA	NA	NA	NA	NA
NC_045512.2	24152	T	G	18921	17144	39	2	2	34	0.000105658	18929	0.99998	FALSE	NA	NA	NA	NA	NA	NA
NC_045512.2	24152	T	C	18921	17144	39	6	5	32	0.000316974	18929	0.996702	FALSE	NA	NA	NA	NA	NA	NA
NC_045512.2	24153	T	C	18942	17185	39	7	7	34	0.000369393	18950	0.992699	FALSE	NA	NA	NA	NA	NA	NA
NC_045512.2	24153	T	A	18942	17185	39	1	1	34	5.27704e-05	18950	0.999998	FALSE	NA	NA	NA	NA	NA	NA
NC_045512.2	24154	G	A	18928	17174	39	2	2	30	0.000105652	18930	0.99998	FALSE	NA	NA	NA	NA	NA	NA
NC_045512.2	24156	T	C	18879	17170	38	2	2	34	0.000105927	18881	0.99998	FALSE	NA	NA	NA	NA	NA	NA
NC_045512.2	24157	C	T	18902	17193	38	2	2	34	0.000105798	18904	0.99998	FALSE	NA	NA	NA	NA	NA	NA
NC_045512.2	24159	C	T	18674	16973	38	2	2	34	0.000107089	18676	0.99998	FALSE	NA	NA	NA	NA	NA	NA
NC_045512.2	24160	A	G	18623	16925	39	4	4	34	0.000214719	18629	0.999573	FALSE	NA	NA	NA	NA	NA	NA
NC_045512.2	24160	A	C	18623	16925	39	2	2	34	0.000107359	18629	0.99998	FALSE	NA	NA	NA	NA	NA	NA
NC_045512.2	24162	A	G	18619	16991	38	2	2	30	0.000107406	18621	0.99998	FALSE	NA	NA	NA	NA	NA	NA
NC_045512.2	24163	T	C	18520	16901	38	1	1	34	5.39928e-05	18521	0.999998	FALSE	NA	NA	NA	NA	NA	NA
NC_045512.2	24165	A	G	18558	16947	38	1	1	34	5.38822e-05	18559	0.999998	FALSE	NA	NA	NA	NA	NA	NA
NC_045512.2	24166	A	G	18527	16941	38	2	2	34	0.000107933	18530	0.99998	FALSE	NA	NA	NA	NA	NA	NA
NC_045512.2	24166	A	C	18527	16941	38	1	1	34	5.39665e-05	18530	0.999998	FALSE	NA	NA	NA	NA	NA	NA
NC_045512.2	24167	A	G	18561	16977	38	1	1	68	5.38735e-05	18562	0.500013	FALSE	NA	NA	NA	NA	NA	NA
NC_045512.2	24169	G	A	18207	16862	37	2	2	51	0.000109836	18209	0.250007	FALSE	NA	NA	NA	NA	NA	NA
NC_045512.2	24170	A	G	17953	16620	37	1	1	34	5.56979e-05	17954	0.999996	FALSE	NA	NA	NA	NA	NA	NA
NC_045512.2	24172	T	C	17810	16580	37	1	1	34	5.61419e-05	17812	0.999996	FALSE	NA	NA	NA	NA	NA	NA
NC_045512.2	24172	T	A	17810	16580	37	1	1	34	5.61419e-05	17812	0.999996	FALSE	NA	NA	NA	NA	NA	NA
NC_045512.2	24174	C	G	17866	16762	37	1	1	26	5.59691e-05	17867	1	FALSE	NA	NA	NA	NA	NA	NA
NC_045512.2	24175	T	C	17579	16477	37	3	3	34	0.000170629	17582	0.9998	FALSE	NA	NA	NA	NA	NA	NA
NC_045512.2	24176	C	T	17590	16492	37	1	1	26	5.68473e-05	17591	1	FALSE	NA	NA	NA	NA	NA	NA
NC_045512.2	24178	A	G	17289	16198	37	3	3	34	0.000173491	17292	0.9998	FALSE	NA	NA	NA	NA	NA	NA
NC_045512.2	24180	A	G	17238	16165	37	5	5	34	0.000289973	17243	0.997835	FALSE	NA	NA	NA	NA	NA	NA
NC_045512.2	24180	A	+C	17238	16165	37	1	0	20	5.79945e-05	17243	1	FALSE	NA	NA	NA	NA	NA	NA
NC_045512.2	24181	C	T	17221	16248	36	1	1	26	5.80619e-05	17223	1	FALSE	NA	NA	NA	NA	NA	NA
NC_045512.2	24181	C	G	17221	16248	36	1	1	34	5.80619e-05	17223	0.999996	FALSE	NA	NA	NA	NA	NA	NA
NC_045512.2	24182	A	G	16543	15582	36	1	1	34	6.04449e-05	16544	0.999992	FALSE	NA	NA	NA	NA	NA	NA
NC_045512.2	24183	C	T	16556	15605	36	1	1	34	6.03974e-05	16557	0.999992	FALSE	NA	NA	NA	NA	NA	NA
NC_045512.2	24185	T	G	16168	15230	36	4	0	30	0.000247326	16173	0.998715	FALSE	NA	NA	NA	NA	NA	NA
NC_045512.2	24185	T	C	16168	15230	36	1	1	34	6.18314e-05	16173	0.999992	FALSE	NA	NA	NA	NA	NA	NA
NC_045512.2	24187	T	C	15135	14360	36	1	1	34	6.60677e-05	15136	0.999985	FALSE	NA	NA	NA	NA	NA	NA
NC_045512.2	24187	T	-G	15135	14360	36	1	0	20	6.60677e-05	15136	1	FALSE	NA	NA	NA	NA	NA	NA
NC_045512.2	24188	G	T	15118	14344	36	1	1	34	6.61376e-05	15120	0.999985	FALSE	NA	NA	NA	NA	NA	NA
NC_045512.2	24188	G	C	15118	14344	36	1	1	34	6.61376e-05	15120	0.999985	FALSE	NA	NA	NA	NA	NA	NA
NC_045512.2	24189	C	T	15157	14387	36	1	1	34	6.59718e-05	15158	0.999985	FALSE	NA	NA	NA	NA	NA	NA
NC_045512.2	24190	A	G	15039	14267	36	1	1	34	6.64894e-05	15040	0.999985	FALSE	NA	NA	NA	NA	NA	NA
NC_045512.2	24191	C	T	15041	14313	36	5	4	40	0.000332292	15047	0.109352	FALSE	NA	NA	NA	NA	NA	NA
NC_045512.2	24191	C	A	15041	14313	36	1	1	34	6.64584e-05	15047	0.999985	FALSE	NA	NA	NA	NA	NA	NA
NC_045512.2	24192	T	C	13022	12335	36	33	30	38	0.00252757	13056	0.0022496	TRUE	NA	NA	NA	NA	NA	NA
NC_045512.2	24192	T	A	13022	12335	36	1	1	34	7.65931e-05	13056	0.999938	FALSE	NA	NA	NA	NA	NA	NA
NC_045512.2	24198	C	T	9470	9053	36	3144	3029	35	0.249247	12614	0	TRUE	NA	NA	NA	NA	NA	NA
NC_045512.2	24199	G	T	24782	12481	35	1	1	34	4.03486e-05	24784	1	FALSE	NA	NA	NA	NA	NA	NA
NC_045512.2	24199	G	A	24782	12481	35	1	0	68	4.03486e-05	24784	0.5	FALSE	NA	NA	NA	NA	NA	NA
NC_045512.2	24200	G	T	24456	11807	35	1	1	34	4.08881e-05	24457	1	FALSE	NA	NA	NA	NA	NA	NA
NC_045512.2	24201	G	T	24665	11817	35	1	1	34	4.054e-05	24667	1	FALSE	NA	NA	NA	NA	NA	NA
NC_045512.2	24201	G	A	24665	11817	35	1	1	34	4.054e-05	24667	1	FALSE	NA	NA	NA	NA	NA	NA
NC_045512.2	24202	T	G	22796	9994	35	1	0	34	4.38443e-05	22808	1	FALSE	NA	NA	NA	NA	NA	NA
NC_045512.2	24202	T	C	22796	9994	35	11	8	34	0.000482287	22808	0.982492	FALSE	NA	NA	NA	NA	NA	NA
NC_045512.2	24203	A	G	22178	9349	35	1	0	34	4.50877e-05	22179	1	FALSE	NA	NA	NA	NA	NA	NA
NC_045512.2	24205	A	G	22365	9371	35	6	1	32	0.000268204	22371	0.999546	FALSE	NA	NA	NA	NA	NA	NA
NC_045512.2	24205	A	-ATCACTTC	22365	9371	35	1	0	20	4.47007e-05	22371	1	FALSE	NA	NA	NA	NA	NA	NA
NC_045512.2	24206	A	G	22376	9395	35	1	0	34	4.46867e-05	22378	1	FALSE	NA	NA	NA	NA	NA	NA
NC_045512.2	24206	A	C	22376	9395	35	1	1	26	4.46867e-05	22378	1	FALSE	NA	NA	NA	NA	NA	NA
NC_045512.2	24207	T	C	22366	9410	35	2	1	51	8.94095e-05	22369	0.249983	FALSE	NA	NA	NA	NA	NA	NA
NC_045512.2	24207	T	A	22366	9410	35	1	1	60	4.47047e-05	22369	0.499978	FALSE	NA	NA	NA	NA	NA	NA
NC_045512.2	24207	T	-C	22366	9410	35	1	0	20	4.47027e-05	22370	1	FALSE	NA	NA	NA	NA	NA	NA
NC_045512.2	24208	C	G	22426	9407	35	2	0	34	8.91742e-05	22428	0.999999	FALSE	NA	NA	NA	NA	NA	NA
NC_045512.2	24209	A	G	22147	9101	35	1	0	34	4.51508e-05	22148	1	FALSE	NA	NA	NA	NA	NA	NA
NC_045512.2	24210	C	G	22782	9076	35	3	0	31	0.000131666	22785	0.99999	FALSE	NA	NA	NA	NA	NA	NA
NC_045512.2	24211	T	C	22735	9054	35	4	4	34	0.000175909	22739	0.999956	FALSE	NA	NA	NA	NA	NA	NA
NC_045512.2	24212	T	C	22725	9008	35	1	0	34	4.39986e-05	22728	1	FALSE	NA	NA	NA	NA	NA	NA
NC_045512.2	24212	T	A	22725	9008	35	2	0	30	8.79972e-05	22728	0.999999	FALSE	NA	NA	NA	NA	NA	NA
NC_045512.2	24213	C	T	22732	9052	35	3	2	34	0.000131955	22735	0.99999	FALSE	NA	NA	NA	NA	NA	NA
NC_045512.2	24214	T	C	22590	8877	35	1	1	26	4.42635e-05	22592	1	FALSE	NA	NA	NA	NA	NA	NA
NC_045512.2	24214	T	A	22590	8877	35	1	1	34	4.42635e-05	22592	1	FALSE	NA	NA	NA	NA	NA	NA
NC_045512.2	24216	G	T	22851	8857	35	6	6	32	0.000262502	22857	0.999546	FALSE	NA	NA	NA	NA	NA	NA
NC_045512.2	24217	T	C	22114	8185	35	3	0	56	0.000135642	22117	0.125	FALSE	NA	NA	NA	NA	NA	NA
NC_045512.2	24220	G	C	22098	7972	35	1	1	27	4.52448e-05	22102	1	FALSE	NA	NA	NA	NA	NA	NA
NC_045512.2	24220	G	A	22098	7972	35	3	0	34	0.000135734	22102	0.99999	FALSE	NA	NA	NA	NA	NA	NA
NC_045512.2	24221	A	G	22312	7989	35	5	0	34	0.000224044	22317	0.999845	FALSE	NA	NA	NA	NA	NA	NA
NC_045512.2	24222	C	T	23819	7992	35	3	0	34	0.000125918	23825	0.999995	FALSE	NA	NA	NA	NA	NA	NA
NC_045512.2	24222	C	G	23819	7992	35	3	0	31	0.000125918	23825	0.999995	FALSE	NA	NA	NA	NA	NA	NA
NC_045512.2	24223	C	A	23835	7909	35	3	3	34	0.000125849	23838	0.999995	FALSE	NA	NA	NA	NA	NA	NA
NC_045512.2	24223	C	-T	23835	7909	35	2	0	20	8.38997e-05	23838	1	FALSE	NA	NA	NA	NA	NA	NA
NC_045512.2	24224	T	G	23568	7614	35	1	0	34	4.24142e-05	23577	1	FALSE	NA	NA	NA	NA	NA	NA
NC_045512.2	24224	T	C	23568	7614	35	6	0	34	0.000254485	23577	0.999728	FALSE	NA	NA	NA	NA	NA	NA
NC_045512.2	24224	T	A	23568	7614	35	2	2	34	8.48284e-05	23577	0.999999	FALSE	NA	NA	NA	NA	NA	NA
NC_045512.2	24225	T	C	23464	7526	35	2	0	34	8.52188e-05	23469	0.999999	FALSE	NA	NA	NA	NA	NA	NA
NC_045512.2	24225	T	A	23464	7526	35	3	2	31	0.000127828	23469	0.999995	FALSE	NA	NA	NA	NA	NA	NA
NC_045512.2	24226	T	C	23616	7637	35	3	3	34	0.000127016	23619	0.999995	FALSE	NA	NA	NA	NA	NA	NA
NC_045512.2	24227	G	A	23719	7657	35	1	0	34	4.21585e-05	23720	1	FALSE	NA	NA	NA	NA	NA	NA
NC_045512.2	24228	G	A	23959	7667	35	1	1	68	4.17362e-05	23960	0.50001	FALSE	NA	NA	NA	NA	NA	NA
NC_045512.2	24229	T	C	23528	7303	35	3	0	45	0.000127491	23531	0.50002	FALSE	NA	NA	NA	NA	NA	NA
NC_045512.2	24230	G	T	17143	1003	36	1	0	34	5.83294e-05	17144	0.999996	FALSE	NA	NA	NA	NA	NA	NA
NC_045512.2	24231	C	T	16993	1011	35	4	1	42	0.000235336	16997	0.1875	FALSE	NA	NA	NA	NA	NA	NA
NC_045512.2	24232	A	G	17097	1014	36	4	0	32	0.000233904	17101	0.999258	FALSE	NA	NA	NA	NA	NA	NA
NC_045512.2	24233	G	C	18283	1013	36	1	0	34	5.46926e-05	18284	0.999998	FALSE	NA	NA	NA	NA	NA	NA
NC_045512.2	24234	G	A	18539	1029	36	2	0	34	0.000107869	18541	0.99998	FALSE	NA	NA	NA	NA	NA	NA
NC_045512.2	24235	T	C	18473	1028	36	1	0	34	5.41272e-05	18475	0.999998	FALSE	NA	NA	NA	NA	NA	NA
NC_045512.2	24235	T	A	18473	1028	36	1	1	68	5.41272e-05	18475	0.5	FALSE	NA	NA	NA	NA	NA	NA
NC_045512.2	24236	G	A	18552	1029	36	1	0	34	5.38996e-05	18553	0.999998	FALSE	NA	NA	NA	NA	NA	NA
NC_045512.2	24237	C	T	18528	1028	36	10	0	34	0.000539403	18539	0.95648	FALSE	NA	NA	NA	NA	NA	NA
NC_045512.2	24237	C	G	18528	1028	36	1	0	34	5.39403e-05	18539	0.999998	FALSE	NA	NA	NA	NA	NA	NA
NC_045512.2	24238	T	C	18608	1100	36	2	0	34	0.000107469	18610	0.99998	FALSE	NA	NA	NA	NA	NA	NA
NC_045512.2	24239	G	A	19342	1102	36	3	0	34	0.000155079	19345	0.99994	FALSE	NA	NA	NA	NA	NA	NA
NC_045512.2	24240	C	T	19276	1104	36	1	0	34	5.18726e-05	19278	0.999999	FALSE	NA	NA	NA	NA	NA	NA
NC_045512.2	24240	C	A	19276	1104	36	1	0	34	5.18726e-05	19278	0.999999	FALSE	NA	NA	NA	NA	NA	NA
NC_045512.2	24241	A	T	19341	1105	36	1	0	34	5.1701e-05	19342	0.999999	FALSE	NA	NA	NA	NA	NA	NA
NC_045512.2	24242	T	G	19480	1109	36	1	0	34	5.13321e-05	19481	0.999999	FALSE	NA	NA	NA	NA	NA	NA
NC_045512.2	24243	T	C	19482	1114	36	1	0	34	5.13268e-05	19483	0.999999	FALSE	NA	NA	NA	NA	NA	NA
NC_045512.2	24244	A	G	19565	1119	36	1	0	34	5.11091e-05	19566	0.999999	FALSE	NA	NA	NA	NA	NA	NA
NC_045512.2	24246	A	G	19721	1263	36	2	0	34	0.000101404	19723	0.99999	FALSE	NA	NA	NA	NA	NA	NA
NC_045512.2	24249	T	C	19782	1539	37	4	0	34	0.000202163	19786	0.999757	FALSE	NA	NA	NA	NA	NA	NA
NC_045512.2	24250	A	G	19813	1539	37	1	0	34	5.04694e-05	19814	0.999999	FALSE	NA	NA	NA	NA	NA	NA
NC_045512.2	24251	C	G	20008	1575	37	1	0	34	4.99775e-05	20009	1	FALSE	NA	NA	NA	NA	NA	NA
NC_045512.2	24252	C	A	19956	1575	37	2	0	34	0.00010021	19958	0.99999	FALSE	NA	NA	NA	NA	NA	NA
NC_045512.2	24253	A	T	20098	1591	37	1	0	34	4.97512e-05	20100	1	FALSE	NA	NA	NA	NA	NA	NA
NC_045512.2	24253	A	G	20098	1591	37	1	0	34	4.97512e-05	20100	1	FALSE	NA	NA	NA	NA	NA	NA
NC_045512.2	24255	T	C	20113	1599	37	2	0	34	9.94283e-05	20115	0.999995	FALSE	NA	NA	NA	NA	NA	NA
NC_045512.2	24256	T	C	20097	1631	37	2	1	51	9.95074e-05	20099	0.250006	FALSE	NA	NA	NA	NA	NA	NA
NC_045512.2	24257	G	T	20249	1628	37	2	1	68	9.87606e-05	20251	0.250006	FALSE	NA	NA	NA	NA	NA	NA
NC_045512.2	24258	C	T	20231	1650	37	4	1	49	0.000197658	20237	0.343715	FALSE	NA	NA	NA	NA	NA	NA
NC_045512.2	24258	C	G	20231	1650	37	2	0	34	9.88289e-05	20237	0.999995	FALSE	NA	NA	NA	NA	NA	NA
NC_045512.2	24259	T	G	20270	1653	37	2	0	30	9.86291e-05	20278	0.999995	FALSE	NA	NA	NA	NA	NA	NA
NC_045512.2	24259	T	C	20270	1653	37	6	0	34	0.000295887	20278	0.998756	FALSE	NA	NA	NA	NA	NA	NA
NC_045512.2	24260	A	G	20321	1647	37	3	0	34	0.000147609	20324	0.999967	FALSE	NA	NA	NA	NA	NA	NA
NC_045512.2	24261	T	C	20364	1653	37	1	0	34	4.91039e-05	20365	1	FALSE	NA	NA	NA	NA	NA	NA
NC_045512.2	24262	G	A	20547	1656	37	3	0	34	0.000145985	20550	0.999967	FALSE	NA	NA	NA	NA	NA	NA
NC_045512.2	24263	C	T	20402	1659	37	2	0	34	9.802e-05	20404	0.999995	FALSE	NA	NA	NA	NA	NA	NA
NC_045512.2	24264	A	G	20547	1660	37	3	0	28	0.000145985	20550	1	FALSE	NA	NA	NA	NA	NA	NA
NC_045512.2	24265	A	G	20452	1705	37	1	0	34	4.88926e-05	20453	1	FALSE	NA	NA	NA	NA	NA	NA
NC_045512.2	24266	A	G	15820	1703	35	1	0	34	6.32071e-05	15821	0.999985	FALSE	NA	NA	NA	NA	NA	NA
NC_045512.2	24267	T	C	20733	1709	37	1	0	34	4.82276e-05	20735	1	FALSE	NA	NA	NA	NA	NA	NA
NC_045512.2	24267	T	A	20733	1709	37	1	0	34	4.82276e-05	20735	1	FALSE	NA	NA	NA	NA	NA	NA
NC_045512.2	24268	G	C	23114	1720	37	2	0	34	8.65164e-05	23117	0.999999	FALSE	NA	NA	NA	NA	NA	NA
NC_045512.2	24268	G	A	23114	1720	37	1	0	34	4.32582e-05	23117	1	FALSE	NA	NA	NA	NA	NA	NA
NC_045512.2	24270	C	G	24737	1877	37	3	0	28	0.000121261	24740	1	FALSE	NA	NA	NA	NA	NA	NA
NC_045512.2	24270	C	-T	24737	1877	37	1	0	20	4.04204e-05	24740	1	FALSE	NA	NA	NA	NA	NA	NA
NC_045512.2	24271	T	C	24758	1886	37	1	0	34	4.03894e-05	24759	1	FALSE	NA	NA	NA	NA	NA	NA
NC_045512.2	24272	T	C	24912	1899	37	1	0	68	4.01381e-05	24914	0.5	FALSE	NA	NA	NA	NA	NA	NA
NC_045512.2	24272	T	A	24912	1899	37	1	0	34	4.01381e-05	24914	1	FALSE	NA	NA	NA	NA	NA	NA
NC_045512.2	24273	A	T	24779	1899	37	2	0	30	8.0707e-05	24781	1	FALSE	NA	NA	NA	NA	NA	NA
NC_045512.2	24273	A	-T	24779	1899	37	1	0	20	4.03535e-05	24781	1	FALSE	NA	NA	NA	NA	NA	NA
NC_045512.2	24274	T	C	24946	1929	37	1	0	68	4.00818e-05	24949	0.49998	FALSE	NA	NA	NA	NA	NA	NA
NC_045512.2	24274	T	A	24946	1929	37	2	0	34	8.01635e-05	24949	1	FALSE	NA	NA	NA	NA	NA	NA
NC_045512.2	24275	A	G	24486	1926	37	6	1	45	0.000244978	24492	0.144525	FALSE	NA	NA	NA	NA	NA	NA
NC_045512.2	24276	G	T	25312	1928	37	1	0	34	3.95054e-05	25313	1	FALSE	NA	NA	NA	NA	NA	NA
NC_045512.2	24277	G	T	25625	1970	37	3	0	34	0.000117055	25629	0.999998	FALSE	NA	NA	NA	NA	NA	NA
NC_045512.2	24277	G	A	25625	1970	37	1	0	26	3.90183e-05	25629	1	FALSE	NA	NA	NA	NA	NA	NA
NC_045512.2	24277	G	-T	25625	1970	37	1	0	20	3.90183e-05	25629	1	FALSE	NA	NA	NA	NA	NA	NA
NC_045512.2	24278	T	C	25623	1992	37	1	0	34	3.90259e-05	25624	1	FALSE	NA	NA	NA	NA	NA	NA
NC_045512.2	24279	T	G	24888	2069	37	3	0	34	0.000120525	24891	0.999997	FALSE	NA	NA	NA	NA	NA	NA
NC_045512.2	24281	A	G	24799	2118	37	3	0	34	0.000120958	24802	0.999997	FALSE	NA	NA	NA	NA	NA	NA
NC_045512.2	24282	A	G	24239	2240	37	1	0	34	4.12541e-05	24240	1	FALSE	NA	NA	NA	NA	NA	NA
NC_045512.2	24283	T	C	24404	2242	38	2	0	30	8.19471e-05	24406	1	FALSE	NA	NA	NA	NA	NA	NA
NC_045512.2	24284	G	T	20565	2700	37	1	0	34	4.86216e-05	20567	1	FALSE	NA	NA	NA	NA	NA	NA
NC_045512.2	24284	G	A	20565	2700	37	1	1	34	4.86216e-05	20567	1	FALSE	NA	NA	NA	NA	NA	NA
NC_045512.2	24285	G	C	21272	2799	37	1	0	34	4.69594e-05	21295	1	FALSE	NA	NA	NA	NA	NA	NA
NC_045512.2	24285	G	A	21272	2799	37	22	2	34	0.00103311	21295	0.5	FALSE	NA	NA	NA	NA	NA	NA
NC_045512.2	24286	T	C	20281	2796	37	1	0	34	4.93048e-05	20282	1	FALSE	NA	NA	NA	NA	NA	NA
NC_045512.2	24288	T	G	20346	2864	37	1	0	26	4.91473e-05	20347	1	FALSE	NA	NA	NA	NA	NA	NA
NC_045512.2	24289	T	C	20301	2934	37	4	2	32	0.000196996	20305	0.999862	FALSE	NA	NA	NA	NA	NA	NA
NC_045512.2	24292	A	G	19138	3168	37	7	0	32	0.000365631	19145	0.995336	FALSE	NA	NA	NA	NA	NA	NA
NC_045512.2	24294	T	G	17573	3161	36	2	0	34	0.000113798	17575	0.999962	FALSE	NA	NA	NA	NA	NA	NA
NC_045512.2	24295	T	C	17701	3352	37	2	0	34	0.000112975	17703	0.999962	FALSE	NA	NA	NA	NA	NA	NA
NC_045512.2	24295	T	-A	17701	3352	37	1	0	20	5.64876e-05	17703	1	FALSE	NA	NA	NA	NA	NA	NA
NC_045512.2	24296	A	G	17763	3357	36	2	0	34	0.000112581	17765	0.999962	FALSE	NA	NA	NA	NA	NA	NA
NC_045512.2	24297	C	T	17822	3372	36	2	1	34	0.000112208	17824	0.999962	FALSE	NA	NA	NA	NA	NA	NA
NC_045512.2	24299	C	G	17814	3374	36	1	0	34	5.6123e-05	17818	0.999996	FALSE	NA	NA	NA	NA	NA	NA
NC_045512.2	24299	C	A	17814	3374	36	3	1	56	0.000168369	17818	0.124989	FALSE	NA	NA	NA	NA	NA	NA
NC_045512.2	24300	A	G	17496	3073	36	8	0	40	0.000457038	17504	0.0195232	FALSE	NA	NA	NA	NA	NA	NA
NC_045512.2	24301	G	A	17386	3124	36	1	0	34	5.75142e-05	17387	0.999996	FALSE	NA	NA	NA	NA	NA	NA
NC_045512.2	24302	A	G	17242	3173	36	2	1	34	0.000115982	17244	0.999962	FALSE	NA	NA	NA	NA	NA	NA
NC_045512.2	24303	A	G	17293	3191	36	1	0	34	5.78235e-05	17294	0.999996	FALSE	NA	NA	NA	NA	NA	NA
NC_045512.2	24305	G	T	17261	3174	36	1	1	34	5.79307e-05	17262	0.999996	FALSE	NA	NA	NA	NA	NA	NA
NC_045512.2	24306	T	C	16875	3105	36	5	2	43	0.000296209	16880	0.109368	FALSE	NA	NA	NA	NA	NA	NA
NC_045512.2	24309	T	C	17050	3078	36	1	1	34	5.86476e-05	17051	0.999996	FALSE	NA	NA	NA	NA	NA	NA
NC_045512.2	24310	C	G	16477	3140	36	2	0	34	0.000121359	16480	0.999928	FALSE	NA	NA	NA	NA	NA	NA
NC_045512.2	24310	C	A	16477	3140	36	1	0	34	6.06796e-05	16480	0.999992	FALSE	NA	NA	NA	NA	NA	NA
NC_045512.2	24311	T	C	16411	3090	36	2	1	34	0.000121847	16414	0.999928	FALSE	NA	NA	NA	NA	NA	NA
NC_045512.2	24311	T	A	16411	3090	36	1	1	26	6.09236e-05	16414	1	FALSE	NA	NA	NA	NA	NA	NA
NC_045512.2	24312	A	G	16516	3252	36	4	1	32	0.000242131	16520	0.998716	FALSE	NA	NA	NA	NA	NA	NA
NC_045512.2	24313	T	C	16791	3590	37	1	0	34	5.95522e-05	16792	0.999992	FALSE	NA	NA	NA	NA	NA	NA
NC_045512.2	24314	G	A	16676	3524	37	1	0	34	5.99628e-05	16677	0.999992	FALSE	NA	NA	NA	NA	NA	NA
NC_045512.2	24317	A	G	15828	3501	35	1	0	34	6.31752e-05	15829	0.999985	FALSE	NA	NA	NA	NA	NA	NA
NC_045512.2	24318	A	G	16341	3536	37	2	0	30	0.000122377	16343	0.999928	FALSE	NA	NA	NA	NA	NA	NA
NC_045512.2	24319	C	A	16731	3539	37	1	0	26	5.97657e-05	16732	1	FALSE	NA	NA	NA	NA	NA	NA
NC_045512.2	24320	C	-A	16605	3557	37	8	0	20	0.000481783	16605	1	FALSE	NA	NA	NA	NA	NA	NA
NC_045512.2	24322	A	G	16301	3648	36	3	1	34	0.000183981	16306	0.999637	FALSE	NA	NA	NA	NA	NA	NA
NC_045512.2	24322	A	C	16301	3648	36	2	1	34	0.000122654	16306	0.999928	FALSE	NA	NA	NA	NA	NA	NA
NC_045512.2	24324	A	T	15291	3978	37	1	0	34	6.53851e-05	15294	0.999985	FALSE	NA	NA	NA	NA	NA	NA
NC_045512.2	24324	A	G	15291	3978	37	2	0	34	0.00013077	15294	0.999863	FALSE	NA	NA	NA	NA	NA	NA
NC_045512.2	24325	A	G	14859	3976	36	2	2	51	0.000134571	14862	0.249992	FALSE	NA	NA	NA	NA	NA	NA
NC_045512.2	24325	A	C	14859	3976	36	1	0	26	6.72857e-05	14862	1	FALSE	NA	NA	NA	NA	NA	NA
NC_045512.2	24325	A	-T	14859	3976	36	1	0	20	6.72857e-05	14862	1	FALSE	NA	NA	NA	NA	NA	NA
NC_045512.2	24327	T	C	15179	3960	37	4	3	34	0.000263453	15183	0.997794	FALSE	NA	NA	NA	NA	NA	NA
NC_045512.2	24329	A	-T	15932	5112	37	1	0	20	6.27668e-05	15932	1	FALSE	NA	NA	NA	NA	NA	NA
NC_045512.2	24331	T	C	16582	5985	38	2	0	34	0.000120598	16584	0.999928	FALSE	NA	NA	NA	NA	NA	NA
NC_045512.2	24333	C	T	15760	6162	38	5	3	40	0.000317158	15765	0.109368	FALSE	NA	NA	NA	NA	NA	NA
NC_045512.2	24334	C	T	15648	6246	38	3	1	34	0.000191681	15651	0.999346	FALSE	NA	NA	NA	NA	NA	NA
NC_045512.2	24335	A	G	15733	6317	38	1	1	34	6.35566e-05	15734	0.999985	FALSE	NA	NA	NA	NA	NA	NA
NC_045512.2	24339	A	T	15855	6273	37	10	1	33	0.000630279	15866	0.885331	FALSE	NA	NA	NA	NA	NA	NA
NC_045512.2	24339	A	G	15855	6273	37	1	0	68	6.30279e-05	15866	0.499858	FALSE	NA	NA	NA	NA	NA	NA
NC_045512.2	24340	A	G	16035	6434	37	1	0	34	6.23597e-05	16036	0.999992	FALSE	NA	NA	NA	NA	NA	NA
NC_045512.2	24341	T	C	16113	6440	37	1	0	34	6.20578e-05	16114	0.999992	FALSE	NA	NA	NA	NA	NA	NA
NC_045512.2	24342	T	C	16917	7498	38	2	0	34	0.00011821	16919	0.999928	FALSE	NA	NA	NA	NA	NA	NA
NC_045512.2	24343	T	C	17039	7781	38	1	0	34	5.86854e-05	17040	0.999996	FALSE	NA	NA	NA	NA	NA	NA
NC_045512.2	24344	A	T	17027	7714	38	1	1	26	5.87268e-05	17028	1	FALSE	NA	NA	NA	NA	NA	NA
NC_045512.2	24345	A	G	17014	7891	38	1	0	34	5.87682e-05	17016	0.999996	FALSE	NA	NA	NA	NA	NA	NA
NC_045512.2	24345	A	C	17014	7891	38	1	1	26	5.87682e-05	17016	1	FALSE	NA	NA	NA	NA	NA	NA
NC_045512.2	24346	T	G	17143	8025	38	1	0	26	5.83294e-05	17144	1	FALSE	NA	NA	NA	NA	NA	NA
NC_045512.2	24347	A	G	16800	7758	38	5	1	32	0.00029753	16805	0.996411	FALSE	NA	NA	NA	NA	NA	NA
NC_045512.2	24348	G	T	16951	7759	38	3	2	58	0.000176939	16955	0.124989	FALSE	NA	NA	NA	NA	NA	NA
NC_045512.2	24348	G	A	16951	7759	38	1	1	34	5.89797e-05	16955	0.999992	FALSE	NA	NA	NA	NA	NA	NA
NC_045512.2	24350	G	T	16400	7279	38	1	1	26	6.0957e-05	16405	1	FALSE	NA	NA	NA	NA	NA	NA
NC_045512.2	24350	G	C	16400	7279	38	4	4	34	0.000243828	16405	0.998715	FALSE	NA	NA	NA	NA	NA	NA
NC_045512.2	24352	T	C	16004	7109	38	1	1	27	6.24766e-05	16006	1	FALSE	NA	NA	NA	NA	NA	NA
NC_045512.2	24352	T	A	16004	7109	38	1	1	26	6.24766e-05	16006	1	FALSE	NA	NA	NA	NA	NA	NA
NC_045512.2	24353	A	G	16218	7374	38	4	2	32	0.000246579	16222	0.998716	FALSE	NA	NA	NA	NA	NA	NA
NC_045512.2	24355	T	A	16334	7506	38	1	0	34	6.12182e-05	16335	0.999992	FALSE	NA	NA	NA	NA	NA	NA
NC_045512.2	24356	G	T	16343	7532	38	2	2	34	0.000122354	16346	0.999928	FALSE	NA	NA	NA	NA	NA	NA
NC_045512.2	24356	G	A	16343	7532	38	1	1	34	6.1177e-05	16346	0.999992	FALSE	NA	NA	NA	NA	NA	NA
NC_045512.2	24357	G	A	16222	7445	38	7	2	34	0.000431327	16229	0.982693	FALSE	NA	NA	NA	NA	NA	NA
NC_045512.2	24358	C	-A	17294	8751	39	3	0	20	0.000173471	17294	1	FALSE	NA	NA	NA	NA	NA	NA
NC_045512.2	24360	A	G	17356	8835	39	21	5	34	0.00120842	17378	0.313456	FALSE	NA	NA	NA	NA	NA	NA
NC_045512.2	24360	A	C	17356	8835	39	1	1	34	5.7544e-05	17378	0.999996	FALSE	NA	NA	NA	NA	NA	NA
NC_045512.2	24361	A	G	16802	8874	38	1	0	34	5.95061e-05	16805	0.999992	FALSE	NA	NA	NA	NA	NA	NA
NC_045512.2	24361	A	C	16802	8874	38	2	0	34	0.000119012	16805	0.999928	FALSE	NA	NA	NA	NA	NA	NA
NC_045512.2	24362	A	G	17734	8912	39	1	0	46	5.63857e-05	17735	0.750021	FALSE	NA	NA	NA	NA	NA	NA
NC_045512.2	24363	T	C	17694	9051	39	1	1	46	5.65131e-05	17695	0.750021	FALSE	NA	NA	NA	NA	NA	NA
NC_045512.2	24364	T	G	17618	9052	38	2	0	30	0.000113507	17620	0.999962	FALSE	NA	NA	NA	NA	NA	NA
NC_045512.2	24365	C	T	17870	9335	39	3	3	34	0.000167851	17873	0.9998	FALSE	NA	NA	NA	NA	NA	NA
NC_045512.2	24366	A	G	17776	9239	39	8	3	33	0.000449843	17784	0.978401	FALSE	NA	NA	NA	NA	NA	NA
NC_045512.2	24367	A	T	17759	9258	39	5	1	34	0.000281452	17765	0.997834	FALSE	NA	NA	NA	NA	NA	NA
NC_045512.2	24367	A	G	17759	9258	39	1	1	34	5.62905e-05	17765	0.999996	FALSE	NA	NA	NA	NA	NA	NA
NC_045512.2	24368	G	A	17636	9286	39	1	0	26	5.6699e-05	17637	1	FALSE	NA	NA	NA	NA	NA	NA
NC_045512.2	24369	A	T	15938	9608	38	1	1	26	6.27392e-05	15939	1	FALSE	NA	NA	NA	NA	NA	NA
NC_045512.2	24370	C	T	14892	10000	37	4	4	32	0.000268528	14896	0.996241	FALSE	NA	NA	NA	NA	NA	NA
NC_045512.2	24371	T	C	14657	9768	37	2	0	34	0.000136435	14659	0.999742	FALSE	NA	NA	NA	NA	NA	NA
NC_045512.2	24372	C	T	14689	9772	37	1	1	34	6.8055e-05	14694	0.99997	FALSE	NA	NA	NA	NA	NA	NA
NC_045512.2	24372	C	A	14689	9772	37	4	4	34	0.00027222	14694	0.99624	FALSE	NA	NA	NA	NA	NA	NA
NC_045512.2	24373	A	T	14657	9733	37	1	1	26	6.82128e-05	14660	1	FALSE	NA	NA	NA	NA	NA	NA
NC_045512.2	24373	A	G	14657	9733	37	2	1	34	0.000136426	14660	0.999741	FALSE	NA	NA	NA	NA	NA	NA
NC_045512.2	24375	T	C	14781	9743	37	2	0	34	0.000135291	14783	0.999742	FALSE	NA	NA	NA	NA	NA	NA
NC_045512.2	24376	T	C	14858	9691	37	1	0	34	6.72993e-05	14859	0.99997	FALSE	NA	NA	NA	NA	NA	NA
NC_045512.2	24379	T	C	14475	9766	37	1	1	34	6.90799e-05	14476	0.99997	FALSE	NA	NA	NA	NA	NA	NA
NC_045512.2	24380	T	C	14517	9812	37	2	2	34	0.000137751	14519	0.999742	FALSE	NA	NA	NA	NA	NA	NA
NC_045512.2	24381	C	T	14490	9795	37	2	2	34	0.000137988	14494	0.999741	FALSE	NA	NA	NA	NA	NA	NA
NC_045512.2	24381	C	A	14490	9795	37	2	1	68	0.000137988	14494	0.249974	FALSE	NA	NA	NA	NA	NA	NA
NC_045512.2	24382	C	T	14492	9850	37	1	0	34	6.89941e-05	14494	0.99997	FALSE	NA	NA	NA	NA	NA	NA
NC_045512.2	24382	C	G	14492	9850	37	1	1	34	6.89941e-05	14494	0.99997	FALSE	NA	NA	NA	NA	NA	NA
NC_045512.2	24383	A	G	14357	9695	37	1	0	34	6.96476e-05	14358	0.99997	FALSE	NA	NA	NA	NA	NA	NA
NC_045512.2	24386	G	C	13723	9605	36	1	1	26	7.27961e-05	13737	1	FALSE	NA	NA	NA	NA	NA	NA
NC_045512.2	24386	G	A	13723	9605	36	13	4	34	0.000946349	13737	0.577527	FALSE	NA	NA	NA	NA	NA	NA
NC_045512.2	24387	C	T	13937	9786	36	1	1	34	7.17463e-05	13938	0.999939	FALSE	NA	NA	NA	NA	NA	NA
NC_045512.2	24388	A	G	13899	9757	36	2	2	34	0.000143875	13901	0.999513	FALSE	NA	NA	NA	NA	NA	NA
NC_045512.2	24389	A	G	13908	9751	36	1	0	34	7.18856e-05	13911	0.999939	FALSE	NA	NA	NA	NA	NA	NA
NC_045512.2	24389	A	C	13908	9751	36	2	2	30	0.000143771	13911	0.999513	FALSE	NA	NA	NA	NA	NA	NA
NC_045512.2	24392	G	T	13613	9844	36	1	1	34	7.34538e-05	13614	0.999939	FALSE	NA	NA	NA	NA	NA	NA
NC_045512.2	24393	C	T	13521	9794	36	1	1	34	7.39481e-05	13523	0.999939	FALSE	NA	NA	NA	NA	NA	NA
NC_045512.2	24393	C	G	13521	9794	36	1	1	34	7.39481e-05	13523	0.999939	FALSE	NA	NA	NA	NA	NA	NA
NC_045512.2	24394	A	G	13513	9781	36	2	1	34	0.000147984	13515	0.999513	FALSE	NA	NA	NA	NA	NA	NA
NC_045512.2	24397	T	C	13838	10290	36	2	2	34	0.000144498	13841	0.999513	FALSE	NA	NA	NA	NA	NA	NA
NC_045512.2	24397	T	A	13838	10290	36	1	0	34	7.22491e-05	13841	0.999939	FALSE	NA	NA	NA	NA	NA	NA
NC_045512.2	24398	G	T	13750	10243	36	1	1	34	7.2722e-05	13751	0.999939	FALSE	NA	NA	NA	NA	NA	NA
NC_045512.2	24399	G	T	13683	10173	36	1	1	34	7.3078e-05	13684	0.999939	FALSE	NA	NA	NA	NA	NA	NA
NC_045512.2	24399	G	-A	13683	10173	36	1	0	20	7.3078e-05	13684	1	FALSE	NA	NA	NA	NA	NA	NA
NC_045512.2	24400	A	G	13732	10256	36	6	5	34	0.000436745	13738	0.968261	FALSE	NA	NA	NA	NA	NA	NA
NC_045512.2	24401	A	G	13768	10303	36	6	5	34	0.000435603	13774	0.968272	FALSE	NA	NA	NA	NA	NA	NA
NC_045512.2	24403	A	G	14116	10902	36	1	1	34	7.08366e-05	14117	0.99997	FALSE	NA	NA	NA	NA	NA	NA
NC_045512.2	24406	T	C	14206	10987	36	1	1	26	7.03878e-05	14207	1	FALSE	NA	NA	NA	NA	NA	NA
NC_045512.2	24408	A	G	14152	10963	35	2	2	34	0.000141303	14154	0.999741	FALSE	NA	NA	NA	NA	NA	NA
NC_045512.2	24410	G	A	14134	11012	35	1	0	68	7.07464e-05	14135	0.500018	FALSE	NA	NA	NA	NA	NA	NA
NC_045512.2	24411	A	G	14759	11818	35	1	0	46	6.77507e-05	14760	0.750025	FALSE	NA	NA	NA	NA	NA	NA
NC_045512.2	24414	T	C	14373	11359	36	3	0	34	0.000208681	14376	0.998829	FALSE	NA	NA	NA	NA	NA	NA
NC_045512.2	24415	G	T	14344	11250	36	2	2	34	0.000139383	14349	0.999741	FALSE	NA	NA	NA	NA	NA	NA
NC_045512.2	24415	G	A	14344	11250	36	3	3	34	0.000209074	14349	0.998828	FALSE	NA	NA	NA	NA	NA	NA
NC_045512.2	24416	G	A	14504	11364	36	1	1	34	6.89417e-05	14505	0.99997	FALSE	NA	NA	NA	NA	NA	NA
NC_045512.2	24417	T	C	14758	11630	36	1	1	34	6.77553e-05	14759	0.99997	FALSE	NA	NA	NA	NA	NA	NA
NC_045512.2	24418	C	T	14806	11688	36	1	0	34	6.75356e-05	14807	0.99997	FALSE	NA	NA	NA	NA	NA	NA
NC_045512.2	24419	A	G	14729	11637	36	1	1	34	6.78887e-05	14730	0.99997	FALSE	NA	NA	NA	NA	NA	NA
NC_045512.2	24420	A	T	14459	11699	35	1	1	34	6.91515e-05	14461	0.99997	FALSE	NA	NA	NA	NA	NA	NA
NC_045512.2	24420	A	C	14459	11699	35	1	1	26	6.91515e-05	14461	1	FALSE	NA	NA	NA	NA	NA	NA
NC_045512.2	24422	C	-A	14937	11780	36	1	0	20	6.69478e-05	14937	1	FALSE	NA	NA	NA	NA	NA	NA
NC_045512.2	24424	A	T	1	0	34	14748	11593	35	0.999864	14750	0	TRUE	NA	NA	NA	NA	NA	NA
NC_045512.2	24424	A	C	1	0	34	1	0	34	6.77966e-05	14750	0.0020328	TRUE	NA	NA	NA	NA	NA	NA
NC_045512.2	24425	A	T	14734	11594	36	1	0	34	6.7861e-05	14736	0.99997	FALSE	NA	NA	NA	NA	NA	NA
NC_045512.2	24425	A	G	14734	11594	36	1	0	34	6.7861e-05	14736	0.99997	FALSE	NA	NA	NA	NA	NA	NA
NC_045512.2	24426	A	G	14725	11601	36	2	0	30	0.000135805	14727	0.999742	FALSE	NA	NA	NA	NA	NA	NA
NC_045512.2	24427	T	G	14675	11566	36	2	0	30	0.000136268	14677	0.999742	FALSE	NA	NA	NA	NA	NA	NA
NC_045512.2	24428	G	C	14588	11477	35	1	0	68	6.85448e-05	14589	0.500017	FALSE	NA	NA	NA	NA	NA	NA
NC_045512.2	24429	C	A	15005	12015	36	4	4	34	0.000266507	15009	0.997794	FALSE	NA	NA	NA	NA	NA	NA
NC_045512.2	24430	A	G	14057	11079	36	3	0	34	0.000213371	14060	0.998829	FALSE	NA	NA	NA	NA	NA	NA
NC_045512.2	24431	C	-A	13981	11013	36	1	0	20	7.15256e-05	13981	1	FALSE	NA	NA	NA	NA	NA	NA
NC_045512.2	24432	A	G	12931	9980	36	3	1	34	0.000231947	12934	0.996315	FALSE	NA	NA	NA	NA	NA	NA
NC_045512.2	24433	A	G	12912	9963	36	2	2	34	0.000154871	12914	0.999087	FALSE	NA	NA	NA	NA	NA	NA
NC_045512.2	24434	G	A	12833	9889	36	1	1	46	7.7918e-05	12834	0.750029	FALSE	NA	NA	NA	NA	NA	NA
NC_045512.2	24435	C	G	13135	10234	36	1	1	34	7.61209e-05	13137	0.999939	FALSE	NA	NA	NA	NA	NA	NA
NC_045512.2	24435	C	A	13135	10234	36	1	0	34	7.61209e-05	13137	0.999939	FALSE	NA	NA	NA	NA	NA	NA
NC_045512.2	24436	T	C	13030	10117	36	1	1	34	7.67401e-05	13031	0.999939	FALSE	NA	NA	NA	NA	NA	NA
NC_045512.2	24438	T	-A	13031	10235	36	2	0	20	0.00015348	13031	1	FALSE	NA	NA	NA	NA	NA	NA
NC_045512.2	24439	A	G	12914	10247	36	2	2	34	0.000154847	12916	0.999086	FALSE	NA	NA	NA	NA	NA	NA
NC_045512.2	24440	A	G	12970	10332	36	2	1	30	0.000154178	12972	0.999087	FALSE	NA	NA	NA	NA	NA	NA
NC_045512.2	24447	T	G	11533	9555	35	1	1	26	8.66776e-05	11537	1	FALSE	NA	NA	NA	NA	NA	NA
NC_045512.2	24447	T	C	11533	9555	35	3	3	38	0.000260033	11537	0.993543	FALSE	NA	NA	NA	NA	NA	NA
NC_045512.2	24449	G	T	14211	12438	36	3	3	34	0.00021103	14216	0.998828	FALSE	NA	NA	NA	NA	NA	NA
NC_045512.2	24449	G	C	14211	12438	36	2	2	30	0.000140687	14216	0.999741	FALSE	NA	NA	NA	NA	NA	NA
NC_045512.2	24450	T	C	14415	12646	36	1	1	26	6.93674e-05	14416	1	FALSE	NA	NA	NA	NA	NA	NA
NC_045512.2	24451	T	C	14434	12674	36	1	1	34	6.92761e-05	14435	0.99997	FALSE	NA	NA	NA	NA	NA	NA
NC_045512.2	24453	A	G	35383	13659	34	1	0	34	2.82614e-05	35384	1	FALSE	NA	NA	NA	NA	NA	NA
NC_045512.2	24454	A	G	35760	13980	34	6	2	34	0.000167757	35766	1	FALSE	NA	NA	NA	NA	NA	NA
NC_045512.2	24455	C	T	39987	18235	35	3	3	31	7.50188e-05	39990	1	FALSE	NA	NA	NA	NA	NA	NA
NC_045512.2	24456	A	G	39823	17990	35	8	6	34	0.000200849	39831	0.999999	FALSE	NA	NA	NA	NA	NA	NA
NC_045512.2	24457	A	T	41113	17966	35	1	0	26	2.43202e-05	41118	1	FALSE	NA	NA	NA	NA	NA	NA
NC_045512.2	24457	A	G	41113	17966	35	4	2	32	9.7281e-05	41118	1	FALSE	NA	NA	NA	NA	NA	NA
NC_045512.2	24458	C	T	40976	17975	35	418	380	36	0.0100976	41396	2.0225e-80	TRUE	NA	NA	NA	NA	NA	NA
NC_045512.2	24458	C	G	40976	17975	35	1	0	34	2.41569e-05	41396	1	FALSE	NA	NA	NA	NA	NA	NA
NC_045512.2	24458	C	A	40976	17975	35	1	1	34	2.41569e-05	41396	1	FALSE	NA	NA	NA	NA	NA	NA
NC_045512.2	24459	T	G	40821	17900	36	2	1	30	4.898e-05	40833	1	FALSE	NA	NA	NA	NA	NA	NA
NC_045512.2	24459	T	C	40821	17900	36	5	3	34	0.00012245	40833	1	FALSE	NA	NA	NA	NA	NA	NA
NC_045512.2	24459	T	A	40821	17900	36	5	5	34	0.00012245	40833	1	FALSE	NA	NA	NA	NA	NA	NA
NC_045512.2	24460	T	G	41257	18394	36	1	0	34	2.42336e-05	41265	1	FALSE	NA	NA	NA	NA	NA	NA
NC_045512.2	24460	T	C	41257	18394	36	5	1	32	0.000121168	41265	1	FALSE	NA	NA	NA	NA	NA	NA
NC_045512.2	24460	T	A	41257	18394	36	2	2	30	4.84672e-05	41265	1	FALSE	NA	NA	NA	NA	NA	NA
NC_045512.2	24461	A	G	41638	18729	36	2	0	34	4.80307e-05	41640	1	FALSE	NA	NA	NA	NA	NA	NA
NC_045512.2	24462	G	A	42121	18592	36	2	0	34	4.748e-05	42123	1	FALSE	NA	NA	NA	NA	NA	NA
NC_045512.2	24463	C	T	41955	18936	35	5	1	32	0.000119158	41961	1	FALSE	NA	NA	NA	NA	NA	NA
NC_045512.2	24463	C	G	41955	18936	35	1	0	34	2.38317e-05	41961	1	FALSE	NA	NA	NA	NA	NA	NA
NC_045512.2	24464	T	G	42220	18750	36	2	2	34	4.73518e-05	42237	1	FALSE	NA	NA	NA	NA	NA	NA
NC_045512.2	24464	T	C	42220	18750	36	13	2	36	0.000307787	42237	0.999984	FALSE	NA	NA	NA	NA	NA	NA
NC_045512.2	24464	T	A	42220	18750	36	2	0	30	4.73518e-05	42237	1	FALSE	NA	NA	NA	NA	NA	NA
NC_045512.2	24466	C	T	41916	18419	36	8	1	34	0.000190799	41929	1	FALSE	NA	NA	NA	NA	NA	NA
NC_045512.2	24466	C	G	41916	18419	36	1	0	34	2.38498e-05	41929	1	FALSE	NA	NA	NA	NA	NA	NA
NC_045512.2	24466	C	A	41916	18419	36	4	1	34	9.53994e-05	41929	1	FALSE	NA	NA	NA	NA	NA	NA
NC_045512.2	24466	C	+G	41916	18419	36	3	0	20	7.15495e-05	41929	1	FALSE	NA	NA	NA	NA	NA	NA
NC_045512.2	24467	A	G	41941	18366	36	2	0	26	4.76815e-05	41945	1	FALSE	NA	NA	NA	NA	NA	NA
NC_045512.2	24467	A	C	41941	18366	36	2	2	30	4.76815e-05	41945	1	FALSE	NA	NA	NA	NA	NA	NA
NC_045512.2	24468	A	G	41476	18364	35	1	1	34	2.41097e-05	41477	1	FALSE	NA	NA	NA	NA	NA	NA
NC_045512.2	24469	T	G	4	3	40	1	0	34	2.38453e-05	41937	0.00499725	TRUE	NA	NA	NA	NA	NA	NA
NC_045512.2	24469	T	C	4	3	40	5	5	27	0.000119226	41937	1.25633e-08	TRUE	NA	NA	NA	NA	NA	NA
NC_045512.2	24469	T	A	4	3	40	41927	18392	35	0.999762	41937	0	TRUE	NA	NA	NA	NA	NA	NA
NC_045512.2	24470	T	C	41974	18311	35	1	0	68	2.38237e-05	41975	0.500006	FALSE	NA	NA	NA	NA	NA	NA
NC_045512.2	24471	T	C	41557	17878	35	1	0	34	2.40628e-05	41558	1	FALSE	NA	NA	NA	NA	NA	NA
NC_045512.2	24472	T	C	41767	18084	35	1	1	34	2.39418e-05	41768	1	FALSE	NA	NA	NA	NA	NA	NA
NC_045512.2	24473	G	T	41618	17916	35	2	1	34	4.80492e-05	41624	1	FALSE	NA	NA	NA	NA	NA	NA
NC_045512.2	24473	G	A	41618	17916	35	4	3	34	9.60984e-05	41624	1	FALSE	NA	NA	NA	NA	NA	NA
NC_045512.2	24474	G	C	42202	18117	35	1	1	34	2.36944e-05	42204	1	FALSE	NA	NA	NA	NA	NA	NA
NC_045512.2	24474	G	A	42202	18117	35	1	0	34	2.36944e-05	42204	1	FALSE	NA	NA	NA	NA	NA	NA
NC_045512.2	24475	T	C	41659	17599	35	5	1	32	0.000120005	41665	1	FALSE	NA	NA	NA	NA	NA	NA
NC_045512.2	24475	T	A	41659	17599	35	1	0	34	2.4001e-05	41665	1	FALSE	NA	NA	NA	NA	NA	NA
NC_045512.2	24476	G	C	42102	17995	35	4	4	34	9.49893e-05	42110	1	FALSE	NA	NA	NA	NA	NA	NA
NC_045512.2	24476	G	A	42102	17995	35	4	4	34	9.49893e-05	42110	1	FALSE	NA	NA	NA	NA	NA	NA
NC_045512.2	24477	C	T	42201	18286	35	2	0	34	4.73889e-05	42204	1	FALSE	NA	NA	NA	NA	NA	NA
NC_045512.2	24477	C	G	42201	18286	35	1	1	68	2.36944e-05	42204	0.499994	FALSE	NA	NA	NA	NA	NA	NA
NC_045512.2	24478	A	G	43288	18190	35	5	1	34	0.000115492	43293	1	FALSE	NA	NA	NA	NA	NA	NA
NC_045512.2	24479	A	T	43826	18314	35	1	0	34	2.28159e-05	43829	1	FALSE	NA	NA	NA	NA	NA	NA
NC_045512.2	24479	A	G	43826	18314	35	2	1	34	4.56319e-05	43829	1	FALSE	NA	NA	NA	NA	NA	NA
NC_045512.2	24479	A	-T	43826	18314	35	1	0	20	2.28159e-05	43829	1	FALSE	NA	NA	NA	NA	NA	NA
NC_045512.2	24480	T	C	44075	18352	35	1	0	34	2.26871e-05	44078	1	FALSE	NA	NA	NA	NA	NA	NA
NC_045512.2	24480	T	A	44075	18352	35	2	2	34	4.53741e-05	44078	1	FALSE	NA	NA	NA	NA	NA	NA
NC_045512.2	24481	T	C	43964	18191	35	2	1	34	4.54897e-05	43966	1	FALSE	NA	NA	NA	NA	NA	NA
NC_045512.2	24482	T	C	44081	18316	35	8	4	34	0.000181451	44089	1	FALSE	NA	NA	NA	NA	NA	NA
NC_045512.2	24484	A	G	43878	18216	35	7	3	47	0.000159504	43886	0.274401	FALSE	NA	NA	NA	NA	NA	NA
NC_045512.2	24484	A	C	43878	18216	35	1	0	34	2.27863e-05	43886	1	FALSE	NA	NA	NA	NA	NA	NA
NC_045512.2	24485	A	T	43513	18277	35	1	1	34	2.2979e-05	43518	1	FALSE	NA	NA	NA	NA	NA	NA
NC_045512.2	24485	A	G	43513	18277	35	3	1	34	6.8937e-05	43518	1	FALSE	NA	NA	NA	NA	NA	NA
NC_045512.2	24485	A	C	43513	18277	35	1	0	34	2.2979e-05	43518	1	FALSE	NA	NA	NA	NA	NA	NA
NC_045512.2	24486	G	C	44046	18282	35	1	1	26	2.2703e-05	44047	1	FALSE	NA	NA	NA	NA	NA	NA
NC_045512.2	24487	T	C	43817	18315	36	2	0	34	4.56413e-05	43820	1	FALSE	NA	NA	NA	NA	NA	NA
NC_045512.2	24487	T	A	43817	18315	36	1	1	34	2.28206e-05	43820	1	FALSE	NA	NA	NA	NA	NA	NA
NC_045512.2	24488	G	T	45528	18325	36	1	1	26	2.19602e-05	45537	1	FALSE	NA	NA	NA	NA	NA	NA
NC_045512.2	24488	G	A	45528	18325	36	8	6	33	0.000175681	45537	1	FALSE	NA	NA	NA	NA	NA	NA
NC_045512.2	24489	T	C	45427	18366	36	1	0	34	2.20109e-05	45432	1	FALSE	NA	NA	NA	NA	NA	NA
NC_045512.2	24489	T	A	45427	18366	36	4	0	28	8.80437e-05	45432	1	FALSE	NA	NA	NA	NA	NA	NA
NC_045512.2	24490	T	G	45025	17954	36	2	0	30	4.44089e-05	45036	1	FALSE	NA	NA	NA	NA	NA	NA
NC_045512.2	24490	T	C	45025	17954	36	7	6	37	0.000155431	45036	1	FALSE	NA	NA	NA	NA	NA	NA
NC_045512.2	24490	T	A	45025	17954	36	2	0	30	4.44089e-05	45036	1	FALSE	NA	NA	NA	NA	NA	NA
NC_045512.2	24491	T	C	45580	18568	36	3	0	34	6.58097e-05	45586	1	FALSE	NA	NA	NA	NA	NA	NA
NC_045512.2	24491	T	A	45580	18568	36	3	0	31	6.58097e-05	45586	1	FALSE	NA	NA	NA	NA	NA	NA
NC_045512.2	24492	T	G	45552	18548	36	1	0	34	2.1951e-05	45556	1	FALSE	NA	NA	NA	NA	NA	NA
NC_045512.2	24492	T	C	45552	18548	36	3	2	45	6.5853e-05	45556	0.773447	FALSE	NA	NA	NA	NA	NA	NA
NC_045512.2	24493	A	T	45667	18508	36	3	2	45	6.56843e-05	45673	0.773429	FALSE	NA	NA	NA	NA	NA	NA
NC_045512.2	24493	A	G	45667	18508	36	2	1	34	4.37895e-05	45673	1	FALSE	NA	NA	NA	NA	NA	NA
NC_045512.2	24493	A	C	45667	18508	36	1	1	34	2.18948e-05	45673	1	FALSE	NA	NA	NA	NA	NA	NA
NC_045512.2	24494	A	T	45792	18548	36	2	1	25	4.3671e-05	45797	1	FALSE	NA	NA	NA	NA	NA	NA
NC_045512.2	24494	A	G	45792	18548	36	3	1	30	6.55065e-05	45797	1	FALSE	NA	NA	NA	NA	NA	NA
NC_045512.2	24495	A	G	46486	18592	36	1	0	34	2.15114e-05	46487	1	FALSE	NA	NA	NA	NA	NA	NA
NC_045512.2	24496	T	C	46756	18592	36	3	2	45	6.41574e-05	46760	0.773446	FALSE	NA	NA	NA	NA	NA	NA
NC_045512.2	24496	T	A	46756	18592	36	1	0	34	2.13858e-05	46760	1	FALSE	NA	NA	NA	NA	NA	NA
NC_045512.2	24497	G	T	46127	17965	36	3	1	34	6.50308e-05	46132	1	FALSE	NA	NA	NA	NA	NA	NA
NC_045512.2	24497	G	C	46127	17965	36	2	1	30	4.33539e-05	46132	1	FALSE	NA	NA	NA	NA	NA	NA
NC_045512.2	24498	A	T	46079	17837	36	2	0	34	4.34018e-05	46081	1	FALSE	NA	NA	NA	NA	NA	NA
NC_045512.2	24499	T	C	45920	17580	36	6	1	34	0.000130645	45926	1	FALSE	NA	NA	NA	NA	NA	NA
NC_045512.2	24500	A	T	45213	17845	36	1	0	34	2.21166e-05	45215	1	FALSE	NA	NA	NA	NA	NA	NA
NC_045512.2	24500	A	G	45213	17845	36	1	1	34	2.21166e-05	45215	1	FALSE	NA	NA	NA	NA	NA	NA
NC_045512.2	24501	T	C	46102	17673	36	12	8	32	0.000260219	46115	0.999999	FALSE	NA	NA	NA	NA	NA	NA
NC_045512.2	24501	T	A	46102	17673	36	1	1	34	2.16849e-05	46115	1	FALSE	NA	NA	NA	NA	NA	NA
NC_045512.2	24502	C	T	47243	17881	36	8	1	33	0.000169309	47251	1	FALSE	NA	NA	NA	NA	NA	NA
NC_045512.2	24503	C	T	47268	17999	36	3	0	34	6.34639e-05	47271	1	FALSE	NA	NA	NA	NA	NA	NA
NC_045512.2	24503	C	+T	47268	17999	36	1	0	20	2.11546e-05	47271	1	FALSE	NA	NA	NA	NA	NA	NA
NC_045512.2	24504	T	G	47181	17371	36	2	0	30	4.23864e-05	47185	1	FALSE	NA	NA	NA	NA	NA	NA
NC_045512.2	24504	T	C	47181	17371	36	2	0	51	4.23864e-05	47185	0.249992	FALSE	NA	NA	NA	NA	NA	NA
NC_045512.2	24505	T	G	46643	16871	36	1	0	34	2.14376e-05	46647	1	FALSE	NA	NA	NA	NA	NA	NA
NC_045512.2	24505	T	C	46643	16871	36	3	2	34	6.43128e-05	46647	1	FALSE	NA	NA	NA	NA	NA	NA
NC_045512.2	24506	T	C	47152	17542	36	8	1	34	0.000169635	47160	1	FALSE	NA	NA	NA	NA	NA	NA
NC_045512.2	24507	C	T	47157	17552	36	1	0	34	2.12049e-05	47159	1	FALSE	NA	NA	NA	NA	NA	NA
NC_045512.2	24507	C	A	47157	17552	36	1	0	34	2.12049e-05	47159	1	FALSE	NA	NA	NA	NA	NA	NA
NC_045512.2	24508	A	G	46999	17462	36	3	2	34	6.38271e-05	47002	1	FALSE	NA	NA	NA	NA	NA	NA
NC_045512.2	24509	C	T	47679	17596	36	4	4	32	8.38821e-05	47686	1	FALSE	NA	NA	NA	NA	NA	NA
NC_045512.2	24509	C	G	47679	17596	36	3	0	34	6.29115e-05	47686	1	FALSE	NA	NA	NA	NA	NA	NA
NC_045512.2	24510	G	T	47663	17542	36	1	1	34	2.09767e-05	47672	1	FALSE	NA	NA	NA	NA	NA	NA
NC_045512.2	24510	G	A	47663	17542	36	8	3	54	0.000167813	47672	0.0039051	TRUE	NA	NA	NA	NA	NA	NA
NC_045512.2	24511	T	C	46517	16474	36	1	0	26	2.14971e-05	46518	1	FALSE	NA	NA	NA	NA	NA	NA
NC_045512.2	24512	C	T	46958	16854	36	1	0	34	2.12952e-05	46959	1	FALSE	NA	NA	NA	NA	NA	NA
NC_045512.2	24512	C	-T	46958	16854	36	3	0	20	6.38855e-05	46959	1	FALSE	NA	NA	NA	NA	NA	NA
NC_045512.2	24513	T	G	45647	15562	36	3	1	45	6.57073e-05	45657	0.773366	FALSE	NA	NA	NA	NA	NA	NA
NC_045512.2	24513	T	C	45647	15562	36	5	2	34	0.000109512	45657	1	FALSE	NA	NA	NA	NA	NA	NA
NC_045512.2	24513	T	A	45647	15562	36	2	1	34	4.38049e-05	45657	1	FALSE	NA	NA	NA	NA	NA	NA
NC_045512.2	24514	T	C	46784	16529	36	8	2	37	0.000170962	46794	1	FALSE	NA	NA	NA	NA	NA	NA
NC_045512.2	24514	T	A	46784	16529	36	2	2	34	4.27405e-05	46794	1	FALSE	NA	NA	NA	NA	NA	NA
NC_045512.2	24515	G	T	46923	16555	36	1	1	34	2.13083e-05	46930	1	FALSE	NA	NA	NA	NA	NA	NA
NC_045512.2	24515	G	A	46923	16555	36	6	4	34	0.00012785	46930	1	FALSE	NA	NA	NA	NA	NA	NA
NC_045512.2	24516	A	T	47027	16760	37	3	1	31	6.37742e-05	47041	1	FALSE	NA	NA	NA	NA	NA	NA
NC_045512.2	24516	A	G	47027	16760	37	11	5	49	0.000233839	47041	0.0592103	FALSE	NA	NA	NA	NA	NA	NA
NC_045512.2	24517	C	T	47011	16801	37	2	0	34	4.25387e-05	47016	1	FALSE	NA	NA	NA	NA	NA	NA
NC_045512.2	24517	C	G	47011	16801	37	3	0	40	6.38081e-05	47016	0.773438	FALSE	NA	NA	NA	NA	NA	NA
NC_045512.2	24517	C	-A	47011	16801	37	1	0	20	2.12694e-05	47016	1	FALSE	NA	NA	NA	NA	NA	NA
NC_045512.2	24518	A	T	46072	16420	36	1	0	34	2.17023e-05	46078	1	FALSE	NA	NA	NA	NA	NA	NA
NC_045512.2	24518	A	G	46072	16420	36	5	3	32	0.000108512	46078	1	FALSE	NA	NA	NA	NA	NA	NA
NC_045512.2	24519	A	T	46738	16430	37	1	0	26	2.13945e-05	46741	1	FALSE	NA	NA	NA	NA	NA	NA
NC_045512.2	24519	A	G	46738	16430	37	2	1	34	4.2789e-05	46741	1	FALSE	NA	NA	NA	NA	NA	NA
NC_045512.2	24520	A	T	46529	16423	36	2	0	34	4.29775e-05	46536	1	FALSE	NA	NA	NA	NA	NA	NA
NC_045512.2	24520	A	G	46529	16423	36	4	2	34	8.5955e-05	46536	1	FALSE	NA	NA	NA	NA	NA	NA
NC_045512.2	24520	A	C	46529	16423	36	1	0	26	2.14887e-05	46536	1	FALSE	NA	NA	NA	NA	NA	NA
NC_045512.2	24521	G	A	47822	16510	37	1	1	34	2.09104e-05	47823	1	FALSE	NA	NA	NA	NA	NA	NA
NC_045512.2	24522	T	C	47357	16415	37	2	1	34	4.22288e-05	47361	1	FALSE	NA	NA	NA	NA	NA	NA
NC_045512.2	24522	T	A	47357	16415	37	2	0	30	4.22288e-05	47361	1	FALSE	NA	NA	NA	NA	NA	NA
NC_045512.2	24523	T	C	47563	16580	37	1	1	34	2.10243e-05	47564	1	FALSE	NA	NA	NA	NA	NA	NA
NC_045512.2	24523	T	-G	47563	16580	37	1	0	20	2.10243e-05	47564	1	FALSE	NA	NA	NA	NA	NA	NA
NC_045512.2	24524	G	C	47601	16564	37	2	0	34	4.20133e-05	47604	1	FALSE	NA	NA	NA	NA	NA	NA
NC_045512.2	24524	G	A	47601	16564	37	1	0	34	2.10066e-05	47604	1	FALSE	NA	NA	NA	NA	NA	NA
NC_045512.2	24525	A	G	47899	16486	37	15	8	38	0.000313061	47914	0.999991	FALSE	NA	NA	NA	NA	NA	NA
NC_045512.2	24526	G	A	47945	16495	37	3	2	34	6.25678e-05	47948	1	FALSE	NA	NA	NA	NA	NA	NA
NC_045512.2	24527	G	A	47868	16474	37	1	1	34	2.08903e-05	47869	1	FALSE	NA	NA	NA	NA	NA	NA
NC_045512.2	24528	C	T	47847	16464	37	6	4	34	0.000125374	47857	1	FALSE	NA	NA	NA	NA	NA	NA
NC_045512.2	24528	C	G	47847	16464	37	3	0	34	6.26868e-05	47857	1	FALSE	NA	NA	NA	NA	NA	NA
NC_045512.2	24528	C	A	47847	16464	37	1	0	34	2.08956e-05	47857	1	FALSE	NA	NA	NA	NA	NA	NA
NC_045512.2	24529	T	G	47522	16039	37	1	0	34	2.10393e-05	47530	1	FALSE	NA	NA	NA	NA	NA	NA
NC_045512.2	24529	T	C	47522	16039	37	7	2	34	0.000147275	47530	1	FALSE	NA	NA	NA	NA	NA	NA
NC_045512.2	24530	G	A	47169	15588	37	1	1	34	2.11999e-05	47170	1	FALSE	NA	NA	NA	NA	NA	NA
NC_045512.2	24531	A	T	47168	15543	37	2	0	34	4.23989e-05	47171	1	FALSE	NA	NA	NA	NA	NA	NA
NC_045512.2	24531	A	G	47168	15543	37	1	0	34	2.11995e-05	47171	1	FALSE	NA	NA	NA	NA	NA	NA
NC_045512.2	24532	A	G	47009	15562	37	6	1	31	0.000127616	47016	1	FALSE	NA	NA	NA	NA	NA	NA
NC_045512.2	24532	A	C	47009	15562	37	1	0	34	2.12694e-05	47016	1	FALSE	NA	NA	NA	NA	NA	NA
NC_045512.2	24534	T	G	46801	15567	37	1	0	34	2.13643e-05	46807	1	FALSE	NA	NA	NA	NA	NA	NA
NC_045512.2	24534	T	C	46801	15567	37	5	1	47	0.000106822	46807	0.5	FALSE	NA	NA	NA	NA	NA	NA
NC_045512.2	24535	G	T	38795	16380	37	1	1	34	2.57573e-05	38824	1	FALSE	NA	NA	NA	NA	NA	NA
NC_045512.2	24535	G	C	38795	16380	37	1	1	34	2.57573e-05	38824	1	FALSE	NA	NA	NA	NA	NA	NA
NC_045512.2	24535	G	A	38795	16380	37	27	9	41	0.000695446	38824	4.19876e-06	TRUE	NA	NA	NA	NA	NA	NA
NC_045512.2	24536	C	T	36793	16642	36	4	3	34	0.000108705	36797	1	FALSE	NA	NA	NA	NA	NA	NA
NC_045512.2	24537	A	G	36804	16545	36	7	5	34	0.00019015	36813	0.999999	FALSE	NA	NA	NA	NA	NA	NA
NC_045512.2	24537	A	C	36804	16545	36	2	2	26	5.43286e-05	36813	1	FALSE	NA	NA	NA	NA	NA	NA
NC_045512.2	24538	A	T	36854	16737	36	2	1	26	5.42608e-05	36859	1	FALSE	NA	NA	NA	NA	NA	NA
NC_045512.2	24538	A	G	36854	16737	36	2	0	34	5.42608e-05	36859	1	FALSE	NA	NA	NA	NA	NA	NA
NC_045512.2	24538	A	C	36854	16737	36	1	0	27	2.71304e-05	36859	1	FALSE	NA	NA	NA	NA	NA	NA
NC_045512.2	24539	A	T	31890	16659	35	1	1	34	3.13529e-05	31895	1	FALSE	NA	NA	NA	NA	NA	NA
NC_045512.2	24539	A	G	31890	16659	35	3	2	34	9.40586e-05	31895	1	FALSE	NA	NA	NA	NA	NA	NA
NC_045512.2	24539	A	C	31890	16659	35	1	0	26	3.13529e-05	31895	1	FALSE	NA	NA	NA	NA	NA	NA
NC_045512.2	24540	T	C	37900	16652	36	2	0	34	5.27635e-05	37905	1	FALSE	NA	NA	NA	NA	NA	NA
NC_045512.2	24540	T	A	37900	16652	36	3	1	31	7.91452e-05	37905	1	FALSE	NA	NA	NA	NA	NA	NA
NC_045512.2	24541	T	C	37876	16632	36	2	2	30	5.28011e-05	37878	1	FALSE	NA	NA	NA	NA	NA	NA
NC_045512.2	24541	T	-GATA	37876	16632	36	3	0	20	7.92016e-05	37878	1	FALSE	NA	NA	NA	NA	NA	NA
NC_045512.2	24541	T	-G	37876	16632	36	1	0	20	2.64005e-05	37878	1	FALSE	NA	NA	NA	NA	NA	NA
NC_045512.2	24542	G	A	24276	3794	37	1	0	34	4.11913e-05	24277	1	FALSE	NA	NA	NA	NA	NA	NA
NC_045512.2	24543	A	G	24260	3816	37	2	0	34	8.24334e-05	24262	1	FALSE	NA	NA	NA	NA	NA	NA
NC_045512.2	24544	T	G	24229	3808	37	2	1	30	8.25151e-05	24238	1	FALSE	NA	NA	NA	NA	NA	NA
NC_045512.2	24544	T	C	24229	3808	37	6	1	34	0.000247545	24238	0.999838	FALSE	NA	NA	NA	NA	NA	NA
NC_045512.2	24544	T	A	24229	3808	37	1	0	34	4.12575e-05	24238	1	FALSE	NA	NA	NA	NA	NA	NA
NC_045512.2	24545	A	T	23333	3901	36	4	0	34	0.000171336	23346	0.999975	FALSE	NA	NA	NA	NA	NA	NA
NC_045512.2	24545	A	G	23333	3901	36	8	1	38	0.000342671	23346	0.998337	FALSE	NA	NA	NA	NA	NA	NA
NC_045512.2	24545	A	C	23333	3901	36	1	0	34	4.28339e-05	23346	1	FALSE	NA	NA	NA	NA	NA	NA
NC_045512.2	24546	G	A	23731	3902	36	1	0	34	4.21372e-05	23732	1	FALSE	NA	NA	NA	NA	NA	NA
NC_045512.2	24547	G	A	24327	4011	36	2	0	30	8.22064e-05	24329	1	FALSE	NA	NA	NA	NA	NA	NA
NC_045512.2	24548	T	C	24157	3958	36	1	1	34	4.13924e-05	24159	1	FALSE	NA	NA	NA	NA	NA	NA
NC_045512.2	24548	T	A	24157	3958	36	1	0	34	4.13924e-05	24159	1	FALSE	NA	NA	NA	NA	NA	NA
NC_045512.2	24549	T	C	23812	4304	36	3	2	34	0.000125971	23815	0.999995	FALSE	NA	NA	NA	NA	NA	NA
NC_045512.2	24551	A	G	22914	4527	36	1	0	34	4.36395e-05	22915	1	FALSE	NA	NA	NA	NA	NA	NA
NC_045512.2	24552	T	C	22910	4495	36	1	0	34	4.36472e-05	22911	1	FALSE	NA	NA	NA	NA	NA	NA
NC_045512.2	24554	A	T	22341	4576	36	1	0	34	4.47527e-05	22345	1	FALSE	NA	NA	NA	NA	NA	NA
NC_045512.2	24554	A	G	22341	4576	36	3	0	34	0.000134258	22345	0.99999	FALSE	NA	NA	NA	NA	NA	NA
NC_045512.2	24556	A	T	22346	4620	36	1	1	34	4.47327e-05	22355	1	FALSE	NA	NA	NA	NA	NA	NA
NC_045512.2	24556	A	G	22346	4620	36	8	1	34	0.000357862	22355	0.997396	FALSE	NA	NA	NA	NA	NA	NA
NC_045512.2	24557	G	C	22418	4607	36	1	0	34	4.4603e-05	22420	1	FALSE	NA	NA	NA	NA	NA	NA
NC_045512.2	24557	G	A	22418	4607	36	1	1	34	4.4603e-05	22420	1	FALSE	NA	NA	NA	NA	NA	NA
NC_045512.2	24558	G	A	21836	5321	36	9	0	34	0.000411994	21845	0.991958	FALSE	NA	NA	NA	NA	NA	NA
NC_045512.2	24559	C	T	21869	5339	36	4	0	34	0.000182857	21875	0.999922	FALSE	NA	NA	NA	NA	NA	NA
NC_045512.2	24559	C	G	21869	5339	36	2	0	34	9.14286e-05	21875	0.999997	FALSE	NA	NA	NA	NA	NA	NA
NC_045512.2	24560	A	T	21903	5347	36	1	0	34	4.56517e-05	21905	1	FALSE	NA	NA	NA	NA	NA	NA
NC_045512.2	24560	A	G	21903	5347	36	1	1	34	4.56517e-05	21905	1	FALSE	NA	NA	NA	NA	NA	NA
NC_045512.2	24561	G	C	22350	5343	36	4	0	34	0.000178931	22355	0.999956	FALSE	NA	NA	NA	NA	NA	NA
NC_045512.2	24561	G	A	22350	5343	36	1	0	34	4.47327e-05	22355	1	FALSE	NA	NA	NA	NA	NA	NA
NC_045512.2	24562	A	T	22944	5687	36	1	0	34	4.35806e-05	22946	1	FALSE	NA	NA	NA	NA	NA	NA
NC_045512.2	24562	A	G	22944	5687	36	1	0	34	4.35806e-05	22946	1	FALSE	NA	NA	NA	NA	NA	NA
NC_045512.2	24564	T	C	24592	6495	37	2	0	34	8.13206e-05	24594	1	FALSE	NA	NA	NA	NA	NA	NA
NC_045512.2	24565	T	G	25004	6997	37	1	0	26	3.99808e-05	25012	1	FALSE	NA	NA	NA	NA	NA	NA
NC_045512.2	24565	T	C	25004	6997	37	5	0	34	0.000199904	25012	0.99997	FALSE	NA	NA	NA	NA	NA	NA
NC_045512.2	24565	T	A	25004	6997	37	2	0	34	7.99616e-05	25012	1	FALSE	NA	NA	NA	NA	NA	NA
NC_045512.2	24566	C	T	24999	7022	37	1	0	34	4e-05	25000	1	FALSE	NA	NA	NA	NA	NA	NA
NC_045512.2	24567	A	G	25064	7096	37	9	1	45	0.000358938	25074	0.0327004	FALSE	NA	NA	NA	NA	NA	NA
NC_045512.2	24567	A	C	25064	7096	37	1	1	34	3.98819e-05	25074	1	FALSE	NA	NA	NA	NA	NA	NA
NC_045512.2	24568	A	G	25517	7782	37	3	1	28	0.000117555	25520	1	FALSE	NA	NA	NA	NA	NA	NA
NC_045512.2	24570	G	T	25680	7828	37	1	0	34	3.89393e-05	25681	1	FALSE	NA	NA	NA	NA	NA	NA
NC_045512.2	24572	T	G	25849	7896	37	1	1	34	3.86817e-05	25852	1	FALSE	NA	NA	NA	NA	NA	NA
NC_045512.2	24572	T	C	25849	7896	37	2	1	68	7.73635e-05	25852	0.249995	FALSE	NA	NA	NA	NA	NA	NA
NC_045512.2	24574	G	A	25945	7888	37	4	2	34	0.000154149	25949	0.999992	FALSE	NA	NA	NA	NA	NA	NA
NC_045512.2	24575	C	T	25586	7984	37	22	12	34	0.000859107	25608	0.720104	FALSE	NA	NA	NA	NA	NA	NA
NC_045512.2	24576	A	T	25786	7973	37	4	0	34	0.000155087	25792	0.999992	FALSE	NA	NA	NA	NA	NA	NA
NC_045512.2	24576	A	G	25786	7973	37	2	1	34	7.75434e-05	25792	1	FALSE	NA	NA	NA	NA	NA	NA
NC_045512.2	24577	G	T	27275	8041	37	2	0	34	7.33192e-05	27278	1	FALSE	NA	NA	NA	NA	NA	NA
NC_045512.2	24577	G	C	27275	8041	37	1	0	34	3.66596e-05	27278	1	FALSE	NA	NA	NA	NA	NA	NA
NC_045512.2	24578	A	T	27431	8599	37	1	1	34	3.64485e-05	27436	1	FALSE	NA	NA	NA	NA	NA	NA
NC_045512.2	24578	A	G	27431	8599	37	4	1	42	0.000145794	27436	0.343741	FALSE	NA	NA	NA	NA	NA	NA
NC_045512.2	24579	C	G	27083	8818	37	1	0	34	3.69222e-05	27084	1	FALSE	NA	NA	NA	NA	NA	NA
NC_045512.2	24580	A	G	27200	8822	37	1	0	34	3.6762e-05	27202	1	FALSE	NA	NA	NA	NA	NA	NA
NC_045512.2	24580	A	C	27200	8822	37	1	0	34	3.6762e-05	27202	1	FALSE	NA	NA	NA	NA	NA	NA
NC_045512.2	24581	T	C	27504	8834	37	2	2	34	7.27114e-05	27506	1	FALSE	NA	NA	NA	NA	NA	NA
NC_045512.2	24582	A	G	27593	8853	37	7	5	38	0.000253623	27600	0.999903	FALSE	NA	NA	NA	NA	NA	NA
NC_045512.2	24583	T	C	27662	8820	37	2	0	34	7.22961e-05	27664	1	FALSE	NA	NA	NA	NA	NA	NA
NC_045512.2	24585	T	C	27425	8580	37	3	1	34	0.000109373	27429	1	FALSE	NA	NA	NA	NA	NA	NA
NC_045512.2	24585	T	A	27425	8580	37	1	0	34	3.64578e-05	27429	1	FALSE	NA	NA	NA	NA	NA	NA
NC_045512.2	24586	G	C	27142	8252	37	3	3	34	0.000110501	27149	1	FALSE	NA	NA	NA	NA	NA	NA
NC_045512.2	24586	G	A	27142	8252	37	4	0	34	0.000147335	27149	0.999998	FALSE	NA	NA	NA	NA	NA	NA
NC_045512.2	24587	A	T	27168	8387	37	1	0	34	3.68053e-05	27170	1	FALSE	NA	NA	NA	NA	NA	NA
NC_045512.2	24587	A	G	27168	8387	37	1	0	34	3.68053e-05	27170	1	FALSE	NA	NA	NA	NA	NA	NA
NC_045512.2	24588	C	G	25721	8554	37	1	0	34	3.88727e-05	25725	1	FALSE	NA	NA	NA	NA	NA	NA
NC_045512.2	24588	C	A	25721	8554	37	3	0	28	0.000116618	25725	1	FALSE	NA	NA	NA	NA	NA	NA
NC_045512.2	24589	T	A	25406	8218	37	1	0	34	3.93592e-05	25407	1	FALSE	NA	NA	NA	NA	NA	NA
NC_045512.2	24589	T	-C	25406	8218	37	3	0	20	0.000118078	25407	1	FALSE	NA	NA	NA	NA	NA	NA
NC_045512.2	24590	C	A	25398	8123	37	7	5	34	0.000275536	25405	0.999733	FALSE	NA	NA	NA	NA	NA	NA
NC_045512.2	24591	A	G	25327	8061	37	3	0	34	0.000118437	25330	0.999998	FALSE	NA	NA	NA	NA	NA	NA
NC_045512.2	24592	A	G	25826	8091	37	1	0	34	3.87192e-05	25827	1	FALSE	NA	NA	NA	NA	NA	NA
NC_045512.2	24593	C	T	26449	8211	37	3	1	34	0.000113413	26452	0.999999	FALSE	NA	NA	NA	NA	NA	NA
NC_045512.2	24594	A	G	26379	8064	37	1	0	34	3.79075e-05	26380	1	FALSE	NA	NA	NA	NA	NA	NA
NC_045512.2	24595	A	G	26607	8185	37	3	0	34	0.00011274	26610	0.999999	FALSE	NA	NA	NA	NA	NA	NA
NC_045512.2	24597	T	C	25835	8273	36	1	0	34	3.87057e-05	25836	1	FALSE	NA	NA	NA	NA	NA	NA
NC_045512.2	24599	A	T	25593	8312	35	1	0	34	3.90701e-05	25595	1	FALSE	NA	NA	NA	NA	NA	NA
NC_045512.2	24599	A	G	25593	8312	35	1	0	34	3.90701e-05	25595	1	FALSE	NA	NA	NA	NA	NA	NA
NC_045512.2	24600	T	G	26240	8294	36	1	0	34	3.81054e-05	26243	1	FALSE	NA	NA	NA	NA	NA	NA
NC_045512.2	24600	T	C	26240	8294	36	1	0	34	3.81054e-05	26243	1	FALSE	NA	NA	NA	NA	NA	NA
NC_045512.2	24600	T	A	26240	8294	36	1	0	26	3.81054e-05	26243	1	FALSE	NA	NA	NA	NA	NA	NA
NC_045512.2	24601	T	C	26170	8372	36	5	2	40	0.000191022	26175	0.226562	FALSE	NA	NA	NA	NA	NA	NA
NC_045512.2	24602	A	G	25923	8151	36	6	4	32	0.000231392	25930	0.999904	FALSE	NA	NA	NA	NA	NA	NA
NC_045512.2	24602	A	C	25923	8151	36	1	0	34	3.85654e-05	25930	1	FALSE	NA	NA	NA	NA	NA	NA
NC_045512.2	24603	G	A	25286	8255	36	1	0	34	3.9546e-05	25287	1	FALSE	NA	NA	NA	NA	NA	NA
NC_045512.2	24604	A	C	24812	8165	36	1	0	34	4.03015e-05	24813	1	FALSE	NA	NA	NA	NA	NA	NA
NC_045512.2	24605	G	T	24776	8161	36	4	0	34	0.000161394	24784	0.999986	FALSE	NA	NA	NA	NA	NA	NA
NC_045512.2	24605	G	A	24776	8161	36	4	1	34	0.000161394	24784	0.999986	FALSE	NA	NA	NA	NA	NA	NA
NC_045512.2	24606	C	T	25191	8774	36	1	0	34	3.96951e-05	25192	1	FALSE	NA	NA	NA	NA	NA	NA
NC_045512.2	24607	T	C	25015	8612	36	2	0	34	7.99456e-05	25017	1	FALSE	NA	NA	NA	NA	NA	NA
NC_045512.2	24608	G	T	25581	8615	36	3	0	34	0.000117252	25586	0.999998	FALSE	NA	NA	NA	NA	NA	NA
NC_045512.2	24608	G	A	25581	8615	36	2	0	68	7.81677e-05	25586	0.249976	FALSE	NA	NA	NA	NA	NA	NA
NC_045512.2	24609	C	T	25175	8799	36	4	4	34	0.000158856	25180	0.999992	FALSE	NA	NA	NA	NA	NA	NA
NC_045512.2	24609	C	G	25175	8799	36	1	0	34	3.97141e-05	25180	1	FALSE	NA	NA	NA	NA	NA	NA
NC_045512.2	24610	A	G	25098	8659	36	7	1	34	0.000278807	25107	0.999733	FALSE	NA	NA	NA	NA	NA	NA
NC_045512.2	24610	A	C	25098	8659	36	2	2	34	7.96591e-05	25107	1	FALSE	NA	NA	NA	NA	NA	NA
NC_045512.2	24611	G	C	25248	8673	36	1	1	34	3.9604e-05	25250	1	FALSE	NA	NA	NA	NA	NA	NA
NC_045512.2	24611	G	A	25248	8673	36	1	0	34	3.9604e-05	25250	1	FALSE	NA	NA	NA	NA	NA	NA
NC_045512.2	24612	A	G	25606	9236	37	1	0	34	3.90472e-05	25610	1	FALSE	NA	NA	NA	NA	NA	NA
NC_045512.2	24612	A	C	25606	9236	37	3	0	34	0.000117142	25610	0.999998	FALSE	NA	NA	NA	NA	NA	NA
NC_045512.2	24613	A	G	26398	9460	37	1	0	34	3.78802e-05	26399	1	FALSE	NA	NA	NA	NA	NA	NA
NC_045512.2	24615	T	C	27224	10796	37	2	1	34	7.34592e-05	27226	1	FALSE	NA	NA	NA	NA	NA	NA
NC_045512.2	24616	C	T	27083	10813	37	1	0	34	3.69222e-05	27084	1	FALSE	NA	NA	NA	NA	NA	NA
NC_045512.2	24617	A	T	26724	10415	37	3	1	34	0.000112233	26730	0.999999	FALSE	NA	NA	NA	NA	NA	NA
NC_045512.2	24617	A	G	26724	10415	37	2	0	34	7.48223e-05	26730	1	FALSE	NA	NA	NA	NA	NA	NA
NC_045512.2	24617	A	C	26724	10415	37	1	1	34	3.74111e-05	26730	1	FALSE	NA	NA	NA	NA	NA	NA
NC_045512.2	24618	G	A	26776	10436	37	6	6	34	0.000224031	26782	0.999944	FALSE	NA	NA	NA	NA	NA	NA
NC_045512.2	24619	A	T	27339	11194	38	4	2	51	0.000146258	27349	0.0624703	FALSE	NA	NA	NA	NA	NA	NA
NC_045512.2	24619	A	G	27339	11194	38	6	1	36	0.000219386	27349	0.999967	FALSE	NA	NA	NA	NA	NA	NA
NC_045512.2	24620	G	C	27372	11183	38	1	1	26	3.65297e-05	27375	1	FALSE	NA	NA	NA	NA	NA	NA
NC_045512.2	24620	G	A	27372	11183	38	2	1	34	7.30594e-05	27375	1	FALSE	NA	NA	NA	NA	NA	NA
NC_045512.2	24621	C	T	26700	11774	37	1	1	34	3.74518e-05	26701	1	FALSE	NA	NA	NA	NA	NA	NA
NC_045512.2	24622	T	C	26573	11494	38	4	2	29	0.000150506	26577	1	FALSE	NA	NA	NA	NA	NA	NA
NC_045512.2	24623	T	G	26559	11461	38	1	0	34	3.76492e-05	26561	1	FALSE	NA	NA	NA	NA	NA	NA
NC_045512.2	24623	T	A	26559	11461	38	1	0	34	3.76492e-05	26561	1	FALSE	NA	NA	NA	NA	NA	NA
NC_045512.2	24624	C	T	26895	11562	38	4	0	34	0.000148693	26901	0.999996	FALSE	NA	NA	NA	NA	NA	NA
NC_045512.2	24624	C	A	26895	11562	38	2	2	34	7.43467e-05	26901	1	FALSE	NA	NA	NA	NA	NA	NA
NC_045512.2	24625	T	G	26942	11578	38	2	0	34	7.4217e-05	26948	1	FALSE	NA	NA	NA	NA	NA	NA
NC_045512.2	24625	T	C	26942	11578	38	4	1	42	0.000148434	26948	0.343724	FALSE	NA	NA	NA	NA	NA	NA
NC_045512.2	24626	G	C	27088	11551	38	1	1	27	3.69126e-05	27091	1	FALSE	NA	NA	NA	NA	NA	NA
NC_045512.2	24626	G	A	27088	11551	38	2	0	30	7.38253e-05	27091	1	FALSE	NA	NA	NA	NA	NA	NA
NC_045512.2	24627	C	T	27295	11903	38	1	0	34	3.66327e-05	27298	1	FALSE	NA	NA	NA	NA	NA	NA
NC_045512.2	24627	C	A	27295	11903	38	2	0	34	7.32654e-05	27298	1	FALSE	NA	NA	NA	NA	NA	NA
NC_045512.2	24628	T	C	27272	11880	38	11	7	48	0.000403181	27283	0.0112247	FALSE	NA	NA	NA	NA	NA	NA
NC_045512.2	24629	A	G	27195	11774	38	5	1	40	0.000183824	27200	0.226562	FALSE	NA	NA	NA	NA	NA	NA
NC_045512.2	24630	A	G	27267	11837	38	4	0	34	0.000146671	27272	0.999998	FALSE	NA	NA	NA	NA	NA	NA
NC_045512.2	24630	A	C	27267	11837	38	1	1	34	3.66676e-05	27272	1	FALSE	NA	NA	NA	NA	NA	NA
NC_045512.2	24631	T	C	27402	11956	37	1	0	34	3.64924e-05	27403	1	FALSE	NA	NA	NA	NA	NA	NA
NC_045512.2	24632	C	A	27949	13093	38	4	4	34	0.000143097	27953	0.999998	FALSE	NA	NA	NA	NA	NA	NA
NC_045512.2	24633	T	C	27416	12581	38	3	2	34	0.000109413	27419	1	FALSE	NA	NA	NA	NA	NA	NA
NC_045512.2	24634	T	G	27349	12568	38	1	0	34	3.65604e-05	27352	1	FALSE	NA	NA	NA	NA	NA	NA
NC_045512.2	24634	T	C	27349	12568	38	1	1	34	3.65604e-05	27352	1	FALSE	NA	NA	NA	NA	NA	NA
NC_045512.2	24634	T	A	27349	12568	38	1	0	26	3.65604e-05	27352	1	FALSE	NA	NA	NA	NA	NA	NA
NC_045512.2	24635	G	T	27333	12532	38	1	1	34	3.65845e-05	27334	1	FALSE	NA	NA	NA	NA	NA	NA
NC_045512.2	24636	C	T	27303	12842	38	4	1	59	0.000146483	27307	0.0624977	FALSE	NA	NA	NA	NA	NA	NA
NC_045512.2	24637	T	C	27316	12837	38	3	2	34	0.000109814	27319	1	FALSE	NA	NA	NA	NA	NA	NA
NC_045512.2	24639	C	T	27338	14632	38	2	2	51	7.31502e-05	27341	0.249995	FALSE	NA	NA	NA	NA	NA	NA
NC_045512.2	24639	C	G	27338	14632	38	1	0	34	3.65751e-05	27341	1	FALSE	NA	NA	NA	NA	NA	NA
NC_045512.2	24640	T	C	27436	14756	38	2	0	34	7.28916e-05	27438	1	FALSE	NA	NA	NA	NA	NA	NA
NC_045512.2	24642	C	G	27923	15207	39	1	0	34	3.58115e-05	27924	1	FALSE	NA	NA	NA	NA	NA	NA
NC_045512.2	24643	T	C	28141	15417	39	1	1	34	3.55341e-05	28142	1	FALSE	NA	NA	NA	NA	NA	NA
NC_045512.2	24643	T	-A	28141	15417	39	2	0	20	7.10682e-05	28142	1	FALSE	NA	NA	NA	NA	NA	NA
NC_045512.2	24645	A	G	28842	16329	39	1	0	34	3.46705e-05	28843	1	FALSE	NA	NA	NA	NA	NA	NA
NC_045512.2	24646	A	G	30684	18802	40	1	0	34	3.25892e-05	30685	1	FALSE	NA	NA	NA	NA	NA	NA
NC_045512.2	24648	T	C	30346	19487	39	1	1	34	3.29522e-05	30347	1	FALSE	NA	NA	NA	NA	NA	NA
NC_045512.2	24649	G	A	30657	19621	39	1	1	34	3.26179e-05	30658	1	FALSE	NA	NA	NA	NA	NA	NA
NC_045512.2	24650	T	C	30335	19367	39	2	2	51	6.59261e-05	30337	0.250004	FALSE	NA	NA	NA	NA	NA	NA
NC_045512.2	24651	C	T	29957	19486	39	1	1	46	3.33778e-05	29960	0.875	FALSE	NA	NA	NA	NA	NA	NA
NC_045512.2	24651	C	A	29957	19486	39	2	0	34	6.67557e-05	29960	1	FALSE	NA	NA	NA	NA	NA	NA
NC_045512.2	24652	A	T	29954	19480	39	1	1	34	3.33756e-05	29962	1	FALSE	NA	NA	NA	NA	NA	NA
NC_045512.2	24652	A	G	29954	19480	39	7	5	34	0.000233629	29962	0.999965	FALSE	NA	NA	NA	NA	NA	NA
NC_045512.2	24653	G	C	30114	19497	39	2	2	27	6.64077e-05	30117	1	FALSE	NA	NA	NA	NA	NA	NA
NC_045512.2	24653	G	A	30114	19497	39	1	1	34	3.32038e-05	30117	1	FALSE	NA	NA	NA	NA	NA	NA
NC_045512.2	24654	A	G	31876	21485	39	1	1	34	3.13696e-05	31878	1	FALSE	NA	NA	NA	NA	NA	NA
NC_045512.2	24654	A	C	31876	21485	39	1	1	34	3.13696e-05	31878	1	FALSE	NA	NA	NA	NA	NA	NA
NC_045512.2	24655	G	C	32514	21564	39	1	1	26	3.0755e-05	32515	1	FALSE	NA	NA	NA	NA	NA	NA
NC_045512.2	24656	T	C	32047	21482	39	3	3	31	9.36037e-05	32050	1	FALSE	NA	NA	NA	NA	NA	NA
NC_045512.2	24657	G	T	32417	21563	39	1	1	34	3.08471e-05	32418	1	FALSE	NA	NA	NA	NA	NA	NA
NC_045512.2	24658	T	C	32094	21326	39	2	2	34	6.23131e-05	32096	1	FALSE	NA	NA	NA	NA	NA	NA
NC_045512.2	24659	G	T	32384	21381	39	2	0	34	6.17551e-05	32386	1	FALSE	NA	NA	NA	NA	NA	NA
NC_045512.2	24660	T	G	33022	21844	39	1	0	26	3.02783e-05	33027	1	FALSE	NA	NA	NA	NA	NA	NA
NC_045512.2	24660	T	C	33022	21844	39	3	3	31	9.08348e-05	33027	1	FALSE	NA	NA	NA	NA	NA	NA
NC_045512.2	24660	T	A	33022	21844	39	1	1	34	3.02783e-05	33027	1	FALSE	NA	NA	NA	NA	NA	NA
NC_045512.2	24661	A	G	32962	21875	39	3	1	30	9.10056e-05	32965	1	FALSE	NA	NA	NA	NA	NA	NA
NC_045512.2	24662	C	G	31874	22504	38	1	0	34	3.13725e-05	31875	1	FALSE	NA	NA	NA	NA	NA	NA
NC_045512.2	24663	T	G	31326	21974	38	1	1	34	3.19173e-05	31331	1	FALSE	NA	NA	NA	NA	NA	NA
NC_045512.2	24663	T	C	31326	21974	38	4	2	29	0.000127669	31331	1	FALSE	NA	NA	NA	NA	NA	NA
NC_045512.2	24664	T	G	30337	21059	38	1	1	20	3.29565e-05	30343	1	FALSE	NA	NA	NA	NA	NA	NA
NC_045512.2	24664	T	C	30337	21059	38	5	4	34	0.000164783	30343	0.999998	FALSE	NA	NA	NA	NA	NA	NA
NC_045512.2	24665	G	A	30544	21252	38	1	1	34	3.27386e-05	30545	1	FALSE	NA	NA	NA	NA	NA	NA
NC_045512.2	24666	G	A	30160	20952	39	1	1	34	3.31554e-05	30161	1	FALSE	NA	NA	NA	NA	NA	NA
NC_045512.2	24667	A	T	32136	23299	39	1	1	34	3.111e-05	32144	1	FALSE	NA	NA	NA	NA	NA	NA
NC_045512.2	24667	A	G	32136	23299	39	6	4	45	0.00018666	32144	0.253876	FALSE	NA	NA	NA	NA	NA	NA
NC_045512.2	24667	A	C	32136	23299	39	1	1	34	3.111e-05	32144	1	FALSE	NA	NA	NA	NA	NA	NA
NC_045512.2	24668	C	T	32159	23373	39	3	2	56	9.32604e-05	32168	0.124965	FALSE	NA	NA	NA	NA	NA	NA
NC_045512.2	24668	C	G	32159	23373	39	1	1	34	3.10868e-05	32168	1	FALSE	NA	NA	NA	NA	NA	NA
NC_045512.2	24668	C	A	32159	23373	39	5	5	40	0.000155434	32168	0.363222	FALSE	NA	NA	NA	NA	NA	NA
NC_045512.2	24669	A	G	31186	22413	39	2	0	34	6.41272e-05	31188	1	FALSE	NA	NA	NA	NA	NA	NA
NC_045512.2	24670	A	G	31648	22617	39	3	2	28	9.47837e-05	31651	1	FALSE	NA	NA	NA	NA	NA	NA
NC_045512.2	24671	T	C	31612	22708	39	10	7	43	0.000316236	31622	0.0461315	FALSE	NA	NA	NA	NA	NA	NA
NC_045512.2	24672	C	T	31508	22722	39	1	1	34	3.1736e-05	31510	1	FALSE	NA	NA	NA	NA	NA	NA
NC_045512.2	24672	C	G	31508	22722	39	1	0	27	3.1736e-05	31510	1	FALSE	NA	NA	NA	NA	NA	NA
NC_045512.2	24672	C	-A	31508	22722	39	12	0	20	0.000380831	31510	1	FALSE	NA	NA	NA	NA	NA	NA
NC_045512.2	24673	A	G	31973	23283	39	7	7	38	0.000218887	31980	0.999988	FALSE	NA	NA	NA	NA	NA	NA
NC_045512.2	24674	A	G	31839	23287	39	1	1	34	3.1407e-05	31840	1	FALSE	NA	NA	NA	NA	NA	NA
NC_045512.2	24675	A	G	31929	23298	39	3	3	31	9.39496e-05	31932	1	FALSE	NA	NA	NA	NA	NA	NA
NC_045512.2	24676	A	G	31870	23246	39	4	4	34	0.000125494	31874	1	FALSE	NA	NA	NA	NA	NA	NA
NC_045512.2	24677	A	G	31810	23463	39	2	2	34	6.28694e-05	31812	1	FALSE	NA	NA	NA	NA	NA	NA
NC_045512.2	24678	G	T	31343	23815	38	1	1	34	3.1903e-05	31345	1	FALSE	NA	NA	NA	NA	NA	NA
NC_045512.2	24678	G	C	31343	23815	38	1	1	34	3.1903e-05	31345	1	FALSE	NA	NA	NA	NA	NA	NA
NC_045512.2	24679	A	G	30275	23261	38	4	3	42	0.000132105	30279	0.500018	FALSE	NA	NA	NA	NA	NA	NA
NC_045512.2	24681	T	G	23364	16553	35	3	3	26	0.000128375	23369	1	FALSE	NA	NA	NA	NA	NA	NA
NC_045512.2	24681	T	C	23364	16553	35	1	1	27	4.27917e-05	23369	1	FALSE	NA	NA	NA	NA	NA	NA
NC_045512.2	24681	T	A	23364	16553	35	1	1	34	4.27917e-05	23369	1	FALSE	NA	NA	NA	NA	NA	NA
NC_045512.2	24682	T	G	30090	23492	38	1	1	26	3.32281e-05	30095	1	FALSE	NA	NA	NA	NA	NA	NA
NC_045512.2	24682	T	C	30090	23492	38	4	4	34	0.000132912	30095	1	FALSE	NA	NA	NA	NA	NA	NA
NC_045512.2	24684	A	G	31346	25050	38	1	1	34	3.1901e-05	31347	1	FALSE	NA	NA	NA	NA	NA	NA
NC_045512.2	24684	A	-T	31346	25050	38	10	0	20	0.00031901	31347	1	FALSE	NA	NA	NA	NA	NA	NA
NC_045512.2	24684	A	+T	31346	25050	38	2	0	20	6.3802e-05	31347	1	FALSE	NA	NA	NA	NA	NA	NA
NC_045512.2	24684	A	+GTT	31346	25050	38	2	0	20	6.3802e-05	31347	1	FALSE	NA	NA	NA	NA	NA	NA
NC_045512.2	24685	T	C	31151	24914	37	2	2	30	6.41993e-05	31153	1	FALSE	NA	NA	NA	NA	NA	NA
NC_045512.2	24686	T	G	31649	25440	38	1	1	34	3.15916e-05	31654	1	FALSE	NA	NA	NA	NA	NA	NA
NC_045512.2	24686	T	C	31649	25440	38	4	3	40	0.000126366	31654	0.5	FALSE	NA	NA	NA	NA	NA	NA
NC_045512.2	24686	T	+C	31649	25440	38	2	0	20	6.31832e-05	31654	1	FALSE	NA	NA	NA	NA	NA	NA
NC_045512.2	24687	T	C	30864	24665	37	1	1	34	3.23992e-05	30865	1	FALSE	NA	NA	NA	NA	NA	NA
NC_045512.2	24688	T	C	31452	25268	38	1	1	34	3.17935e-05	31453	1	FALSE	NA	NA	NA	NA	NA	NA
NC_045512.2	24689	T	C	31544	25463	38	4	4	32	0.000126791	31548	1	FALSE	NA	NA	NA	NA	NA	NA
NC_045512.2	24691	T	C	31547	25530	38	4	3	34	0.000126779	31551	1	FALSE	NA	NA	NA	NA	NA	NA
NC_045512.2	24692	G	T	31460	25435	38	1	0	27	3.17834e-05	31463	1	FALSE	NA	NA	NA	NA	NA	NA
NC_045512.2	24692	G	A	31460	25435	38	2	2	34	6.35667e-05	31463	1	FALSE	NA	NA	NA	NA	NA	NA
NC_045512.2	24693	G	-A	33367	28045	38	1	0	20	2.99697e-05	33367	1	FALSE	NA	NA	NA	NA	NA	NA
NC_045512.2	24694	A	G	33197	28341	38	6	5	39	0.000180701	33204	0.999999	FALSE	NA	NA	NA	NA	NA	NA
NC_045512.2	24694	A	C	33197	28341	38	1	1	26	3.01169e-05	33204	1	FALSE	NA	NA	NA	NA	NA	NA
NC_045512.2	24695	A	G	33187	28337	38	4	4	34	0.000120515	33191	1	FALSE	NA	NA	NA	NA	NA	NA
NC_045512.2	24696	A	G	33196	28462	38	4	4	34	0.000120478	33201	1	FALSE	NA	NA	NA	NA	NA	NA
NC_045512.2	24696	A	C	33196	28462	38	1	1	34	3.01196e-05	33201	1	FALSE	NA	NA	NA	NA	NA	NA
NC_045512.2	24696	A	-G	33196	28462	38	1	0	20	3.01196e-05	33201	1	FALSE	NA	NA	NA	NA	NA	NA
NC_045512.2	24697	G	A	33316	28452	38	3	3	34	9.00387e-05	33319	1	FALSE	NA	NA	NA	NA	NA	NA
NC_045512.2	24698	G	T	34176	29349	38	1	1	34	2.92577e-05	34179	1	FALSE	NA	NA	NA	NA	NA	NA
NC_045512.2	24698	G	A	34176	29349	38	2	2	34	5.85155e-05	34179	1	FALSE	NA	NA	NA	NA	NA	NA
NC_045512.2	24699	G	A	34008	29490	37	4	3	42	0.000117606	34012	0.500016	FALSE	NA	NA	NA	NA	NA	NA
NC_045512.2	24700	C	T	33948	29662	37	2	2	34	5.89084e-05	33951	1	FALSE	NA	NA	NA	NA	NA	NA
NC_045512.2	24700	C	G	33948	29662	37	1	0	34	2.94542e-05	33951	1	FALSE	NA	NA	NA	NA	NA	NA
NC_045512.2	24701	T	C	33946	29421	37	1	1	68	2.94577e-05	33947	0.500007	FALSE	NA	NA	NA	NA	NA	NA
NC_045512.2	24702	A	T	34628	30320	37	1	0	27	2.88759e-05	34631	1	FALSE	NA	NA	NA	NA	NA	NA
NC_045512.2	24702	A	G	34628	30320	37	1	0	68	2.88759e-05	34631	0.499993	FALSE	NA	NA	NA	NA	NA	NA
NC_045512.2	24702	A	C	34628	30320	37	1	0	34	2.88759e-05	34631	1	FALSE	NA	NA	NA	NA	NA	NA
NC_045512.2	24703	T	C	35073	30637	38	3	2	45	8.55286e-05	35076	0.65627	FALSE	NA	NA	NA	NA	NA	NA
NC_045512.2	24704	C	A	34991	30720	37	1	1	34	2.8578e-05	34992	1	FALSE	NA	NA	NA	NA	NA	NA
NC_045512.2	24705	A	G	35109	30800	37	8	8	34	0.000227797	35119	0.999996	FALSE	NA	NA	NA	NA	NA	NA
NC_045512.2	24705	A	C	35109	30800	37	2	2	30	5.69492e-05	35119	1	FALSE	NA	NA	NA	NA	NA	NA
NC_045512.2	24706	T	G	34703	30207	37	1	0	34	2.88143e-05	34705	1	FALSE	NA	NA	NA	NA	NA	NA
NC_045512.2	24706	T	C	34703	30207	37	1	0	60	2.88143e-05	34705	0.5	FALSE	NA	NA	NA	NA	NA	NA
NC_045512.2	24707	C	A	34582	30422	37	3	2	45	8.67428e-05	34585	0.65627	FALSE	NA	NA	NA	NA	NA	NA
NC_045512.2	24708	T	C	34636	30483	37	2	2	30	5.77401e-05	34638	1	FALSE	NA	NA	NA	NA	NA	NA
NC_045512.2	24709	T	C	34524	30397	37	3	3	34	8.6886e-05	34528	1	FALSE	NA	NA	NA	NA	NA	NA
NC_045512.2	24709	T	A	34524	30397	37	1	1	26	2.8962e-05	34528	1	FALSE	NA	NA	NA	NA	NA	NA
NC_045512.2	24710	A	G	34763	30697	37	1	1	68	2.87654e-05	34764	0.500007	FALSE	NA	NA	NA	NA	NA	NA
NC_045512.2	24711	T	G	34437	30359	37	1	0	34	2.90335e-05	34443	1	FALSE	NA	NA	NA	NA	NA	NA
NC_045512.2	24711	T	C	34437	30359	37	4	4	35	0.000116134	34443	1	FALSE	NA	NA	NA	NA	NA	NA
NC_045512.2	24711	T	A	34437	30359	37	1	1	24	2.90335e-05	34443	1	FALSE	NA	NA	NA	NA	NA	NA
NC_045512.2	24712	G	A	34584	30483	37	2	1	29	5.78269e-05	34586	1	FALSE	NA	NA	NA	NA	NA	NA
NC_045512.2	24713	T	C	33931	29868	37	9	6	33	0.000265166	33941	0.999966	FALSE	NA	NA	NA	NA	NA	NA
NC_045512.2	24713	T	A	33931	29868	37	1	1	26	2.94629e-05	33941	1	FALSE	NA	NA	NA	NA	NA	NA
NC_045512.2	24714	C	A	33731	30050	37	1	1	34	2.96454e-05	33732	1	FALSE	NA	NA	NA	NA	NA	NA
NC_045512.2	24715	C	T	33281	29652	36	2	2	34	6.00889e-05	33284	1	FALSE	NA	NA	NA	NA	NA	NA
NC_045512.2	24715	C	G	33281	29652	36	1	0	68	3.00445e-05	33284	0.499992	FALSE	NA	NA	NA	NA	NA	NA
NC_045512.2	24716	T	G	32249	28583	37	1	1	34	3.09981e-05	32260	1	FALSE	NA	NA	NA	NA	NA	NA
NC_045512.2	24716	T	C	32249	28583	37	10	9	32	0.000309981	32260	0.999865	FALSE	NA	NA	NA	NA	NA	NA
NC_045512.2	24717	T	G	32244	28580	37	1	0	34	3.10078e-05	32250	1	FALSE	NA	NA	NA	NA	NA	NA
NC_045512.2	24717	T	C	32244	28580	37	5	5	34	0.000155039	32250	0.999999	FALSE	NA	NA	NA	NA	NA	NA
NC_045512.2	24718	C	T	32282	28621	37	1	1	34	3.09761e-05	32283	1	FALSE	NA	NA	NA	NA	NA	NA
NC_045512.2	24719	C	T	31884	28288	37	3	2	54	9.40822e-05	31887	0.125	FALSE	NA	NA	NA	NA	NA	NA
NC_045512.2	24720	C	T	31899	28348	37	2	2	51	6.2694e-05	31901	0.250004	FALSE	NA	NA	NA	NA	NA	NA
NC_045512.2	24721	T	C	31644	28138	37	3	3	34	9.47957e-05	31647	1	FALSE	NA	NA	NA	NA	NA	NA
NC_045512.2	24722	C	T	31617	28095	37	1	1	34	3.16276e-05	31618	1	FALSE	NA	NA	NA	NA	NA	NA
NC_045512.2	24723	A	G	31616	28005	37	5	5	34	0.000158123	31621	0.999999	FALSE	NA	NA	NA	NA	NA	NA
NC_045512.2	24724	G	T	31679	28028	37	2	2	34	6.31253e-05	31683	1	FALSE	NA	NA	NA	NA	NA	NA
NC_045512.2	24724	G	A	31679	28028	37	2	2	34	6.31253e-05	31683	1	FALSE	NA	NA	NA	NA	NA	NA
NC_045512.2	24725	T	C	33130	30075	37	2	2	34	6.03646e-05	33132	1	FALSE	NA	NA	NA	NA	NA	NA
NC_045512.2	24726	C	T	33060	30115	37	1	1	26	3.02453e-05	33063	1	FALSE	NA	NA	NA	NA	NA	NA
NC_045512.2	24726	C	A	33060	30115	37	2	2	34	6.04906e-05	33063	1	FALSE	NA	NA	NA	NA	NA	NA
NC_045512.2	24727	A	G	32621	29676	37	4	4	31	0.000122602	32626	1	FALSE	NA	NA	NA	NA	NA	NA
NC_045512.2	24727	A	C	32621	29676	37	1	1	34	3.06504e-05	32626	1	FALSE	NA	NA	NA	NA	NA	NA
NC_045512.2	24728	G	A	32464	29513	37	17	15	44	0.000523383	32481	0.00128685	TRUE	NA	NA	NA	NA	NA	NA
NC_045512.2	24729	C	T	36095	33672	38	8	7	42	0.00022157	36106	0.113246	FALSE	NA	NA	NA	NA	NA	NA
NC_045512.2	24729	C	A	36095	33672	38	3	3	34	8.30887e-05	36106	1	FALSE	NA	NA	NA	NA	NA	NA
NC_045512.2	24730	A	G	36282	33899	38	2	2	68	5.51207e-05	36284	0.250003	FALSE	NA	NA	NA	NA	NA	NA
NC_045512.2	24731	C	T	36374	34018	38	2	2	34	5.49783e-05	36378	1	FALSE	NA	NA	NA	NA	NA	NA
NC_045512.2	24731	C	A	36374	34018	38	2	1	34	5.49783e-05	36378	1	FALSE	NA	NA	NA	NA	NA	NA
NC_045512.2	24732	C	T	35502	33153	38	4	4	34	0.000112647	35509	1	FALSE	NA	NA	NA	NA	NA	NA
NC_045512.2	24732	C	G	35502	33153	38	1	0	68	2.81619e-05	35509	0.499965	FALSE	NA	NA	NA	NA	NA	NA
NC_045512.2	24732	C	A	35502	33153	38	2	1	51	5.63237e-05	35509	0.249968	FALSE	NA	NA	NA	NA	NA	NA
NC_045512.2	24732	C	-T	35502	33153	38	1	0	20	2.81619e-05	35509	1	FALSE	NA	NA	NA	NA	NA	NA
NC_045512.2	24733	T	C	34915	32567	38	2	2	51	5.72508e-05	34934	0.249875	FALSE	NA	NA	NA	NA	NA	NA
NC_045512.2	24733	T	A	34915	32567	38	17	16	36	0.000486632	34934	0.994524	FALSE	NA	NA	NA	NA	NA	NA
NC_045512.2	24734	C	T	34840	32498	38	3	3	34	8.60931e-05	34846	1	FALSE	NA	NA	NA	NA	NA	NA
NC_045512.2	24734	C	G	34840	32498	38	3	0	27	8.60931e-05	34846	1	FALSE	NA	NA	NA	NA	NA	NA
NC_045512.2	24735	A	C	34722	32373	38	2	2	34	5.75971e-05	34724	1	FALSE	NA	NA	NA	NA	NA	NA
NC_045512.2	24735	A	+C	34722	32373	38	1	0	20	2.87985e-05	34724	1	FALSE	NA	NA	NA	NA	NA	NA
NC_045512.2	24736	T	C	34841	32496	38	2	2	34	5.74003e-05	34843	1	FALSE	NA	NA	NA	NA	NA	NA
NC_045512.2	24737	G	T	34294	31952	38	1	1	26	2.91579e-05	34296	1	FALSE	NA	NA	NA	NA	NA	NA
NC_045512.2	24737	G	C	34294	31952	38	1	1	34	2.91579e-05	34296	1	FALSE	NA	NA	NA	NA	NA	NA
NC_045512.2	24738	G	A	34463	32112	38	7	7	38	0.000203075	34470	0.999998	FALSE	NA	NA	NA	NA	NA	NA
NC_045512.2	24739	T	C	33303	30998	38	2	2	34	6.0051e-05	33305	1	FALSE	NA	NA	NA	NA	NA	NA
NC_045512.2	24740	G	T	32287	30041	38	1	1	34	3.09626e-05	32297	1	FALSE	NA	NA	NA	NA	NA	NA
NC_045512.2	24740	G	C	32287	30041	38	2	2	34	6.19253e-05	32297	1	FALSE	NA	NA	NA	NA	NA	NA
NC_045512.2	24740	G	A	32287	30041	38	7	7	34	0.000216738	32297	0.999993	FALSE	NA	NA	NA	NA	NA	NA
NC_045512.2	24741	T	C	32027	29789	38	6	6	34	0.000187301	32034	0.999998	FALSE	NA	NA	NA	NA	NA	NA
NC_045512.2	24741	T	A	32027	29789	38	1	1	34	3.12168e-05	32034	1	FALSE	NA	NA	NA	NA	NA	NA
NC_045512.2	24742	A	G	31471	29344	38	1	1	34	3.17733e-05	31473	1	FALSE	NA	NA	NA	NA	NA	NA
NC_045512.2	24742	A	C	31471	29344	38	1	1	27	3.17733e-05	31473	1	FALSE	NA	NA	NA	NA	NA	NA
NC_045512.2	24743	G	A	31528	29404	38	1	1	34	3.17168e-05	31529	1	FALSE	NA	NA	NA	NA	NA	NA
NC_045512.2	24744	T	C	31018	28905	38	4	2	51	0.000128937	31023	0.062494	FALSE	NA	NA	NA	NA	NA	NA
NC_045512.2	24744	T	A	31018	28905	38	1	1	34	3.22341e-05	31023	1	FALSE	NA	NA	NA	NA	NA	NA
NC_045512.2	24746	T	G	30082	27998	38	2	2	34	6.64628e-05	30092	1	FALSE	NA	NA	NA	NA	NA	NA
NC_045512.2	24746	T	C	30082	27998	38	8	8	33	0.000265851	30092	0.999942	FALSE	NA	NA	NA	NA	NA	NA
NC_045512.2	24747	T	C	26573	24564	38	7	6	43	0.000263346	26581	0.0898252	FALSE	NA	NA	NA	NA	NA	NA
NC_045512.2	24747	T	A	26573	24564	38	1	1	24	3.76209e-05	26581	1	FALSE	NA	NA	NA	NA	NA	NA
NC_045512.2	24748	C	-T	26726	24960	38	1	0	20	3.74167e-05	26726	1	FALSE	NA	NA	NA	NA	NA	NA
NC_045512.2	24749	T	G	26308	24550	38	1	1	34	3.80011e-05	26315	1	FALSE	NA	NA	NA	NA	NA	NA
NC_045512.2	24749	T	C	26308	24550	38	6	5	29	0.000228007	26315	1	FALSE	NA	NA	NA	NA	NA	NA
NC_045512.2	24750	T	G	26359	24606	38	1	0	26	3.79291e-05	26365	1	FALSE	NA	NA	NA	NA	NA	NA
NC_045512.2	24750	T	C	26359	24606	38	5	4	61	0.000189645	26365	0.0312441	FALSE	NA	NA	NA	NA	NA	NA
NC_045512.2	24751	G	T	26346	24588	38	2	2	34	7.59013e-05	26350	1	FALSE	NA	NA	NA	NA	NA	NA
NC_045512.2	24751	G	A	26346	24588	38	2	2	34	7.59013e-05	26350	1	FALSE	NA	NA	NA	NA	NA	NA
NC_045512.2	24752	C	T	24676	22961	38	4	4	34	0.000162075	24680	0.999986	FALSE	NA	NA	NA	NA	NA	NA
NC_045512.2	24753	A	T	24435	22721	38	1	1	26	4.09199e-05	24438	1	FALSE	NA	NA	NA	NA	NA	NA
NC_045512.2	24753	A	G	24435	22721	38	1	1	26	4.09199e-05	24438	1	FALSE	NA	NA	NA	NA	NA	NA
NC_045512.2	24753	A	C	24435	22721	38	1	1	34	4.09199e-05	24438	1	FALSE	NA	NA	NA	NA	NA	NA
NC_045512.2	24756	T	C	23422	22087	37	2	2	34	8.53825e-05	23424	0.999999	FALSE	NA	NA	NA	NA	NA	NA
NC_045512.2	24757	G	A	23404	22070	37	1	1	34	4.27259e-05	23405	1	FALSE	NA	NA	NA	NA	NA	NA
NC_045512.2	24758	A	C	23352	22125	37	1	0	34	4.28211e-05	23353	1	FALSE	NA	NA	NA	NA	NA	NA
NC_045512.2	24759	C	A	23345	22341	36	3	3	34	0.000128491	23348	0.999995	FALSE	NA	NA	NA	NA	NA	NA
NC_045512.2	24759	C	-T	23345	22341	36	1	0	20	4.28302e-05	23348	1	FALSE	NA	NA	NA	NA	NA	NA
NC_045512.2	24760	T	C	23103	22105	36	1	0	68	4.32807e-05	23105	0.499989	FALSE	NA	NA	NA	NA	NA	NA
NC_045512.2	24760	T	A	23103	22105	36	1	1	34	4.32807e-05	23105	1	FALSE	NA	NA	NA	NA	NA	NA
NC_045512.2	24761	T	C	22705	21707	36	5	4	40	0.000220167	22710	0.226562	FALSE	NA	NA	NA	NA	NA	NA
NC_045512.2	24762	A	T	22801	21806	36	1	1	26	4.38558e-05	22802	1	FALSE	NA	NA	NA	NA	NA	NA
NC_045512.2	24763	T	C	22492	21501	36	4	4	34	0.000177809	22496	0.999956	FALSE	NA	NA	NA	NA	NA	NA
NC_045512.2	24765	T	C	22176	21194	36	3	2	45	0.000135263	22179	0.500021	FALSE	NA	NA	NA	NA	NA	NA
NC_045512.2	24767	C	T	20118	19160	36	3	1	65	0.000149083	20123	0.124981	FALSE	NA	NA	NA	NA	NA	NA
NC_045512.2	24767	C	A	20118	19160	36	2	1	51	9.93888e-05	20123	0.249969	FALSE	NA	NA	NA	NA	NA	NA
NC_045512.2	24768	C	A	19435	18609	36	1	0	27	5.14509e-05	19436	1	FALSE	NA	NA	NA	NA	NA	NA
NC_045512.2	24769	T	C	19176	18348	36	1	1	34	5.21458e-05	19177	0.999999	FALSE	NA	NA	NA	NA	NA	NA
NC_045512.2	24770	G	A	19092	18265	36	5	5	34	0.000261821	19097	0.999231	FALSE	NA	NA	NA	NA	NA	NA
NC_045512.2	24771	C	T	19176	18350	36	4	4	34	0.000208551	19180	0.999757	FALSE	NA	NA	NA	NA	NA	NA
NC_045512.2	24774	A	T	18377	17566	36	1	1	34	5.44099e-05	18379	0.999998	FALSE	NA	NA	NA	NA	NA	NA
NC_045512.2	24774	A	G	18377	17566	36	1	1	34	5.44099e-05	18379	0.999998	FALSE	NA	NA	NA	NA	NA	NA
NC_045512.2	24776	G	C	18334	17522	36	1	1	34	5.45375e-05	18336	0.999998	FALSE	NA	NA	NA	NA	NA	NA
NC_045512.2	24776	G	A	18334	17522	36	1	1	34	5.45375e-05	18336	0.999998	FALSE	NA	NA	NA	NA	NA	NA
NC_045512.2	24777	A	T	28140	17757	35	1	0	24	3.55252e-05	28149	1	FALSE	NA	NA	NA	NA	NA	NA
NC_045512.2	24777	A	G	28140	17757	35	7	2	34	0.000248677	28149	0.999942	FALSE	NA	NA	NA	NA	NA	NA
NC_045512.2	24777	A	C	28140	17757	35	1	1	26	3.55252e-05	28149	1	FALSE	NA	NA	NA	NA	NA	NA
NC_045512.2	24778	A	T	28408	17812	35	2	2	34	7.03928e-05	28412	1	FALSE	NA	NA	NA	NA	NA	NA
NC_045512.2	24778	A	G	28408	17812	35	2	1	34	7.03928e-05	28412	1	FALSE	NA	NA	NA	NA	NA	NA
NC_045512.2	24779	A	T	28162	17592	35	1	1	26	3.55038e-05	28166	1	FALSE	NA	NA	NA	NA	NA	NA
NC_045512.2	24779	A	G	28162	17592	35	3	3	34	0.000106511	28166	1	FALSE	NA	NA	NA	NA	NA	NA
NC_045512.2	24780	A	T	28175	17608	35	2	0	34	7.09597e-05	28185	1	FALSE	NA	NA	NA	NA	NA	NA
NC_045512.2	24780	A	G	28175	17608	35	8	6	34	0.000283839	28185	0.999844	FALSE	NA	NA	NA	NA	NA	NA
NC_045512.2	24781	G	C	28329	17558	35	1	0	34	3.52933e-05	28334	1	FALSE	NA	NA	NA	NA	NA	NA
NC_045512.2	24781	G	A	28329	17558	35	4	4	34	0.000141173	28334	0.999999	FALSE	NA	NA	NA	NA	NA	NA
NC_045512.2	24782	A	G	28013	17324	35	3	1	34	0.00010707	28019	1	FALSE	NA	NA	NA	NA	NA	NA
NC_045512.2	24782	A	C	28013	17324	35	3	3	31	0.00010707	28019	1	FALSE	NA	NA	NA	NA	NA	NA
NC_045512.2	24783	A	G	28089	17302	35	2	1	51	7.11946e-05	28092	0.249996	FALSE	NA	NA	NA	NA	NA	NA
NC_045512.2	24783	A	C	28089	17302	35	1	1	34	3.55973e-05	28092	1	FALSE	NA	NA	NA	NA	NA	NA
NC_045512.2	24784	C	T	30282	17383	35	1	1	34	3.30186e-05	30286	1	FALSE	NA	NA	NA	NA	NA	NA
NC_045512.2	24784	C	G	30282	17383	35	2	0	30	6.60371e-05	30286	1	FALSE	NA	NA	NA	NA	NA	NA
NC_045512.2	24784	C	A	30282	17383	35	1	1	34	3.30186e-05	30286	1	FALSE	NA	NA	NA	NA	NA	NA
NC_045512.2	24785	T	G	28818	15903	35	1	0	34	3.46981e-05	28820	1	FALSE	NA	NA	NA	NA	NA	NA
NC_045512.2	24785	T	C	28818	15903	35	1	0	34	3.46981e-05	28820	1	FALSE	NA	NA	NA	NA	NA	NA
NC_045512.2	24786	T	C	28675	15620	35	2	1	30	6.97423e-05	28677	1	FALSE	NA	NA	NA	NA	NA	NA
NC_045512.2	24786	T	+C	28675	15620	35	1	0	20	3.48712e-05	28677	1	FALSE	NA	NA	NA	NA	NA	NA
NC_045512.2	24787	C	T	28786	15685	35	2	1	30	6.94734e-05	28788	1	FALSE	NA	NA	NA	NA	NA	NA
NC_045512.2	24788	A	T	28772	15651	35	3	3	31	0.000104232	28782	1	FALSE	NA	NA	NA	NA	NA	NA
NC_045512.2	24788	A	G	28772	15651	35	6	4	34	0.000208464	28782	0.999981	FALSE	NA	NA	NA	NA	NA	NA
NC_045512.2	24788	A	C	28772	15651	35	1	1	26	3.47439e-05	28782	1	FALSE	NA	NA	NA	NA	NA	NA
NC_045512.2	24789	C	T	29495	15670	35	3	1	34	0.000101702	29498	1	FALSE	NA	NA	NA	NA	NA	NA
NC_045512.2	24790	A	G	29108	15275	35	2	0	34	6.87002e-05	29112	1	FALSE	NA	NA	NA	NA	NA	NA
NC_045512.2	24790	A	C	29108	15275	35	2	1	30	6.87002e-05	29112	1	FALSE	NA	NA	NA	NA	NA	NA
NC_045512.2	24791	A	G	29089	15259	35	1	0	68	3.43761e-05	29090	0.500009	FALSE	NA	NA	NA	NA	NA	NA
NC_045512.2	24792	C	T	29129	15306	35	4	0	34	0.000137292	29135	0.999999	FALSE	NA	NA	NA	NA	NA	NA
NC_045512.2	24792	C	A	29129	15306	35	2	1	34	6.8646e-05	29135	1	FALSE	NA	NA	NA	NA	NA	NA
NC_045512.2	24793	T	C	26210	12444	35	1	0	34	3.81519e-05	26211	1	FALSE	NA	NA	NA	NA	NA	NA
NC_045512.2	24794	G	T	26574	12431	35	1	0	34	3.76152e-05	26585	1	FALSE	NA	NA	NA	NA	NA	NA
NC_045512.2	24794	G	C	26574	12431	35	1	1	34	3.76152e-05	26585	1	FALSE	NA	NA	NA	NA	NA	NA
NC_045512.2	24794	G	A	26574	12431	35	9	1	47	0.000338537	26585	0.0326967	FALSE	NA	NA	NA	NA	NA	NA
NC_045512.2	24795	C	T	26499	12171	35	5	0	34	0.000188651	26504	0.999983	FALSE	NA	NA	NA	NA	NA	NA
NC_045512.2	24796	T	C	26394	12050	35	2	1	30	7.57691e-05	26396	1	FALSE	NA	NA	NA	NA	NA	NA
NC_045512.2	24798	C	G	25598	11342	35	5	0	34	0.000195267	25606	0.99997	FALSE	NA	NA	NA	NA	NA	NA
NC_045512.2	24798	C	A	25598	11342	35	3	3	31	0.00011716	25606	0.999998	FALSE	NA	NA	NA	NA	NA	NA
NC_045512.2	24799	T	C	25574	11285	35	3	1	34	0.000117293	25577	0.999998	FALSE	NA	NA	NA	NA	NA	NA
NC_045512.2	24800	G	T	25743	11272	35	3	3	34	0.000116505	25750	0.999998	FALSE	NA	NA	NA	NA	NA	NA
NC_045512.2	24800	G	A	25743	11272	35	4	1	42	0.00015534	25750	0.343704	FALSE	NA	NA	NA	NA	NA	NA
NC_045512.2	24801	C	G	25723	11216	35	1	0	34	3.88742e-05	25724	1	FALSE	NA	NA	NA	NA	NA	NA
NC_045512.2	24802	C	T	25759	11191	35	5	5	34	0.000194054	25766	0.99997	FALSE	NA	NA	NA	NA	NA	NA
NC_045512.2	24802	C	G	25759	11191	35	1	0	34	3.88108e-05	25766	1	FALSE	NA	NA	NA	NA	NA	NA
NC_045512.2	24802	C	A	25759	11191	35	1	1	34	3.88108e-05	25766	1	FALSE	NA	NA	NA	NA	NA	NA
NC_045512.2	24803	A	T	24852	10387	35	1	0	26	4.0235e-05	24854	1	FALSE	NA	NA	NA	NA	NA	NA
NC_045512.2	24803	A	G	24852	10387	35	1	0	34	4.0235e-05	24854	1	FALSE	NA	NA	NA	NA	NA	NA
NC_045512.2	24804	T	C	23755	9309	34	2	1	34	8.41857e-05	23757	0.999999	FALSE	NA	NA	NA	NA	NA	NA
NC_045512.2	24805	T	G	24539	10069	35	1	1	34	4.07448e-05	24543	1	FALSE	NA	NA	NA	NA	NA	NA
NC_045512.2	24805	T	C	24539	10069	35	3	3	56	0.000122234	24543	0.124992	FALSE	NA	NA	NA	NA	NA	NA
NC_045512.2	24806	T	G	24497	9988	35	1	1	34	4.0813e-05	24502	1	FALSE	NA	NA	NA	NA	NA	NA
NC_045512.2	24806	T	C	24497	9988	35	4	2	42	0.000163252	24502	0.34374	FALSE	NA	NA	NA	NA	NA	NA
NC_045512.2	24807	G	T	24574	10023	35	2	0	34	8.13637e-05	24581	1	FALSE	NA	NA	NA	NA	NA	NA
NC_045512.2	24807	G	C	24574	10023	35	1	1	34	4.06818e-05	24581	1	FALSE	NA	NA	NA	NA	NA	NA
NC_045512.2	24807	G	A	24574	10023	35	4	0	32	0.000162727	24581	0.999986	FALSE	NA	NA	NA	NA	NA	NA
NC_045512.2	24808	T	C	24364	9874	35	2	2	34	8.20749e-05	24368	1	FALSE	NA	NA	NA	NA	NA	NA
NC_045512.2	24808	T	A	24364	9874	35	2	2	34	8.20749e-05	24368	1	FALSE	NA	NA	NA	NA	NA	NA
NC_045512.2	24809	C	T	24091	9635	35	1	0	34	4.15041e-05	24094	1	FALSE	NA	NA	NA	NA	NA	NA
NC_045512.2	24809	C	G	24091	9635	35	1	0	34	4.15041e-05	24094	1	FALSE	NA	NA	NA	NA	NA	NA
NC_045512.2	24809	C	A	24091	9635	35	1	1	34	4.15041e-05	24094	1	FALSE	NA	NA	NA	NA	NA	NA
NC_045512.2	24810	A	G	23928	9542	35	1	1	34	4.17903e-05	23929	1	FALSE	NA	NA	NA	NA	NA	NA
NC_045512.2	24811	T	C	15016	680	35	2	0	34	0.000133174	15018	0.999863	FALSE	NA	NA	NA	NA	NA	NA
NC_045512.2	24812	G	T	15035	681	35	1	0	34	6.6507e-05	15036	0.999985	FALSE	NA	NA	NA	NA	NA	NA
NC_045512.2	24815	G	A	15167	905	36	1	0	34	6.59283e-05	15168	0.999985	FALSE	NA	NA	NA	NA	NA	NA
NC_045512.2	24816	G	A	15357	912	36	5	0	34	0.000325478	15362	0.994107	FALSE	NA	NA	NA	NA	NA	NA
NC_045512.2	24817	A	G	15438	1003	37	3	1	35	0.000194288	15441	0.999346	FALSE	NA	NA	NA	NA	NA	NA
NC_045512.2	24819	A	T	15674	1033	37	1	0	34	6.37918e-05	15676	0.999985	FALSE	NA	NA	NA	NA	NA	NA
NC_045512.2	24819	A	G	15674	1033	37	1	0	34	6.37918e-05	15676	0.999985	FALSE	NA	NA	NA	NA	NA	NA
NC_045512.2	24820	A	C	15531	1036	36	1	0	34	6.43832e-05	15532	0.999985	FALSE	NA	NA	NA	NA	NA	NA
NC_045512.2	24821	G	A	15940	1016	36	3	0	34	0.00018817	15943	0.999346	FALSE	NA	NA	NA	NA	NA	NA
NC_045512.2	24822	C	T	15959	1087	37	6	0	34	0.000375822	15965	0.986727	FALSE	NA	NA	NA	NA	NA	NA
NC_045512.2	24823	A	C	15996	1086	37	1	0	34	6.25117e-05	15997	0.999985	FALSE	NA	NA	NA	NA	NA	NA
NC_045512.2	24825	A	G	16185	1153	37	1	0	34	6.17818e-05	16186	0.999992	FALSE	NA	NA	NA	NA	NA	NA
NC_045512.2	24828	T	C	16664	1280	37	2	0	34	0.000120005	16666	0.999928	FALSE	NA	NA	NA	NA	NA	NA
NC_045512.2	24831	C	A	16777	1370	38	1	0	34	5.96019e-05	16778	0.999992	FALSE	NA	NA	NA	NA	NA	NA
NC_045512.2	24832	T	A	16940	1368	38	1	0	26	5.90284e-05	16941	1	FALSE	NA	NA	NA	NA	NA	NA
NC_045512.2	24835	T	C	17214	1388	38	1	0	34	5.80889e-05	17215	0.999996	FALSE	NA	NA	NA	NA	NA	NA
NC_045512.2	24836	G	A	17271	1388	38	1	0	34	5.78972e-05	17272	0.999996	FALSE	NA	NA	NA	NA	NA	NA
NC_045512.2	24836	G	-A	17271	1388	38	8	0	20	0.000463177	17272	1	FALSE	NA	NA	NA	NA	NA	NA
NC_045512.2	24837	A	G	17264	1864	39	1	0	26	5.79206e-05	17265	1	FALSE	NA	NA	NA	NA	NA	NA
NC_045512.2	24838	A	G	17047	1902	39	4	0	34	0.00023459	17051	0.999258	FALSE	NA	NA	NA	NA	NA	NA
NC_045512.2	24839	G	C	17442	1902	40	1	0	26	5.73296e-05	17443	1	FALSE	NA	NA	NA	NA	NA	NA
NC_045512.2	24840	G	C	17535	2049	40	1	0	34	5.70223e-05	17537	0.999996	FALSE	NA	NA	NA	NA	NA	NA
NC_045512.2	24840	G	A	17535	2049	40	1	0	34	5.70223e-05	17537	0.999996	FALSE	NA	NA	NA	NA	NA	NA
NC_045512.2	24841	T	C	17536	2060	40	1	0	38	5.70223e-05	17537	0.999996	FALSE	NA	NA	NA	NA	NA	NA
NC_045512.2	24842	G	T	17680	2066	40	1	0	34	5.65579e-05	17681	0.999996	FALSE	NA	NA	NA	NA	NA	NA
NC_045512.2	24843	T	G	17642	2078	40	2	0	34	0.000113347	17645	0.999962	FALSE	NA	NA	NA	NA	NA	NA
NC_045512.2	24843	T	C	17642	2078	40	1	0	34	5.66733e-05	17645	0.999996	FALSE	NA	NA	NA	NA	NA	NA
NC_045512.2	24844	C	G	17713	2105	40	1	0	34	5.64525e-05	17714	0.999996	FALSE	NA	NA	NA	NA	NA	NA
NC_045512.2	24845	T	C	17733	2311	41	1	0	34	5.63889e-05	17734	0.999996	FALSE	NA	NA	NA	NA	NA	NA
NC_045512.2	24846	T	G	17729	2340	41	1	0	34	5.63984e-05	17731	0.999996	FALSE	NA	NA	NA	NA	NA	NA
NC_045512.2	24846	T	C	17729	2340	41	1	0	34	5.63984e-05	17731	0.999996	FALSE	NA	NA	NA	NA	NA	NA
NC_045512.2	24847	T	G	17740	2376	41	1	1	26	5.63666e-05	17741	1	FALSE	NA	NA	NA	NA	NA	NA
NC_045512.2	24848	G	T	17928	2381	41	1	1	68	5.57756e-05	17929	0.500014	FALSE	NA	NA	NA	NA	NA	NA
NC_045512.2	24849	T	G	17946	2390	41	1	0	26	5.57165e-05	17948	1	FALSE	NA	NA	NA	NA	NA	NA
NC_045512.2	24849	T	C	17946	2390	41	1	0	34	5.57165e-05	17948	0.999996	FALSE	NA	NA	NA	NA	NA	NA
NC_045512.2	24850	T	C	17932	2394	41	1	0	34	5.57631e-05	17933	0.999996	FALSE	NA	NA	NA	NA	NA	NA
NC_045512.2	24851	T	C	17952	2413	41	1	0	34	5.5701e-05	17953	0.999996	FALSE	NA	NA	NA	NA	NA	NA
NC_045512.2	24853	A	C	18053	2481	41	1	1	34	5.53894e-05	18054	0.999998	FALSE	NA	NA	NA	NA	NA	NA
NC_045512.2	24854	A	C	17482	2503	41	1	0	68	5.71984e-05	17483	0.500014	FALSE	NA	NA	NA	NA	NA	NA
NC_045512.2	24857	G	C	19287	2583	41	2	0	34	0.000103675	19291	0.99999	FALSE	NA	NA	NA	NA	NA	NA
NC_045512.2	24857	G	A	19287	2583	41	2	0	34	0.000103675	19291	0.99999	FALSE	NA	NA	NA	NA	NA	NA
NC_045512.2	24858	G	A	19735	2680	41	3	0	34	0.000151991	19738	0.99994	FALSE	NA	NA	NA	NA	NA	NA
NC_045512.2	24859	C	T	16151	3384	39	4	2	34	0.000247555	16158	0.998714	FALSE	NA	NA	NA	NA	NA	NA
NC_045512.2	24859	C	G	16151	3384	39	2	1	51	0.000123778	16158	0.24993	FALSE	NA	NA	NA	NA	NA	NA
NC_045512.2	24859	C	A	16151	3384	39	1	0	26	6.18888e-05	16158	1	FALSE	NA	NA	NA	NA	NA	NA
NC_045512.2	24860	A	G	16307	3381	39	4	1	40	0.000245233	16311	0.1875	FALSE	NA	NA	NA	NA	NA	NA
NC_045512.2	24861	C	T	16369	3446	39	3	0	34	0.00018324	16372	0.999637	FALSE	NA	NA	NA	NA	NA	NA
NC_045512.2	24862	A	G	16568	3446	39	1	0	34	6.03537e-05	16569	0.999992	FALSE	NA	NA	NA	NA	NA	NA
NC_045512.2	24863	C	T	16695	3473	39	1	0	34	5.9891e-05	16697	0.999992	FALSE	NA	NA	NA	NA	NA	NA
NC_045512.2	24863	C	G	16695	3473	39	1	0	34	5.9891e-05	16697	0.999992	FALSE	NA	NA	NA	NA	NA	NA
NC_045512.2	24864	A	T	16656	3485	39	1	0	34	6.00312e-05	16658	0.999992	FALSE	NA	NA	NA	NA	NA	NA
NC_045512.2	24864	A	G	16656	3485	39	1	0	34	6.00312e-05	16658	0.999992	FALSE	NA	NA	NA	NA	NA	NA
NC_045512.2	24865	C	T	15662	3738	39	4	0	34	0.00025533	15666	0.997794	FALSE	NA	NA	NA	NA	NA	NA
NC_045512.2	24867	G	A	15943	3620	38	1	0	27	6.27195e-05	15944	1	FALSE	NA	NA	NA	NA	NA	NA
NC_045512.2	24868	G	A	16065	3752	39	1	0	27	6.22432e-05	16066	1	FALSE	NA	NA	NA	NA	NA	NA
NC_045512.2	24869	T	C	15412	3285	38	1	0	68	6.48761e-05	15414	0.5	FALSE	NA	NA	NA	NA	NA	NA
NC_045512.2	24869	T	A	15412	3285	38	1	0	27	6.48761e-05	15414	1	FALSE	NA	NA	NA	NA	NA	NA
NC_045512.2	24870	T	G	16311	3866	39	1	0	26	6.1297e-05	16314	1	FALSE	NA	NA	NA	NA	NA	NA
NC_045512.2	24870	T	C	16311	3866	39	1	1	68	6.1297e-05	16314	0.499985	FALSE	NA	NA	NA	NA	NA	NA
NC_045512.2	24870	T	A	16311	3866	39	1	0	27	6.1297e-05	16314	1	FALSE	NA	NA	NA	NA	NA	NA
NC_045512.2	24873	T	C	15909	3827	39	1	0	34	6.28536e-05	15910	0.999985	FALSE	NA	NA	NA	NA	NA	NA
NC_045512.2	24874	A	T	15662	3944	39	1	0	26	6.37836e-05	15678	1	FALSE	NA	NA	NA	NA	NA	NA
NC_045512.2	24874	A	G	15662	3944	39	15	4	38	0.000956755	15678	0.572267	FALSE	NA	NA	NA	NA	NA	NA
NC_045512.2	24875	A	G	15721	3974	39	4	1	49	0.000254372	15725	0.1875	FALSE	NA	NA	NA	NA	NA	NA
NC_045512.2	24876	C	T	14691	4085	38	2	2	34	0.000136119	14693	0.999742	FALSE	NA	NA	NA	NA	NA	NA
NC_045512.2	24877	A	G	14601	4119	38	4	0	32	0.000273879	14605	0.996241	FALSE	NA	NA	NA	NA	NA	NA
NC_045512.2	24878	C	T	14734	4131	38	1	1	34	6.78564e-05	14737	0.99997	FALSE	NA	NA	NA	NA	NA	NA
NC_045512.2	24878	C	G	14734	4131	38	2	0	34	0.000135713	14737	0.999741	FALSE	NA	NA	NA	NA	NA	NA
NC_045512.2	24880	A	G	14995	4585	39	3	2	45	0.000200027	14998	0.312513	FALSE	NA	NA	NA	NA	NA	NA
NC_045512.2	24882	G	T	14961	4543	39	1	0	34	6.68315e-05	14963	0.99997	FALSE	NA	NA	NA	NA	NA	NA
NC_045512.2	24882	G	A	14961	4543	39	1	0	24	6.68315e-05	14963	1	FALSE	NA	NA	NA	NA	NA	NA
NC_045512.2	24883	G	A	15221	4886	39	2	1	68	0.00013138	15223	0.250008	FALSE	NA	NA	NA	NA	NA	NA
NC_045512.2	24885	A	T	13866	5260	38	1	1	34	7.21137e-05	13867	0.999939	FALSE	NA	NA	NA	NA	NA	NA
NC_045512.2	24887	T	C	13790	5360	38	2	1	34	0.000145012	13792	0.999513	FALSE	NA	NA	NA	NA	NA	NA
NC_045512.2	24888	T	C	13729	5300	38	3	0	34	0.000218468	13732	0.997916	FALSE	NA	NA	NA	NA	NA	NA
NC_045512.2	24889	T	A	13825	5401	38	1	0	34	7.23275e-05	13826	0.999939	FALSE	NA	NA	NA	NA	NA	NA
NC_045512.2	24891	A	G	14081	6424	38	3	1	34	0.000213008	14084	0.998829	FALSE	NA	NA	NA	NA	NA	NA
NC_045512.2	24892	T	C	14047	6389	38	2	0	34	0.000142359	14049	0.999742	FALSE	NA	NA	NA	NA	NA	NA
NC_045512.2	24893	G	A	13988	6392	38	1	0	34	7.14847e-05	13989	0.999939	FALSE	NA	NA	NA	NA	NA	NA
NC_045512.2	24894	A	T	13982	6392	38	1	1	34	7.15001e-05	13986	0.999939	FALSE	NA	NA	NA	NA	NA	NA
NC_045512.2	24894	A	G	13982	6392	38	3	2	45	0.0002145	13986	0.312487	FALSE	NA	NA	NA	NA	NA	NA
NC_045512.2	24895	A	G	13580	6506	37	3	1	31	0.000220864	13583	0.997916	FALSE	NA	NA	NA	NA	NA	NA
NC_045512.2	24896	C	T	14123	6584	38	3	0	34	0.000212374	14126	0.998829	FALSE	NA	NA	NA	NA	NA	NA
NC_045512.2	24897	C	G	14076	6615	38	1	0	34	7.10227e-05	14080	0.99997	FALSE	NA	NA	NA	NA	NA	NA
NC_045512.2	24897	C	A	14076	6615	38	3	0	34	0.000213068	14080	0.998828	FALSE	NA	NA	NA	NA	NA	NA
NC_045512.2	24898	A	G	14146	6612	38	1	0	26	7.06864e-05	14147	1	FALSE	NA	NA	NA	NA	NA	NA
NC_045512.2	24899	C	G	14109	6632	38	1	1	26	7.08717e-05	14110	1	FALSE	NA	NA	NA	NA	NA	NA
NC_045512.2	24900	A	G	14415	7012	38	2	2	34	0.000138725	14417	0.999742	FALSE	NA	NA	NA	NA	NA	NA
NC_045512.2	24901	A	T	14493	7041	38	1	1	26	6.89845e-05	14496	1	FALSE	NA	NA	NA	NA	NA	NA
NC_045512.2	24901	A	G	14493	7041	38	1	1	34	6.89845e-05	14496	0.99997	FALSE	NA	NA	NA	NA	NA	NA
NC_045512.2	24901	A	C	14493	7041	38	1	1	34	6.89845e-05	14496	0.99997	FALSE	NA	NA	NA	NA	NA	NA
NC_045512.2	24902	A	G	14071	7042	37	1	0	34	7.10581e-05	14073	0.99997	FALSE	NA	NA	NA	NA	NA	NA
NC_045512.2	24902	A	C	14071	7042	37	1	1	26	7.10581e-05	14073	1	FALSE	NA	NA	NA	NA	NA	NA
NC_045512.2	24903	T	C	14518	7010	38	3	1	34	0.000206597	14521	0.998829	FALSE	NA	NA	NA	NA	NA	NA
NC_045512.2	24906	T	G	14875	7040	38	1	0	26	6.72224e-05	14876	1	FALSE	NA	NA	NA	NA	NA	NA
NC_045512.2	24907	T	C	14855	7052	38	2	1	29	0.000134617	14857	1	FALSE	NA	NA	NA	NA	NA	NA
NC_045512.2	24908	A	G	14988	7063	38	2	2	34	0.000133422	14990	0.999742	FALSE	NA	NA	NA	NA	NA	NA
NC_045512.2	24909	C	G	15050	7069	38	1	0	27	6.64408e-05	15051	1	FALSE	NA	NA	NA	NA	NA	NA
NC_045512.2	24910	T	C	15093	7126	38	1	1	34	6.62515e-05	15094	0.999985	FALSE	NA	NA	NA	NA	NA	NA
NC_045512.2	24911	A	G	15179	7148	38	3	2	34	0.000197602	15182	0.999346	FALSE	NA	NA	NA	NA	NA	NA
NC_045512.2	24912	C	T	15040	7163	38	1	1	34	6.64805e-05	15042	0.999985	FALSE	NA	NA	NA	NA	NA	NA
NC_045512.2	24912	C	G	15040	7163	38	1	1	34	6.64805e-05	15042	0.999985	FALSE	NA	NA	NA	NA	NA	NA
NC_045512.2	24913	A	G	14879	6871	38	2	2	34	0.0001344	14881	0.999742	FALSE	NA	NA	NA	NA	NA	NA
NC_045512.2	24914	G	A	14807	6863	38	2	0	34	0.000135053	14809	0.999742	FALSE	NA	NA	NA	NA	NA	NA
NC_045512.2	24915	A	G	14838	6915	38	1	1	34	6.739e-05	14839	0.99997	FALSE	NA	NA	NA	NA	NA	NA
NC_045512.2	24917	A	G	14894	6862	38	3	1	31	0.000201369	14898	0.998828	FALSE	NA	NA	NA	NA	NA	NA
NC_045512.2	24917	A	C	14894	6862	38	1	1	34	6.71231e-05	14898	0.99997	FALSE	NA	NA	NA	NA	NA	NA
NC_045512.2	24921	C	G	15031	7136	38	2	0	30	0.000133041	15033	0.999863	FALSE	NA	NA	NA	NA	NA	NA
NC_045512.2	24922	A	G	14815	7079	38	1	0	34	6.74946e-05	14816	0.99997	FALSE	NA	NA	NA	NA	NA	NA
NC_045512.2	24925	T	A	14711	6976	38	1	0	26	6.79717e-05	14712	1	FALSE	NA	NA	NA	NA	NA	NA
NC_045512.2	24927	T	C	14572	7029	38	2	2	47	0.000137221	14575	0.5	FALSE	NA	NA	NA	NA	NA	NA
NC_045512.2	24927	T	A	14572	7029	38	1	1	34	6.86106e-05	14575	0.99997	FALSE	NA	NA	NA	NA	NA	NA
NC_045512.2	24929	T	G	14472	7004	38	2	2	34	0.000138169	14475	0.999741	FALSE	NA	NA	NA	NA	NA	NA
NC_045512.2	24929	T	C	14472	7004	38	1	0	26	6.90846e-05	14475	1	FALSE	NA	NA	NA	NA	NA	NA
NC_045512.2	24930	C	T	14254	6949	37	1	0	34	7.01459e-05	14256	0.99997	FALSE	NA	NA	NA	NA	NA	NA
NC_045512.2	24930	C	A	14254	6949	37	1	1	34	7.01459e-05	14256	0.99997	FALSE	NA	NA	NA	NA	NA	NA
NC_045512.2	24931	T	G	14366	6927	37	2	1	34	0.000139179	14370	0.999741	FALSE	NA	NA	NA	NA	NA	NA
NC_045512.2	24931	T	C	14366	6927	37	2	2	34	0.000139179	14370	0.999741	FALSE	NA	NA	NA	NA	NA	NA
NC_045512.2	24932	G	C	14627	6883	37	1	1	34	6.8362e-05	14628	0.99997	FALSE	NA	NA	NA	NA	NA	NA
NC_045512.2	24933	G	T	14649	6897	37	2	1	34	0.000136509	14651	0.999742	FALSE	NA	NA	NA	NA	NA	NA
NC_045512.2	24934	T	C	14571	6973	37	1	1	34	6.86248e-05	14572	0.99997	FALSE	NA	NA	NA	NA	NA	NA
NC_045512.2	24935	A	G	14474	6951	37	2	1	34	0.00013816	14476	0.999742	FALSE	NA	NA	NA	NA	NA	NA
NC_045512.2	24936	A	T	14498	6962	37	1	0	34	6.89655e-05	14500	0.99997	FALSE	NA	NA	NA	NA	NA	NA
NC_045512.2	24936	A	G	14498	6962	37	1	0	34	6.89655e-05	14500	0.99997	FALSE	NA	NA	NA	NA	NA	NA
NC_045512.2	24937	C	T	14525	7005	37	1	1	34	6.88421e-05	14526	0.99997	FALSE	NA	NA	NA	NA	NA	NA
NC_045512.2	24938	T	C	13506	6011	37	2	0	34	0.000148049	13509	0.999513	FALSE	NA	NA	NA	NA	NA	NA
NC_045512.2	24938	T	A	13506	6011	37	1	1	34	7.40247e-05	13509	0.999939	FALSE	NA	NA	NA	NA	NA	NA
NC_045512.2	24940	T	C	13326	5744	37	2	2	34	0.00015006	13328	0.999513	FALSE	NA	NA	NA	NA	NA	NA
NC_045512.2	24942	A	T	13493	6000	38	8	7	33	0.000592461	13503	0.905434	FALSE	NA	NA	NA	NA	NA	NA
NC_045512.2	24942	A	G	13493	6000	38	2	2	34	0.000148115	13503	0.999511	FALSE	NA	NA	NA	NA	NA	NA
NC_045512.2	24944	G	A	13602	6105	38	1	0	26	7.35132e-05	13603	1	FALSE	NA	NA	NA	NA	NA	NA
NC_045512.2	24944	G	-T	13602	6105	38	1	0	20	7.35132e-05	13603	1	FALSE	NA	NA	NA	NA	NA	NA
NC_045512.2	24945	T	+C	13648	6173	38	1	0	20	7.32654e-05	13649	1	FALSE	NA	NA	NA	NA	NA	NA
NC_045512.2	24946	T	G	13192	5762	38	1	0	34	7.5792e-05	13194	0.999939	FALSE	NA	NA	NA	NA	NA	NA
NC_045512.2	24946	T	C	13192	5762	38	1	0	34	7.5792e-05	13194	0.999939	FALSE	NA	NA	NA	NA	NA	NA
NC_045512.2	24947	G	A	13381	5777	38	1	0	68	7.47272e-05	13382	0.500019	FALSE	NA	NA	NA	NA	NA	NA
NC_045512.2	24948	T	C	13351	5776	38	3	2	34	0.000224652	13354	0.997916	FALSE	NA	NA	NA	NA	NA	NA
NC_045512.2	24950	A	G	13273	5918	38	2	0	34	0.000150659	13275	0.999513	FALSE	NA	NA	NA	NA	NA	NA
NC_045512.2	24951	T	A	13316	5926	38	2	1	60	0.000150173	13318	0.250009	FALSE	NA	NA	NA	NA	NA	NA
NC_045512.2	24954	G	C	15126	8243	39	2	2	26	0.000132188	15130	1	FALSE	NA	NA	NA	NA	NA	NA
NC_045512.2	24954	G	A	15126	8243	39	2	0	64	0.000132188	15130	0.249975	FALSE	NA	NA	NA	NA	NA	NA
NC_045512.2	24956	A	G	15131	8285	39	2	2	34	0.000132162	15133	0.999863	FALSE	NA	NA	NA	NA	NA	NA
NC_045512.2	24957	T	C	15244	8473	39	3	3	34	0.00019676	15247	0.999346	FALSE	NA	NA	NA	NA	NA	NA
NC_045512.2	24958	T	C	14569	8829	39	4	4	42	0.00027448	14573	0.1875	FALSE	NA	NA	NA	NA	NA	NA
NC_045512.2	24959	G	T	14362	9068	39	2	2	30	0.000139237	14364	0.999742	FALSE	NA	NA	NA	NA	NA	NA
NC_045512.2	24960	T	C	14367	9104	38	1	1	34	6.95991e-05	14368	0.99997	FALSE	NA	NA	NA	NA	NA	NA
NC_045512.2	24962	A	G	14281	9265	38	2	1	34	0.000140027	14283	0.999742	FALSE	NA	NA	NA	NA	NA	NA
NC_045512.2	24964	C	A	14273	9544	38	3	0	34	0.000210143	14276	0.998829	FALSE	NA	NA	NA	NA	NA	NA
NC_045512.2	24965	A	G	14182	9469	38	1	1	34	7.05069e-05	14183	0.99997	FALSE	NA	NA	NA	NA	NA	NA
NC_045512.2	24966	A	G	14206	9492	38	1	1	34	7.03878e-05	14207	0.99997	FALSE	NA	NA	NA	NA	NA	NA
NC_045512.2	24968	A	G	13767	9393	37	2	0	34	0.000145254	13769	0.999513	FALSE	NA	NA	NA	NA	NA	NA
NC_045512.2	24969	C	T	14031	9421	37	1	0	34	7.12657e-05	14032	0.99997	FALSE	NA	NA	NA	NA	NA	NA
NC_045512.2	24970	A	G	13887	9282	37	11	0	33	0.000791481	13898	0.729519	FALSE	NA	NA	NA	NA	NA	NA
NC_045512.2	24972	T	C	13928	8439	35	2	2	34	0.000143575	13930	0.999513	FALSE	NA	NA	NA	NA	NA	NA
NC_045512.2	24973	T	C	15382	9739	37	2	2	34	0.000130005	15384	0.999863	FALSE	NA	NA	NA	NA	NA	NA
NC_045512.2	24974	T	C	15275	9643	36	2	2	30	0.000130916	15277	0.999863	FALSE	NA	NA	NA	NA	NA	NA
NC_045512.2	24975	A	T	15467	9859	37	1	1	26	6.46454e-05	15469	1	FALSE	NA	NA	NA	NA	NA	NA
NC_045512.2	24975	A	C	15467	9859	37	1	1	34	6.46454e-05	15469	0.999985	FALSE	NA	NA	NA	NA	NA	NA
NC_045512.2	24976	T	A	15592	10028	37	1	0	34	6.41313e-05	15593	0.999985	FALSE	NA	NA	NA	NA	NA	NA
NC_045512.2	24978	A	G	15677	10204	38	5	3	34	0.000318837	15682	0.994106	FALSE	NA	NA	NA	NA	NA	NA
NC_045512.2	24979	T	C	15636	10155	38	3	0	45	0.000191828	15639	0.312512	FALSE	NA	NA	NA	NA	NA	NA
NC_045512.2	24981	C	A	14983	9717	38	3	2	56	0.000200187	14986	0.125	FALSE	NA	NA	NA	NA	NA	NA
NC_045512.2	24982	T	G	14467	9138	37	1	0	34	6.91181e-05	14468	0.99997	FALSE	NA	NA	NA	NA	NA	NA
NC_045512.2	24983	T	C	14983	9745	38	1	0	68	6.67379e-05	14984	0.500017	FALSE	NA	NA	NA	NA	NA	NA
NC_045512.2	24984	T	C	14966	9758	38	6	5	34	0.000400748	14972	0.979346	FALSE	NA	NA	NA	NA	NA	NA
NC_045512.2	24985	G	C	14918	9715	38	1	0	34	6.70241e-05	14920	0.99997	FALSE	NA	NA	NA	NA	NA	NA
NC_045512.2	24985	G	A	14918	9715	38	1	0	34	6.70241e-05	14920	0.99997	FALSE	NA	NA	NA	NA	NA	NA
NC_045512.2	24985	G	+CAAC	14918	9715	38	2	0	20	0.000134048	14920	1	FALSE	NA	NA	NA	NA	NA	NA
NC_045512.2	24986	C	T	14973	9788	38	2	1	51	0.000133556	14975	0.250008	FALSE	NA	NA	NA	NA	NA	NA
NC_045512.2	24987	A	G	14915	9714	38	1	1	68	6.70421e-05	14916	0.500017	FALSE	NA	NA	NA	NA	NA	NA
NC_045512.2	24990	C	T	14965	9782	38	2	1	30	0.000133627	14967	0.999742	FALSE	NA	NA	NA	NA	NA	NA
NC_045512.2	24991	T	G	13919	8825	38	1	1	68	7.18133e-05	13925	0.499928	FALSE	NA	NA	NA	NA	NA	NA
NC_045512.2	24991	T	C	13919	8825	38	5	3	59	0.000359066	13925	0.0312388	FALSE	NA	NA	NA	NA	NA	NA
NC_045512.2	24992	G	A	14261	8955	39	1	1	34	7.01164e-05	14262	0.99997	FALSE	NA	NA	NA	NA	NA	NA
NC_045512.2	24993	A	T	14278	8985	39	2	1	34	0.000140056	14280	0.999742	FALSE	NA	NA	NA	NA	NA	NA
NC_045512.2	24994	A	T	14173	9044	38	1	0	38	7.05318e-05	14178	0.99997	FALSE	NA	NA	NA	NA	NA	NA
NC_045512.2	24994	A	G	14173	9044	38	4	4	34	0.000282127	14178	0.99624	FALSE	NA	NA	NA	NA	NA	NA
NC_045512.2	24995	T	G	14253	8976	39	2	1	24	0.000140282	14257	1	FALSE	NA	NA	NA	NA	NA	NA
NC_045512.2	24995	T	C	14253	8976	39	1	1	34	7.0141e-05	14257	0.99997	FALSE	NA	NA	NA	NA	NA	NA
NC_045512.2	24995	T	A	14253	8976	39	1	1	46	7.0141e-05	14257	0.749974	FALSE	NA	NA	NA	NA	NA	NA
NC_045512.2	24996	T	C	15653	10680	40	3	3	34	0.00019162	15656	0.999346	FALSE	NA	NA	NA	NA	NA	NA
NC_045512.2	24997	A	G	15315	10722	39	5	2	32	0.000326371	15320	0.994107	FALSE	NA	NA	NA	NA	NA	NA
NC_045512.2	24998	G	-ACTC	15352	10674	39	1	0	20	6.51381e-05	15352	1	FALSE	NA	NA	NA	NA	NA	NA
NC_045512.2	24999	A	G	15026	10941	39	3	3	34	0.000199614	15029	0.999346	FALSE	NA	NA	NA	NA	NA	NA
NC_045512.2	25000	C	T	0	0	0	15428	10823	39	1	15428	0	TRUE	NA	NA	NA	NA	NA	NA
NC_045512.2	25003	A	G	15046	10541	39	1	1	34	6.64584e-05	15047	0.999985	FALSE	NA	NA	NA	NA	NA	NA
NC_045512.2	25004	T	C	15044	10639	39	1	0	60	6.64673e-05	15045	0.500017	FALSE	NA	NA	NA	NA	NA	NA
NC_045512.2	25005	T	A	15010	10717	39	1	0	34	6.66178e-05	15011	0.999985	FALSE	NA	NA	NA	NA	NA	NA
NC_045512.2	25006	C	T	14863	10749	39	1	1	34	6.72766e-05	14864	0.99997	FALSE	NA	NA	NA	NA	NA	NA
NC_045512.2	25007	A	G	14688	10651	39	5	5	34	0.000340275	14694	0.990413	FALSE	NA	NA	NA	NA	NA	NA
NC_045512.2	25007	A	C	14688	10651	39	1	0	34	6.8055e-05	14694	0.99997	FALSE	NA	NA	NA	NA	NA	NA
NC_045512.2	25008	A	T	14704	10698	39	1	0	68	6.80041e-05	14705	0.500017	FALSE	NA	NA	NA	NA	NA	NA
NC_045512.2	25009	G	A	14679	10692	39	1	0	34	6.81199e-05	14680	0.99997	FALSE	NA	NA	NA	NA	NA	NA
NC_045512.2	25011	A	G	14508	10596	39	3	3	31	0.000206725	14512	0.998828	FALSE	NA	NA	NA	NA	NA	NA
NC_045512.2	25011	A	C	14508	10596	39	1	1	26	6.89085e-05	14512	1	FALSE	NA	NA	NA	NA	NA	NA
NC_045512.2	25013	G	C	14484	10543	39	1	1	34	6.90369e-05	14485	0.99997	FALSE	NA	NA	NA	NA	NA	NA
NC_045512.2	25015	G	-T	14405	10541	38	1	0	20	6.94203e-05	14405	1	FALSE	NA	NA	NA	NA	NA	NA
NC_045512.2	25016	T	C	14393	10585	38	1	1	34	6.94734e-05	14394	0.99997	FALSE	NA	NA	NA	NA	NA	NA
NC_045512.2	25017	T	C	14512	10919	38	3	2	31	0.000206669	14516	0.998828	FALSE	NA	NA	NA	NA	NA	NA
NC_045512.2	25017	T	A	14512	10919	38	1	1	34	6.88895e-05	14516	0.99997	FALSE	NA	NA	NA	NA	NA	NA
NC_045512.2	25020	A	T	14393	11000	38	2	0	68	0.000138927	14396	0.249991	FALSE	NA	NA	NA	NA	NA	NA
NC_045512.2	25020	A	G	14393	11000	38	1	1	34	6.94637e-05	14396	0.99997	FALSE	NA	NA	NA	NA	NA	NA
NC_045512.2	25022	A	G	13938	10668	38	1	1	34	7.17412e-05	13939	0.999939	FALSE	NA	NA	NA	NA	NA	NA
NC_045512.2	25023	A	G	13944	10656	38	2	2	34	0.00014341	13946	0.999513	FALSE	NA	NA	NA	NA	NA	NA
NC_045512.2	25026	A	G	15946	13085	39	1	1	34	6.27077e-05	15947	0.999985	FALSE	NA	NA	NA	NA	NA	NA
NC_045512.2	25026	A	-T	15946	13085	39	1	0	20	6.27077e-05	15947	1	FALSE	NA	NA	NA	NA	NA	NA
NC_045512.2	25027	T	C	16488	13769	39	1	1	34	6.06465e-05	16489	0.999992	FALSE	NA	NA	NA	NA	NA	NA
NC_045512.2	25029	T	C	16967	14447	40	1	1	34	5.89345e-05	16968	0.999992	FALSE	NA	NA	NA	NA	NA	NA
NC_045512.2	25030	T	C	16976	14485	40	1	1	34	5.89032e-05	16977	0.999992	FALSE	NA	NA	NA	NA	NA	NA
NC_045512.2	25031	A	T	16960	14493	40	1	1	34	5.89484e-05	16964	0.999992	FALSE	NA	NA	NA	NA	NA	NA
NC_045512.2	25031	A	G	16960	14493	40	3	1	34	0.000176845	16964	0.999637	FALSE	NA	NA	NA	NA	NA	NA
NC_045512.2	25034	A	G	16993	14794	39	1	0	24	5.88443e-05	16994	1	FALSE	NA	NA	NA	NA	NA	NA
NC_045512.2	25035	A	G	17188	14994	39	1	1	34	5.81767e-05	17189	0.999996	FALSE	NA	NA	NA	NA	NA	NA
NC_045512.2	25038	A	G	17401	15424	39	1	1	34	5.74647e-05	17402	0.999996	FALSE	NA	NA	NA	NA	NA	NA
NC_045512.2	25040	A	T	17413	15473	39	1	1	26	5.74251e-05	17414	1	FALSE	NA	NA	NA	NA	NA	NA
NC_045512.2	25042	A	T	16979	15048	39	2	2	26	0.000117765	16983	1	FALSE	NA	NA	NA	NA	NA	NA
NC_045512.2	25042	A	G	16979	15048	39	2	0	24	0.000117765	16983	1	FALSE	NA	NA	NA	NA	NA	NA
NC_045512.2	25043	T	C	16885	14958	39	3	3	34	0.000177641	16888	0.999637	FALSE	NA	NA	NA	NA	NA	NA
NC_045512.2	25045	A	G	16743	14866	39	2	2	34	0.000119439	16745	0.999928	FALSE	NA	NA	NA	NA	NA	NA
NC_045512.2	25045	A	-C	16743	14866	39	1	0	20	5.97193e-05	16745	1	FALSE	NA	NA	NA	NA	NA	NA
NC_045512.2	25048	A	G	16472	14697	38	1	0	34	6.07017e-05	16474	0.999992	FALSE	NA	NA	NA	NA	NA	NA
NC_045512.2	25048	A	C	16472	14697	38	1	1	34	6.07017e-05	16474	0.999992	FALSE	NA	NA	NA	NA	NA	NA
NC_045512.2	25049	G	T	16479	14709	38	1	1	26	6.06796e-05	16480	1	FALSE	NA	NA	NA	NA	NA	NA
NC_045512.2	25050	A	G	16363	14619	38	1	1	34	6.1106e-05	16365	0.999992	FALSE	NA	NA	NA	NA	NA	NA
NC_045512.2	25050	A	C	16363	14619	38	1	1	34	6.1106e-05	16365	0.999992	FALSE	NA	NA	NA	NA	NA	NA
NC_045512.2	25051	T	C	16290	14545	38	1	1	34	6.13836e-05	16291	0.999992	FALSE	NA	NA	NA	NA	NA	NA
NC_045512.2	25053	T	G	14713	13072	39	1	1	34	6.43708e-05	15535	0.999977	FALSE	NA	NA	NA	NA	NA	NA
NC_045512.2	25053	T	C	14713	13072	39	820	734	38	0.052784	15535	4.37307e-225	TRUE	NA	NA	NA	NA	NA	NA
NC_045512.2	25053	T	A	14713	13072	39	1	1	34	6.43708e-05	15535	0.999977	FALSE	NA	NA	NA	NA	NA	NA
NC_045512.2	25054	T	C	13350	11670	39	5	4	34	0.000374392	13355	0.984592	FALSE	NA	NA	NA	NA	NA	NA
NC_045512.2	25055	G	C	13216	11544	39	2	2	34	0.000151309	13218	0.999513	FALSE	NA	NA	NA	NA	NA	NA
NC_045512.2	25056	A	T	13115	11445	39	1	0	24	7.62428e-05	13116	1	FALSE	NA	NA	NA	NA	NA	NA
NC_045512.2	25057	T	C	13091	11444	39	2	2	34	0.000152753	13093	0.999513	FALSE	NA	NA	NA	NA	NA	NA
NC_045512.2	25058	T	C	12742	11104	39	1	1	34	7.84745e-05	12743	0.999878	FALSE	NA	NA	NA	NA	NA	NA
NC_045512.2	25060	A	G	12477	10888	39	2	2	51	0.000160269	12479	0.25001	FALSE	NA	NA	NA	NA	NA	NA
NC_045512.2	25061	G	A	12476	10890	39	2	1	51	0.000160282	12478	0.25001	FALSE	NA	NA	NA	NA	NA	NA
NC_045512.2	25063	T	C	12387	10851	39	4	4	34	0.000322815	12391	0.989389	FALSE	NA	NA	NA	NA	NA	NA
NC_045512.2	25064	G	A	12163	10661	39	12	12	34	0.000985626	12175	0.580709	FALSE	NA	NA	NA	NA	NA	NA
NC_045512.2	25065	A	T	12112	10634	39	1	1	34	8.25355e-05	12116	0.999878	FALSE	NA	NA	NA	NA	NA	NA
NC_045512.2	25065	A	G	12112	10634	39	3	3	31	0.000247606	12116	0.996316	FALSE	NA	NA	NA	NA	NA	NA
NC_045512.2	25066	C	T	12103	10659	39	7	1	34	0.000577987	12111	0.916549	FALSE	NA	NA	NA	NA	NA	NA
NC_045512.2	25066	C	G	12103	10659	39	1	1	26	8.25696e-05	12111	1	FALSE	NA	NA	NA	NA	NA	NA
NC_045512.2	25070	T	C	11571	10277	38	1	1	34	8.64155e-05	11572	0.999757	FALSE	NA	NA	NA	NA	NA	NA
NC_045512.2	25071	C	T	11407	10889	35	3	0	34	0.000262927	11410	0.993546	FALSE	NA	NA	NA	NA	NA	NA
NC_045512.2	25073	G	T	11358	10842	35	1	1	34	8.80282e-05	11360	0.999757	FALSE	NA	NA	NA	NA	NA	NA
NC_045512.2	25073	G	A	11358	10842	35	1	1	34	8.80282e-05	11360	0.999757	FALSE	NA	NA	NA	NA	NA	NA
NC_045512.2	25074	G	T	11325	10808	35	1	1	34	8.82535e-05	11331	0.999756	FALSE	NA	NA	NA	NA	NA	NA
NC_045512.2	25074	G	A	11325	10808	35	5	5	34	0.000441267	11331	0.961645	FALSE	NA	NA	NA	NA	NA	NA
NC_045512.2	25078	T	C	10567	10063	36	1	1	34	9.46253e-05	10568	0.999513	FALSE	NA	NA	NA	NA	NA	NA
NC_045512.2	25080	A	T	10551	10059	36	1	1	34	9.47688e-05	10552	0.999513	FALSE	NA	NA	NA	NA	NA	NA
NC_045512.2	25082	G	T	32916	10857	34	1	0	34	3.03785e-05	32918	1	FALSE	NA	NA	NA	NA	NA	NA
NC_045512.2	25082	G	A	32916	10857	34	1	0	34	3.03785e-05	32918	1	FALSE	NA	NA	NA	NA	NA	NA
NC_045512.2	25083	C	T	34469	10734	34	1	0	34	2.90074e-05	34474	1	FALSE	NA	NA	NA	NA	NA	NA
NC_045512.2	25083	C	G	34469	10734	34	1	0	26	2.90074e-05	34474	1	FALSE	NA	NA	NA	NA	NA	NA
NC_045512.2	25083	C	A	34469	10734	34	3	1	56	8.70221e-05	34474	0.124989	FALSE	NA	NA	NA	NA	NA	NA
NC_045512.2	25083	C	-T	34469	10734	34	1	0	20	2.90074e-05	34474	1	FALSE	NA	NA	NA	NA	NA	NA
NC_045512.2	25084	T	G	34129	10409	34	1	0	26	2.92903e-05	34141	1	FALSE	NA	NA	NA	NA	NA	NA
NC_045512.2	25084	T	C	34129	10409	34	8	4	32	0.000234322	34141	0.999992	FALSE	NA	NA	NA	NA	NA	NA
NC_045512.2	25084	T	A	34129	10409	34	3	0	34	8.78709e-05	34141	1	FALSE	NA	NA	NA	NA	NA	NA
NC_045512.2	25085	T	C	34264	10520	34	2	1	34	5.83652e-05	34267	1	FALSE	NA	NA	NA	NA	NA	NA
NC_045512.2	25085	T	A	34264	10520	34	1	0	34	2.91826e-05	34267	1	FALSE	NA	NA	NA	NA	NA	NA
NC_045512.2	25086	C	T	34429	10526	34	3	1	31	8.71207e-05	34435	1	FALSE	NA	NA	NA	NA	NA	NA
NC_045512.2	25086	C	G	34429	10526	34	2	0	30	5.80804e-05	34435	1	FALSE	NA	NA	NA	NA	NA	NA
NC_045512.2	25086	C	A	34429	10526	34	1	0	34	2.90402e-05	34435	1	FALSE	NA	NA	NA	NA	NA	NA
NC_045512.2	25087	A	T	34483	10501	34	1	0	34	2.89897e-05	34495	1	FALSE	NA	NA	NA	NA	NA	NA
NC_045512.2	25087	A	G	34483	10501	34	7	0	32	0.000202928	34495	0.999998	FALSE	NA	NA	NA	NA	NA	NA
NC_045512.2	25087	A	C	34483	10501	34	4	3	32	0.000115959	34495	1	FALSE	NA	NA	NA	NA	NA	NA
NC_045512.2	25089	T	C	45288	10745	34	7	3	32	0.000154539	45296	1	FALSE	NA	NA	NA	NA	NA	NA
NC_045512.2	25089	T	A	45288	10745	34	1	0	34	2.2077e-05	45296	1	FALSE	NA	NA	NA	NA	NA	NA
NC_045512.2	25090	T	G	45435	10643	34	1	0	34	2.2008e-05	45438	1	FALSE	NA	NA	NA	NA	NA	NA
NC_045512.2	25090	T	C	45435	10643	34	2	0	34	4.4016e-05	45438	1	FALSE	NA	NA	NA	NA	NA	NA
NC_045512.2	25090	T	-G	45435	10643	34	1	0	20	2.2008e-05	45438	1	FALSE	NA	NA	NA	NA	NA	NA
NC_045512.2	25091	G	C	45522	10596	34	3	2	31	6.58892e-05	45531	1	FALSE	NA	NA	NA	NA	NA	NA
NC_045512.2	25091	G	A	45522	10596	34	6	0	31	0.000131778	45531	1	FALSE	NA	NA	NA	NA	NA	NA
NC_045512.2	25092	T	G	45269	10405	34	3	0	31	6.62588e-05	45277	1	FALSE	NA	NA	NA	NA	NA	NA
NC_045512.2	25092	T	C	45269	10405	34	2	0	34	4.41725e-05	45277	1	FALSE	NA	NA	NA	NA	NA	NA
NC_045512.2	25092	T	A	45269	10405	34	3	1	31	6.62588e-05	45277	1	FALSE	NA	NA	NA	NA	NA	NA
NC_045512.2	25092	T	-A	45269	10405	34	2	0	20	4.41725e-05	45277	1	FALSE	NA	NA	NA	NA	NA	NA
NC_045512.2	25093	A	G	45213	10505	34	6	2	31	0.000132688	45219	1	FALSE	NA	NA	NA	NA	NA	NA
NC_045512.2	25094	A	T	45629	11321	35	2	0	34	4.38289e-05	45632	1	FALSE	NA	NA	NA	NA	NA	NA
NC_045512.2	25094	A	G	45629	11321	35	1	1	26	2.19144e-05	45632	1	FALSE	NA	NA	NA	NA	NA	NA
NC_045512.2	25095	A	G	42025	11842	34	2	1	34	4.75873e-05	42028	1	FALSE	NA	NA	NA	NA	NA	NA
NC_045512.2	25095	A	C	42025	11842	34	1	0	26	2.37937e-05	42028	1	FALSE	NA	NA	NA	NA	NA	NA
NC_045512.2	25096	C	T	46590	12043	36	1	0	34	2.14629e-05	46592	1	FALSE	NA	NA	NA	NA	NA	NA
NC_045512.2	25096	C	A	46590	12043	36	1	0	68	2.14629e-05	46592	0.5	FALSE	NA	NA	NA	NA	NA	NA
NC_045512.2	25097	A	T	44744	10069	36	2	2	34	4.46917e-05	44751	1	FALSE	NA	NA	NA	NA	NA	NA
NC_045512.2	25097	A	G	44744	10069	36	4	1	34	8.93835e-05	44751	1	FALSE	NA	NA	NA	NA	NA	NA
NC_045512.2	25097	A	C	44744	10069	36	1	1	34	2.23459e-05	44751	1	FALSE	NA	NA	NA	NA	NA	NA
NC_045512.2	25098	T	G	44944	10044	36	3	0	34	6.67408e-05	44950	1	FALSE	NA	NA	NA	NA	NA	NA
NC_045512.2	25098	T	C	44944	10044	36	2	0	34	4.44939e-05	44950	1	FALSE	NA	NA	NA	NA	NA	NA
NC_045512.2	25098	T	A	44944	10044	36	1	0	34	2.22469e-05	44950	1	FALSE	NA	NA	NA	NA	NA	NA
NC_045512.2	25099	T	G	44723	9845	36	1	0	34	2.23544e-05	44734	1	FALSE	NA	NA	NA	NA	NA	NA
NC_045512.2	25099	T	C	44723	9845	36	8	2	38	0.000178835	44734	1	FALSE	NA	NA	NA	NA	NA	NA
NC_045512.2	25099	T	A	44723	9845	36	2	0	34	4.47087e-05	44734	1	FALSE	NA	NA	NA	NA	NA	NA
NC_045512.2	25100	C	-A	44613	9814	36	3	0	20	6.7245e-05	44613	1	FALSE	NA	NA	NA	NA	NA	NA
NC_045512.2	25100	C	+A	44613	9814	36	1	0	20	2.2415e-05	44613	1	FALSE	NA	NA	NA	NA	NA	NA
NC_045512.2	25101	A	G	44500	9818	36	3	0	34	6.74112e-05	44503	1	FALSE	NA	NA	NA	NA	NA	NA
NC_045512.2	25103	A	G	43023	9863	35	1	0	26	2.32428e-05	43024	1	FALSE	NA	NA	NA	NA	NA	NA
NC_045512.2	25104	A	G	45240	9871	36	7	4	31	0.000154703	45248	1	FALSE	NA	NA	NA	NA	NA	NA
NC_045512.2	25104	A	C	45240	9871	36	1	0	34	2.21004e-05	45248	1	FALSE	NA	NA	NA	NA	NA	NA
NC_045512.2	25105	A	T	44979	9814	36	3	0	34	6.66889e-05	44985	1	FALSE	NA	NA	NA	NA	NA	NA
NC_045512.2	25105	A	G	44979	9814	36	3	1	31	6.66889e-05	44985	1	FALSE	NA	NA	NA	NA	NA	NA
NC_045512.2	25106	G	A	46104	9763	36	4	0	34	8.67528e-05	46108	1	FALSE	NA	NA	NA	NA	NA	NA
NC_045512.2	25107	A	G	45825	9895	35	7	1	52	0.000152732	45832	0.00781131	TRUE	NA	NA	NA	NA	NA	NA
NC_045512.2	25108	A	G	46573	9906	36	6	1	32	0.000128813	46579	1	FALSE	NA	NA	NA	NA	NA	NA
NC_045512.2	25110	T	C	46536	9990	36	2	0	51	4.29756e-05	46538	0.250003	FALSE	NA	NA	NA	NA	NA	NA
NC_045512.2	25111	T	C	46326	9931	36	5	1	40	0.000107919	46331	0.500013	FALSE	NA	NA	NA	NA	NA	NA
NC_045512.2	25112	G	A	46573	10034	36	8	0	34	0.000171744	46581	1	FALSE	NA	NA	NA	NA	NA	NA
NC_045512.2	25113	A	G	46423	10053	36	19	1	34	0.000409086	46445	0.99979	FALSE	NA	NA	NA	NA	NA	NA
NC_045512.2	25113	A	C	46423	10053	36	3	3	26	6.45925e-05	46445	1	FALSE	NA	NA	NA	NA	NA	NA
NC_045512.2	25114	C	T	46515	10128	36	10	1	37	0.000214929	46527	1	FALSE	NA	NA	NA	NA	NA	NA
NC_045512.2	25114	C	G	46515	10128	36	2	0	34	4.29858e-05	46527	1	FALSE	NA	NA	NA	NA	NA	NA
NC_045512.2	25115	C	T	45900	9833	36	3	1	34	6.53538e-05	45904	1	FALSE	NA	NA	NA	NA	NA	NA
NC_045512.2	25115	C	A	45900	9833	36	1	0	34	2.17846e-05	45904	1	FALSE	NA	NA	NA	NA	NA	NA
NC_045512.2	25116	G	T	47399	9081	36	1	1	68	2.10926e-05	47410	0.499953	FALSE	NA	NA	NA	NA	NA	NA
NC_045512.2	25116	G	C	47399	9081	36	4	4	32	8.43704e-05	47410	1	FALSE	NA	NA	NA	NA	NA	NA
NC_045512.2	25116	G	A	47399	9081	36	6	2	36	0.000126556	47410	1	FALSE	NA	NA	NA	NA	NA	NA
NC_045512.2	25117	C	G	51207	9806	36	1	0	34	1.95282e-05	51208	1	FALSE	NA	NA	NA	NA	NA	NA
NC_045512.2	25118	C	T	51433	9829	36	10	3	43	0.000194352	51453	0.150781	FALSE	NA	NA	NA	NA	NA	NA
NC_045512.2	25118	C	G	51433	9829	36	1	0	34	1.94352e-05	51453	1	FALSE	NA	NA	NA	NA	NA	NA
NC_045512.2	25118	C	A	51433	9829	36	9	0	34	0.000174917	51453	1	FALSE	NA	NA	NA	NA	NA	NA
NC_045512.2	25119	T	G	46705	4299	36	1	0	34	2.14041e-05	46720	1	FALSE	NA	NA	NA	NA	NA	NA
NC_045512.2	25119	T	C	46705	4299	36	12	3	36	0.000256849	46720	0.999999	FALSE	NA	NA	NA	NA	NA	NA
NC_045512.2	25119	T	A	46705	4299	36	2	0	34	4.28082e-05	46720	1	FALSE	NA	NA	NA	NA	NA	NA
NC_045512.2	25120	C	G	48125	4349	36	2	0	34	4.15559e-05	48128	1	FALSE	NA	NA	NA	NA	NA	NA
NC_045512.2	25120	C	A	48125	4349	36	1	0	26	2.07779e-05	48128	1	FALSE	NA	NA	NA	NA	NA	NA
NC_045512.2	25121	A	G	48055	4348	36	3	0	31	6.24194e-05	48062	1	FALSE	NA	NA	NA	NA	NA	NA
NC_045512.2	25121	A	C	48055	4348	36	4	0	34	8.32258e-05	48062	1	FALSE	NA	NA	NA	NA	NA	NA
NC_045512.2	25122	A	G	47706	4353	36	3	0	34	6.28812e-05	47709	1	FALSE	NA	NA	NA	NA	NA	NA
NC_045512.2	25123	T	G	48248	4357	36	2	0	30	4.14508e-05	48250	1	FALSE	NA	NA	NA	NA	NA	NA
NC_045512.2	25124	G	T	48282	4357	36	2	1	51	4.14216e-05	48284	0.250003	FALSE	NA	NA	NA	NA	NA	NA
NC_045512.2	25125	A	T	48106	4427	36	5	0	32	0.000103916	48116	1	FALSE	NA	NA	NA	NA	NA	NA
NC_045512.2	25125	A	G	48106	4427	36	5	1	40	0.000103916	48116	0.499949	FALSE	NA	NA	NA	NA	NA	NA
NC_045512.2	25126	G	T	48613	4423	36	1	0	34	2.05685e-05	48618	1	FALSE	NA	NA	NA	NA	NA	NA
NC_045512.2	25126	G	A	48613	4423	36	4	0	34	8.22741e-05	48618	1	FALSE	NA	NA	NA	NA	NA	NA
NC_045512.2	25127	G	A	48896	5046	37	4	1	40	8.17996e-05	48900	0.636736	FALSE	NA	NA	NA	NA	NA	NA
NC_045512.2	25128	T	C	49038	5337	37	2	0	34	4.0783e-05	49040	1	FALSE	NA	NA	NA	NA	NA	NA
NC_045512.2	25129	T	C	49120	5346	37	4	1	34	8.14266e-05	49124	1	FALSE	NA	NA	NA	NA	NA	NA
NC_045512.2	25130	G	C	49374	5349	37	1	0	34	2.02507e-05	49381	1	FALSE	NA	NA	NA	NA	NA	NA
NC_045512.2	25130	G	A	49374	5349	37	6	1	39	0.000121504	49381	1	FALSE	NA	NA	NA	NA	NA	NA
NC_045512.2	25130	G	-C	49374	5349	37	1	0	20	2.02507e-05	49381	1	FALSE	NA	NA	NA	NA	NA	NA
NC_045512.2	25131	C	T	49158	5349	37	17	0	34	0.000345697	49176	0.999983	FALSE	NA	NA	NA	NA	NA	NA
NC_045512.2	25131	C	G	49158	5349	37	1	0	34	2.03351e-05	49176	1	FALSE	NA	NA	NA	NA	NA	NA
NC_045512.2	25132	C	T	49358	5402	37	2	1	51	4.05178e-05	49361	0.249997	FALSE	NA	NA	NA	NA	NA	NA
NC_045512.2	25132	C	A	49358	5402	37	1	0	34	2.02589e-05	49361	1	FALSE	NA	NA	NA	NA	NA	NA
NC_045512.2	25133	A	G	49363	5403	37	14	0	34	0.000283533	49377	0.999999	FALSE	NA	NA	NA	NA	NA	NA
NC_045512.2	25134	A	G	49173	5412	37	3	0	34	6.10054e-05	49176	1	FALSE	NA	NA	NA	NA	NA	NA
NC_045512.2	25135	G	T	51047	5415	37	5	0	34	9.79394e-05	51052	1	FALSE	NA	NA	NA	NA	NA	NA
NC_045512.2	25136	A	G	47218	5425	35	5	0	34	0.000105881	47223	1	FALSE	NA	NA	NA	NA	NA	NA
NC_045512.2	25137	A	T	51743	5556	37	1	0	34	1.93259e-05	51744	1	FALSE	NA	NA	NA	NA	NA	NA
NC_045512.2	25139	T	C	51674	5574	37	5	0	47	9.67511e-05	51679	0.623065	FALSE	NA	NA	NA	NA	NA	NA
NC_045512.2	25140	T	C	51712	5585	37	9	2	33	0.000174004	51723	1	FALSE	NA	NA	NA	NA	NA	NA
NC_045512.2	25140	T	A	51712	5585	37	2	0	34	3.86675e-05	51723	1	FALSE	NA	NA	NA	NA	NA	NA
NC_045512.2	25141	A	G	51861	5589	37	5	0	34	9.64023e-05	51866	1	FALSE	NA	NA	NA	NA	NA	NA
NC_045512.2	25142	A	G	51870	5621	37	3	0	34	5.78336e-05	51873	1	FALSE	NA	NA	NA	NA	NA	NA
NC_045512.2	25143	A	G	49897	5636	36	3	0	56	6.01202e-05	49900	0.125	FALSE	NA	NA	NA	NA	NA	NA
NC_045512.2	25144	T	G	52079	5671	37	1	0	34	1.92005e-05	52082	1	FALSE	NA	NA	NA	NA	NA	NA
NC_045512.2	25144	T	C	52079	5671	37	2	0	30	3.8401e-05	52082	1	FALSE	NA	NA	NA	NA	NA	NA
NC_045512.2	25145	G	C	52384	5666	37	1	0	34	1.90891e-05	52386	1	FALSE	NA	NA	NA	NA	NA	NA
NC_045512.2	25145	G	A	52384	5666	37	1	0	34	1.90891e-05	52386	1	FALSE	NA	NA	NA	NA	NA	NA
NC_045512.2	25146	A	G	52720	5772	37	4	0	34	7.58581e-05	52730	1	FALSE	NA	NA	NA	NA	NA	NA
NC_045512.2	25146	A	C	52720	5772	37	6	0	32	0.000113787	52730	1	FALSE	NA	NA	NA	NA	NA	NA
NC_045512.2	25147	A	G	54587	6126	38	10	0	31	0.000183154	54599	1	FALSE	NA	NA	NA	NA	NA	NA
NC_045512.2	25147	A	C	54587	6126	38	2	1	34	3.66307e-05	54599	1	FALSE	NA	NA	NA	NA	NA	NA
NC_045512.2	25148	T	G	55080	6035	37	1	0	26	1.81538e-05	55085	1	FALSE	NA	NA	NA	NA	NA	NA
NC_045512.2	25148	T	C	55080	6035	37	4	1	42	7.2615e-05	55085	0.746103	FALSE	NA	NA	NA	NA	NA	NA
NC_045512.2	25149	C	G	55299	6160	38	1	0	34	1.80832e-05	55300	1	FALSE	NA	NA	NA	NA	NA	NA
NC_045512.2	25150	T	G	55372	6281	37	2	0	34	3.61135e-05	55381	1	FALSE	NA	NA	NA	NA	NA	NA
NC_045512.2	25150	T	C	55372	6281	37	5	2	37	9.02837e-05	55381	1	FALSE	NA	NA	NA	NA	NA	NA
NC_045512.2	25150	T	A	55372	6281	37	2	0	34	3.61135e-05	55381	1	FALSE	NA	NA	NA	NA	NA	NA
NC_045512.2	25151	C	G	56009	6644	38	1	0	34	1.7854e-05	56010	1	FALSE	NA	NA	NA	NA	NA	NA
NC_045512.2	25152	T	G	56157	6777	38	2	0	26	3.56081e-05	56167	1	FALSE	NA	NA	NA	NA	NA	NA
NC_045512.2	25152	T	C	56157	6777	38	5	1	38	8.90202e-05	56167	1	FALSE	NA	NA	NA	NA	NA	NA
NC_045512.2	25152	T	A	56157	6777	38	3	2	30	5.34121e-05	56167	1	FALSE	NA	NA	NA	NA	NA	NA
NC_045512.2	25153	C	T	56128	6820	38	2	0	34	3.56309e-05	56131	1	FALSE	NA	NA	NA	NA	NA	NA
NC_045512.2	25153	C	A	56128	6820	38	1	0	68	1.78155e-05	56131	0.499996	FALSE	NA	NA	NA	NA	NA	NA
NC_045512.2	25154	A	G	55993	6845	38	4	1	49	7.14311e-05	55998	0.746103	FALSE	NA	NA	NA	NA	NA	NA
NC_045512.2	25154	A	C	55993	6845	38	1	0	34	1.78578e-05	55998	1	FALSE	NA	NA	NA	NA	NA	NA
NC_045512.2	25155	T	C	56172	6856	38	3	0	34	5.34045e-05	56175	1	FALSE	NA	NA	NA	NA	NA	NA
NC_045512.2	25156	C	T	56165	6866	38	8	0	34	0.000142417	56173	1	FALSE	NA	NA	NA	NA	NA	NA
NC_045512.2	25157	G	T	56142	6865	38	1	0	34	1.78104e-05	56147	1	FALSE	NA	NA	NA	NA	NA	NA
NC_045512.2	25157	G	A	56142	6865	38	4	0	34	7.12416e-05	56147	1	FALSE	NA	NA	NA	NA	NA	NA
NC_045512.2	25158	A	G	70083	7137	37	6	0	32	8.56054e-05	70089	1	FALSE	NA	NA	NA	NA	NA	NA
NC_045512.2	25159	T	C	70147	7020	37	4	0	34	5.70199e-05	70151	1	FALSE	NA	NA	NA	NA	NA	NA
NC_045512.2	25160	C	T	70444	7155	37	3	0	31	4.2584e-05	70449	1	FALSE	NA	NA	NA	NA	NA	NA
NC_045512.2	25160	C	G	70444	7155	37	2	0	26	2.83893e-05	70449	1	FALSE	NA	NA	NA	NA	NA	NA
NC_045512.2	25161	T	G	70815	7112	37	2	0	26	2.82366e-05	70830	1	FALSE	NA	NA	NA	NA	NA	NA
NC_045512.2	25161	T	C	70815	7112	37	9	1	37	0.000127065	70830	1	FALSE	NA	NA	NA	NA	NA	NA
NC_045512.2	25161	T	A	70815	7112	37	4	0	34	5.64732e-05	70830	1	FALSE	NA	NA	NA	NA	NA	NA
NC_045512.2	25161	T	-C	70815	7112	37	4	0	20	5.64732e-05	70830	1	FALSE	NA	NA	NA	NA	NA	NA
NC_045512.2	25162	C	T	63467	7298	38	4	3	34	5.73099e-05	69796	1	FALSE	NA	NA	NA	NA	NA	NA
NC_045512.2	25162	C	G	63467	7298	38	2	0	30	2.86549e-05	69796	1	FALSE	NA	NA	NA	NA	NA	NA
NC_045512.2	25162	C	A	63467	7298	38	6323	505	37	0.0905926	69796	0	TRUE	NA	NA	NA	NA	NA	NA
NC_045512.2	25163	C	G	62987	7365	38	1	1	68	1.44338e-05	69282	0.476211	FALSE	NA	NA	NA	NA	NA	NA
NC_045512.2	25163	C	A	62987	7365	38	6294	509	37	0.0908461	69282	0	TRUE	NA	NA	NA	NA	NA	NA
NC_045512.2	25164	A	G	69597	8117	38	5	1	40	7.1836e-05	69603	0.725594	FALSE	NA	NA	NA	NA	NA	NA
NC_045512.2	25164	A	C	69597	8117	38	1	0	26	1.43672e-05	69603	1	FALSE	NA	NA	NA	NA	NA	NA
NC_045512.2	25165	A	T	68886	8152	38	4	0	34	5.80627e-05	68891	1	FALSE	NA	NA	NA	NA	NA	NA
NC_045512.2	25165	A	G	68886	8152	38	1	0	34	1.45157e-05	68891	1	FALSE	NA	NA	NA	NA	NA	NA
NC_045512.2	25166	G	A	69429	8166	38	2	0	34	2.88056e-05	69431	1	FALSE	NA	NA	NA	NA	NA	NA
NC_045512.2	25167	A	G	62698	8557	36	13	0	31	0.0002073	62711	1	FALSE	NA	NA	NA	NA	NA	NA
NC_045512.2	25168	A	G	66551	8568	38	9	1	33	0.000135214	66561	1	FALSE	NA	NA	NA	NA	NA	NA
NC_045512.2	25168	A	C	66551	8568	38	1	1	34	1.50238e-05	66561	1	FALSE	NA	NA	NA	NA	NA	NA
NC_045512.2	25170	T	G	61816	9440	38	2	0	30	3.23499e-05	61824	1	FALSE	NA	NA	NA	NA	NA	NA
NC_045512.2	25170	T	C	61816	9440	38	6	1	39	9.70497e-05	61824	1	FALSE	NA	NA	NA	NA	NA	NA
NC_045512.2	25171	T	G	61650	9423	38	1	0	34	1.62169e-05	61664	1	FALSE	NA	NA	NA	NA	NA	NA
NC_045512.2	25171	T	C	61650	9423	38	13	5	49	0.00021082	61664	0.0835179	FALSE	NA	NA	NA	NA	NA	NA
NC_045512.2	25171	T	-G	61650	9423	38	1	0	20	1.62169e-05	61664	1	FALSE	NA	NA	NA	NA	NA	NA
NC_045512.2	25172	G	T	61892	9434	38	1	0	34	1.61553e-05	61899	1	FALSE	NA	NA	NA	NA	NA	NA
NC_045512.2	25172	G	A	61892	9434	38	6	1	62	9.69321e-05	61899	0.0156223	FALSE	NA	NA	NA	NA	NA	NA
NC_045512.2	25173	G	A	61875	9552	38	2	0	34	3.23222e-05	61877	1	FALSE	NA	NA	NA	NA	NA	NA
NC_045512.2	25173	G	-AA	61875	9552	38	1	0	20	1.61611e-05	61877	1	FALSE	NA	NA	NA	NA	NA	NA
NC_045512.2	25173	G	-A	61875	9552	38	1	0	20	1.61611e-05	61877	1	FALSE	NA	NA	NA	NA	NA	NA
NC_045512.2	25174	A	G	60226	9933	38	5	0	32	8.30137e-05	60231	1	FALSE	NA	NA	NA	NA	NA	NA
NC_045512.2	25175	A	G	58170	10507	37	3	1	34	5.15703e-05	58173	1	FALSE	NA	NA	NA	NA	NA	NA
NC_045512.2	25176	A	G	57424	10788	37	2	0	34	3.48274e-05	57426	1	FALSE	NA	NA	NA	NA	NA	NA
NC_045512.2	25177	G	C	59701	10835	37	1	0	34	1.67479e-05	59709	1	FALSE	NA	NA	NA	NA	NA	NA
NC_045512.2	25177	G	A	59701	10835	37	7	2	43	0.000117235	59709	0.387201	FALSE	NA	NA	NA	NA	NA	NA
NC_045512.2	25178	T	G	59850	11340	38	3	0	28	5.01153e-05	59862	1	FALSE	NA	NA	NA	NA	NA	NA
NC_045512.2	25178	T	C	59850	11340	38	8	0	34	0.000133641	59862	1	FALSE	NA	NA	NA	NA	NA	NA
NC_045512.2	25178	T	A	59850	11340	38	1	0	34	1.67051e-05	59862	1	FALSE	NA	NA	NA	NA	NA	NA
NC_045512.2	25179	A	G	59737	11407	38	6	0	34	0.00010043	59743	1	FALSE	NA	NA	NA	NA	NA	NA
NC_045512.2	25180	T	C	59922	11389	38	6	3	39	0.000100117	59930	1	FALSE	NA	NA	NA	NA	NA	NA
NC_045512.2	25180	T	A	59922	11389	38	2	0	34	3.33723e-05	59930	1	FALSE	NA	NA	NA	NA	NA	NA
NC_045512.2	25182	A	T	58902	11638	37	2	1	51	3.39484e-05	58913	0.249964	FALSE	NA	NA	NA	NA	NA	NA
NC_045512.2	25182	A	G	58902	11638	37	9	4	34	0.000152768	58913	1	FALSE	NA	NA	NA	NA	NA	NA
NC_045512.2	25183	G	T	59735	11654	37	1	0	68	1.67389e-05	59741	0.499983	FALSE	NA	NA	NA	NA	NA	NA
NC_045512.2	25183	G	C	59735	11654	37	1	1	27	1.67389e-05	59741	1	FALSE	NA	NA	NA	NA	NA	NA
NC_045512.2	25183	G	A	59735	11654	37	4	1	32	6.69557e-05	59741	1	FALSE	NA	NA	NA	NA	NA	NA
NC_045512.2	25184	C	T	58196	11949	37	7	0	34	0.000120265	58205	1	FALSE	NA	NA	NA	NA	NA	NA
NC_045512.2	25184	C	G	58196	11949	37	1	1	68	1.71807e-05	58205	0.49997	FALSE	NA	NA	NA	NA	NA	NA
NC_045512.2	25184	C	A	58196	11949	37	1	0	34	1.71807e-05	58205	1	FALSE	NA	NA	NA	NA	NA	NA
NC_045512.2	25185	A	G	57901	11603	37	6	1	32	0.000103613	57908	1	FALSE	NA	NA	NA	NA	NA	NA
NC_045512.2	25185	A	C	57901	11603	37	1	1	34	1.72688e-05	57908	1	FALSE	NA	NA	NA	NA	NA	NA
NC_045512.2	25186	G	C	66837	11658	37	1	0	34	1.49613e-05	66839	1	FALSE	NA	NA	NA	NA	NA	NA
NC_045512.2	25186	G	A	66837	11658	37	1	0	34	1.49613e-05	66839	1	FALSE	NA	NA	NA	NA	NA	NA
NC_045512.2	25187	T	G	66779	12180	37	1	0	34	1.49714e-05	66794	1	FALSE	NA	NA	NA	NA	NA	NA
NC_045512.2	25187	T	C	66779	12180	37	12	2	34	0.000179657	66794	1	FALSE	NA	NA	NA	NA	NA	NA
NC_045512.2	25187	T	A	66779	12180	37	2	0	34	2.99428e-05	66794	1	FALSE	NA	NA	NA	NA	NA	NA
NC_045512.2	25188	A	T	67713	12321	37	1	0	34	1.47676e-05	67716	1	FALSE	NA	NA	NA	NA	NA	NA
NC_045512.2	25188	A	G	67713	12321	37	2	0	34	2.95351e-05	67716	1	FALSE	NA	NA	NA	NA	NA	NA
NC_045512.2	25189	T	G	60066	13644	36	3	0	34	4.99367e-05	60076	1	FALSE	NA	NA	NA	NA	NA	NA
NC_045512.2	25189	T	C	60066	13644	36	5	2	34	8.32279e-05	60076	1	FALSE	NA	NA	NA	NA	NA	NA
NC_045512.2	25189	T	A	60066	13644	36	2	0	26	3.32912e-05	60076	1	FALSE	NA	NA	NA	NA	NA	NA
NC_045512.2	25190	A	T	60379	14311	36	1	0	34	1.65604e-05	60385	1	FALSE	NA	NA	NA	NA	NA	NA
NC_045512.2	25190	A	G	60379	14311	36	5	2	34	8.2802e-05	60385	1	FALSE	NA	NA	NA	NA	NA	NA
NC_045512.2	25190	A	+T	60379	14311	36	2	0	20	3.31208e-05	60385	1	FALSE	NA	NA	NA	NA	NA	NA
NC_045512.2	25191	T	C	60604	14379	36	4	1	34	6.59979e-05	60608	1	FALSE	NA	NA	NA	NA	NA	NA
NC_045512.2	25191	T	-A	60604	14379	36	2	0	20	3.29989e-05	60608	1	FALSE	NA	NA	NA	NA	NA	NA
NC_045512.2	25192	A	G	60529	14432	36	3	0	34	4.95606e-05	60532	1	FALSE	NA	NA	NA	NA	NA	NA
NC_045512.2	25193	A	G	60516	14566	36	2	0	26	3.3048e-05	60518	1	FALSE	NA	NA	NA	NA	NA	NA
NC_045512.2	25194	A	G	57639	14563	35	3	0	34	5.20445e-05	57643	1	FALSE	NA	NA	NA	NA	NA	NA
NC_045512.2	25194	A	C	57639	14563	35	1	0	34	1.73482e-05	57643	1	FALSE	NA	NA	NA	NA	NA	NA
NC_045512.2	25195	A	T	59228	13276	36	1	0	34	1.68825e-05	59233	1	FALSE	NA	NA	NA	NA	NA	NA
NC_045512.2	25195	A	G	59228	13276	36	4	2	35	6.75299e-05	59233	1	FALSE	NA	NA	NA	NA	NA	NA
NC_045512.2	25195	A	+C	59228	13276	36	8	0	20	0.00013506	59233	1	FALSE	NA	NA	NA	NA	NA	NA
NC_045512.2	25196	T	G	58259	12295	37	7	0	31	0.000120122	58274	1	FALSE	NA	NA	NA	NA	NA	NA
NC_045512.2	25196	T	C	58259	12295	37	3	0	34	5.14809e-05	58274	1	FALSE	NA	NA	NA	NA	NA	NA
NC_045512.2	25196	T	A	58259	12295	37	5	1	34	8.58016e-05	58274	1	FALSE	NA	NA	NA	NA	NA	NA
NC_045512.2	25197	G	A	57422	12031	37	4	0	34	6.96549e-05	57426	1	FALSE	NA	NA	NA	NA	NA	NA
NC_045512.2	25198	G	T	57484	12094	37	4	3	40	6.95737e-05	57493	0.746068	FALSE	NA	NA	NA	NA	NA	NA
NC_045512.2	25198	G	A	57484	12094	37	5	0	32	8.69671e-05	57493	1	FALSE	NA	NA	NA	NA	NA	NA
NC_045512.2	25199	C	T	57702	12465	37	8	3	42	0.000138619	57712	0.290506	FALSE	NA	NA	NA	NA	NA	NA
NC_045512.2	25199	C	A	57702	12465	37	2	1	34	3.46548e-05	57712	1	FALSE	NA	NA	NA	NA	NA	NA
NC_045512.2	25200	C	T	58112	13031	37	1	0	34	1.72064e-05	58118	1	FALSE	NA	NA	NA	NA	NA	NA
NC_045512.2	25200	C	G	58112	13031	37	1	0	34	1.72064e-05	58118	1	FALSE	NA	NA	NA	NA	NA	NA
NC_045512.2	25200	C	A	58112	13031	37	4	0	34	6.88255e-05	58118	1	FALSE	NA	NA	NA	NA	NA	NA
NC_045512.2	25201	A	T	58326	13034	37	2	1	43	3.4283e-05	58338	0.93748	FALSE	NA	NA	NA	NA	NA	NA
NC_045512.2	25201	A	G	58326	13034	37	10	1	35	0.000171415	58338	1	FALSE	NA	NA	NA	NA	NA	NA
NC_045512.2	25202	T	G	56707	10784	36	3	1	32	5.28961e-05	56715	1	FALSE	NA	NA	NA	NA	NA	NA
NC_045512.2	25202	T	C	56707	10784	36	2	1	51	3.5264e-05	56715	0.249976	FALSE	NA	NA	NA	NA	NA	NA
NC_045512.2	25202	T	A	56707	10784	36	3	0	34	5.28961e-05	56715	1	FALSE	NA	NA	NA	NA	NA	NA
NC_045512.2	25202	T	-G	56707	10784	36	1	0	20	1.7632e-05	56715	1	FALSE	NA	NA	NA	NA	NA	NA
NC_045512.2	25203	G	A	55812	9867	36	1	0	34	1.7917e-05	55813	1	FALSE	NA	NA	NA	NA	NA	NA
NC_045512.2	25204	G	T	59294	13091	37	3	0	34	5.05911e-05	59299	1	FALSE	NA	NA	NA	NA	NA	NA
NC_045512.2	25204	G	C	59294	13091	37	2	0	34	3.37274e-05	59299	1	FALSE	NA	NA	NA	NA	NA	NA
NC_045512.2	25205	T	G	59193	13162	37	1	0	26	1.68896e-05	59208	1	FALSE	NA	NA	NA	NA	NA	NA
NC_045512.2	25205	T	C	59193	13162	37	12	3	33	0.000202675	59208	1	FALSE	NA	NA	NA	NA	NA	NA
NC_045512.2	25205	T	A	59193	13162	37	2	1	34	3.37792e-05	59208	1	FALSE	NA	NA	NA	NA	NA	NA
NC_045512.2	25206	A	G	59672	13425	37	5	0	40	8.37844e-05	59677	0.623062	FALSE	NA	NA	NA	NA	NA	NA
NC_045512.2	25207	C	G	58592	13562	37	1	0	26	1.70663e-05	58595	1	FALSE	NA	NA	NA	NA	NA	NA
NC_045512.2	25207	C	A	58592	13562	37	2	0	34	3.41326e-05	58595	1	FALSE	NA	NA	NA	NA	NA	NA
NC_045512.2	25208	A	G	58869	13975	37	3	1	45	5.09563e-05	58874	0.855472	FALSE	NA	NA	NA	NA	NA	NA
NC_045512.2	25208	A	C	58869	13975	37	2	2	30	3.39709e-05	58874	1	FALSE	NA	NA	NA	NA	NA	NA
NC_045512.2	25208	A	-T	58869	13975	37	2	0	20	3.39709e-05	58874	1	FALSE	NA	NA	NA	NA	NA	NA
NC_045512.2	25209	T	G	58696	13862	37	7	0	34	0.000119228	58711	1	FALSE	NA	NA	NA	NA	NA	NA
NC_045512.2	25209	T	C	58696	13862	37	6	1	35	0.000102195	58711	1	FALSE	NA	NA	NA	NA	NA	NA
NC_045512.2	25209	T	A	58696	13862	37	2	0	34	3.40652e-05	58711	1	FALSE	NA	NA	NA	NA	NA	NA
NC_045512.2	25210	T	C	58740	13760	37	7	2	37	0.000119153	58748	1	FALSE	NA	NA	NA	NA	NA	NA
NC_045512.2	25210	T	A	58740	13760	37	1	1	34	1.70219e-05	58748	1	FALSE	NA	NA	NA	NA	NA	NA
NC_045512.2	25211	T	G	59015	13854	37	1	0	34	1.69431e-05	59021	1	FALSE	NA	NA	NA	NA	NA	NA
NC_045512.2	25211	T	C	59015	13854	37	4	1	42	6.77725e-05	59021	0.746094	FALSE	NA	NA	NA	NA	NA	NA
NC_045512.2	25211	T	A	59015	13854	37	1	1	34	1.69431e-05	59021	1	FALSE	NA	NA	NA	NA	NA	NA
NC_045512.2	25212	G	T	59031	13725	37	3	0	28	5.08173e-05	59035	1	FALSE	NA	NA	NA	NA	NA	NA
NC_045512.2	25212	G	A	59031	13725	37	1	0	34	1.69391e-05	59035	1	FALSE	NA	NA	NA	NA	NA	NA
NC_045512.2	25213	G	T	58841	13627	37	2	0	34	3.39882e-05	58844	1	FALSE	NA	NA	NA	NA	NA	NA
NC_045512.2	25213	G	C	58841	13627	37	1	0	34	1.69941e-05	58844	1	FALSE	NA	NA	NA	NA	NA	NA
NC_045512.2	25214	C	T	59030	14029	37	5	0	34	8.46869e-05	59041	1	FALSE	NA	NA	NA	NA	NA	NA
NC_045512.2	25214	C	G	59030	14029	37	6	0	31	0.000101624	59041	1	FALSE	NA	NA	NA	NA	NA	NA
NC_045512.2	25215	T	G	59000	13915	37	1	1	34	1.69454e-05	59013	1	FALSE	NA	NA	NA	NA	NA	NA
NC_045512.2	25215	T	C	59000	13915	37	12	5	37	0.000203345	59013	1	FALSE	NA	NA	NA	NA	NA	NA
NC_045512.2	25216	A	G	58842	13822	37	1	0	34	1.69941e-05	58844	1	FALSE	NA	NA	NA	NA	NA	NA
NC_045512.2	25216	A	C	58842	13822	37	1	1	27	1.69941e-05	58844	1	FALSE	NA	NA	NA	NA	NA	NA
NC_045512.2	25218	G	-T	57819	14768	37	2	0	20	3.45907e-05	57819	1	FALSE	NA	NA	NA	NA	NA	NA
NC_045512.2	25219	T	G	58591	16003	37	2	0	34	3.41332e-05	58594	1	FALSE	NA	NA	NA	NA	NA	NA
NC_045512.2	25219	T	C	58591	16003	37	1	0	34	1.70666e-05	58594	1	FALSE	NA	NA	NA	NA	NA	NA
NC_045512.2	25220	T	C	57975	15959	37	1	0	34	1.72485e-05	57976	1	FALSE	NA	NA	NA	NA	NA	NA
NC_045512.2	25221	T	G	57162	16382	37	1	0	34	1.7492e-05	57169	1	FALSE	NA	NA	NA	NA	NA	NA
NC_045512.2	25221	T	C	57162	16382	37	5	3	32	8.746e-05	57169	1	FALSE	NA	NA	NA	NA	NA	NA
NC_045512.2	25221	T	A	57162	16382	37	1	0	34	1.7492e-05	57169	1	FALSE	NA	NA	NA	NA	NA	NA
NC_045512.2	25222	T	C	56988	16272	37	15	3	36	0.000263144	57003	1	FALSE	NA	NA	NA	NA	NA	NA
NC_045512.2	25223	A	T	57190	16425	37	1	0	34	1.7485e-05	57192	1	FALSE	NA	NA	NA	NA	NA	NA
NC_045512.2	25223	A	G	57190	16425	37	1	0	34	1.7485e-05	57192	1	FALSE	NA	NA	NA	NA	NA	NA
NC_045512.2	25224	T	G	57217	16415	37	3	0	34	5.24265e-05	57223	1	FALSE	NA	NA	NA	NA	NA	NA
NC_045512.2	25224	T	C	57217	16415	37	1	1	68	1.74755e-05	57223	0.499983	FALSE	NA	NA	NA	NA	NA	NA
NC_045512.2	25224	T	A	57217	16415	37	2	1	29	3.4951e-05	57223	1	FALSE	NA	NA	NA	NA	NA	NA
NC_045512.2	25225	A	T	56833	16292	37	1	1	20	1.75864e-05	56862	1	FALSE	NA	NA	NA	NA	NA	NA
NC_045512.2	25225	A	G	56833	16292	37	28	3	35	0.00049242	56862	0.999301	FALSE	NA	NA	NA	NA	NA	NA
NC_045512.2	25227	C	G	55504	15361	37	3	0	34	5.40433e-05	55511	1	FALSE	NA	NA	NA	NA	NA	NA
NC_045512.2	25227	C	A	55504	15361	37	4	0	34	7.20578e-05	55511	1	FALSE	NA	NA	NA	NA	NA	NA
NC_045512.2	25228	T	G	55259	14963	37	1	0	26	1.80927e-05	55271	1	FALSE	NA	NA	NA	NA	NA	NA
NC_045512.2	25228	T	C	55259	14963	37	11	7	34	0.000199019	55271	1	FALSE	NA	NA	NA	NA	NA	NA
NC_045512.2	25228	T	-G	55259	14963	37	1	0	20	1.80927e-05	55271	1	FALSE	NA	NA	NA	NA	NA	NA
NC_045512.2	25229	G	T	55741	14943	37	3	0	34	5.38165e-05	55745	1	FALSE	NA	NA	NA	NA	NA	NA
NC_045512.2	25229	G	A	55741	14943	37	1	1	34	1.79388e-05	55745	1	FALSE	NA	NA	NA	NA	NA	NA
NC_045512.2	25230	G	C	55794	15012	37	2	2	34	3.58442e-05	55797	1	FALSE	NA	NA	NA	NA	NA	NA
NC_045512.2	25230	G	A	55794	15012	37	1	0	34	1.79221e-05	55797	1	FALSE	NA	NA	NA	NA	NA	NA
NC_045512.2	25231	C	T	55605	15051	37	6	4	32	0.000107887	55614	1	FALSE	NA	NA	NA	NA	NA	NA
NC_045512.2	25231	C	G	55605	15051	37	1	1	34	1.79811e-05	55614	1	FALSE	NA	NA	NA	NA	NA	NA
NC_045512.2	25231	C	A	55605	15051	37	2	0	34	3.59622e-05	55614	1	FALSE	NA	NA	NA	NA	NA	NA
NC_045512.2	25232	T	G	55775	15157	37	1	1	26	1.79273e-05	55781	1	FALSE	NA	NA	NA	NA	NA	NA
NC_045512.2	25232	T	C	55775	15157	37	5	1	34	8.96363e-05	55781	1	FALSE	NA	NA	NA	NA	NA	NA
NC_045512.2	25233	T	C	55693	15107	37	2	1	34	3.59092e-05	55696	1	FALSE	NA	NA	NA	NA	NA	NA
NC_045512.2	25233	T	A	55693	15107	37	1	0	26	1.79546e-05	55696	1	FALSE	NA	NA	NA	NA	NA	NA
NC_045512.2	25234	G	A	55774	15085	37	1	0	34	1.79292e-05	55775	1	FALSE	NA	NA	NA	NA	NA	NA
NC_045512.2	25235	A	G	56655	16147	37	1	0	34	1.76504e-05	56656	1	FALSE	NA	NA	NA	NA	NA	NA
NC_045512.2	25236	T	C	55534	16351	37	4	1	34	7.20228e-05	55538	1	FALSE	NA	NA	NA	NA	NA	NA
NC_045512.2	25237	T	G	55502	16455	37	10	0	32	0.000180093	55527	1	FALSE	NA	NA	NA	NA	NA	NA
NC_045512.2	25237	T	C	55502	16455	37	13	5	34	0.00023412	55527	1	FALSE	NA	NA	NA	NA	NA	NA
NC_045512.2	25237	T	A	55502	16455	37	2	0	30	3.60185e-05	55527	1	FALSE	NA	NA	NA	NA	NA	NA
NC_045512.2	25238	G	T	55155	16295	37	3	3	34	5.43803e-05	55167	1	FALSE	NA	NA	NA	NA	NA	NA
NC_045512.2	25238	G	C	55155	16295	37	1	1	34	1.81268e-05	55167	1	FALSE	NA	NA	NA	NA	NA	NA
NC_045512.2	25238	G	A	55155	16295	37	8	0	33	0.000145014	55167	1	FALSE	NA	NA	NA	NA	NA	NA
NC_045512.2	25239	C	T	56047	16664	37	3	0	34	5.35227e-05	56051	1	FALSE	NA	NA	NA	NA	NA	NA
NC_045512.2	25239	C	G	56047	16664	37	1	0	34	1.78409e-05	56051	1	FALSE	NA	NA	NA	NA	NA	NA
NC_045512.2	25240	C	T	56310	16948	37	1	1	38	1.77582e-05	56312	1	FALSE	NA	NA	NA	NA	NA	NA
NC_045512.2	25240	C	A	56310	16948	37	1	1	68	1.77582e-05	56312	0.5	FALSE	NA	NA	NA	NA	NA	NA
NC_045512.2	25241	A	G	56331	16930	37	4	2	31	7.10038e-05	56335	1	FALSE	NA	NA	NA	NA	NA	NA
NC_045512.2	25242	T	C	57654	17267	37	2	1	34	3.46879e-05	57657	1	FALSE	NA	NA	NA	NA	NA	NA
NC_045512.2	25242	T	A	57654	17267	37	1	0	34	1.73439e-05	57657	1	FALSE	NA	NA	NA	NA	NA	NA
NC_045512.2	25243	A	G	57356	17200	37	4	3	31	6.9735e-05	57360	1	FALSE	NA	NA	NA	NA	NA	NA
NC_045512.2	25244	G	T	57760	17212	37	3	0	34	5.19283e-05	57772	1	FALSE	NA	NA	NA	NA	NA	NA
NC_045512.2	25244	G	C	57760	17212	37	2	1	34	3.46188e-05	57772	1	FALSE	NA	NA	NA	NA	NA	NA
NC_045512.2	25244	G	A	57760	17212	37	7	3	32	0.000121166	57772	1	FALSE	NA	NA	NA	NA	NA	NA
NC_045512.2	25245	T	C	64429	25623	38	5	4	34	7.75976e-05	64435	1	FALSE	NA	NA	NA	NA	NA	NA
NC_045512.2	25245	T	A	64429	25623	38	1	0	26	1.55195e-05	64435	1	FALSE	NA	NA	NA	NA	NA	NA
NC_045512.2	25246	A	G	64334	25731	38	4	0	30	6.21707e-05	64339	1	FALSE	NA	NA	NA	NA	NA	NA
NC_045512.2	25246	A	C	64334	25731	38	1	0	27	1.55427e-05	64339	1	FALSE	NA	NA	NA	NA	NA	NA
NC_045512.2	25247	A	T	64146	25738	38	1	0	26	1.55885e-05	64150	1	FALSE	NA	NA	NA	NA	NA	NA
NC_045512.2	25247	A	G	64146	25738	38	3	1	45	4.67654e-05	64150	0.910164	FALSE	NA	NA	NA	NA	NA	NA
NC_045512.2	25248	T	G	62141	25326	38	1	0	34	1.60919e-05	62143	1	FALSE	NA	NA	NA	NA	NA	NA
NC_045512.2	25248	T	A	62141	25326	38	1	0	26	1.60919e-05	62143	1	FALSE	NA	NA	NA	NA	NA	NA
NC_045512.2	25249	G	C	62131	25468	38	1	1	34	1.60945e-05	62133	1	FALSE	NA	NA	NA	NA	NA	NA
NC_045512.2	25249	G	A	62131	25468	38	1	1	34	1.60945e-05	62133	1	FALSE	NA	NA	NA	NA	NA	NA
NC_045512.2	25250	G	A	63427	27436	38	1	0	34	1.57659e-05	63428	1	FALSE	NA	NA	NA	NA	NA	NA
NC_045512.2	25251	T	C	64503	29251	39	10	1	34	0.000155008	64513	1	FALSE	NA	NA	NA	NA	NA	NA
NC_045512.2	25252	G	C	64366	29378	39	1	1	34	1.55347e-05	64372	1	FALSE	NA	NA	NA	NA	NA	NA
NC_045512.2	25252	G	A	64366	29378	39	5	3	47	7.76735e-05	64372	0.725595	FALSE	NA	NA	NA	NA	NA	NA
NC_045512.2	25253	A	T	64093	29211	39	2	1	34	3.11988e-05	64105	1	FALSE	NA	NA	NA	NA	NA	NA
NC_045512.2	25253	A	G	64093	29211	39	9	4	38	0.000140395	64105	1	FALSE	NA	NA	NA	NA	NA	NA
NC_045512.2	25253	A	C	64093	29211	39	1	1	34	1.55994e-05	64105	1	FALSE	NA	NA	NA	NA	NA	NA
NC_045512.2	25254	C	T	68106	32799	40	4	4	49	5.87268e-05	68112	0.828128	FALSE	NA	NA	NA	NA	NA	NA
NC_045512.2	25254	C	A	68106	32799	40	2	1	27	2.93634e-05	68112	1	FALSE	NA	NA	NA	NA	NA	NA
NC_045512.2	25255	A	G	68276	33370	40	5	1	47	7.32268e-05	68281	0.725602	FALSE	NA	NA	NA	NA	NA	NA
NC_045512.2	25256	A	G	68649	33418	40	3	3	34	4.36987e-05	68652	1	FALSE	NA	NA	NA	NA	NA	NA
NC_045512.2	25256	A	-T	68649	33418	40	1	0	20	1.45662e-05	68652	1	FALSE	NA	NA	NA	NA	NA	NA
NC_045512.2	25257	T	C	68933	33720	41	3	2	31	4.35186e-05	68936	1	FALSE	NA	NA	NA	NA	NA	NA
NC_045512.2	25258	T	G	68235	33370	40	1	0	27	1.46539e-05	68241	1	FALSE	NA	NA	NA	NA	NA	NA
NC_045512.2	25258	T	C	68235	33370	40	4	1	42	5.86158e-05	68241	0.828128	FALSE	NA	NA	NA	NA	NA	NA
NC_045512.2	25258	T	A	68235	33370	40	1	0	26	1.46539e-05	68241	1	FALSE	NA	NA	NA	NA	NA	NA
NC_045512.2	25259	A	T	60314	35986	39	1	1	34	1.65774e-05	60323	1	FALSE	NA	NA	NA	NA	NA	NA
NC_045512.2	25259	A	G	60314	35986	39	6	3	38	9.94645e-05	60323	1	FALSE	NA	NA	NA	NA	NA	NA
NC_045512.2	25259	A	C	60314	35986	39	2	2	34	3.31548e-05	60323	1	FALSE	NA	NA	NA	NA	NA	NA
NC_045512.2	25260	T	C	61347	37450	39	5	4	34	8.14916e-05	61356	1	FALSE	NA	NA	NA	NA	NA	NA
NC_045512.2	25260	T	A	61347	37450	39	4	3	32	6.51933e-05	61356	1	FALSE	NA	NA	NA	NA	NA	NA
NC_045512.2	25261	G	T	61438	37586	39	1	1	34	1.62758e-05	61441	1	FALSE	NA	NA	NA	NA	NA	NA
NC_045512.2	25261	G	A	61438	37586	39	2	0	34	3.25516e-05	61441	1	FALSE	NA	NA	NA	NA	NA	NA
NC_045512.2	25261	G	-C	61438	37586	39	4	0	20	6.51031e-05	61441	1	FALSE	NA	NA	NA	NA	NA	NA
NC_045512.2	25262	C	T	64500	41944	39	5	0	34	7.75122e-05	64506	1	FALSE	NA	NA	NA	NA	NA	NA
NC_045512.2	25262	C	G	64500	41944	39	1	0	34	1.55024e-05	64506	1	FALSE	NA	NA	NA	NA	NA	NA
NC_045512.2	25263	T	G	57344	34808	38	2	2	44	3.48742e-05	57349	0.9375	FALSE	NA	NA	NA	NA	NA	NA
NC_045512.2	25263	T	C	57344	34808	38	3	3	32	5.23113e-05	57349	1	FALSE	NA	NA	NA	NA	NA	NA
NC_045512.2	25264	T	C	62707	40089	40	7	4	46	0.000111609	62719	0.499953	FALSE	NA	NA	NA	NA	NA	NA
NC_045512.2	25264	T	A	62707	40089	40	5	5	34	7.97207e-05	62719	1	FALSE	NA	NA	NA	NA	NA	NA
NC_045512.2	25265	T	G	62541	39964	40	1	0	34	1.59862e-05	62554	1	FALSE	NA	NA	NA	NA	NA	NA
NC_045512.2	25265	T	C	62541	39964	40	12	10	35	0.000191834	62554	1	FALSE	NA	NA	NA	NA	NA	NA
NC_045512.2	25266	G	A	62732	39931	40	2	1	34	3.18806e-05	62734	1	FALSE	NA	NA	NA	NA	NA	NA
NC_045512.2	25267	C	T	62462	40101	39	6	1	39	9.60446e-05	62471	1	FALSE	NA	NA	NA	NA	NA	NA
NC_045512.2	25267	C	G	62462	40101	39	2	1	68	3.20149e-05	62471	0.249974	FALSE	NA	NA	NA	NA	NA	NA
NC_045512.2	25267	C	A	62462	40101	39	1	0	68	1.60074e-05	62471	0.499972	FALSE	NA	NA	NA	NA	NA	NA
NC_045512.2	25268	T	C	62499	40046	39	4	3	34	6.39959e-05	62504	1	FALSE	NA	NA	NA	NA	NA	NA
NC_045512.2	25268	T	A	62499	40046	39	1	0	34	1.5999e-05	62504	1	FALSE	NA	NA	NA	NA	NA	NA
NC_045512.2	25269	G	C	62774	39920	39	1	0	68	1.59284e-05	62781	0.49998	FALSE	NA	NA	NA	NA	NA	NA
NC_045512.2	25269	G	A	62774	39920	39	6	4	39	9.55703e-05	62781	1	FALSE	NA	NA	NA	NA	NA	NA
NC_045512.2	25270	T	C	62306	39543	39	9	7	33	0.000144428	62315	1	FALSE	NA	NA	NA	NA	NA	NA
NC_045512.2	25271	A	G	62866	40070	39	2	0	29	3.18127e-05	62868	1	FALSE	NA	NA	NA	NA	NA	NA
NC_045512.2	25272	T	G	63024	40272	40	1	0	24	1.5866e-05	63028	1	FALSE	NA	NA	NA	NA	NA	NA
NC_045512.2	25272	T	C	63024	40272	40	2	2	51	3.17319e-05	63028	0.249994	FALSE	NA	NA	NA	NA	NA	NA
NC_045512.2	25272	T	A	63024	40272	40	1	1	34	1.5866e-05	63028	1	FALSE	NA	NA	NA	NA	NA	NA
NC_045512.2	25273	G	T	62873	40103	39	4	2	59	6.36132e-05	62880	0.062493	FALSE	NA	NA	NA	NA	NA	NA
NC_045512.2	25273	G	C	62873	40103	39	2	2	51	3.18066e-05	62880	0.249982	FALSE	NA	NA	NA	NA	NA	NA
NC_045512.2	25273	G	A	62873	40103	39	1	0	68	1.59033e-05	62880	0.49998	FALSE	NA	NA	NA	NA	NA	NA
NC_045512.2	25274	A	T	62929	40240	39	1	1	26	1.58869e-05	62945	1	FALSE	NA	NA	NA	NA	NA	NA
NC_045512.2	25274	A	G	62929	40240	39	15	10	37	0.000238303	62945	1	FALSE	NA	NA	NA	NA	NA	NA
NC_045512.2	25275	C	T	63479	40875	40	1	1	34	1.57525e-05	63482	1	FALSE	NA	NA	NA	NA	NA	NA
NC_045512.2	25275	C	G	63479	40875	40	2	1	34	3.1505e-05	63482	1	FALSE	NA	NA	NA	NA	NA	NA
NC_045512.2	25276	C	T	62328	40570	39	2	1	34	3.20873e-05	62330	1	FALSE	NA	NA	NA	NA	NA	NA
NC_045512.2	25277	A	T	61638	39818	39	1	1	68	1.62206e-05	61650	0.499959	FALSE	NA	NA	NA	NA	NA	NA
NC_045512.2	25277	A	G	61638	39818	39	3	2	34	4.86618e-05	61650	1	FALSE	NA	NA	NA	NA	NA	NA
NC_045512.2	25277	A	C	61638	39818	39	8	8	33	0.000129765	61650	1	FALSE	NA	NA	NA	NA	NA	NA
NC_045512.2	25278	G	A	60895	40189	39	4	2	34	6.56825e-05	60899	1	FALSE	NA	NA	NA	NA	NA	NA
NC_045512.2	25279	T	G	61216	40568	39	1	0	26	1.63321e-05	61229	1	FALSE	NA	NA	NA	NA	NA	NA
NC_045512.2	25279	T	C	61216	40568	39	6	4	56	9.79928e-05	61229	0.0156185	FALSE	NA	NA	NA	NA	NA	NA
NC_045512.2	25279	T	A	61216	40568	39	6	2	62	9.79928e-05	61229	0.0156185	FALSE	NA	NA	NA	NA	NA	NA
NC_045512.2	25280	T	G	62589	42162	39	1	1	34	1.59752e-05	62597	1	FALSE	NA	NA	NA	NA	NA	NA
NC_045512.2	25280	T	C	62589	42162	39	7	6	48	0.000111826	62597	0.5	FALSE	NA	NA	NA	NA	NA	NA
NC_045512.2	25281	G	T	62720	42148	39	1	0	68	1.59418e-05	62728	0.499976	FALSE	NA	NA	NA	NA	NA	NA
NC_045512.2	25281	G	C	62720	42148	39	3	3	31	4.78255e-05	62728	1	FALSE	NA	NA	NA	NA	NA	NA
NC_045512.2	25281	G	A	62720	42148	39	4	3	38	6.37674e-05	62728	1	FALSE	NA	NA	NA	NA	NA	NA
NC_045512.2	25282	C	T	63086	42944	39	2	2	34	3.17007e-05	63090	1	FALSE	NA	NA	NA	NA	NA	NA
NC_045512.2	25282	C	A	63086	42944	39	2	2	34	3.17007e-05	63090	1	FALSE	NA	NA	NA	NA	NA	NA
NC_045512.2	25283	T	G	63231	43063	39	3	3	34	4.74263e-05	63256	1	FALSE	NA	NA	NA	NA	NA	NA
NC_045512.2	25283	T	C	63231	43063	39	21	15	38	0.000331984	63256	0.999999	FALSE	NA	NA	NA	NA	NA	NA
NC_045512.2	25283	T	A	63231	43063	39	1	1	34	1.58088e-05	63256	1	FALSE	NA	NA	NA	NA	NA	NA
NC_045512.2	25284	G	T	63416	43077	39	1	0	34	1.57679e-05	63420	1	FALSE	NA	NA	NA	NA	NA	NA
NC_045512.2	25284	G	A	63416	43077	39	3	1	45	4.73037e-05	63420	0.910164	FALSE	NA	NA	NA	NA	NA	NA
NC_045512.2	25285	T	G	63780	43590	39	2	0	30	3.13514e-05	63793	1	FALSE	NA	NA	NA	NA	NA	NA
NC_045512.2	25285	T	C	63780	43590	39	5	4	41	7.83785e-05	63793	0.725533	FALSE	NA	NA	NA	NA	NA	NA
NC_045512.2	25285	T	A	63780	43590	39	6	3	34	9.40542e-05	63793	1	FALSE	NA	NA	NA	NA	NA	NA
NC_045512.2	25286	A	G	63448	43444	39	5	4	34	7.87985e-05	63453	1	FALSE	NA	NA	NA	NA	NA	NA
NC_045512.2	25287	G	T	59324	45486	37	3	3	31	5.05663e-05	59328	1	FALSE	NA	NA	NA	NA	NA	NA
NC_045512.2	25287	G	A	59324	45486	37	1	0	68	1.68554e-05	59328	0.499992	FALSE	NA	NA	NA	NA	NA	NA
NC_045512.2	25288	T	C	59112	45405	37	4	2	49	6.76636e-05	59116	0.74611	FALSE	NA	NA	NA	NA	NA	NA
NC_045512.2	25289	T	C	58231	45436	37	6	4	34	0.000103027	58237	1	FALSE	NA	NA	NA	NA	NA	NA
NC_045512.2	25290	G	T	58345	45339	37	1	1	34	1.71385e-05	58348	1	FALSE	NA	NA	NA	NA	NA	NA
NC_045512.2	25290	G	A	58345	45339	37	2	2	51	3.42771e-05	58348	0.249998	FALSE	NA	NA	NA	NA	NA	NA
NC_045512.2	25291	T	C	55704	42835	36	5	4	34	8.96122e-05	55796	1	FALSE	NA	NA	NA	NA	NA	NA
NC_045512.2	25291	T	A	55704	42835	36	87	65	36	0.00155925	55796	0.00449421	TRUE	NA	NA	NA	NA	NA	NA
NC_045512.2	25292	C	T	58280	45162	37	1	1	34	1.71583e-05	58281	1	FALSE	NA	NA	NA	NA	NA	NA
NC_045512.2	25293	T	G	58110	44978	37	1	0	34	1.7207e-05	58116	1	FALSE	NA	NA	NA	NA	NA	NA
NC_045512.2	25293	T	C	58110	44978	37	5	4	39	8.60348e-05	58116	1	FALSE	NA	NA	NA	NA	NA	NA
NC_045512.2	25294	C	T	57837	44700	37	2	2	34	3.45787e-05	57839	1	FALSE	NA	NA	NA	NA	NA	NA
NC_045512.2	25295	A	G	57658	44535	37	9	5	32	0.000156066	57668	1	FALSE	NA	NA	NA	NA	NA	NA
NC_045512.2	25295	A	C	57658	44535	37	1	1	34	1.73406e-05	57668	1	FALSE	NA	NA	NA	NA	NA	NA
NC_045512.2	25296	A	T	57382	44310	37	14	14	33	0.000243864	57409	1	FALSE	NA	NA	NA	NA	NA	NA
NC_045512.2	25296	A	G	57382	44310	37	13	8	32	0.000226445	57409	1	FALSE	NA	NA	NA	NA	NA	NA
NC_045512.2	25297	G	A	57930	44618	37	2	0	47	3.45232e-05	57932	0.937508	FALSE	NA	NA	NA	NA	NA	NA
NC_045512.2	25298	G	T	58355	45207	37	1	1	26	1.71356e-05	58358	1	FALSE	NA	NA	NA	NA	NA	NA
NC_045512.2	25298	G	A	58355	45207	37	2	1	34	3.42712e-05	58358	1	FALSE	NA	NA	NA	NA	NA	NA
NC_045512.2	25299	G	T	58923	45973	37	2	2	34	3.3938e-05	58931	1	FALSE	NA	NA	NA	NA	NA	NA
NC_045512.2	25299	G	A	58923	45973	37	6	5	39	0.000101814	58931	1	FALSE	NA	NA	NA	NA	NA	NA
NC_045512.2	25300	C	T	57681	45941	36	8	2	34	0.000138667	57692	1	FALSE	NA	NA	NA	NA	NA	NA
NC_045512.2	25300	C	G	57681	45941	36	1	1	34	1.73334e-05	57692	1	FALSE	NA	NA	NA	NA	NA	NA
NC_045512.2	25300	C	A	57681	45941	36	2	2	34	3.46669e-05	57692	1	FALSE	NA	NA	NA	NA	NA	NA
NC_045512.2	25301	T	C	58012	45858	37	15	13	34	0.000258496	58028	1	FALSE	NA	NA	NA	NA	NA	NA
NC_045512.2	25301	T	A	58012	45858	37	1	1	34	1.72331e-05	58028	1	FALSE	NA	NA	NA	NA	NA	NA
NC_045512.2	25302	G	T	57770	45531	37	1	1	26	1.73037e-05	57791	1	FALSE	NA	NA	NA	NA	NA	NA
NC_045512.2	25302	G	C	57770	45531	37	3	3	31	5.19112e-05	57791	1	FALSE	NA	NA	NA	NA	NA	NA
NC_045512.2	25302	G	A	57770	45531	37	17	14	44	0.000294163	57791	0.00844242	TRUE	NA	NA	NA	NA	NA	NA
NC_045512.2	25302	G	+TTGTTCTTGTGGATCC	57770	45531	37	1	0	20	1.73037e-05	57791	1	FALSE	NA	NA	NA	NA	NA	NA
NC_045512.2	25303	T	C	58372	46129	37	3	3	45	5.13919e-05	58375	0.855483	FALSE	NA	NA	NA	NA	NA	NA
NC_045512.2	25304	T	C	58606	46386	37	5	4	34	8.53082e-05	58611	1	FALSE	NA	NA	NA	NA	NA	NA
NC_045512.2	25305	G	A	58355	46159	37	3	2	34	5.14068e-05	58358	1	FALSE	NA	NA	NA	NA	NA	NA
NC_045512.2	25305	G	-T	58355	46159	37	1	0	20	1.71356e-05	58358	1	FALSE	NA	NA	NA	NA	NA	NA
NC_045512.2	25306	T	G	58278	46089	37	1	1	26	1.71565e-05	58287	1	FALSE	NA	NA	NA	NA	NA	NA
NC_045512.2	25306	T	C	58278	46089	37	8	6	33	0.000137252	58287	1	FALSE	NA	NA	NA	NA	NA	NA
NC_045512.2	25307	T	C	56843	44824	36	3	2	35	5.27732e-05	56847	1	FALSE	NA	NA	NA	NA	NA	NA
NC_045512.2	25307	T	A	56843	44824	36	1	1	26	1.75911e-05	56847	1	FALSE	NA	NA	NA	NA	NA	NA
NC_045512.2	25308	C	T	57672	45706	36	6	5	29	0.000104024	57679	1	FALSE	NA	NA	NA	NA	NA	NA
NC_045512.2	25308	C	A	57672	45706	36	1	1	34	1.73373e-05	57679	1	FALSE	NA	NA	NA	NA	NA	NA
NC_045512.2	25309	T	C	59831	48012	37	6	5	34	0.000100269	59839	1	FALSE	NA	NA	NA	NA	NA	NA
NC_045512.2	25309	T	A	59831	48012	37	2	2	34	3.3423e-05	59839	1	FALSE	NA	NA	NA	NA	NA	NA
NC_045512.2	25310	T	C	59930	47995	37	9	5	32	0.00015015	59940	1	FALSE	NA	NA	NA	NA	NA	NA
NC_045512.2	25310	T	A	59930	47995	37	1	1	34	1.66834e-05	59940	1	FALSE	NA	NA	NA	NA	NA	NA
NC_045512.2	25311	G	A	59549	47588	37	8	8	34	0.000134325	59557	1	FALSE	NA	NA	NA	NA	NA	NA
NC_045512.2	25312	T	C	59552	47780	37	4	4	31	6.71637e-05	59556	1	FALSE	NA	NA	NA	NA	NA	NA
NC_045512.2	25313	G	C	59465	47739	37	1	1	26	1.68163e-05	59466	1	FALSE	NA	NA	NA	NA	NA	NA
NC_045512.2	25314	G	T	59400	47790	37	2	2	34	3.36689e-05	59402	1	FALSE	NA	NA	NA	NA	NA	NA
NC_045512.2	25315	A	G	59621	48008	37	4	2	31	6.70837e-05	59627	1	FALSE	NA	NA	NA	NA	NA	NA
NC_045512.2	25315	A	C	59621	48008	37	2	2	34	3.35419e-05	59627	1	FALSE	NA	NA	NA	NA	NA	NA
NC_045512.2	25316	T	C	59385	47780	37	3	2	35	5.05153e-05	59388	1	FALSE	NA	NA	NA	NA	NA	NA
NC_045512.2	25316	T	-C	59385	47780	37	2	0	20	3.36768e-05	59388	1	FALSE	NA	NA	NA	NA	NA	NA
NC_045512.2	25317	C	T	58985	47743	37	2	2	34	3.39052e-05	58988	1	FALSE	NA	NA	NA	NA	NA	NA
NC_045512.2	25317	C	A	58985	47743	37	1	1	68	1.69526e-05	58988	0.499987	FALSE	NA	NA	NA	NA	NA	NA
NC_045512.2	25318	C	T	58172	48663	36	5	5	34	8.59417e-05	58179	1	FALSE	NA	NA	NA	NA	NA	NA
NC_045512.2	25318	C	A	58172	48663	36	2	2	34	3.43767e-05	58179	1	FALSE	NA	NA	NA	NA	NA	NA
NC_045512.2	25319	T	C	56531	47011	36	8	7	34	0.00014149	56541	1	FALSE	NA	NA	NA	NA	NA	NA
NC_045512.2	25319	T	A	56531	47011	36	2	2	34	3.53726e-05	56541	1	FALSE	NA	NA	NA	NA	NA	NA
NC_045512.2	25320	G	T	56757	47250	36	1	0	68	1.76174e-05	56762	0.499987	FALSE	NA	NA	NA	NA	NA	NA
NC_045512.2	25320	G	C	56757	47250	36	1	1	26	1.76174e-05	56762	1	FALSE	NA	NA	NA	NA	NA	NA
NC_045512.2	25320	G	A	56757	47250	36	3	3	34	5.28523e-05	56762	1	FALSE	NA	NA	NA	NA	NA	NA
NC_045512.2	25321	C	T	65033	56293	36	17	8	34	0.000261277	65065	1	FALSE	NA	NA	NA	NA	NA	NA
NC_045512.2	25321	C	G	65033	56293	36	2	2	34	3.07385e-05	65065	1	FALSE	NA	NA	NA	NA	NA	NA
NC_045512.2	25321	C	A	65033	56293	36	13	13	34	0.0001998	65065	1	FALSE	NA	NA	NA	NA	NA	NA
NC_045512.2	25322	T	C	65146	56389	37	9	9	37	0.000138132	65155	1	FALSE	NA	NA	NA	NA	NA	NA
NC_045512.2	25323	G	T	65105	56353	37	1	0	24	1.53567e-05	65118	1	FALSE	NA	NA	NA	NA	NA	NA
NC_045512.2	25323	G	C	65105	56353	37	1	1	34	1.53567e-05	65118	1	FALSE	NA	NA	NA	NA	NA	NA
NC_045512.2	25323	G	A	65105	56353	37	11	11	41	0.000168924	65118	0.166129	FALSE	NA	NA	NA	NA	NA	NA
NC_045512.2	25324	C	T	65143	56503	36	7	6	34	0.000107444	65150	1	FALSE	NA	NA	NA	NA	NA	NA
NC_045512.2	25325	A	G	65407	56749	37	10	10	37	0.000152863	65418	1	FALSE	NA	NA	NA	NA	NA	NA
NC_045512.2	25325	A	C	65407	56749	37	1	1	26	1.52863e-05	65418	1	FALSE	NA	NA	NA	NA	NA	NA
NC_045512.2	25326	A	G	65355	56669	37	3	3	31	4.5901e-05	65358	1	FALSE	NA	NA	NA	NA	NA	NA
NC_045512.2	25327	A	G	66218	57969	36	2	2	34	3.02024e-05	66220	1	FALSE	NA	NA	NA	NA	NA	NA
NC_045512.2	25328	T	C	66759	58333	36	4	4	34	5.99116e-05	66765	1	FALSE	NA	NA	NA	NA	NA	NA
NC_045512.2	25328	T	A	66759	58333	36	2	2	34	2.99558e-05	66765	1	FALSE	NA	NA	NA	NA	NA	NA
NC_045512.2	25329	T	C	66572	58198	36	3	2	42	4.50606e-05	66577	0.91016	FALSE	NA	NA	NA	NA	NA	NA
NC_045512.2	25329	T	A	66572	58198	36	2	2	34	3.00404e-05	66577	1	FALSE	NA	NA	NA	NA	NA	NA
NC_045512.2	25330	T	G	67352	59278	37	1	1	34	1.48449e-05	67363	1	FALSE	NA	NA	NA	NA	NA	NA
NC_045512.2	25330	T	C	67352	59278	37	8	8	34	0.00011876	67363	1	FALSE	NA	NA	NA	NA	NA	NA
NC_045512.2	25330	T	A	67352	59278	37	2	2	30	2.96899e-05	67363	1	FALSE	NA	NA	NA	NA	NA	NA
NC_045512.2	25331	G	T	66781	58730	36	2	2	34	2.99473e-05	66784	1	FALSE	NA	NA	NA	NA	NA	NA
NC_045512.2	25331	G	A	66781	58730	36	1	1	34	1.49736e-05	66784	1	FALSE	NA	NA	NA	NA	NA	NA
NC_045512.2	25332	A	T	67643	59661	37	1	0	34	1.47798e-05	67660	1	FALSE	NA	NA	NA	NA	NA	NA
NC_045512.2	25332	A	G	67643	59661	37	16	15	36	0.000236477	67660	1	FALSE	NA	NA	NA	NA	NA	NA
NC_045512.2	25333	T	C	67574	59655	36	4	4	34	5.919e-05	67579	1	FALSE	NA	NA	NA	NA	NA	NA
NC_045512.2	25333	T	A	67574	59655	36	1	1	34	1.47975e-05	67579	1	FALSE	NA	NA	NA	NA	NA	NA
NC_045512.2	25333	T	-G	67574	59655	36	2	0	20	2.9595e-05	67579	1	FALSE	NA	NA	NA	NA	NA	NA
NC_045512.2	25334	G	T	68050	60149	37	1	1	34	1.46931e-05	68059	1	FALSE	NA	NA	NA	NA	NA	NA
NC_045512.2	25334	G	C	68050	60149	37	5	5	32	7.34657e-05	68059	1	FALSE	NA	NA	NA	NA	NA	NA
NC_045512.2	25334	G	A	68050	60149	37	3	3	34	4.40794e-05	68059	1	FALSE	NA	NA	NA	NA	NA	NA
NC_045512.2	25334	G	-A	68050	60149	37	1	0	20	1.46927e-05	68061	1	FALSE	NA	NA	NA	NA	NA	NA
NC_045512.2	25335	A	T	69273	61619	37	1	1	34	1.44336e-05	69283	1	FALSE	NA	NA	NA	NA	NA	NA
NC_045512.2	25335	A	G	69273	61619	37	7	7	31	0.000101035	69283	1	FALSE	NA	NA	NA	NA	NA	NA
NC_045512.2	25335	A	C	69273	61619	37	2	2	34	2.88671e-05	69283	1	FALSE	NA	NA	NA	NA	NA	NA
NC_045512.2	25336	A	T	62469	55507	37	6030	5340	37	0.0880215	68506	0	TRUE	NA	NA	NA	NA	NA	NA
NC_045512.2	25336	A	G	62469	55507	37	7	7	30	0.000102181	68506	1	FALSE	NA	NA	NA	NA	NA	NA
NC_045512.2	25338	A	G	69043	61559	37	3	2	31	4.34493e-05	69046	1	FALSE	NA	NA	NA	NA	NA	NA
NC_045512.2	25339	C	T	68888	61952	36	6	6	34	8.70903e-05	68894	1	FALSE	NA	NA	NA	NA	NA	NA
NC_045512.2	25340	G	C	66816	59871	36	3	3	28	4.48967e-05	66820	1	FALSE	NA	NA	NA	NA	NA	NA
NC_045512.2	25340	G	A	66816	59871	36	1	1	34	1.49656e-05	66820	1	FALSE	NA	NA	NA	NA	NA	NA
NC_045512.2	25341	A	T	71358	64759	37	5	4	30	7.00555e-05	71372	1	FALSE	NA	NA	NA	NA	NA	NA
NC_045512.2	25341	A	G	71358	64759	37	2	2	34	2.80222e-05	71372	1	FALSE	NA	NA	NA	NA	NA	NA
NC_045512.2	25341	A	C	71358	64759	37	7	7	31	9.80777e-05	71372	1	FALSE	NA	NA	NA	NA	NA	NA
NC_045512.2	25343	T	C	67592	61740	35	9	9	33	0.000133132	67602	1	FALSE	NA	NA	NA	NA	NA	NA
NC_045512.2	25343	T	A	67592	61740	35	1	1	34	1.47925e-05	67602	1	FALSE	NA	NA	NA	NA	NA	NA
NC_045512.2	25344	C	T	70806	65162	36	2	2	34	2.82442e-05	70811	1	FALSE	NA	NA	NA	NA	NA	NA
NC_045512.2	25344	C	G	70806	65162	36	2	2	30	2.82442e-05	70811	1	FALSE	NA	NA	NA	NA	NA	NA
NC_045512.2	25344	C	A	70806	65162	36	1	1	34	1.41221e-05	70811	1	FALSE	NA	NA	NA	NA	NA	NA
NC_045512.2	25344	C	-TG	70806	65162	36	4	0	20	5.64884e-05	70811	1	FALSE	NA	NA	NA	NA	NA	NA
NC_045512.2	25345	T	G	60395	54948	36	2	1	30	3.31087e-05	60407	1	FALSE	NA	NA	NA	NA	NA	NA
NC_045512.2	25345	T	C	60395	54948	36	8	7	38	0.000132435	60407	1	FALSE	NA	NA	NA	NA	NA	NA
NC_045512.2	25345	T	A	60395	54948	36	2	1	29	3.31087e-05	60407	1	FALSE	NA	NA	NA	NA	NA	NA
NC_045512.2	25346	G	T	60235	54756	36	1	1	34	1.65997e-05	60242	1	FALSE	NA	NA	NA	NA	NA	NA
NC_045512.2	25346	G	C	60235	54756	36	2	2	34	3.31994e-05	60242	1	FALSE	NA	NA	NA	NA	NA	NA
NC_045512.2	25346	G	A	60235	54756	36	4	4	34	6.63989e-05	60242	1	FALSE	NA	NA	NA	NA	NA	NA
NC_045512.2	25347	A	T	61017	55557	37	3	3	34	4.91521e-05	61035	1	FALSE	NA	NA	NA	NA	NA	NA
NC_045512.2	25347	A	G	61017	55557	37	12	7	33	0.000196609	61035	1	FALSE	NA	NA	NA	NA	NA	NA
NC_045512.2	25347	A	C	61017	55557	37	3	3	34	4.91521e-05	61035	1	FALSE	NA	NA	NA	NA	NA	NA
NC_045512.2	25348	G	T	60287	54827	36	1	1	34	1.65846e-05	60297	1	FALSE	NA	NA	NA	NA	NA	NA
NC_045512.2	25348	G	C	60287	54827	36	3	2	31	4.97537e-05	60297	1	FALSE	NA	NA	NA	NA	NA	NA
NC_045512.2	25348	G	A	60287	54827	36	6	6	34	9.95074e-05	60297	1	FALSE	NA	NA	NA	NA	NA	NA
NC_045512.2	25349	C	T	61001	55766	36	11	11	34	0.000180284	61015	1	FALSE	NA	NA	NA	NA	NA	NA
NC_045512.2	25349	C	G	61001	55766	36	1	1	34	1.63894e-05	61015	1	FALSE	NA	NA	NA	NA	NA	NA
NC_045512.2	25349	C	A	61001	55766	36	2	2	34	3.27788e-05	61015	1	FALSE	NA	NA	NA	NA	NA	NA
NC_045512.2	25349	C	+TAGTG	61001	55766	36	1	0	20	1.63894e-05	61015	1	FALSE	NA	NA	NA	NA	NA	NA
NC_045512.2	25350	C	T	46978	42272	37	11393	10935	35	0.195183	58371	0	TRUE	NA	NA	NA	NA	NA	NA
NC_045512.2	25351	A	T	55037	49933	37	2	2	34	3.63365e-05	55041	1	FALSE	NA	NA	NA	NA	NA	NA
NC_045512.2	25351	A	G	55037	49933	37	1	1	34	1.81683e-05	55041	1	FALSE	NA	NA	NA	NA	NA	NA
NC_045512.2	25351	A	C	55037	49933	37	1	1	34	1.81683e-05	55041	1	FALSE	NA	NA	NA	NA	NA	NA
NC_045512.2	25352	G	T	54988	49898	37	1	1	34	1.81828e-05	54997	1	FALSE	NA	NA	NA	NA	NA	NA
NC_045512.2	25352	G	C	54988	49898	37	3	3	29	5.45484e-05	54997	1	FALSE	NA	NA	NA	NA	NA	NA
NC_045512.2	25352	G	A	54988	49898	37	5	5	34	9.0914e-05	54997	1	FALSE	NA	NA	NA	NA	NA	NA
NC_045512.2	25353	T	G	62744	58576	37	1	1	34	1.59357e-05	62752	1	FALSE	NA	NA	NA	NA	NA	NA
NC_045512.2	25353	T	C	62744	58576	37	7	5	42	0.00011155	62752	0.5	FALSE	NA	NA	NA	NA	NA	NA
NC_045512.2	25354	G	T	62710	58544	37	4	2	51	6.37786e-05	62717	0.062493	FALSE	NA	NA	NA	NA	NA	NA
NC_045512.2	25354	G	A	62710	58544	37	3	3	34	4.78339e-05	62717	1	FALSE	NA	NA	NA	NA	NA	NA
NC_045512.2	25355	C	T	58278	55338	36	4	4	34	6.86295e-05	58284	1	FALSE	NA	NA	NA	NA	NA	NA
NC_045512.2	25355	C	G	58278	55338	36	1	1	34	1.71574e-05	58284	1	FALSE	NA	NA	NA	NA	NA	NA
NC_045512.2	25355	C	A	58278	55338	36	1	1	34	1.71574e-05	58284	1	FALSE	NA	NA	NA	NA	NA	NA
NC_045512.2	25356	T	G	57395	54453	36	1	1	26	1.74195e-05	57407	1	FALSE	NA	NA	NA	NA	NA	NA
NC_045512.2	25356	T	C	57395	54453	36	10	9	36	0.000174195	57407	1	FALSE	NA	NA	NA	NA	NA	NA
NC_045512.2	25356	T	A	57395	54453	36	1	1	34	1.74195e-05	57407	1	FALSE	NA	NA	NA	NA	NA	NA
NC_045512.2	25357	C	T	57363	54424	36	3	3	34	5.22921e-05	57370	1	FALSE	NA	NA	NA	NA	NA	NA
NC_045512.2	25357	C	G	57363	54424	36	2	1	30	3.48614e-05	57370	1	FALSE	NA	NA	NA	NA	NA	NA
NC_045512.2	25357	C	A	57363	54424	36	2	2	51	3.48614e-05	57370	0.24998	FALSE	NA	NA	NA	NA	NA	NA
NC_045512.2	25358	A	T	83173	53779	35	2	2	34	2.40428e-05	83185	1	FALSE	NA	NA	NA	NA	NA	NA
NC_045512.2	25358	A	G	83173	53779	35	9	5	41	0.000108193	83185	0.49997	FALSE	NA	NA	NA	NA	NA	NA
NC_045512.2	25358	A	C	83173	53779	35	1	1	26	1.20214e-05	83185	1	FALSE	NA	NA	NA	NA	NA	NA
NC_045512.2	25359	A	T	83348	53877	35	1	1	26	1.19976e-05	83350	1	FALSE	NA	NA	NA	NA	NA	NA
NC_045512.2	25359	A	G	83348	53877	35	1	1	34	1.19976e-05	83350	1	FALSE	NA	NA	NA	NA	NA	NA
NC_045512.2	25360	A	T	81124	54091	35	2	0	34	2.46512e-05	81132	1	FALSE	NA	NA	NA	NA	NA	NA
NC_045512.2	25360	A	G	81124	54091	35	6	3	34	7.39536e-05	81132	1	FALSE	NA	NA	NA	NA	NA	NA
NC_045512.2	25361	G	C	81516	51979	35	1	1	26	1.22674e-05	81517	1	FALSE	NA	NA	NA	NA	NA	NA
NC_045512.2	25362	G	T	81312	51698	35	4	4	32	4.91848e-05	81326	1	FALSE	NA	NA	NA	NA	NA	NA
NC_045512.2	25362	G	C	81312	51698	35	2	2	30	2.45924e-05	81326	1	FALSE	NA	NA	NA	NA	NA	NA
NC_045512.2	25362	G	A	81312	51698	35	8	8	34	9.83695e-05	81326	1	FALSE	NA	NA	NA	NA	NA	NA
NC_045512.2	25363	A	T	76226	46548	35	5	1	34	6.55841e-05	76238	1	FALSE	NA	NA	NA	NA	NA	NA
NC_045512.2	25363	A	G	76226	46548	35	7	3	34	9.18177e-05	76238	1	FALSE	NA	NA	NA	NA	NA	NA
NC_045512.2	25364	G	T	76418	46382	35	2	0	34	2.61698e-05	76424	1	FALSE	NA	NA	NA	NA	NA	NA
NC_045512.2	25364	G	A	76418	46382	35	4	2	34	5.23396e-05	76424	1	FALSE	NA	NA	NA	NA	NA	NA
NC_045512.2	25365	T	C	76636	46670	35	10	6	40	0.000130468	76647	0.31452	FALSE	NA	NA	NA	NA	NA	NA
NC_045512.2	25365	T	A	76636	46670	35	1	1	34	1.30468e-05	76647	1	FALSE	NA	NA	NA	NA	NA	NA
NC_045512.2	25366	C	T	76592	46587	35	2	0	34	2.61117e-05	76594	1	FALSE	NA	NA	NA	NA	NA	NA
NC_045512.2	25366	C	-A	76592	46587	35	1	0	20	1.30559e-05	76594	1	FALSE	NA	NA	NA	NA	NA	NA
NC_045512.2	25367	A	G	77010	46374	35	13	6	36	0.000168781	77023	1	FALSE	NA	NA	NA	NA	NA	NA
NC_045512.2	25368	A	G	76941	46407	35	9	2	34	0.000116959	76950	1	FALSE	NA	NA	NA	NA	NA	NA
NC_045512.2	25369	A	T	77170	46757	35	1	0	34	1.29574e-05	77176	1	FALSE	NA	NA	NA	NA	NA	NA
NC_045512.2	25369	A	G	77170	46757	35	5	4	32	6.4787e-05	77176	1	FALSE	NA	NA	NA	NA	NA	NA
NC_045512.2	25369	A	-T	77170	46757	35	1	0	20	1.29574e-05	77176	1	FALSE	NA	NA	NA	NA	NA	NA
NC_045512.2	25370	T	G	77439	46736	35	1	1	34	1.29127e-05	77443	1	FALSE	NA	NA	NA	NA	NA	NA
NC_045512.2	25370	T	C	77439	46736	35	2	1	30	2.58254e-05	77443	1	FALSE	NA	NA	NA	NA	NA	NA
NC_045512.2	25370	T	A	77439	46736	35	1	0	24	1.29127e-05	77443	1	FALSE	NA	NA	NA	NA	NA	NA
NC_045512.2	25371	T	C	77395	46736	35	7	1	38	9.04358e-05	77403	1	FALSE	NA	NA	NA	NA	NA	NA
NC_045512.2	25371	T	A	77395	46736	35	1	0	26	1.29194e-05	77403	1	FALSE	NA	NA	NA	NA	NA	NA
NC_045512.2	25371	T	-A	77395	46736	35	1	0	20	1.29194e-05	77403	1	FALSE	NA	NA	NA	NA	NA	NA
NC_045512.2	25372	A	G	78124	46338	35	129	4	33	0.00164846	78255	0.000238324	TRUE	NA	NA	NA	NA	NA	NA
NC_045512.2	25372	A	C	78124	46338	35	2	2	30	2.55575e-05	78255	1	FALSE	NA	NA	NA	NA	NA	NA
NC_045512.2	25373	C	T	78573	46431	35	3	2	31	3.81796e-05	78576	1	FALSE	NA	NA	NA	NA	NA	NA
NC_045512.2	25374	A	T	78477	46315	35	2	2	34	2.54829e-05	78484	1	FALSE	NA	NA	NA	NA	NA	NA
NC_045512.2	25374	A	G	78477	46315	35	3	2	31	3.82244e-05	78484	1	FALSE	NA	NA	NA	NA	NA	NA
NC_045512.2	25374	A	C	78477	46315	35	2	2	30	2.54829e-05	78484	1	FALSE	NA	NA	NA	NA	NA	NA
NC_045512.2	25374	A	-T	78477	46315	35	2	0	20	2.54829e-05	78484	1	FALSE	NA	NA	NA	NA	NA	NA
NC_045512.2	25375	T	C	78479	46306	35	2	1	34	2.54836e-05	78482	1	FALSE	NA	NA	NA	NA	NA	NA
NC_045512.2	25375	T	A	78479	46306	35	1	0	34	1.27418e-05	78482	1	FALSE	NA	NA	NA	NA	NA	NA
NC_045512.2	25376	T	C	77452	45343	35	6	5	34	7.74613e-05	77458	1	FALSE	NA	NA	NA	NA	NA	NA
NC_045512.2	25376	T	-AC	77452	45343	35	1	0	20	1.29102e-05	77458	1	FALSE	NA	NA	NA	NA	NA	NA
NC_045512.2	25377	A	T	77932	45384	35	2	2	30	2.56604e-05	77941	1	FALSE	NA	NA	NA	NA	NA	NA
NC_045512.2	25377	A	G	77932	45384	35	7	6	31	8.98115e-05	77941	1	FALSE	NA	NA	NA	NA	NA	NA
NC_045512.2	25378	C	T	78248	45509	35	6	5	32	7.66724e-05	78255	1	FALSE	NA	NA	NA	NA	NA	NA
NC_045512.2	25378	C	G	78248	45509	35	1	0	26	1.27787e-05	78255	1	FALSE	NA	NA	NA	NA	NA	NA
NC_045512.2	25379	A	T	78120	45218	35	2	1	30	2.5599e-05	78128	1	FALSE	NA	NA	NA	NA	NA	NA
NC_045512.2	25379	A	G	78120	45218	35	6	4	32	7.67971e-05	78128	1	FALSE	NA	NA	NA	NA	NA	NA
NC_045512.2	25380	C	T	78120	45198	34	3	3	34	3.84005e-05	78124	1	FALSE	NA	NA	NA	NA	NA	NA
NC_045512.2	25380	C	G	78120	45198	34	1	0	34	1.28002e-05	78124	1	FALSE	NA	NA	NA	NA	NA	NA
NC_045512.2	25381	A	T	76407	43447	35	2	2	34	2.61736e-05	76413	1	FALSE	NA	NA	NA	NA	NA	NA
NC_045512.2	25381	A	G	76407	43447	35	3	2	34	3.92603e-05	76413	1	FALSE	NA	NA	NA	NA	NA	NA
NC_045512.2	25381	A	C	76407	43447	35	1	1	26	1.30868e-05	76413	1	FALSE	NA	NA	NA	NA	NA	NA
NC_045512.2	25382	T	G	76287	43039	34	2	0	30	2.62151e-05	76292	1	FALSE	NA	NA	NA	NA	NA	NA
NC_045512.2	25382	T	C	76287	43039	34	3	3	31	3.93226e-05	76292	1	FALSE	NA	NA	NA	NA	NA	NA
NC_045512.2	25382	T	-A	76287	43039	34	1	0	20	1.31075e-05	76292	1	FALSE	NA	NA	NA	NA	NA	NA
NC_045512.2	25383	A	T	75761	42680	34	1	0	34	1.31987e-05	75765	1	FALSE	NA	NA	NA	NA	NA	NA
NC_045512.2	25383	A	G	75761	42680	34	3	2	34	3.95961e-05	75765	1	FALSE	NA	NA	NA	NA	NA	NA
NC_045512.2	25384	A	G	75614	42506	34	4	3	32	5.28968e-05	75619	1	FALSE	NA	NA	NA	NA	NA	NA
NC_045512.2	25384	A	C	75614	42506	34	1	0	34	1.32242e-05	75619	1	FALSE	NA	NA	NA	NA	NA	NA
NC_045512.2	25385	A	G	63909	42645	33	5	2	30	7.82289e-05	63915	1	FALSE	NA	NA	NA	NA	NA	NA
NC_045512.2	25385	A	C	63909	42645	33	1	1	34	1.56458e-05	63915	1	FALSE	NA	NA	NA	NA	NA	NA
NC_045512.2	25386	C	T	75075	42023	34	8	4	33	0.000106549	75083	1	FALSE	NA	NA	NA	NA	NA	NA
NC_045512.2	25387	G	C	74587	41530	34	1	1	34	1.34064e-05	74591	1	FALSE	NA	NA	NA	NA	NA	NA
NC_045512.2	25387	G	A	74587	41530	34	3	1	34	4.02193e-05	74591	1	FALSE	NA	NA	NA	NA	NA	NA
NC_045512.2	25388	A	T	74642	41405	34	1	1	34	1.33964e-05	74647	1	FALSE	NA	NA	NA	NA	NA	NA
NC_045512.2	25388	A	G	74642	41405	34	4	3	34	5.35855e-05	74647	1	FALSE	NA	NA	NA	NA	NA	NA
NC_045512.2	25389	A	T	73073	41347	34	1	1	34	1.36842e-05	73077	1	FALSE	NA	NA	NA	NA	NA	NA
NC_045512.2	25389	A	G	73073	41347	34	3	3	34	4.10526e-05	73077	1	FALSE	NA	NA	NA	NA	NA	NA
NC_045512.2	25391	T	C	74879	40966	34	3	0	34	4.0063e-05	74882	1	FALSE	NA	NA	NA	NA	NA	NA
NC_045512.2	25392	T	G	74816	40910	34	4	1	32	5.34581e-05	74825	1	FALSE	NA	NA	NA	NA	NA	NA
NC_045512.2	25392	T	C	74816	40910	34	5	3	34	6.68226e-05	74825	1	FALSE	NA	NA	NA	NA	NA	NA
NC_045512.2	25393	A	T	74301	41131	34	3	3	31	4.03736e-05	74306	1	FALSE	NA	NA	NA	NA	NA	NA
NC_045512.2	25393	A	G	74301	41131	34	2	2	34	2.69157e-05	74306	1	FALSE	NA	NA	NA	NA	NA	NA
NC_045512.2	25394	T	C	75094	41379	34	6	1	34	7.98924e-05	75101	1	FALSE	NA	NA	NA	NA	NA	NA
NC_045512.2	25394	T	A	75094	41379	34	1	1	34	1.33154e-05	75101	1	FALSE	NA	NA	NA	NA	NA	NA
NC_045512.2	25395	G	T	74969	41141	34	3	3	31	4.00107e-05	74980	1	FALSE	NA	NA	NA	NA	NA	NA
NC_045512.2	25395	G	C	74969	41141	34	1	1	26	1.33369e-05	74980	1	FALSE	NA	NA	NA	NA	NA	NA
NC_045512.2	25395	G	A	74969	41141	34	7	5	34	9.33582e-05	74980	1	FALSE	NA	NA	NA	NA	NA	NA
NC_045512.2	25397	A	T	74633	40743	34	1	1	34	1.33976e-05	74640	1	FALSE	NA	NA	NA	NA	NA	NA
NC_045512.2	25397	A	G	74633	40743	34	5	0	32	6.69882e-05	74640	1	FALSE	NA	NA	NA	NA	NA	NA
NC_045512.2	25397	A	C	74633	40743	34	1	0	34	1.33976e-05	74640	1	FALSE	NA	NA	NA	NA	NA	NA
NC_045512.2	25398	T	G	73755	40037	34	3	2	34	4.06719e-05	73761	1	FALSE	NA	NA	NA	NA	NA	NA
NC_045512.2	25398	T	C	73755	40037	34	3	0	31	4.06719e-05	73761	1	FALSE	NA	NA	NA	NA	NA	NA
NC_045512.2	25399	T	C	73207	39468	34	11	5	32	0.000150236	73218	1	FALSE	NA	NA	NA	NA	NA	NA
NC_045512.2	25400	T	C	73153	39362	34	9	9	37	0.000123006	73167	1	FALSE	NA	NA	NA	NA	NA	NA
NC_045512.2	25400	T	A	73153	39362	34	5	1	32	6.83368e-05	73167	1	FALSE	NA	NA	NA	NA	NA	NA
NC_045512.2	25401	G	-T	74015	39295	34	1	0	20	1.35108e-05	74015	1	FALSE	NA	NA	NA	NA	NA	NA
NC_045512.2	25402	T	G	64065	29360	32	2	0	29	3.12124e-05	64077	1	FALSE	NA	NA	NA	NA	NA	NA
NC_045512.2	25402	T	C	64065	29360	32	10	9	34	0.000156062	64077	1	FALSE	NA	NA	NA	NA	NA	NA
NC_045512.2	25403	T	G	73783	39137	34	1	1	34	1.35516e-05	73792	1	FALSE	NA	NA	NA	NA	NA	NA
NC_045512.2	25403	T	C	73783	39137	34	7	3	38	9.48612e-05	73792	1	FALSE	NA	NA	NA	NA	NA	NA
NC_045512.2	25403	T	A	73783	39137	34	1	0	34	1.35516e-05	73792	1	FALSE	NA	NA	NA	NA	NA	NA
NC_045512.2	25404	T	G	73630	39172	34	1	0	34	1.35807e-05	73634	1	FALSE	NA	NA	NA	NA	NA	NA
NC_045512.2	25404	T	C	73630	39172	34	3	2	34	4.0742e-05	73634	1	FALSE	NA	NA	NA	NA	NA	NA
NC_045512.2	25405	A	G	73600	38868	34	2	1	30	2.71732e-05	73602	1	FALSE	NA	NA	NA	NA	NA	NA
NC_045512.2	25406	T	C	73757	39123	34	5	1	34	6.77856e-05	73762	1	FALSE	NA	NA	NA	NA	NA	NA
NC_045512.2	25407	G	C	73624	38998	34	2	2	30	2.71639e-05	73627	1	FALSE	NA	NA	NA	NA	NA	NA
NC_045512.2	25407	G	A	73624	38998	34	1	1	34	1.3582e-05	73627	1	FALSE	NA	NA	NA	NA	NA	NA
NC_045512.2	25408	A	T	73381	39040	34	1	0	34	1.36236e-05	73402	1	FALSE	NA	NA	NA	NA	NA	NA
NC_045512.2	25408	A	G	73381	39040	34	20	9	35	0.000272472	73402	1	FALSE	NA	NA	NA	NA	NA	NA
NC_045512.2	25410	A	T	69638	36621	34	3	2	31	4.3062e-05	69667	1	FALSE	NA	NA	NA	NA	NA	NA
NC_045512.2	25410	A	G	69638	36621	34	22	18	33	0.000315788	69667	1	FALSE	NA	NA	NA	NA	NA	NA
NC_045512.2	25410	A	C	69638	36621	34	4	4	30	5.7416e-05	69667	1	FALSE	NA	NA	NA	NA	NA	NA
NC_045512.2	25411	A	G	71362	36715	35	2	1	34	2.80249e-05	71365	1	FALSE	NA	NA	NA	NA	NA	NA
NC_045512.2	25411	A	C	71362	36715	35	1	1	26	1.40125e-05	71365	1	FALSE	NA	NA	NA	NA	NA	NA
NC_045512.2	25412	T	C	74567	36443	34	3	0	34	4.02301e-05	74571	1	FALSE	NA	NA	NA	NA	NA	NA
NC_045512.2	25412	T	A	74567	36443	34	1	1	34	1.341e-05	74571	1	FALSE	NA	NA	NA	NA	NA	NA
NC_045512.2	25413	C	T	75169	36709	34	1	1	26	1.33025e-05	75174	1	FALSE	NA	NA	NA	NA	NA	NA
NC_045512.2	25413	C	G	75169	36709	34	1	0	34	1.33025e-05	75174	1	FALSE	NA	NA	NA	NA	NA	NA
NC_045512.2	25413	C	A	75169	36709	34	3	3	34	3.99074e-05	75174	1	FALSE	NA	NA	NA	NA	NA	NA
NC_045512.2	25414	T	G	74089	35548	34	1	1	26	1.34953e-05	74100	1	FALSE	NA	NA	NA	NA	NA	NA
NC_045512.2	25414	T	C	74089	35548	34	8	6	35	0.000107962	74100	1	FALSE	NA	NA	NA	NA	NA	NA
NC_045512.2	25414	T	A	74089	35548	34	2	0	34	2.69906e-05	74100	1	FALSE	NA	NA	NA	NA	NA	NA
NC_045512.2	25415	T	C	74419	36014	35	4	2	34	5.37454e-05	74425	1	FALSE	NA	NA	NA	NA	NA	NA
NC_045512.2	25415	T	A	74419	36014	35	2	0	34	2.68727e-05	74425	1	FALSE	NA	NA	NA	NA	NA	NA
NC_045512.2	25416	C	T	32725	12793	35	41542	23232	35	0.559353	74268	0	TRUE	NA	NA	NA	NA	NA	NA
NC_045512.2	25416	C	A	32725	12793	35	1	0	34	1.34647e-05	74268	1	FALSE	NA	NA	NA	NA	NA	NA
NC_045512.2	25417	A	G	73941	35931	35	10	4	33	0.000135225	73951	1	FALSE	NA	NA	NA	NA	NA	NA
NC_045512.2	25418	C	T	74699	35908	35	4	2	34	5.35447e-05	74704	1	FALSE	NA	NA	NA	NA	NA	NA
NC_045512.2	25418	C	A	74699	35908	35	1	0	34	1.33862e-05	74704	1	FALSE	NA	NA	NA	NA	NA	NA
NC_045512.2	25419	A	T	73992	35275	35	6	5	32	8.10723e-05	74008	1	FALSE	NA	NA	NA	NA	NA	NA
NC_045512.2	25419	A	G	73992	35275	35	10	6	37	0.000135121	74008	1	FALSE	NA	NA	NA	NA	NA	NA
NC_045512.2	25420	A	G	73804	34893	35	3	1	31	4.06466e-05	73807	1	FALSE	NA	NA	NA	NA	NA	NA
NC_045512.2	25420	A	-T	73804	34893	35	1	0	20	1.35489e-05	73807	1	FALSE	NA	NA	NA	NA	NA	NA
NC_045512.2	25421	T	G	64715	25846	35	6	1	34	9.2687e-05	64734	1	FALSE	NA	NA	NA	NA	NA	NA
NC_045512.2	25421	T	C	64715	25846	35	11	6	33	0.000169926	64734	1	FALSE	NA	NA	NA	NA	NA	NA
NC_045512.2	25421	T	A	64715	25846	35	2	0	26	3.08957e-05	64734	1	FALSE	NA	NA	NA	NA	NA	NA
NC_045512.2	25422	T	C	63842	25086	35	3	0	34	4.69888e-05	63845	1	FALSE	NA	NA	NA	NA	NA	NA
NC_045512.2	25422	T	-G	63842	25086	35	2	0	20	3.13259e-05	63845	1	FALSE	NA	NA	NA	NA	NA	NA
NC_045512.2	25423	G	C	63951	25050	35	1	0	34	1.56365e-05	63953	1	FALSE	NA	NA	NA	NA	NA	NA
NC_045512.2	25423	G	A	63951	25050	35	1	0	26	1.56365e-05	63953	1	FALSE	NA	NA	NA	NA	NA	NA
NC_045512.2	25424	G	T	63709	24734	35	1	1	34	1.56959e-05	63711	1	FALSE	NA	NA	NA	NA	NA	NA
NC_045512.2	25424	G	A	63709	24734	35	1	0	26	1.56959e-05	63711	1	FALSE	NA	NA	NA	NA	NA	NA
NC_045512.2	25425	A	T	64010	25067	35	1	0	34	1.56174e-05	64031	1	FALSE	NA	NA	NA	NA	NA	NA
NC_045512.2	25425	A	G	64010	25067	35	13	5	34	0.000203027	64031	1	FALSE	NA	NA	NA	NA	NA	NA
NC_045512.2	25425	A	C	64010	25067	35	7	7	32	0.000109322	64031	1	FALSE	NA	NA	NA	NA	NA	NA
NC_045512.2	25426	A	G	63408	24967	35	5	3	32	7.88482e-05	63413	1	FALSE	NA	NA	NA	NA	NA	NA
NC_045512.2	25427	C	T	64202	24934	35	9	3	34	0.000140163	64211	1	FALSE	NA	NA	NA	NA	NA	NA
NC_045512.2	25427	C	-TGTAACT	64202	24934	35	1	0	20	1.55737e-05	64211	1	FALSE	NA	NA	NA	NA	NA	NA
NC_045512.2	25428	T	G	62140	22735	35	1	0	34	1.60906e-05	62148	1	FALSE	NA	NA	NA	NA	NA	NA
NC_045512.2	25428	T	C	62140	22735	35	4	3	34	6.43625e-05	62148	1	FALSE	NA	NA	NA	NA	NA	NA
NC_045512.2	25428	T	A	62140	22735	35	3	2	30	4.82719e-05	62148	1	FALSE	NA	NA	NA	NA	NA	NA
NC_045512.2	25429	G	T	62109	22680	35	4	0	34	6.43915e-05	62120	1	FALSE	NA	NA	NA	NA	NA	NA
NC_045512.2	25429	G	C	62109	22680	35	1	0	34	1.60979e-05	62120	1	FALSE	NA	NA	NA	NA	NA	NA
NC_045512.2	25429	G	A	62109	22680	35	6	1	32	9.65873e-05	62120	1	FALSE	NA	NA	NA	NA	NA	NA
NC_045512.2	25430	T	C	61484	22074	35	6	2	51	9.75737e-05	61492	0.0156216	FALSE	NA	NA	NA	NA	NA	NA
NC_045512.2	25430	T	A	61484	22074	35	2	1	34	3.25246e-05	61492	1	FALSE	NA	NA	NA	NA	NA	NA
NC_045512.2	25431	A	G	61703	22306	35	17	6	33	0.000275424	61723	1	FALSE	NA	NA	NA	NA	NA	NA
NC_045512.2	25431	A	C	61703	22306	35	3	2	34	4.86042e-05	61723	1	FALSE	NA	NA	NA	NA	NA	NA
NC_045512.2	25432	A	T	61718	22272	35	1	1	34	1.62004e-05	61727	1	FALSE	NA	NA	NA	NA	NA	NA
NC_045512.2	25432	A	G	61718	22272	35	6	2	32	9.72022e-05	61727	1	FALSE	NA	NA	NA	NA	NA	NA
NC_045512.2	25432	A	C	61718	22272	35	2	1	34	3.24007e-05	61727	1	FALSE	NA	NA	NA	NA	NA	NA
NC_045512.2	25433	C	T	61554	21700	35	1	0	34	1.62433e-05	61564	1	FALSE	NA	NA	NA	NA	NA	NA
NC_045512.2	25433	C	G	61554	21700	35	2	0	34	3.24865e-05	61564	1	FALSE	NA	NA	NA	NA	NA	NA
NC_045512.2	25433	C	A	61554	21700	35	7	5	32	0.000113703	61564	1	FALSE	NA	NA	NA	NA	NA	NA
NC_045512.2	25434	T	C	60458	20935	36	2	1	34	3.30797e-05	60460	1	FALSE	NA	NA	NA	NA	NA	NA
NC_045512.2	25435	T	C	42493	3211	37	3	0	34	7.05949e-05	42496	1	FALSE	NA	NA	NA	NA	NA	NA
NC_045512.2	25436	T	C	42524	3257	37	4	0	34	9.40535e-05	42529	1	FALSE	NA	NA	NA	NA	NA	NA
NC_045512.2	25436	T	A	42524	3257	37	1	0	26	2.35134e-05	42529	1	FALSE	NA	NA	NA	NA	NA	NA
NC_045512.2	25438	A	T	42676	3264	37	2	0	34	4.6856e-05	42684	1	FALSE	NA	NA	NA	NA	NA	NA
NC_045512.2	25438	A	G	42676	3264	37	6	0	39	0.000140568	42684	1	FALSE	NA	NA	NA	NA	NA	NA
NC_045512.2	25439	A	G	41904	3275	37	3	1	45	7.15871e-05	41907	0.773457	FALSE	NA	NA	NA	NA	NA	NA
NC_045512.2	25440	G	A	42569	3283	37	9	0	34	0.000211377	42578	1	FALSE	NA	NA	NA	NA	NA	NA
NC_045512.2	25441	C	T	37692	3814	37	4	0	32	0.000106112	37696	1	FALSE	NA	NA	NA	NA	NA	NA
NC_045512.2	25442	A	T	37881	3813	37	1	0	24	2.63971e-05	37883	1	FALSE	NA	NA	NA	NA	NA	NA
NC_045512.2	25442	A	G	37881	3813	37	1	0	34	2.63971e-05	37883	1	FALSE	NA	NA	NA	NA	NA	NA
NC_045512.2	25443	A	G	32527	4267	37	2	1	51	6.14836e-05	32529	0.250004	FALSE	NA	NA	NA	NA	NA	NA
NC_045512.2	25445	G	A	32468	4307	37	2	2	68	6.15953e-05	32470	0.250004	FALSE	NA	NA	NA	NA	NA	NA
NC_045512.2	25446	T	C	32635	4486	37	3	0	34	9.19174e-05	32638	1	FALSE	NA	NA	NA	NA	NA	NA
NC_045512.2	25447	G	T	31310	4605	37	2	0	34	6.38733e-05	31312	1	FALSE	NA	NA	NA	NA	NA	NA
NC_045512.2	25448	A	G	31078	4646	37	2	2	34	6.43501e-05	31080	1	FALSE	NA	NA	NA	NA	NA	NA
NC_045512.2	25449	A	G	31024	4758	37	2	1	34	6.44621e-05	31026	1	FALSE	NA	NA	NA	NA	NA	NA
NC_045512.2	25450	A	G	31379	4789	37	7	0	37	0.000223029	31386	0.999988	FALSE	NA	NA	NA	NA	NA	NA
NC_045512.2	25451	T	C	31339	4829	37	1	0	68	3.19081e-05	31340	0.500008	FALSE	NA	NA	NA	NA	NA	NA
NC_045512.2	25452	C	G	27911	5117	37	1	0	34	3.58243e-05	27914	1	FALSE	NA	NA	NA	NA	NA	NA
NC_045512.2	25452	C	A	27911	5117	37	2	0	26	7.16486e-05	27914	1	FALSE	NA	NA	NA	NA	NA	NA
NC_045512.2	25453	A	T	28087	5154	37	1	1	34	3.55935e-05	28095	1	FALSE	NA	NA	NA	NA	NA	NA
NC_045512.2	25453	A	G	28087	5154	37	7	0	34	0.000249155	28095	0.999942	FALSE	NA	NA	NA	NA	NA	NA
NC_045512.2	25454	A	T	26985	5217	36	3	0	34	0.000111123	26997	0.999999	FALSE	NA	NA	NA	NA	NA	NA
NC_045512.2	25454	A	G	26985	5217	36	5	1	34	0.000185206	26997	0.999983	FALSE	NA	NA	NA	NA	NA	NA
NC_045512.2	25454	A	C	26985	5217	36	4	0	34	0.000148165	26997	0.999996	FALSE	NA	NA	NA	NA	NA	NA
NC_045512.2	25455	G	T	22017	5651	36	6	2	56	0.000272418	22025	0.0156176	FALSE	NA	NA	NA	NA	NA	NA
NC_045512.2	25455	G	C	22017	5651	36	1	1	34	4.5403e-05	22025	1	FALSE	NA	NA	NA	NA	NA	NA
NC_045512.2	25455	G	A	22017	5651	36	1	0	34	4.5403e-05	22025	1	FALSE	NA	NA	NA	NA	NA	NA
NC_045512.2	25457	A	G	23308	5821	36	3	0	34	0.000128695	23311	0.999995	FALSE	NA	NA	NA	NA	NA	NA
NC_045512.2	25458	T	G	23657	5791	36	3	0	34	0.000126791	23661	0.999995	FALSE	NA	NA	NA	NA	NA	NA
NC_045512.2	25458	T	C	23657	5791	36	1	0	34	4.22636e-05	23661	1	FALSE	NA	NA	NA	NA	NA	NA
NC_045512.2	25459	G	T	24386	5835	36	1	0	34	4.10038e-05	24388	1	FALSE	NA	NA	NA	NA	NA	NA
NC_045512.2	25459	G	C	24386	5835	36	1	0	34	4.10038e-05	24388	1	FALSE	NA	NA	NA	NA	NA	NA
NC_045512.2	25460	C	T	24114	5857	36	6	3	34	0.000248756	24120	0.999838	FALSE	NA	NA	NA	NA	NA	NA
NC_045512.2	25461	T	G	24452	5934	36	1	0	26	4.08864e-05	24458	1	FALSE	NA	NA	NA	NA	NA	NA
NC_045512.2	25461	T	C	24452	5934	36	5	1	34	0.000204432	24458	0.999948	FALSE	NA	NA	NA	NA	NA	NA
NC_045512.2	25462	A	G	24237	5943	36	1	0	34	4.12558e-05	24239	1	FALSE	NA	NA	NA	NA	NA	NA
NC_045512.2	25462	A	C	24237	5943	36	1	0	34	4.12558e-05	24239	1	FALSE	NA	NA	NA	NA	NA	NA
NC_045512.2	25463	C	T	24095	6287	36	5	4	32	0.000207452	24102	0.999948	FALSE	NA	NA	NA	NA	NA	NA
NC_045512.2	25463	C	A	24095	6287	36	2	1	34	8.29807e-05	24102	1	FALSE	NA	NA	NA	NA	NA	NA
NC_045512.2	25466	C	-T	23930	6413	36	1	0	20	4.17885e-05	23930	1	FALSE	NA	NA	NA	NA	NA	NA
NC_045512.2	25467	T	G	23935	6323	36	1	0	27	4.17746e-05	23938	1	FALSE	NA	NA	NA	NA	NA	NA
NC_045512.2	25467	T	C	23935	6323	36	2	2	34	8.35492e-05	23938	0.999999	FALSE	NA	NA	NA	NA	NA	NA
NC_045512.2	25468	T	C	23843	6345	36	77	11	36	0.00321893	23921	2.67422e-08	TRUE	NA	NA	NA	NA	NA	NA
NC_045512.2	25468	T	A	23843	6345	36	1	0	26	4.18043e-05	23921	1	FALSE	NA	NA	NA	NA	NA	NA
NC_045512.2	25470	A	G	23861	6343	36	3	1	34	0.000125712	23864	0.999995	FALSE	NA	NA	NA	NA	NA	NA
NC_045512.2	25471	G	T	23857	6362	36	3	0	34	0.000125733	23860	0.999995	FALSE	NA	NA	NA	NA	NA	NA
NC_045512.2	25472	A	T	16863	6377	33	1	0	34	5.92909e-05	16866	0.999992	FALSE	NA	NA	NA	NA	NA	NA
NC_045512.2	25472	A	G	16863	6377	33	2	1	34	0.000118582	16866	0.999928	FALSE	NA	NA	NA	NA	NA	NA
NC_045512.2	25473	T	G	22676	6460	36	1	1	34	4.40917e-05	22680	1	FALSE	NA	NA	NA	NA	NA	NA
NC_045512.2	25473	T	C	22676	6460	36	3	2	34	0.000132275	22680	0.99999	FALSE	NA	NA	NA	NA	NA	NA
NC_045512.2	25475	T	C	22356	6336	36	1	0	34	4.47287e-05	22357	1	FALSE	NA	NA	NA	NA	NA	NA
NC_045512.2	25476	T	C	22355	6404	36	3	0	34	0.00013418	22358	0.99999	FALSE	NA	NA	NA	NA	NA	NA
NC_045512.2	25477	G	A	22450	6390	36	1	1	34	4.45414e-05	22451	1	FALSE	NA	NA	NA	NA	NA	NA
NC_045512.2	25478	T	C	21597	6011	35	1	0	34	4.63006e-05	21598	1	FALSE	NA	NA	NA	NA	NA	NA
NC_045512.2	25479	T	A	21837	6531	36	1	0	26	4.57917e-05	21838	1	FALSE	NA	NA	NA	NA	NA	NA
NC_045512.2	25480	C	T	21482	6427	36	9	6	37	0.00041878	21491	0.991959	FALSE	NA	NA	NA	NA	NA	NA
NC_045512.2	25482	C	T	21311	6469	36	4	0	42	0.000187661	21315	0.343761	FALSE	NA	NA	NA	NA	NA	NA
NC_045512.2	25483	G	A	21313	6463	36	4	3	34	0.000187644	21317	0.999922	FALSE	NA	NA	NA	NA	NA	NA
NC_045512.2	25484	C	G	22141	6678	36	2	0	34	9.03098e-05	22146	0.999999	FALSE	NA	NA	NA	NA	NA	NA
NC_045512.2	25484	C	A	22141	6678	36	3	2	34	0.000135465	22146	0.99999	FALSE	NA	NA	NA	NA	NA	NA
NC_045512.2	25485	T	C	22251	6782	36	2	0	34	8.98755e-05	22253	0.999999	FALSE	NA	NA	NA	NA	NA	NA
NC_045512.2	25486	A	T	22928	6796	36	1	0	34	4.3611e-05	22930	1	FALSE	NA	NA	NA	NA	NA	NA
NC_045512.2	25486	A	G	22928	6796	36	1	0	34	4.3611e-05	22930	1	FALSE	NA	NA	NA	NA	NA	NA
NC_045512.2	25487	C	T	22625	6839	35	6	1	34	0.000265123	22631	0.999546	FALSE	NA	NA	NA	NA	NA	NA
NC_045512.2	25488	T	C	22605	6838	35	6	3	34	0.000265358	22611	0.999546	FALSE	NA	NA	NA	NA	NA	NA
NC_045512.2	25489	G	A	22656	6825	35	7	4	34	0.000308873	22663	0.998846	FALSE	NA	NA	NA	NA	NA	NA
NC_045512.2	25490	C	T	22188	6867	35	2	1	51	9.01266e-05	22191	0.249994	FALSE	NA	NA	NA	NA	NA	NA
NC_045512.2	25490	C	A	22188	6867	35	1	0	34	4.50633e-05	22191	1	FALSE	NA	NA	NA	NA	NA	NA
NC_045512.2	25491	A	G	22172	6833	35	8	1	35	0.000360685	22180	0.997397	FALSE	NA	NA	NA	NA	NA	NA
NC_045512.2	25492	A	G	22102	6816	35	2	2	34	9.04814e-05	22104	0.999999	FALSE	NA	NA	NA	NA	NA	NA
NC_045512.2	25493	C	T	22164	6879	36	1	0	34	4.51121e-05	22167	1	FALSE	NA	NA	NA	NA	NA	NA
NC_045512.2	25493	C	G	22164	6879	36	1	0	34	4.51121e-05	22167	1	FALSE	NA	NA	NA	NA	NA	NA
NC_045512.2	25493	C	A	22164	6879	36	1	0	26	4.51121e-05	22167	1	FALSE	NA	NA	NA	NA	NA	NA
NC_045512.2	25494	G	C	22189	6876	36	1	1	34	4.50593e-05	22193	1	FALSE	NA	NA	NA	NA	NA	NA
NC_045512.2	25494	G	A	22189	6876	36	3	0	34	0.000135178	22193	0.99999	FALSE	NA	NA	NA	NA	NA	NA
NC_045512.2	25495	A	C	22053	6749	36	1	1	26	4.53432e-05	22054	1	FALSE	NA	NA	NA	NA	NA	NA
NC_045512.2	25496	T	C	22127	6685	36	1	0	34	4.51916e-05	22128	1	FALSE	NA	NA	NA	NA	NA	NA
NC_045512.2	25497	A	G	21578	6677	35	7	0	34	0.000324299	21585	0.998146	FALSE	NA	NA	NA	NA	NA	NA
NC_045512.2	25498	C	T	22040	6694	35	6	0	34	0.000272146	22047	0.999546	FALSE	NA	NA	NA	NA	NA	NA
NC_045512.2	25498	C	A	22040	6694	35	1	0	26	4.53576e-05	22047	1	FALSE	NA	NA	NA	NA	NA	NA
NC_045512.2	25500	G	C	22037	6563	36	1	0	34	4.537e-05	22041	1	FALSE	NA	NA	NA	NA	NA	NA
NC_045512.2	25500	G	A	22037	6563	36	3	1	34	0.00013611	22041	0.99999	FALSE	NA	NA	NA	NA	NA	NA
NC_045512.2	25501	A	G	23240	6716	36	1	0	34	4.30237e-05	23243	1	FALSE	NA	NA	NA	NA	NA	NA
NC_045512.2	25501	A	C	23240	6716	36	2	1	30	8.60474e-05	23243	0.999999	FALSE	NA	NA	NA	NA	NA	NA
NC_045512.2	25502	T	C	22387	6815	35	1	1	34	4.46648e-05	22389	1	FALSE	NA	NA	NA	NA	NA	NA
NC_045512.2	25502	T	A	22387	6815	35	1	0	34	4.46648e-05	22389	1	FALSE	NA	NA	NA	NA	NA	NA
NC_045512.2	25503	A	G	22311	6820	35	3	0	34	0.000134439	22315	0.99999	FALSE	NA	NA	NA	NA	NA	NA
NC_045512.2	25503	A	C	22311	6820	35	1	1	34	4.48129e-05	22315	1	FALSE	NA	NA	NA	NA	NA	NA
NC_045512.2	25505	A	G	21877	6299	35	8	1	34	0.000365547	21885	0.995947	FALSE	NA	NA	NA	NA	NA	NA
NC_045512.2	25506	A	G	21572	6262	35	4	1	34	0.000185391	21576	0.999922	FALSE	NA	NA	NA	NA	NA	NA
NC_045512.2	25507	G	T	21713	6188	35	2	0	34	9.2098e-05	21716	0.999997	FALSE	NA	NA	NA	NA	NA	NA
NC_045512.2	25507	G	A	21713	6188	35	1	0	34	4.6049e-05	21716	1	FALSE	NA	NA	NA	NA	NA	NA
NC_045512.2	25508	C	T	22245	6322	35	2	2	34	8.98998e-05	22247	0.999999	FALSE	NA	NA	NA	NA	NA	NA
NC_045512.2	25509	C	T	22607	7191	36	2	2	34	8.84525e-05	22611	0.999999	FALSE	NA	NA	NA	NA	NA	NA
NC_045512.2	25509	C	A	22607	7191	36	2	1	68	8.84525e-05	22611	0.249983	FALSE	NA	NA	NA	NA	NA	NA
NC_045512.2	25510	T	G	21790	6386	36	1	0	34	4.588e-05	21796	1	FALSE	NA	NA	NA	NA	NA	NA
NC_045512.2	25510	T	C	21790	6386	36	5	1	32	0.0002294	21796	0.999734	FALSE	NA	NA	NA	NA	NA	NA
NC_045512.2	25511	C	T	21819	6581	36	2	0	34	9.16422e-05	21824	0.999997	FALSE	NA	NA	NA	NA	NA	NA
NC_045512.2	25511	C	G	21819	6581	36	1	0	34	4.58211e-05	21824	1	FALSE	NA	NA	NA	NA	NA	NA
NC_045512.2	25511	C	A	21819	6581	36	2	0	34	9.16422e-05	21824	0.999997	FALSE	NA	NA	NA	NA	NA	NA
NC_045512.2	25512	A	G	21702	6577	36	1	0	26	4.60766e-05	21703	1	FALSE	NA	NA	NA	NA	NA	NA
NC_045512.2	25513	C	G	18555	6837	35	1	0	34	5.38909e-05	18556	0.999998	FALSE	NA	NA	NA	NA	NA	NA
NC_045512.2	25514	T	C	18594	6900	35	2	2	34	0.00010755	18596	0.99998	FALSE	NA	NA	NA	NA	NA	NA
NC_045512.2	25515	C	T	18744	6886	35	2	1	30	0.000106684	18747	0.99998	FALSE	NA	NA	NA	NA	NA	NA
NC_045512.2	25515	C	A	18744	6886	35	1	1	26	5.33419e-05	18747	1	FALSE	NA	NA	NA	NA	NA	NA
NC_045512.2	25516	C	T	18427	6586	35	1	0	34	5.42652e-05	18428	0.999998	FALSE	NA	NA	NA	NA	NA	NA
NC_045512.2	25517	C	A	20681	9344	36	1	0	34	4.83512e-05	20682	1	FALSE	NA	NA	NA	NA	NA	NA
NC_045512.2	25517	C	-T	20681	9344	36	1	0	20	4.83512e-05	20682	1	FALSE	NA	NA	NA	NA	NA	NA
NC_045512.2	25518	T	G	20591	9284	36	1	1	34	4.85625e-05	20592	1	FALSE	NA	NA	NA	NA	NA	NA
NC_045512.2	25519	T	G	26310	15699	37	1	1	34	3.80069e-05	26311	1	FALSE	NA	NA	NA	NA	NA	NA
NC_045512.2	25520	T	C	26849	16290	37	1	0	34	3.72439e-05	26850	1	FALSE	NA	NA	NA	NA	NA	NA
NC_045512.2	25521	C	T	26961	16485	37	4	3	32	0.00014834	26965	0.999996	FALSE	NA	NA	NA	NA	NA	NA
NC_045512.2	25522	G	A	26827	16346	37	1	1	34	3.72745e-05	26828	1	FALSE	NA	NA	NA	NA	NA	NA
NC_045512.2	25523	G	T	26879	16398	37	3	3	34	0.000111586	26885	0.999999	FALSE	NA	NA	NA	NA	NA	NA
NC_045512.2	25523	G	C	26879	16398	37	3	3	34	0.000111586	26885	0.999999	FALSE	NA	NA	NA	NA	NA	NA
NC_045512.2	25524	A	G	26720	16296	37	1	1	34	3.74223e-05	26722	1	FALSE	NA	NA	NA	NA	NA	NA
NC_045512.2	25524	A	C	26720	16296	37	1	1	34	3.74223e-05	26722	1	FALSE	NA	NA	NA	NA	NA	NA
NC_045512.2	25526	G	A	27384	16113	37	6	3	62	0.000219058	27390	0.0156224	FALSE	NA	NA	NA	NA	NA	NA
NC_045512.2	25527	G	A	28032	16652	37	9	6	34	0.000320959	28041	0.999625	FALSE	NA	NA	NA	NA	NA	NA
NC_045512.2	25528	C	-T	27768	16836	37	1	0	20	3.60127e-05	27768	1	FALSE	NA	NA	NA	NA	NA	NA
NC_045512.2	25529	T	G	27696	16826	37	5	5	34	0.000180427	27712	0.99999	FALSE	NA	NA	NA	NA	NA	NA
NC_045512.2	25529	T	C	27696	16826	37	8	3	33	0.000288684	27712	0.999746	FALSE	NA	NA	NA	NA	NA	NA
NC_045512.2	25529	T	A	27696	16826	37	3	3	31	0.000108256	27712	1	FALSE	NA	NA	NA	NA	NA	NA
NC_045512.2	25530	T	C	27815	16849	37	9	4	37	0.000323462	27824	0.999406	FALSE	NA	NA	NA	NA	NA	NA
NC_045512.2	25531	A	G	27877	16854	37	1	1	34	3.58706e-05	27878	1	FALSE	NA	NA	NA	NA	NA	NA
NC_045512.2	25532	T	C	28203	17017	37	1	0	34	3.54547e-05	28205	1	FALSE	NA	NA	NA	NA	NA	NA
NC_045512.2	25532	T	A	28203	17017	37	1	0	34	3.54547e-05	28205	1	FALSE	NA	NA	NA	NA	NA	NA
NC_045512.2	25533	T	-G	28093	16948	37	3	0	20	0.000106788	28093	1	FALSE	NA	NA	NA	NA	NA	NA
NC_045512.2	25534	G	A	27814	17039	37	1	0	34	3.59518e-05	27815	1	FALSE	NA	NA	NA	NA	NA	NA
NC_045512.2	25535	T	C	25750	15006	36	1	1	34	3.88319e-05	25752	1	FALSE	NA	NA	NA	NA	NA	NA
NC_045512.2	25535	T	A	25750	15006	36	1	0	34	3.88319e-05	25752	1	FALSE	NA	NA	NA	NA	NA	NA
NC_045512.2	25536	T	G	26547	15844	37	1	0	34	3.76634e-05	26551	1	FALSE	NA	NA	NA	NA	NA	NA
NC_045512.2	25536	T	C	26547	15844	37	3	1	45	0.00011299	26551	0.5	FALSE	NA	NA	NA	NA	NA	NA
NC_045512.2	25537	G	A	26581	15831	37	3	2	34	0.00011285	26584	0.999999	FALSE	NA	NA	NA	NA	NA	NA
NC_045512.2	25538	G	C	26817	15809	37	2	2	34	7.45712e-05	26820	1	FALSE	NA	NA	NA	NA	NA	NA
NC_045512.2	25538	G	A	26817	15809	37	1	0	34	3.72856e-05	26820	1	FALSE	NA	NA	NA	NA	NA	NA
NC_045512.2	25539	C	T	27130	16202	37	12	3	32	0.00044207	27145	0.995272	FALSE	NA	NA	NA	NA	NA	NA
NC_045512.2	25539	C	G	27130	16202	37	1	1	34	3.68392e-05	27145	1	FALSE	NA	NA	NA	NA	NA	NA
NC_045512.2	25539	C	A	27130	16202	37	2	2	26	7.36784e-05	27145	1	FALSE	NA	NA	NA	NA	NA	NA
NC_045512.2	25540	G	T	27075	16114	37	1	0	34	3.69263e-05	27081	1	FALSE	NA	NA	NA	NA	NA	NA
NC_045512.2	25540	G	C	27075	16114	37	3	3	34	0.000110779	27081	1	FALSE	NA	NA	NA	NA	NA	NA
NC_045512.2	25540	G	A	27075	16114	37	2	2	34	7.38525e-05	27081	1	FALSE	NA	NA	NA	NA	NA	NA
NC_045512.2	25541	T	G	27012	15991	37	1	0	34	3.70137e-05	27017	1	FALSE	NA	NA	NA	NA	NA	NA
NC_045512.2	25541	T	C	27012	15991	37	2	2	34	7.40275e-05	27017	1	FALSE	NA	NA	NA	NA	NA	NA
NC_045512.2	25541	T	A	27012	15991	37	2	0	34	7.40275e-05	27017	1	FALSE	NA	NA	NA	NA	NA	NA
NC_045512.2	25542	T	C	27069	16058	37	6	1	31	0.000221607	27075	0.999967	FALSE	NA	NA	NA	NA	NA	NA
NC_045512.2	25543	G	A	27749	15986	37	21	6	33	0.000756212	27770	0.843972	FALSE	NA	NA	NA	NA	NA	NA
NC_045512.2	25544	C	T	27417	16172	37	3	1	34	0.000109401	27422	1	FALSE	NA	NA	NA	NA	NA	NA
NC_045512.2	25544	C	G	27417	16172	37	1	0	34	3.64671e-05	27422	1	FALSE	NA	NA	NA	NA	NA	NA
NC_045512.2	25544	C	A	27417	16172	37	1	1	34	3.64671e-05	27422	1	FALSE	NA	NA	NA	NA	NA	NA
NC_045512.2	25545	A	G	27353	16029	37	5	4	34	0.000182762	27358	0.99999	FALSE	NA	NA	NA	NA	NA	NA
NC_045512.2	25546	C	T	27459	16268	37	4	4	34	0.00014564	27465	0.999998	FALSE	NA	NA	NA	NA	NA	NA
NC_045512.2	25546	C	A	27459	16268	37	2	0	30	7.282e-05	27465	1	FALSE	NA	NA	NA	NA	NA	NA
NC_045512.2	25547	T	C	27456	16282	37	1	1	34	3.64206e-05	27457	1	FALSE	NA	NA	NA	NA	NA	NA
NC_045512.2	25548	T	C	28214	17068	37	5	3	32	0.000177186	28219	0.999995	FALSE	NA	NA	NA	NA	NA	NA
NC_045512.2	25549	C	T	28194	17368	37	7	6	30	0.000248218	28201	0.999942	FALSE	NA	NA	NA	NA	NA	NA
NC_045512.2	25549	C	-T	28194	17368	37	1	0	20	3.54597e-05	28201	1	FALSE	NA	NA	NA	NA	NA	NA
NC_045512.2	25550	T	G	29338	18642	37	4	1	34	0.000136314	29344	0.999999	FALSE	NA	NA	NA	NA	NA	NA
NC_045512.2	25550	T	C	29338	18642	37	2	2	34	6.8157e-05	29344	1	FALSE	NA	NA	NA	NA	NA	NA
NC_045512.2	25551	T	G	29456	18793	37	2	1	34	6.7891e-05	29459	1	FALSE	NA	NA	NA	NA	NA	NA
NC_045512.2	25551	T	C	29456	18793	37	1	1	34	3.39455e-05	29459	1	FALSE	NA	NA	NA	NA	NA	NA
NC_045512.2	25551	T	-G	29456	18793	37	1	0	20	3.39455e-05	29459	1	FALSE	NA	NA	NA	NA	NA	NA
NC_045512.2	25552	G	A	29425	18750	37	2	1	34	6.79648e-05	29427	1	FALSE	NA	NA	NA	NA	NA	NA
NC_045512.2	25553	C	T	29226	19148	37	1	1	34	3.42126e-05	29229	1	FALSE	NA	NA	NA	NA	NA	NA
NC_045512.2	25553	C	G	29226	19148	37	2	2	34	6.84252e-05	29229	1	FALSE	NA	NA	NA	NA	NA	NA
NC_045512.2	25554	T	C	29233	19124	37	8	6	42	0.000273588	29241	0.0546785	FALSE	NA	NA	NA	NA	NA	NA
NC_045512.2	25555	G	A	29268	19001	37	15	11	36	0.000512243	29283	0.988714	FALSE	NA	NA	NA	NA	NA	NA
NC_045512.2	25555	G	-T	29268	19001	37	1	0	20	3.41495e-05	29283	1	FALSE	NA	NA	NA	NA	NA	NA
NC_045512.2	25555	G	+T	29268	19001	37	1	0	20	3.41495e-05	29283	1	FALSE	NA	NA	NA	NA	NA	NA
NC_045512.2	25557	T	G	29265	18932	37	1	1	34	3.41658e-05	29269	1	FALSE	NA	NA	NA	NA	NA	NA
NC_045512.2	25557	T	C	29265	18932	37	3	2	34	0.000102498	29269	1	FALSE	NA	NA	NA	NA	NA	NA
NC_045512.2	25558	T	C	29396	20110	37	1	0	34	3.40171e-05	29397	1	FALSE	NA	NA	NA	NA	NA	NA
NC_045512.2	25559	T	C	29126	20155	37	8	7	34	0.000274593	29134	0.999905	FALSE	NA	NA	NA	NA	NA	NA
NC_045512.2	25560	T	C	29023	20723	36	3	1	45	0.000103356	29026	0.500016	FALSE	NA	NA	NA	NA	NA	NA
NC_045512.2	25561	C	T	28967	20720	36	1	1	34	3.45209e-05	28968	1	FALSE	NA	NA	NA	NA	NA	NA
NC_045512.2	25562	A	G	28867	20620	36	18	14	33	0.000623161	28885	0.948178	FALSE	NA	NA	NA	NA	NA	NA
NC_045512.2	25564	A	G	28336	20370	36	3	1	45	0.000105861	28339	0.500017	FALSE	NA	NA	NA	NA	NA	NA
NC_045512.2	25566	C	T	28307	20517	36	9	7	34	0.000317842	28316	0.999625	FALSE	NA	NA	NA	NA	NA	NA
NC_045512.2	25567	G	A	28292	20426	36	12	12	33	0.000423968	28304	0.996797	FALSE	NA	NA	NA	NA	NA	NA
NC_045512.2	25569	T	C	29785	22007	37	4	3	34	0.000134278	29789	0.999999	FALSE	NA	NA	NA	NA	NA	NA
NC_045512.2	25570	T	C	29854	22035	37	1	1	26	3.34952e-05	29855	1	FALSE	NA	NA	NA	NA	NA	NA
NC_045512.2	25571	C	T	29824	22206	36	1	1	34	3.35289e-05	29825	1	FALSE	NA	NA	NA	NA	NA	NA
NC_045512.2	25572	C	-A	30258	22686	37	4	0	20	0.000132196	30258	1	FALSE	NA	NA	NA	NA	NA	NA
NC_045512.2	25573	A	G	30374	22806	36	2	1	34	6.58415e-05	30376	1	FALSE	NA	NA	NA	NA	NA	NA
NC_045512.2	25574	A	G	30372	22808	37	1	0	34	3.2924e-05	30373	1	FALSE	NA	NA	NA	NA	NA	NA
NC_045512.2	25575	A	T	30498	22902	36	1	1	34	3.27869e-05	30500	1	FALSE	NA	NA	NA	NA	NA	NA
NC_045512.2	25575	A	G	30498	22902	36	1	1	34	3.27869e-05	30500	1	FALSE	NA	NA	NA	NA	NA	NA
NC_045512.2	25576	A	T	30652	22927	37	1	1	34	3.26222e-05	30654	1	FALSE	NA	NA	NA	NA	NA	NA
NC_045512.2	25576	A	G	30652	22927	37	1	0	34	3.26222e-05	30654	1	FALSE	NA	NA	NA	NA	NA	NA
NC_045512.2	25577	T	C	30721	22968	36	3	3	34	9.76435e-05	30724	1	FALSE	NA	NA	NA	NA	NA	NA
NC_045512.2	25578	C	T	30899	23183	37	1	1	26	3.23625e-05	30900	1	FALSE	NA	NA	NA	NA	NA	NA
NC_045512.2	25580	T	C	31969	24430	37	6	5	34	0.000187647	31975	0.999996	FALSE	NA	NA	NA	NA	NA	NA
NC_045512.2	25580	T	-A	31969	24430	37	1	0	20	3.12744e-05	31975	1	FALSE	NA	NA	NA	NA	NA	NA
NC_045512.2	25581	A	T	32018	24516	37	5	2	34	0.000156079	32035	0.999999	FALSE	NA	NA	NA	NA	NA	NA
NC_045512.2	25581	A	G	32018	24516	37	12	9	36	0.00037459	32035	0.999371	FALSE	NA	NA	NA	NA	NA	NA
NC_045512.2	25582	A	T	32056	24542	37	1	1	26	3.11915e-05	32060	1	FALSE	NA	NA	NA	NA	NA	NA
NC_045512.2	25582	A	G	32056	24542	37	2	2	34	6.2383e-05	32060	1	FALSE	NA	NA	NA	NA	NA	NA
NC_045512.2	25582	A	C	32056	24542	37	1	1	26	3.11915e-05	32060	1	FALSE	NA	NA	NA	NA	NA	NA
NC_045512.2	25584	C	T	3	2	34	30101	23262	36	0.9999	30104	0	TRUE	NA	NA	NA	NA	NA	NA
NC_045512.2	25586	T	G	31113	24649	36	1	0	34	3.21399e-05	31114	1	FALSE	NA	NA	NA	NA	NA	NA
NC_045512.2	25587	C	-A	31205	24743	36	1	0	20	3.20461e-05	31205	1	FALSE	NA	NA	NA	NA	NA	NA
NC_045512.2	25588	A	T	31337	24886	36	2	1	51	6.38162e-05	31340	0.249988	FALSE	NA	NA	NA	NA	NA	NA
NC_045512.2	25588	A	G	31337	24886	36	1	0	34	3.19081e-05	31340	1	FALSE	NA	NA	NA	NA	NA	NA
NC_045512.2	25589	A	G	31321	24889	36	2	2	34	6.38508e-05	31323	1	FALSE	NA	NA	NA	NA	NA	NA
NC_045512.2	25590	A	G	32032	25811	36	1	0	68	3.12178e-05	32033	0.500008	FALSE	NA	NA	NA	NA	NA	NA
NC_045512.2	25591	A	G	31915	25726	36	5	2	34	0.000156642	31920	0.999999	FALSE	NA	NA	NA	NA	NA	NA
NC_045512.2	25592	A	G	31799	25697	36	1	1	34	3.14456e-05	31801	1	FALSE	NA	NA	NA	NA	NA	NA
NC_045512.2	25592	A	C	31799	25697	36	1	1	34	3.14456e-05	31801	1	FALSE	NA	NA	NA	NA	NA	NA
NC_045512.2	25594	A	T	31786	25846	36	2	1	25	6.29109e-05	31791	1	FALSE	NA	NA	NA	NA	NA	NA
NC_045512.2	25594	A	C	31786	25846	36	3	3	26	9.43663e-05	31791	1	FALSE	NA	NA	NA	NA	NA	NA
NC_045512.2	25595	G	A	31928	25858	36	1	1	34	3.13195e-05	31929	1	FALSE	NA	NA	NA	NA	NA	NA
NC_045512.2	25596	A	G	31412	25685	36	4	4	34	0.000127324	31416	1	FALSE	NA	NA	NA	NA	NA	NA
NC_045512.2	25598	G	C	31578	25731	36	3	3	34	9.49908e-05	31582	1	FALSE	NA	NA	NA	NA	NA	NA
NC_045512.2	25598	G	A	31578	25731	36	1	1	34	3.16636e-05	31582	1	FALSE	NA	NA	NA	NA	NA	NA
NC_045512.2	25599	G	A	31682	25924	36	1	0	68	3.15627e-05	31683	0.500008	FALSE	NA	NA	NA	NA	NA	NA
NC_045512.2	25600	C	T	32315	26660	36	6	3	62	0.000185615	32325	0.015617	FALSE	NA	NA	NA	NA	NA	NA
NC_045512.2	25600	C	A	32315	26660	36	4	0	34	0.000123743	32325	1	FALSE	NA	NA	NA	NA	NA	NA
NC_045512.2	25601	A	T	32535	26713	36	1	0	34	3.07333e-05	32538	1	FALSE	NA	NA	NA	NA	NA	NA
NC_045512.2	25601	A	G	32535	26713	36	2	2	34	6.14666e-05	32538	1	FALSE	NA	NA	NA	NA	NA	NA
NC_045512.2	25602	A	G	31967	27016	36	1	1	34	3.12793e-05	31970	1	FALSE	NA	NA	NA	NA	NA	NA
NC_045512.2	25602	A	C	31967	27016	36	2	2	34	6.25586e-05	31970	1	FALSE	NA	NA	NA	NA	NA	NA
NC_045512.2	25603	C	T	32191	27144	36	1	1	34	3.10617e-05	32194	1	FALSE	NA	NA	NA	NA	NA	NA
NC_045512.2	25603	C	A	32191	27144	36	2	2	34	6.21234e-05	32194	1	FALSE	NA	NA	NA	NA	NA	NA
NC_045512.2	25604	T	C	31774	26736	36	3	3	34	9.44079e-05	31777	1	FALSE	NA	NA	NA	NA	NA	NA
NC_045512.2	25605	A	G	32130	27086	36	3	3	41	9.3362e-05	32133	0.656272	FALSE	NA	NA	NA	NA	NA	NA
NC_045512.2	25606	G	C	32050	26956	36	2	2	26	6.23928e-05	32055	1	FALSE	NA	NA	NA	NA	NA	NA
NC_045512.2	25606	G	A	32050	26956	36	3	3	34	9.35891e-05	32055	1	FALSE	NA	NA	NA	NA	NA	NA
NC_045512.2	25607	C	T	31896	27172	36	5	5	32	0.00015673	31902	0.999999	FALSE	NA	NA	NA	NA	NA	NA
NC_045512.2	25607	C	A	31896	27172	36	1	1	34	3.1346e-05	31902	1	FALSE	NA	NA	NA	NA	NA	NA
NC_045512.2	25608	A	T	32284	27587	36	1	1	34	3.09713e-05	32288	1	FALSE	NA	NA	NA	NA	NA	NA
NC_045512.2	25608	A	G	32284	27587	36	1	1	34	3.09713e-05	32288	1	FALSE	NA	NA	NA	NA	NA	NA
NC_045512.2	25608	A	C	32284	27587	36	2	2	34	6.19425e-05	32288	1	FALSE	NA	NA	NA	NA	NA	NA
NC_045512.2	25609	C	T	32689	27767	35	2	2	34	6.11789e-05	32691	1	FALSE	NA	NA	NA	NA	NA	NA
NC_045512.2	25610	T	C	31751	26944	35	2	2	34	6.29822e-05	31755	1	FALSE	NA	NA	NA	NA	NA	NA
NC_045512.2	25610	T	A	31751	26944	35	2	2	30	6.29822e-05	31755	1	FALSE	NA	NA	NA	NA	NA	NA
NC_045512.2	25611	C	T	34604	28312	36	3	3	34	8.66877e-05	34607	1	FALSE	NA	NA	NA	NA	NA	NA
NC_045512.2	25612	T	C	34417	28114	36	5	3	41	0.000145256	34422	0.363289	FALSE	NA	NA	NA	NA	NA	NA
NC_045512.2	25613	C	G	29695	23960	36	4747	4304	35	0.137818	34444	0	TRUE	NA	NA	NA	NA	NA	NA
NC_045512.2	25613	C	A	29695	23960	36	2	2	34	5.80653e-05	34444	1	FALSE	NA	NA	NA	NA	NA	NA
NC_045512.2	25614	C	T	34787	28662	36	3	3	28	8.62317e-05	34790	1	FALSE	NA	NA	NA	NA	NA	NA
NC_045512.2	25615	A	G	35297	29286	36	1	1	34	2.83302e-05	35298	1	FALSE	NA	NA	NA	NA	NA	NA
NC_045512.2	25616	A	G	35200	29393	36	4	1	49	0.000113623	35204	0.500016	FALSE	NA	NA	NA	NA	NA	NA
NC_045512.2	25617	G	T	35172	29284	36	1	1	34	2.84293e-05	35175	1	FALSE	NA	NA	NA	NA	NA	NA
NC_045512.2	25617	G	A	35172	29284	36	2	2	34	5.68586e-05	35175	1	FALSE	NA	NA	NA	NA	NA	NA
NC_045512.2	25618	G	T	32160	26467	36	5	5	34	0.000155424	32170	0.999999	FALSE	NA	NA	NA	NA	NA	NA
NC_045512.2	25618	G	C	32160	26467	36	4	2	32	0.000124339	32170	1	FALSE	NA	NA	NA	NA	NA	NA
NC_045512.2	25618	G	A	32160	26467	36	1	1	34	3.10849e-05	32170	1	FALSE	NA	NA	NA	NA	NA	NA
NC_045512.2	25619	G	T	32229	26535	36	1	1	34	3.10174e-05	32240	1	FALSE	NA	NA	NA	NA	NA	NA
NC_045512.2	25619	G	A	32229	26535	36	10	10	34	0.000310174	32240	0.999865	FALSE	NA	NA	NA	NA	NA	NA
NC_045512.2	25619	G	+C	32229	26535	36	1	0	20	3.10174e-05	32240	1	FALSE	NA	NA	NA	NA	NA	NA
NC_045512.2	25621	G	T	25044	19535	37	2	0	68	7.98531e-05	25046	0.250005	FALSE	NA	NA	NA	NA	NA	NA
NC_045512.2	25622	T	G	27542	22379	37	1	0	27	3.63003e-05	27548	1	FALSE	NA	NA	NA	NA	NA	NA
NC_045512.2	25622	T	C	27542	22379	37	5	4	28	0.000181501	27548	1	FALSE	NA	NA	NA	NA	NA	NA
NC_045512.2	25623	T	C	28517	23407	37	1	0	34	3.50656e-05	28518	1	FALSE	NA	NA	NA	NA	NA	NA
NC_045512.2	25624	C	A	28770	23707	37	5	5	34	0.000173762	28775	0.999995	FALSE	NA	NA	NA	NA	NA	NA
NC_045512.2	25625	A	G	28573	23639	37	3	3	34	0.00010498	28577	1	FALSE	NA	NA	NA	NA	NA	NA
NC_045512.2	25625	A	C	28573	23639	37	1	1	26	3.49932e-05	28577	1	FALSE	NA	NA	NA	NA	NA	NA
NC_045512.2	25626	C	T	28603	24305	37	1	1	34	3.49589e-05	28605	1	FALSE	NA	NA	NA	NA	NA	NA
NC_045512.2	25626	C	A	28603	24305	37	1	1	34	3.49589e-05	28605	1	FALSE	NA	NA	NA	NA	NA	NA
NC_045512.2	25626	C	-T	28603	24305	37	1	0	20	3.49589e-05	28605	1	FALSE	NA	NA	NA	NA	NA	NA
NC_045512.2	25627	T	G	27229	22950	36	1	0	34	3.67215e-05	27232	1	FALSE	NA	NA	NA	NA	NA	NA
NC_045512.2	25627	T	C	27229	22950	36	1	0	34	3.67215e-05	27232	1	FALSE	NA	NA	NA	NA	NA	NA
NC_045512.2	25627	T	A	27229	22950	36	1	1	34	3.67215e-05	27232	1	FALSE	NA	NA	NA	NA	NA	NA
NC_045512.2	25628	T	C	30162	26190	37	1	1	34	3.31532e-05	30163	1	FALSE	NA	NA	NA	NA	NA	NA
NC_045512.2	25629	T	C	30085	26120	37	1	1	34	3.32381e-05	30086	1	FALSE	NA	NA	NA	NA	NA	NA
NC_045512.2	25630	G	T	30036	26060	37	1	1	34	3.32923e-05	30037	1	FALSE	NA	NA	NA	NA	NA	NA
NC_045512.2	25631	T	C	25781	21816	35	2	2	34	7.75705e-05	25783	1	FALSE	NA	NA	NA	NA	NA	NA
NC_045512.2	25632	T	C	29971	26076	37	1	1	34	3.33645e-05	29972	1	FALSE	NA	NA	NA	NA	NA	NA
NC_045512.2	25633	T	C	29924	26100	37	2	2	34	6.68315e-05	29926	1	FALSE	NA	NA	NA	NA	NA	NA
NC_045512.2	25634	G	T	29812	25983	37	1	1	26	3.35379e-05	29817	1	FALSE	NA	NA	NA	NA	NA	NA
NC_045512.2	25634	G	A	29812	25983	37	4	4	34	0.000134152	29817	0.999999	FALSE	NA	NA	NA	NA	NA	NA
NC_045512.2	25636	A	G	29755	25924	37	2	2	34	6.72111e-05	29757	1	FALSE	NA	NA	NA	NA	NA	NA
NC_045512.2	25637	A	G	29756	25933	37	8	8	33	0.000268781	29764	0.999905	FALSE	NA	NA	NA	NA	NA	NA
NC_045512.2	25638	C	T	29667	26041	37	2	2	30	6.74104e-05	29669	1	FALSE	NA	NA	NA	NA	NA	NA
NC_045512.2	25640	T	C	29277	25651	37	1	0	34	3.41553e-05	29278	1	FALSE	NA	NA	NA	NA	NA	NA
NC_045512.2	25641	G	A	29249	25634	37	2	2	34	6.83737e-05	29251	1	FALSE	NA	NA	NA	NA	NA	NA
NC_045512.2	25642	C	T	28868	25904	36	9	7	34	0.000311645	28879	0.999625	FALSE	NA	NA	NA	NA	NA	NA
NC_045512.2	25642	C	A	28868	25904	36	2	2	34	6.92545e-05	28879	1	FALSE	NA	NA	NA	NA	NA	NA
NC_045512.2	25642	C	-TGT	28868	25904	36	5	0	20	0.000173136	28879	1	FALSE	NA	NA	NA	NA	NA	NA
NC_045512.2	25642	C	+TGT	28868	25904	36	1	0	20	3.46272e-05	28879	1	FALSE	NA	NA	NA	NA	NA	NA
NC_045512.2	25643	T	C	28867	25899	36	3	3	31	0.000103914	28870	1	FALSE	NA	NA	NA	NA	NA	NA
NC_045512.2	25644	G	C	28790	25821	36	2	2	34	6.94589e-05	28794	1	FALSE	NA	NA	NA	NA	NA	NA
NC_045512.2	25644	G	A	28790	25821	36	2	2	34	6.94589e-05	28794	1	FALSE	NA	NA	NA	NA	NA	NA
NC_045512.2	25645	T	C	28878	25909	36	4	4	38	0.000138495	28882	0.999999	FALSE	NA	NA	NA	NA	NA	NA
NC_045512.2	25646	T	C	28757	25793	36	2	2	34	6.95434e-05	28759	1	FALSE	NA	NA	NA	NA	NA	NA
NC_045512.2	25647	G	T	28531	25600	36	1	1	24	3.50459e-05	28534	1	FALSE	NA	NA	NA	NA	NA	NA
NC_045512.2	25647	G	A	28531	25600	36	2	2	34	7.00918e-05	28534	1	FALSE	NA	NA	NA	NA	NA	NA
NC_045512.2	25648	T	C	28378	25448	36	1	0	68	3.52373e-05	28379	0.500009	FALSE	NA	NA	NA	NA	NA	NA
NC_045512.2	25649	T	C	27262	24359	36	4	4	32	0.000146681	27270	0.999998	FALSE	NA	NA	NA	NA	NA	NA
NC_045512.2	25649	T	A	27262	24359	36	4	4	34	0.000146681	27270	0.999998	FALSE	NA	NA	NA	NA	NA	NA
NC_045512.2	25651	T	G	22024	19134	34	1	1	34	4.54009e-05	22026	1	FALSE	NA	NA	NA	NA	NA	NA
NC_045512.2	25651	T	C	22024	19134	34	1	0	34	4.54009e-05	22026	1	FALSE	NA	NA	NA	NA	NA	NA
NC_045512.2	25652	T	C	25565	22674	37	1	0	34	3.91144e-05	25566	1	FALSE	NA	NA	NA	NA	NA	NA
NC_045512.2	25653	T	A	25216	22328	37	1	1	24	3.96558e-05	25217	1	FALSE	NA	NA	NA	NA	NA	NA
NC_045512.2	25654	G	T	25243	22404	37	1	0	34	3.96071e-05	25248	1	FALSE	NA	NA	NA	NA	NA	NA
NC_045512.2	25654	G	C	25243	22404	37	1	1	34	3.96071e-05	25248	1	FALSE	NA	NA	NA	NA	NA	NA
NC_045512.2	25654	G	A	25243	22404	37	3	2	56	0.000118821	25248	0.124985	FALSE	NA	NA	NA	NA	NA	NA
NC_045512.2	25655	T	C	25072	22228	36	5	5	34	0.000199386	25077	0.99997	FALSE	NA	NA	NA	NA	NA	NA
NC_045512.2	25656	A	G	25133	22385	36	1	1	34	3.97867e-05	25134	1	FALSE	NA	NA	NA	NA	NA	NA
NC_045512.2	25657	A	T	25106	22358	36	2	2	30	7.96495e-05	25110	1	FALSE	NA	NA	NA	NA	NA	NA
NC_045512.2	25657	A	G	25106	22358	36	2	1	68	7.96495e-05	25110	0.249985	FALSE	NA	NA	NA	NA	NA	NA
NC_045512.2	25658	C	T	25100	22411	36	6	6	32	0.000238987	25106	0.999904	FALSE	NA	NA	NA	NA	NA	NA
NC_045512.2	25659	A	T	23985	21345	36	1	1	34	4.16806e-05	23992	1	FALSE	NA	NA	NA	NA	NA	NA
NC_045512.2	25659	A	G	23985	21345	36	4	4	34	0.000166722	23992	0.999975	FALSE	NA	NA	NA	NA	NA	NA
NC_045512.2	25659	A	C	23985	21345	36	2	2	34	8.33611e-05	23992	0.999999	FALSE	NA	NA	NA	NA	NA	NA
NC_045512.2	25660	G	T	23937	21256	36	1	1	34	4.17746e-05	23938	1	FALSE	NA	NA	NA	NA	NA	NA
NC_045512.2	25660	G	-T	23937	21256	36	1	0	20	4.17746e-05	23938	1	FALSE	NA	NA	NA	NA	NA	NA
NC_045512.2	25661	T	C	21104	18439	34	2	2	34	9.47598e-05	21106	0.999997	FALSE	NA	NA	NA	NA	NA	NA
NC_045512.2	25662	T	C	23484	20819	36	4	2	37	0.0001703	23488	0.999976	FALSE	NA	NA	NA	NA	NA	NA
NC_045512.2	25664	A	G	23373	20712	36	1	1	34	4.27826e-05	23374	1	FALSE	NA	NA	NA	NA	NA	NA
NC_045512.2	25665	C	T	23416	20776	36	1	0	68	4.27022e-05	23418	0.5	FALSE	NA	NA	NA	NA	NA	NA
NC_045512.2	25665	C	A	23416	20776	36	1	1	34	4.27022e-05	23418	1	FALSE	NA	NA	NA	NA	NA	NA
NC_045512.2	25666	T	C	23351	20705	36	2	1	34	8.56421e-05	23353	0.999999	FALSE	NA	NA	NA	NA	NA	NA
NC_045512.2	25667	C	T	23202	20564	36	3	3	34	0.000129282	23205	0.999995	FALSE	NA	NA	NA	NA	NA	NA
NC_045512.2	25668	A	G	21706	19073	37	3	3	34	0.000138192	21709	0.999982	FALSE	NA	NA	NA	NA	NA	NA
NC_045512.2	25670	A	T	21436	18901	36	1	1	26	4.6644e-05	21439	1	FALSE	NA	NA	NA	NA	NA	NA
NC_045512.2	25670	A	G	21436	18901	36	2	2	30	9.32879e-05	21439	0.999997	FALSE	NA	NA	NA	NA	NA	NA
NC_045512.2	25671	C	T	21440	18925	36	1	1	34	4.66331e-05	21444	1	FALSE	NA	NA	NA	NA	NA	NA
NC_045512.2	25671	C	A	21440	18925	36	3	3	34	0.000139899	21444	0.999982	FALSE	NA	NA	NA	NA	NA	NA
NC_045512.2	25672	C	A	21233	18732	37	3	3	34	0.00014127	21236	0.999982	FALSE	NA	NA	NA	NA	NA	NA
NC_045512.2	25672	C	-T	21233	18732	37	16	0	20	0.000753438	21236	1	FALSE	NA	NA	NA	NA	NA	NA
NC_045512.2	25673	T	G	20721	18219	37	3	2	30	0.000144711	20731	0.999967	FALSE	NA	NA	NA	NA	NA	NA
NC_045512.2	25673	T	C	20721	18219	37	6	6	34	0.000289422	20731	0.998748	FALSE	NA	NA	NA	NA	NA	NA
NC_045512.2	25673	T	A	20721	18219	37	1	1	34	4.82369e-05	20731	1	FALSE	NA	NA	NA	NA	NA	NA
NC_045512.2	25674	T	G	20035	17528	36	5	5	34	0.000249501	20040	0.999547	FALSE	NA	NA	NA	NA	NA	NA
NC_045512.2	25675	T	C	20540	18033	37	5	5	34	0.000243368	20545	0.999546	FALSE	NA	NA	NA	NA	NA	NA
NC_045512.2	25676	T	C	20416	17984	37	4	3	32	0.000195886	20420	0.999862	FALSE	NA	NA	NA	NA	NA	NA
NC_045512.2	25677	G	A	37157	18195	35	4	3	32	0.00010764	37161	1	FALSE	NA	NA	NA	NA	NA	NA
NC_045512.2	25678	C	T	36907	18078	35	6	2	51	0.000162531	36916	0.0156193	FALSE	NA	NA	NA	NA	NA	NA
NC_045512.2	25678	C	G	36907	18078	35	1	0	34	2.70885e-05	36916	1	FALSE	NA	NA	NA	NA	NA	NA
NC_045512.2	25678	C	A	36907	18078	35	2	0	34	5.41771e-05	36916	1	FALSE	NA	NA	NA	NA	NA	NA
NC_045512.2	25679	T	G	36801	17916	35	1	0	26	2.7168e-05	36808	1	FALSE	NA	NA	NA	NA	NA	NA
NC_045512.2	25679	T	C	36801	17916	35	5	3	34	0.00013584	36808	1	FALSE	NA	NA	NA	NA	NA	NA
NC_045512.2	25679	T	A	36801	17916	35	1	1	34	2.7168e-05	36808	1	FALSE	NA	NA	NA	NA	NA	NA
NC_045512.2	25681	G	A	35470	16348	35	1	0	34	2.8192e-05	35471	1	FALSE	NA	NA	NA	NA	NA	NA
NC_045512.2	25682	T	C	36372	16288	35	1	1	34	2.74929e-05	36373	1	FALSE	NA	NA	NA	NA	NA	NA
NC_045512.2	25683	T	C	36434	16346	35	1	0	68	2.74461e-05	36435	0.500007	FALSE	NA	NA	NA	NA	NA	NA
NC_045512.2	25684	G	C	36574	16316	35	1	0	34	2.73388e-05	36578	1	FALSE	NA	NA	NA	NA	NA	NA
NC_045512.2	25684	G	A	36574	16316	35	3	1	34	8.20165e-05	36578	1	FALSE	NA	NA	NA	NA	NA	NA
NC_045512.2	25685	C	T	36867	16402	35	9	4	34	0.000244061	36876	0.999992	FALSE	NA	NA	NA	NA	NA	NA
NC_045512.2	25686	T	G	36769	16249	35	1	0	34	2.71909e-05	36777	1	FALSE	NA	NA	NA	NA	NA	NA
NC_045512.2	25686	T	C	36769	16249	35	6	3	56	0.000163145	36777	0.0156205	FALSE	NA	NA	NA	NA	NA	NA
NC_045512.2	25686	T	A	36769	16249	35	1	0	34	2.71909e-05	36777	1	FALSE	NA	NA	NA	NA	NA	NA
NC_045512.2	25687	G	A	36749	16204	35	8	2	34	0.000217646	36757	0.999997	FALSE	NA	NA	NA	NA	NA	NA
NC_045512.2	25688	C	T	36708	16218	35	10	6	37	0.000272339	36719	0.99998	FALSE	NA	NA	NA	NA	NA	NA
NC_045512.2	25688	C	A	36708	16218	35	1	0	34	2.72339e-05	36719	1	FALSE	NA	NA	NA	NA	NA	NA
NC_045512.2	25689	T	C	36543	16075	35	4	4	34	0.000109445	36548	1	FALSE	NA	NA	NA	NA	NA	NA
NC_045512.2	25689	T	A	36543	16075	35	1	0	34	2.73613e-05	36548	1	FALSE	NA	NA	NA	NA	NA	NA
NC_045512.2	25690	G	A	36856	16025	35	3	0	34	8.13912e-05	36859	1	FALSE	NA	NA	NA	NA	NA	NA
NC_045512.2	25691	G	T	36149	14978	35	4	0	34	0.000110635	36155	1	FALSE	NA	NA	NA	NA	NA	NA
NC_045512.2	25691	G	A	36149	14978	35	2	0	34	5.53174e-05	36155	1	FALSE	NA	NA	NA	NA	NA	NA
NC_045512.2	25692	C	A	36394	15009	35	4	0	34	0.000109896	36398	1	FALSE	NA	NA	NA	NA	NA	NA
NC_045512.2	25693	C	T	36392	14898	35	1	0	34	2.74725e-05	36400	1	FALSE	NA	NA	NA	NA	NA	NA
NC_045512.2	25693	C	A	36392	14898	35	7	3	34	0.000192308	36400	0.999999	FALSE	NA	NA	NA	NA	NA	NA
NC_045512.2	25693	C	-T	36392	14898	35	1	0	20	2.74725e-05	36400	1	FALSE	NA	NA	NA	NA	NA	NA
NC_045512.2	25694	T	G	35880	14406	35	3	2	34	8.35864e-05	35891	1	FALSE	NA	NA	NA	NA	NA	NA
NC_045512.2	25694	T	C	35880	14406	35	5	3	34	0.000139311	35891	1	FALSE	NA	NA	NA	NA	NA	NA
NC_045512.2	25694	T	A	35880	14406	35	3	0	31	8.35864e-05	35891	1	FALSE	NA	NA	NA	NA	NA	NA
NC_045512.2	25695	T	C	35954	14469	35	14	5	36	0.000389224	35969	0.999301	FALSE	NA	NA	NA	NA	NA	NA
NC_045512.2	25695	T	A	35954	14469	35	1	0	34	2.78017e-05	35969	1	FALSE	NA	NA	NA	NA	NA	NA
NC_045512.2	25696	G	-A	35999	14476	35	1	0	20	2.77785e-05	35999	1	FALSE	NA	NA	NA	NA	NA	NA
NC_045512.2	25697	A	G	35993	14447	35	6	4	34	0.000166662	36001	1	FALSE	NA	NA	NA	NA	NA	NA
NC_045512.2	25697	A	C	35993	14447	35	2	0	34	5.5554e-05	36001	1	FALSE	NA	NA	NA	NA	NA	NA
NC_045512.2	25698	A	G	35969	14442	35	11	8	34	0.000305725	35980	0.999922	FALSE	NA	NA	NA	NA	NA	NA
NC_045512.2	25699	G	A	35994	14176	35	3	1	34	8.33403e-05	35997	1	FALSE	NA	NA	NA	NA	NA	NA
NC_045512.2	25700	C	T	35290	13742	35	2	1	34	5.66685e-05	35293	1	FALSE	NA	NA	NA	NA	NA	NA
NC_045512.2	25700	C	A	35290	13742	35	1	1	34	2.83342e-05	35293	1	FALSE	NA	NA	NA	NA	NA	NA
NC_045512.2	25701	C	T	35479	13481	35	2	0	34	5.63666e-05	35482	1	FALSE	NA	NA	NA	NA	NA	NA
NC_045512.2	25701	C	A	35479	13481	35	1	0	34	2.81833e-05	35482	1	FALSE	NA	NA	NA	NA	NA	NA
NC_045512.2	25703	C	T	35920	13182	35	2	2	34	5.567e-05	35926	1	FALSE	NA	NA	NA	NA	NA	NA
NC_045512.2	25703	C	G	35920	13182	35	3	0	31	8.3505e-05	35926	1	FALSE	NA	NA	NA	NA	NA	NA
NC_045512.2	25703	C	A	35920	13182	35	1	1	34	2.7835e-05	35926	1	FALSE	NA	NA	NA	NA	NA	NA
NC_045512.2	25703	C	-T	35920	13182	35	1	0	20	2.7835e-05	35926	1	FALSE	NA	NA	NA	NA	NA	NA
NC_045512.2	25703	C	+T	35920	13182	35	4	0	20	0.00011134	35926	1	FALSE	NA	NA	NA	NA	NA	NA
NC_045512.2	25704	T	G	35521	13054	35	1	0	34	2.80741e-05	35620	1	FALSE	NA	NA	NA	NA	NA	NA
NC_045512.2	25704	T	C	35521	13054	35	96	20	34	0.00269512	35620	4.56429e-08	TRUE	NA	NA	NA	NA	NA	NA
NC_045512.2	25704	T	A	35521	13054	35	2	0	34	5.61482e-05	35620	1	FALSE	NA	NA	NA	NA	NA	NA
NC_045512.2	25705	T	C	35778	13095	35	2	0	34	5.5894e-05	35782	1	FALSE	NA	NA	NA	NA	NA	NA
NC_045512.2	25705	T	A	35778	13095	35	2	0	34	5.5894e-05	35782	1	FALSE	NA	NA	NA	NA	NA	NA
NC_045512.2	25706	T	C	35991	13097	35	6	5	29	0.000166681	35997	1	FALSE	NA	NA	NA	NA	NA	NA
NC_045512.2	25707	T	C	36234	12938	35	4	2	32	0.000110378	36239	1	FALSE	NA	NA	NA	NA	NA	NA
NC_045512.2	25707	T	A	36234	12938	35	1	0	24	2.75946e-05	36239	1	FALSE	NA	NA	NA	NA	NA	NA
NC_045512.2	25709	T	C	22331	503	34	2	0	34	8.95536e-05	22333	0.999999	FALSE	NA	NA	NA	NA	NA	NA
NC_045512.2	25710	C	A	22378	597	34	1	0	34	4.46847e-05	22379	1	FALSE	NA	NA	NA	NA	NA	NA
NC_045512.2	25711	T	C	22392	604	34	2	0	51	8.93096e-05	22394	0.250006	FALSE	NA	NA	NA	NA	NA	NA
NC_045512.2	25712	A	T	23099	626	34	1	0	34	4.32882e-05	23101	1	FALSE	NA	NA	NA	NA	NA	NA
NC_045512.2	25712	A	G	23099	626	34	1	0	34	4.32882e-05	23101	1	FALSE	NA	NA	NA	NA	NA	NA
NC_045512.2	25713	T	C	23803	630	34	2	0	34	8.4016e-05	23805	0.999999	FALSE	NA	NA	NA	NA	NA	NA
NC_045512.2	25714	C	G	24063	664	34	1	0	34	4.15559e-05	24064	1	FALSE	NA	NA	NA	NA	NA	NA
NC_045512.2	25714	C	-T	24063	664	34	1	0	20	4.15559e-05	24064	1	FALSE	NA	NA	NA	NA	NA	NA
NC_045512.2	25715	T	G	24045	627	34	1	0	34	4.158e-05	24050	1	FALSE	NA	NA	NA	NA	NA	NA
NC_045512.2	25715	T	C	24045	627	34	4	0	34	0.00016632	24050	0.999986	FALSE	NA	NA	NA	NA	NA	NA
NC_045512.2	25716	T	C	25243	683	34	1	0	34	3.96134e-05	25244	1	FALSE	NA	NA	NA	NA	NA	NA
NC_045512.2	25719	T	C	25422	823	35	1	0	34	3.93314e-05	25425	1	FALSE	NA	NA	NA	NA	NA	NA
NC_045512.2	25719	T	A	25422	823	35	2	0	34	7.86627e-05	25425	1	FALSE	NA	NA	NA	NA	NA	NA
NC_045512.2	25720	G	T	22604	747	35	3255	78	34	0.12587	25860	0	TRUE	NA	NA	NA	NA	NA	NA
NC_045512.2	25720	G	A	22604	747	35	1	0	34	3.86698e-05	25860	1	FALSE	NA	NA	NA	NA	NA	NA
NC_045512.2	25721	C	-TT	26109	835	35	1	0	20	3.8301e-05	26109	1	FALSE	NA	NA	NA	NA	NA	NA
NC_045512.2	25721	C	-T	26109	835	35	1	0	20	3.8301e-05	26109	1	FALSE	NA	NA	NA	NA	NA	NA
NC_045512.2	25722	T	G	26207	831	35	1	0	34	3.81548e-05	26209	1	FALSE	NA	NA	NA	NA	NA	NA
NC_045512.2	25722	T	C	26207	831	35	1	0	34	3.81548e-05	26209	1	FALSE	NA	NA	NA	NA	NA	NA
NC_045512.2	25723	T	G	26389	828	35	3	0	34	0.000113662	26394	0.999999	FALSE	NA	NA	NA	NA	NA	NA
NC_045512.2	25723	T	A	26389	828	35	2	0	34	7.57748e-05	26394	1	FALSE	NA	NA	NA	NA	NA	NA
NC_045512.2	25724	T	A	26297	840	34	2	0	30	7.60485e-05	26299	1	FALSE	NA	NA	NA	NA	NA	NA
NC_045512.2	25726	G	A	28034	846	35	1	0	34	3.56697e-05	28035	1	FALSE	NA	NA	NA	NA	NA	NA
NC_045512.2	25727	T	C	27707	856	34	1	0	34	3.60907e-05	27708	1	FALSE	NA	NA	NA	NA	NA	NA
NC_045512.2	25728	C	T	27877	855	34	1	0	34	3.58693e-05	27879	1	FALSE	NA	NA	NA	NA	NA	NA
NC_045512.2	25728	C	A	27877	855	34	1	1	34	3.58693e-05	27879	1	FALSE	NA	NA	NA	NA	NA	NA
NC_045512.2	25729	T	C	26839	862	32	3	0	34	0.000111765	26842	0.999999	FALSE	NA	NA	NA	NA	NA	NA
NC_045512.2	25731	C	T	28642	921	35	1	0	34	3.49113e-05	28644	1	FALSE	NA	NA	NA	NA	NA	NA
NC_045512.2	25731	C	G	28642	921	35	1	0	34	3.49113e-05	28644	1	FALSE	NA	NA	NA	NA	NA	NA
NC_045512.2	25732	T	C	29006	954	35	2	0	29	6.89465e-05	29008	1	FALSE	NA	NA	NA	NA	NA	NA
NC_045512.2	25734	C	G	29182	968	35	2	0	34	6.85284e-05	29185	1	FALSE	NA	NA	NA	NA	NA	NA
NC_045512.2	25734	C	A	29182	968	35	1	0	26	3.42642e-05	29185	1	FALSE	NA	NA	NA	NA	NA	NA
NC_045512.2	25735	T	G	29242	973	35	1	0	34	3.41962e-05	29243	1	FALSE	NA	NA	NA	NA	NA	NA
NC_045512.2	25736	T	G	29191	984	35	1	0	34	3.4256e-05	29192	1	FALSE	NA	NA	NA	NA	NA	NA
NC_045512.2	25737	G	A	29298	981	35	5	0	34	0.000170631	29303	0.999997	FALSE	NA	NA	NA	NA	NA	NA
NC_045512.2	25738	C	T	29279	988	35	2	0	34	6.8285e-05	29289	1	FALSE	NA	NA	NA	NA	NA	NA
NC_045512.2	25738	C	G	29279	988	35	2	0	34	6.8285e-05	29289	1	FALSE	NA	NA	NA	NA	NA	NA
NC_045512.2	25738	C	A	29279	988	35	6	0	34	0.000204855	29289	0.999989	FALSE	NA	NA	NA	NA	NA	NA
NC_045512.2	25738	C	+AG	29279	988	35	15	0	20	0.000512138	29289	1	FALSE	NA	NA	NA	NA	NA	NA
NC_045512.2	25739	A	G	29367	985	35	9	0	32	0.000306341	29379	0.999765	FALSE	NA	NA	NA	NA	NA	NA
NC_045512.2	25739	A	C	29367	985	35	3	0	34	0.000102114	29379	1	FALSE	NA	NA	NA	NA	NA	NA
NC_045512.2	25740	G	A	33525	994	35	2	0	34	5.96534e-05	33527	1	FALSE	NA	NA	NA	NA	NA	NA
NC_045512.2	25741	A	G	33535	997	35	1	0	34	2.98187e-05	33536	1	FALSE	NA	NA	NA	NA	NA	NA
NC_045512.2	25742	G	T	37200	1007	35	1	0	34	2.68788e-05	37204	1	FALSE	NA	NA	NA	NA	NA	NA
NC_045512.2	25742	G	C	37200	1007	35	3	0	34	8.06365e-05	37204	1	FALSE	NA	NA	NA	NA	NA	NA
NC_045512.2	25743	T	G	37069	1005	35	4	0	34	0.000107852	37088	1	FALSE	NA	NA	NA	NA	NA	NA
NC_045512.2	25743	T	C	37069	1005	35	14	2	37	0.000377481	37088	0.99969	FALSE	NA	NA	NA	NA	NA	NA
NC_045512.2	25743	T	A	37069	1005	35	1	0	34	2.69629e-05	37088	1	FALSE	NA	NA	NA	NA	NA	NA
NC_045512.2	25744	A	G	37213	1022	35	1	0	34	2.68716e-05	37214	1	FALSE	NA	NA	NA	NA	NA	NA
NC_045512.2	25745	T	G	37247	1023	35	1	0	34	2.68449e-05	37251	1	FALSE	NA	NA	NA	NA	NA	NA
NC_045512.2	25745	T	C	37247	1023	35	2	0	34	5.36898e-05	37251	1	FALSE	NA	NA	NA	NA	NA	NA
NC_045512.2	25745	T	A	37247	1023	35	1	0	34	2.68449e-05	37251	1	FALSE	NA	NA	NA	NA	NA	NA
NC_045512.2	25746	A	T	37120	1058	35	1	0	26	2.69382e-05	37122	1	FALSE	NA	NA	NA	NA	NA	NA
NC_045512.2	25746	A	G	37120	1058	35	1	0	34	2.69382e-05	37122	1	FALSE	NA	NA	NA	NA	NA	NA
NC_045512.2	25747	A	G	37176	1062	35	3	0	34	8.06907e-05	37179	1	FALSE	NA	NA	NA	NA	NA	NA
NC_045512.2	25748	A	G	33352	1071	33	1	0	34	2.99823e-05	33353	1	FALSE	NA	NA	NA	NA	NA	NA
NC_045512.2	25749	C	G	37288	1075	35	2	0	26	5.36308e-05	37292	1	FALSE	NA	NA	NA	NA	NA	NA
NC_045512.2	25749	C	A	37288	1075	35	2	0	34	5.36308e-05	37292	1	FALSE	NA	NA	NA	NA	NA	NA
NC_045512.2	25750	T	G	37293	1203	35	3	0	31	8.0429e-05	37300	1	FALSE	NA	NA	NA	NA	NA	NA
NC_045512.2	25750	T	C	37293	1203	35	3	1	30	8.0429e-05	37300	1	FALSE	NA	NA	NA	NA	NA	NA
NC_045512.2	25750	T	A	37293	1203	35	1	0	34	2.68097e-05	37300	1	FALSE	NA	NA	NA	NA	NA	NA
NC_045512.2	25751	T	C	37214	1286	35	5	0	34	0.00013434	37219	1	FALSE	NA	NA	NA	NA	NA	NA
NC_045512.2	25752	T	C	37344	1291	35	3	1	30	8.03277e-05	37347	1	FALSE	NA	NA	NA	NA	NA	NA
NC_045512.2	25753	G	T	37404	1292	35	1	0	34	2.67344e-05	37405	1	FALSE	NA	NA	NA	NA	NA	NA
NC_045512.2	25754	T	C	37411	1302	35	1	0	34	2.67294e-05	37412	1	FALSE	NA	NA	NA	NA	NA	NA
NC_045512.2	25754	T	-A	37411	1302	35	1	0	20	2.67294e-05	37412	1	FALSE	NA	NA	NA	NA	NA	NA
NC_045512.2	25755	A	T	37382	1303	35	1	0	34	2.67444e-05	37391	1	FALSE	NA	NA	NA	NA	NA	NA
NC_045512.2	25755	A	G	37382	1303	35	7	0	34	0.000187211	37391	1	FALSE	NA	NA	NA	NA	NA	NA
NC_045512.2	25755	A	C	37382	1303	35	1	0	26	2.67444e-05	37391	1	FALSE	NA	NA	NA	NA	NA	NA
NC_045512.2	25756	A	G	37422	1306	35	4	0	34	0.000106878	37426	1	FALSE	NA	NA	NA	NA	NA	NA
NC_045512.2	25756	A	+T	37422	1306	35	2	0	20	5.34388e-05	37426	1	FALSE	NA	NA	NA	NA	NA	NA
NC_045512.2	25757	G	T	39309	1311	35	2	0	34	5.08763e-05	39311	1	FALSE	NA	NA	NA	NA	NA	NA
NC_045512.2	25758	A	T	35948	1444	33	2	0	30	5.56266e-05	35954	1	FALSE	NA	NA	NA	NA	NA	NA
NC_045512.2	25758	A	G	35948	1444	33	4	0	34	0.000111253	35954	1	FALSE	NA	NA	NA	NA	NA	NA
NC_045512.2	25759	A	G	36411	1558	35	2	0	34	5.49254e-05	36413	1	FALSE	NA	NA	NA	NA	NA	NA
NC_045512.2	25760	T	C	34244	1654	35	2	0	34	5.8401e-05	34246	1	FALSE	NA	NA	NA	NA	NA	NA
NC_045512.2	25761	A	T	32660	1726	35	1	0	34	3.06129e-05	32666	1	FALSE	NA	NA	NA	NA	NA	NA
NC_045512.2	25761	A	G	32660	1726	35	5	0	30	0.000153064	32666	0.999999	FALSE	NA	NA	NA	NA	NA	NA
NC_045512.2	25762	A	G	33009	1832	35	5	0	30	0.000151451	33014	1	FALSE	NA	NA	NA	NA	NA	NA
NC_045512.2	25763	T	C	32966	1836	35	4	0	34	0.000121322	32970	1	FALSE	NA	NA	NA	NA	NA	NA
NC_045512.2	25764	A	G	32482	1877	35	3	0	45	9.23503e-05	32485	0.656272	FALSE	NA	NA	NA	NA	NA	NA
NC_045512.2	25765	A	G	31089	2058	35	1	0	34	3.21647e-05	31090	1	FALSE	NA	NA	NA	NA	NA	NA
NC_045512.2	25765	A	+C	31089	2058	35	1	0	20	3.21647e-05	31090	1	FALSE	NA	NA	NA	NA	NA	NA
NC_045512.2	25766	T	A	30485	1957	35	1	0	26	3.28019e-05	30486	1	FALSE	NA	NA	NA	NA	NA	NA
NC_045512.2	25767	G	C	30401	1955	35	1	1	34	3.28882e-05	30406	1	FALSE	NA	NA	NA	NA	NA	NA
NC_045512.2	25767	G	A	30401	1955	35	4	1	38	0.000131553	30406	1	FALSE	NA	NA	NA	NA	NA	NA
NC_045512.2	25768	A	T	30811	2958	36	2	0	34	6.48719e-05	30830	1	FALSE	NA	NA	NA	NA	NA	NA
NC_045512.2	25768	A	G	30811	2958	36	17	0	34	0.000551411	30830	0.980039	FALSE	NA	NA	NA	NA	NA	NA
NC_045512.2	25771	C	T	26731	3493	36	1	0	34	3.74042e-05	26735	1	FALSE	NA	NA	NA	NA	NA	NA
NC_045512.2	25771	C	A	26731	3493	36	3	0	34	0.000112212	26735	0.999999	FALSE	NA	NA	NA	NA	NA	NA
NC_045512.2	25772	T	G	26948	3730	36	1	0	34	3.71016e-05	26953	1	FALSE	NA	NA	NA	NA	NA	NA
NC_045512.2	25772	T	C	26948	3730	36	1	0	34	3.71016e-05	26953	1	FALSE	NA	NA	NA	NA	NA	NA
NC_045512.2	25772	T	A	26948	3730	36	3	2	34	0.000111305	26953	0.999999	FALSE	NA	NA	NA	NA	NA	NA
NC_045512.2	25773	T	G	26943	3813	36	1	0	34	3.71085e-05	26948	1	FALSE	NA	NA	NA	NA	NA	NA
NC_045512.2	25773	T	C	26943	3813	36	3	0	34	0.000111326	26948	0.999999	FALSE	NA	NA	NA	NA	NA	NA
NC_045512.2	25773	T	A	26943	3813	36	1	0	34	3.71085e-05	26948	1	FALSE	NA	NA	NA	NA	NA	NA
NC_045512.2	25774	T	C	26724	3848	36	3	2	34	0.000112246	26727	0.999999	FALSE	NA	NA	NA	NA	NA	NA
NC_045512.2	25775	G	T	27009	3849	36	1	0	34	3.70206e-05	27012	1	FALSE	NA	NA	NA	NA	NA	NA
NC_045512.2	25775	G	A	27009	3849	36	2	0	34	7.40412e-05	27012	1	FALSE	NA	NA	NA	NA	NA	NA
NC_045512.2	25776	G	A	27813	4944	37	2	0	34	7.19036e-05	27815	1	FALSE	NA	NA	NA	NA	NA	NA
NC_045512.2	25777	C	T	27802	5137	37	3	0	45	0.00010789	27806	0.5	FALSE	NA	NA	NA	NA	NA	NA
NC_045512.2	25777	C	G	27802	5137	37	1	1	34	3.59635e-05	27806	1	FALSE	NA	NA	NA	NA	NA	NA
NC_045512.2	25778	T	C	27595	4921	37	5	0	34	0.000181159	27600	0.99999	FALSE	NA	NA	NA	NA	NA	NA
NC_045512.2	25779	T	G	27671	5009	37	1	0	34	3.61337e-05	27675	1	FALSE	NA	NA	NA	NA	NA	NA
NC_045512.2	25779	T	C	27671	5009	37	1	0	34	3.61337e-05	27675	1	FALSE	NA	NA	NA	NA	NA	NA
NC_045512.2	25779	T	A	27671	5009	37	2	0	30	7.22674e-05	27675	1	FALSE	NA	NA	NA	NA	NA	NA
NC_045512.2	25780	T	C	27712	5067	37	5	0	34	0.000180388	27718	0.99999	FALSE	NA	NA	NA	NA	NA	NA
NC_045512.2	25780	T	A	27712	5067	37	1	0	34	3.60776e-05	27718	1	FALSE	NA	NA	NA	NA	NA	NA
NC_045512.2	25781	G	A	27615	5067	37	4	0	34	0.000144828	27619	0.999998	FALSE	NA	NA	NA	NA	NA	NA
NC_045512.2	25782	C	T	26671	5210	37	10	0	33	0.000374784	26682	0.998039	FALSE	NA	NA	NA	NA	NA	NA
NC_045512.2	25782	C	A	26671	5210	37	1	0	34	3.74784e-05	26682	1	FALSE	NA	NA	NA	NA	NA	NA
NC_045512.2	25783	T	G	26753	5255	37	1	0	34	3.73692e-05	26760	1	FALSE	NA	NA	NA	NA	NA	NA
NC_045512.2	25783	T	C	26753	5255	37	6	0	34	0.000224215	26760	0.999944	FALSE	NA	NA	NA	NA	NA	NA
NC_045512.2	25784	G	A	26879	5238	37	2	0	34	7.4402e-05	26881	1	FALSE	NA	NA	NA	NA	NA	NA
NC_045512.2	25785	G	A	27004	5334	37	1	0	34	3.70302e-05	27005	1	FALSE	NA	NA	NA	NA	NA	NA
NC_045512.2	25786	A	T	26755	5513	37	1	0	34	3.7365e-05	26763	1	FALSE	NA	NA	NA	NA	NA	NA
NC_045512.2	25786	A	G	26755	5513	37	7	4	55	0.000261555	26763	0.00780944	TRUE	NA	NA	NA	NA	NA	NA
NC_045512.2	25787	A	G	26516	5531	37	2	0	34	7.54205e-05	26518	1	FALSE	NA	NA	NA	NA	NA	NA
NC_045512.2	25788	A	G	26724	5535	37	1	1	24	3.74153e-05	26727	1	FALSE	NA	NA	NA	NA	NA	NA
NC_045512.2	25788	A	C	26724	5535	37	2	1	34	7.48307e-05	26727	1	FALSE	NA	NA	NA	NA	NA	NA
NC_045512.2	25791	C	T	26136	5583	37	28	11	33	0.00107005	26167	0.445822	FALSE	NA	NA	NA	NA	NA	NA
NC_045512.2	25791	C	G	26136	5583	37	3	0	26	0.000114648	26167	1	FALSE	NA	NA	NA	NA	NA	NA
NC_045512.2	25792	C	T	26012	5617	37	1	0	34	3.84379e-05	26016	1	FALSE	NA	NA	NA	NA	NA	NA
NC_045512.2	25792	C	G	26012	5617	37	3	0	31	0.000115314	26016	0.999999	FALSE	NA	NA	NA	NA	NA	NA
NC_045512.2	25794	T	C	26154	5720	37	1	0	68	3.82336e-05	26155	0.50001	FALSE	NA	NA	NA	NA	NA	NA
NC_045512.2	25795	T	G	26250	5786	37	2	0	30	7.61702e-05	26257	1	FALSE	NA	NA	NA	NA	NA	NA
NC_045512.2	25795	T	C	26250	5786	37	5	0	39	0.000190425	26257	0.999983	FALSE	NA	NA	NA	NA	NA	NA
NC_045512.2	25797	C	T	26295	5773	37	1	0	34	3.80286e-05	26296	1	FALSE	NA	NA	NA	NA	NA	NA
NC_045512.2	25797	C	-A	26295	5773	37	28	0	20	0.0010648	26296	1	FALSE	NA	NA	NA	NA	NA	NA
NC_045512.2	25797	C	+A	26295	5773	37	1	0	20	3.80286e-05	26296	1	FALSE	NA	NA	NA	NA	NA	NA
NC_045512.2	25798	A	T	26284	5763	37	1	1	34	3.80387e-05	26289	1	FALSE	NA	NA	NA	NA	NA	NA
NC_045512.2	25798	A	G	26284	5763	37	1	0	34	3.80387e-05	26289	1	FALSE	NA	NA	NA	NA	NA	NA
NC_045512.2	25798	A	C	26284	5763	37	3	0	34	0.000114116	26289	0.999999	FALSE	NA	NA	NA	NA	NA	NA
NC_045512.2	25800	A	G	25839	5830	36	3	0	30	0.00011609	25842	0.999998	FALSE	NA	NA	NA	NA	NA	NA
NC_045512.2	25801	A	G	25905	5899	37	4	1	40	0.000154387	25909	0.343759	FALSE	NA	NA	NA	NA	NA	NA
NC_045512.2	25802	A	G	25252	6006	36	1	1	34	3.95898e-05	25259	1	FALSE	NA	NA	NA	NA	NA	NA
NC_045512.2	25802	A	C	25252	6006	36	6	1	31	0.000237539	25259	0.999904	FALSE	NA	NA	NA	NA	NA	NA
NC_045512.2	25803	C	G	25797	6085	37	3	0	31	0.000116275	25801	0.999998	FALSE	NA	NA	NA	NA	NA	NA
NC_045512.2	25803	C	A	25797	6085	37	1	0	34	3.87582e-05	25801	1	FALSE	NA	NA	NA	NA	NA	NA
NC_045512.2	25805	C	T	25764	6110	37	1	0	34	3.88093e-05	25767	1	FALSE	NA	NA	NA	NA	NA	NA
NC_045512.2	25805	C	G	25764	6110	37	2	0	26	7.76187e-05	25767	1	FALSE	NA	NA	NA	NA	NA	NA
NC_045512.2	25806	A	T	25671	6059	37	3	1	45	0.000116841	25676	0.499982	FALSE	NA	NA	NA	NA	NA	NA
NC_045512.2	25806	A	G	25671	6059	37	2	0	34	7.78938e-05	25676	1	FALSE	NA	NA	NA	NA	NA	NA
NC_045512.2	25807	T	G	25596	6114	36	1	0	26	3.9064e-05	25599	1	FALSE	NA	NA	NA	NA	NA	NA
NC_045512.2	25807	T	C	25596	6114	36	1	0	34	3.9064e-05	25599	1	FALSE	NA	NA	NA	NA	NA	NA
NC_045512.2	25807	T	A	25596	6114	36	1	1	26	3.9064e-05	25599	1	FALSE	NA	NA	NA	NA	NA	NA
NC_045512.2	25808	T	C	25489	6218	37	3	1	30	0.000117684	25492	0.999998	FALSE	NA	NA	NA	NA	NA	NA
NC_045512.2	25809	A	G	25904	6365	37	2	1	34	7.72022e-05	25906	1	FALSE	NA	NA	NA	NA	NA	NA
NC_045512.2	25810	C	T	23444	5734	37	2671	699	37	0.102278	26115	0	TRUE	NA	NA	NA	NA	NA	NA
NC_045512.2	25811	T	C	25096	5392	36	2	0	34	7.96876e-05	25098	1	FALSE	NA	NA	NA	NA	NA	NA
NC_045512.2	25812	T	C	25948	6246	37	1	0	34	3.85371e-05	25949	1	FALSE	NA	NA	NA	NA	NA	NA
NC_045512.2	25813	T	C	25199	6273	37	2	1	34	7.93619e-05	25201	1	FALSE	NA	NA	NA	NA	NA	NA
NC_045512.2	25814	A	T	24879	6433	37	1	0	26	4.01929e-05	24880	1	FALSE	NA	NA	NA	NA	NA	NA
NC_045512.2	25815	T	G	24564	6392	37	1	0	34	4.07017e-05	24569	1	FALSE	NA	NA	NA	NA	NA	NA
NC_045512.2	25815	T	C	24564	6392	37	3	2	34	0.000122105	24569	0.999997	FALSE	NA	NA	NA	NA	NA	NA
NC_045512.2	25815	T	A	24564	6392	37	1	1	26	4.07017e-05	24569	1	FALSE	NA	NA	NA	NA	NA	NA
NC_045512.2	25817	A	T	23488	6506	36	3	0	34	0.000127703	23492	0.999995	FALSE	NA	NA	NA	NA	NA	NA
NC_045512.2	25817	A	G	23488	6506	36	1	0	34	4.25677e-05	23492	1	FALSE	NA	NA	NA	NA	NA	NA
NC_045512.2	25819	G	A	23275	6281	36	7	0	34	0.000300661	23282	0.999287	FALSE	NA	NA	NA	NA	NA	NA
NC_045512.2	25820	C	T	22747	6449	36	3	2	34	0.000131868	22750	0.99999	FALSE	NA	NA	NA	NA	NA	NA
NC_045512.2	25821	C	T	22769	6484	36	2	2	34	8.78233e-05	22773	0.999999	FALSE	NA	NA	NA	NA	NA	NA
NC_045512.2	25821	C	G	22769	6484	36	1	0	34	4.39116e-05	22773	1	FALSE	NA	NA	NA	NA	NA	NA
NC_045512.2	25821	C	A	22769	6484	36	1	0	26	4.39116e-05	22773	1	FALSE	NA	NA	NA	NA	NA	NA
NC_045512.2	25822	A	T	22787	6518	36	1	0	34	4.38789e-05	22790	1	FALSE	NA	NA	NA	NA	NA	NA
NC_045512.2	25822	A	G	22787	6518	36	2	0	34	8.77578e-05	22790	0.999999	FALSE	NA	NA	NA	NA	NA	NA
NC_045512.2	25823	A	G	20670	6582	35	1	0	34	4.83746e-05	20672	1	FALSE	NA	NA	NA	NA	NA	NA
NC_045512.2	25823	A	C	20670	6582	35	1	0	34	4.83746e-05	20672	1	FALSE	NA	NA	NA	NA	NA	NA
NC_045512.2	25825	T	G	22209	6754	36	1	0	34	4.50248e-05	22210	1	FALSE	NA	NA	NA	NA	NA	NA
NC_045512.2	25826	A	T	22108	6800	36	1	0	34	4.52223e-05	22113	1	FALSE	NA	NA	NA	NA	NA	NA
NC_045512.2	25826	A	G	22108	6800	36	4	0	32	0.000180889	22113	0.999956	FALSE	NA	NA	NA	NA	NA	NA
NC_045512.2	25826	A	-T	22108	6800	36	1	0	20	4.52223e-05	22113	1	FALSE	NA	NA	NA	NA	NA	NA
NC_045512.2	25827	T	A	21853	6810	36	1	1	26	4.57582e-05	21854	1	FALSE	NA	NA	NA	NA	NA	NA
NC_045512.2	25828	T	C	21865	6837	36	2	0	34	9.1462e-05	21867	0.999997	FALSE	NA	NA	NA	NA	NA	NA
NC_045512.2	25829	T	C	21902	6851	36	3	1	31	0.000136955	21905	0.999982	FALSE	NA	NA	NA	NA	NA	NA
NC_045512.2	25830	T	C	21860	6845	36	2	0	34	9.14829e-05	21862	0.999997	FALSE	NA	NA	NA	NA	NA	NA
NC_045512.2	25831	C	-T	21206	7190	36	1	0	20	4.71565e-05	21206	1	FALSE	NA	NA	NA	NA	NA	NA
NC_045512.2	25832	T	G	20951	6891	36	1	0	26	4.77259e-05	20953	1	FALSE	NA	NA	NA	NA	NA	NA
NC_045512.2	25832	T	C	20951	6891	36	1	1	34	4.77259e-05	20953	1	FALSE	NA	NA	NA	NA	NA	NA
NC_045512.2	25833	T	C	21087	7070	36	4	1	32	0.000189645	21092	0.999922	FALSE	NA	NA	NA	NA	NA	NA
NC_045512.2	25833	T	A	21087	7070	36	1	0	34	4.74113e-05	21092	1	FALSE	NA	NA	NA	NA	NA	NA
NC_045512.2	25834	T	G	21076	7054	36	1	0	34	4.74338e-05	21082	1	FALSE	NA	NA	NA	NA	NA	NA
NC_045512.2	25834	T	C	21076	7054	36	5	1	32	0.000237169	21082	0.999734	FALSE	NA	NA	NA	NA	NA	NA
NC_045512.2	25835	G	C	21035	7042	36	2	1	34	9.50706e-05	21037	0.999997	FALSE	NA	NA	NA	NA	NA	NA
NC_045512.2	25836	C	T	20890	7158	36	4	0	34	0.000191433	20895	0.999862	FALSE	NA	NA	NA	NA	NA	NA
NC_045512.2	25836	C	G	20890	7158	36	1	0	34	4.78583e-05	20895	1	FALSE	NA	NA	NA	NA	NA	NA
NC_045512.2	25837	T	C	20996	7151	36	1	0	34	4.76259e-05	20997	1	FALSE	NA	NA	NA	NA	NA	NA
NC_045512.2	25838	G	A	21134	7125	36	1	0	34	4.73149e-05	21135	1	FALSE	NA	NA	NA	NA	NA	NA
NC_045512.2	25839	G	T	21100	7090	36	1	1	34	4.71387e-05	21214	1	FALSE	NA	NA	NA	NA	NA	NA
NC_045512.2	25839	G	C	21100	7090	36	1	0	34	4.71387e-05	21214	1	FALSE	NA	NA	NA	NA	NA	NA
NC_045512.2	25839	G	A	21100	7090	36	112	40	36	0.00527953	21214	1.50131e-16	TRUE	NA	NA	NA	NA	NA	NA
NC_045512.2	25840	C	T	17706	7452	36	7	0	34	0.00039519	17713	0.988699	FALSE	NA	NA	NA	NA	NA	NA
NC_045512.2	25841	A	G	17782	7537	36	3	1	31	0.000168681	17785	0.9998	FALSE	NA	NA	NA	NA	NA	NA
NC_045512.2	25842	T	C	18047	7568	36	2	1	30	0.000110809	18049	0.99998	FALSE	NA	NA	NA	NA	NA	NA
NC_045512.2	25844	C	G	15162	7865	35	1	0	26	6.595e-05	15163	1	FALSE	NA	NA	NA	NA	NA	NA
NC_045512.2	25845	T	C	16609	9425	35	1	1	34	6.02047e-05	16610	0.999992	FALSE	NA	NA	NA	NA	NA	NA
NC_045512.2	25846	A	T	16658	9481	35	1	1	34	6.00204e-05	16661	0.999992	FALSE	NA	NA	NA	NA	NA	NA
NC_045512.2	25846	A	G	16658	9481	35	2	1	34	0.000120041	16661	0.999928	FALSE	NA	NA	NA	NA	NA	NA
NC_045512.2	25847	A	+C	16695	9501	35	1	0	20	5.98982e-05	16695	1	FALSE	NA	NA	NA	NA	NA	NA
NC_045512.2	25848	T	A	16720	9524	36	1	1	34	5.9805e-05	16721	0.999992	FALSE	NA	NA	NA	NA	NA	NA
NC_045512.2	25849	T	G	16754	9712	35	1	1	26	5.96837e-05	16755	1	FALSE	NA	NA	NA	NA	NA	NA
NC_045512.2	25850	G	A	16911	9727	35	1	1	34	5.91296e-05	16912	0.999992	FALSE	NA	NA	NA	NA	NA	NA
NC_045512.2	25851	T	A	16516	9385	35	1	1	34	6.05437e-05	16517	0.999992	FALSE	NA	NA	NA	NA	NA	NA
NC_045512.2	25853	A	G	17133	10028	36	1	1	34	5.83635e-05	17134	0.999996	FALSE	NA	NA	NA	NA	NA	NA
NC_045512.2	25854	C	T	17340	10082	36	1	0	34	5.76635e-05	17342	0.999996	FALSE	NA	NA	NA	NA	NA	NA
NC_045512.2	25854	C	A	17340	10082	36	1	1	26	5.76635e-05	17342	1	FALSE	NA	NA	NA	NA	NA	NA
NC_045512.2	25855	G	A	17347	10074	36	2	0	34	0.00011528	17349	0.999962	FALSE	NA	NA	NA	NA	NA	NA
NC_045512.2	25856	A	G	18654	11453	36	1	1	26	5.36049e-05	18655	1	FALSE	NA	NA	NA	NA	NA	NA
NC_045512.2	25858	T	C	17101	11468	35	3	2	34	0.000175398	17104	0.9998	FALSE	NA	NA	NA	NA	NA	NA
NC_045512.2	25859	A	T	18898	11589	35	1	0	34	5.28961e-05	18905	0.999998	FALSE	NA	NA	NA	NA	NA	NA
NC_045512.2	25859	A	G	18898	11589	35	2	1	29	0.000105792	18905	1	FALSE	NA	NA	NA	NA	NA	NA
NC_045512.2	25859	A	C	18898	11589	35	4	4	34	0.000211584	18905	0.999573	FALSE	NA	NA	NA	NA	NA	NA
NC_045512.2	25859	A	-T	18898	11589	35	2	0	20	0.000105792	18905	1	FALSE	NA	NA	NA	NA	NA	NA
NC_045512.2	25860	T	A	18911	11604	35	1	1	34	5.28765e-05	18912	0.999998	FALSE	NA	NA	NA	NA	NA	NA
NC_045512.2	25861	T	G	19192	11969	35	1	0	34	5.20969e-05	19195	0.999999	FALSE	NA	NA	NA	NA	NA	NA
NC_045512.2	25861	T	C	19192	11969	35	2	0	51	0.000104194	19195	0.249993	FALSE	NA	NA	NA	NA	NA	NA
NC_045512.2	25863	T	G	19279	11852	35	1	0	26	5.18484e-05	19287	1	FALSE	NA	NA	NA	NA	NA	NA
NC_045512.2	25863	T	C	19279	11852	35	7	6	34	0.000362939	19287	0.995334	FALSE	NA	NA	NA	NA	NA	NA
NC_045512.2	25864	A	G	19110	11948	35	4	1	42	0.000209271	19114	0.1875	FALSE	NA	NA	NA	NA	NA	NA
NC_045512.2	25865	T	C	19068	11902	35	1	0	34	5.24411e-05	19069	0.999999	FALSE	NA	NA	NA	NA	NA	NA
NC_045512.2	25866	A	G	18934	11790	35	2	2	34	0.000105602	18939	0.99998	FALSE	NA	NA	NA	NA	NA	NA
NC_045512.2	25866	A	C	18934	11790	35	3	3	31	0.000158403	18939	0.99989	FALSE	NA	NA	NA	NA	NA	NA
NC_045512.2	25867	C	T	20359	11810	35	1	1	34	4.91111e-05	20362	1	FALSE	NA	NA	NA	NA	NA	NA
NC_045512.2	25867	C	G	20359	11810	35	1	1	34	4.91111e-05	20362	1	FALSE	NA	NA	NA	NA	NA	NA
NC_045512.2	25867	C	A	20359	11810	35	1	0	26	4.91111e-05	20362	1	FALSE	NA	NA	NA	NA	NA	NA
NC_045512.2	25868	C	G	18384	10472	35	1	0	34	5.43922e-05	18385	0.999998	FALSE	NA	NA	NA	NA	NA	NA
NC_045512.2	25869	T	G	18484	10337	35	1	0	34	5.40862e-05	18489	0.999998	FALSE	NA	NA	NA	NA	NA	NA
NC_045512.2	25869	T	C	18484	10337	35	4	4	32	0.000216345	18489	0.999574	FALSE	NA	NA	NA	NA	NA	NA
NC_045512.2	25870	T	C	18510	10364	35	8	8	38	0.000432012	18518	0.985553	FALSE	NA	NA	NA	NA	NA	NA
NC_045512.2	25871	A	G	18699	10664	35	1	1	68	5.34759e-05	18700	0.500013	FALSE	NA	NA	NA	NA	NA	NA
NC_045512.2	25872	C	T	18944	10852	35	5	1	32	0.000263852	18950	0.998704	FALSE	NA	NA	NA	NA	NA	NA
NC_045512.2	25872	C	G	18944	10852	35	1	0	34	5.27704e-05	18950	0.999998	FALSE	NA	NA	NA	NA	NA	NA
NC_045512.2	25873	A	T	18447	10342	35	2	2	34	0.000108395	18451	0.99998	FALSE	NA	NA	NA	NA	NA	NA
NC_045512.2	25873	A	G	18447	10342	35	1	0	34	5.41976e-05	18451	0.999998	FALSE	NA	NA	NA	NA	NA	NA
NC_045512.2	25873	A	C	18447	10342	35	1	1	34	5.41976e-05	18451	0.999998	FALSE	NA	NA	NA	NA	NA	NA
NC_045512.2	25874	A	T	18536	10404	35	3	3	34	0.000161812	18540	0.99989	FALSE	NA	NA	NA	NA	NA	NA
NC_045512.2	25874	A	G	18536	10404	35	1	0	34	5.39374e-05	18540	0.999998	FALSE	NA	NA	NA	NA	NA	NA
NC_045512.2	25875	T	G	18549	10394	35	2	0	34	0.000107793	18554	0.99998	FALSE	NA	NA	NA	NA	NA	NA
NC_045512.2	25875	T	C	18549	10394	35	3	3	34	0.00016169	18554	0.99989	FALSE	NA	NA	NA	NA	NA	NA
NC_045512.2	25876	A	T	17074	8892	35	1	1	34	5.85549e-05	17078	0.999996	FALSE	NA	NA	NA	NA	NA	NA
NC_045512.2	25876	A	C	17074	8892	35	3	3	34	0.000175665	17078	0.999799	FALSE	NA	NA	NA	NA	NA	NA
NC_045512.2	25878	T	A	17397	8922	35	1	1	34	5.74779e-05	17398	0.999996	FALSE	NA	NA	NA	NA	NA	NA
NC_045512.2	25878	T	+C	17397	8922	35	2	0	20	0.000114956	17398	1	FALSE	NA	NA	NA	NA	NA	NA
NC_045512.2	25879	G	T	17393	8905	35	1	0	34	5.74911e-05	17394	0.999996	FALSE	NA	NA	NA	NA	NA	NA
NC_045512.2	25880	T	G	17342	8891	35	1	1	34	5.76602e-05	17343	0.999996	FALSE	NA	NA	NA	NA	NA	NA
NC_045512.2	25880	T	-A	17342	8891	35	1	0	20	5.76602e-05	17343	1	FALSE	NA	NA	NA	NA	NA	NA
NC_045512.2	25881	A	G	17273	8865	35	5	1	34	0.000289385	17278	0.997834	FALSE	NA	NA	NA	NA	NA	NA
NC_045512.2	25882	A	G	17283	8929	35	1	1	34	5.78536e-05	17285	0.999996	FALSE	NA	NA	NA	NA	NA	NA
NC_045512.2	25882	A	C	17283	8929	35	1	0	34	5.78536e-05	17285	0.999996	FALSE	NA	NA	NA	NA	NA	NA
NC_045512.2	25883	C	G	17373	8980	35	1	0	34	5.75573e-05	17374	0.999996	FALSE	NA	NA	NA	NA	NA	NA
NC_045512.2	25884	T	C	17319	8923	35	2	1	34	0.000115467	17321	0.999962	FALSE	NA	NA	NA	NA	NA	NA
NC_045512.2	25886	C	T	17081	8642	35	1	1	68	5.85377e-05	17083	0.5	FALSE	NA	NA	NA	NA	NA	NA
NC_045512.2	25886	C	G	17081	8642	35	1	0	26	5.85377e-05	17083	1	FALSE	NA	NA	NA	NA	NA	NA
NC_045512.2	25887	T	G	17454	9050	36	1	0	34	5.72836e-05	17457	0.999996	FALSE	NA	NA	NA	NA	NA	NA
NC_045512.2	25887	T	C	17454	9050	36	2	0	34	0.000114567	17457	0.999962	FALSE	NA	NA	NA	NA	NA	NA
NC_045512.2	25888	T	G	17181	8782	35	1	0	34	5.81937e-05	17184	0.999996	FALSE	NA	NA	NA	NA	NA	NA
NC_045512.2	25888	T	C	17181	8782	35	2	1	34	0.000116387	17184	0.999962	FALSE	NA	NA	NA	NA	NA	NA
NC_045512.2	25889	C	T	28495	20879	36	2	1	34	7.01804e-05	28498	1	FALSE	NA	NA	NA	NA	NA	NA
NC_045512.2	25889	C	G	28495	20879	36	1	1	34	3.50902e-05	28498	1	FALSE	NA	NA	NA	NA	NA	NA
NC_045512.2	25890	A	G	28924	21340	37	2	1	34	6.91419e-05	28926	1	FALSE	NA	NA	NA	NA	NA	NA
NC_045512.2	25891	A	G	29303	21829	37	2	0	34	6.82477e-05	29305	1	FALSE	NA	NA	NA	NA	NA	NA
NC_045512.2	25892	T	C	29321	21786	37	2	0	34	6.82058e-05	29323	1	FALSE	NA	NA	NA	NA	NA	NA
NC_045512.2	25893	T	C	29312	21790	37	1	1	68	3.41146e-05	29313	0.500009	FALSE	NA	NA	NA	NA	NA	NA
NC_045512.2	25895	T	C	28947	21573	37	2	1	34	6.90822e-05	28951	1	FALSE	NA	NA	NA	NA	NA	NA
NC_045512.2	25895	T	A	28947	21573	37	2	2	34	6.90822e-05	28951	1	FALSE	NA	NA	NA	NA	NA	NA
NC_045512.2	25896	C	T	29238	21932	37	2	2	34	6.83854e-05	29246	1	FALSE	NA	NA	NA	NA	NA	NA
NC_045512.2	25896	C	A	29238	21932	37	6	6	39	0.000205156	29246	0.999989	FALSE	NA	NA	NA	NA	NA	NA
NC_045512.2	25897	A	G	29284	22018	37	3	0	34	0.000102435	29287	1	FALSE	NA	NA	NA	NA	NA	NA
NC_045512.2	25897	A	-T	29284	22018	37	1	0	20	3.41448e-05	29287	1	FALSE	NA	NA	NA	NA	NA	NA
NC_045512.2	25898	T	C	29139	21837	37	2	1	34	6.86295e-05	29142	1	FALSE	NA	NA	NA	NA	NA	NA
NC_045512.2	25898	T	A	29139	21837	37	1	1	26	3.43147e-05	29142	1	FALSE	NA	NA	NA	NA	NA	NA
NC_045512.2	25900	A	G	30506	23356	37	1	1	24	3.27794e-05	30507	1	FALSE	NA	NA	NA	NA	NA	NA
NC_045512.2	25901	C	T	30641	23640	37	1	1	34	3.26349e-05	30642	1	FALSE	NA	NA	NA	NA	NA	NA
NC_045512.2	25902	T	C	30605	23620	37	4	3	34	0.000130681	30609	1	FALSE	NA	NA	NA	NA	NA	NA
NC_045512.2	25903	T	C	30648	23662	37	4	4	31	0.000130493	30653	1	FALSE	NA	NA	NA	NA	NA	NA
NC_045512.2	25903	T	A	30648	23662	37	1	0	34	3.26232e-05	30653	1	FALSE	NA	NA	NA	NA	NA	NA
NC_045512.2	25905	A	T	30400	23589	37	3	3	31	9.86096e-05	30423	1	FALSE	NA	NA	NA	NA	NA	NA
NC_045512.2	25905	A	G	30400	23589	37	20	15	37	0.000657397	30423	0.940588	FALSE	NA	NA	NA	NA	NA	NA
NC_045512.2	25908	T	C	33158	26763	37	2	2	34	6.03136e-05	33160	1	FALSE	NA	NA	NA	NA	NA	NA
NC_045512.2	25909	G	T	33080	26688	37	2	2	68	6.04522e-05	33084	0.249989	FALSE	NA	NA	NA	NA	NA	NA
NC_045512.2	25909	G	A	33080	26688	37	2	2	34	6.04522e-05	33084	1	FALSE	NA	NA	NA	NA	NA	NA
NC_045512.2	25910	A	T	32786	26803	37	1	1	34	3.04915e-05	32796	1	FALSE	NA	NA	NA	NA	NA	NA
NC_045512.2	25910	A	G	32786	26803	37	5	5	40	0.000152458	32796	0.363206	FALSE	NA	NA	NA	NA	NA	NA
NC_045512.2	25910	A	C	32786	26803	37	4	4	32	0.000121966	32796	1	FALSE	NA	NA	NA	NA	NA	NA
NC_045512.2	25911	T	G	32914	26877	37	1	0	26	3.03776e-05	32919	1	FALSE	NA	NA	NA	NA	NA	NA
NC_045512.2	25911	T	C	32914	26877	37	4	4	34	0.00012151	32919	1	FALSE	NA	NA	NA	NA	NA	NA
NC_045512.2	25913	G	T	33073	27069	37	1	1	34	3.02206e-05	33090	1	FALSE	NA	NA	NA	NA	NA	NA
NC_045512.2	25913	G	A	33073	27069	37	16	13	33	0.00048353	33090	0.995313	FALSE	NA	NA	NA	NA	NA	NA
NC_045512.2	25914	C	T	33460	27475	37	1	1	68	2.98846e-05	33462	0.5	FALSE	NA	NA	NA	NA	NA	NA
NC_045512.2	25914	C	A	33460	27475	37	1	1	34	2.98846e-05	33462	1	FALSE	NA	NA	NA	NA	NA	NA
NC_045512.2	25915	A	G	33485	27543	37	4	2	51	0.000119442	33489	0.0624981	FALSE	NA	NA	NA	NA	NA	NA
NC_045512.2	25916	C	T	33880	27868	37	1	0	34	2.95142e-05	33882	1	FALSE	NA	NA	NA	NA	NA	NA
NC_045512.2	25916	C	A	33880	27868	37	1	1	34	2.95142e-05	33882	1	FALSE	NA	NA	NA	NA	NA	NA
NC_045512.2	25917	A	G	33830	27812	37	15	11	49	0.000443184	33846	0.00376513	TRUE	NA	NA	NA	NA	NA	NA
NC_045512.2	25917	A	C	33830	27812	37	1	1	34	2.95456e-05	33846	1	FALSE	NA	NA	NA	NA	NA	NA
NC_045512.2	25918	A	G	34185	28214	37	3	3	34	8.77475e-05	34189	1	FALSE	NA	NA	NA	NA	NA	NA
NC_045512.2	25918	A	C	34185	28214	37	1	1	34	2.92492e-05	34189	1	FALSE	NA	NA	NA	NA	NA	NA
NC_045512.2	25920	A	T	33929	27993	37	3	2	42	8.83887e-05	33941	0.656146	FALSE	NA	NA	NA	NA	NA	NA
NC_045512.2	25920	A	G	33929	27993	37	5	5	32	0.000147314	33941	1	FALSE	NA	NA	NA	NA	NA	NA
NC_045512.2	25920	A	C	33929	27993	37	4	4	32	0.000117852	33941	1	FALSE	NA	NA	NA	NA	NA	NA
NC_045512.2	25921	A	G	33926	27990	37	2	2	34	5.89484e-05	33928	1	FALSE	NA	NA	NA	NA	NA	NA
NC_045512.2	25923	T	G	34753	28873	37	14	14	35	0.000402634	34771	0.998959	FALSE	NA	NA	NA	NA	NA	NA
NC_045512.2	25923	T	C	34753	28873	37	4	4	34	0.000115038	34771	1	FALSE	NA	NA	NA	NA	NA	NA
NC_045512.2	25923	T	-C	34753	28873	37	1	0	20	2.87596e-05	34771	1	FALSE	NA	NA	NA	NA	NA	NA
NC_045512.2	25924	C	T	34505	28866	37	1	1	34	2.89805e-05	34506	1	FALSE	NA	NA	NA	NA	NA	NA
NC_045512.2	25925	C	T	34404	28787	37	1	1	34	2.90605e-05	34411	1	FALSE	NA	NA	NA	NA	NA	NA
NC_045512.2	25925	C	A	34404	28787	37	6	3	34	0.000174363	34411	0.999999	FALSE	NA	NA	NA	NA	NA	NA
NC_045512.2	25926	T	C	33871	28231	37	4	2	51	0.000118081	33875	0.0624982	FALSE	NA	NA	NA	NA	NA	NA
NC_045512.2	25927	A	G	34396	28764	37	1	0	34	2.90723e-05	34397	1	FALSE	NA	NA	NA	NA	NA	NA
NC_045512.2	25929	T	C	35272	29734	37	4	3	42	0.000113392	35276	0.500016	FALSE	NA	NA	NA	NA	NA	NA
NC_045512.2	25930	T	C	35588	30130	37	5	3	40	0.000140473	35594	0.363274	FALSE	NA	NA	NA	NA	NA	NA
NC_045512.2	25930	T	A	35588	30130	37	1	1	27	2.80946e-05	35594	1	FALSE	NA	NA	NA	NA	NA	NA
NC_045512.2	25931	C	T	35698	30269	37	1	1	34	2.8012e-05	35699	1	FALSE	NA	NA	NA	NA	NA	NA
NC_045512.2	25932	T	C	36168	31033	37	2	2	34	5.52944e-05	36170	1	FALSE	NA	NA	NA	NA	NA	NA
NC_045512.2	25932	T	-G	36168	31033	37	1	0	20	2.76472e-05	36170	1	FALSE	NA	NA	NA	NA	NA	NA
NC_045512.2	25933	G	T	37759	32685	38	2	2	34	5.29619e-05	37763	1	FALSE	NA	NA	NA	NA	NA	NA
NC_045512.2	25933	G	C	37759	32685	38	1	1	34	2.64809e-05	37763	1	FALSE	NA	NA	NA	NA	NA	NA
NC_045512.2	25933	G	A	37759	32685	38	1	1	34	2.64809e-05	37763	1	FALSE	NA	NA	NA	NA	NA	NA
NC_045512.2	25934	A	T	38139	33113	38	1	1	26	2.62164e-05	38144	1	FALSE	NA	NA	NA	NA	NA	NA
NC_045512.2	25934	A	G	38139	33113	38	4	4	51	0.000104866	38144	0.0624951	FALSE	NA	NA	NA	NA	NA	NA
NC_045512.2	25935	A	T	38106	33102	38	1	1	34	2.62378e-05	38113	1	FALSE	NA	NA	NA	NA	NA	NA
NC_045512.2	25935	A	G	38106	33102	38	4	2	42	0.000104951	38113	0.499971	FALSE	NA	NA	NA	NA	NA	NA
NC_045512.2	25935	A	C	38106	33102	38	2	2	29	5.24755e-05	38113	1	FALSE	NA	NA	NA	NA	NA	NA
NC_045512.2	25936	C	G	38125	33140	38	1	0	27	2.62288e-05	38126	1	FALSE	NA	NA	NA	NA	NA	NA
NC_045512.2	25937	A	G	38364	33453	38	1	0	68	2.60647e-05	38366	0.5	FALSE	NA	NA	NA	NA	NA	NA
NC_045512.2	25937	A	C	38364	33453	38	1	0	26	2.60647e-05	38366	1	FALSE	NA	NA	NA	NA	NA	NA
NC_045512.2	25938	T	G	37636	32736	38	3	1	26	7.96982e-05	37642	1	FALSE	NA	NA	NA	NA	NA	NA
NC_045512.2	25938	T	C	37636	32736	38	3	2	28	7.96982e-05	37642	1	FALSE	NA	NA	NA	NA	NA	NA
NC_045512.2	25939	G	T	38543	33735	38	3	3	34	7.78271e-05	38547	1	FALSE	NA	NA	NA	NA	NA	NA
NC_045512.2	25939	G	C	38543	33735	38	1	0	68	2.59424e-05	38547	0.499987	FALSE	NA	NA	NA	NA	NA	NA
NC_045512.2	25940	A	T	42289	38265	39	1	1	26	2.36412e-05	42299	1	FALSE	NA	NA	NA	NA	NA	NA
NC_045512.2	25940	A	G	42289	38265	39	9	7	41	0.000212771	42299	0.133404	FALSE	NA	NA	NA	NA	NA	NA
NC_045512.2	25941	C	G	42369	38545	38	1	0	27	2.36016e-05	42370	1	FALSE	NA	NA	NA	NA	NA	NA
NC_045512.2	25942	T	G	43443	39844	39	1	1	26	2.30176e-05	43445	1	FALSE	NA	NA	NA	NA	NA	NA
NC_045512.2	25942	T	C	43443	39844	39	1	1	34	2.30176e-05	43445	1	FALSE	NA	NA	NA	NA	NA	NA
NC_045512.2	25943	A	T	43381	39777	39	1	0	27	2.30494e-05	43385	1	FALSE	NA	NA	NA	NA	NA	NA
NC_045512.2	25943	A	G	43381	39777	39	2	2	34	4.60989e-05	43385	1	FALSE	NA	NA	NA	NA	NA	NA
NC_045512.2	25943	A	C	43381	39777	39	1	1	34	2.30494e-05	43385	1	FALSE	NA	NA	NA	NA	NA	NA
NC_045512.2	25944	C	T	43418	39839	38	1	1	34	2.30314e-05	43419	1	FALSE	NA	NA	NA	NA	NA	NA
NC_045512.2	25946	A	T	41517	37995	39	1	1	26	2.40732e-05	41540	1	FALSE	NA	NA	NA	NA	NA	NA
NC_045512.2	25946	A	G	41517	37995	39	4	2	29	9.62927e-05	41540	1	FALSE	NA	NA	NA	NA	NA	NA
NC_045512.2	25946	A	C	41517	37995	39	18	18	34	0.000433317	41540	0.999228	FALSE	NA	NA	NA	NA	NA	NA
NC_045512.2	25947	G	T	41526	37995	39	1	1	34	2.4079e-05	41530	1	FALSE	NA	NA	NA	NA	NA	NA
NC_045512.2	25947	G	A	41526	37995	39	3	3	34	7.22369e-05	41530	1	FALSE	NA	NA	NA	NA	NA	NA
NC_045512.2	25948	A	G	41331	37816	39	3	3	34	7.25795e-05	41334	1	FALSE	NA	NA	NA	NA	NA	NA
NC_045512.2	25949	T	G	37817	34319	37	1	1	26	2.64403e-05	37821	1	FALSE	NA	NA	NA	NA	NA	NA
NC_045512.2	25949	T	C	37817	34319	37	3	3	31	7.9321e-05	37821	1	FALSE	NA	NA	NA	NA	NA	NA
NC_045512.2	25950	T	C	40775	37297	38	3	3	40	7.35691e-05	40778	0.773458	FALSE	NA	NA	NA	NA	NA	NA
NC_045512.2	25953	T	C	40383	36968	39	4	3	29	9.90369e-05	40389	1	FALSE	NA	NA	NA	NA	NA	NA
NC_045512.2	25953	T	A	40383	36968	39	2	2	30	4.95184e-05	40389	1	FALSE	NA	NA	NA	NA	NA	NA
NC_045512.2	25954	G	T	40250	36831	39	1	1	34	2.48441e-05	40251	1	FALSE	NA	NA	NA	NA	NA	NA
NC_045512.2	25955	G	T	40195	36880	38	6	6	32	0.000149239	40204	1	FALSE	NA	NA	NA	NA	NA	NA
NC_045512.2	25955	G	A	40195	36880	38	3	3	34	7.46194e-05	40204	1	FALSE	NA	NA	NA	NA	NA	NA
NC_045512.2	25955	G	-T	40195	36880	38	1	0	20	2.48731e-05	40204	1	FALSE	NA	NA	NA	NA	NA	NA
NC_045512.2	25956	T	G	38755	35488	39	2	2	51	5.15956e-05	38763	0.249958	FALSE	NA	NA	NA	NA	NA	NA
NC_045512.2	25956	T	C	38755	35488	39	6	5	32	0.000154787	38763	1	FALSE	NA	NA	NA	NA	NA	NA
NC_045512.2	25957	T	C	38597	35332	39	3	1	56	7.77202e-05	38600	0.125	FALSE	NA	NA	NA	NA	NA	NA
NC_045512.2	25958	A	T	38579	35471	38	1	1	34	2.59148e-05	38588	1	FALSE	NA	NA	NA	NA	NA	NA
NC_045512.2	25958	A	G	38579	35471	38	1	1	34	2.59148e-05	38588	1	FALSE	NA	NA	NA	NA	NA	NA
NC_045512.2	25958	A	C	38579	35471	38	7	7	31	0.000181404	38588	1	FALSE	NA	NA	NA	NA	NA	NA
NC_045512.2	25958	A	-T	38579	35471	38	1	0	20	2.59148e-05	38588	1	FALSE	NA	NA	NA	NA	NA	NA
NC_045512.2	25959	T	C	38625	35509	38	3	3	34	7.76619e-05	38629	1	FALSE	NA	NA	NA	NA	NA	NA
NC_045512.2	25959	T	A	38625	35509	38	1	1	34	2.58873e-05	38629	1	FALSE	NA	NA	NA	NA	NA	NA
NC_045512.2	25960	A	T	38389	36105	37	2	2	34	5.20928e-05	38393	1	FALSE	NA	NA	NA	NA	NA	NA
NC_045512.2	25960	A	G	38389	36105	37	1	1	34	2.60464e-05	38393	1	FALSE	NA	NA	NA	NA	NA	NA
NC_045512.2	25960	A	C	38389	36105	37	1	1	27	2.60464e-05	38393	1	FALSE	NA	NA	NA	NA	NA	NA
NC_045512.2	25961	C	T	38458	36423	37	3	3	34	7.7993e-05	38465	1	FALSE	NA	NA	NA	NA	NA	NA
NC_045512.2	25961	C	G	38458	36423	37	3	3	34	7.7993e-05	38465	1	FALSE	NA	NA	NA	NA	NA	NA
NC_045512.2	25961	C	A	38458	36423	37	1	1	34	2.59977e-05	38465	1	FALSE	NA	NA	NA	NA	NA	NA
NC_045512.2	25962	T	C	37708	35677	37	10	10	32	0.000265125	37718	0.999988	FALSE	NA	NA	NA	NA	NA	NA
NC_045512.2	25963	G	T	37989	35961	37	4	4	34	0.000105274	37996	1	FALSE	NA	NA	NA	NA	NA	NA
NC_045512.2	25963	G	C	37989	35961	37	2	2	34	5.26371e-05	37996	1	FALSE	NA	NA	NA	NA	NA	NA
NC_045512.2	25963	G	A	37989	35961	37	1	1	34	2.63186e-05	37996	1	FALSE	NA	NA	NA	NA	NA	NA
NC_045512.2	25963	G	-A	37989	35961	37	17	0	20	0.000447416	37996	1	FALSE	NA	NA	NA	NA	NA	NA
NC_045512.2	25963	G	+A	37989	35961	37	1	0	20	2.63186e-05	37996	1	FALSE	NA	NA	NA	NA	NA	NA
NC_045512.2	25964	A	T	37918	35894	37	1	1	34	2.63692e-05	37923	1	FALSE	NA	NA	NA	NA	NA	NA
NC_045512.2	25964	A	G	37918	35894	37	4	4	34	0.000105477	37923	1	FALSE	NA	NA	NA	NA	NA	NA
NC_045512.2	25966	A	G	37886	35878	37	1	1	24	2.63943e-05	37887	1	FALSE	NA	NA	NA	NA	NA	NA
NC_045512.2	25967	A	T	35841	33969	37	1910	1814	36	0.0505893	37755	0	TRUE	NA	NA	NA	NA	NA	NA
NC_045512.2	25967	A	G	35841	33969	37	3	3	34	7.94597e-05	37755	1	FALSE	NA	NA	NA	NA	NA	NA
NC_045512.2	25967	A	C	35841	33969	37	1	1	26	2.64866e-05	37755	1	FALSE	NA	NA	NA	NA	NA	NA
NC_045512.2	25968	A	G	37728	36437	35	1	1	34	2.65048e-05	37729	1	FALSE	NA	NA	NA	NA	NA	NA
NC_045512.2	25969	T	G	37786	36502	36	1	0	34	2.64606e-05	37792	1	FALSE	NA	NA	NA	NA	NA	NA
NC_045512.2	25969	T	C	37786	36502	36	5	5	30	0.000132303	37792	1	FALSE	NA	NA	NA	NA	NA	NA
NC_045512.2	25970	G	A	37724	36540	35	6	6	34	0.000159025	37730	1	FALSE	NA	NA	NA	NA	NA	NA
NC_045512.2	25971	G	T	37563	36381	35	3	3	34	7.98573e-05	37567	1	FALSE	NA	NA	NA	NA	NA	NA
NC_045512.2	25971	G	A	37563	36381	35	1	1	34	2.66191e-05	37567	1	FALSE	NA	NA	NA	NA	NA	NA
NC_045512.2	25972	G	A	37229	36058	35	3	3	34	8.05758e-05	37232	1	FALSE	NA	NA	NA	NA	NA	NA
NC_045512.2	25972	G	-A	37229	36058	35	1	0	20	2.68586e-05	37232	1	FALSE	NA	NA	NA	NA	NA	NA
NC_045512.2	25972	G	+A	37229	36058	35	1	0	20	2.68586e-05	37232	1	FALSE	NA	NA	NA	NA	NA	NA
NC_045512.2	25973	A	G	37022	35888	35	1	1	26	2.70095e-05	37024	1	FALSE	NA	NA	NA	NA	NA	NA
NC_045512.2	25973	A	C	37022	35888	35	1	1	26	2.70095e-05	37024	1	FALSE	NA	NA	NA	NA	NA	NA
NC_045512.2	25974	A	G	37091	35959	35	5	3	34	0.000134785	37096	1	FALSE	NA	NA	NA	NA	NA	NA
NC_045512.2	25976	C	T	37023	36154	35	1	1	34	2.70095e-05	37024	1	FALSE	NA	NA	NA	NA	NA	NA
NC_045512.2	25977	T	C	36894	36025	35	2	2	30	5.42035e-05	36898	1	FALSE	NA	NA	NA	NA	NA	NA
NC_045512.2	25977	T	A	36894	36025	35	2	2	34	5.42035e-05	36898	1	FALSE	NA	NA	NA	NA	NA	NA
NC_045512.2	25978	G	T	36780	35913	35	1	1	34	2.7188e-05	36781	1	FALSE	NA	NA	NA	NA	NA	NA
NC_045512.2	25979	G	T	36753	35885	35	9	9	31	0.000244785	36767	0.999992	FALSE	NA	NA	NA	NA	NA	NA
NC_045512.2	25979	G	C	36753	35885	35	5	5	29	0.000135992	36767	1	FALSE	NA	NA	NA	NA	NA	NA
NC_045512.2	25980	A	T	36820	35951	35	1	1	26	2.7154e-05	36827	1	FALSE	NA	NA	NA	NA	NA	NA
NC_045512.2	25980	A	G	36820	35951	35	4	4	32	0.000108616	36827	1	FALSE	NA	NA	NA	NA	NA	NA
NC_045512.2	25980	A	C	36820	35951	35	2	2	30	5.4308e-05	36827	1	FALSE	NA	NA	NA	NA	NA	NA
NC_045512.2	25981	G	A	36783	35914	35	2	2	34	5.437e-05	36785	1	FALSE	NA	NA	NA	NA	NA	NA
NC_045512.2	25982	T	C	36626	35769	35	2	1	51	5.4603e-05	36628	0.250003	FALSE	NA	NA	NA	NA	NA	NA
NC_045512.2	25982	T	-A	36626	35769	35	1	0	20	2.73015e-05	36628	1	FALSE	NA	NA	NA	NA	NA	NA
NC_045512.2	25984	A	G	58679	36767	34	3	1	34	5.11221e-05	58683	1	FALSE	NA	NA	NA	NA	NA	NA
NC_045512.2	25984	A	C	58679	36767	34	1	1	26	1.70407e-05	58683	1	FALSE	NA	NA	NA	NA	NA	NA
NC_045512.2	25985	A	G	58247	36777	34	5	2	39	8.5834e-05	58252	1	FALSE	NA	NA	NA	NA	NA	NA
NC_045512.2	25986	A	T	60917	36784	34	4	3	32	6.56362e-05	60942	1	FALSE	NA	NA	NA	NA	NA	NA
NC_045512.2	25986	A	G	60917	36784	34	21	19	33	0.00034459	60942	0.999997	FALSE	NA	NA	NA	NA	NA	NA
NC_045512.2	25987	G	T	61012	36844	34	1	1	34	1.63894e-05	61015	1	FALSE	NA	NA	NA	NA	NA	NA
NC_045512.2	25987	G	C	61012	36844	34	1	1	34	1.63894e-05	61015	1	FALSE	NA	NA	NA	NA	NA	NA
NC_045512.2	25987	G	A	61012	36844	34	1	1	34	1.63894e-05	61015	1	FALSE	NA	NA	NA	NA	NA	NA
NC_045512.2	25988	A	T	60499	36193	34	1	1	26	1.65276e-05	60505	1	FALSE	NA	NA	NA	NA	NA	NA
NC_045512.2	25988	A	G	60499	36193	34	5	1	34	8.26378e-05	60505	1	FALSE	NA	NA	NA	NA	NA	NA
NC_045512.2	25989	C	T	61259	36377	34	3	1	34	4.89684e-05	61264	1	FALSE	NA	NA	NA	NA	NA	NA
NC_045512.2	25989	C	G	61259	36377	34	2	0	34	3.26456e-05	61264	1	FALSE	NA	NA	NA	NA	NA	NA
NC_045512.2	25990	T	G	47952	23143	34	2	1	34	4.16554e-05	48013	1	FALSE	NA	NA	NA	NA	NA	NA
NC_045512.2	25990	T	C	47952	23143	34	50	45	33	0.00104138	48013	0.459372	FALSE	NA	NA	NA	NA	NA	NA
NC_045512.2	25990	T	A	47952	23143	34	9	8	33	0.000187449	48013	1	FALSE	NA	NA	NA	NA	NA	NA
NC_045512.2	25991	G	T	58568	23159	34	3	3	34	5.11587e-05	58641	1	FALSE	NA	NA	NA	NA	NA	NA
NC_045512.2	25991	G	C	58568	23159	34	64	64	33	0.00109139	58641	0.325123	FALSE	NA	NA	NA	NA	NA	NA
NC_045512.2	25991	G	A	58568	23159	34	6	0	31	0.000102317	58641	1	FALSE	NA	NA	NA	NA	NA	NA
NC_045512.2	25992	T	G	58114	22815	34	1	1	26	1.72061e-05	58119	1	FALSE	NA	NA	NA	NA	NA	NA
NC_045512.2	25992	T	C	58114	22815	34	3	1	34	5.16182e-05	58119	1	FALSE	NA	NA	NA	NA	NA	NA
NC_045512.2	25992	T	A	58114	22815	34	1	0	34	1.72061e-05	58119	1	FALSE	NA	NA	NA	NA	NA	NA
NC_045512.2	25993	G	T	59518	22812	34	1	0	34	1.68008e-05	59521	1	FALSE	NA	NA	NA	NA	NA	NA
NC_045512.2	25993	G	C	59518	22812	34	1	0	26	1.68008e-05	59521	1	FALSE	NA	NA	NA	NA	NA	NA
NC_045512.2	25993	G	A	59518	22812	34	1	0	34	1.68008e-05	59521	1	FALSE	NA	NA	NA	NA	NA	NA
NC_045512.2	25994	T	G	59731	22846	34	1	0	34	1.67375e-05	59746	1	FALSE	NA	NA	NA	NA	NA	NA
NC_045512.2	25994	T	C	59731	22846	34	8	4	37	0.0001339	59746	1	FALSE	NA	NA	NA	NA	NA	NA
NC_045512.2	25994	T	A	59731	22846	34	6	0	32	0.000100425	59746	1	FALSE	NA	NA	NA	NA	NA	NA
NC_045512.2	25995	T	G	59497	22568	34	2	0	30	3.36106e-05	59505	1	FALSE	NA	NA	NA	NA	NA	NA
NC_045512.2	25995	T	C	59497	22568	34	6	2	34	0.000100832	59505	1	FALSE	NA	NA	NA	NA	NA	NA
NC_045512.2	25996	G	T	75539	22719	34	1	0	68	1.3237e-05	75546	0.499983	FALSE	NA	NA	NA	NA	NA	NA
NC_045512.2	25996	G	A	75539	22719	34	6	2	31	7.94218e-05	75546	1	FALSE	NA	NA	NA	NA	NA	NA
NC_045512.2	25997	T	C	74336	21821	34	5	0	32	6.72567e-05	74342	1	FALSE	NA	NA	NA	NA	NA	NA
NC_045512.2	25997	T	A	74336	21821	34	1	1	34	1.34513e-05	74342	1	FALSE	NA	NA	NA	NA	NA	NA
NC_045512.2	25998	A	G	76415	22678	34	6	2	34	7.85125e-05	76421	1	FALSE	NA	NA	NA	NA	NA	NA
NC_045512.2	25999	T	G	77568	22734	34	1	0	34	1.28908e-05	77575	1	FALSE	NA	NA	NA	NA	NA	NA
NC_045512.2	25999	T	C	77568	22734	34	1	0	34	1.28908e-05	77575	1	FALSE	NA	NA	NA	NA	NA	NA
NC_045512.2	25999	T	A	77568	22734	34	5	1	30	6.44538e-05	77575	1	FALSE	NA	NA	NA	NA	NA	NA
NC_045512.2	26000	T	C	75912	21094	34	14	2	34	0.00018439	75926	1	FALSE	NA	NA	NA	NA	NA	NA
NC_045512.2	26001	A	T	74960	21334	34	1	0	34	1.33381e-05	74973	1	FALSE	NA	NA	NA	NA	NA	NA
NC_045512.2	26001	A	G	74960	21334	34	12	8	32	0.000160058	74973	1	FALSE	NA	NA	NA	NA	NA	NA
NC_045512.2	26002	C	A	76629	21356	34	1	1	34	1.30497e-05	76630	1	FALSE	NA	NA	NA	NA	NA	NA
NC_045512.2	26003	A	T	76327	21092	34	9	0	34	0.000117883	76347	1	FALSE	NA	NA	NA	NA	NA	NA
NC_045512.2	26003	A	G	76327	21092	34	6	2	34	7.85885e-05	76347	1	FALSE	NA	NA	NA	NA	NA	NA
NC_045512.2	26003	A	C	76327	21092	34	5	1	34	6.54905e-05	76347	1	FALSE	NA	NA	NA	NA	NA	NA
NC_045512.2	26004	C	T	80415	21136	34	11	4	34	0.000136544	80560	1	FALSE	NA	NA	NA	NA	NA	NA
NC_045512.2	26004	C	G	80415	21136	34	115	0	34	0.00142751	80560	0.00726358	TRUE	NA	NA	NA	NA	NA	NA
NC_045512.2	26004	C	A	80415	21136	34	19	0	33	0.000235849	80560	1	FALSE	NA	NA	NA	NA	NA	NA
NC_045512.2	26004	C	-AGT	80415	21136	34	2	0	20	2.48262e-05	80560	1	FALSE	NA	NA	NA	NA	NA	NA
NC_045512.2	26004	C	-AG	80415	21136	34	1	0	20	1.24131e-05	80560	1	FALSE	NA	NA	NA	NA	NA	NA
NC_045512.2	26005	A	T	77620	17910	34	16	2	34	0.000205867	77720	1	FALSE	NA	NA	NA	NA	NA	NA
NC_045512.2	26005	A	G	77620	17910	34	76	4	34	0.000977869	77720	0.563406	FALSE	NA	NA	NA	NA	NA	NA
NC_045512.2	26005	A	C	77620	17910	34	8	0	32	0.000102934	77720	1	FALSE	NA	NA	NA	NA	NA	NA
NC_045512.2	26006	G	T	135117	18132	34	2	0	30	1.48001e-05	135134	1	FALSE	NA	NA	NA	NA	NA	NA
NC_045512.2	26006	G	C	135117	18132	34	6	6	34	4.44004e-05	135134	1	FALSE	NA	NA	NA	NA	NA	NA
NC_045512.2	26006	G	A	135117	18132	34	9	1	49	6.66006e-05	135134	0.856831	FALSE	NA	NA	NA	NA	NA	NA
NC_045512.2	26006	G	-T	135117	18132	34	1	0	20	7.3999e-06	135137	1	FALSE	NA	NA	NA	NA	NA	NA
NC_045512.2	26007	T	G	134232	18006	34	1	0	34	7.4494e-06	134239	1	FALSE	NA	NA	NA	NA	NA	NA
NC_045512.2	26007	T	C	134232	18006	34	5	0	34	3.7247e-05	134239	1	FALSE	NA	NA	NA	NA	NA	NA
NC_045512.2	26007	T	A	134232	18006	34	1	0	34	7.4494e-06	134239	1	FALSE	NA	NA	NA	NA	NA	NA
NC_045512.2	26008	T	G	135411	17896	34	8	0	31	5.90724e-05	135427	1	FALSE	NA	NA	NA	NA	NA	NA
NC_045512.2	26008	T	C	135411	17896	34	7	4	34	5.16884e-05	135427	1	FALSE	NA	NA	NA	NA	NA	NA
NC_045512.2	26008	T	A	135411	17896	34	1	1	34	7.38405e-06	135427	1	FALSE	NA	NA	NA	NA	NA	NA
NC_045512.2	26009	A	T	134057	17971	34	2	0	34	1.49181e-05	134065	1	FALSE	NA	NA	NA	NA	NA	NA
NC_045512.2	26009	A	G	134057	17971	34	6	0	32	4.47544e-05	134065	1	FALSE	NA	NA	NA	NA	NA	NA
NC_045512.2	26010	C	T	129214	17973	33	6	1	34	4.64306e-05	129225	1	FALSE	NA	NA	NA	NA	NA	NA
NC_045512.2	26010	C	G	129214	17973	33	2	0	34	1.54769e-05	129225	1	FALSE	NA	NA	NA	NA	NA	NA
NC_045512.2	26010	C	A	129214	17973	33	3	3	34	2.32153e-05	129225	1	FALSE	NA	NA	NA	NA	NA	NA
NC_045512.2	26010	C	-T	129214	17973	33	2	0	20	1.54769e-05	129225	1	FALSE	NA	NA	NA	NA	NA	NA
NC_045512.2	26011	T	G	136426	17896	34	3	0	31	2.19849e-05	136457	1	FALSE	NA	NA	NA	NA	NA	NA
NC_045512.2	26011	T	C	136426	17896	34	20	4	33	0.000146566	136457	1	FALSE	NA	NA	NA	NA	NA	NA
NC_045512.2	26011	T	A	136426	17896	34	8	0	30	5.86265e-05	136457	1	FALSE	NA	NA	NA	NA	NA	NA
NC_045512.2	26012	T	C	136497	17925	34	16	1	33	0.000117204	136514	1	FALSE	NA	NA	NA	NA	NA	NA
NC_045512.2	26012	T	A	136497	17925	34	1	0	34	7.32526e-06	136514	1	FALSE	NA	NA	NA	NA	NA	NA
NC_045512.2	26013	C	T	136211	17595	34	7	2	34	5.13871e-05	136221	1	FALSE	NA	NA	NA	NA	NA	NA
NC_045512.2	26013	C	G	136211	17595	34	2	0	34	1.4682e-05	136221	1	FALSE	NA	NA	NA	NA	NA	NA
NC_045512.2	26013	C	A	136211	17595	34	1	0	34	7.34101e-06	136221	1	FALSE	NA	NA	NA	NA	NA	NA
NC_045512.2	26014	A	T	136523	17257	34	1	0	34	7.32381e-06	136541	1	FALSE	NA	NA	NA	NA	NA	NA
NC_045512.2	26014	A	G	136523	17257	34	15	3	34	0.000109857	136541	1	FALSE	NA	NA	NA	NA	NA	NA
NC_045512.2	26014	A	C	136523	17257	34	2	2	34	1.46476e-05	136541	1	FALSE	NA	NA	NA	NA	NA	NA
NC_045512.2	26015	C	T	138339	17336	34	2	0	51	1.44554e-05	138357	0.499959	FALSE	NA	NA	NA	NA	NA	NA
NC_045512.2	26015	C	G	138339	17336	34	8	0	32	5.78214e-05	138357	1	FALSE	NA	NA	NA	NA	NA	NA
NC_045512.2	26015	C	A	138339	17336	34	8	0	28	5.78214e-05	138357	1	FALSE	NA	NA	NA	NA	NA	NA
NC_045512.2	26016	T	G	137621	17029	34	18	0	30	0.000130758	137659	1	FALSE	NA	NA	NA	NA	NA	NA
NC_045512.2	26016	T	C	137621	17029	34	14	3	35	0.000101701	137659	1	FALSE	NA	NA	NA	NA	NA	NA
NC_045512.2	26016	T	A	137621	17029	34	6	0	31	4.3586e-05	137659	1	FALSE	NA	NA	NA	NA	NA	NA
NC_045512.2	26017	T	C	137689	17398	34	16	5	40	0.000116185	137711	0.355491	FALSE	NA	NA	NA	NA	NA	NA
NC_045512.2	26017	T	A	137689	17398	34	6	2	32	4.35695e-05	137711	1	FALSE	NA	NA	NA	NA	NA	NA
NC_045512.2	26018	C	T	137712	17414	34	14	0	34	0.00010165	137727	1	FALSE	NA	NA	NA	NA	NA	NA
NC_045512.2	26018	C	A	137712	17414	34	1	0	34	7.26074e-06	137727	1	FALSE	NA	NA	NA	NA	NA	NA
NC_045512.2	26019	A	T	137448	16983	34	1	0	34	7.27453e-06	137466	1	FALSE	NA	NA	NA	NA	NA	NA
NC_045512.2	26019	A	G	137448	16983	34	17	3	34	0.000123667	137466	1	FALSE	NA	NA	NA	NA	NA	NA
NC_045512.2	26020	G	T	139817	16980	34	2	2	51	1.43026e-05	139835	0.49996	FALSE	NA	NA	NA	NA	NA	NA
NC_045512.2	26020	G	C	139817	16980	34	14	14	34	0.000100118	139835	1	FALSE	NA	NA	NA	NA	NA	NA
NC_045512.2	26020	G	A	139817	16980	34	2	0	34	1.43026e-05	139835	1	FALSE	NA	NA	NA	NA	NA	NA
NC_045512.2	26021	A	T	140043	17329	35	1	1	68	7.1397e-06	140062	0.49997	FALSE	NA	NA	NA	NA	NA	NA
NC_045512.2	26021	A	G	140043	17329	35	18	1	33	0.000128515	140062	1	FALSE	NA	NA	NA	NA	NA	NA
NC_045512.2	26022	C	T	141582	17456	35	2	0	34	1.41257e-05	141586	1	FALSE	NA	NA	NA	NA	NA	NA
NC_045512.2	26022	C	A	141582	17456	35	2	0	34	1.41257e-05	141586	1	FALSE	NA	NA	NA	NA	NA	NA
NC_045512.2	26023	T	G	127357	3397	35	5	0	34	3.92037e-05	127539	1	FALSE	NA	NA	NA	NA	NA	NA
NC_045512.2	26023	T	C	127357	3397	35	177	4	36	0.00138781	127539	0.0024188	TRUE	NA	NA	NA	NA	NA	NA
NC_045512.2	26024	A	T	133404	3626	35	2	0	34	1.49917e-05	133407	1	FALSE	NA	NA	NA	NA	NA	NA
NC_045512.2	26024	A	G	133404	3626	35	1	0	34	7.49586e-06	133407	1	FALSE	NA	NA	NA	NA	NA	NA
NC_045512.2	26025	T	C	133240	3658	35	12	0	33	9.00522e-05	133256	1	FALSE	NA	NA	NA	NA	NA	NA
NC_045512.2	26025	T	A	133240	3658	35	4	0	30	3.00174e-05	133256	1	FALSE	NA	NA	NA	NA	NA	NA
NC_045512.2	26026	T	G	131761	3663	34	6	0	28	4.55322e-05	131775	1	FALSE	NA	NA	NA	NA	NA	NA
NC_045512.2	26026	T	C	131761	3663	34	8	1	38	6.07095e-05	131775	1	FALSE	NA	NA	NA	NA	NA	NA
NC_045512.2	26027	A	G	133818	3665	35	16	0	33	0.000119551	133834	1	FALSE	NA	NA	NA	NA	NA	NA
NC_045512.2	26027	A	-C	133818	3665	35	2	0	20	1.49439e-05	133834	1	FALSE	NA	NA	NA	NA	NA	NA
NC_045512.2	26028	C	T	133741	3679	35	7	0	34	5.23368e-05	133749	1	FALSE	NA	NA	NA	NA	NA	NA
NC_045512.2	26028	C	A	133741	3679	35	1	0	34	7.47669e-06	133749	1	FALSE	NA	NA	NA	NA	NA	NA
NC_045512.2	26029	C	T	134503	3680	35	1	0	34	7.4345e-06	134508	1	FALSE	NA	NA	NA	NA	NA	NA
NC_045512.2	26029	C	G	134503	3680	35	1	0	34	7.4345e-06	134508	1	FALSE	NA	NA	NA	NA	NA	NA
NC_045512.2	26029	C	A	134503	3680	35	3	0	31	2.23035e-05	134508	1	FALSE	NA	NA	NA	NA	NA	NA
NC_045512.2	26030	A	G	135316	3683	35	14	1	33	0.000103451	135330	1	FALSE	NA	NA	NA	NA	NA	NA
NC_045512.2	26031	G	T	140926	3755	35	2	0	34	1.41913e-05	140931	1	FALSE	NA	NA	NA	NA	NA	NA
NC_045512.2	26031	G	A	140926	3755	35	3	0	34	2.1287e-05	140931	1	FALSE	NA	NA	NA	NA	NA	NA
NC_045512.2	26032	C	T	141349	4175	35	8	0	34	5.65931e-05	141360	1	FALSE	NA	NA	NA	NA	NA	NA
NC_045512.2	26032	C	G	141349	4175	35	2	0	34	1.41483e-05	141360	1	FALSE	NA	NA	NA	NA	NA	NA
NC_045512.2	26032	C	A	141349	4175	35	1	0	34	7.07414e-06	141360	1	FALSE	NA	NA	NA	NA	NA	NA
NC_045512.2	26033	T	G	139952	4180	35	4	0	30	2.8578e-05	139968	1	FALSE	NA	NA	NA	NA	NA	NA
NC_045512.2	26033	T	C	139952	4180	35	12	0	34	8.57339e-05	139968	1	FALSE	NA	NA	NA	NA	NA	NA
NC_045512.2	26034	G	T	144062	4221	35	1	0	34	6.94097e-06	144072	1	FALSE	NA	NA	NA	NA	NA	NA
NC_045512.2	26034	G	C	144062	4221	35	2	0	34	1.38819e-05	144072	1	FALSE	NA	NA	NA	NA	NA	NA
NC_045512.2	26034	G	A	144062	4221	35	7	1	38	4.85868e-05	144072	1	FALSE	NA	NA	NA	NA	NA	NA
NC_045512.2	26035	T	C	143904	4474	35	1	0	34	6.94893e-06	143907	1	FALSE	NA	NA	NA	NA	NA	NA
NC_045512.2	26035	T	A	143904	4474	35	2	0	34	1.38979e-05	143907	1	FALSE	NA	NA	NA	NA	NA	NA
NC_045512.2	26035	T	-A	143904	4474	35	1	0	20	6.94893e-06	143907	1	FALSE	NA	NA	NA	NA	NA	NA
NC_045512.2	26036	A	T	145347	4510	35	2	0	34	1.37591e-05	145358	1	FALSE	NA	NA	NA	NA	NA	NA
NC_045512.2	26036	A	G	145347	4510	35	9	0	34	6.19161e-05	145358	1	FALSE	NA	NA	NA	NA	NA	NA
NC_045512.2	26037	C	T	146605	4523	35	20	0	34	0.000136398	146630	1	FALSE	NA	NA	NA	NA	NA	NA
NC_045512.2	26037	C	G	146605	4523	35	4	0	32	2.72795e-05	146630	1	FALSE	NA	NA	NA	NA	NA	NA
NC_045512.2	26037	C	A	146605	4523	35	1	0	34	6.81989e-06	146630	1	FALSE	NA	NA	NA	NA	NA	NA
NC_045512.2	26038	T	G	146607	4546	35	5	0	34	3.4095e-05	146649	1	FALSE	NA	NA	NA	NA	NA	NA
NC_045512.2	26038	T	C	146607	4546	35	32	1	35	0.000218208	146649	1	FALSE	NA	NA	NA	NA	NA	NA
NC_045512.2	26038	T	A	146607	4546	35	5	0	34	3.4095e-05	146649	1	FALSE	NA	NA	NA	NA	NA	NA
NC_045512.2	26039	C	T	167068	4646	35	9	0	34	5.38654e-05	167083	1	FALSE	NA	NA	NA	NA	NA	NA
NC_045512.2	26039	C	G	167068	4646	35	3	0	28	1.79551e-05	167083	1	FALSE	NA	NA	NA	NA	NA	NA
NC_045512.2	26039	C	A	167068	4646	35	3	0	28	1.79551e-05	167083	1	FALSE	NA	NA	NA	NA	NA	NA
NC_045512.2	26040	A	T	167971	4664	35	2	0	34	1.19051e-05	167995	1	FALSE	NA	NA	NA	NA	NA	NA
NC_045512.2	26040	A	G	167971	4664	35	22	0	33	0.000130956	167995	1	FALSE	NA	NA	NA	NA	NA	NA
NC_045512.2	26041	A	T	169017	4693	35	3	0	34	1.77475e-05	169038	1	FALSE	NA	NA	NA	NA	NA	NA
NC_045512.2	26041	A	G	169017	4693	35	17	1	37	0.000100569	169038	1	FALSE	NA	NA	NA	NA	NA	NA
NC_045512.2	26041	A	C	169017	4693	35	1	0	34	5.91583e-06	169038	1	FALSE	NA	NA	NA	NA	NA	NA
NC_045512.2	26042	C	T	170235	4792	35	19	0	34	0.000111591	170265	1	FALSE	NA	NA	NA	NA	NA	NA
NC_045512.2	26042	C	G	170235	4792	35	3	0	34	1.76196e-05	170265	1	FALSE	NA	NA	NA	NA	NA	NA
NC_045512.2	26042	C	A	170235	4792	35	8	0	33	4.69856e-05	170265	1	FALSE	NA	NA	NA	NA	NA	NA
NC_045512.2	26043	T	G	170201	4814	35	1	0	26	5.87454e-06	170226	1	FALSE	NA	NA	NA	NA	NA	NA
NC_045512.2	26043	T	C	170201	4814	35	19	0	35	0.000111616	170226	1	FALSE	NA	NA	NA	NA	NA	NA
NC_045512.2	26043	T	A	170201	4814	35	5	0	34	2.93727e-05	170226	1	FALSE	NA	NA	NA	NA	NA	NA
NC_045512.2	26044	C	T	171196	5110	35	3	0	34	1.75222e-05	171211	1	FALSE	NA	NA	NA	NA	NA	NA
NC_045512.2	26044	C	G	171196	5110	35	8	0	32	4.6726e-05	171211	1	FALSE	NA	NA	NA	NA	NA	NA
NC_045512.2	26044	C	A	171196	5110	35	4	0	32	2.3363e-05	171211	1	FALSE	NA	NA	NA	NA	NA	NA
NC_045512.2	26044	C	+A	171196	5110	35	1	0	20	5.84075e-06	171211	1	FALSE	NA	NA	NA	NA	NA	NA
NC_045512.2	26045	A	T	169318	5884	35	1	0	26	5.90531e-06	169339	1	FALSE	NA	NA	NA	NA	NA	NA
NC_045512.2	26045	A	G	169318	5884	35	19	1	35	0.000112201	169339	1	FALSE	NA	NA	NA	NA	NA	NA
NC_045512.2	26045	A	C	169318	5884	35	1	0	34	5.90531e-06	169339	1	FALSE	NA	NA	NA	NA	NA	NA
NC_045512.2	26046	A	T	172982	5917	35	1	0	34	5.78005e-06	173009	1	FALSE	NA	NA	NA	NA	NA	NA
NC_045512.2	26046	A	G	172982	5917	35	25	0	33	0.000144501	173009	1	FALSE	NA	NA	NA	NA	NA	NA
NC_045512.2	26046	A	C	172982	5917	35	1	0	26	5.78005e-06	173009	1	FALSE	NA	NA	NA	NA	NA	NA
NC_045512.2	26046	A	+G	172982	5917	35	2	0	20	1.15601e-05	173009	1	FALSE	NA	NA	NA	NA	NA	NA
NC_045512.2	26047	T	C	172610	5939	35	14	0	33	8.10988e-05	172629	1	FALSE	NA	NA	NA	NA	NA	NA
NC_045512.2	26047	T	A	172610	5939	35	5	0	34	2.89638e-05	172629	1	FALSE	NA	NA	NA	NA	NA	NA
NC_045512.2	26048	T	G	172601	5907	35	4	0	32	2.31712e-05	172628	1	FALSE	NA	NA	NA	NA	NA	NA
NC_045512.2	26048	T	C	172601	5907	35	15	0	35	8.6892e-05	172628	1	FALSE	NA	NA	NA	NA	NA	NA
NC_045512.2	26048	T	A	172601	5907	35	8	0	29	4.63424e-05	172628	1	FALSE	NA	NA	NA	NA	NA	NA
NC_045512.2	26049	G	C	174042	5967	35	2	0	34	1.14911e-05	174048	1	FALSE	NA	NA	NA	NA	NA	NA
NC_045512.2	26049	G	A	174042	5967	35	4	0	34	2.29822e-05	174048	1	FALSE	NA	NA	NA	NA	NA	NA
NC_045512.2	26050	A	T	174422	5977	35	1	0	34	5.73237e-06	174448	1	FALSE	NA	NA	NA	NA	NA	NA
NC_045512.2	26050	A	G	174422	5977	35	23	1	32	0.000131844	174448	1	FALSE	NA	NA	NA	NA	NA	NA
NC_045512.2	26050	A	C	174422	5977	35	2	0	30	1.14647e-05	174448	1	FALSE	NA	NA	NA	NA	NA	NA
NC_045512.2	26051	G	T	178709	6006	35	1	0	34	5.59509e-06	178728	1	FALSE	NA	NA	NA	NA	NA	NA
NC_045512.2	26051	G	C	178709	6006	35	3	1	29	1.67853e-05	178728	1	FALSE	NA	NA	NA	NA	NA	NA
NC_045512.2	26051	G	A	178709	6006	35	15	0	34	8.39264e-05	178728	1	FALSE	NA	NA	NA	NA	NA	NA
NC_045512.2	26052	T	G	178757	6269	35	1	0	34	5.59375e-06	178771	1	FALSE	NA	NA	NA	NA	NA	NA
NC_045512.2	26052	T	C	178757	6269	35	10	0	33	5.59375e-05	178771	1	FALSE	NA	NA	NA	NA	NA	NA
NC_045512.2	26052	T	A	178757	6269	35	3	0	31	1.67812e-05	178771	1	FALSE	NA	NA	NA	NA	NA	NA
NC_045512.2	26053	A	G	180419	6310	35	23	1	32	0.000127459	180450	1	FALSE	NA	NA	NA	NA	NA	NA
NC_045512.2	26053	A	C	180419	6310	35	8	0	34	4.43336e-05	180450	1	FALSE	NA	NA	NA	NA	NA	NA
NC_045512.2	26054	C	T	185733	6348	35	39	2	37	0.000209914	185790	1	FALSE	NA	NA	NA	NA	NA	NA
NC_045512.2	26054	C	G	185733	6348	35	9	0	34	4.84418e-05	185790	1	FALSE	NA	NA	NA	NA	NA	NA
NC_045512.2	26054	C	A	185733	6348	35	9	0	34	4.84418e-05	185790	1	FALSE	NA	NA	NA	NA	NA	NA
NC_045512.2	26055	A	T	187452	6350	35	2	0	51	1.06671e-05	187492	0.499926	FALSE	NA	NA	NA	NA	NA	NA
NC_045512.2	26055	A	G	187452	6350	35	31	0	33	0.00016534	187492	1	FALSE	NA	NA	NA	NA	NA	NA
NC_045512.2	26055	A	C	187452	6350	35	7	0	34	3.73349e-05	187492	1	FALSE	NA	NA	NA	NA	NA	NA
NC_045512.2	26056	G	T	216848	6498	35	2	0	34	9.22275e-06	216855	1	FALSE	NA	NA	NA	NA	NA	NA
NC_045512.2	26056	G	A	216848	6498	35	5	0	34	2.30569e-05	216855	1	FALSE	NA	NA	NA	NA	NA	NA
NC_045512.2	26057	A	G	217007	7165	35	8	0	34	3.68638e-05	217015	1	FALSE	NA	NA	NA	NA	NA	NA
NC_045512.2	26058	C	T	218276	7240	35	11	1	34	5.03901e-05	218297	1	FALSE	NA	NA	NA	NA	NA	NA
NC_045512.2	26058	C	G	218276	7240	35	4	0	34	1.83237e-05	218297	1	FALSE	NA	NA	NA	NA	NA	NA
NC_045512.2	26058	C	A	218276	7240	35	6	0	31	2.74855e-05	218297	1	FALSE	NA	NA	NA	NA	NA	NA
NC_045512.2	26059	A	T	219648	7225	35	3	1	35	1.36576e-05	219658	1	FALSE	NA	NA	NA	NA	NA	NA
NC_045512.2	26059	A	G	219648	7225	35	7	0	31	3.18677e-05	219658	1	FALSE	NA	NA	NA	NA	NA	NA
NC_045512.2	26060	C	T	15	1	35	218881	7298	35	0.999895	218904	0	TRUE	NA	NA	NA	NA	NA	NA
NC_045512.2	26060	C	G	15	1	35	5	1	28	2.28411e-05	218904	1.37654e-06	TRUE	NA	NA	NA	NA	NA	NA
NC_045512.2	26060	C	A	15	1	35	3	0	28	1.37046e-05	218904	0.000730964	TRUE	NA	NA	NA	NA	NA	NA
NC_045512.2	26061	T	G	219013	7493	35	3	1	28	1.36951e-05	219057	1	FALSE	NA	NA	NA	NA	NA	NA
NC_045512.2	26061	T	C	219013	7493	35	36	1	39	0.000164341	219057	1	FALSE	NA	NA	NA	NA	NA	NA
NC_045512.2	26061	T	A	219013	7493	35	5	0	34	2.28251e-05	219057	1	FALSE	NA	NA	NA	NA	NA	NA
NC_045512.2	26062	G	T	219794	7509	35	6	0	34	2.72952e-05	219819	1	FALSE	NA	NA	NA	NA	NA	NA
NC_045512.2	26062	G	C	219794	7509	35	3	1	28	1.36476e-05	219819	1	FALSE	NA	NA	NA	NA	NA	NA
NC_045512.2	26062	G	A	219794	7509	35	16	1	34	7.27872e-05	219819	1	FALSE	NA	NA	NA	NA	NA	NA
NC_045512.2	26063	G	T	222693	7542	35	3	0	34	1.34706e-05	222707	1	FALSE	NA	NA	NA	NA	NA	NA
NC_045512.2	26063	G	A	222693	7542	35	11	3	49	4.93923e-05	222707	0.982461	FALSE	NA	NA	NA	NA	NA	NA
NC_045512.2	26064	T	G	220045	8290	35	5	0	30	2.27199e-05	220071	1	FALSE	NA	NA	NA	NA	NA	NA
NC_045512.2	26064	T	C	220045	8290	35	15	0	34	6.81598e-05	220071	1	FALSE	NA	NA	NA	NA	NA	NA
NC_045512.2	26064	T	A	220045	8290	35	6	0	34	2.72639e-05	220071	1	FALSE	NA	NA	NA	NA	NA	NA
NC_045512.2	26065	G	T	220573	8179	35	10	0	34	4.53291e-05	220609	1	FALSE	NA	NA	NA	NA	NA	NA
NC_045512.2	26065	G	A	220573	8179	35	26	1	35	0.000117856	220609	1	FALSE	NA	NA	NA	NA	NA	NA
NC_045512.2	26065	G	-T	220573	8179	35	2	0	20	9.06581e-06	220609	1	FALSE	NA	NA	NA	NA	NA	NA
NC_045512.2	26066	T	G	220319	9018	36	12	0	32	5.44588e-05	220350	1	FALSE	NA	NA	NA	NA	NA	NA
NC_045512.2	26066	T	C	220319	9018	36	16	1	33	7.26118e-05	220350	1	FALSE	NA	NA	NA	NA	NA	NA
NC_045512.2	26066	T	A	220319	9018	36	3	0	34	1.36147e-05	220350	1	FALSE	NA	NA	NA	NA	NA	NA
NC_045512.2	26067	T	G	219818	9017	36	6	1	34	2.72911e-05	219852	1	FALSE	NA	NA	NA	NA	NA	NA
NC_045512.2	26067	T	C	219818	9017	36	26	0	33	0.000118261	219852	1	FALSE	NA	NA	NA	NA	NA	NA
NC_045512.2	26067	T	A	219818	9017	36	2	0	30	9.09703e-06	219852	1	FALSE	NA	NA	NA	NA	NA	NA
NC_045512.2	26067	T	-G	219818	9017	36	2	0	20	9.09703e-06	219852	1	FALSE	NA	NA	NA	NA	NA	NA
NC_045512.2	26068	G	T	220581	9025	36	4	0	34	1.81324e-05	220599	1	FALSE	NA	NA	NA	NA	NA	NA
NC_045512.2	26068	G	C	220581	9025	36	2	0	34	9.06622e-06	220599	1	FALSE	NA	NA	NA	NA	NA	NA
NC_045512.2	26068	G	A	220581	9025	36	12	0	36	5.43973e-05	220599	1	FALSE	NA	NA	NA	NA	NA	NA
NC_045512.2	26069	A	T	220375	9329	36	4	0	34	1.8149e-05	220398	1	FALSE	NA	NA	NA	NA	NA	NA
NC_045512.2	26069	A	G	220375	9329	36	19	2	39	8.62077e-05	220398	1	FALSE	NA	NA	NA	NA	NA	NA
NC_045512.2	26070	A	T	220311	9671	36	2	0	51	9.0768e-06	220342	0.687453	FALSE	NA	NA	NA	NA	NA	NA
NC_045512.2	26070	A	G	220311	9671	36	28	1	34	0.000127075	220342	1	FALSE	NA	NA	NA	NA	NA	NA
NC_045512.2	26070	A	C	220311	9671	36	1	0	34	4.5384e-06	220342	1	FALSE	NA	NA	NA	NA	NA	NA
NC_045512.2	26071	C	T	220463	9707	36	6	0	34	2.72137e-05	220477	1	FALSE	NA	NA	NA	NA	NA	NA
NC_045512.2	26071	C	G	220463	9707	36	2	0	34	9.07124e-06	220477	1	FALSE	NA	NA	NA	NA	NA	NA
NC_045512.2	26071	C	A	220463	9707	36	6	0	32	2.72137e-05	220477	1	FALSE	NA	NA	NA	NA	NA	NA
NC_045512.2	26072	A	T	221552	9547	36	25	0	33	0.000112816	221599	1	FALSE	NA	NA	NA	NA	NA	NA
NC_045512.2	26072	A	G	221552	9547	36	22	0	33	9.92784e-05	221599	1	FALSE	NA	NA	NA	NA	NA	NA
NC_045512.2	26073	T	C	221052	9892	36	5	0	34	2.26183e-05	221060	1	FALSE	NA	NA	NA	NA	NA	NA
NC_045512.2	26073	T	A	221052	9892	36	3	0	25	1.3571e-05	221060	1	FALSE	NA	NA	NA	NA	NA	NA
NC_045512.2	26074	G	T	221112	9869	36	6	0	34	2.71339e-05	221126	1	FALSE	NA	NA	NA	NA	NA	NA
NC_045512.2	26074	G	C	221112	9869	36	1	1	27	4.52231e-06	221126	1	FALSE	NA	NA	NA	NA	NA	NA
NC_045512.2	26074	G	A	221112	9869	36	7	1	38	3.16562e-05	221126	1	FALSE	NA	NA	NA	NA	NA	NA
NC_045512.2	26074	G	-T	221112	9869	36	5	0	20	2.26115e-05	221126	1	FALSE	NA	NA	NA	NA	NA	NA
NC_045512.2	26075	T	G	221112	10020	36	5	0	29	2.26108e-05	221133	1	FALSE	NA	NA	NA	NA	NA	NA
NC_045512.2	26075	T	C	221112	10020	36	12	0	36	5.4266e-05	221133	1	FALSE	NA	NA	NA	NA	NA	NA
NC_045512.2	26075	T	A	221112	10020	36	4	0	34	1.80887e-05	221133	1	FALSE	NA	NA	NA	NA	NA	NA
NC_045512.2	26076	T	G	221280	10480	36	2	0	30	9.03689e-06	221315	1	FALSE	NA	NA	NA	NA	NA	NA
NC_045512.2	26076	T	C	221280	10480	36	33	2	36	0.000149109	221315	1	FALSE	NA	NA	NA	NA	NA	NA
NC_045512.2	26076	T	-A	221280	10480	36	2	0	20	9.03689e-06	221315	1	FALSE	NA	NA	NA	NA	NA	NA
NC_045512.2	26077	A	G	221208	10673	36	23	0	34	0.000103963	221232	1	FALSE	NA	NA	NA	NA	NA	NA
NC_045512.2	26077	A	C	221208	10673	36	1	0	27	4.52014e-06	221232	1	FALSE	NA	NA	NA	NA	NA	NA
NC_045512.2	26078	C	T	220661	10733	36	3	0	34	1.35951e-05	220667	1	FALSE	NA	NA	NA	NA	NA	NA
NC_045512.2	26078	C	G	220661	10733	36	1	0	34	4.53172e-06	220667	1	FALSE	NA	NA	NA	NA	NA	NA
NC_045512.2	26078	C	A	220661	10733	36	2	0	30	9.06343e-06	220667	1	FALSE	NA	NA	NA	NA	NA	NA
NC_045512.2	26078	C	-CTT	220661	10733	36	2	0	20	9.06343e-06	220667	1	FALSE	NA	NA	NA	NA	NA	NA
NC_045512.2	26079	C	T	216495	10866	36	7	1	38	3.23315e-05	216507	1	FALSE	NA	NA	NA	NA	NA	NA
NC_045512.2	26079	C	G	216495	10866	36	2	0	34	9.23758e-06	216507	1	FALSE	NA	NA	NA	NA	NA	NA
NC_045512.2	26079	C	A	216495	10866	36	3	0	34	1.38564e-05	216507	1	FALSE	NA	NA	NA	NA	NA	NA
NC_045512.2	26079	C	-T	216495	10866	36	4	0	20	1.8475e-05	216509	1	FALSE	NA	NA	NA	NA	NA	NA
NC_045512.2	26080	T	G	216717	10836	36	6	0	32	2.76792e-05	216769	1	FALSE	NA	NA	NA	NA	NA	NA
NC_045512.2	26080	T	C	216717	10836	36	31	0	35	0.000143009	216769	1	FALSE	NA	NA	NA	NA	NA	NA
NC_045512.2	26080	T	A	216717	10836	36	15	5	38	6.91981e-05	216769	1	FALSE	NA	NA	NA	NA	NA	NA
NC_045512.2	26081	T	G	216376	10710	36	11	0	33	5.08306e-05	216405	1	FALSE	NA	NA	NA	NA	NA	NA
NC_045512.2	26081	T	C	216376	10710	36	13	3	35	6.00725e-05	216405	1	FALSE	NA	NA	NA	NA	NA	NA
NC_045512.2	26081	T	A	216376	10710	36	5	1	29	2.31048e-05	216405	1	FALSE	NA	NA	NA	NA	NA	NA
NC_045512.2	26082	C	T	208424	11351	36	5	0	32	2.39886e-05	208432	1	FALSE	NA	NA	NA	NA	NA	NA
NC_045512.2	26082	C	G	208424	11351	36	2	0	34	9.59546e-06	208432	1	FALSE	NA	NA	NA	NA	NA	NA
NC_045512.2	26082	C	A	208424	11351	36	1	0	34	4.79773e-06	208432	1	FALSE	NA	NA	NA	NA	NA	NA
NC_045512.2	26083	T	G	208383	11461	36	8	0	32	3.83827e-05	208427	1	FALSE	NA	NA	NA	NA	NA	NA
NC_045512.2	26083	T	C	208383	11461	36	32	1	35	0.000153531	208427	1	FALSE	NA	NA	NA	NA	NA	NA
NC_045512.2	26083	T	A	208383	11461	36	4	0	34	1.91914e-05	208427	1	FALSE	NA	NA	NA	NA	NA	NA
NC_045512.2	26084	T	C	208265	11386	36	18	1	39	8.64192e-05	208287	1	FALSE	NA	NA	NA	NA	NA	NA
NC_045512.2	26084	T	A	208265	11386	36	4	0	29	1.92043e-05	208287	1	FALSE	NA	NA	NA	NA	NA	NA
NC_045512.2	26085	C	T	208174	11436	36	12	3	41	5.76253e-05	208242	0.944831	FALSE	NA	NA	NA	NA	NA	NA
NC_045512.2	26085	C	G	208174	11436	36	49	0	32	0.000235303	208242	1	FALSE	NA	NA	NA	NA	NA	NA
NC_045512.2	26085	C	A	208174	11436	36	7	0	34	3.36147e-05	208242	1	FALSE	NA	NA	NA	NA	NA	NA
NC_045512.2	26086	A	T	209004	12328	36	4	1	34	1.91372e-05	209017	1	FALSE	NA	NA	NA	NA	NA	NA
NC_045512.2	26086	A	G	209004	12328	36	9	1	36	4.30587e-05	209017	1	FALSE	NA	NA	NA	NA	NA	NA
NC_045512.2	26087	T	G	206831	12801	36	1	0	34	4.83454e-06	206845	1	FALSE	NA	NA	NA	NA	NA	NA
NC_045512.2	26087	T	C	206831	12801	36	11	1	36	5.31799e-05	206845	1	FALSE	NA	NA	NA	NA	NA	NA
NC_045512.2	26087	T	A	206831	12801	36	2	1	26	9.66908e-06	206845	1	FALSE	NA	NA	NA	NA	NA	NA
NC_045512.2	26088	C	T	206027	12972	36	19	0	37	9.2212e-05	206047	1	FALSE	NA	NA	NA	NA	NA	NA
NC_045512.2	26088	C	A	206027	12972	36	1	0	34	4.85326e-06	206047	1	FALSE	NA	NA	NA	NA	NA	NA
NC_045512.2	26089	T	G	205884	12951	36	1	0	26	4.85642e-06	205913	1	FALSE	NA	NA	NA	NA	NA	NA
NC_045512.2	26089	T	C	205884	12951	36	24	0	33	0.000116554	205913	1	FALSE	NA	NA	NA	NA	NA	NA
NC_045512.2	26089	T	A	205884	12951	36	4	0	34	1.94257e-05	205913	1	FALSE	NA	NA	NA	NA	NA	NA
NC_045512.2	26090	A	T	206028	13023	36	1	0	34	4.85343e-06	206040	1	FALSE	NA	NA	NA	NA	NA	NA
NC_045512.2	26090	A	G	206028	13023	36	10	0	33	4.85343e-05	206040	1	FALSE	NA	NA	NA	NA	NA	NA
NC_045512.2	26090	A	C	206028	13023	36	1	1	27	4.85343e-06	206040	1	FALSE	NA	NA	NA	NA	NA	NA
NC_045512.2	26091	C	T	198126	13731	36	9	0	34	4.54233e-05	198136	1	FALSE	NA	NA	NA	NA	NA	NA
NC_045512.2	26091	C	A	198126	13731	36	1	0	34	5.04704e-06	198136	1	FALSE	NA	NA	NA	NA	NA	NA
NC_045512.2	26091	C	+A	198126	13731	36	1	0	20	5.04704e-06	198136	1	FALSE	NA	NA	NA	NA	NA	NA
NC_045512.2	26092	A	T	197740	14180	36	3	0	34	1.517e-05	197759	1	FALSE	NA	NA	NA	NA	NA	NA
NC_045512.2	26092	A	G	197740	14180	36	16	0	34	8.09066e-05	197759	1	FALSE	NA	NA	NA	NA	NA	NA
NC_045512.2	26093	A	G	197875	14133	36	10	1	33	5.05344e-05	197885	1	FALSE	NA	NA	NA	NA	NA	NA
NC_045512.2	26094	T	G	197266	14028	36	2	0	30	1.01381e-05	197276	1	FALSE	NA	NA	NA	NA	NA	NA
NC_045512.2	26094	T	C	197266	14028	36	5	0	34	2.53452e-05	197276	1	FALSE	NA	NA	NA	NA	NA	NA
NC_045512.2	26094	T	A	197266	14028	36	3	0	31	1.52071e-05	197276	1	FALSE	NA	NA	NA	NA	NA	NA
NC_045512.2	26094	T	-A	197266	14028	36	7	0	20	3.54833e-05	197276	1	FALSE	NA	NA	NA	NA	NA	NA
NC_045512.2	26095	A	T	190091	14308	36	5	0	27	2.63008e-05	190108	1	FALSE	NA	NA	NA	NA	NA	NA
NC_045512.2	26095	A	G	190091	14308	36	12	1	36	6.3122e-05	190108	1	FALSE	NA	NA	NA	NA	NA	NA
NC_045512.2	26096	A	G	196350	14381	36	5	0	34	2.5464e-05	196356	1	FALSE	NA	NA	NA	NA	NA	NA
NC_045512.2	26096	A	C	196350	14381	36	1	1	27	5.09279e-06	196356	1	FALSE	NA	NA	NA	NA	NA	NA
NC_045512.2	26097	A	G	175327	15509	35	17	0	33	9.6949e-05	175350	1	FALSE	NA	NA	NA	NA	NA	NA
NC_045512.2	26097	A	C	175327	15509	35	6	1	27	3.42173e-05	175350	1	FALSE	NA	NA	NA	NA	NA	NA
NC_045512.2	26098	A	T	183011	15283	36	6	1	31	3.27826e-05	183024	1	FALSE	NA	NA	NA	NA	NA	NA
NC_045512.2	26098	A	G	183011	15283	36	7	0	34	3.82464e-05	183024	1	FALSE	NA	NA	NA	NA	NA	NA
NC_045512.2	26099	T	G	182542	15906	36	1	0	26	5.47795e-06	182550	1	FALSE	NA	NA	NA	NA	NA	NA
NC_045512.2	26099	T	C	182542	15906	36	6	1	32	3.28677e-05	182550	1	FALSE	NA	NA	NA	NA	NA	NA
NC_045512.2	26099	T	A	182542	15906	36	1	0	26	5.47795e-06	182550	1	FALSE	NA	NA	NA	NA	NA	NA
NC_045512.2	26100	T	C	181850	15472	36	19	0	33	0.000104471	181869	1	FALSE	NA	NA	NA	NA	NA	NA
NC_045512.2	26101	G	C	182299	15341	36	1	0	34	5.48534e-06	182304	1	FALSE	NA	NA	NA	NA	NA	NA
NC_045512.2	26101	G	A	182299	15341	36	4	3	32	2.19414e-05	182304	1	FALSE	NA	NA	NA	NA	NA	NA
NC_045512.2	26102	T	C	181791	15642	36	13	1	34	7.15044e-05	181807	1	FALSE	NA	NA	NA	NA	NA	NA
NC_045512.2	26102	T	A	181791	15642	36	3	1	28	1.6501e-05	181807	1	FALSE	NA	NA	NA	NA	NA	NA
NC_045512.2	26103	T	C	182088	15929	36	19	0	34	0.00010433	182114	1	FALSE	NA	NA	NA	NA	NA	NA
NC_045512.2	26103	T	A	182088	15929	36	7	0	34	3.84375e-05	182114	1	FALSE	NA	NA	NA	NA	NA	NA
NC_045512.2	26103	T	-G	182088	15929	36	1	0	20	5.49107e-06	182114	1	FALSE	NA	NA	NA	NA	NA	NA
NC_045512.2	26104	G	T	181213	15127	36	2	0	30	1.1036e-05	181225	1	FALSE	NA	NA	NA	NA	NA	NA
NC_045512.2	26104	G	A	181213	15127	36	10	2	34	5.518e-05	181225	1	FALSE	NA	NA	NA	NA	NA	NA
NC_045512.2	26105	A	T	177407	15528	36	2	1	30	1.12717e-05	177436	1	FALSE	NA	NA	NA	NA	NA	NA
NC_045512.2	26105	A	G	177407	15528	36	27	1	34	0.000152168	177436	1	FALSE	NA	NA	NA	NA	NA	NA
NC_045512.2	26106	T	G	178688	16445	36	2	0	26	1.11919e-05	178700	1	FALSE	NA	NA	NA	NA	NA	NA
NC_045512.2	26106	T	C	178688	16445	36	8	0	33	4.47678e-05	178700	1	FALSE	NA	NA	NA	NA	NA	NA
NC_045512.2	26106	T	A	178688	16445	36	2	0	47	1.11919e-05	178700	0.999962	FALSE	NA	NA	NA	NA	NA	NA
NC_045512.2	26107	G	A	128580	18900	35	8	0	33	6.22142e-05	128588	1	FALSE	NA	NA	NA	NA	NA	NA
NC_045512.2	26108	A	T	129094	20108	35	2	0	30	1.54897e-05	129118	1	FALSE	NA	NA	NA	NA	NA	NA
NC_045512.2	26108	A	G	129094	20108	35	19	3	32	0.000147152	129118	1	FALSE	NA	NA	NA	NA	NA	NA
NC_045512.2	26108	A	C	129094	20108	35	3	3	29	2.32346e-05	129118	1	FALSE	NA	NA	NA	NA	NA	NA
NC_045512.2	26109	G	T	132541	20389	36	8	2	34	6.03519e-05	132556	1	FALSE	NA	NA	NA	NA	NA	NA
NC_045512.2	26109	G	C	132541	20389	36	4	2	30	3.01759e-05	132556	1	FALSE	NA	NA	NA	NA	NA	NA
NC_045512.2	26109	G	A	132541	20389	36	3	1	34	2.26319e-05	132556	1	FALSE	NA	NA	NA	NA	NA	NA
NC_045512.2	26110	C	T	134834	25292	36	12	0	34	8.89772e-05	134866	1	FALSE	NA	NA	NA	NA	NA	NA
NC_045512.2	26110	C	G	134834	25292	36	12	1	33	8.89772e-05	134866	1	FALSE	NA	NA	NA	NA	NA	NA
NC_045512.2	26110	C	A	134834	25292	36	8	2	34	5.93181e-05	134866	1	FALSE	NA	NA	NA	NA	NA	NA
NC_045512.2	26111	C	T	133651	23673	36	3	0	34	2.24453e-05	133658	1	FALSE	NA	NA	NA	NA	NA	NA
NC_045512.2	26111	C	G	133651	23673	36	3	0	34	2.24453e-05	133658	1	FALSE	NA	NA	NA	NA	NA	NA
NC_045512.2	26111	C	A	133651	23673	36	1	0	34	7.48178e-06	133658	1	FALSE	NA	NA	NA	NA	NA	NA
NC_045512.2	26112	T	G	135159	25042	36	6	0	34	4.43649e-05	135242	1	FALSE	NA	NA	NA	NA	NA	NA
NC_045512.2	26112	T	C	135159	25042	36	67	7	34	0.000495408	135242	1	FALSE	NA	NA	NA	NA	NA	NA
NC_045512.2	26112	T	A	135159	25042	36	10	0	34	7.39415e-05	135242	1	FALSE	NA	NA	NA	NA	NA	NA
NC_045512.2	26113	G	T	133251	22677	36	4	1	34	3.00161e-05	133262	1	FALSE	NA	NA	NA	NA	NA	NA
NC_045512.2	26113	G	A	133251	22677	36	7	1	37	5.25281e-05	133262	1	FALSE	NA	NA	NA	NA	NA	NA
NC_045512.2	26113	G	-A	133251	22677	36	2	0	20	1.5008e-05	133262	1	FALSE	NA	NA	NA	NA	NA	NA
NC_045512.2	26114	A	T	136491	26009	36	2	0	34	1.46507e-05	136512	1	FALSE	NA	NA	NA	NA	NA	NA
NC_045512.2	26114	A	G	136491	26009	36	19	1	33	0.000139182	136512	1	FALSE	NA	NA	NA	NA	NA	NA
NC_045512.2	26115	A	T	134372	25697	36	2	0	34	1.48816e-05	134394	1	FALSE	NA	NA	NA	NA	NA	NA
NC_045512.2	26115	A	G	134372	25697	36	19	2	34	0.000141375	134394	1	FALSE	NA	NA	NA	NA	NA	NA
NC_045512.2	26115	A	C	134372	25697	36	1	1	34	7.44081e-06	134394	1	FALSE	NA	NA	NA	NA	NA	NA
NC_045512.2	26116	G	C	129919	21055	35	3	1	34	2.30904e-05	129924	1	FALSE	NA	NA	NA	NA	NA	NA
NC_045512.2	26116	G	A	129919	21055	35	2	1	34	1.53936e-05	129924	1	FALSE	NA	NA	NA	NA	NA	NA
NC_045512.2	26117	A	T	130525	25833	36	6	1	36	4.59598e-05	130549	1	FALSE	NA	NA	NA	NA	NA	NA
NC_045512.2	26117	A	G	130525	25833	36	15	5	33	0.000114899	130549	1	FALSE	NA	NA	NA	NA	NA	NA
NC_045512.2	26117	A	C	130525	25833	36	3	2	26	2.29799e-05	130549	1	FALSE	NA	NA	NA	NA	NA	NA
NC_045512.2	26118	A	T	133403	24899	36	3	0	34	2.24817e-05	133442	1	FALSE	NA	NA	NA	NA	NA	NA
NC_045512.2	26118	A	G	133403	24899	36	35	0	32	0.000262286	133442	1	FALSE	NA	NA	NA	NA	NA	NA
NC_045512.2	26118	A	C	133403	24899	36	1	1	34	7.49389e-06	133442	1	FALSE	NA	NA	NA	NA	NA	NA
NC_045512.2	26119	C	T	131978	23437	36	2	1	34	1.51525e-05	131991	1	FALSE	NA	NA	NA	NA	NA	NA
NC_045512.2	26119	C	G	131978	23437	36	2	0	30	1.51525e-05	131991	1	FALSE	NA	NA	NA	NA	NA	NA
NC_045512.2	26119	C	A	131978	23437	36	9	4	34	6.81865e-05	131991	1	FALSE	NA	NA	NA	NA	NA	NA
NC_045512.2	26120	A	T	131396	23017	36	1	0	24	7.60954e-06	131414	1	FALSE	NA	NA	NA	NA	NA	NA
NC_045512.2	26120	A	G	131396	23017	36	17	1	37	0.000129362	131414	1	FALSE	NA	NA	NA	NA	NA	NA
NC_045512.2	26121	T	G	131801	25142	36	1	1	34	7.58645e-06	131814	1	FALSE	NA	NA	NA	NA	NA	NA
NC_045512.2	26121	T	C	131801	25142	36	11	1	32	8.34509e-05	131814	1	FALSE	NA	NA	NA	NA	NA	NA
NC_045512.2	26121	T	A	131801	25142	36	1	0	34	7.58645e-06	131814	1	FALSE	NA	NA	NA	NA	NA	NA
NC_045512.2	26122	G	T	131376	23885	36	4	0	34	3.04439e-05	131389	1	FALSE	NA	NA	NA	NA	NA	NA
NC_045512.2	26122	G	C	131376	23885	36	2	0	30	1.5222e-05	131389	1	FALSE	NA	NA	NA	NA	NA	NA
NC_045512.2	26122	G	A	131376	23885	36	7	1	32	5.32769e-05	131389	1	FALSE	NA	NA	NA	NA	NA	NA
NC_045512.2	26123	T	C	129704	24457	36	13	1	33	0.000100218	129717	1	FALSE	NA	NA	NA	NA	NA	NA
NC_045512.2	26124	C	T	127377	26971	37	16	4	42	0.000125591	127398	0.285755	FALSE	NA	NA	NA	NA	NA	NA
NC_045512.2	26124	C	G	127377	26971	37	2	0	34	1.56988e-05	127398	1	FALSE	NA	NA	NA	NA	NA	NA
NC_045512.2	26124	C	A	127377	26971	37	3	0	34	2.35483e-05	127398	1	FALSE	NA	NA	NA	NA	NA	NA
NC_045512.2	26125	C	T	120636	20758	35	5	1	34	4.14422e-05	120650	1	FALSE	NA	NA	NA	NA	NA	NA
NC_045512.2	26125	C	G	120636	20758	35	1	0	26	8.28844e-06	120650	1	FALSE	NA	NA	NA	NA	NA	NA
NC_045512.2	26125	C	A	120636	20758	35	8	3	35	6.63075e-05	120650	1	FALSE	NA	NA	NA	NA	NA	NA
NC_045512.2	26126	A	T	126524	26754	36	1	0	34	7.90301e-06	126534	1	FALSE	NA	NA	NA	NA	NA	NA
NC_045512.2	26126	A	G	126524	26754	36	7	4	37	5.53211e-05	126534	1	FALSE	NA	NA	NA	NA	NA	NA
NC_045512.2	26126	A	C	126524	26754	36	2	1	25	1.5806e-05	126534	1	FALSE	NA	NA	NA	NA	NA	NA
NC_045512.2	26127	A	G	125644	26785	36	11	3	41	8.75413e-05	125655	0.661194	FALSE	NA	NA	NA	NA	NA	NA
NC_045512.2	26127	A	-ATT	125644	26785	36	5	0	20	3.97915e-05	125655	1	FALSE	NA	NA	NA	NA	NA	NA
NC_045512.2	26128	A	T	121791	24084	36	3	2	28	2.46305e-05	121800	1	FALSE	NA	NA	NA	NA	NA	NA
NC_045512.2	26128	A	G	121791	24084	36	5	0	34	4.10509e-05	121800	1	FALSE	NA	NA	NA	NA	NA	NA
NC_045512.2	26128	A	C	121791	24084	36	1	1	26	8.21018e-06	121800	1	FALSE	NA	NA	NA	NA	NA	NA
NC_045512.2	26129	T	G	128370	28084	37	1	0	34	7.7895e-06	128378	1	FALSE	NA	NA	NA	NA	NA	NA
NC_045512.2	26129	T	C	128370	28084	37	7	1	34	5.45265e-05	128378	1	FALSE	NA	NA	NA	NA	NA	NA
NC_045512.2	26130	T	G	122506	23131	36	9	0	33	7.3449e-05	122534	1	FALSE	NA	NA	NA	NA	NA	NA
NC_045512.2	26130	T	C	122506	23131	36	17	8	34	0.000138737	122534	1	FALSE	NA	NA	NA	NA	NA	NA
NC_045512.2	26130	T	A	122506	23131	36	2	2	26	1.6322e-05	122534	1	FALSE	NA	NA	NA	NA	NA	NA
NC_045512.2	26130	T	-CA	122506	23131	36	1	0	20	8.16067e-06	122539	1	FALSE	NA	NA	NA	NA	NA	NA
NC_045512.2	26131	C	T	120505	27064	36	11	0	34	9.12712e-05	120520	1	FALSE	NA	NA	NA	NA	NA	NA
NC_045512.2	26131	C	G	120505	27064	36	1	0	34	8.29738e-06	120520	1	FALSE	NA	NA	NA	NA	NA	NA
NC_045512.2	26131	C	A	120505	27064	36	3	0	34	2.48921e-05	120520	1	FALSE	NA	NA	NA	NA	NA	NA
NC_045512.2	26132	A	T	121637	27973	36	3	0	31	2.46585e-05	121662	1	FALSE	NA	NA	NA	NA	NA	NA
NC_045512.2	26132	A	G	121637	27973	36	17	5	35	0.000139731	121662	1	FALSE	NA	NA	NA	NA	NA	NA
NC_045512.2	26132	A	C	121637	27973	36	5	1	44	4.10975e-05	121662	0.975464	FALSE	NA	NA	NA	NA	NA	NA
NC_045512.2	26133	C	T	121787	28766	36	20	6	35	0.000164187	121812	1	FALSE	NA	NA	NA	NA	NA	NA
NC_045512.2	26133	C	G	121787	28766	36	5	0	28	4.10469e-05	121812	1	FALSE	NA	NA	NA	NA	NA	NA
NC_045512.2	26133	C	-A	121787	28766	36	5	0	20	4.10469e-05	121812	1	FALSE	NA	NA	NA	NA	NA	NA
NC_045512.2	26134	A	T	124145	31054	37	2	1	34	1.61062e-05	124176	1	FALSE	NA	NA	NA	NA	NA	NA
NC_045512.2	26134	A	G	124145	31054	37	29	3	35	0.000233539	124176	1	FALSE	NA	NA	NA	NA	NA	NA
NC_045512.2	26134	A	-C	124145	31054	37	1	0	20	8.05276e-06	124181	1	FALSE	NA	NA	NA	NA	NA	NA
NC_045512.2	26135	C	T	118324	27512	36	13	3	34	0.000109829	118366	1	FALSE	NA	NA	NA	NA	NA	NA
NC_045512.2	26135	C	G	118324	27512	36	27	0	29	0.000228106	118366	1	FALSE	NA	NA	NA	NA	NA	NA
NC_045512.2	26135	C	A	118324	27512	36	2	0	30	1.68967e-05	118366	1	FALSE	NA	NA	NA	NA	NA	NA
NC_045512.2	26136	A	T	122916	32055	37	2	1	34	1.62693e-05	122931	1	FALSE	NA	NA	NA	NA	NA	NA
NC_045512.2	26136	A	G	122916	32055	37	13	2	33	0.00010575	122931	1	FALSE	NA	NA	NA	NA	NA	NA
NC_045512.2	26136	A	+T	122916	32055	37	2	0	20	1.62693e-05	122931	1	FALSE	NA	NA	NA	NA	NA	NA
NC_045512.2	26137	A	T	122076	30462	36	1	1	26	8.19075e-06	122089	1	FALSE	NA	NA	NA	NA	NA	NA
NC_045512.2	26137	A	G	122076	30462	36	6	0	32	4.91445e-05	122089	1	FALSE	NA	NA	NA	NA	NA	NA
NC_045512.2	26137	A	C	122076	30462	36	6	2	52	4.91445e-05	122089	0.0624892	FALSE	NA	NA	NA	NA	NA	NA
NC_045512.2	26137	A	+TG	122076	30462	36	4	0	20	3.2763e-05	122089	1	FALSE	NA	NA	NA	NA	NA	NA
NC_045512.2	26137	A	+C	122076	30462	36	19	0	20	0.000155624	122089	1	FALSE	NA	NA	NA	NA	NA	NA
NC_045512.2	26138	T	G	122526	33072	37	2	1	34	1.63221e-05	122533	1	FALSE	NA	NA	NA	NA	NA	NA
NC_045512.2	26138	T	C	122526	33072	37	4	0	40	3.26443e-05	122533	0.989366	FALSE	NA	NA	NA	NA	NA	NA
NC_045512.2	26138	T	A	122526	33072	37	1	0	26	8.16107e-06	122533	1	FALSE	NA	NA	NA	NA	NA	NA
NC_045512.2	26139	C	T	105056	34766	36	3	0	56	2.85535e-05	105066	0.312477	FALSE	NA	NA	NA	NA	NA	NA
NC_045512.2	26139	C	G	105056	34766	36	1	0	34	9.51783e-06	105066	1	FALSE	NA	NA	NA	NA	NA	NA
NC_045512.2	26139	C	A	105056	34766	36	6	1	39	5.7107e-05	105066	1	FALSE	NA	NA	NA	NA	NA	NA
NC_045512.2	26140	G	T	104939	34723	36	2	0	34	1.9058e-05	104943	1	FALSE	NA	NA	NA	NA	NA	NA
NC_045512.2	26140	G	A	104939	34723	36	2	0	34	1.9058e-05	104943	1	FALSE	NA	NA	NA	NA	NA	NA
NC_045512.2	26141	A	T	104530	34859	36	1	0	34	9.56553e-06	104542	1	FALSE	NA	NA	NA	NA	NA	NA
NC_045512.2	26141	A	G	104530	34859	36	7	2	34	6.69587e-05	104542	1	FALSE	NA	NA	NA	NA	NA	NA
NC_045512.2	26141	A	C	104530	34859	36	4	1	32	3.82621e-05	104542	1	FALSE	NA	NA	NA	NA	NA	NA
NC_045512.2	26142	C	T	103262	35436	36	53	12	34	0.000512984	103317	0.999981	FALSE	NA	NA	NA	NA	NA	NA
NC_045512.2	26142	C	A	103262	35436	36	2	0	51	1.93579e-05	103317	0.499811	FALSE	NA	NA	NA	NA	NA	NA
NC_045512.2	26143	G	T	103233	35202	36	2	1	51	1.93721e-05	103241	0.499982	FALSE	NA	NA	NA	NA	NA	NA
NC_045512.2	26143	G	A	103233	35202	36	6	0	34	5.81164e-05	103241	1	FALSE	NA	NA	NA	NA	NA	NA
NC_045512.2	26144	G	T	108453	40954	37	1	1	34	9.21854e-06	108477	1	FALSE	NA	NA	NA	NA	NA	NA
NC_045512.2	26144	G	A	108453	40954	37	23	14	42	0.000212027	108477	0.0175342	FALSE	NA	NA	NA	NA	NA	NA
NC_045512.2	26145	T	G	107947	41169	37	2	1	34	1.85257e-05	107958	1	FALSE	NA	NA	NA	NA	NA	NA
NC_045512.2	26145	T	C	107947	41169	37	9	4	37	8.33658e-05	107958	1	FALSE	NA	NA	NA	NA	NA	NA
NC_045512.2	26146	T	G	105803	39162	37	3	3	34	2.83522e-05	105812	1	FALSE	NA	NA	NA	NA	NA	NA
NC_045512.2	26146	T	C	105803	39162	37	5	3	47	4.72536e-05	105812	0.940765	FALSE	NA	NA	NA	NA	NA	NA
NC_045512.2	26146	T	A	105803	39162	37	1	1	26	9.45072e-06	105812	1	FALSE	NA	NA	NA	NA	NA	NA
NC_045512.2	26147	C	T	106020	41942	37	2	2	34	1.88633e-05	106026	1	FALSE	NA	NA	NA	NA	NA	NA
NC_045512.2	26147	C	G	106020	41942	37	3	1	45	2.82949e-05	106026	0.988771	FALSE	NA	NA	NA	NA	NA	NA
NC_045512.2	26147	C	A	106020	41942	37	1	0	34	9.43165e-06	106026	1	FALSE	NA	NA	NA	NA	NA	NA
NC_045512.2	26148	A	G	106679	43211	37	4	0	34	3.74936e-05	106685	1	FALSE	NA	NA	NA	NA	NA	NA
NC_045512.2	26148	A	C	106679	43211	37	2	1	34	1.87468e-05	106685	1	FALSE	NA	NA	NA	NA	NA	NA
NC_045512.2	26149	T	G	108512	43219	37	2	0	30	1.84291e-05	108524	1	FALSE	NA	NA	NA	NA	NA	NA
NC_045512.2	26149	T	C	108512	43219	37	9	2	36	8.2931e-05	108524	1	FALSE	NA	NA	NA	NA	NA	NA
NC_045512.2	26149	T	A	108512	43219	37	1	0	26	9.21455e-06	108524	1	FALSE	NA	NA	NA	NA	NA	NA
NC_045512.2	26149	T	-C	108512	43219	37	1	0	20	9.21455e-06	108524	1	FALSE	NA	NA	NA	NA	NA	NA
NC_045512.2	26150	C	T	117164	54684	38	3	1	34	2.5604e-05	117169	1	FALSE	NA	NA	NA	NA	NA	NA
NC_045512.2	26150	C	G	117164	54684	38	1	0	34	8.53468e-06	117169	1	FALSE	NA	NA	NA	NA	NA	NA
NC_045512.2	26150	C	A	117164	54684	38	1	0	26	8.53468e-06	117169	1	FALSE	NA	NA	NA	NA	NA	NA
NC_045512.2	26151	C	T	114068	55573	37	4	2	42	3.50643e-05	114076	0.982423	FALSE	NA	NA	NA	NA	NA	NA
NC_045512.2	26151	C	A	114068	55573	37	4	1	40	3.50643e-05	114076	0.982423	FALSE	NA	NA	NA	NA	NA	NA
NC_045512.2	26152	G	T	114070	55256	37	1	0	34	8.76509e-06	114089	1	FALSE	NA	NA	NA	NA	NA	NA
NC_045512.2	26152	G	C	114070	55256	37	2	0	51	1.75302e-05	114089	0.499947	FALSE	NA	NA	NA	NA	NA	NA
NC_045512.2	26152	G	A	114070	55256	37	16	5	37	0.000140241	114089	1	FALSE	NA	NA	NA	NA	NA	NA
NC_045512.2	26153	G	T	115341	56687	37	5	1	34	4.33467e-05	115349	1	FALSE	NA	NA	NA	NA	NA	NA
NC_045512.2	26153	G	A	115341	56687	37	3	3	34	2.6008e-05	115349	1	FALSE	NA	NA	NA	NA	NA	NA
NC_045512.2	26154	A	T	113995	56484	37	2	1	26	1.75416e-05	114015	1	FALSE	NA	NA	NA	NA	NA	NA
NC_045512.2	26154	A	G	113995	56484	37	14	9	35	0.000122791	114015	1	FALSE	NA	NA	NA	NA	NA	NA
NC_045512.2	26154	A	C	113995	56484	37	4	4	32	3.50831e-05	114015	1	FALSE	NA	NA	NA	NA	NA	NA
NC_045512.2	26155	G	T	110265	56933	37	3	2	31	2.72037e-05	110279	1	FALSE	NA	NA	NA	NA	NA	NA
NC_045512.2	26155	G	C	110265	56933	37	5	5	32	4.53395e-05	110279	1	FALSE	NA	NA	NA	NA	NA	NA
NC_045512.2	26155	G	A	110265	56933	37	6	0	34	5.44075e-05	110279	1	FALSE	NA	NA	NA	NA	NA	NA
NC_045512.2	26156	T	G	110159	58050	37	3	2	28	2.72311e-05	110168	1	FALSE	NA	NA	NA	NA	NA	NA
NC_045512.2	26156	T	C	110159	58050	37	5	4	36	4.53852e-05	110168	1	FALSE	NA	NA	NA	NA	NA	NA
NC_045512.2	26156	T	A	110159	58050	37	1	1	26	9.07705e-06	110168	1	FALSE	NA	NA	NA	NA	NA	NA
NC_045512.2	26157	T	G	87753	60922	36	1	0	34	1.13946e-05	87761	1	FALSE	NA	NA	NA	NA	NA	NA
NC_045512.2	26157	T	C	87753	60922	36	7	6	34	7.97621e-05	87761	1	FALSE	NA	NA	NA	NA	NA	NA
NC_045512.2	26158	G	A	87801	60868	36	1	1	34	1.13893e-05	87802	1	FALSE	NA	NA	NA	NA	NA	NA
NC_045512.2	26159	T	G	86608	61374	36	1	1	34	1.15444e-05	86622	1	FALSE	NA	NA	NA	NA	NA	NA
NC_045512.2	26159	T	C	86608	61374	36	12	8	36	0.000138533	86622	1	FALSE	NA	NA	NA	NA	NA	NA
NC_045512.2	26159	T	A	86608	61374	36	1	0	34	1.15444e-05	86622	1	FALSE	NA	NA	NA	NA	NA	NA
NC_045512.2	26160	T	C	86566	61374	35	12	4	36	0.0001386	86580	1	FALSE	NA	NA	NA	NA	NA	NA
NC_045512.2	26160	T	A	86566	61374	35	2	0	34	2.31e-05	86580	1	FALSE	NA	NA	NA	NA	NA	NA
NC_045512.2	26160	T	-A	86566	61374	35	1	0	20	1.155e-05	86580	1	FALSE	NA	NA	NA	NA	NA	NA
NC_045512.2	26161	A	T	86868	61527	36	4	1	34	4.60421e-05	86877	1	FALSE	NA	NA	NA	NA	NA	NA
NC_045512.2	26161	A	G	86868	61527	36	4	4	34	4.60421e-05	86877	1	FALSE	NA	NA	NA	NA	NA	NA
NC_045512.2	26161	A	C	86868	61527	36	1	1	34	1.15105e-05	86877	1	FALSE	NA	NA	NA	NA	NA	NA
NC_045512.2	26162	A	T	87115	61456	36	3	2	34	3.44333e-05	87125	1	FALSE	NA	NA	NA	NA	NA	NA
NC_045512.2	26162	A	G	87115	61456	36	6	4	31	6.88666e-05	87125	1	FALSE	NA	NA	NA	NA	NA	NA
NC_045512.2	26162	A	C	87115	61456	36	1	0	34	1.14778e-05	87125	1	FALSE	NA	NA	NA	NA	NA	NA
NC_045512.2	26163	T	C	87091	61428	36	9	7	32	0.000103328	87101	1	FALSE	NA	NA	NA	NA	NA	NA
NC_045512.2	26163	T	A	87091	61428	36	1	1	26	1.14809e-05	87101	1	FALSE	NA	NA	NA	NA	NA	NA
NC_045512.2	26164	C	T	84144	60717	35	2	2	30	2.37679e-05	84147	1	FALSE	NA	NA	NA	NA	NA	NA
NC_045512.2	26164	C	A	84144	60717	35	1	0	34	1.1884e-05	84147	1	FALSE	NA	NA	NA	NA	NA	NA
NC_045512.2	26165	C	T	78671	56764	35	5346	3910	35	0.063627	84021	0	TRUE	NA	NA	NA	NA	NA	NA
NC_045512.2	26165	C	G	78671	56764	35	4	4	34	4.76071e-05	84021	1	FALSE	NA	NA	NA	NA	NA	NA
NC_045512.2	26166	A	G	82055	58786	35	9	4	34	0.000109671	82064	1	FALSE	NA	NA	NA	NA	NA	NA
NC_045512.2	26167	G	T	82751	58709	35	3	2	31	3.62463e-05	82767	1	FALSE	NA	NA	NA	NA	NA	NA
NC_045512.2	26167	G	C	82751	58709	35	1	1	34	1.20821e-05	82767	1	FALSE	NA	NA	NA	NA	NA	NA
NC_045512.2	26167	G	A	82751	58709	35	12	12	32	0.000144985	82767	1	FALSE	NA	NA	NA	NA	NA	NA
NC_045512.2	26168	T	G	83105	58887	35	1	1	34	1.20311e-05	83118	1	FALSE	NA	NA	NA	NA	NA	NA
NC_045512.2	26168	T	C	83105	58887	35	11	11	36	0.000132342	83118	1	FALSE	NA	NA	NA	NA	NA	NA
NC_045512.2	26168	T	A	83105	58887	35	1	1	26	1.20311e-05	83118	1	FALSE	NA	NA	NA	NA	NA	NA
NC_045512.2	26169	A	T	84126	60100	35	2	2	30	2.37696e-05	84141	1	FALSE	NA	NA	NA	NA	NA	NA
NC_045512.2	26169	A	G	84126	60100	35	8	6	42	9.50785e-05	84141	0.598139	FALSE	NA	NA	NA	NA	NA	NA
NC_045512.2	26169	A	C	84126	60100	35	5	4	31	5.94241e-05	84141	1	FALSE	NA	NA	NA	NA	NA	NA
NC_045512.2	26170	A	T	83915	59898	35	4	4	30	4.76616e-05	83925	1	FALSE	NA	NA	NA	NA	NA	NA
NC_045512.2	26170	A	G	83915	59898	35	5	3	32	5.9577e-05	83925	1	FALSE	NA	NA	NA	NA	NA	NA
NC_045512.2	26170	A	C	83915	59898	35	1	1	34	1.19154e-05	83925	1	FALSE	NA	NA	NA	NA	NA	NA
NC_045512.2	26171	T	C	83066	59339	35	25	21	31	0.000300864	83094	1	FALSE	NA	NA	NA	NA	NA	NA
NC_045512.2	26171	T	A	83066	59339	35	3	3	31	3.61037e-05	83094	1	FALSE	NA	NA	NA	NA	NA	NA
NC_045512.2	26172	G	T	77134	56105	35	5637	3870	35	0.0681027	82772	0	TRUE	NA	NA	NA	NA	NA	NA
NC_045512.2	26172	G	A	77134	56105	35	1	1	34	1.20814e-05	82772	1	FALSE	NA	NA	NA	NA	NA	NA
NC_045512.2	26173	G	T	82251	60103	35	1	0	34	1.21569e-05	82258	1	FALSE	NA	NA	NA	NA	NA	NA
NC_045512.2	26173	G	C	82251	60103	35	6	6	30	7.29412e-05	82258	1	FALSE	NA	NA	NA	NA	NA	NA
NC_045512.2	26174	A	T	85609	63887	35	1	1	26	1.16799e-05	85617	1	FALSE	NA	NA	NA	NA	NA	NA
NC_045512.2	26174	A	G	85609	63887	35	7	3	34	8.17595e-05	85617	1	FALSE	NA	NA	NA	NA	NA	NA
NC_045512.2	26175	A	T	87586	66639	35	2	2	26	2.28331e-05	87592	1	FALSE	NA	NA	NA	NA	NA	NA
NC_045512.2	26175	A	G	87586	66639	35	4	2	32	4.56663e-05	87592	1	FALSE	NA	NA	NA	NA	NA	NA
NC_045512.2	26176	C	T	89784	68615	35	1	1	26	1.11375e-05	89787	1	FALSE	NA	NA	NA	NA	NA	NA
NC_045512.2	26176	C	G	89784	68615	35	2	2	34	2.22749e-05	89787	1	FALSE	NA	NA	NA	NA	NA	NA
NC_045512.2	26177	C	T	88971	68197	35	1	1	34	1.12394e-05	88973	1	FALSE	NA	NA	NA	NA	NA	NA
NC_045512.2	26177	C	G	88971	68197	35	1	0	27	1.12394e-05	88973	1	FALSE	NA	NA	NA	NA	NA	NA
NC_045512.2	26178	A	G	89172	67844	35	11	4	35	0.000123342	89183	1	FALSE	NA	NA	NA	NA	NA	NA
NC_045512.2	26179	A	T	90002	68265	35	3	3	34	3.33293e-05	90011	1	FALSE	NA	NA	NA	NA	NA	NA
NC_045512.2	26179	A	G	90002	68265	35	6	4	34	6.66585e-05	90011	1	FALSE	NA	NA	NA	NA	NA	NA
NC_045512.2	26179	A	+T	90002	68265	35	1	0	20	1.11098e-05	90011	1	FALSE	NA	NA	NA	NA	NA	NA
NC_045512.2	26180	T	G	87239	65599	34	1	0	34	1.14352e-05	87449	1	FALSE	NA	NA	NA	NA	NA	NA
NC_045512.2	26180	T	C	87239	65599	34	209	153	35	0.00238996	87449	4.62776e-13	TRUE	NA	NA	NA	NA	NA	NA
NC_045512.2	26181	T	G	91044	69527	35	1	1	34	1.09819e-05	91059	1	FALSE	NA	NA	NA	NA	NA	NA
NC_045512.2	26181	T	C	91044	69527	35	12	11	33	0.000131783	91059	1	FALSE	NA	NA	NA	NA	NA	NA
NC_045512.2	26181	T	A	91044	69527	35	2	2	51	2.19638e-05	91059	0.249966	FALSE	NA	NA	NA	NA	NA	NA
NC_045512.2	26182	T	C	91608	70389	35	1	1	34	1.0916e-05	91609	1	FALSE	NA	NA	NA	NA	NA	NA
NC_045512.2	26183	A	G	93186	71775	35	9	8	34	9.65717e-05	93195	1	FALSE	NA	NA	NA	NA	NA	NA
NC_045512.2	26184	T	G	105821	85095	35	1	0	26	9.44894e-06	105832	1	FALSE	NA	NA	NA	NA	NA	NA
NC_045512.2	26184	T	C	105821	85095	35	9	8	33	8.50404e-05	105832	1	FALSE	NA	NA	NA	NA	NA	NA
NC_045512.2	26184	T	A	105821	85095	35	1	0	34	9.44894e-06	105832	1	FALSE	NA	NA	NA	NA	NA	NA
NC_045512.2	26185	G	T	106484	85806	36	5	1	34	4.69519e-05	106492	1	FALSE	NA	NA	NA	NA	NA	NA
NC_045512.2	26185	G	A	106484	85806	36	3	2	34	2.81711e-05	106492	1	FALSE	NA	NA	NA	NA	NA	NA
NC_045512.2	26186	A	T	109331	88734	36	2	2	34	1.82896e-05	109352	1	FALSE	NA	NA	NA	NA	NA	NA
NC_045512.2	26186	A	G	109331	88734	36	17	12	38	0.000155461	109352	1	FALSE	NA	NA	NA	NA	NA	NA
NC_045512.2	26186	A	C	109331	88734	36	2	2	34	1.82896e-05	109352	1	FALSE	NA	NA	NA	NA	NA	NA
NC_045512.2	26187	T	G	106982	86504	35	2	0	30	1.86937e-05	106988	1	FALSE	NA	NA	NA	NA	NA	NA
NC_045512.2	26187	T	C	106982	86504	35	3	3	35	2.80405e-05	106988	1	FALSE	NA	NA	NA	NA	NA	NA
NC_045512.2	26187	T	A	106982	86504	35	1	1	34	9.34684e-06	106988	1	FALSE	NA	NA	NA	NA	NA	NA
NC_045512.2	26188	G	C	106452	85955	36	1	1	34	9.39329e-06	106459	1	FALSE	NA	NA	NA	NA	NA	NA
NC_045512.2	26188	G	A	106452	85955	36	6	5	39	5.63597e-05	106459	1	FALSE	NA	NA	NA	NA	NA	NA
NC_045512.2	26189	A	T	108452	88034	36	1	1	68	9.21965e-06	108464	0.499977	FALSE	NA	NA	NA	NA	NA	NA
NC_045512.2	26189	A	G	108452	88034	36	11	11	33	0.000101416	108464	1	FALSE	NA	NA	NA	NA	NA	NA
NC_045512.2	26190	A	G	107368	88360	35	12	9	33	0.000111751	107382	1	FALSE	NA	NA	NA	NA	NA	NA
NC_045512.2	26190	A	C	107368	88360	35	2	1	29	1.86251e-05	107382	1	FALSE	NA	NA	NA	NA	NA	NA
NC_045512.2	26191	C	T	114020	95095	36	8	8	34	7.0157e-05	114030	1	FALSE	NA	NA	NA	NA	NA	NA
NC_045512.2	26191	C	A	114020	95095	36	2	2	34	1.75392e-05	114030	1	FALSE	NA	NA	NA	NA	NA	NA
NC_045512.2	26191	C	-CGA	114020	95095	36	7	0	20	6.13874e-05	114030	1	FALSE	NA	NA	NA	NA	NA	NA
NC_045512.2	26191	C	+CGA	114020	95095	36	1	0	20	8.76962e-06	114030	1	FALSE	NA	NA	NA	NA	NA	NA
NC_045512.2	26192	C	T	113726	95057	36	8	3	34	7.03383e-05	113736	1	FALSE	NA	NA	NA	NA	NA	NA
NC_045512.2	26192	C	G	113726	95057	36	1	1	34	8.79229e-06	113736	1	FALSE	NA	NA	NA	NA	NA	NA
NC_045512.2	26192	C	A	113726	95057	36	1	1	34	8.79229e-06	113736	1	FALSE	NA	NA	NA	NA	NA	NA
NC_045512.2	26193	G	T	114068	95032	36	1	1	34	8.76524e-06	114087	1	FALSE	NA	NA	NA	NA	NA	NA
NC_045512.2	26193	G	C	114068	95032	36	2	1	30	1.75305e-05	114087	1	FALSE	NA	NA	NA	NA	NA	NA
NC_045512.2	26193	G	A	114068	95032	36	16	12	35	0.000140244	114087	1	FALSE	NA	NA	NA	NA	NA	NA
NC_045512.2	26194	A	T	114105	95428	35	11	3	33	9.63847e-05	114126	1	FALSE	NA	NA	NA	NA	NA	NA
NC_045512.2	26194	A	G	114105	95428	35	5	3	34	4.38112e-05	114126	1	FALSE	NA	NA	NA	NA	NA	NA
NC_045512.2	26194	A	C	114105	95428	35	5	5	27	4.38112e-05	114126	1	FALSE	NA	NA	NA	NA	NA	NA
NC_045512.2	26195	C	T	114394	95685	36	21	12	34	0.000183542	114415	1	FALSE	NA	NA	NA	NA	NA	NA
NC_045512.2	26196	G	C	114222	95489	35	3	3	28	2.62628e-05	114230	1	FALSE	NA	NA	NA	NA	NA	NA
NC_045512.2	26196	G	A	114222	95489	35	5	4	34	4.37713e-05	114230	1	FALSE	NA	NA	NA	NA	NA	NA
NC_045512.2	26197	A	G	114913	96052	36	4	3	42	3.48068e-05	114920	0.982423	FALSE	NA	NA	NA	NA	NA	NA
NC_045512.2	26197	A	C	114913	96052	36	3	3	31	2.61051e-05	114920	1	FALSE	NA	NA	NA	NA	NA	NA
NC_045512.2	26198	C	T	115122	96340	36	29	26	37	0.000251843	115151	1	FALSE	NA	NA	NA	NA	NA	NA
NC_045512.2	26199	G	C	115316	95894	36	4	4	34	3.46843e-05	115326	1	FALSE	NA	NA	NA	NA	NA	NA
NC_045512.2	26199	G	A	115316	95894	36	6	5	34	5.20264e-05	115326	1	FALSE	NA	NA	NA	NA	NA	NA
NC_045512.2	26199	G	-ACT	115316	95894	36	1	0	20	8.67107e-06	115326	1	FALSE	NA	NA	NA	NA	NA	NA
NC_045512.2	26200	A	T	116515	97485	36	2	2	26	1.71638e-05	116524	1	FALSE	NA	NA	NA	NA	NA	NA
NC_045512.2	26200	A	G	116515	97485	36	7	6	43	6.00735e-05	116524	0.88106	FALSE	NA	NA	NA	NA	NA	NA
NC_045512.2	26201	C	T	118578	98006	36	1	1	34	8.43298e-06	118582	1	FALSE	NA	NA	NA	NA	NA	NA
NC_045512.2	26201	C	G	118578	98006	36	1	0	26	8.43298e-06	118582	1	FALSE	NA	NA	NA	NA	NA	NA
NC_045512.2	26201	C	A	118578	98006	36	2	1	34	1.6866e-05	118582	1	FALSE	NA	NA	NA	NA	NA	NA
NC_045512.2	26202	T	G	117634	97022	36	1	1	34	8.49972e-06	117651	1	FALSE	NA	NA	NA	NA	NA	NA
NC_045512.2	26202	T	C	117634	97022	36	16	14	37	0.000135995	117651	1	FALSE	NA	NA	NA	NA	NA	NA
NC_045512.2	26203	A	T	117622	97014	36	5	5	34	4.25033e-05	117638	1	FALSE	NA	NA	NA	NA	NA	NA
NC_045512.2	26203	A	G	117622	97014	36	8	6	33	6.80052e-05	117638	1	FALSE	NA	NA	NA	NA	NA	NA
NC_045512.2	26203	A	C	117622	97014	36	3	2	34	2.5502e-05	117638	1	FALSE	NA	NA	NA	NA	NA	NA
NC_045512.2	26204	C	T	118537	98145	36	8	8	34	6.74832e-05	118548	1	FALSE	NA	NA	NA	NA	NA	NA
NC_045512.2	26204	C	G	118537	98145	36	2	0	30	1.68708e-05	118548	1	FALSE	NA	NA	NA	NA	NA	NA
NC_045512.2	26204	C	A	118537	98145	36	1	1	34	8.4354e-06	118548	1	FALSE	NA	NA	NA	NA	NA	NA
NC_045512.2	26205	T	C	118244	97638	36	25	23	32	0.000211381	118270	1	FALSE	NA	NA	NA	NA	NA	NA
NC_045512.2	26205	T	A	118244	97638	36	1	1	34	8.45523e-06	118270	1	FALSE	NA	NA	NA	NA	NA	NA
NC_045512.2	26206	A	T	118509	97812	36	2	2	34	1.68721e-05	118539	1	FALSE	NA	NA	NA	NA	NA	NA
NC_045512.2	26206	A	G	118509	97812	36	26	22	37	0.000219337	118539	1	FALSE	NA	NA	NA	NA	NA	NA
NC_045512.2	26206	A	C	118509	97812	36	2	2	34	1.68721e-05	118539	1	FALSE	NA	NA	NA	NA	NA	NA
NC_045512.2	26207	G	T	118470	97904	36	1	1	34	8.4406e-06	118475	1	FALSE	NA	NA	NA	NA	NA	NA
NC_045512.2	26207	G	C	118470	97904	36	1	1	26	8.4406e-06	118475	1	FALSE	NA	NA	NA	NA	NA	NA
NC_045512.2	26207	G	A	118470	97904	36	3	0	34	2.53218e-05	118475	1	FALSE	NA	NA	NA	NA	NA	NA
NC_045512.2	26208	C	T	115646	97462	35	5	4	30	4.32328e-05	115653	1	FALSE	NA	NA	NA	NA	NA	NA
NC_045512.2	26208	C	G	115646	97462	35	2	1	47	1.72931e-05	115653	0.998291	FALSE	NA	NA	NA	NA	NA	NA
NC_045512.2	26209	G	T	115576	97308	35	1	1	34	8.65022e-06	115604	1	FALSE	NA	NA	NA	NA	NA	NA
NC_045512.2	26209	G	C	115576	97308	35	3	3	31	2.59507e-05	115604	1	FALSE	NA	NA	NA	NA	NA	NA
NC_045512.2	26209	G	A	115576	97308	35	24	21	35	0.000207605	115604	1	FALSE	NA	NA	NA	NA	NA	NA
NC_045512.2	26210	T	C	109449	92704	35	9	7	33	8.22233e-05	109458	1	FALSE	NA	NA	NA	NA	NA	NA
NC_045512.2	26211	G	T	109168	92586	35	1	1	26	9.15893e-06	109183	1	FALSE	NA	NA	NA	NA	NA	NA
NC_045512.2	26211	G	C	109168	92586	35	3	3	31	2.74768e-05	109183	1	FALSE	NA	NA	NA	NA	NA	NA
NC_045512.2	26211	G	A	109168	92586	35	11	10	34	0.000100748	109183	1	FALSE	NA	NA	NA	NA	NA	NA
NC_045512.2	26212	C	T	109001	92576	35	8	7	34	7.33871e-05	109011	1	FALSE	NA	NA	NA	NA	NA	NA
NC_045512.2	26212	C	G	109001	92576	35	2	2	34	1.83468e-05	109011	1	FALSE	NA	NA	NA	NA	NA	NA
NC_045512.2	26213	C	G	108700	92662	35	1	0	34	9.19929e-06	108704	1	FALSE	NA	NA	NA	NA	NA	NA
NC_045512.2	26213	C	A	108700	92662	35	3	1	34	2.75979e-05	108704	1	FALSE	NA	NA	NA	NA	NA	NA
NC_045512.2	26213	C	-TT	108700	92662	35	1	0	20	9.19929e-06	108704	1	FALSE	NA	NA	NA	NA	NA	NA
NC_045512.2	26213	C	-T	108700	92662	35	5	0	20	4.59965e-05	108704	1	FALSE	NA	NA	NA	NA	NA	NA
NC_045512.2	26214	T	G	103252	86974	34	8	8	34	7.74578e-05	103282	1	FALSE	NA	NA	NA	NA	NA	NA
NC_045512.2	26214	T	C	103252	86974	34	13	13	34	0.000125869	103282	1	FALSE	NA	NA	NA	NA	NA	NA
NC_045512.2	26214	T	A	103252	86974	34	9	8	37	8.71401e-05	103282	1	FALSE	NA	NA	NA	NA	NA	NA
NC_045512.2	26215	T	G	108371	92059	35	1	1	34	9.22688e-06	108379	1	FALSE	NA	NA	NA	NA	NA	NA
NC_045512.2	26215	T	C	108371	92059	35	7	6	34	6.45882e-05	108379	1	FALSE	NA	NA	NA	NA	NA	NA
NC_045512.2	26216	T	G	108559	92033	35	1	0	27	9.21014e-06	108576	1	FALSE	NA	NA	NA	NA	NA	NA
NC_045512.2	26216	T	C	108559	92033	35	15	9	34	0.000138152	108576	1	FALSE	NA	NA	NA	NA	NA	NA
NC_045512.2	26216	T	A	108559	92033	35	1	1	34	9.21014e-06	108576	1	FALSE	NA	NA	NA	NA	NA	NA
NC_045512.2	26217	G	T	108156	92098	35	5	4	32	4.62265e-05	108163	1	FALSE	NA	NA	NA	NA	NA	NA
NC_045512.2	26217	G	C	108156	92098	35	1	1	34	9.24531e-06	108163	1	FALSE	NA	NA	NA	NA	NA	NA
NC_045512.2	26217	G	A	108156	92098	35	1	1	34	9.24531e-06	108163	1	FALSE	NA	NA	NA	NA	NA	NA
NC_045512.2	26218	T	C	109025	93055	35	7	7	32	6.42013e-05	109032	1	FALSE	NA	NA	NA	NA	NA	NA
NC_045512.2	26218	T	-A	109025	93055	35	3	0	20	2.75149e-05	109032	1	FALSE	NA	NA	NA	NA	NA	NA
NC_045512.2	26219	A	T	109092	93095	35	1	1	34	9.16313e-06	109133	1	FALSE	NA	NA	NA	NA	NA	NA
NC_045512.2	26219	A	G	109092	93095	35	39	36	34	0.000357362	109133	1	FALSE	NA	NA	NA	NA	NA	NA
NC_045512.2	26219	A	C	109092	93095	35	1	1	34	9.16313e-06	109133	1	FALSE	NA	NA	NA	NA	NA	NA
NC_045512.2	26220	A	T	109148	93060	35	1	1	26	9.16036e-06	109166	1	FALSE	NA	NA	NA	NA	NA	NA
NC_045512.2	26220	A	G	109148	93060	35	13	7	45	0.000119085	109166	0.338779	FALSE	NA	NA	NA	NA	NA	NA
NC_045512.2	26220	A	C	109148	93060	35	4	2	32	3.66414e-05	109166	1	FALSE	NA	NA	NA	NA	NA	NA
NC_045512.2	26221	G	T	108913	92483	35	1	1	26	9.1792e-06	108942	1	FALSE	NA	NA	NA	NA	NA	NA
NC_045512.2	26221	G	C	108913	92483	35	1	1	68	9.1792e-06	108942	0.499938	FALSE	NA	NA	NA	NA	NA	NA
NC_045512.2	26221	G	A	108913	92483	35	27	25	34	0.000247838	108942	1	FALSE	NA	NA	NA	NA	NA	NA
NC_045512.2	26222	C	T	110985	96029	35	5	5	34	4.50479e-05	110993	1	FALSE	NA	NA	NA	NA	NA	NA
NC_045512.2	26222	C	G	110985	96029	35	1	1	34	9.00958e-06	110993	1	FALSE	NA	NA	NA	NA	NA	NA
NC_045512.2	26222	C	A	110985	96029	35	2	2	34	1.80192e-05	110993	1	FALSE	NA	NA	NA	NA	NA	NA
NC_045512.2	26223	A	G	109984	95006	35	8	7	33	7.27326e-05	109992	1	FALSE	NA	NA	NA	NA	NA	NA
NC_045512.2	26224	C	T	110148	95104	35	2	1	29	1.81571e-05	110150	1	FALSE	NA	NA	NA	NA	NA	NA
NC_045512.2	26225	A	T	111486	96372	35	7	7	32	6.27758e-05	111508	1	FALSE	NA	NA	NA	NA	NA	NA
NC_045512.2	26225	A	G	111486	96372	35	10	9	35	8.96797e-05	111508	1	FALSE	NA	NA	NA	NA	NA	NA
NC_045512.2	26225	A	C	111486	96372	35	5	5	34	4.48398e-05	111508	1	FALSE	NA	NA	NA	NA	NA	NA
NC_045512.2	26226	A	T	111932	96809	35	3	3	31	2.67948e-05	111962	1	FALSE	NA	NA	NA	NA	NA	NA
NC_045512.2	26226	A	G	111932	96809	35	22	21	33	0.000196495	111962	1	FALSE	NA	NA	NA	NA	NA	NA
NC_045512.2	26226	A	C	111932	96809	35	5	5	34	4.4658e-05	111962	1	FALSE	NA	NA	NA	NA	NA	NA
NC_045512.2	26227	G	T	112237	96702	35	2	2	30	1.7819e-05	112240	1	FALSE	NA	NA	NA	NA	NA	NA
NC_045512.2	26227	G	C	112237	96702	35	1	1	34	8.90948e-06	112240	1	FALSE	NA	NA	NA	NA	NA	NA
NC_045512.2	26228	C	T	117198	102693	35	5	3	32	4.26607e-05	117204	1	FALSE	NA	NA	NA	NA	NA	NA
NC_045512.2	26228	C	A	117198	102693	35	1	1	34	8.53213e-06	117204	1	FALSE	NA	NA	NA	NA	NA	NA
NC_045512.2	26229	T	C	117184	102693	35	14	13	34	0.000119455	117199	1	FALSE	NA	NA	NA	NA	NA	NA
NC_045512.2	26229	T	A	117184	102693	35	1	1	34	8.5325e-06	117199	1	FALSE	NA	NA	NA	NA	NA	NA
NC_045512.2	26229	T	-G	117184	102693	35	1	0	20	8.5325e-06	117199	1	FALSE	NA	NA	NA	NA	NA	NA
NC_045512.2	26230	G	T	116064	101355	35	3	3	34	2.58467e-05	116069	1	FALSE	NA	NA	NA	NA	NA	NA
NC_045512.2	26230	G	A	116064	101355	35	2	2	30	1.72311e-05	116069	1	FALSE	NA	NA	NA	NA	NA	NA
NC_045512.2	26231	A	T	116579	101865	35	4	4	32	3.43083e-05	116590	1	FALSE	NA	NA	NA	NA	NA	NA
NC_045512.2	26231	A	G	116579	101865	35	4	4	42	3.43083e-05	116590	0.98242	FALSE	NA	NA	NA	NA	NA	NA
NC_045512.2	26231	A	C	116579	101865	35	3	3	34	2.57312e-05	116590	1	FALSE	NA	NA	NA	NA	NA	NA
NC_045512.2	26231	A	-T	116579	101865	35	2	0	20	1.71541e-05	116590	1	FALSE	NA	NA	NA	NA	NA	NA
NC_045512.2	26232	T	C	116774	102101	35	1	1	34	8.5634e-06	116776	1	FALSE	NA	NA	NA	NA	NA	NA
NC_045512.2	26232	T	A	116774	102101	35	1	1	34	8.5634e-06	116776	1	FALSE	NA	NA	NA	NA	NA	NA
NC_045512.2	26233	G	T	116594	101870	35	3	3	31	2.5729e-05	116600	1	FALSE	NA	NA	NA	NA	NA	NA
NC_045512.2	26233	G	C	116594	101870	35	1	1	26	8.57633e-06	116600	1	FALSE	NA	NA	NA	NA	NA	NA
NC_045512.2	26233	G	A	116594	101870	35	2	2	34	1.71527e-05	116600	1	FALSE	NA	NA	NA	NA	NA	NA
NC_045512.2	26234	A	T	113082	98445	35	15	15	32	0.00013261	113114	1	FALSE	NA	NA	NA	NA	NA	NA
NC_045512.2	26234	A	G	113082	98445	35	16	13	33	0.00014145	113114	1	FALSE	NA	NA	NA	NA	NA	NA
NC_045512.2	26234	A	C	113082	98445	35	1	1	34	8.84064e-06	113114	1	FALSE	NA	NA	NA	NA	NA	NA
NC_045512.2	26235	G	A	113914	98276	35	4	2	34	3.5113e-05	113918	1	FALSE	NA	NA	NA	NA	NA	NA
NC_045512.2	26236	T	C	122321	107532	35	11	11	37	8.9917e-05	122335	1	FALSE	NA	NA	NA	NA	NA	NA
NC_045512.2	26236	T	A	122321	107532	35	3	2	31	2.45228e-05	122335	1	FALSE	NA	NA	NA	NA	NA	NA
NC_045512.2	26237	A	T	122891	108127	35	1	1	26	8.13637e-06	122905	1	FALSE	NA	NA	NA	NA	NA	NA
NC_045512.2	26237	A	G	122891	108127	35	12	12	34	9.76364e-05	122905	1	FALSE	NA	NA	NA	NA	NA	NA
NC_045512.2	26237	A	C	122891	108127	35	1	1	24	8.13637e-06	122905	1	FALSE	NA	NA	NA	NA	NA	NA
NC_045512.2	26238	C	T	122875	109275	35	9	8	33	7.32362e-05	122890	1	FALSE	NA	NA	NA	NA	NA	NA
NC_045512.2	26238	C	A	122875	109275	35	6	5	34	4.88242e-05	122890	1	FALSE	NA	NA	NA	NA	NA	NA
NC_045512.2	26239	G	T	121557	107978	35	8	8	33	6.58035e-05	121574	1	FALSE	NA	NA	NA	NA	NA	NA
NC_045512.2	26239	G	A	121557	107978	35	9	7	34	7.4029e-05	121574	1	FALSE	NA	NA	NA	NA	NA	NA
NC_045512.2	26240	A	T	128940	115632	35	6	4	32	4.65246e-05	128964	1	FALSE	NA	NA	NA	NA	NA	NA
NC_045512.2	26240	A	G	128940	115632	35	12	12	33	9.30492e-05	128964	1	FALSE	NA	NA	NA	NA	NA	NA
NC_045512.2	26240	A	C	128940	115632	35	6	6	31	4.65246e-05	128964	1	FALSE	NA	NA	NA	NA	NA	NA
NC_045512.2	26241	A	T	129511	118095	35	2	2	30	1.54409e-05	129526	1	FALSE	NA	NA	NA	NA	NA	NA
NC_045512.2	26241	A	G	129511	118095	35	8	7	33	6.17637e-05	129526	1	FALSE	NA	NA	NA	NA	NA	NA
NC_045512.2	26241	A	C	129511	118095	35	5	4	32	3.86023e-05	129526	1	FALSE	NA	NA	NA	NA	NA	NA
NC_045512.2	26242	C	T	131348	118331	35	4	2	38	3.04516e-05	131356	1	FALSE	NA	NA	NA	NA	NA	NA
NC_045512.2	26242	C	G	131348	118331	35	1	1	26	7.6129e-06	131356	1	FALSE	NA	NA	NA	NA	NA	NA
NC_045512.2	26242	C	A	131348	118331	35	3	1	34	2.28387e-05	131356	1	FALSE	NA	NA	NA	NA	NA	NA
NC_045512.2	26242	C	-T	131348	118331	35	2	0	20	1.52258e-05	131356	1	FALSE	NA	NA	NA	NA	NA	NA
NC_045512.2	26243	T	G	133357	120448	35	3	1	34	2.24933e-05	133373	1	FALSE	NA	NA	NA	NA	NA	NA
NC_045512.2	26243	T	C	133357	120448	35	8	7	33	5.99822e-05	133373	1	FALSE	NA	NA	NA	NA	NA	NA
NC_045512.2	26243	T	A	133357	120448	35	5	5	32	3.74888e-05	133373	1	FALSE	NA	NA	NA	NA	NA	NA
NC_045512.2	26244	T	G	129591	116871	35	3	1	31	2.31469e-05	129607	1	FALSE	NA	NA	NA	NA	NA	NA
NC_045512.2	26244	T	C	129591	116871	35	13	13	34	0.000100303	129607	1	FALSE	NA	NA	NA	NA	NA	NA
NC_045512.2	26245	A	T	135558	123518	35	5	2	30	3.68821e-05	135567	1	FALSE	NA	NA	NA	NA	NA	NA
NC_045512.2	26245	A	G	135558	123518	35	4	4	34	2.95057e-05	135567	1	FALSE	NA	NA	NA	NA	NA	NA
NC_045512.2	26246	T	C	136528	124566	35	12	10	32	8.78863e-05	136540	1	FALSE	NA	NA	NA	NA	NA	NA
NC_045512.2	26247	G	T	136918	124975	35	4	4	30	2.92114e-05	136933	1	FALSE	NA	NA	NA	NA	NA	NA
NC_045512.2	26247	G	C	136918	124975	35	9	9	32	6.57256e-05	136933	1	FALSE	NA	NA	NA	NA	NA	NA
NC_045512.2	26247	G	A	136918	124975	35	2	2	34	1.46057e-05	136933	1	FALSE	NA	NA	NA	NA	NA	NA
NC_045512.2	26248	T	G	138819	127271	35	2	2	34	1.44039e-05	138851	1	FALSE	NA	NA	NA	NA	NA	NA
NC_045512.2	26248	T	C	138819	127271	35	24	22	32	0.000172847	138851	1	FALSE	NA	NA	NA	NA	NA	NA
NC_045512.2	26248	T	A	138819	127271	35	6	6	32	4.32118e-05	138851	1	FALSE	NA	NA	NA	NA	NA	NA
NC_045512.2	26249	A	T	140301	129189	35	5	5	34	3.56293e-05	140334	1	FALSE	NA	NA	NA	NA	NA	NA
NC_045512.2	26249	A	G	140301	129189	35	23	21	34	0.000163895	140334	1	FALSE	NA	NA	NA	NA	NA	NA
NC_045512.2	26249	A	C	140301	129189	35	5	4	34	3.56293e-05	140334	1	FALSE	NA	NA	NA	NA	NA	NA
NC_045512.2	26250	C	T	187090	177751	35	15	11	47	8.01642e-05	187116	0.756536	FALSE	NA	NA	NA	NA	NA	NA
NC_045512.2	26250	C	G	187090	177751	35	3	3	34	1.60328e-05	187116	1	FALSE	NA	NA	NA	NA	NA	NA
NC_045512.2	26250	C	A	187090	177751	35	8	8	33	4.27542e-05	187116	1	FALSE	NA	NA	NA	NA	NA	NA
NC_045512.2	26251	T	G	177403	168164	35	3	2	34	1.69063e-05	177449	1	FALSE	NA	NA	NA	NA	NA	NA
NC_045512.2	26251	T	C	177403	168164	35	42	42	34	0.000236688	177449	1	FALSE	NA	NA	NA	NA	NA	NA
NC_045512.2	26251	T	A	177403	168164	35	1	1	34	5.63542e-06	177449	1	FALSE	NA	NA	NA	NA	NA	NA
NC_045512.2	26252	C	T	177264	168097	35	9	9	33	5.07689e-05	177274	1	FALSE	NA	NA	NA	NA	NA	NA
NC_045512.2	26252	C	A	177264	168097	35	1	1	34	5.64099e-06	177274	1	FALSE	NA	NA	NA	NA	NA	NA
NC_045512.2	26253	A	T	182844	174002	35	2	2	34	1.09377e-05	182853	1	FALSE	NA	NA	NA	NA	NA	NA
NC_045512.2	26253	A	G	182844	174002	35	6	5	34	3.28132e-05	182853	1	FALSE	NA	NA	NA	NA	NA	NA
NC_045512.2	26253	A	C	182844	174002	35	1	1	34	5.46887e-06	182853	1	FALSE	NA	NA	NA	NA	NA	NA
NC_045512.2	26254	T	G	183820	175148	35	20	17	34	0.000108772	183871	1	FALSE	NA	NA	NA	NA	NA	NA
NC_045512.2	26254	T	C	183820	175148	35	29	28	37	0.000157719	183871	1	FALSE	NA	NA	NA	NA	NA	NA
NC_045512.2	26254	T	A	183820	175148	35	2	2	34	1.08772e-05	183871	1	FALSE	NA	NA	NA	NA	NA	NA
NC_045512.2	26255	T	G	183755	175104	35	1	1	26	5.44147e-06	183774	1	FALSE	NA	NA	NA	NA	NA	NA
NC_045512.2	26255	T	C	183755	175104	35	17	17	34	9.25049e-05	183774	1	FALSE	NA	NA	NA	NA	NA	NA
NC_045512.2	26255	T	A	183755	175104	35	1	0	68	5.44147e-06	183774	0.499977	FALSE	NA	NA	NA	NA	NA	NA
NC_045512.2	26256	C	T	182020	173814	35	11	11	34	6.04273e-05	182037	1	FALSE	NA	NA	NA	NA	NA	NA
NC_045512.2	26256	C	G	182020	173814	35	1	1	34	5.49339e-06	182037	1	FALSE	NA	NA	NA	NA	NA	NA
NC_045512.2	26256	C	A	182020	173814	35	5	5	34	2.74669e-05	182037	1	FALSE	NA	NA	NA	NA	NA	NA
NC_045512.2	26257	G	T	182149	173950	35	4	4	34	2.19579e-05	182167	1	FALSE	NA	NA	NA	NA	NA	NA
NC_045512.2	26257	G	A	182149	173950	35	14	13	38	7.68526e-05	182167	1	FALSE	NA	NA	NA	NA	NA	NA
NC_045512.2	26257	G	-T	182149	173950	35	1	0	20	5.48947e-06	182167	1	FALSE	NA	NA	NA	NA	NA	NA
NC_045512.2	26258	T	G	182322	174652	35	1	1	26	5.48441e-06	182335	1	FALSE	NA	NA	NA	NA	NA	NA
NC_045512.2	26258	T	C	182322	174652	35	12	11	32	6.58129e-05	182335	1	FALSE	NA	NA	NA	NA	NA	NA
NC_045512.2	26259	T	G	181994	174441	35	1	1	34	5.49372e-06	182026	1	FALSE	NA	NA	NA	NA	NA	NA
NC_045512.2	26259	T	C	181994	174441	35	30	28	35	0.000164812	182026	1	FALSE	NA	NA	NA	NA	NA	NA
NC_045512.2	26259	T	A	181994	174441	35	1	1	34	5.49372e-06	182026	1	FALSE	NA	NA	NA	NA	NA	NA
NC_045512.2	26260	T	C	182019	174460	35	9	9	33	4.94427e-05	182029	1	FALSE	NA	NA	NA	NA	NA	NA
NC_045512.2	26260	T	A	182019	174460	35	1	1	34	5.49363e-06	182029	1	FALSE	NA	NA	NA	NA	NA	NA
NC_045512.2	26260	T	-C	182019	174460	35	1	0	20	5.49363e-06	182029	1	FALSE	NA	NA	NA	NA	NA	NA
NC_045512.2	26261	C	T	181165	173744	35	10	10	36	5.51946e-05	181177	1	FALSE	NA	NA	NA	NA	NA	NA
NC_045512.2	26261	C	A	181165	173744	35	2	2	34	1.10389e-05	181177	1	FALSE	NA	NA	NA	NA	NA	NA
NC_045512.2	26262	G	T	180828	173408	35	1	1	34	5.52966e-06	180843	1	FALSE	NA	NA	NA	NA	NA	NA
NC_045512.2	26262	G	C	180828	173408	35	2	2	30	1.10593e-05	180843	1	FALSE	NA	NA	NA	NA	NA	NA
NC_045512.2	26262	G	A	180828	173408	35	12	12	34	6.63559e-05	180843	1	FALSE	NA	NA	NA	NA	NA	NA
NC_045512.2	26263	G	T	180868	173640	35	5	5	32	2.76429e-05	180878	1	FALSE	NA	NA	NA	NA	NA	NA
NC_045512.2	26263	G	C	180868	173640	35	1	1	34	5.52859e-06	180878	1	FALSE	NA	NA	NA	NA	NA	NA
NC_045512.2	26263	G	A	180868	173640	35	4	4	34	2.21144e-05	180878	1	FALSE	NA	NA	NA	NA	NA	NA
NC_045512.2	26263	G	-A	180868	173640	35	1	0	20	5.52859e-06	180878	1	FALSE	NA	NA	NA	NA	NA	NA
NC_045512.2	26264	A	T	180846	173622	35	2	2	30	1.10575e-05	180873	1	FALSE	NA	NA	NA	NA	NA	NA
NC_045512.2	26264	A	G	180846	173622	35	16	16	33	8.84599e-05	180873	1	FALSE	NA	NA	NA	NA	NA	NA
NC_045512.2	26264	A	C	180846	173622	35	9	9	30	4.97587e-05	180873	1	FALSE	NA	NA	NA	NA	NA	NA
NC_045512.2	26265	A	T	181257	174121	35	1	1	34	5.51636e-06	181279	1	FALSE	NA	NA	NA	NA	NA	NA
NC_045512.2	26265	A	G	181257	174121	35	16	16	33	8.82617e-05	181279	1	FALSE	NA	NA	NA	NA	NA	NA
NC_045512.2	26265	A	C	181257	174121	35	5	4	30	2.75818e-05	181279	1	FALSE	NA	NA	NA	NA	NA	NA
NC_045512.2	26266	G	T	181079	174111	35	3	2	34	1.65656e-05	181098	1	FALSE	NA	NA	NA	NA	NA	NA
NC_045512.2	26266	G	C	181079	174111	35	6	6	31	3.31312e-05	181098	1	FALSE	NA	NA	NA	NA	NA	NA
NC_045512.2	26266	G	A	181079	174111	35	10	10	34	5.52187e-05	181098	1	FALSE	NA	NA	NA	NA	NA	NA
NC_045512.2	26267	A	T	179653	172789	35	4	3	32	2.22625e-05	179674	1	FALSE	NA	NA	NA	NA	NA	NA
NC_045512.2	26267	A	G	179653	172789	35	15	13	35	8.34845e-05	179674	1	FALSE	NA	NA	NA	NA	NA	NA
NC_045512.2	26267	A	C	179653	172789	35	2	2	30	1.11313e-05	179674	1	FALSE	NA	NA	NA	NA	NA	NA
NC_045512.2	26268	G	T	179567	172865	35	1	1	34	5.5688e-06	179572	1	FALSE	NA	NA	NA	NA	NA	NA
NC_045512.2	26268	G	C	179567	172865	35	1	1	26	5.5688e-06	179572	1	FALSE	NA	NA	NA	NA	NA	NA
NC_045512.2	26268	G	A	179567	172865	35	3	2	38	1.67064e-05	179572	1	FALSE	NA	NA	NA	NA	NA	NA
NC_045512.2	26269	A	T	179573	173192	35	1	1	34	5.56839e-06	179585	1	FALSE	NA	NA	NA	NA	NA	NA
NC_045512.2	26269	A	G	179573	173192	35	6	5	31	3.34104e-05	179585	1	FALSE	NA	NA	NA	NA	NA	NA
NC_045512.2	26269	A	C	179573	173192	35	5	5	30	2.7842e-05	179585	1	FALSE	NA	NA	NA	NA	NA	NA
NC_045512.2	26270	C	T	13	11	32	179286	172798	35	0.999905	179303	0	TRUE	NA	NA	NA	NA	NA	NA
NC_045512.2	26270	C	G	13	11	32	1	1	26	5.57715e-06	179303	0.131316	FALSE	NA	NA	NA	NA	NA	NA
NC_045512.2	26270	C	A	13	11	32	3	3	34	1.67315e-05	179303	5.7032e-07	TRUE	NA	NA	NA	NA	NA	NA
NC_045512.2	26271	A	G	179203	172735	35	47	47	35	0.000262144	179291	1	FALSE	NA	NA	NA	NA	NA	NA
NC_045512.2	26271	A	C	179203	172735	35	41	41	32	0.000228679	179291	1	FALSE	NA	NA	NA	NA	NA	NA
NC_045512.2	26272	G	C	176474	170001	34	3	3	34	1.69993e-05	176478	1	FALSE	NA	NA	NA	NA	NA	NA
NC_045512.2	26272	G	A	176474	170001	34	1	1	34	5.66643e-06	176478	1	FALSE	NA	NA	NA	NA	NA	NA
NC_045512.2	26273	G	T	178535	172082	35	3	3	34	1.68025e-05	178545	1	FALSE	NA	NA	NA	NA	NA	NA
NC_045512.2	26273	G	C	178535	172082	35	3	3	31	1.68025e-05	178545	1	FALSE	NA	NA	NA	NA	NA	NA
NC_045512.2	26273	G	A	178535	172082	35	4	4	34	2.24033e-05	178545	1	FALSE	NA	NA	NA	NA	NA	NA
NC_045512.2	26274	T	G	175553	169215	35	1	1	34	5.69577e-06	175569	1	FALSE	NA	NA	NA	NA	NA	NA
NC_045512.2	26274	T	C	175553	169215	35	15	14	31	8.54365e-05	175569	1	FALSE	NA	NA	NA	NA	NA	NA
NC_045512.2	26275	A	T	173566	167257	35	3	3	31	1.72824e-05	173587	1	FALSE	NA	NA	NA	NA	NA	NA
NC_045512.2	26275	A	G	173566	167257	35	13	12	36	7.48904e-05	173587	1	FALSE	NA	NA	NA	NA	NA	NA
NC_045512.2	26275	A	C	173566	167257	35	5	4	30	2.8804e-05	173587	1	FALSE	NA	NA	NA	NA	NA	NA
NC_045512.2	26275	A	-C	173566	167257	35	1	0	20	5.7608e-06	173587	1	FALSE	NA	NA	NA	NA	NA	NA
NC_045512.2	26275	A	+CG	173566	167257	35	1	0	20	5.7608e-06	173587	1	FALSE	NA	NA	NA	NA	NA	NA
NC_045512.2	26276	C	T	171394	165130	35	8	8	34	4.66731e-05	171405	1	FALSE	NA	NA	NA	NA	NA	NA
NC_045512.2	26276	C	A	171394	165130	35	3	1	34	1.75024e-05	171405	1	FALSE	NA	NA	NA	NA	NA	NA
NC_045512.2	26276	C	-G	171394	165130	35	2	0	20	1.16681e-05	171407	1	FALSE	NA	NA	NA	NA	NA	NA
NC_045512.2	26277	G	T	169054	162800	35	21	21	34	0.000124192	169093	1	FALSE	NA	NA	NA	NA	NA	NA
NC_045512.2	26277	G	C	169054	162800	35	10	10	33	5.91391e-05	169093	1	FALSE	NA	NA	NA	NA	NA	NA
NC_045512.2	26277	G	A	169054	162800	35	8	7	33	4.73112e-05	169093	1	FALSE	NA	NA	NA	NA	NA	NA
NC_045512.2	26277	G	-T	169054	162800	35	9532	0	20	0.0563707	169095	0	TRUE	NA	NA	NA	NA	NA	NA
NC_045512.2	26278	T	G	145558	139615	33	3	2	31	2.06084e-05	145572	1	FALSE	NA	NA	NA	NA	NA	NA
NC_045512.2	26278	T	C	145558	139615	33	11	11	33	7.5564e-05	145572	1	FALSE	NA	NA	NA	NA	NA	NA
NC_045512.2	26279	T	C	165678	159789	35	12	11	34	7.24008e-05	165744	1	FALSE	NA	NA	NA	NA	NA	NA
NC_045512.2	26279	T	A	165678	159789	35	54	8	33	0.000325804	165744	1	FALSE	NA	NA	NA	NA	NA	NA
NC_045512.2	26279	T	-A	165678	159789	35	3	0	20	1.81e-05	165746	1	FALSE	NA	NA	NA	NA	NA	NA
NC_045512.2	26280	A	G	165302	159645	34	14	13	33	8.46858e-05	165317	1	FALSE	NA	NA	NA	NA	NA	NA
NC_045512.2	26280	A	C	165302	159645	34	1	1	26	6.04898e-06	165317	1	FALSE	NA	NA	NA	NA	NA	NA
NC_045512.2	26281	A	T	155637	150347	34	4	4	32	2.42036e-05	165265	1	FALSE	NA	NA	NA	NA	NA	NA
NC_045512.2	26281	A	G	155637	150347	34	11	11	33	6.65598e-05	165265	1	FALSE	NA	NA	NA	NA	NA	NA
NC_045512.2	26281	A	C	155637	150347	34	9613	9300	34	0.0581672	165265	0	TRUE	NA	NA	NA	NA	NA	NA
NC_045512.2	26282	T	C	179772	159922	34	7	5	38	3.89363e-05	179781	1	FALSE	NA	NA	NA	NA	NA	NA
NC_045512.2	26282	T	A	179772	159922	34	2	2	34	1.11246e-05	179781	1	FALSE	NA	NA	NA	NA	NA	NA
NC_045512.2	26283	A	T	180823	158668	34	1	1	34	5.52932e-06	180854	1	FALSE	NA	NA	NA	NA	NA	NA
NC_045512.2	26283	A	G	180823	158668	34	28	27	34	0.000154821	180854	1	FALSE	NA	NA	NA	NA	NA	NA
NC_045512.2	26283	A	C	180823	158668	34	2	1	30	1.10586e-05	180854	1	FALSE	NA	NA	NA	NA	NA	NA
NC_045512.2	26284	G	T	181499	158543	34	4	4	34	2.2037e-05	181513	1	FALSE	NA	NA	NA	NA	NA	NA
NC_045512.2	26284	G	C	181499	158543	34	3	3	34	1.65277e-05	181513	1	FALSE	NA	NA	NA	NA	NA	NA
NC_045512.2	26284	G	A	181499	158543	34	7	7	34	3.85647e-05	181513	1	FALSE	NA	NA	NA	NA	NA	NA
NC_045512.2	26284	G	-TT	181499	158543	34	1	0	20	5.50925e-06	181513	1	FALSE	NA	NA	NA	NA	NA	NA
NC_045512.2	26285	T	G	160861	138049	33	3	1	28	1.86477e-05	160878	1	FALSE	NA	NA	NA	NA	NA	NA
NC_045512.2	26285	T	C	160861	138049	33	13	12	33	8.08066e-05	160878	1	FALSE	NA	NA	NA	NA	NA	NA
NC_045512.2	26285	T	A	160861	138049	33	1	1	34	6.21589e-06	160878	1	FALSE	NA	NA	NA	NA	NA	NA
NC_045512.2	26286	T	G	163908	141027	34	2	0	30	1.22006e-05	163926	1	FALSE	NA	NA	NA	NA	NA	NA
NC_045512.2	26286	T	C	163908	141027	34	13	12	33	7.93041e-05	163926	1	FALSE	NA	NA	NA	NA	NA	NA
NC_045512.2	26286	T	A	163908	141027	34	3	3	31	1.83009e-05	163926	1	FALSE	NA	NA	NA	NA	NA	NA
NC_045512.2	26286	T	-A	163908	141027	34	1	0	20	6.10028e-06	163927	1	FALSE	NA	NA	NA	NA	NA	NA
NC_045512.2	26287	A	T	164049	141082	34	1	1	34	6.09511e-06	164066	1	FALSE	NA	NA	NA	NA	NA	NA
NC_045512.2	26287	A	G	164049	141082	34	16	13	33	9.75217e-05	164066	1	FALSE	NA	NA	NA	NA	NA	NA
NC_045512.2	26288	A	G	164505	141491	34	10	5	32	6.07847e-05	164515	1	FALSE	NA	NA	NA	NA	NA	NA
NC_045512.2	26289	T	C	164206	141265	34	21	20	34	0.000127869	164231	1	FALSE	NA	NA	NA	NA	NA	NA
NC_045512.2	26289	T	A	164206	141265	34	4	3	32	2.43559e-05	164231	1	FALSE	NA	NA	NA	NA	NA	NA
NC_045512.2	26290	A	T	162304	139290	34	1	1	34	6.16082e-06	162316	1	FALSE	NA	NA	NA	NA	NA	NA
NC_045512.2	26290	A	G	162304	139290	34	11	10	34	6.7769e-05	162316	1	FALSE	NA	NA	NA	NA	NA	NA
NC_045512.2	26291	G	T	162787	139291	34	3	3	34	1.84284e-05	162792	1	FALSE	NA	NA	NA	NA	NA	NA
NC_045512.2	26291	G	A	162787	139291	34	2	1	34	1.22856e-05	162792	1	FALSE	NA	NA	NA	NA	NA	NA
NC_045512.2	26292	C	T	155688	132343	34	5	5	34	3.21135e-05	155698	1	FALSE	NA	NA	NA	NA	NA	NA
NC_045512.2	26292	C	G	155688	132343	34	1	1	34	6.42269e-06	155698	1	FALSE	NA	NA	NA	NA	NA	NA
NC_045512.2	26292	C	A	155688	132343	34	4	4	42	2.56908e-05	155698	0.997788	FALSE	NA	NA	NA	NA	NA	NA
NC_045512.2	26293	G	T	154706	131183	34	3	3	34	1.93874e-05	154740	1	FALSE	NA	NA	NA	NA	NA	NA
NC_045512.2	26293	G	C	154706	131183	34	3	2	45	1.93874e-05	154740	0.999343	FALSE	NA	NA	NA	NA	NA	NA
NC_045512.2	26293	G	A	154706	131183	34	28	27	34	0.000180949	154740	1	FALSE	NA	NA	NA	NA	NA	NA
NC_045512.2	26294	T	C	154527	131147	34	6	5	32	3.88264e-05	154534	1	FALSE	NA	NA	NA	NA	NA	NA
NC_045512.2	26294	T	A	154527	131147	34	1	0	34	6.47107e-06	154534	1	FALSE	NA	NA	NA	NA	NA	NA
NC_045512.2	26295	A	G	154446	131155	34	11	8	34	7.12163e-05	154459	1	FALSE	NA	NA	NA	NA	NA	NA
NC_045512.2	26295	A	C	154446	131155	34	2	2	34	1.29484e-05	154459	1	FALSE	NA	NA	NA	NA	NA	NA
NC_045512.2	26296	C	T	155618	131495	34	4	4	34	2.5703e-05	155624	1	FALSE	NA	NA	NA	NA	NA	NA
NC_045512.2	26296	C	A	155618	131495	34	2	1	34	1.28515e-05	155624	1	FALSE	NA	NA	NA	NA	NA	NA
NC_045512.2	26296	C	-T	155618	131495	34	2	0	20	1.28515e-05	155624	1	FALSE	NA	NA	NA	NA	NA	NA
NC_045512.2	26297	T	G	155140	130977	34	3	1	34	1.93353e-05	155157	1	FALSE	NA	NA	NA	NA	NA	NA
NC_045512.2	26297	T	C	155140	130977	34	14	13	34	9.02312e-05	155157	1	FALSE	NA	NA	NA	NA	NA	NA
NC_045512.2	26298	T	C	154476	130234	34	10	6	31	6.47304e-05	154487	1	FALSE	NA	NA	NA	NA	NA	NA
NC_045512.2	26298	T	A	154476	130234	34	1	1	34	6.47304e-06	154487	1	FALSE	NA	NA	NA	NA	NA	NA
NC_045512.2	26298	T	+A	154476	130234	34	1	0	20	6.47304e-06	154487	1	FALSE	NA	NA	NA	NA	NA	NA
NC_045512.2	26299	C	T	154828	130912	34	9	9	33	5.81256e-05	154837	1	FALSE	NA	NA	NA	NA	NA	NA
NC_045512.2	26299	C	-T	154828	130912	34	26	0	20	0.000167919	154837	1	FALSE	NA	NA	NA	NA	NA	NA
NC_045512.2	26299	C	+TT	154828	130912	34	2	0	20	1.29168e-05	154837	1	FALSE	NA	NA	NA	NA	NA	NA
NC_045512.2	26299	C	+T	154828	130912	34	69	0	20	0.00044563	154837	1	FALSE	NA	NA	NA	NA	NA	NA
NC_045512.2	26300	T	G	152845	128921	34	5	5	32	3.27024e-05	152894	1	FALSE	NA	NA	NA	NA	NA	NA
NC_045512.2	26300	T	C	152845	128921	34	42	33	33	0.0002747	152894	1	FALSE	NA	NA	NA	NA	NA	NA
NC_045512.2	26300	T	A	152845	128921	34	2	0	34	1.3081e-05	152894	1	FALSE	NA	NA	NA	NA	NA	NA
NC_045512.2	26301	T	C	153412	129451	34	1	1	34	6.51831e-06	153414	1	FALSE	NA	NA	NA	NA	NA	NA
NC_045512.2	26301	T	A	153412	129451	34	1	0	26	6.51831e-06	153414	1	FALSE	NA	NA	NA	NA	NA	NA
NC_045512.2	26302	T	C	153105	129959	34	18	17	34	0.000117553	153123	1	FALSE	NA	NA	NA	NA	NA	NA
NC_045512.2	26303	T	C	152935	129846	34	10	8	34	6.5383e-05	152945	1	FALSE	NA	NA	NA	NA	NA	NA
NC_045512.2	26304	T	G	151248	128255	33	1	1	34	6.61126e-06	151257	1	FALSE	NA	NA	NA	NA	NA	NA
NC_045512.2	26304	T	C	151248	128255	33	7	4	32	4.62788e-05	151257	1	FALSE	NA	NA	NA	NA	NA	NA
NC_045512.2	26304	T	A	151248	128255	33	1	1	34	6.61126e-06	151257	1	FALSE	NA	NA	NA	NA	NA	NA
NC_045512.2	26304	T	-C	151248	128255	33	191	0	20	0.00126275	151257	1	FALSE	NA	NA	NA	NA	NA	NA
NC_045512.2	26305	C	T	142756	120284	34	8477	8234	33	0.0560522	151234	0	TRUE	NA	NA	NA	NA	NA	NA
NC_045512.2	26305	C	G	142756	120284	34	1	0	34	6.61227e-06	151234	1	FALSE	NA	NA	NA	NA	NA	NA
NC_045512.2	26306	T	G	151653	128902	34	1	0	34	6.59313e-06	151673	1	FALSE	NA	NA	NA	NA	NA	NA
NC_045512.2	26306	T	C	151653	128902	34	19	16	34	0.000125269	151673	1	FALSE	NA	NA	NA	NA	NA	NA
NC_045512.2	26307	T	C	150988	128277	34	14	14	32	9.2714e-05	151002	1	FALSE	NA	NA	NA	NA	NA	NA
NC_045512.2	26308	G	T	150723	127956	34	1	1	34	6.63442e-06	150729	1	FALSE	NA	NA	NA	NA	NA	NA
NC_045512.2	26308	G	C	150723	127956	34	1	1	34	6.63442e-06	150729	1	FALSE	NA	NA	NA	NA	NA	NA
NC_045512.2	26308	G	A	150723	127956	34	4	4	34	2.65377e-05	150729	1	FALSE	NA	NA	NA	NA	NA	NA
NC_045512.2	26309	C	T	150554	127764	34	12	12	32	7.96993e-05	150566	1	FALSE	NA	NA	NA	NA	NA	NA
NC_045512.2	26309	C	-T	150554	127764	34	3	0	20	1.99248e-05	150566	1	FALSE	NA	NA	NA	NA	NA	NA
NC_045512.2	26310	T	C	149892	127002	34	15	13	34	0.000100062	149907	1	FALSE	NA	NA	NA	NA	NA	NA
NC_045512.2	26311	T	G	121923	99000	31	1	1	26	8.20123e-06	121933	1	FALSE	NA	NA	NA	NA	NA	NA
NC_045512.2	26311	T	C	121923	99000	31	9	6	34	7.3811e-05	121933	1	FALSE	NA	NA	NA	NA	NA	NA
NC_045512.2	26312	T	C	149823	126923	34	10	10	34	6.6741e-05	149833	1	FALSE	NA	NA	NA	NA	NA	NA
NC_045512.2	26313	C	T	149323	126525	34	12	12	32	8.03541e-05	149339	1	FALSE	NA	NA	NA	NA	NA	NA
NC_045512.2	26313	C	G	149323	126525	34	2	2	34	1.33923e-05	149339	1	FALSE	NA	NA	NA	NA	NA	NA
NC_045512.2	26313	C	A	149323	126525	34	2	1	34	1.33923e-05	149339	1	FALSE	NA	NA	NA	NA	NA	NA
NC_045512.2	26314	G	T	150046	126723	34	3	2	34	1.99924e-05	150057	1	FALSE	NA	NA	NA	NA	NA	NA
NC_045512.2	26314	G	C	150046	126723	34	1	1	34	6.66413e-06	150057	1	FALSE	NA	NA	NA	NA	NA	NA
NC_045512.2	26314	G	A	150046	126723	34	7	4	34	4.66489e-05	150057	1	FALSE	NA	NA	NA	NA	NA	NA
NC_045512.2	26315	T	G	149949	126778	34	1	0	34	6.66569e-06	150022	1	FALSE	NA	NA	NA	NA	NA	NA
NC_045512.2	26315	T	C	149949	126778	34	69	61	33	0.000459933	150022	1	FALSE	NA	NA	NA	NA	NA	NA
NC_045512.2	26315	T	A	149949	126778	34	3	1	34	1.99971e-05	150022	1	FALSE	NA	NA	NA	NA	NA	NA
NC_045512.2	26316	G	T	149503	126346	34	4	4	34	2.67535e-05	149513	1	FALSE	NA	NA	NA	NA	NA	NA
NC_045512.2	26316	G	C	149503	126346	34	4	4	32	2.67535e-05	149513	1	FALSE	NA	NA	NA	NA	NA	NA
NC_045512.2	26316	G	A	149503	126346	34	2	2	34	1.33768e-05	149513	1	FALSE	NA	NA	NA	NA	NA	NA
NC_045512.2	26317	G	T	149867	126507	34	21	4	34	0.000140066	149929	1	FALSE	NA	NA	NA	NA	NA	NA
NC_045512.2	26317	G	C	149867	126507	34	2	2	34	1.33396e-05	149929	1	FALSE	NA	NA	NA	NA	NA	NA
NC_045512.2	26317	G	A	149867	126507	34	39	28	33	0.000260123	149929	1	FALSE	NA	NA	NA	NA	NA	NA
NC_045512.2	26318	T	G	147991	124663	34	1	1	34	6.75616e-06	148013	1	FALSE	NA	NA	NA	NA	NA	NA
NC_045512.2	26318	T	C	147991	124663	34	21	19	34	0.000141879	148013	1	FALSE	NA	NA	NA	NA	NA	NA
NC_045512.2	26319	A	T	149525	125580	34	1	1	34	6.68758e-06	149531	1	FALSE	NA	NA	NA	NA	NA	NA
NC_045512.2	26319	A	G	149525	125580	34	5	2	32	3.34379e-05	149531	1	FALSE	NA	NA	NA	NA	NA	NA
NC_045512.2	26320	T	C	149498	125442	34	8	7	34	5.35096e-05	149506	1	FALSE	NA	NA	NA	NA	NA	NA
NC_045512.2	26321	T	G	147723	123782	33	2	0	26	1.3537e-05	147743	1	FALSE	NA	NA	NA	NA	NA	NA
NC_045512.2	26321	T	C	147723	123782	33	15	9	33	0.000101528	147743	1	FALSE	NA	NA	NA	NA	NA	NA
NC_045512.2	26321	T	A	147723	123782	33	3	3	34	2.03055e-05	147743	1	FALSE	NA	NA	NA	NA	NA	NA
NC_045512.2	26322	C	G	148744	125129	34	2	1	34	1.34456e-05	148748	1	FALSE	NA	NA	NA	NA	NA	NA
NC_045512.2	26322	C	A	148744	125129	34	2	2	34	1.34456e-05	148748	1	FALSE	NA	NA	NA	NA	NA	NA
NC_045512.2	26323	T	G	145587	122000	34	4	4	34	2.74727e-05	145599	1	FALSE	NA	NA	NA	NA	NA	NA
NC_045512.2	26323	T	C	145587	122000	34	7	6	32	4.80773e-05	145599	1	FALSE	NA	NA	NA	NA	NA	NA
NC_045512.2	26323	T	A	145587	122000	34	1	1	34	6.86818e-06	145599	1	FALSE	NA	NA	NA	NA	NA	NA
NC_045512.2	26324	T	G	145353	121878	34	1	0	34	6.8781e-06	145389	1	FALSE	NA	NA	NA	NA	NA	NA
NC_045512.2	26324	T	C	145353	121878	34	28	23	33	0.000192587	145389	1	FALSE	NA	NA	NA	NA	NA	NA
NC_045512.2	26324	T	A	145353	121878	34	7	7	34	4.81467e-05	145389	1	FALSE	NA	NA	NA	NA	NA	NA
NC_045512.2	26325	G	T	145133	121591	34	1	1	26	6.88867e-06	145166	1	FALSE	NA	NA	NA	NA	NA	NA
NC_045512.2	26325	G	C	145133	121591	34	14	14	32	9.64413e-05	145166	1	FALSE	NA	NA	NA	NA	NA	NA
NC_045512.2	26325	G	A	145133	121591	34	18	17	34	0.000123996	145166	1	FALSE	NA	NA	NA	NA	NA	NA
NC_045512.2	26326	C	T	141820	118981	34	11	10	31	7.75538e-05	141837	1	FALSE	NA	NA	NA	NA	NA	NA
NC_045512.2	26326	C	A	141820	118981	34	6	2	34	4.23021e-05	141837	1	FALSE	NA	NA	NA	NA	NA	NA
NC_045512.2	26327	T	C	140850	117409	34	9	9	34	6.38932e-05	140860	1	FALSE	NA	NA	NA	NA	NA	NA
NC_045512.2	26327	T	A	140850	117409	34	1	1	34	7.09925e-06	140860	1	FALSE	NA	NA	NA	NA	NA	NA
NC_045512.2	26328	A	T	136893	112842	34	2	1	30	1.46088e-05	136904	1	FALSE	NA	NA	NA	NA	NA	NA
NC_045512.2	26328	A	G	136893	112842	34	7	6	32	5.11307e-05	136904	1	FALSE	NA	NA	NA	NA	NA	NA
NC_045512.2	26328	A	C	136893	112842	34	2	2	30	1.46088e-05	136904	1	FALSE	NA	NA	NA	NA	NA	NA
NC_045512.2	26329	G	T	136793	112724	34	1	0	34	7.31016e-06	136796	1	FALSE	NA	NA	NA	NA	NA	NA
NC_045512.2	26329	G	A	136793	112724	34	2	2	34	1.46203e-05	136796	1	FALSE	NA	NA	NA	NA	NA	NA
NC_045512.2	26329	G	-T	136793	112724	34	1	0	20	7.31016e-06	136796	1	FALSE	NA	NA	NA	NA	NA	NA
NC_045512.2	26330	T	C	136396	112299	34	4	4	32	2.93247e-05	136404	1	FALSE	NA	NA	NA	NA	NA	NA
NC_045512.2	26330	T	A	136396	112299	34	4	1	32	2.93247e-05	136404	1	FALSE	NA	NA	NA	NA	NA	NA
NC_045512.2	26331	T	G	136056	112179	34	1	0	34	7.349e-06	136073	1	FALSE	NA	NA	NA	NA	NA	NA
NC_045512.2	26331	T	C	136056	112179	34	15	14	32	0.000110235	136073	1	FALSE	NA	NA	NA	NA	NA	NA
NC_045512.2	26331	T	A	136056	112179	34	1	1	34	7.349e-06	136073	1	FALSE	NA	NA	NA	NA	NA	NA
NC_045512.2	26332	A	T	135772	111416	34	3	2	31	2.20898e-05	135809	1	FALSE	NA	NA	NA	NA	NA	NA
NC_045512.2	26332	A	G	135772	111416	34	33	15	33	0.000242988	135809	1	FALSE	NA	NA	NA	NA	NA	NA
NC_045512.2	26332	A	C	135772	111416	34	1	1	26	7.36328e-06	135809	1	FALSE	NA	NA	NA	NA	NA	NA
NC_045512.2	26333	C	T	136272	111736	34	7	7	34	5.1363e-05	136285	1	FALSE	NA	NA	NA	NA	NA	NA
NC_045512.2	26333	C	G	136272	111736	34	4	1	34	2.93503e-05	136285	1	FALSE	NA	NA	NA	NA	NA	NA
NC_045512.2	26333	C	A	136272	111736	34	2	1	34	1.46751e-05	136285	1	FALSE	NA	NA	NA	NA	NA	NA
NC_045512.2	26334	A	T	135752	111203	34	2	2	34	1.47296e-05	135781	1	FALSE	NA	NA	NA	NA	NA	NA
NC_045512.2	26334	A	G	135752	111203	34	25	24	34	0.00018412	135781	1	FALSE	NA	NA	NA	NA	NA	NA
NC_045512.2	26334	A	C	135752	111203	34	2	2	30	1.47296e-05	135781	1	FALSE	NA	NA	NA	NA	NA	NA
NC_045512.2	26336	T	C	25454	1532	35	5	0	34	0.000196394	25459	0.99997	FALSE	NA	NA	NA	NA	NA	NA
NC_045512.2	26336	T	-A	25454	1532	35	1	0	20	3.92788e-05	25459	1	FALSE	NA	NA	NA	NA	NA	NA
NC_045512.2	26337	A	T	25998	1532	35	1	0	26	3.84527e-05	26006	1	FALSE	NA	NA	NA	NA	NA	NA
NC_045512.2	26337	A	G	25998	1532	35	7	0	31	0.000269169	26006	0.999839	FALSE	NA	NA	NA	NA	NA	NA
NC_045512.2	26338	G	T	26141	1534	35	3	0	34	0.000114749	26144	0.999999	FALSE	NA	NA	NA	NA	NA	NA
NC_045512.2	26339	C	T	26245	1549	35	1	0	34	3.80952e-05	26250	1	FALSE	NA	NA	NA	NA	NA	NA
NC_045512.2	26339	C	A	26245	1549	35	4	0	34	0.000152381	26250	0.999996	FALSE	NA	NA	NA	NA	NA	NA
NC_045512.2	26341	A	G	26493	1554	35	2	0	34	7.54859e-05	26495	1	FALSE	NA	NA	NA	NA	NA	NA
NC_045512.2	26342	T	G	28310	1594	35	3	0	34	0.000105955	28314	1	FALSE	NA	NA	NA	NA	NA	NA
NC_045512.2	26342	T	C	28310	1594	35	1	0	34	3.53182e-05	28314	1	FALSE	NA	NA	NA	NA	NA	NA
NC_045512.2	26343	C	G	28474	1596	35	1	0	34	3.51185e-05	28475	1	FALSE	NA	NA	NA	NA	NA	NA
NC_045512.2	26344	C	T	28505	1631	35	4	0	34	0.000140292	28512	0.999999	FALSE	NA	NA	NA	NA	NA	NA
NC_045512.2	26344	C	G	28505	1631	35	1	0	34	3.5073e-05	28512	1	FALSE	NA	NA	NA	NA	NA	NA
NC_045512.2	26344	C	A	28505	1631	35	2	0	34	7.01459e-05	28512	1	FALSE	NA	NA	NA	NA	NA	NA
NC_045512.2	26345	T	G	28750	1634	35	2	0	34	6.9558e-05	28753	1	FALSE	NA	NA	NA	NA	NA	NA
NC_045512.2	26345	T	A	28750	1634	35	1	0	34	3.4779e-05	28753	1	FALSE	NA	NA	NA	NA	NA	NA
NC_045512.2	26346	T	G	28702	1628	35	1	0	26	3.48384e-05	28704	1	FALSE	NA	NA	NA	NA	NA	NA
NC_045512.2	26346	T	C	28702	1628	35	1	0	26	3.48384e-05	28704	1	FALSE	NA	NA	NA	NA	NA	NA
NC_045512.2	26347	A	C	28812	1656	35	1	0	34	3.47066e-05	28813	1	FALSE	NA	NA	NA	NA	NA	NA
NC_045512.2	26348	C	G	28797	1666	35	1	0	34	3.47246e-05	28798	1	FALSE	NA	NA	NA	NA	NA	NA
NC_045512.2	26349	T	G	28760	1665	35	1	0	26	3.47669e-05	28763	1	FALSE	NA	NA	NA	NA	NA	NA
NC_045512.2	26349	T	C	28760	1665	35	1	0	34	3.47669e-05	28763	1	FALSE	NA	NA	NA	NA	NA	NA
NC_045512.2	26349	T	A	28760	1665	35	1	0	34	3.47669e-05	28763	1	FALSE	NA	NA	NA	NA	NA	NA
NC_045512.2	26350	G	A	28825	1660	35	3	0	28	0.000104065	28828	1	FALSE	NA	NA	NA	NA	NA	NA
NC_045512.2	26351	C	T	28851	1692	35	5	0	34	0.000173268	28857	0.999995	FALSE	NA	NA	NA	NA	NA	NA
NC_045512.2	26351	C	A	28851	1692	35	1	0	26	3.46536e-05	28857	1	FALSE	NA	NA	NA	NA	NA	NA
NC_045512.2	26352	G	T	28973	1690	35	2	0	34	6.90131e-05	28980	1	FALSE	NA	NA	NA	NA	NA	NA
NC_045512.2	26352	G	C	28973	1690	35	1	0	34	3.45066e-05	28980	1	FALSE	NA	NA	NA	NA	NA	NA
NC_045512.2	26352	G	A	28973	1690	35	4	0	34	0.000138026	28980	0.999999	FALSE	NA	NA	NA	NA	NA	NA
NC_045512.2	26354	T	G	29513	2068	36	2	0	34	6.7753e-05	29519	1	FALSE	NA	NA	NA	NA	NA	NA
NC_045512.2	26354	T	C	29513	2068	36	4	0	34	0.000135506	29519	0.999999	FALSE	NA	NA	NA	NA	NA	NA
NC_045512.2	26355	T	G	29665	2001	35	1	0	34	3.37064e-05	29668	1	FALSE	NA	NA	NA	NA	NA	NA
NC_045512.2	26355	T	C	29665	2001	35	2	1	34	6.74127e-05	29668	1	FALSE	NA	NA	NA	NA	NA	NA
NC_045512.2	26356	C	T	29835	2077	36	1	0	34	3.35143e-05	29838	1	FALSE	NA	NA	NA	NA	NA	NA
NC_045512.2	26356	C	G	29835	2077	36	2	0	34	6.70286e-05	29838	1	FALSE	NA	NA	NA	NA	NA	NA
NC_045512.2	26357	G	A	30276	2086	36	1	0	34	3.30284e-05	30277	1	FALSE	NA	NA	NA	NA	NA	NA
NC_045512.2	26358	A	G	30520	2092	36	2	1	34	6.55265e-05	30522	1	FALSE	NA	NA	NA	NA	NA	NA
NC_045512.2	26359	T	G	30325	2095	35	1	0	34	3.29685e-05	30332	1	FALSE	NA	NA	NA	NA	NA	NA
NC_045512.2	26359	T	C	30325	2095	35	6	0	39	0.000197811	30332	0.999994	FALSE	NA	NA	NA	NA	NA	NA
NC_045512.2	26360	T	C	30486	2188	36	8	0	34	0.000262347	30494	0.999942	FALSE	NA	NA	NA	NA	NA	NA
NC_045512.2	26362	T	G	31853	2277	36	1	0	34	3.13922e-05	31855	1	FALSE	NA	NA	NA	NA	NA	NA
NC_045512.2	26362	T	C	31853	2277	36	1	0	34	3.13922e-05	31855	1	FALSE	NA	NA	NA	NA	NA	NA
NC_045512.2	26363	G	C	31913	2292	36	1	0	26	3.13322e-05	31916	1	FALSE	NA	NA	NA	NA	NA	NA
NC_045512.2	26363	G	A	31913	2292	36	2	0	34	6.26645e-05	31916	1	FALSE	NA	NA	NA	NA	NA	NA
NC_045512.2	26364	T	C	31229	2348	36	3	0	45	9.60523e-05	31233	0.656258	FALSE	NA	NA	NA	NA	NA	NA
NC_045512.2	26364	T	A	31229	2348	36	1	0	34	3.20174e-05	31233	1	FALSE	NA	NA	NA	NA	NA	NA
NC_045512.2	26366	C	T	29489	2437	36	2	0	34	6.78104e-05	29494	1	FALSE	NA	NA	NA	NA	NA	NA
NC_045512.2	26366	C	A	29489	2437	36	3	0	26	0.000101716	29494	1	FALSE	NA	NA	NA	NA	NA	NA
NC_045512.2	26367	G	A	29835	2398	36	1	0	34	3.35166e-05	29836	1	FALSE	NA	NA	NA	NA	NA	NA
NC_045512.2	26368	T	G	28065	2541	36	2	0	34	7.12504e-05	28070	1	FALSE	NA	NA	NA	NA	NA	NA
NC_045512.2	26368	T	C	28065	2541	36	2	0	34	7.12504e-05	28070	1	FALSE	NA	NA	NA	NA	NA	NA
NC_045512.2	26368	T	A	28065	2541	36	1	0	26	3.56252e-05	28070	1	FALSE	NA	NA	NA	NA	NA	NA
NC_045512.2	26369	A	G	26562	2724	36	3	0	34	0.000112931	26565	0.999999	FALSE	NA	NA	NA	NA	NA	NA
NC_045512.2	26370	C	T	26535	2767	36	1	0	34	3.76804e-05	26539	1	FALSE	NA	NA	NA	NA	NA	NA
NC_045512.2	26370	C	G	26535	2767	36	3	0	34	0.000113041	26539	0.999999	FALSE	NA	NA	NA	NA	NA	NA
NC_045512.2	26371	T	G	26325	2579	36	1	0	34	3.79809e-05	26329	1	FALSE	NA	NA	NA	NA	NA	NA
NC_045512.2	26371	T	C	26325	2579	36	3	2	34	0.000113943	26329	0.999999	FALSE	NA	NA	NA	NA	NA	NA
NC_045512.2	26373	C	T	26204	2578	36	3	0	34	0.000114469	26208	0.999999	FALSE	NA	NA	NA	NA	NA	NA
NC_045512.2	26373	C	A	26204	2578	36	1	0	34	3.81563e-05	26208	1	FALSE	NA	NA	NA	NA	NA	NA
NC_045512.2	26374	T	C	26347	2866	36	6	1	36	0.000227669	26354	0.999944	FALSE	NA	NA	NA	NA	NA	NA
NC_045512.2	26374	T	A	26347	2866	36	1	0	34	3.79449e-05	26354	1	FALSE	NA	NA	NA	NA	NA	NA
NC_045512.2	26375	G	T	26836	2892	36	1	0	34	3.72564e-05	26841	1	FALSE	NA	NA	NA	NA	NA	NA
NC_045512.2	26375	G	A	26836	2892	36	4	1	34	0.000149026	26841	0.999996	FALSE	NA	NA	NA	NA	NA	NA
NC_045512.2	26376	C	T	22462	3196	36	2	0	34	8.90274e-05	22465	0.999999	FALSE	NA	NA	NA	NA	NA	NA
NC_045512.2	26376	C	G	22462	3196	36	1	0	34	4.45137e-05	22465	1	FALSE	NA	NA	NA	NA	NA	NA
NC_045512.2	26377	A	T	22506	3179	36	1	0	34	4.44267e-05	22509	1	FALSE	NA	NA	NA	NA	NA	NA
NC_045512.2	26377	A	G	22506	3179	36	2	0	34	8.88533e-05	22509	0.999999	FALSE	NA	NA	NA	NA	NA	NA
NC_045512.2	26378	A	G	22536	3233	36	2	1	34	8.8739e-05	22538	0.999999	FALSE	NA	NA	NA	NA	NA	NA
NC_045512.2	26379	T	G	22294	3150	36	1	0	34	4.48531e-05	22295	1	FALSE	NA	NA	NA	NA	NA	NA
NC_045512.2	26380	A	T	22056	3153	35	1	0	34	4.5335e-05	22058	1	FALSE	NA	NA	NA	NA	NA	NA
NC_045512.2	26380	A	G	22056	3153	35	1	0	34	4.5335e-05	22058	1	FALSE	NA	NA	NA	NA	NA	NA
NC_045512.2	26381	T	C	22718	3132	36	3	2	31	0.000132031	22722	0.99999	FALSE	NA	NA	NA	NA	NA	NA
NC_045512.2	26381	T	A	22718	3132	36	1	0	34	4.40102e-05	22722	1	FALSE	NA	NA	NA	NA	NA	NA
NC_045512.2	26382	T	C	21842	3048	36	3	0	34	0.000137331	21845	0.999982	FALSE	NA	NA	NA	NA	NA	NA
NC_045512.2	26383	G	A	21858	3053	36	2	0	30	9.14913e-05	21860	0.999997	FALSE	NA	NA	NA	NA	NA	NA
NC_045512.2	26385	T	C	18894	3356	35	2	0	34	0.000105837	18897	0.99998	FALSE	NA	NA	NA	NA	NA	NA
NC_045512.2	26385	T	A	18894	3356	35	1	0	34	5.29185e-05	18897	0.999998	FALSE	NA	NA	NA	NA	NA	NA
NC_045512.2	26386	A	G	19069	3386	35	1	0	34	5.24384e-05	19070	0.999999	FALSE	NA	NA	NA	NA	NA	NA
NC_045512.2	26387	A	G	17530	3369	34	1	1	34	5.70418e-05	17531	0.999996	FALSE	NA	NA	NA	NA	NA	NA
NC_045512.2	26388	C	G	19083	3509	36	3	0	34	0.000157183	19086	0.99994	FALSE	NA	NA	NA	NA	NA	NA
NC_045512.2	26390	T	C	19114	3617	36	2	1	30	0.000104619	19117	0.99999	FALSE	NA	NA	NA	NA	NA	NA
NC_045512.2	26390	T	A	19114	3617	36	1	0	34	5.23095e-05	19117	0.999999	FALSE	NA	NA	NA	NA	NA	NA
NC_045512.2	26391	G	A	19373	3716	36	1	0	34	5.16156e-05	19374	0.999999	FALSE	NA	NA	NA	NA	NA	NA
NC_045512.2	26393	G	A	19066	3675	36	3	0	34	0.000157323	19069	0.99994	FALSE	NA	NA	NA	NA	NA	NA
NC_045512.2	26394	T	C	19065	3797	36	2	1	34	0.000104888	19068	0.99999	FALSE	NA	NA	NA	NA	NA	NA
NC_045512.2	26394	T	A	19065	3797	36	1	0	34	5.24439e-05	19068	0.999999	FALSE	NA	NA	NA	NA	NA	NA
NC_045512.2	26395	C	T	18463	4062	36	1	0	34	5.41565e-05	18465	0.999998	FALSE	NA	NA	NA	NA	NA	NA
NC_045512.2	26395	C	A	18463	4062	36	1	0	34	5.41565e-05	18465	0.999998	FALSE	NA	NA	NA	NA	NA	NA
NC_045512.2	26396	T	G	18653	4050	36	6	0	32	0.000321474	18664	0.996698	FALSE	NA	NA	NA	NA	NA	NA
NC_045512.2	26396	T	C	18653	4050	36	5	1	32	0.000267895	18664	0.998701	FALSE	NA	NA	NA	NA	NA	NA
NC_045512.2	26397	T	C	18674	3986	36	9	2	56	0.000481721	18683	0.00195171	TRUE	NA	NA	NA	NA	NA	NA
NC_045512.2	26398	G	T	18777	3984	36	5	3	34	0.000266212	18782	0.998705	FALSE	NA	NA	NA	NA	NA	NA
NC_045512.2	26399	T	C	18698	4009	36	1	1	68	5.34788e-05	18699	0.500013	FALSE	NA	NA	NA	NA	NA	NA
NC_045512.2	26402	A	T	18116	4007	35	1	1	34	5.51968e-05	18117	0.999998	FALSE	NA	NA	NA	NA	NA	NA
NC_045512.2	26404	C	T	18675	4015	36	1	0	34	5.35447e-05	18676	0.999998	FALSE	NA	NA	NA	NA	NA	NA
NC_045512.2	26405	C	A	18528	3930	36	2	2	34	0.000107933	18530	0.99998	FALSE	NA	NA	NA	NA	NA	NA
NC_045512.2	26406	T	C	18428	3808	36	3	2	34	0.00016276	18432	0.99989	FALSE	NA	NA	NA	NA	NA	NA
NC_045512.2	26406	T	A	18428	3808	36	1	0	34	5.42535e-05	18432	0.999998	FALSE	NA	NA	NA	NA	NA	NA
NC_045512.2	26407	T	A	18338	3716	36	1	0	34	5.45286e-05	18339	0.999998	FALSE	NA	NA	NA	NA	NA	NA
NC_045512.2	26409	T	C	18552	3880	36	1	0	34	5.38967e-05	18554	0.999998	FALSE	NA	NA	NA	NA	NA	NA
NC_045512.2	26409	T	A	18552	3880	36	1	0	26	5.38967e-05	18554	1	FALSE	NA	NA	NA	NA	NA	NA
NC_045512.2	26410	T	C	18542	3900	36	1	0	34	5.39287e-05	18543	0.999998	FALSE	NA	NA	NA	NA	NA	NA
NC_045512.2	26411	T	C	18185	3517	35	1	1	26	5.49874e-05	18186	1	FALSE	NA	NA	NA	NA	NA	NA
NC_045512.2	26412	T	C	18507	3887	36	2	0	34	0.000108056	18509	0.99998	FALSE	NA	NA	NA	NA	NA	NA
NC_045512.2	26413	T	G	18470	3873	36	6	0	34	0.000324675	18480	0.996699	FALSE	NA	NA	NA	NA	NA	NA
NC_045512.2	26413	T	C	18470	3873	36	4	2	34	0.00021645	18480	0.999573	FALSE	NA	NA	NA	NA	NA	NA
NC_045512.2	26414	A	T	19163	3895	36	1	0	34	5.21458e-05	19177	0.999999	FALSE	NA	NA	NA	NA	NA	NA
NC_045512.2	26414	A	G	19163	3895	36	5	0	32	0.000260729	19177	0.999228	FALSE	NA	NA	NA	NA	NA	NA
NC_045512.2	26414	A	C	19163	3895	36	8	0	34	0.000417166	19177	0.990425	FALSE	NA	NA	NA	NA	NA	NA
NC_045512.2	26415	C	T	25846	3972	35	1	0	34	3.86862e-05	25849	1	FALSE	NA	NA	NA	NA	NA	NA
NC_045512.2	26415	C	A	25846	3972	35	2	0	34	7.73724e-05	25849	1	FALSE	NA	NA	NA	NA	NA	NA
NC_045512.2	26418	T	A	25706	3948	35	1	0	34	3.88999e-05	25707	1	FALSE	NA	NA	NA	NA	NA	NA
NC_045512.2	26420	A	G	25008	3987	35	3	0	34	0.000119947	25011	0.999998	FALSE	NA	NA	NA	NA	NA	NA
NC_045512.2	26421	C	G	24850	4016	35	1	0	26	4.02398e-05	24851	1	FALSE	NA	NA	NA	NA	NA	NA
NC_045512.2	26422	T	C	25153	4103	35	1	0	34	3.97551e-05	25154	1	FALSE	NA	NA	NA	NA	NA	NA
NC_045512.2	26424	T	G	24966	3948	35	2	0	30	8.00897e-05	24972	1	FALSE	NA	NA	NA	NA	NA	NA
NC_045512.2	26424	T	C	24966	3948	35	2	0	34	8.00897e-05	24972	1	FALSE	NA	NA	NA	NA	NA	NA
NC_045512.2	26424	T	A	24966	3948	35	2	0	26	8.00897e-05	24972	1	FALSE	NA	NA	NA	NA	NA	NA
NC_045512.2	26425	C	T	24873	3866	35	7	0	34	0.000281339	24881	0.999563	FALSE	NA	NA	NA	NA	NA	NA
NC_045512.2	26425	C	A	24873	3866	35	1	0	26	4.01913e-05	24881	1	FALSE	NA	NA	NA	NA	NA	NA
NC_045512.2	26425	C	-GT	24873	3866	35	1	0	20	4.01913e-05	24881	1	FALSE	NA	NA	NA	NA	NA	NA
NC_045512.2	26426	G	A	24884	3877	35	3	0	34	0.000120545	24887	0.999997	FALSE	NA	NA	NA	NA	NA	NA
NC_045512.2	26427	T	C	24908	3941	35	6	0	34	0.000240828	24914	0.999838	FALSE	NA	NA	NA	NA	NA	NA
NC_045512.2	26428	G	T	24503	3951	35	1	1	34	4.08097e-05	24504	1	FALSE	NA	NA	NA	NA	NA	NA
NC_045512.2	26429	T	C	23767	3856	35	8	4	34	0.000336488	23775	0.998342	FALSE	NA	NA	NA	NA	NA	NA
NC_045512.2	26430	T	C	23848	3994	35	5	0	34	0.000209608	23854	0.99991	FALSE	NA	NA	NA	NA	NA	NA
NC_045512.2	26430	T	A	23848	3994	35	1	0	34	4.19217e-05	23854	1	FALSE	NA	NA	NA	NA	NA	NA
NC_045512.2	26430	T	-A	23848	3994	35	2	0	20	8.38434e-05	23854	1	FALSE	NA	NA	NA	NA	NA	NA
NC_045512.2	26430	T	+A	23848	3994	35	1	0	20	4.19217e-05	23854	1	FALSE	NA	NA	NA	NA	NA	NA
NC_045512.2	26431	A	G	23512	3979	35	2	0	34	8.50557e-05	23514	0.999999	FALSE	NA	NA	NA	NA	NA	NA
NC_045512.2	26432	A	G	23793	4019	35	3	1	31	0.000126072	23796	0.999995	FALSE	NA	NA	NA	NA	NA	NA
NC_045512.2	26433	A	G	23407	4190	35	1	0	34	4.27204e-05	23408	1	FALSE	NA	NA	NA	NA	NA	NA
NC_045512.2	26434	A	G	24045	5068	36	6	0	29	0.00024947	24051	1	FALSE	NA	NA	NA	NA	NA	NA
NC_045512.2	26435	A	T	24026	5069	36	1	0	34	4.16164e-05	24029	1	FALSE	NA	NA	NA	NA	NA	NA
NC_045512.2	26435	A	G	24026	5069	36	2	0	34	8.32328e-05	24029	1	FALSE	NA	NA	NA	NA	NA	NA
NC_045512.2	26436	T	C	23750	5118	35	1	0	26	4.21035e-05	23751	1	FALSE	NA	NA	NA	NA	NA	NA
NC_045512.2	26437	C	T	23319	5528	36	2	1	51	8.57559e-05	23322	0.249995	FALSE	NA	NA	NA	NA	NA	NA
NC_045512.2	26437	C	G	23319	5528	36	1	0	34	4.2878e-05	23322	1	FALSE	NA	NA	NA	NA	NA	NA
NC_045512.2	26438	T	G	23343	5508	36	1	1	34	4.28284e-05	23349	1	FALSE	NA	NA	NA	NA	NA	NA
NC_045512.2	26438	T	C	23343	5508	36	5	0	32	0.000214142	23349	0.99991	FALSE	NA	NA	NA	NA	NA	NA
NC_045512.2	26440	A	G	23519	5655	36	3	1	30	0.00012754	23522	0.999995	FALSE	NA	NA	NA	NA	NA	NA
NC_045512.2	26441	A	T	23124	5684	36	1	1	34	4.32414e-05	23126	1	FALSE	NA	NA	NA	NA	NA	NA
NC_045512.2	26441	A	G	23124	5684	36	1	0	34	4.32414e-05	23126	1	FALSE	NA	NA	NA	NA	NA	NA
NC_045512.2	26442	T	G	23469	5773	36	1	0	26	4.26021e-05	23473	1	FALSE	NA	NA	NA	NA	NA	NA
NC_045512.2	26442	T	C	23469	5773	36	3	0	45	0.000127806	23473	0.5	FALSE	NA	NA	NA	NA	NA	NA
NC_045512.2	26443	T	C	21862	5852	36	1	0	34	4.57394e-05	21863	1	FALSE	NA	NA	NA	NA	NA	NA
NC_045512.2	26444	C	T	22368	5974	35	2	1	34	8.94015e-05	22371	0.999999	FALSE	NA	NA	NA	NA	NA	NA
NC_045512.2	26444	C	G	22368	5974	35	1	0	34	4.47007e-05	22371	1	FALSE	NA	NA	NA	NA	NA	NA
NC_045512.2	26445	T	C	22473	5962	36	2	2	30	8.89878e-05	22475	0.999999	FALSE	NA	NA	NA	NA	NA	NA
NC_045512.2	26446	T	C	22314	5820	35	1	0	34	4.48129e-05	22315	1	FALSE	NA	NA	NA	NA	NA	NA
NC_045512.2	26448	T	C	30165	14840	37	4	3	34	0.000132586	30169	1	FALSE	NA	NA	NA	NA	NA	NA
NC_045512.2	26449	A	T	30592	15279	38	1	0	68	3.26755e-05	30604	0.499918	FALSE	NA	NA	NA	NA	NA	NA
NC_045512.2	26449	A	G	30592	15279	38	10	2	47	0.000326755	30604	0.0461198	FALSE	NA	NA	NA	NA	NA	NA
NC_045512.2	26449	A	C	30592	15279	38	1	1	34	3.26755e-05	30604	1	FALSE	NA	NA	NA	NA	NA	NA
NC_045512.2	26450	G	T	30663	15292	38	3	3	28	9.78282e-05	30666	1	FALSE	NA	NA	NA	NA	NA	NA
NC_045512.2	26451	A	G	32227	17724	37	5	0	34	0.000155125	32232	0.999999	FALSE	NA	NA	NA	NA	NA	NA
NC_045512.2	26453	T	C	31711	16560	38	3	1	31	9.45925e-05	31715	1	FALSE	NA	NA	NA	NA	NA	NA
NC_045512.2	26453	T	A	31711	16560	38	1	0	34	3.15308e-05	31715	1	FALSE	NA	NA	NA	NA	NA	NA
NC_045512.2	26454	T	C	32136	17326	38	5	3	39	0.000155565	32141	0.999999	FALSE	NA	NA	NA	NA	NA	NA
NC_045512.2	26455	C	T	31908	17306	38	1	0	68	3.13381e-05	31910	0.5	FALSE	NA	NA	NA	NA	NA	NA
NC_045512.2	26455	C	G	31908	17306	38	1	0	34	3.13381e-05	31910	1	FALSE	NA	NA	NA	NA	NA	NA
NC_045512.2	26456	C	A	32557	18780	38	2	2	34	6.14269e-05	32559	1	FALSE	NA	NA	NA	NA	NA	NA
NC_045512.2	26456	C	-T	32557	18780	38	1	0	20	3.07135e-05	32559	1	FALSE	NA	NA	NA	NA	NA	NA
NC_045512.2	26457	T	G	32637	18798	38	1	0	34	3.06288e-05	32649	1	FALSE	NA	NA	NA	NA	NA	NA
NC_045512.2	26457	T	C	32637	18798	38	10	4	37	0.000306288	32649	0.999865	FALSE	NA	NA	NA	NA	NA	NA
NC_045512.2	26457	T	A	32637	18798	38	1	0	34	3.06288e-05	32649	1	FALSE	NA	NA	NA	NA	NA	NA
NC_045512.2	26458	G	C	32568	18721	38	1	1	26	3.07031e-05	32570	1	FALSE	NA	NA	NA	NA	NA	NA
NC_045512.2	26458	G	A	32568	18721	38	1	1	24	3.07031e-05	32570	1	FALSE	NA	NA	NA	NA	NA	NA
NC_045512.2	26459	A	T	32685	18895	38	1	1	34	3.05923e-05	32688	1	FALSE	NA	NA	NA	NA	NA	NA
NC_045512.2	26459	A	G	32685	18895	38	2	1	34	6.11845e-05	32688	1	FALSE	NA	NA	NA	NA	NA	NA
NC_045512.2	26460	T	G	32500	18647	38	1	0	34	3.07664e-05	32503	1	FALSE	NA	NA	NA	NA	NA	NA
NC_045512.2	26460	T	C	32500	18647	38	2	1	34	6.15328e-05	32503	1	FALSE	NA	NA	NA	NA	NA	NA
NC_045512.2	26461	C	T	31988	19040	38	1	0	34	3.12607e-05	31989	1	FALSE	NA	NA	NA	NA	NA	NA
NC_045512.2	26461	C	-T	31988	19040	38	1	0	20	3.12607e-05	31989	1	FALSE	NA	NA	NA	NA	NA	NA
NC_045512.2	26462	T	C	31965	18978	38	5	3	39	0.000156392	31971	0.999999	FALSE	NA	NA	NA	NA	NA	NA
NC_045512.2	26462	T	A	31965	18978	38	1	0	34	3.12783e-05	31971	1	FALSE	NA	NA	NA	NA	NA	NA
NC_045512.2	26463	T	A	31918	18929	38	1	1	34	3.13293e-05	31919	1	FALSE	NA	NA	NA	NA	NA	NA
NC_045512.2	26464	C	T	31663	19042	38	1	0	34	3.15766e-05	31669	1	FALSE	NA	NA	NA	NA	NA	NA
NC_045512.2	26464	C	A	31663	19042	38	5	4	47	0.000157883	31669	0.363273	FALSE	NA	NA	NA	NA	NA	NA
NC_045512.2	26465	T	A	31680	19055	38	1	1	34	3.15647e-05	31681	1	FALSE	NA	NA	NA	NA	NA	NA
NC_045512.2	26466	G	T	31770	18806	37	1	1	34	3.14733e-05	31773	1	FALSE	NA	NA	NA	NA	NA	NA
NC_045512.2	26466	G	A	31770	18806	37	2	1	34	6.29465e-05	31773	1	FALSE	NA	NA	NA	NA	NA	NA
NC_045512.2	26467	G	A	32189	19247	38	1	1	34	3.10655e-05	32190	1	FALSE	NA	NA	NA	NA	NA	NA
NC_045512.2	26468	T	C	32395	19576	38	6	4	39	0.000185179	32401	0.999998	FALSE	NA	NA	NA	NA	NA	NA
NC_045512.2	26469	C	G	32372	19920	38	1	0	34	3.08899e-05	32373	1	FALSE	NA	NA	NA	NA	NA	NA
NC_045512.2	26470	T	C	32198	19805	38	4	3	32	0.000124216	32202	1	FALSE	NA	NA	NA	NA	NA	NA
NC_045512.2	26471	A	T	32177	19720	38	1	0	34	3.10771e-05	32178	1	FALSE	NA	NA	NA	NA	NA	NA
NC_045512.2	26472	A	T	32217	19767	38	1	1	34	3.10385e-05	32218	1	FALSE	NA	NA	NA	NA	NA	NA
NC_045512.2	26473	A	G	31849	19872	37	1	1	34	3.13972e-05	31850	1	FALSE	NA	NA	NA	NA	NA	NA
NC_045512.2	26474	C	G	31828	19902	37	1	0	34	3.14179e-05	31829	1	FALSE	NA	NA	NA	NA	NA	NA
NC_045512.2	26475	G	A	31306	19346	37	5	5	34	0.000159688	31311	0.999999	FALSE	NA	NA	NA	NA	NA	NA
NC_045512.2	26476	A	C	31146	19468	37	1	1	34	3.21058e-05	31147	1	FALSE	NA	NA	NA	NA	NA	NA
NC_045512.2	26477	A	G	30744	19589	37	4	1	34	0.000130086	30749	1	FALSE	NA	NA	NA	NA	NA	NA
NC_045512.2	26477	A	C	30744	19589	37	1	1	34	3.25214e-05	30749	1	FALSE	NA	NA	NA	NA	NA	NA
NC_045512.2	26479	T	C	31211	19719	37	5	4	34	0.000160174	31216	0.999999	FALSE	NA	NA	NA	NA	NA	NA
NC_045512.2	26479	T	-A	31211	19719	37	1	0	20	3.20349e-05	31216	1	FALSE	NA	NA	NA	NA	NA	NA
NC_045512.2	26480	A	G	31391	19637	37	3	3	45	9.55566e-05	31395	0.656243	FALSE	NA	NA	NA	NA	NA	NA
NC_045512.2	26480	A	C	31391	19637	37	1	1	26	3.18522e-05	31395	1	FALSE	NA	NA	NA	NA	NA	NA
NC_045512.2	26481	A	C	31341	19725	37	1	1	34	3.19061e-05	31342	1	FALSE	NA	NA	NA	NA	NA	NA
NC_045512.2	26482	A	G	31463	19917	37	1	1	34	3.17824e-05	31464	1	FALSE	NA	NA	NA	NA	NA	NA
NC_045512.2	26483	T	A	31240	19596	37	1	1	34	3.20092e-05	31241	1	FALSE	NA	NA	NA	NA	NA	NA
NC_045512.2	26484	A	G	31077	19864	37	3	3	31	9.65251e-05	31080	1	FALSE	NA	NA	NA	NA	NA	NA
NC_045512.2	26486	T	C	31346	20015	37	1	0	34	3.1901e-05	31347	1	FALSE	NA	NA	NA	NA	NA	NA
NC_045512.2	26487	A	G	31322	20240	37	2	2	51	6.38468e-05	31325	0.249996	FALSE	NA	NA	NA	NA	NA	NA
NC_045512.2	26487	A	C	31322	20240	37	1	1	34	3.19234e-05	31325	1	FALSE	NA	NA	NA	NA	NA	NA
NC_045512.2	26488	T	C	30335	18985	37	2	2	51	6.59261e-05	30337	0.250004	FALSE	NA	NA	NA	NA	NA	NA
NC_045512.2	26489	A	G	31169	20178	37	2	0	34	6.41622e-05	31171	1	FALSE	NA	NA	NA	NA	NA	NA
NC_045512.2	26489	A	-T	31169	20178	37	1	0	20	3.20811e-05	31171	1	FALSE	NA	NA	NA	NA	NA	NA
NC_045512.2	26490	T	G	31234	20069	37	1	1	34	3.20102e-05	31240	1	FALSE	NA	NA	NA	NA	NA	NA
NC_045512.2	26490	T	C	31234	20069	37	4	1	34	0.000128041	31240	1	FALSE	NA	NA	NA	NA	NA	NA
NC_045512.2	26490	T	A	31234	20069	37	1	1	34	3.20102e-05	31240	1	FALSE	NA	NA	NA	NA	NA	NA
NC_045512.2	26491	T	G	31020	19878	37	1	1	34	3.22362e-05	31021	1	FALSE	NA	NA	NA	NA	NA	NA
NC_045512.2	26492	A	G	30704	19866	37	3	1	45	9.76976e-05	30707	0.656273	FALSE	NA	NA	NA	NA	NA	NA
NC_045512.2	26493	G	-T	30952	19820	37	1	0	20	3.23081e-05	30952	1	FALSE	NA	NA	NA	NA	NA	NA
NC_045512.2	26494	T	G	30393	19483	37	4	0	32	0.000131588	30398	1	FALSE	NA	NA	NA	NA	NA	NA
NC_045512.2	26494	T	A	30393	19483	37	1	1	24	3.28969e-05	30398	1	FALSE	NA	NA	NA	NA	NA	NA
NC_045512.2	26495	T	C	31221	20375	37	2	1	46	6.40553e-05	31223	0.81252	FALSE	NA	NA	NA	NA	NA	NA
NC_045512.2	26496	T	G	34786	24500	38	1	1	26	2.87447e-05	34789	1	FALSE	NA	NA	NA	NA	NA	NA
NC_045512.2	26496	T	C	34786	24500	38	2	1	34	5.74894e-05	34789	1	FALSE	NA	NA	NA	NA	NA	NA
NC_045512.2	26497	T	C	35488	25481	38	5	4	32	0.000140869	35494	1	FALSE	NA	NA	NA	NA	NA	NA
NC_045512.2	26497	T	A	35488	25481	38	1	0	24	2.81738e-05	35494	1	FALSE	NA	NA	NA	NA	NA	NA
NC_045512.2	26498	T	C	35409	25514	38	2	0	47	5.64796e-05	35411	0.812518	FALSE	NA	NA	NA	NA	NA	NA
NC_045512.2	26499	C	T	35275	25461	38	2	2	30	5.66926e-05	35278	1	FALSE	NA	NA	NA	NA	NA	NA
NC_045512.2	26499	C	A	35275	25461	38	1	0	68	2.83463e-05	35278	0.499993	FALSE	NA	NA	NA	NA	NA	NA
NC_045512.2	26500	T	C	35422	25560	38	1	1	34	2.82302e-05	35423	1	FALSE	NA	NA	NA	NA	NA	NA
NC_045512.2	26502	T	G	35091	25234	37	1	1	34	2.84957e-05	35093	1	FALSE	NA	NA	NA	NA	NA	NA
NC_045512.2	26502	T	C	35091	25234	37	1	0	34	2.84957e-05	35093	1	FALSE	NA	NA	NA	NA	NA	NA
NC_045512.2	26503	T	G	35000	25185	37	2	2	34	5.7138e-05	35003	1	FALSE	NA	NA	NA	NA	NA	NA
NC_045512.2	26503	T	C	35000	25185	37	1	1	34	2.8569e-05	35003	1	FALSE	NA	NA	NA	NA	NA	NA
NC_045512.2	26504	T	C	36218	26524	38	1	1	34	2.76098e-05	36219	1	FALSE	NA	NA	NA	NA	NA	NA
NC_045512.2	26505	G	T	35963	26292	38	1	1	34	2.78048e-05	35965	1	FALSE	NA	NA	NA	NA	NA	NA
NC_045512.2	26505	G	A	35963	26292	38	1	1	34	2.78048e-05	35965	1	FALSE	NA	NA	NA	NA	NA	NA
NC_045512.2	26506	G	C	35909	26267	38	2	2	34	5.5687e-05	35915	1	FALSE	NA	NA	NA	NA	NA	NA
NC_045512.2	26506	G	A	35909	26267	38	4	4	31	0.000111374	35915	1	FALSE	NA	NA	NA	NA	NA	NA
NC_045512.2	26507	A	T	37013	27712	38	1	1	34	2.70161e-05	37015	1	FALSE	NA	NA	NA	NA	NA	NA
NC_045512.2	26507	A	G	37013	27712	38	1	1	68	2.70161e-05	37015	0.5	FALSE	NA	NA	NA	NA	NA	NA
NC_045512.2	26508	A	T	37044	27766	38	1	1	26	2.69898e-05	37051	1	FALSE	NA	NA	NA	NA	NA	NA
NC_045512.2	26508	A	G	37044	27766	38	6	5	39	0.000161939	37051	1	FALSE	NA	NA	NA	NA	NA	NA
NC_045512.2	26509	C	T	37273	28035	38	1	0	68	2.68255e-05	37278	0.49998	FALSE	NA	NA	NA	NA	NA	NA
NC_045512.2	26509	C	A	37273	28035	38	4	4	34	0.000107302	37278	1	FALSE	NA	NA	NA	NA	NA	NA
NC_045512.2	26510	T	C	37149	27908	38	4	4	40	0.000107651	37157	0.499956	FALSE	NA	NA	NA	NA	NA	NA
NC_045512.2	26510	T	A	37149	27908	38	4	4	34	0.000107651	37157	1	FALSE	NA	NA	NA	NA	NA	NA
NC_045512.2	26511	T	G	37146	27985	38	1	1	34	2.69172e-05	37151	1	FALSE	NA	NA	NA	NA	NA	NA
NC_045512.2	26511	T	C	37146	27985	38	4	4	32	0.000107669	37151	1	FALSE	NA	NA	NA	NA	NA	NA
NC_045512.2	26512	T	C	37371	28181	38	1	0	24	2.67566e-05	37374	1	FALSE	NA	NA	NA	NA	NA	NA
NC_045512.2	26512	T	A	37371	28181	38	2	1	25	5.35131e-05	37374	1	FALSE	NA	NA	NA	NA	NA	NA
NC_045512.2	26513	A	G	37372	28350	38	1	1	34	2.67573e-05	37373	1	FALSE	NA	NA	NA	NA	NA	NA
NC_045512.2	26514	A	T	37883	28876	38	1	1	26	2.6395e-05	37886	1	FALSE	NA	NA	NA	NA	NA	NA
NC_045512.2	26514	A	G	37883	28876	38	2	2	47	5.27899e-05	37886	0.812508	FALSE	NA	NA	NA	NA	NA	NA
NC_045512.2	26514	A	-T	37883	28876	38	2	0	20	5.27899e-05	37886	1	FALSE	NA	NA	NA	NA	NA	NA
NC_045512.2	26515	T	C	37583	29044	38	4	4	34	0.00010642	37587	1	FALSE	NA	NA	NA	NA	NA	NA
NC_045512.2	26516	T	G	33373	30532	35	1	1	34	2.99634e-05	33374	1	FALSE	NA	NA	NA	NA	NA	NA
NC_045512.2	26517	T	C	33433	30659	35	11	11	28	0.000328908	33444	1	FALSE	NA	NA	NA	NA	NA	NA
NC_045512.2	26518	T	C	33670	30914	36	1	1	34	2.96991e-05	33671	1	FALSE	NA	NA	NA	NA	NA	NA
NC_045512.2	26519	A	G	33674	30943	36	5	2	54	0.00014846	33679	0.0312477	FALSE	NA	NA	NA	NA	NA	NA
NC_045512.2	26520	G	A	33674	30934	36	2	2	34	5.93895e-05	33676	1	FALSE	NA	NA	NA	NA	NA	NA
NC_045512.2	26521	C	T	33656	30994	35	8	8	42	0.000237628	33666	0.113253	FALSE	NA	NA	NA	NA	NA	NA
NC_045512.2	26521	C	A	33656	30994	35	2	2	34	5.94071e-05	33666	1	FALSE	NA	NA	NA	NA	NA	NA
NC_045512.2	26522	C	G	33862	31179	35	1	1	34	2.9529e-05	33865	1	FALSE	NA	NA	NA	NA	NA	NA
NC_045512.2	26522	C	A	33862	31179	35	2	2	34	5.9058e-05	33865	1	FALSE	NA	NA	NA	NA	NA	NA
NC_045512.2	26523	A	G	35146	32553	36	10	9	33	0.000284438	35157	0.999967	FALSE	NA	NA	NA	NA	NA	NA
NC_045512.2	26523	A	C	35146	32553	36	1	1	26	2.84438e-05	35157	1	FALSE	NA	NA	NA	NA	NA	NA
NC_045512.2	26524	T	C	35272	32667	36	6	6	31	0.000170073	35279	1	FALSE	NA	NA	NA	NA	NA	NA
NC_045512.2	26524	T	A	35272	32667	36	1	1	34	2.83455e-05	35279	1	FALSE	NA	NA	NA	NA	NA	NA
NC_045512.2	26525	G	A	35321	32689	36	3	3	34	8.49281e-05	35324	1	FALSE	NA	NA	NA	NA	NA	NA
NC_045512.2	26526	G	A	35278	32680	36	37	34	34	0.00104771	35315	0.453171	FALSE	NA	NA	NA	NA	NA	NA
NC_045512.2	26527	C	T	35321	32741	36	6	6	34	0.000169837	35328	1	FALSE	NA	NA	NA	NA	NA	NA
NC_045512.2	26527	C	G	35321	32741	36	1	1	34	2.83062e-05	35328	1	FALSE	NA	NA	NA	NA	NA	NA
NC_045512.2	26528	A	T	35216	32630	35	1	1	26	2.83905e-05	35223	1	FALSE	NA	NA	NA	NA	NA	NA
NC_045512.2	26528	A	G	35216	32630	35	6	6	39	0.000170343	35223	1	FALSE	NA	NA	NA	NA	NA	NA
NC_045512.2	26529	G	A	35278	32684	36	5	5	34	0.000141711	35283	1	FALSE	NA	NA	NA	NA	NA	NA
NC_045512.2	26530	A	G	37051	34565	36	3	3	45	8.09629e-05	37054	0.656269	FALSE	NA	NA	NA	NA	NA	NA
NC_045512.2	26531	T	C	36805	34287	36	4	3	37	0.000108669	36809	1	FALSE	NA	NA	NA	NA	NA	NA
NC_045512.2	26532	T	C	36725	34218	35	7	7	34	0.00019057	36732	0.999999	FALSE	NA	NA	NA	NA	NA	NA
NC_045512.2	26533	C	T	37223	34767	36	1	1	34	2.68644e-05	37224	1	FALSE	NA	NA	NA	NA	NA	NA
NC_045512.2	26534	C	A	37105	34624	36	3	3	34	8.08451e-05	37108	1	FALSE	NA	NA	NA	NA	NA	NA
NC_045512.2	26535	A	G	35892	33399	36	5	4	46	0.000139276	35900	0.363243	FALSE	NA	NA	NA	NA	NA	NA
NC_045512.2	26535	A	C	35892	33399	36	3	2	42	8.35655e-05	35900	0.656204	FALSE	NA	NA	NA	NA	NA	NA
NC_045512.2	26536	A	G	37473	35088	36	5	4	40	0.000133408	37479	0.363274	FALSE	NA	NA	NA	NA	NA	NA
NC_045512.2	26536	A	C	37473	35088	36	1	1	26	2.66816e-05	37479	1	FALSE	NA	NA	NA	NA	NA	NA
NC_045512.2	26537	C	T	37613	35213	36	1	1	34	2.65851e-05	37615	1	FALSE	NA	NA	NA	NA	NA	NA
NC_045512.2	26537	C	A	37613	35213	36	1	1	34	2.65851e-05	37615	1	FALSE	NA	NA	NA	NA	NA	NA
NC_045512.2	26538	G	T	37026	34608	36	2	2	26	5.40073e-05	37032	1	FALSE	NA	NA	NA	NA	NA	NA
NC_045512.2	26538	G	C	37026	34608	36	4	4	32	0.000108015	37032	1	FALSE	NA	NA	NA	NA	NA	NA
NC_045512.2	26539	G	T	37334	34743	36	1	1	26	2.67809e-05	37340	1	FALSE	NA	NA	NA	NA	NA	NA
NC_045512.2	26539	G	C	37334	34743	36	3	3	28	8.03428e-05	37340	1	FALSE	NA	NA	NA	NA	NA	NA
NC_045512.2	26539	G	A	37334	34743	36	2	2	34	5.35619e-05	37340	1	FALSE	NA	NA	NA	NA	NA	NA
NC_045512.2	26540	T	G	37177	34593	36	1	1	26	2.68918e-05	37186	1	FALSE	NA	NA	NA	NA	NA	NA
NC_045512.2	26540	T	C	37177	34593	36	7	7	34	0.000188243	37186	1	FALSE	NA	NA	NA	NA	NA	NA
NC_045512.2	26540	T	A	37177	34593	36	1	1	34	2.68918e-05	37186	1	FALSE	NA	NA	NA	NA	NA	NA
NC_045512.2	26541	A	G	37234	34655	36	4	4	34	0.000107414	37239	1	FALSE	NA	NA	NA	NA	NA	NA
NC_045512.2	26541	A	C	37234	34655	36	1	1	34	2.68536e-05	37239	1	FALSE	NA	NA	NA	NA	NA	NA
NC_045512.2	26542	C	G	38444	35948	36	1	0	24	2.60071e-05	38451	1	FALSE	NA	NA	NA	NA	NA	NA
NC_045512.2	26542	C	A	38444	35948	36	6	6	34	0.000156043	38451	1	FALSE	NA	NA	NA	NA	NA	NA
NC_045512.2	26543	T	G	36296	33789	35	1	1	34	2.75421e-05	36308	1	FALSE	NA	NA	NA	NA	NA	NA
NC_045512.2	26543	T	C	36296	33789	35	7	7	38	0.000192795	36308	0.999999	FALSE	NA	NA	NA	NA	NA	NA
NC_045512.2	26543	T	A	36296	33789	35	4	4	28	0.000110169	36308	1	FALSE	NA	NA	NA	NA	NA	NA
NC_045512.2	26544	A	T	38360	35937	36	1	1	34	2.60668e-05	38363	1	FALSE	NA	NA	NA	NA	NA	NA
NC_045512.2	26544	A	G	38360	35937	36	1	1	34	2.60668e-05	38363	1	FALSE	NA	NA	NA	NA	NA	NA
NC_045512.2	26544	A	C	38360	35937	36	1	1	26	2.60668e-05	38363	1	FALSE	NA	NA	NA	NA	NA	NA
NC_045512.2	26544	A	-T	38360	35937	36	1	0	20	2.60668e-05	38363	1	FALSE	NA	NA	NA	NA	NA	NA
NC_045512.2	26545	T	G	37833	35829	35	2	2	34	5.28597e-05	37836	1	FALSE	NA	NA	NA	NA	NA	NA
NC_045512.2	26545	T	C	37833	35829	35	1	1	34	2.64299e-05	37836	1	FALSE	NA	NA	NA	NA	NA	NA
NC_045512.2	26546	T	C	37893	35914	35	2	2	30	5.27774e-05	37895	1	FALSE	NA	NA	NA	NA	NA	NA
NC_045512.2	26547	A	G	38592	36670	35	3	3	45	7.77262e-05	38597	0.656244	FALSE	NA	NA	NA	NA	NA	NA
NC_045512.2	26547	A	C	38592	36670	35	2	2	26	5.18175e-05	38597	1	FALSE	NA	NA	NA	NA	NA	NA
NC_045512.2	26548	C	T	38999	37064	35	13	13	34	0.000333231	39012	0.999937	FALSE	NA	NA	NA	NA	NA	NA
NC_045512.2	26549	C	T	28682	26847	36	2	2	34	6.97156e-05	28688	1	FALSE	NA	NA	NA	NA	NA	NA
NC_045512.2	26549	C	A	28682	26847	36	4	1	34	0.000139431	28688	0.999999	FALSE	NA	NA	NA	NA	NA	NA
NC_045512.2	26550	G	A	26354	24519	36	4	4	34	0.000151757	26358	0.999996	FALSE	NA	NA	NA	NA	NA	NA
NC_045512.2	26551	T	C	25497	23774	35	1	0	34	3.92188e-05	25498	1	FALSE	NA	NA	NA	NA	NA	NA
NC_045512.2	26552	T	C	26364	24672	36	3	2	34	0.000113779	26367	0.999999	FALSE	NA	NA	NA	NA	NA	NA
NC_045512.2	26553	G	T	26284	24700	36	4	4	32	0.000152161	26288	0.999996	FALSE	NA	NA	NA	NA	NA	NA
NC_045512.2	26554	A	G	26244	24670	36	2	2	34	7.62021e-05	26246	1	FALSE	NA	NA	NA	NA	NA	NA
NC_045512.2	26555	A	G	26310	24735	36	1	1	34	3.80069e-05	26311	1	FALSE	NA	NA	NA	NA	NA	NA
NC_045512.2	26557	A	G	24536	23218	35	3	3	31	0.000122239	24542	0.999997	FALSE	NA	NA	NA	NA	NA	NA
NC_045512.2	26557	A	C	24536	23218	35	3	3	34	0.000122239	24542	0.999997	FALSE	NA	NA	NA	NA	NA	NA
NC_045512.2	26560	T	G	24486	22993	36	2	1	34	8.1656e-05	24493	1	FALSE	NA	NA	NA	NA	NA	NA
NC_045512.2	26560	T	C	24486	22993	36	5	4	40	0.00020414	24493	0.226529	FALSE	NA	NA	NA	NA	NA	NA
NC_045512.2	26561	T	C	24494	23001	36	5	5	32	0.000204082	24500	0.999948	FALSE	NA	NA	NA	NA	NA	NA
NC_045512.2	26561	T	A	24494	23001	36	1	1	26	4.08163e-05	24500	1	FALSE	NA	NA	NA	NA	NA	NA
NC_045512.2	26561	T	-A	24494	23001	36	3	0	20	0.000122449	24500	1	FALSE	NA	NA	NA	NA	NA	NA
NC_045512.2	26562	A	T	24510	23093	36	1	1	34	4.0798e-05	24511	1	FALSE	NA	NA	NA	NA	NA	NA
NC_045512.2	26563	A	G	24496	23080	36	1	1	68	4.08213e-05	24497	0.50001	FALSE	NA	NA	NA	NA	NA	NA
NC_045512.2	26564	A	G	24493	23094	36	1	1	34	4.08263e-05	24494	1	FALSE	NA	NA	NA	NA	NA	NA
NC_045512.2	26565	A	T	24460	23044	36	1	1	34	4.08814e-05	24461	1	FALSE	NA	NA	NA	NA	NA	NA
NC_045512.2	26566	A	G	24414	23015	36	2	2	34	8.19135e-05	24416	1	FALSE	NA	NA	NA	NA	NA	NA
NC_045512.2	26567	G	T	23968	22735	35	3	3	34	0.000125141	23973	0.999995	FALSE	NA	NA	NA	NA	NA	NA
NC_045512.2	26567	G	C	23968	22735	35	1	1	34	4.17136e-05	23973	1	FALSE	NA	NA	NA	NA	NA	NA
NC_045512.2	26567	G	A	23968	22735	35	1	0	68	4.17136e-05	23973	0.499969	FALSE	NA	NA	NA	NA	NA	NA
NC_045512.2	26569	T	C	23290	22068	35	2	2	34	8.58664e-05	23292	0.999999	FALSE	NA	NA	NA	NA	NA	NA
NC_045512.2	26570	C	G	23337	22113	35	3	3	34	0.000128535	23340	0.999995	FALSE	NA	NA	NA	NA	NA	NA
NC_045512.2	26571	C	A	23347	22131	35	1	1	34	4.28302e-05	23348	1	FALSE	NA	NA	NA	NA	NA	NA
NC_045512.2	26572	T	C	23237	22023	35	1	1	34	4.3033e-05	23238	1	FALSE	NA	NA	NA	NA	NA	NA
NC_045512.2	26574	G	-A	23320	22109	35	1	0	20	4.28816e-05	23320	1	FALSE	NA	NA	NA	NA	NA	NA
NC_045512.2	26575	A	T	23333	22125	35	1	1	34	4.28449e-05	23340	1	FALSE	NA	NA	NA	NA	NA	NA
NC_045512.2	26575	A	G	23333	22125	35	6	6	34	0.000257069	23340	0.999728	FALSE	NA	NA	NA	NA	NA	NA
NC_045512.2	26576	A	G	23278	22115	35	2	2	34	8.59107e-05	23280	0.999999	FALSE	NA	NA	NA	NA	NA	NA
NC_045512.2	26577	C	G	0	0	0	23209	22069	35	1	23209	0	TRUE	NA	NA	NA	NA	NA	NA
NC_045512.2	26578	A	G	23061	21940	35	4	4	34	0.000173423	23065	0.999976	FALSE	NA	NA	NA	NA	NA	NA
NC_045512.2	26579	A	G	22942	21821	35	1	1	34	4.35863e-05	22943	1	FALSE	NA	NA	NA	NA	NA	NA
NC_045512.2	26580	T	C	22874	21754	35	1	1	34	4.37158e-05	22875	1	FALSE	NA	NA	NA	NA	NA	NA
NC_045512.2	26581	G	C	22793	21879	35	1	1	34	4.38673e-05	22796	1	FALSE	NA	NA	NA	NA	NA	NA
NC_045512.2	26581	G	A	22793	21879	35	2	2	30	8.77347e-05	22796	0.999999	FALSE	NA	NA	NA	NA	NA	NA
NC_045512.2	26583	A	G	22693	21892	35	7	7	34	0.00030837	22700	0.998846	FALSE	NA	NA	NA	NA	NA	NA
NC_045512.2	26584	A	G	22688	21891	35	1	1	34	4.40742e-05	22689	1	FALSE	NA	NA	NA	NA	NA	NA
NC_045512.2	26587	T	C	21828	21122	34	3	2	30	0.000137419	21831	0.999982	FALSE	NA	NA	NA	NA	NA	NA
NC_045512.2	26588	A	G	21923	21217	35	2	2	34	9.12201e-05	21925	0.999997	FALSE	NA	NA	NA	NA	NA	NA
NC_045512.2	26589	G	C	21901	21193	34	1	1	26	4.56579e-05	21902	1	FALSE	NA	NA	NA	NA	NA	NA
NC_045512.2	26591	A	T	21721	21016	35	2	2	30	9.20641e-05	21724	0.999997	FALSE	NA	NA	NA	NA	NA	NA
NC_045512.2	26591	A	G	21721	21016	35	1	1	34	4.6032e-05	21724	1	FALSE	NA	NA	NA	NA	NA	NA
NC_045512.2	26592	A	T	21759	21032	35	1	1	34	4.59538e-05	21761	1	FALSE	NA	NA	NA	NA	NA	NA
NC_045512.2	26592	A	G	21759	21032	35	1	1	34	4.59538e-05	21761	1	FALSE	NA	NA	NA	NA	NA	NA
NC_045512.2	26594	A	G	21486	20811	34	3	3	45	0.0001396	21490	0.5	FALSE	NA	NA	NA	NA	NA	NA
NC_045512.2	26594	A	C	21486	20811	34	1	1	34	4.65333e-05	21490	1	FALSE	NA	NA	NA	NA	NA	NA
NC_045512.2	26595	G	C	21433	20750	34	1	1	34	4.66548e-05	21434	1	FALSE	NA	NA	NA	NA	NA	NA
NC_045512.2	26596	G	T	19255	18632	34	1652	1596	34	0.0790128	20908	0	TRUE	NA	NA	NA	NA	NA	NA
NC_045512.2	26596	G	A	19255	18632	34	1	1	34	4.78286e-05	20908	0.999999	FALSE	NA	NA	NA	NA	NA	NA
NC_045512.2	26597	T	G	15952	15290	35	1	1	34	6.26684e-05	15957	0.999985	FALSE	NA	NA	NA	NA	NA	NA
NC_045512.2	26597	T	C	15952	15290	35	4	4	34	0.000250674	15957	0.997793	FALSE	NA	NA	NA	NA	NA	NA
NC_045512.2	26598	T	C	15105	14453	35	5	5	32	0.000330907	15110	0.994107	FALSE	NA	NA	NA	NA	NA	NA
NC_045512.2	26599	T	C	15050	14396	35	9	9	33	0.000597649	15059	0.92431	FALSE	NA	NA	NA	NA	NA	NA
NC_045512.2	26600	C	T	15040	14388	35	2	2	47	0.000132952	15043	0.5	FALSE	NA	NA	NA	NA	NA	NA
NC_045512.2	26600	C	A	15040	14388	35	1	1	34	6.64761e-05	15043	0.999985	FALSE	NA	NA	NA	NA	NA	NA
NC_045512.2	26601	C	A	14954	14340	35	3	3	34	0.000200575	14957	0.998829	FALSE	NA	NA	NA	NA	NA	NA
NC_045512.2	26602	T	C	14237	13631	34	2	2	34	0.000140449	14240	0.999741	FALSE	NA	NA	NA	NA	NA	NA
NC_045512.2	26602	T	A	14237	13631	34	1	1	34	7.02247e-05	14240	0.99997	FALSE	NA	NA	NA	NA	NA	NA
NC_045512.2	26603	A	G	14169	13558	35	1	1	34	7.05667e-05	14171	0.99997	FALSE	NA	NA	NA	NA	NA	NA
NC_045512.2	26603	A	C	14169	13558	35	1	1	34	7.05667e-05	14171	0.99997	FALSE	NA	NA	NA	NA	NA	NA
NC_045512.2	26605	T	C	13758	13151	35	1	1	34	7.26797e-05	13759	0.999939	FALSE	NA	NA	NA	NA	NA	NA
NC_045512.2	26606	C	T	13755	13149	35	1	1	34	7.26956e-05	13756	0.999939	FALSE	NA	NA	NA	NA	NA	NA
NC_045512.2	26609	T	C	11941	11359	35	1	1	34	8.37381e-05	11942	0.999757	FALSE	NA	NA	NA	NA	NA	NA
NC_045512.2	26612	A	G	11664	11117	35	1	1	24	8.57265e-05	11665	1	FALSE	NA	NA	NA	NA	NA	NA
NC_045512.2	26613	T	C	11549	10999	35	3	3	34	0.000259695	11552	0.993546	FALSE	NA	NA	NA	NA	NA	NA
NC_045512.2	26614	G	C	11118	10581	35	1	1	26	8.99361e-05	11119	1	FALSE	NA	NA	NA	NA	NA	NA
NC_045512.2	26615	G	T	10761	10246	35	1	1	34	9.29195e-05	10762	0.999513	FALSE	NA	NA	NA	NA	NA	NA
NC_045512.2	26616	A	G	10757	10242	35	2	2	34	0.000185891	10759	0.996834	FALSE	NA	NA	NA	NA	NA	NA
NC_045512.2	26618	T	C	10612	10100	35	2	2	30	0.000188413	10615	0.996833	FALSE	NA	NA	NA	NA	NA	NA
NC_045512.2	26618	T	A	10612	10100	35	1	1	34	9.42063e-05	10615	0.999513	FALSE	NA	NA	NA	NA	NA	NA
NC_045512.2	26619	T	C	10438	9930	35	1	0	68	9.57946e-05	10439	0.500024	FALSE	NA	NA	NA	NA	NA	NA
NC_045512.2	26621	T	C	10240	9745	34	5	5	39	0.000488043	10245	0.940855	FALSE	NA	NA	NA	NA	NA	NA
NC_045512.2	26621	T	-C	10240	9745	34	1	0	20	9.76086e-05	10245	1	FALSE	NA	NA	NA	NA	NA	NA
NC_045512.2	26623	T	C	10107	9614	35	2	2	30	0.000197844	10109	0.996835	FALSE	NA	NA	NA	NA	NA	NA
NC_045512.2	26625	C	A	8348	7907	35	1	1	34	0.000119775	8349	0.998052	FALSE	NA	NA	NA	NA	NA	NA
NC_045512.2	26626	T	C	51690	9316	34	6	0	34	0.000116061	51697	1	FALSE	NA	NA	NA	NA	NA	NA
NC_045512.2	26626	T	A	51690	9316	34	1	1	34	1.93435e-05	51697	1	FALSE	NA	NA	NA	NA	NA	NA
NC_045512.2	26626	T	-A	51690	9316	34	1	0	20	1.93435e-05	51697	1	FALSE	NA	NA	NA	NA	NA	NA
NC_045512.2	26627	A	T	51607	9309	34	3	0	34	5.8126e-05	51612	1	FALSE	NA	NA	NA	NA	NA	NA
NC_045512.2	26627	A	G	51607	9309	34	2	0	30	3.87507e-05	51612	1	FALSE	NA	NA	NA	NA	NA	NA
NC_045512.2	26628	C	T	56433	9450	34	6	2	34	0.000106302	56443	1	FALSE	NA	NA	NA	NA	NA	NA
NC_045512.2	26628	C	A	56433	9450	34	4	0	34	7.0868e-05	56443	1	FALSE	NA	NA	NA	NA	NA	NA
NC_045512.2	26629	A	G	54109	7729	33	6	1	31	0.000110875	54115	1	FALSE	NA	NA	NA	NA	NA	NA
NC_045512.2	26630	A	T	54730	7882	34	2	0	34	3.65357e-05	54741	1	FALSE	NA	NA	NA	NA	NA	NA
NC_045512.2	26630	A	G	54730	7882	34	9	0	32	0.000164411	54741	1	FALSE	NA	NA	NA	NA	NA	NA
NC_045512.2	26631	T	G	54047	6885	34	3	0	31	5.55021e-05	54052	1	FALSE	NA	NA	NA	NA	NA	NA
NC_045512.2	26631	T	C	54047	6885	34	2	0	34	3.70014e-05	54052	1	FALSE	NA	NA	NA	NA	NA	NA
NC_045512.2	26632	T	G	48664	1784	34	3	0	31	6.16358e-05	48673	1	FALSE	NA	NA	NA	NA	NA	NA
NC_045512.2	26632	T	C	48664	1784	34	5	0	34	0.000102726	48673	1	FALSE	NA	NA	NA	NA	NA	NA
NC_045512.2	26632	T	A	48664	1784	34	1	0	34	2.05453e-05	48673	1	FALSE	NA	NA	NA	NA	NA	NA
NC_045512.2	26633	T	C	48936	1913	34	1	1	68	2.04344e-05	48937	0.500005	FALSE	NA	NA	NA	NA	NA	NA
NC_045512.2	26634	G	T	53212	1966	34	3	0	34	5.63698e-05	53220	1	FALSE	NA	NA	NA	NA	NA	NA
NC_045512.2	26634	G	C	53212	1966	34	1	0	26	1.87899e-05	53220	1	FALSE	NA	NA	NA	NA	NA	NA
NC_045512.2	26634	G	A	53212	1966	34	4	0	34	7.51597e-05	53220	1	FALSE	NA	NA	NA	NA	NA	NA
NC_045512.2	26635	C	T	53198	2358	34	69	1	33	0.00129526	53271	0.08693	FALSE	NA	NA	NA	NA	NA	NA
NC_045512.2	26635	C	G	53198	2358	34	2	0	34	3.75439e-05	53271	1	FALSE	NA	NA	NA	NA	NA	NA
NC_045512.2	26635	C	A	53198	2358	34	2	0	34	3.75439e-05	53271	1	FALSE	NA	NA	NA	NA	NA	NA
NC_045512.2	26636	C	T	53492	2373	34	4	0	34	7.47664e-05	53500	1	FALSE	NA	NA	NA	NA	NA	NA
NC_045512.2	26636	C	A	53492	2373	34	4	0	34	7.47664e-05	53500	1	FALSE	NA	NA	NA	NA	NA	NA
NC_045512.2	26637	T	G	53640	2409	34	2	0	34	3.72828e-05	53644	1	FALSE	NA	NA	NA	NA	NA	NA
NC_045512.2	26637	T	A	53640	2409	34	2	0	34	3.72828e-05	53644	1	FALSE	NA	NA	NA	NA	NA	NA
NC_045512.2	26638	A	T	54447	2565	34	2	0	30	3.67282e-05	54454	1	FALSE	NA	NA	NA	NA	NA	NA
NC_045512.2	26638	A	G	54447	2565	34	4	0	42	7.34565e-05	54454	0.746085	FALSE	NA	NA	NA	NA	NA	NA
NC_045512.2	26638	A	C	54447	2565	34	1	0	34	1.83641e-05	54454	1	FALSE	NA	NA	NA	NA	NA	NA
NC_045512.2	26639	T	C	56061	2572	34	2	0	34	3.56735e-05	56064	1	FALSE	NA	NA	NA	NA	NA	NA
NC_045512.2	26639	T	A	56061	2572	34	1	0	26	1.78368e-05	56064	1	FALSE	NA	NA	NA	NA	NA	NA
NC_045512.2	26640	G	T	57616	2612	34	7	0	34	0.000121473	57626	1	FALSE	NA	NA	NA	NA	NA	NA
NC_045512.2	26640	G	A	57616	2612	34	3	1	34	5.20598e-05	57626	1	FALSE	NA	NA	NA	NA	NA	NA
NC_045512.2	26641	C	T	57675	2829	34	7	0	34	0.000121353	57683	1	FALSE	NA	NA	NA	NA	NA	NA
NC_045512.2	26641	C	G	57675	2829	34	1	0	34	1.73361e-05	57683	1	FALSE	NA	NA	NA	NA	NA	NA
NC_045512.2	26642	C	T	58026	2839	34	5	0	34	8.61594e-05	58032	1	FALSE	NA	NA	NA	NA	NA	NA
NC_045512.2	26642	C	G	58026	2839	34	1	0	34	1.72319e-05	58032	1	FALSE	NA	NA	NA	NA	NA	NA
NC_045512.2	26643	A	T	58798	2847	34	1	0	26	1.70059e-05	58803	1	FALSE	NA	NA	NA	NA	NA	NA
NC_045512.2	26643	A	G	58798	2847	34	4	0	34	6.80237e-05	58803	1	FALSE	NA	NA	NA	NA	NA	NA
NC_045512.2	26644	A	G	49972	2855	32	4	0	34	8.00352e-05	49978	1	FALSE	NA	NA	NA	NA	NA	NA
NC_045512.2	26644	A	C	49972	2855	32	2	0	30	4.00176e-05	49978	1	FALSE	NA	NA	NA	NA	NA	NA
NC_045512.2	26645	C	T	59002	2782	34	1706	103	34	0.0280999	60712	0	TRUE	NA	NA	NA	NA	NA	NA
NC_045512.2	26645	C	A	59002	2782	34	4	0	32	6.58848e-05	60712	1	FALSE	NA	NA	NA	NA	NA	NA
NC_045512.2	26646	A	G	60458	2894	34	7	0	34	0.000115768	60466	1	FALSE	NA	NA	NA	NA	NA	NA
NC_045512.2	26646	A	C	60458	2894	34	1	0	34	1.65382e-05	60466	1	FALSE	NA	NA	NA	NA	NA	NA
NC_045512.2	26647	G	C	66924	2950	34	1	0	34	1.49414e-05	66928	1	FALSE	NA	NA	NA	NA	NA	NA
NC_045512.2	26647	G	A	66924	2950	34	3	0	34	4.48243e-05	66928	1	FALSE	NA	NA	NA	NA	NA	NA
NC_045512.2	26648	G	T	72235	4087	35	1	0	34	1.38424e-05	72242	1	FALSE	NA	NA	NA	NA	NA	NA
NC_045512.2	26648	G	A	72235	4087	35	6	1	34	8.30542e-05	72242	1	FALSE	NA	NA	NA	NA	NA	NA
NC_045512.2	26649	A	G	71962	4259	35	11	0	34	0.000152835	71973	1	FALSE	NA	NA	NA	NA	NA	NA
NC_045512.2	26650	A	T	72084	4405	35	1	0	34	1.38714e-05	72091	1	FALSE	NA	NA	NA	NA	NA	NA
NC_045512.2	26650	A	G	72084	4405	35	6	0	34	8.32281e-05	72091	1	FALSE	NA	NA	NA	NA	NA	NA
NC_045512.2	26650	A	-T	72084	4405	35	2	0	20	2.77427e-05	72091	1	FALSE	NA	NA	NA	NA	NA	NA
NC_045512.2	26651	T	G	72459	4392	35	39	0	33	0.000537716	72529	0.999422	FALSE	NA	NA	NA	NA	NA	NA
NC_045512.2	26651	T	C	72459	4392	35	23	1	32	0.000317115	72529	1	FALSE	NA	NA	NA	NA	NA	NA
NC_045512.2	26651	T	A	72459	4392	35	8	0	34	0.000110301	72529	1	FALSE	NA	NA	NA	NA	NA	NA
NC_045512.2	26652	A	T	72812	4430	35	9	0	34	0.000123494	72878	1	FALSE	NA	NA	NA	NA	NA	NA
NC_045512.2	26652	A	G	72812	4430	35	52	2	35	0.000713521	72878	0.970549	FALSE	NA	NA	NA	NA	NA	NA
NC_045512.2	26652	A	C	72812	4430	35	5	0	32	6.86078e-05	72878	1	FALSE	NA	NA	NA	NA	NA	NA
NC_045512.2	26652	A	+T	72812	4430	35	1	0	20	1.37216e-05	72878	1	FALSE	NA	NA	NA	NA	NA	NA
NC_045512.2	26653	G	T	88409	4558	35	4	0	34	4.52391e-05	88419	1	FALSE	NA	NA	NA	NA	NA	NA
NC_045512.2	26653	G	A	88409	4558	35	6	0	34	6.78587e-05	88419	1	FALSE	NA	NA	NA	NA	NA	NA
NC_045512.2	26653	G	-GTTTTTGTATA	88409	4558	35	2	0	20	2.26196e-05	88419	1	FALSE	NA	NA	NA	NA	NA	NA
NC_045512.2	26653	G	-GTTTTT	88409	4558	35	3	0	20	3.39294e-05	88419	1	FALSE	NA	NA	NA	NA	NA	NA
NC_045512.2	26654	G	-TTTTTGTATATAATTAAGT	89316	4620	35	7	0	20	7.83699e-05	89320	1	FALSE	NA	NA	NA	NA	NA	NA
NC_045512.2	26654	G	-TTTTTGTA	89316	4620	35	1	0	20	1.11957e-05	89320	1	FALSE	NA	NA	NA	NA	NA	NA
NC_045512.2	26654	G	-T	89316	4620	35	9	0	20	0.000100761	89320	1	FALSE	NA	NA	NA	NA	NA	NA
NC_045512.2	26655	T	G	88140	4639	35	22	0	33	0.000249532	88165	1	FALSE	NA	NA	NA	NA	NA	NA
NC_045512.2	26655	T	C	88140	4639	35	3	0	34	3.40271e-05	88165	1	FALSE	NA	NA	NA	NA	NA	NA
NC_045512.2	26655	T	-TTTTG	88140	4639	35	1	0	20	1.13398e-05	88185	1	FALSE	NA	NA	NA	NA	NA	NA
NC_045512.2	26656	T	C	89153	4715	35	6	3	34	6.72932e-05	89162	1	FALSE	NA	NA	NA	NA	NA	NA
NC_045512.2	26656	T	A	89153	4715	35	3	0	31	3.36466e-05	89162	1	FALSE	NA	NA	NA	NA	NA	NA
NC_045512.2	26656	T	-TTTGTATATAATTAAG	89153	4715	35	1	0	20	1.12139e-05	89175	1	FALSE	NA	NA	NA	NA	NA	NA
NC_045512.2	26656	T	-TTTGTA	89153	4715	35	4	0	20	4.48556e-05	89175	1	FALSE	NA	NA	NA	NA	NA	NA
NC_045512.2	26657	T	G	89717	4444	35	3	0	31	3.34351e-05	89726	1	FALSE	NA	NA	NA	NA	NA	NA
NC_045512.2	26657	T	C	89717	4444	35	4	0	34	4.45802e-05	89726	1	FALSE	NA	NA	NA	NA	NA	NA
NC_045512.2	26657	T	A	89717	4444	35	2	0	30	2.22901e-05	89726	1	FALSE	NA	NA	NA	NA	NA	NA
NC_045512.2	26658	T	G	90226	4778	35	4	0	30	4.43262e-05	90240	1	FALSE	NA	NA	NA	NA	NA	NA
NC_045512.2	26658	T	C	90226	4778	35	8	2	37	8.86525e-05	90240	1	FALSE	NA	NA	NA	NA	NA	NA
NC_045512.2	26658	T	A	90226	4778	35	2	0	34	2.21631e-05	90240	1	FALSE	NA	NA	NA	NA	NA	NA
NC_045512.2	26659	T	C	90270	4788	35	12	3	34	0.000132896	90296	1	FALSE	NA	NA	NA	NA	NA	NA
NC_045512.2	26659	T	A	90270	4788	35	14	0	33	0.000155046	90296	1	FALSE	NA	NA	NA	NA	NA	NA
NC_045512.2	26659	T	-G	90270	4788	35	2	0	20	2.2145e-05	90314	1	FALSE	NA	NA	NA	NA	NA	NA
NC_045512.2	26660	G	T	96142	4841	35	4	0	34	4.16012e-05	96151	1	FALSE	NA	NA	NA	NA	NA	NA
NC_045512.2	26660	G	A	96142	4841	35	5	1	34	5.20015e-05	96151	1	FALSE	NA	NA	NA	NA	NA	NA
NC_045512.2	26661	T	G	96291	5211	35	1	0	26	1.03836e-05	96306	1	FALSE	NA	NA	NA	NA	NA	NA
NC_045512.2	26661	T	C	96291	5211	35	11	1	36	0.000114219	96306	1	FALSE	NA	NA	NA	NA	NA	NA
NC_045512.2	26661	T	A	96291	5211	35	3	0	26	3.11507e-05	96306	1	FALSE	NA	NA	NA	NA	NA	NA
NC_045512.2	26662	A	T	97180	5221	35	2	0	30	2.05778e-05	97192	1	FALSE	NA	NA	NA	NA	NA	NA
NC_045512.2	26662	A	G	97180	5221	35	10	1	34	0.000102889	97192	1	FALSE	NA	NA	NA	NA	NA	NA
NC_045512.2	26663	T	G	97392	5562	35	1	0	34	1.02667e-05	97402	1	FALSE	NA	NA	NA	NA	NA	NA
NC_045512.2	26663	T	C	97392	5562	35	4	0	34	4.10669e-05	97402	1	FALSE	NA	NA	NA	NA	NA	NA
NC_045512.2	26663	T	A	97392	5562	35	5	1	32	5.13336e-05	97402	1	FALSE	NA	NA	NA	NA	NA	NA
NC_045512.2	26663	T	+A	97392	5562	35	1	0	20	1.02657e-05	97412	1	FALSE	NA	NA	NA	NA	NA	NA
NC_045512.2	26664	A	G	97415	5707	35	4	0	32	4.10598e-05	97419	1	FALSE	NA	NA	NA	NA	NA	NA
NC_045512.2	26665	T	C	98811	5749	35	7	0	42	7.08359e-05	98820	0.772704	FALSE	NA	NA	NA	NA	NA	NA
NC_045512.2	26665	T	A	98811	5749	35	2	0	34	2.02388e-05	98820	1	FALSE	NA	NA	NA	NA	NA	NA
NC_045512.2	26665	T	-A	98811	5749	35	1	0	20	1.01186e-05	98828	1	FALSE	NA	NA	NA	NA	NA	NA
NC_045512.2	26666	A	G	98963	5875	35	5	0	32	5.05214e-05	98968	1	FALSE	NA	NA	NA	NA	NA	NA
NC_045512.2	26667	A	G	99208	5904	35	6	0	31	6.04753e-05	99214	1	FALSE	NA	NA	NA	NA	NA	NA
NC_045512.2	26668	T	G	98512	5857	35	1	1	27	1.01492e-05	98530	1	FALSE	NA	NA	NA	NA	NA	NA
NC_045512.2	26668	T	C	98512	5857	35	14	4	32	0.000142089	98530	1	FALSE	NA	NA	NA	NA	NA	NA
NC_045512.2	26668	T	A	98512	5857	35	3	0	28	3.04476e-05	98530	1	FALSE	NA	NA	NA	NA	NA	NA
NC_045512.2	26668	T	-TAAG	98512	5857	35	1	0	20	1.01484e-05	98538	1	FALSE	NA	NA	NA	NA	NA	NA
NC_045512.2	26669	T	C	92485	5901	33	4	0	34	4.3246e-05	92494	1	FALSE	NA	NA	NA	NA	NA	NA
NC_045512.2	26669	T	A	92485	5901	33	5	0	27	5.40576e-05	92494	1	FALSE	NA	NA	NA	NA	NA	NA
NC_045512.2	26670	A	T	99393	6045	35	2	0	34	2.01195e-05	99406	1	FALSE	NA	NA	NA	NA	NA	NA
NC_045512.2	26670	A	G	99393	6045	35	11	0	33	0.000110657	99406	1	FALSE	NA	NA	NA	NA	NA	NA
NC_045512.2	26671	A	G	96764	6059	34	6	2	39	6.20027e-05	96770	1	FALSE	NA	NA	NA	NA	NA	NA
NC_045512.2	26672	G	T	100251	6066	35	1	0	34	9.97476e-06	100253	1	FALSE	NA	NA	NA	NA	NA	NA
NC_045512.2	26672	G	A	100251	6066	35	1	0	34	9.97476e-06	100253	1	FALSE	NA	NA	NA	NA	NA	NA
NC_045512.2	26673	T	G	99925	5799	35	1	0	34	1.00066e-05	99934	1	FALSE	NA	NA	NA	NA	NA	NA
NC_045512.2	26673	T	C	99925	5799	35	7	0	37	7.00462e-05	99934	1	FALSE	NA	NA	NA	NA	NA	NA
NC_045512.2	26673	T	A	99925	5799	35	1	0	34	1.00066e-05	99934	1	FALSE	NA	NA	NA	NA	NA	NA
NC_045512.2	26674	T	G	100340	6099	35	3	0	31	2.98936e-05	100356	1	FALSE	NA	NA	NA	NA	NA	NA
NC_045512.2	26674	T	C	100340	6099	35	12	1	34	0.000119574	100356	1	FALSE	NA	NA	NA	NA	NA	NA
NC_045512.2	26674	T	A	100340	6099	35	1	0	26	9.96453e-06	100356	1	FALSE	NA	NA	NA	NA	NA	NA
NC_045512.2	26675	A	G	100211	6194	35	15	2	43	0.000149662	100226	0.212171	FALSE	NA	NA	NA	NA	NA	NA
NC_045512.2	26676	A	T	100983	6445	35	1	0	34	9.90158e-06	100994	1	FALSE	NA	NA	NA	NA	NA	NA
NC_045512.2	26676	A	G	100983	6445	35	9	0	34	8.91142e-05	100994	1	FALSE	NA	NA	NA	NA	NA	NA
NC_045512.2	26676	A	C	100983	6445	35	1	0	26	9.90158e-06	100994	1	FALSE	NA	NA	NA	NA	NA	NA
NC_045512.2	26676	A	-T	100983	6445	35	10	0	20	9.90158e-05	100994	1	FALSE	NA	NA	NA	NA	NA	NA
NC_045512.2	26677	T	G	102168	6544	35	4	0	34	3.91458e-05	102182	1	FALSE	NA	NA	NA	NA	NA	NA
NC_045512.2	26677	T	C	102168	6544	35	8	0	34	7.82917e-05	102182	1	FALSE	NA	NA	NA	NA	NA	NA
NC_045512.2	26677	T	A	102168	6544	35	2	0	34	1.95729e-05	102182	1	FALSE	NA	NA	NA	NA	NA	NA
NC_045512.2	26678	T	G	102021	6575	35	2	0	34	1.96011e-05	102035	1	FALSE	NA	NA	NA	NA	NA	NA
NC_045512.2	26678	T	C	102021	6575	35	8	0	34	7.84045e-05	102035	1	FALSE	NA	NA	NA	NA	NA	NA
NC_045512.2	26678	T	A	102021	6575	35	4	1	31	3.92022e-05	102035	1	FALSE	NA	NA	NA	NA	NA	NA
NC_045512.2	26679	T	G	102103	6592	36	1	0	34	9.7924e-06	102120	1	FALSE	NA	NA	NA	NA	NA	NA
NC_045512.2	26679	T	C	102103	6592	36	16	2	36	0.000156678	102120	1	FALSE	NA	NA	NA	NA	NA	NA
NC_045512.2	26680	T	C	102388	6595	35	15	2	35	0.00014648	102403	1	FALSE	NA	NA	NA	NA	NA	NA
NC_045512.2	26681	C	T	102521	6611	35	2	0	34	1.95076e-05	102524	1	FALSE	NA	NA	NA	NA	NA	NA
NC_045512.2	26681	C	A	102521	6611	35	1	0	26	9.75381e-06	102524	1	FALSE	NA	NA	NA	NA	NA	NA
NC_045512.2	26682	C	T	102960	7904	36	4	0	34	3.88482e-05	102965	1	FALSE	NA	NA	NA	NA	NA	NA
NC_045512.2	26682	C	G	102960	7904	36	1	0	34	9.71204e-06	102965	1	FALSE	NA	NA	NA	NA	NA	NA
NC_045512.2	26683	T	C	103590	7848	36	7	0	34	6.75689e-05	103598	1	FALSE	NA	NA	NA	NA	NA	NA
NC_045512.2	26683	T	A	103590	7848	36	1	0	26	9.6527e-06	103598	1	FALSE	NA	NA	NA	NA	NA	NA
NC_045512.2	26683	T	+CTGG	103590	7848	36	3	0	20	2.89581e-05	103598	1	FALSE	NA	NA	NA	NA	NA	NA
NC_045512.2	26684	C	T	103687	8036	36	8	3	34	7.71478e-05	103697	1	FALSE	NA	NA	NA	NA	NA	NA
NC_045512.2	26684	C	A	103687	8036	36	2	0	34	1.9287e-05	103697	1	FALSE	NA	NA	NA	NA	NA	NA
NC_045512.2	26685	T	G	103738	7967	36	5	0	32	4.81923e-05	103751	1	FALSE	NA	NA	NA	NA	NA	NA
NC_045512.2	26685	T	C	103738	7967	36	5	0	32	4.81923e-05	103751	1	FALSE	NA	NA	NA	NA	NA	NA
NC_045512.2	26685	T	A	103738	7967	36	3	0	31	2.89154e-05	103751	1	FALSE	NA	NA	NA	NA	NA	NA
NC_045512.2	26685	T	-G	103738	7967	36	1	0	20	9.63846e-06	103751	1	FALSE	NA	NA	NA	NA	NA	NA
NC_045512.2	26686	G	A	105715	8062	36	3	1	30	2.83774e-05	105718	1	FALSE	NA	NA	NA	NA	NA	NA
NC_045512.2	26687	G	A	105989	8085	36	6	1	39	5.66064e-05	105995	1	FALSE	NA	NA	NA	NA	NA	NA
NC_045512.2	26688	C	T	106667	9272	36	8	0	34	7.49906e-05	106680	1	FALSE	NA	NA	NA	NA	NA	NA
NC_045512.2	26688	C	G	106667	9272	36	2	0	34	1.87477e-05	106680	1	FALSE	NA	NA	NA	NA	NA	NA
NC_045512.2	26688	C	A	106667	9272	36	3	2	56	2.81215e-05	106680	0.312467	FALSE	NA	NA	NA	NA	NA	NA
NC_045512.2	26689	T	C	107926	9650	37	3	0	34	2.77961e-05	107929	1	FALSE	NA	NA	NA	NA	NA	NA
NC_045512.2	26690	G	A	115374	9785	37	6	0	34	5.20021e-05	115380	1	FALSE	NA	NA	NA	NA	NA	NA
NC_045512.2	26690	G	-T	115374	9785	37	1	0	20	8.66701e-06	115380	1	FALSE	NA	NA	NA	NA	NA	NA
NC_045512.2	26691	T	C	115189	9967	37	22	1	32	0.000190951	115213	1	FALSE	NA	NA	NA	NA	NA	NA
NC_045512.2	26691	T	A	115189	9967	37	2	0	34	1.73592e-05	115213	1	FALSE	NA	NA	NA	NA	NA	NA
NC_045512.2	26692	T	G	114996	9913	36	4	0	34	3.47717e-05	115036	1	FALSE	NA	NA	NA	NA	NA	NA
NC_045512.2	26692	T	C	114996	9913	36	34	4	39	0.00029556	115036	1	FALSE	NA	NA	NA	NA	NA	NA
NC_045512.2	26692	T	A	114996	9913	36	2	0	34	1.73859e-05	115036	1	FALSE	NA	NA	NA	NA	NA	NA
NC_045512.2	26693	A	T	69292	10090	34	35	1	29	0.00050481	69333	1	FALSE	NA	NA	NA	NA	NA	NA
NC_045512.2	26693	A	G	69292	10090	34	6	0	34	8.65389e-05	69333	1	FALSE	NA	NA	NA	NA	NA	NA
NC_045512.2	26694	T	G	115596	10023	37	11	0	31	9.51442e-05	115614	1	FALSE	NA	NA	NA	NA	NA	NA
NC_045512.2	26694	T	A	115596	10023	37	7	0	34	6.05463e-05	115614	1	FALSE	NA	NA	NA	NA	NA	NA
NC_045512.2	26695	G	T	116158	10044	37	1	0	34	8.60807e-06	116170	1	FALSE	NA	NA	NA	NA	NA	NA
NC_045512.2	26695	G	C	116158	10044	37	1	0	34	8.60807e-06	116170	1	FALSE	NA	NA	NA	NA	NA	NA
NC_045512.2	26695	G	A	116158	10044	37	10	1	33	8.60807e-05	116170	1	FALSE	NA	NA	NA	NA	NA	NA
NC_045512.2	26696	G	T	117296	10936	37	3	0	34	2.55735e-05	117309	1	FALSE	NA	NA	NA	NA	NA	NA
NC_045512.2	26696	G	A	117296	10936	37	10	1	34	8.5245e-05	117309	1	FALSE	NA	NA	NA	NA	NA	NA
NC_045512.2	26696	G	-C	117296	10936	37	1	0	20	8.5245e-06	117309	1	FALSE	NA	NA	NA	NA	NA	NA
NC_045512.2	26697	C	T	117355	11149	37	33	3	39	0.00028109	117400	1	FALSE	NA	NA	NA	NA	NA	NA
NC_045512.2	26697	C	G	117355	11149	37	8	0	34	6.81431e-05	117400	1	FALSE	NA	NA	NA	NA	NA	NA
NC_045512.2	26697	C	A	117355	11149	37	4	0	34	3.40716e-05	117400	1	FALSE	NA	NA	NA	NA	NA	NA
NC_045512.2	26698	C	T	118103	11184	37	7	0	34	5.92633e-05	118117	1	FALSE	NA	NA	NA	NA	NA	NA
NC_045512.2	26698	C	G	118103	11184	37	1	0	26	8.46618e-06	118117	1	FALSE	NA	NA	NA	NA	NA	NA
NC_045512.2	26698	C	A	118103	11184	37	6	0	34	5.07971e-05	118117	1	FALSE	NA	NA	NA	NA	NA	NA
NC_045512.2	26699	A	T	117996	11154	37	4	0	51	3.38885e-05	118034	0.18741	FALSE	NA	NA	NA	NA	NA	NA
NC_045512.2	26699	A	G	117996	11154	37	27	1	33	0.000228748	118034	1	FALSE	NA	NA	NA	NA	NA	NA
NC_045512.2	26699	A	C	117996	11154	37	7	0	34	5.93049e-05	118034	1	FALSE	NA	NA	NA	NA	NA	NA
NC_045512.2	26700	G	T	124841	11333	37	1	0	34	8.00884e-06	124862	1	FALSE	NA	NA	NA	NA	NA	NA
NC_045512.2	26700	G	C	124841	11333	37	1	0	26	8.00884e-06	124862	1	FALSE	NA	NA	NA	NA	NA	NA
NC_045512.2	26700	G	A	124841	11333	37	19	5	36	0.000152168	124862	1	FALSE	NA	NA	NA	NA	NA	NA
NC_045512.2	26701	T	G	125196	13043	38	3	0	30	2.39596e-05	125211	1	FALSE	NA	NA	NA	NA	NA	NA
NC_045512.2	26701	T	C	125196	13043	38	9	3	34	7.18787e-05	125211	1	FALSE	NA	NA	NA	NA	NA	NA
NC_045512.2	26701	T	A	125196	13043	38	3	0	31	2.39596e-05	125211	1	FALSE	NA	NA	NA	NA	NA	NA
NC_045512.2	26701	T	-A	125196	13043	38	1	0	20	7.98652e-06	125211	1	FALSE	NA	NA	NA	NA	NA	NA
NC_045512.2	26702	A	T	125325	13066	37	3	0	26	2.39355e-05	125337	1	FALSE	NA	NA	NA	NA	NA	NA
NC_045512.2	26702	A	G	125325	13066	37	8	0	38	6.38279e-05	125337	1	FALSE	NA	NA	NA	NA	NA	NA
NC_045512.2	26702	A	C	125325	13066	37	1	1	26	7.97849e-06	125337	1	FALSE	NA	NA	NA	NA	NA	NA
NC_045512.2	26703	A	G	127041	13100	37	4	0	32	3.14849e-05	127045	1	FALSE	NA	NA	NA	NA	NA	NA
NC_045512.2	26704	C	T	124733	12909	38	3779	292	36	0.0294056	128513	0	TRUE	NA	NA	NA	NA	NA	NA
NC_045512.2	26704	C	A	124733	12909	38	1	0	34	7.78131e-06	128513	1	FALSE	NA	NA	NA	NA	NA	NA
NC_045512.2	26704	C	-T	124733	12909	38	1	0	20	7.78131e-06	128513	1	FALSE	NA	NA	NA	NA	NA	NA
NC_045512.2	26705	T	G	128625	13893	38	1	0	34	7.77351e-06	128642	1	FALSE	NA	NA	NA	NA	NA	NA
NC_045512.2	26705	T	C	128625	13893	38	10	3	44	7.77351e-05	128642	0.738234	FALSE	NA	NA	NA	NA	NA	NA
NC_045512.2	26705	T	A	128625	13893	38	6	0	37	4.66411e-05	128642	1	FALSE	NA	NA	NA	NA	NA	NA
NC_045512.2	26706	T	G	128433	14038	38	2	1	25	1.55717e-05	128438	1	FALSE	NA	NA	NA	NA	NA	NA
NC_045512.2	26706	T	C	128433	14038	38	3	0	34	2.33576e-05	128438	1	FALSE	NA	NA	NA	NA	NA	NA
NC_045512.2	26707	T	G	122580	14791	38	6	0	34	4.89416e-05	122595	1	FALSE	NA	NA	NA	NA	NA	NA
NC_045512.2	26707	T	C	122580	14791	38	8	0	34	6.52555e-05	122595	1	FALSE	NA	NA	NA	NA	NA	NA
NC_045512.2	26707	T	A	122580	14791	38	1	0	34	8.15694e-06	122595	1	FALSE	NA	NA	NA	NA	NA	NA
NC_045512.2	26708	A	T	123178	14794	38	4	1	32	3.24696e-05	123192	1	FALSE	NA	NA	NA	NA	NA	NA
NC_045512.2	26708	A	G	123178	14794	38	8	2	37	6.49393e-05	123192	1	FALSE	NA	NA	NA	NA	NA	NA
NC_045512.2	26708	A	C	123178	14794	38	2	2	27	1.62348e-05	123192	1	FALSE	NA	NA	NA	NA	NA	NA
NC_045512.2	26709	G	T	17	1	36	2	1	34	1.67657e-05	119291	0.000172469	TRUE	NA	NA	NA	NA	NA	NA
NC_045512.2	26709	G	A	17	1	36	119272	15277	37	0.999841	119291	0	TRUE	NA	NA	NA	NA	NA	NA
NC_045512.2	26710	C	T	120837	15916	38	1	0	68	8.27513e-06	120844	0.49999	FALSE	NA	NA	NA	NA	NA	NA
NC_045512.2	26710	C	G	120837	15916	38	2	0	30	1.65503e-05	120844	1	FALSE	NA	NA	NA	NA	NA	NA
NC_045512.2	26710	C	A	120837	15916	38	4	0	32	3.31005e-05	120844	1	FALSE	NA	NA	NA	NA	NA	NA
NC_045512.2	26711	T	G	120774	15867	38	1	0	34	8.27911e-06	120786	1	FALSE	NA	NA	NA	NA	NA	NA
NC_045512.2	26711	T	C	120774	15867	38	11	4	45	9.10702e-05	120786	0.661188	FALSE	NA	NA	NA	NA	NA	NA
NC_045512.2	26712	T	G	120615	15800	38	3	0	34	2.48703e-05	120626	1	FALSE	NA	NA	NA	NA	NA	NA
NC_045512.2	26712	T	C	120615	15800	38	7	0	32	5.80306e-05	120626	1	FALSE	NA	NA	NA	NA	NA	NA
NC_045512.2	26712	T	A	120615	15800	38	1	0	34	8.29009e-06	120626	1	FALSE	NA	NA	NA	NA	NA	NA
NC_045512.2	26713	G	C	124065	15687	38	1	0	26	8.05997e-06	124070	1	FALSE	NA	NA	NA	NA	NA	NA
NC_045512.2	26713	G	A	124065	15687	38	4	2	40	3.22399e-05	124070	0.989367	FALSE	NA	NA	NA	NA	NA	NA
NC_045512.2	26713	G	-T	124065	15687	38	3	0	20	2.41799e-05	124070	1	FALSE	NA	NA	NA	NA	NA	NA
NC_045512.2	26713	G	+T	124065	15687	38	1	0	20	8.05997e-06	124070	1	FALSE	NA	NA	NA	NA	NA	NA
NC_045512.2	26714	T	G	124141	16068	38	1	0	26	8.0551e-06	124145	1	FALSE	NA	NA	NA	NA	NA	NA
NC_045512.2	26714	T	C	124141	16068	38	3	0	34	2.41653e-05	124145	1	FALSE	NA	NA	NA	NA	NA	NA
NC_045512.2	26715	T	G	122212	15914	37	2	0	30	1.6363e-05	122227	1	FALSE	NA	NA	NA	NA	NA	NA
NC_045512.2	26715	T	C	122212	15914	37	12	0	33	9.8178e-05	122227	1	FALSE	NA	NA	NA	NA	NA	NA
NC_045512.2	26715	T	A	122212	15914	37	1	0	34	8.1815e-06	122227	1	FALSE	NA	NA	NA	NA	NA	NA
NC_045512.2	26716	T	C	112120	18120	38	6	3	34	5.35098e-05	112129	1	FALSE	NA	NA	NA	NA	NA	NA
NC_045512.2	26716	T	A	112120	18120	38	3	1	34	2.67549e-05	112129	1	FALSE	NA	NA	NA	NA	NA	NA
NC_045512.2	26717	T	C	111929	18162	38	9	1	34	8.04002e-05	111940	1	FALSE	NA	NA	NA	NA	NA	NA
NC_045512.2	26717	T	A	111929	18162	38	2	0	30	1.78667e-05	111940	1	FALSE	NA	NA	NA	NA	NA	NA
NC_045512.2	26718	G	T	112441	18164	38	4	0	34	3.55707e-05	112452	1	FALSE	NA	NA	NA	NA	NA	NA
NC_045512.2	26718	G	C	112441	18164	38	1	0	34	8.89268e-06	112452	1	FALSE	NA	NA	NA	NA	NA	NA
NC_045512.2	26718	G	A	112441	18164	38	6	0	38	5.33561e-05	112452	1	FALSE	NA	NA	NA	NA	NA	NA
NC_045512.2	26719	T	G	113831	21229	38	1	0	34	8.78418e-06	113841	1	FALSE	NA	NA	NA	NA	NA	NA
NC_045512.2	26719	T	C	113831	21229	38	7	3	37	6.14893e-05	113841	1	FALSE	NA	NA	NA	NA	NA	NA
NC_045512.2	26719	T	A	113831	21229	38	2	0	34	1.75684e-05	113841	1	FALSE	NA	NA	NA	NA	NA	NA
NC_045512.2	26720	G	C	114717	21189	38	2	1	26	1.74309e-05	114739	1	FALSE	NA	NA	NA	NA	NA	NA
NC_045512.2	26720	G	A	114717	21189	38	20	6	37	0.000174309	114739	1	FALSE	NA	NA	NA	NA	NA	NA
NC_045512.2	26721	C	T	105289	22462	38	24	1	39	0.000227888	105315	1	FALSE	NA	NA	NA	NA	NA	NA
NC_045512.2	26721	C	A	105289	22462	38	2	0	47	1.89906e-05	105315	0.996823	FALSE	NA	NA	NA	NA	NA	NA
NC_045512.2	26722	T	C	106222	22458	38	5	0	34	4.7069e-05	106227	1	FALSE	NA	NA	NA	NA	NA	NA
NC_045512.2	26723	T	G	106246	22569	38	5	0	30	4.7054e-05	106261	1	FALSE	NA	NA	NA	NA	NA	NA
NC_045512.2	26723	T	C	106246	22569	38	9	3	37	8.46971e-05	106261	1	FALSE	NA	NA	NA	NA	NA	NA
NC_045512.2	26723	T	A	106246	22569	38	1	0	34	9.41079e-06	106261	1	FALSE	NA	NA	NA	NA	NA	NA
NC_045512.2	26724	G	T	105852	22613	38	3	1	34	2.83388e-05	105862	1	FALSE	NA	NA	NA	NA	NA	NA
NC_045512.2	26724	G	A	105852	22613	38	7	2	48	6.61238e-05	105862	0.833847	FALSE	NA	NA	NA	NA	NA	NA
NC_045512.2	26725	C	T	105111	22817	38	13	1	41	0.000123655	105131	0.338761	FALSE	NA	NA	NA	NA	NA	NA
NC_045512.2	26725	C	G	105111	22817	38	2	2	30	1.90239e-05	105131	1	FALSE	NA	NA	NA	NA	NA	NA
NC_045512.2	26725	C	A	105111	22817	38	5	0	32	4.75597e-05	105131	1	FALSE	NA	NA	NA	NA	NA	NA
NC_045512.2	26726	T	G	106810	24773	38	3	0	34	2.8082e-05	106830	1	FALSE	NA	NA	NA	NA	NA	NA
NC_045512.2	26726	T	C	106810	24773	38	14	8	35	0.000131049	106830	1	FALSE	NA	NA	NA	NA	NA	NA
NC_045512.2	26726	T	A	106810	24773	38	3	0	31	2.8082e-05	106830	1	FALSE	NA	NA	NA	NA	NA	NA
NC_045512.2	26727	G	T	108947	24608	38	1	0	34	9.1776e-06	108961	1	FALSE	NA	NA	NA	NA	NA	NA
NC_045512.2	26727	G	C	108947	24608	38	1	0	26	9.1776e-06	108961	1	FALSE	NA	NA	NA	NA	NA	NA
NC_045512.2	26727	G	A	108947	24608	38	12	2	38	0.000110131	108961	1	FALSE	NA	NA	NA	NA	NA	NA
NC_045512.2	26727	G	-C	108947	24608	38	1	0	20	9.1776e-06	108961	1	FALSE	NA	NA	NA	NA	NA	NA
NC_045512.2	26728	C	T	105338	25557	38	12	1	41	0.000113904	105352	0.415884	FALSE	NA	NA	NA	NA	NA	NA
NC_045512.2	26728	C	G	105338	25557	38	1	1	68	9.49199e-06	105352	0.499969	FALSE	NA	NA	NA	NA	NA	NA
NC_045512.2	26728	C	A	105338	25557	38	1	0	27	9.49199e-06	105352	1	FALSE	NA	NA	NA	NA	NA	NA
NC_045512.2	26729	T	G	105971	25427	38	2	2	34	1.88674e-05	106003	1	FALSE	NA	NA	NA	NA	NA	NA
NC_045512.2	26729	T	C	105971	25427	38	30	5	40	0.000283011	106003	0.00110957	TRUE	NA	NA	NA	NA	NA	NA
NC_045512.2	26730	G	T	106505	25381	38	3	0	31	2.81658e-05	106512	1	FALSE	NA	NA	NA	NA	NA	NA
NC_045512.2	26730	G	C	106505	25381	38	1	1	34	9.38861e-06	106512	1	FALSE	NA	NA	NA	NA	NA	NA
NC_045512.2	26730	G	A	106505	25381	38	3	1	31	2.81658e-05	106512	1	FALSE	NA	NA	NA	NA	NA	NA
NC_045512.2	26731	T	G	101842	20809	37	5	1	36	4.90904e-05	101853	1	FALSE	NA	NA	NA	NA	NA	NA
NC_045512.2	26731	T	C	101842	20809	37	4	3	34	3.92723e-05	101853	1	FALSE	NA	NA	NA	NA	NA	NA
NC_045512.2	26731	T	A	101842	20809	37	2	0	34	1.96361e-05	101853	1	FALSE	NA	NA	NA	NA	NA	NA
NC_045512.2	26732	T	G	107406	25496	38	11	0	31	0.000102397	107425	1	FALSE	NA	NA	NA	NA	NA	NA
NC_045512.2	26732	T	C	107406	25496	38	5	2	40	4.65441e-05	107425	0.940744	FALSE	NA	NA	NA	NA	NA	NA
NC_045512.2	26732	T	A	107406	25496	38	3	1	31	2.79265e-05	107425	1	FALSE	NA	NA	NA	NA	NA	NA
NC_045512.2	26733	T	G	107461	25486	38	4	0	32	3.72193e-05	107471	1	FALSE	NA	NA	NA	NA	NA	NA
NC_045512.2	26733	T	C	107461	25486	38	5	2	38	4.65242e-05	107471	1	FALSE	NA	NA	NA	NA	NA	NA
NC_045512.2	26733	T	A	107461	25486	38	1	0	34	9.30484e-06	107471	1	FALSE	NA	NA	NA	NA	NA	NA
NC_045512.2	26734	A	T	107041	25317	38	2	0	34	1.86815e-05	107058	1	FALSE	NA	NA	NA	NA	NA	NA
NC_045512.2	26734	A	G	107041	25317	38	15	3	34	0.000140111	107058	1	FALSE	NA	NA	NA	NA	NA	NA
NC_045512.2	26735	C	T	103695	25782	38	7	1	34	6.74998e-05	103704	1	FALSE	NA	NA	NA	NA	NA	NA
NC_045512.2	26735	C	G	103695	25782	38	2	1	34	1.92857e-05	103704	1	FALSE	NA	NA	NA	NA	NA	NA
NC_045512.2	26736	A	T	103036	25098	38	1	0	34	9.7044e-06	103046	1	FALSE	NA	NA	NA	NA	NA	NA
NC_045512.2	26736	A	G	103036	25098	38	8	5	51	7.76352e-05	103046	0.0195285	FALSE	NA	NA	NA	NA	NA	NA
NC_045512.2	26736	A	C	103036	25098	38	1	1	27	9.7044e-06	103046	1	FALSE	NA	NA	NA	NA	NA	NA
NC_045512.2	26737	G	T	106945	25206	38	3	1	56	2.80487e-05	106957	0.31247	FALSE	NA	NA	NA	NA	NA	NA
NC_045512.2	26737	G	C	106945	25206	38	1	0	34	9.34955e-06	106957	1	FALSE	NA	NA	NA	NA	NA	NA
NC_045512.2	26737	G	A	106945	25206	38	8	5	42	7.47964e-05	106957	0.759649	FALSE	NA	NA	NA	NA	NA	NA
NC_045512.2	26738	A	T	108676	28082	38	5	3	39	4.59969e-05	108703	1	FALSE	NA	NA	NA	NA	NA	NA
NC_045512.2	26738	A	G	108676	28082	38	21	2	44	0.000193187	108703	0.0353578	FALSE	NA	NA	NA	NA	NA	NA
NC_045512.2	26738	A	C	108676	28082	38	1	0	34	9.19938e-06	108703	1	FALSE	NA	NA	NA	NA	NA	NA
NC_045512.2	26739	A	T	108235	28243	38	1	1	34	9.23728e-06	108257	1	FALSE	NA	NA	NA	NA	NA	NA
NC_045512.2	26739	A	G	108235	28243	38	19	1	33	0.000175508	108257	1	FALSE	NA	NA	NA	NA	NA	NA
NC_045512.2	26739	A	C	108235	28243	38	2	2	30	1.84746e-05	108257	1	FALSE	NA	NA	NA	NA	NA	NA
NC_045512.2	26740	T	G	107263	28596	38	1	0	34	9.32166e-06	107277	1	FALSE	NA	NA	NA	NA	NA	NA
NC_045512.2	26740	T	C	107263	28596	38	12	4	39	0.00011186	107277	1	FALSE	NA	NA	NA	NA	NA	NA
NC_045512.2	26740	T	A	107263	28596	38	1	0	26	9.32166e-06	107277	1	FALSE	NA	NA	NA	NA	NA	NA
NC_045512.2	26741	A	G	105383	28399	38	5	1	47	4.74433e-05	105389	0.940772	FALSE	NA	NA	NA	NA	NA	NA
NC_045512.2	26741	A	C	105383	28399	38	1	0	26	9.48866e-06	105389	1	FALSE	NA	NA	NA	NA	NA	NA
NC_045512.2	26742	A	T	106033	28760	38	4	1	32	3.77202e-05	106044	1	FALSE	NA	NA	NA	NA	NA	NA
NC_045512.2	26742	A	G	106033	28760	38	7	1	32	6.60103e-05	106044	1	FALSE	NA	NA	NA	NA	NA	NA
NC_045512.2	26743	A	G	104187	28851	38	7	0	38	6.71811e-05	104196	1	FALSE	NA	NA	NA	NA	NA	NA
NC_045512.2	26743	A	C	104187	28851	38	2	1	34	1.91946e-05	104196	1	FALSE	NA	NA	NA	NA	NA	NA
NC_045512.2	26744	T	G	106081	28860	38	2	1	47	1.885e-05	106101	0.996824	FALSE	NA	NA	NA	NA	NA	NA
NC_045512.2	26744	T	C	106081	28860	38	13	1	36	0.000122525	106101	1	FALSE	NA	NA	NA	NA	NA	NA
NC_045512.2	26744	T	A	106081	28860	38	5	0	32	4.71249e-05	106101	1	FALSE	NA	NA	NA	NA	NA	NA
NC_045512.2	26745	T	C	105774	29407	38	27	8	35	0.000255189	105804	1	FALSE	NA	NA	NA	NA	NA	NA
NC_045512.2	26745	T	A	105774	29407	38	3	0	31	2.83543e-05	105804	1	FALSE	NA	NA	NA	NA	NA	NA
NC_045512.2	26746	G	C	103453	28281	38	2	1	51	1.93306e-05	103463	0.499975	FALSE	NA	NA	NA	NA	NA	NA
NC_045512.2	26746	G	A	103453	28281	38	8	3	38	7.73223e-05	103463	1	FALSE	NA	NA	NA	NA	NA	NA
NC_045512.2	26747	G	T	103082	28289	38	1	0	46	9.70045e-06	103088	0.999512	FALSE	NA	NA	NA	NA	NA	NA
NC_045512.2	26747	G	C	103082	28289	38	4	3	31	3.88018e-05	103088	1	FALSE	NA	NA	NA	NA	NA	NA
NC_045512.2	26747	G	A	103082	28289	38	1	0	68	9.70045e-06	103088	0.49999	FALSE	NA	NA	NA	NA	NA	NA
NC_045512.2	26748	A	T	98380	28644	38	1	0	68	1.01636e-05	98390	0.49998	FALSE	NA	NA	NA	NA	NA	NA
NC_045512.2	26748	A	G	98380	28644	38	9	3	40	9.14727e-05	98390	0.59274	FALSE	NA	NA	NA	NA	NA	NA
NC_045512.2	26749	T	C	96157	30470	38	4	2	34	4.15965e-05	96162	1	FALSE	NA	NA	NA	NA	NA	NA
NC_045512.2	26749	T	A	96157	30470	38	1	0	34	1.03991e-05	96162	1	FALSE	NA	NA	NA	NA	NA	NA
NC_045512.2	26750	C	T	96171	30880	38	6	2	44	6.23837e-05	96179	0.849126	FALSE	NA	NA	NA	NA	NA	NA
NC_045512.2	26750	C	G	96171	30880	38	1	0	34	1.03973e-05	96179	1	FALSE	NA	NA	NA	NA	NA	NA
NC_045512.2	26750	C	A	96171	30880	38	1	0	26	1.03973e-05	96179	1	FALSE	NA	NA	NA	NA	NA	NA
NC_045512.2	26751	A	T	96131	30690	38	3	2	28	3.12035e-05	96143	1	FALSE	NA	NA	NA	NA	NA	NA
NC_045512.2	26751	A	G	96131	30690	38	9	1	48	9.36106e-05	96143	0.592722	FALSE	NA	NA	NA	NA	NA	NA
NC_045512.2	26752	C	T	95446	31253	38	3	1	34	3.14304e-05	95449	1	FALSE	NA	NA	NA	NA	NA	NA
NC_045512.2	26753	C	T	83596	32589	37	1982	806	36	0.0231593	85581	0	TRUE	NA	NA	NA	NA	NA	NA
NC_045512.2	26753	C	A	83596	32589	37	3	2	34	3.50545e-05	85581	1	FALSE	NA	NA	NA	NA	NA	NA
NC_045512.2	26753	C	-G	83596	32589	37	1	0	20	1.16848e-05	85581	1	FALSE	NA	NA	NA	NA	NA	NA
NC_045512.2	26754	G	T	85653	33363	37	1	1	34	1.1673e-05	85668	1	FALSE	NA	NA	NA	NA	NA	NA
NC_045512.2	26754	G	A	85653	33363	37	14	8	36	0.000163422	85668	1	FALSE	NA	NA	NA	NA	NA	NA
NC_045512.2	26755	G	T	86486	33571	37	1	0	34	1.15615e-05	86494	1	FALSE	NA	NA	NA	NA	NA	NA
NC_045512.2	26755	G	A	86486	33571	37	7	1	43	8.09305e-05	86494	0.696389	FALSE	NA	NA	NA	NA	NA	NA
NC_045512.2	26756	T	C	86420	33556	37	8	2	38	9.25605e-05	86430	1	FALSE	NA	NA	NA	NA	NA	NA
NC_045512.2	26756	T	A	86420	33556	37	2	0	26	2.31401e-05	86430	1	FALSE	NA	NA	NA	NA	NA	NA
NC_045512.2	26757	G	T	86467	33318	37	3	1	28	3.46929e-05	86473	1	FALSE	NA	NA	NA	NA	NA	NA
NC_045512.2	26757	G	C	86467	33318	37	3	3	31	3.46929e-05	86473	1	FALSE	NA	NA	NA	NA	NA	NA
NC_045512.2	26758	G	C	86661	33748	37	1	0	34	1.15387e-05	86665	1	FALSE	NA	NA	NA	NA	NA	NA
NC_045512.2	26758	G	A	86661	33748	37	3	2	31	3.46161e-05	86665	1	FALSE	NA	NA	NA	NA	NA	NA
NC_045512.2	26759	A	T	86063	33906	36	1	1	34	1.16172e-05	86079	1	FALSE	NA	NA	NA	NA	NA	NA
NC_045512.2	26759	A	G	86063	33906	36	15	6	40	0.000174259	86079	0.105005	FALSE	NA	NA	NA	NA	NA	NA
NC_045512.2	26760	A	G	86822	34014	37	11	1	33	0.000126678	86834	1	FALSE	NA	NA	NA	NA	NA	NA
NC_045512.2	26760	A	C	86822	34014	37	1	0	34	1.15162e-05	86834	1	FALSE	NA	NA	NA	NA	NA	NA
NC_045512.2	26761	T	C	81779	34133	37	8	5	34	9.78091e-05	81792	1	FALSE	NA	NA	NA	NA	NA	NA
NC_045512.2	26761	T	A	81779	34133	37	5	0	34	6.11307e-05	81792	1	FALSE	NA	NA	NA	NA	NA	NA
NC_045512.2	26762	T	G	81122	34419	36	3	1	31	3.69727e-05	81141	1	FALSE	NA	NA	NA	NA	NA	NA
NC_045512.2	26762	T	C	81122	34419	36	16	8	32	0.000197188	81141	1	FALSE	NA	NA	NA	NA	NA	NA
NC_045512.2	26763	G	T	81710	34535	37	3	0	34	3.67116e-05	81718	1	FALSE	NA	NA	NA	NA	NA	NA
NC_045512.2	26763	G	A	81710	34535	37	5	2	34	6.1186e-05	81718	1	FALSE	NA	NA	NA	NA	NA	NA
NC_045512.2	26764	C	T	81334	35697	37	8	0	38	9.83465e-05	81345	1	FALSE	NA	NA	NA	NA	NA	NA
NC_045512.2	26764	C	G	81334	35697	37	2	0	34	2.45866e-05	81345	1	FALSE	NA	NA	NA	NA	NA	NA
NC_045512.2	26764	C	A	81334	35697	37	1	0	34	1.22933e-05	81345	1	FALSE	NA	NA	NA	NA	NA	NA
NC_045512.2	26765	T	G	79618	33857	37	2	0	34	2.51171e-05	79627	1	FALSE	NA	NA	NA	NA	NA	NA
NC_045512.2	26765	T	C	79618	33857	37	7	3	34	8.79099e-05	79627	1	FALSE	NA	NA	NA	NA	NA	NA
NC_045512.2	26766	A	T	81433	35597	37	5	3	34	6.13949e-05	81440	1	FALSE	NA	NA	NA	NA	NA	NA
NC_045512.2	26766	A	C	81433	35597	37	2	1	30	2.4558e-05	81440	1	FALSE	NA	NA	NA	NA	NA	NA
NC_045512.2	26767	T	G	81115	35429	37	1	0	34	1.23271e-05	81122	1	FALSE	NA	NA	NA	NA	NA	NA
NC_045512.2	26767	T	C	81115	35429	37	5	3	34	6.16356e-05	81122	1	FALSE	NA	NA	NA	NA	NA	NA
NC_045512.2	26767	T	A	81115	35429	37	1	1	34	1.23271e-05	81122	1	FALSE	NA	NA	NA	NA	NA	NA
NC_045512.2	26768	C	T	82019	35715	37	9	1	33	0.000109716	82030	1	FALSE	NA	NA	NA	NA	NA	NA
NC_045512.2	26768	C	G	82019	35715	37	1	0	34	1.21907e-05	82030	1	FALSE	NA	NA	NA	NA	NA	NA
NC_045512.2	26768	C	A	82019	35715	37	1	0	34	1.21907e-05	82030	1	FALSE	NA	NA	NA	NA	NA	NA
NC_045512.2	26769	G	T	82269	35634	37	2	1	29	2.43022e-05	82297	1	FALSE	NA	NA	NA	NA	NA	NA
NC_045512.2	26769	G	A	82269	35634	37	26	9	35	0.000315929	82297	1	FALSE	NA	NA	NA	NA	NA	NA
NC_045512.2	26770	C	T	82238	35745	37	1	1	60	1.21597e-05	82239	0.500003	FALSE	NA	NA	NA	NA	NA	NA
NC_045512.2	26771	A	T	81987	35468	37	1	1	34	1.21948e-05	82002	1	FALSE	NA	NA	NA	NA	NA	NA
NC_045512.2	26771	A	G	81987	35468	37	14	7	38	0.000170728	82002	1	FALSE	NA	NA	NA	NA	NA	NA
NC_045512.2	26772	A	G	81477	35583	37	6	3	39	7.3635e-05	81483	1	FALSE	NA	NA	NA	NA	NA	NA
NC_045512.2	26773	T	G	81479	35865	37	1	0	34	1.22722e-05	81485	1	FALSE	NA	NA	NA	NA	NA	NA
NC_045512.2	26773	T	C	81479	35865	37	4	2	32	4.90888e-05	81485	1	FALSE	NA	NA	NA	NA	NA	NA
NC_045512.2	26773	T	A	81479	35865	37	1	0	34	1.22722e-05	81485	1	FALSE	NA	NA	NA	NA	NA	NA
NC_045512.2	26774	G	T	84523	35855	37	1	0	34	1.183e-05	84531	1	FALSE	NA	NA	NA	NA	NA	NA
NC_045512.2	26774	G	A	84523	35855	37	7	2	50	8.28099e-05	84531	0.00781153	TRUE	NA	NA	NA	NA	NA	NA
NC_045512.2	26775	G	T	84425	35859	37	2	2	34	2.36852e-05	84441	1	FALSE	NA	NA	NA	NA	NA	NA
NC_045512.2	26775	G	C	84425	35859	37	1	1	26	1.18426e-05	84441	1	FALSE	NA	NA	NA	NA	NA	NA
NC_045512.2	26775	G	A	84425	35859	37	13	4	32	0.000153954	84441	1	FALSE	NA	NA	NA	NA	NA	NA
NC_045512.2	26776	C	T	82428	36339	37	1680	652	35	0.0199743	84108	0	TRUE	NA	NA	NA	NA	NA	NA
NC_045512.2	26776	C	-T	82428	36339	37	1	0	20	1.18895e-05	84108	1	FALSE	NA	NA	NA	NA	NA	NA
NC_045512.2	26777	T	G	103253	59334	38	22	10	44	0.00021297	103301	0.0250009	FALSE	NA	NA	NA	NA	NA	NA
NC_045512.2	26777	T	C	103253	59334	38	17	13	36	0.000164568	103301	1	FALSE	NA	NA	NA	NA	NA	NA
NC_045512.2	26777	T	A	103253	59334	38	9	5	45	8.7124e-05	103301	0.675905	FALSE	NA	NA	NA	NA	NA	NA
NC_045512.2	26778	T	G	103513	59863	38	2	0	30	1.93183e-05	103529	1	FALSE	NA	NA	NA	NA	NA	NA
NC_045512.2	26778	T	C	103513	59863	38	14	7	32	0.000135228	103529	1	FALSE	NA	NA	NA	NA	NA	NA
NC_045512.2	26779	G	T	106747	60177	38	4	3	32	3.74693e-05	106754	1	FALSE	NA	NA	NA	NA	NA	NA
NC_045512.2	26779	G	C	106747	60177	38	1	0	26	9.36733e-06	106754	1	FALSE	NA	NA	NA	NA	NA	NA
NC_045512.2	26779	G	A	106747	60177	38	2	0	34	1.87347e-05	106754	1	FALSE	NA	NA	NA	NA	NA	NA
NC_045512.2	26780	T	G	106980	60553	38	2	1	30	1.86933e-05	106990	1	FALSE	NA	NA	NA	NA	NA	NA
NC_045512.2	26780	T	C	106980	60553	38	6	4	34	5.608e-05	106990	1	FALSE	NA	NA	NA	NA	NA	NA
NC_045512.2	26780	T	A	106980	60553	38	2	2	30	1.86933e-05	106990	1	FALSE	NA	NA	NA	NA	NA	NA
NC_045512.2	26780	T	-C	106980	60553	38	1	0	20	9.34667e-06	106990	1	FALSE	NA	NA	NA	NA	NA	NA
NC_045512.2	26781	C	T	107504	60985	38	1	1	34	9.30155e-06	107509	1	FALSE	NA	NA	NA	NA	NA	NA
NC_045512.2	26781	C	G	107504	60985	38	1	0	34	9.30155e-06	107509	1	FALSE	NA	NA	NA	NA	NA	NA
NC_045512.2	26781	C	A	107504	60985	38	3	0	45	2.79046e-05	107509	0.988771	FALSE	NA	NA	NA	NA	NA	NA
NC_045512.2	26781	C	-T	107504	60985	38	1	0	20	9.30146e-06	107510	1	FALSE	NA	NA	NA	NA	NA	NA
NC_045512.2	26782	T	G	108130	61441	38	9	0	33	8.32254e-05	108140	1	FALSE	NA	NA	NA	NA	NA	NA
NC_045512.2	26782	T	C	108130	61441	38	1	0	34	9.24727e-06	108140	1	FALSE	NA	NA	NA	NA	NA	NA
NC_045512.2	26783	T	G	105708	59219	38	2	0	30	1.89181e-05	105719	1	FALSE	NA	NA	NA	NA	NA	NA
NC_045512.2	26783	T	C	105708	59219	38	9	7	41	8.51313e-05	105719	0.676197	FALSE	NA	NA	NA	NA	NA	NA
NC_045512.2	26784	G	T	105775	59172	38	3	3	42	2.83602e-05	105782	0.98877	FALSE	NA	NA	NA	NA	NA	NA
NC_045512.2	26784	G	C	105775	59172	38	2	2	34	1.89068e-05	105782	1	FALSE	NA	NA	NA	NA	NA	NA
NC_045512.2	26784	G	A	105775	59172	38	2	2	34	1.89068e-05	105782	1	FALSE	NA	NA	NA	NA	NA	NA
NC_045512.2	26785	T	G	106577	60396	39	1	1	34	9.38201e-06	106587	1	FALSE	NA	NA	NA	NA	NA	NA
NC_045512.2	26785	T	C	106577	60396	39	5	1	40	4.691e-05	106587	0.940763	FALSE	NA	NA	NA	NA	NA	NA
NC_045512.2	26785	T	A	106577	60396	39	4	0	34	3.7528e-05	106587	1	FALSE	NA	NA	NA	NA	NA	NA
NC_045512.2	26786	A	T	106698	60586	39	7	6	34	6.55787e-05	106742	1	FALSE	NA	NA	NA	NA	NA	NA
NC_045512.2	26786	A	G	106698	60586	39	36	18	33	0.000337262	106742	1	FALSE	NA	NA	NA	NA	NA	NA
NC_045512.2	26786	A	C	106698	60586	39	1	1	24	9.36838e-06	106742	1	FALSE	NA	NA	NA	NA	NA	NA
NC_045512.2	26786	A	-GGCTT	106698	60586	39	1	0	20	9.36838e-06	106742	1	FALSE	NA	NA	NA	NA	NA	NA
NC_045512.2	26787	G	T	107419	61063	38	2	0	34	1.86176e-05	107425	1	FALSE	NA	NA	NA	NA	NA	NA
NC_045512.2	26787	G	C	107419	61063	38	1	0	34	9.30882e-06	107425	1	FALSE	NA	NA	NA	NA	NA	NA
NC_045512.2	26787	G	A	107419	61063	38	3	3	34	2.79265e-05	107425	1	FALSE	NA	NA	NA	NA	NA	NA
NC_045512.2	26788	G	T	109936	64762	39	3	0	34	2.72871e-05	109942	1	FALSE	NA	NA	NA	NA	NA	NA
NC_045512.2	26788	G	A	109936	64762	39	3	1	34	2.72871e-05	109942	1	FALSE	NA	NA	NA	NA	NA	NA
NC_045512.2	26789	C	T	105383	66684	38	6	5	28	5.69298e-05	105393	1	FALSE	NA	NA	NA	NA	NA	NA
NC_045512.2	26789	C	G	105383	66684	38	4	0	32	3.79532e-05	105393	1	FALSE	NA	NA	NA	NA	NA	NA
NC_045512.2	26789	C	-T	105383	66684	38	3	0	20	2.84646e-05	105394	1	FALSE	NA	NA	NA	NA	NA	NA
NC_045512.2	26790	T	G	102721	64018	37	6	6	34	5.83976e-05	102744	1	FALSE	NA	NA	NA	NA	NA	NA
NC_045512.2	26790	T	C	102721	64018	37	15	9	36	0.000145994	102744	1	FALSE	NA	NA	NA	NA	NA	NA
NC_045512.2	26790	T	A	102721	64018	37	2	0	34	1.94659e-05	102744	1	FALSE	NA	NA	NA	NA	NA	NA
NC_045512.2	26791	T	G	104828	66094	38	1	0	34	9.53698e-06	104855	1	FALSE	NA	NA	NA	NA	NA	NA
NC_045512.2	26791	T	C	104828	66094	38	26	13	41	0.000247961	104855	0.00566159	TRUE	NA	NA	NA	NA	NA	NA
NC_045512.2	26791	T	-G	104828	66094	38	1	0	20	9.53689e-06	104856	1	FALSE	NA	NA	NA	NA	NA	NA
NC_045512.2	26792	G	T	105202	66136	38	2	2	34	1.90089e-05	105214	1	FALSE	NA	NA	NA	NA	NA	NA
NC_045512.2	26792	G	A	105202	66136	38	10	10	34	9.50444e-05	105214	1	FALSE	NA	NA	NA	NA	NA	NA
NC_045512.2	26793	A	T	106271	66642	38	1	1	34	9.40937e-06	106277	1	FALSE	NA	NA	NA	NA	NA	NA
NC_045512.2	26793	A	G	106271	66642	38	3	2	45	2.82281e-05	106277	0.988771	FALSE	NA	NA	NA	NA	NA	NA
NC_045512.2	26793	A	C	106271	66642	38	2	2	30	1.88187e-05	106277	1	FALSE	NA	NA	NA	NA	NA	NA
NC_045512.2	26794	T	G	108237	68972	38	1	0	34	9.2377e-06	108252	1	FALSE	NA	NA	NA	NA	NA	NA
NC_045512.2	26794	T	C	108237	68972	38	13	10	33	0.00012009	108252	1	FALSE	NA	NA	NA	NA	NA	NA
NC_045512.2	26794	T	A	108237	68972	38	1	0	34	9.2377e-06	108252	1	FALSE	NA	NA	NA	NA	NA	NA
NC_045512.2	26795	G	T	108233	68982	38	14	7	42	0.000129318	108260	0.270526	FALSE	NA	NA	NA	NA	NA	NA
NC_045512.2	26795	G	A	108233	68982	38	13	9	34	0.000120081	108260	1	FALSE	NA	NA	NA	NA	NA	NA
NC_045512.2	26796	T	C	106676	68164	38	27	6	40	0.000253036	106704	0.00381347	TRUE	NA	NA	NA	NA	NA	NA
NC_045512.2	26796	T	A	106676	68164	38	1	1	34	9.37172e-06	106704	1	FALSE	NA	NA	NA	NA	NA	NA
NC_045512.2	26797	G	C	107072	68043	38	3	1	31	2.80167e-05	107079	1	FALSE	NA	NA	NA	NA	NA	NA
NC_045512.2	26797	G	A	107072	68043	38	4	4	34	3.73556e-05	107079	1	FALSE	NA	NA	NA	NA	NA	NA
NC_045512.2	26798	G	C	107119	68079	38	20	20	30	0.000186619	107170	1	FALSE	NA	NA	NA	NA	NA	NA
NC_045512.2	26798	G	A	107119	68079	38	31	20	34	0.00028926	107170	1	FALSE	NA	NA	NA	NA	NA	NA
NC_045512.2	26799	C	T	103065	70003	37	73	48	39	0.000707776	103140	0.990426	FALSE	NA	NA	NA	NA	NA	NA
NC_045512.2	26799	C	G	103065	70003	37	1	0	27	9.69556e-06	103140	1	FALSE	NA	NA	NA	NA	NA	NA
NC_045512.2	26799	C	A	103065	70003	37	1	1	34	9.69556e-06	103140	1	FALSE	NA	NA	NA	NA	NA	NA
NC_045512.2	26800	T	G	103337	70497	38	2	1	30	1.93512e-05	103353	1	FALSE	NA	NA	NA	NA	NA	NA
NC_045512.2	26800	T	C	103337	70497	38	11	9	34	0.000106431	103353	1	FALSE	NA	NA	NA	NA	NA	NA
NC_045512.2	26800	T	A	103337	70497	38	3	1	31	2.90267e-05	103353	1	FALSE	NA	NA	NA	NA	NA	NA
NC_045512.2	26801	C	T	101541	68694	38	2270	1726	35	0.0218656	103816	0	TRUE	NA	NA	NA	NA	NA	NA
NC_045512.2	26801	C	G	101541	68694	38	1	0	34	9.63243e-06	103816	1	FALSE	NA	NA	NA	NA	NA	NA
NC_045512.2	26801	C	A	101541	68694	38	4	2	34	3.85297e-05	103816	1	FALSE	NA	NA	NA	NA	NA	NA
NC_045512.2	26802	A	T	103191	69529	38	3	2	34	2.90681e-05	103206	1	FALSE	NA	NA	NA	NA	NA	NA
NC_045512.2	26802	A	G	103191	69529	38	8	6	33	7.75149e-05	103206	1	FALSE	NA	NA	NA	NA	NA	NA
NC_045512.2	26802	A	C	103191	69529	38	4	4	34	3.87574e-05	103206	1	FALSE	NA	NA	NA	NA	NA	NA
NC_045512.2	26803	G	C	102910	69489	37	2	2	34	1.94335e-05	102915	1	FALSE	NA	NA	NA	NA	NA	NA
NC_045512.2	26803	G	A	102910	69489	37	3	3	34	2.91503e-05	102915	1	FALSE	NA	NA	NA	NA	NA	NA
NC_045512.2	26804	C	T	103871	72567	37	3	2	56	2.88809e-05	103875	0.312498	FALSE	NA	NA	NA	NA	NA	NA
NC_045512.2	26804	C	G	103871	72567	37	1	0	27	9.62696e-06	103875	1	FALSE	NA	NA	NA	NA	NA	NA
NC_045512.2	26805	T	G	103705	72302	37	2	2	34	1.92827e-05	103720	1	FALSE	NA	NA	NA	NA	NA	NA
NC_045512.2	26805	T	C	103705	72302	37	12	5	33	0.000115696	103720	1	FALSE	NA	NA	NA	NA	NA	NA
NC_045512.2	26805	T	A	103705	72302	37	1	0	34	9.64134e-06	103720	1	FALSE	NA	NA	NA	NA	NA	NA
NC_045512.2	26806	A	T	102162	70680	37	2	2	34	1.95754e-05	102169	1	FALSE	NA	NA	NA	NA	NA	NA
NC_045512.2	26806	A	G	102162	70680	37	5	4	32	4.89385e-05	102169	1	FALSE	NA	NA	NA	NA	NA	NA
NC_045512.2	26807	C	T	109685	79986	37	11	9	33	0.000100274	109699	1	FALSE	NA	NA	NA	NA	NA	NA
NC_045512.2	26807	C	A	109685	79986	37	3	3	34	2.73476e-05	109699	1	FALSE	NA	NA	NA	NA	NA	NA
NC_045512.2	26808	T	C	110052	79991	38	13	10	33	0.000118108	110069	1	FALSE	NA	NA	NA	NA	NA	NA
NC_045512.2	26808	T	A	110052	79991	38	4	4	34	3.63408e-05	110069	1	FALSE	NA	NA	NA	NA	NA	NA
NC_045512.2	26809	T	C	110060	79859	38	9	7	45	8.17647e-05	110072	0.748274	FALSE	NA	NA	NA	NA	NA	NA
NC_045512.2	26809	T	A	110060	79859	38	3	2	45	2.72549e-05	110072	0.993529	FALSE	NA	NA	NA	NA	NA	NA
NC_045512.2	26810	C	T	108640	79503	38	4	3	38	3.68172e-05	108645	1	FALSE	NA	NA	NA	NA	NA	NA
NC_045512.2	26810	C	A	108640	79503	38	1	1	34	9.20429e-06	108645	1	FALSE	NA	NA	NA	NA	NA	NA
NC_045512.2	26811	A	T	108398	79338	38	2	2	34	1.84495e-05	108404	1	FALSE	NA	NA	NA	NA	NA	NA
NC_045512.2	26811	A	G	108398	79338	38	4	3	40	3.6899e-05	108404	0.971316	FALSE	NA	NA	NA	NA	NA	NA
NC_045512.2	26812	T	G	119021	91501	38	1	0	34	8.40124e-06	119030	1	FALSE	NA	NA	NA	NA	NA	NA
NC_045512.2	26812	T	C	119021	91501	38	5	4	34	4.20062e-05	119030	1	FALSE	NA	NA	NA	NA	NA	NA
NC_045512.2	26812	T	A	119021	91501	38	3	2	54	2.52037e-05	119030	0.312483	FALSE	NA	NA	NA	NA	NA	NA
NC_045512.2	26813	T	C	118604	91343	38	9	6	32	7.58764e-05	118614	1	FALSE	NA	NA	NA	NA	NA	NA
NC_045512.2	26813	T	A	118604	91343	38	1	0	34	8.43071e-06	118614	1	FALSE	NA	NA	NA	NA	NA	NA
NC_045512.2	26814	G	T	117313	91975	38	3	3	34	2.55674e-05	117337	1	FALSE	NA	NA	NA	NA	NA	NA
NC_045512.2	26814	G	C	117313	91975	38	3	3	31	2.55674e-05	117337	1	FALSE	NA	NA	NA	NA	NA	NA
NC_045512.2	26814	G	A	117313	91975	38	18	13	37	0.000153404	117337	1	FALSE	NA	NA	NA	NA	NA	NA
NC_045512.2	26815	C	T	117164	91897	38	4	4	32	3.41361e-05	117178	1	FALSE	NA	NA	NA	NA	NA	NA
NC_045512.2	26815	C	G	117164	91897	38	9	7	37	7.68062e-05	117178	1	FALSE	NA	NA	NA	NA	NA	NA
NC_045512.2	26815	C	A	117164	91897	38	1	0	34	8.53403e-06	117178	1	FALSE	NA	NA	NA	NA	NA	NA
NC_045512.2	26815	C	+T	117164	91897	38	5	0	20	4.26701e-05	117178	1	FALSE	NA	NA	NA	NA	NA	NA
NC_045512.2	26816	T	C	116371	91061	38	3	2	45	2.57787e-05	116375	0.993532	FALSE	NA	NA	NA	NA	NA	NA
NC_045512.2	26816	T	A	116371	91061	38	1	0	34	8.59291e-06	116375	1	FALSE	NA	NA	NA	NA	NA	NA
NC_045512.2	26817	T	G	116284	91187	37	2	1	29	1.71972e-05	116298	1	FALSE	NA	NA	NA	NA	NA	NA
NC_045512.2	26817	T	C	116284	91187	37	10	8	45	8.5986e-05	116298	0.668174	FALSE	NA	NA	NA	NA	NA	NA
NC_045512.2	26817	T	A	116284	91187	37	2	1	29	1.71972e-05	116298	1	FALSE	NA	NA	NA	NA	NA	NA
NC_045512.2	26817	T	-C	116284	91187	37	2	0	20	1.71972e-05	116298	1	FALSE	NA	NA	NA	NA	NA	NA
NC_045512.2	26818	C	T	116551	91020	38	2349	1779	35	0.0197556	118903	0	TRUE	NA	NA	NA	NA	NA	NA
NC_045512.2	26818	C	G	116551	91020	38	1	1	34	8.41022e-06	118903	1	FALSE	NA	NA	NA	NA	NA	NA
NC_045512.2	26818	C	A	116551	91020	38	2	2	34	1.68204e-05	118903	1	FALSE	NA	NA	NA	NA	NA	NA
NC_045512.2	26818	C	-T	116551	91020	38	2	0	20	1.68202e-05	118905	1	FALSE	NA	NA	NA	NA	NA	NA
NC_045512.2	26819	T	G	114626	88607	38	2	1	34	1.74452e-05	114645	1	FALSE	NA	NA	NA	NA	NA	NA
NC_045512.2	26819	T	C	114626	88607	38	13	11	36	0.000113394	114645	1	FALSE	NA	NA	NA	NA	NA	NA
NC_045512.2	26819	T	A	114626	88607	38	4	2	51	3.48903e-05	114645	0.187454	FALSE	NA	NA	NA	NA	NA	NA
NC_045512.2	26820	T	G	114581	88437	38	2	1	34	1.74529e-05	114594	1	FALSE	NA	NA	NA	NA	NA	NA
NC_045512.2	26820	T	C	114581	88437	38	10	7	36	8.72646e-05	114594	1	FALSE	NA	NA	NA	NA	NA	NA
NC_045512.2	26820	T	A	114581	88437	38	1	1	34	8.72646e-06	114594	1	FALSE	NA	NA	NA	NA	NA	NA
NC_045512.2	26821	T	C	114591	88661	38	7	6	38	6.10826e-05	114599	1	FALSE	NA	NA	NA	NA	NA	NA
NC_045512.2	26821	T	A	114591	88661	38	1	0	34	8.72608e-06	114599	1	FALSE	NA	NA	NA	NA	NA	NA
NC_045512.2	26822	C	T	111898	86935	38	2346	1795	35	0.0205337	114251	0	TRUE	NA	NA	NA	NA	NA	NA
NC_045512.2	26822	C	G	111898	86935	38	1	1	34	8.75266e-06	114251	1	FALSE	NA	NA	NA	NA	NA	NA
NC_045512.2	26822	C	A	111898	86935	38	6	6	34	5.2516e-05	114251	1	FALSE	NA	NA	NA	NA	NA	NA
NC_045512.2	26823	A	T	113623	88107	38	2	2	34	1.75984e-05	113647	1	FALSE	NA	NA	NA	NA	NA	NA
NC_045512.2	26823	A	G	113623	88107	38	22	15	43	0.000193582	113647	0.0400586	FALSE	NA	NA	NA	NA	NA	NA
NC_045512.2	26824	G	T	113115	87477	37	2	2	34	1.76807e-05	113118	1	FALSE	NA	NA	NA	NA	NA	NA
NC_045512.2	26824	G	A	113115	87477	37	1	1	34	8.84033e-06	113118	1	FALSE	NA	NA	NA	NA	NA	NA
NC_045512.2	26825	A	T	113742	88279	38	1	1	26	8.79082e-06	113755	1	FALSE	NA	NA	NA	NA	NA	NA
NC_045512.2	26825	A	G	113742	88279	38	12	10	33	0.00010549	113755	1	FALSE	NA	NA	NA	NA	NA	NA
NC_045512.2	26826	C	T	113216	89715	37	3	1	56	2.6495e-05	113229	0.312469	FALSE	NA	NA	NA	NA	NA	NA
NC_045512.2	26826	C	A	113216	89715	37	10	10	34	8.83166e-05	113229	1	FALSE	NA	NA	NA	NA	NA	NA
NC_045512.2	26827	T	C	113515	90568	37	12	10	36	0.000105701	113528	1	FALSE	NA	NA	NA	NA	NA	NA
NC_045512.2	26827	T	A	113515	90568	37	1	1	34	8.8084e-06	113528	1	FALSE	NA	NA	NA	NA	NA	NA
NC_045512.2	26828	G	T	114904	90698	37	3	3	34	2.61028e-05	114930	1	FALSE	NA	NA	NA	NA	NA	NA
NC_045512.2	26828	G	C	114904	90698	37	16	15	33	0.000139215	114930	1	FALSE	NA	NA	NA	NA	NA	NA
NC_045512.2	26828	G	A	114904	90698	37	7	7	34	6.09066e-05	114930	1	FALSE	NA	NA	NA	NA	NA	NA
NC_045512.2	26829	T	C	92034	67863	35	15	8	34	0.00016295	92053	1	FALSE	NA	NA	NA	NA	NA	NA
NC_045512.2	26829	T	A	92034	67863	35	4	4	34	4.34532e-05	92053	1	FALSE	NA	NA	NA	NA	NA	NA
NC_045512.2	26830	T	G	115487	91226	38	1	1	26	8.65786e-06	115502	1	FALSE	NA	NA	NA	NA	NA	NA
NC_045512.2	26830	T	C	115487	91226	38	12	11	34	0.000103894	115502	1	FALSE	NA	NA	NA	NA	NA	NA
NC_045512.2	26830	T	A	115487	91226	38	2	2	34	1.73157e-05	115502	1	FALSE	NA	NA	NA	NA	NA	NA
NC_045512.2	26831	T	G	114997	91155	37	3	0	31	2.60824e-05	115020	1	FALSE	NA	NA	NA	NA	NA	NA
NC_045512.2	26831	T	C	114997	91155	37	15	10	32	0.000130412	115020	1	FALSE	NA	NA	NA	NA	NA	NA
NC_045512.2	26831	T	A	114997	91155	37	5	2	40	4.34707e-05	115020	0.961574	FALSE	NA	NA	NA	NA	NA	NA
NC_045512.2	26832	G	T	115436	91494	37	2	1	34	1.73247e-05	115442	1	FALSE	NA	NA	NA	NA	NA	NA
NC_045512.2	26832	G	C	115436	91494	37	1	1	27	8.66236e-06	115442	1	FALSE	NA	NA	NA	NA	NA	NA
NC_045512.2	26832	G	A	115436	91494	37	3	3	34	2.59871e-05	115442	1	FALSE	NA	NA	NA	NA	NA	NA
NC_045512.2	26833	C	T	114708	91487	37	58	47	40	0.000505367	114768	3.75922e-09	TRUE	NA	NA	NA	NA	NA	NA
NC_045512.2	26833	C	G	114708	91487	37	2	0	34	1.74265e-05	114768	1	FALSE	NA	NA	NA	NA	NA	NA
NC_045512.2	26834	G	T	104903	83631	37	9898	7807	37	0.0862097	114813	0	TRUE	NA	NA	NA	NA	NA	NA
NC_045512.2	26834	G	A	104903	83631	37	12	8	48	0.000104518	114813	0.413521	FALSE	NA	NA	NA	NA	NA	NA
NC_045512.2	26835	C	T	114400	91177	37	1	1	34	8.74088e-06	114405	1	FALSE	NA	NA	NA	NA	NA	NA
NC_045512.2	26835	C	A	114400	91177	37	4	0	34	3.49635e-05	114405	1	FALSE	NA	NA	NA	NA	NA	NA
NC_045512.2	26836	G	T	114288	91029	37	2	2	34	1.74969e-05	114306	1	FALSE	NA	NA	NA	NA	NA	NA
NC_045512.2	26836	G	C	114288	91029	37	1	1	34	8.74845e-06	114306	1	FALSE	NA	NA	NA	NA	NA	NA
NC_045512.2	26836	G	A	114288	91029	37	15	12	36	0.000131227	114306	1	FALSE	NA	NA	NA	NA	NA	NA
NC_045512.2	26837	T	G	111708	88527	37	1	1	34	8.94999e-06	111732	1	FALSE	NA	NA	NA	NA	NA	NA
NC_045512.2	26837	T	C	111708	88527	37	22	20	33	0.0001969	111732	1	FALSE	NA	NA	NA	NA	NA	NA
NC_045512.2	26837	T	A	111708	88527	37	1	0	26	8.94999e-06	111732	1	FALSE	NA	NA	NA	NA	NA	NA
NC_045512.2	26838	A	T	109908	89596	36	1	1	34	9.09728e-06	109923	1	FALSE	NA	NA	NA	NA	NA	NA
NC_045512.2	26838	A	G	109908	89596	36	13	12	36	0.000118265	109923	1	FALSE	NA	NA	NA	NA	NA	NA
NC_045512.2	26838	A	C	109908	89596	36	1	1	34	9.09728e-06	109923	1	FALSE	NA	NA	NA	NA	NA	NA
NC_045512.2	26839	C	T	109849	89203	37	15	13	34	0.000136531	109865	1	FALSE	NA	NA	NA	NA	NA	NA
NC_045512.2	26839	C	A	109849	89203	37	1	0	68	9.10208e-06	109865	0.499968	FALSE	NA	NA	NA	NA	NA	NA
NC_045512.2	26840	G	C	109727	89078	37	2	2	34	1.82261e-05	109733	1	FALSE	NA	NA	NA	NA	NA	NA
NC_045512.2	26840	G	A	109727	89078	37	4	3	42	3.64521e-05	109733	0.971316	FALSE	NA	NA	NA	NA	NA	NA
NC_045512.2	26841	C	T	110207	89195	37	10	9	34	9.07285e-05	110219	1	FALSE	NA	NA	NA	NA	NA	NA
NC_045512.2	26841	C	G	110207	89195	37	1	1	34	9.07285e-06	110219	1	FALSE	NA	NA	NA	NA	NA	NA
NC_045512.2	26841	C	A	110207	89195	37	1	1	34	9.07285e-06	110219	1	FALSE	NA	NA	NA	NA	NA	NA
NC_045512.2	26842	G	T	110176	89077	37	3	3	31	2.72252e-05	110192	1	FALSE	NA	NA	NA	NA	NA	NA
NC_045512.2	26842	G	C	110176	89077	37	1	1	34	9.07507e-06	110192	1	FALSE	NA	NA	NA	NA	NA	NA
NC_045512.2	26842	G	A	110176	89077	37	12	9	34	0.000108901	110192	1	FALSE	NA	NA	NA	NA	NA	NA
NC_045512.2	26843	T	G	110629	90050	37	1	1	26	9.03791e-06	110645	1	FALSE	NA	NA	NA	NA	NA	NA
NC_045512.2	26843	T	C	110629	90050	37	15	10	33	0.000135569	110645	1	FALSE	NA	NA	NA	NA	NA	NA
NC_045512.2	26844	T	C	112546	92065	37	26	22	33	0.000230963	112572	1	FALSE	NA	NA	NA	NA	NA	NA
NC_045512.2	26845	C	T	112670	91970	37	5	4	34	4.43746e-05	112677	1	FALSE	NA	NA	NA	NA	NA	NA
NC_045512.2	26845	C	G	112670	91970	37	1	1	34	8.87493e-06	112677	1	FALSE	NA	NA	NA	NA	NA	NA
NC_045512.2	26845	C	A	112670	91970	37	1	1	34	8.87493e-06	112677	1	FALSE	NA	NA	NA	NA	NA	NA
NC_045512.2	26846	C	T	111819	91270	37	7	5	38	6.25961e-05	111828	1	FALSE	NA	NA	NA	NA	NA	NA
NC_045512.2	26846	C	G	111819	91270	37	2	1	34	1.78846e-05	111828	1	FALSE	NA	NA	NA	NA	NA	NA
NC_045512.2	26847	A	T	112403	91902	37	2	2	30	1.7792e-05	112410	1	FALSE	NA	NA	NA	NA	NA	NA
NC_045512.2	26847	A	G	112403	91902	37	4	0	34	3.5584e-05	112410	1	FALSE	NA	NA	NA	NA	NA	NA
NC_045512.2	26847	A	C	112403	91902	37	1	1	34	8.89601e-06	112410	1	FALSE	NA	NA	NA	NA	NA	NA
NC_045512.2	26848	T	G	112329	91900	37	1	1	34	8.90155e-06	112340	1	FALSE	NA	NA	NA	NA	NA	NA
NC_045512.2	26848	T	C	112329	91900	37	9	9	33	8.01139e-05	112340	1	FALSE	NA	NA	NA	NA	NA	NA
NC_045512.2	26848	T	A	112329	91900	37	1	1	34	8.90155e-06	112340	1	FALSE	NA	NA	NA	NA	NA	NA
NC_045512.2	26849	G	T	112401	91927	37	2	1	51	1.77923e-05	112408	0.499987	FALSE	NA	NA	NA	NA	NA	NA
NC_045512.2	26849	G	C	112401	91927	37	1	1	26	8.89616e-06	112408	1	FALSE	NA	NA	NA	NA	NA	NA
NC_045512.2	26849	G	A	112401	91927	37	4	4	34	3.55847e-05	112408	1	FALSE	NA	NA	NA	NA	NA	NA
NC_045512.2	26850	T	C	110647	90326	37	11	10	33	9.94045e-05	110659	1	FALSE	NA	NA	NA	NA	NA	NA
NC_045512.2	26850	T	A	110647	90326	37	1	0	26	9.03677e-06	110659	1	FALSE	NA	NA	NA	NA	NA	NA
NC_045512.2	26851	G	T	110096	89740	37	4	2	34	3.6327e-05	110111	1	FALSE	NA	NA	NA	NA	NA	NA
NC_045512.2	26851	G	C	110096	89740	37	1	1	34	9.08174e-06	110111	1	FALSE	NA	NA	NA	NA	NA	NA
NC_045512.2	26851	G	A	110096	89740	37	10	10	34	9.08174e-05	110111	1	FALSE	NA	NA	NA	NA	NA	NA
NC_045512.2	26852	G	T	110124	89753	37	1	1	34	9.0796e-06	110137	1	FALSE	NA	NA	NA	NA	NA	NA
NC_045512.2	26852	G	C	110124	89753	37	9	9	31	8.17164e-05	110137	1	FALSE	NA	NA	NA	NA	NA	NA
NC_045512.2	26852	G	A	110124	89753	37	3	3	31	2.72388e-05	110137	1	FALSE	NA	NA	NA	NA	NA	NA
NC_045512.2	26853	T	G	113095	93995	37	2	0	30	1.76814e-05	113113	1	FALSE	NA	NA	NA	NA	NA	NA
NC_045512.2	26853	T	C	113095	93995	37	15	10	38	0.000132611	113113	1	FALSE	NA	NA	NA	NA	NA	NA
NC_045512.2	26853	T	A	113095	93995	37	1	0	68	8.84072e-06	113113	0.499965	FALSE	NA	NA	NA	NA	NA	NA
NC_045512.2	26854	C	T	113990	95050	37	8	4	34	7.01754e-05	114000	1	FALSE	NA	NA	NA	NA	NA	NA
NC_045512.2	26854	C	A	113990	95050	37	2	2	34	1.75439e-05	114000	1	FALSE	NA	NA	NA	NA	NA	NA
NC_045512.2	26855	A	T	116973	98587	37	7	7	31	5.98342e-05	116990	1	FALSE	NA	NA	NA	NA	NA	NA
NC_045512.2	26855	A	G	116973	98587	37	9	7	33	7.69297e-05	116990	1	FALSE	NA	NA	NA	NA	NA	NA
NC_045512.2	26855	A	C	116973	98587	37	1	1	34	8.54774e-06	116990	1	FALSE	NA	NA	NA	NA	NA	NA
NC_045512.2	26856	T	G	116426	98800	37	2	2	34	1.7177e-05	116435	1	FALSE	NA	NA	NA	NA	NA	NA
NC_045512.2	26856	T	C	116426	98800	37	5	4	34	4.29424e-05	116435	1	FALSE	NA	NA	NA	NA	NA	NA
NC_045512.2	26856	T	A	116426	98800	37	2	2	34	1.7177e-05	116435	1	FALSE	NA	NA	NA	NA	NA	NA
NC_045512.2	26857	T	C	119018	101854	37	9	9	31	7.56131e-05	119027	1	FALSE	NA	NA	NA	NA	NA	NA
NC_045512.2	26857	T	-C	119018	101854	37	1	0	20	8.40146e-06	119027	1	FALSE	NA	NA	NA	NA	NA	NA
NC_045512.2	26858	C	T	11	8	37	118706	101676	37	0.999882	118720	0	TRUE	NA	NA	NA	NA	NA	NA
NC_045512.2	26858	C	A	11	8	37	3	3	45	2.52695e-05	118720	4.74578e-10	TRUE	NA	NA	NA	NA	NA	NA
NC_045512.2	26859	A	T	118571	101761	37	3	2	42	2.52994e-05	118580	0.99353	FALSE	NA	NA	NA	NA	NA	NA
NC_045512.2	26859	A	G	118571	101761	37	6	5	34	5.05988e-05	118580	1	FALSE	NA	NA	NA	NA	NA	NA
NC_045512.2	26860	A	G	119065	102234	37	11	9	35	9.23772e-05	119077	1	FALSE	NA	NA	NA	NA	NA	NA
NC_045512.2	26860	A	C	119065	102234	37	1	1	34	8.39793e-06	119077	1	FALSE	NA	NA	NA	NA	NA	NA
NC_045512.2	26861	T	G	119207	102369	37	1	1	34	8.38764e-06	119223	1	FALSE	NA	NA	NA	NA	NA	NA
NC_045512.2	26861	T	C	119207	102369	37	14	12	36	0.000117427	119223	1	FALSE	NA	NA	NA	NA	NA	NA
NC_045512.2	26861	T	A	119207	102369	37	1	1	68	8.38764e-06	119223	0.499971	FALSE	NA	NA	NA	NA	NA	NA
NC_045512.2	26862	C	T	117810	102121	37	3044	2496	39	0.0251864	120859	0	TRUE	NA	NA	NA	NA	NA	NA
NC_045512.2	26862	C	A	117810	102121	37	5	5	34	4.13705e-05	120859	1	FALSE	NA	NA	NA	NA	NA	NA
NC_045512.2	26863	C	T	120299	104208	37	2	2	34	1.6625e-05	120301	1	FALSE	NA	NA	NA	NA	NA	NA
NC_045512.2	26864	A	T	118339	102229	37	1	1	26	8.44973e-06	118347	1	FALSE	NA	NA	NA	NA	NA	NA
NC_045512.2	26864	A	G	118339	102229	37	7	5	34	5.91481e-05	118347	1	FALSE	NA	NA	NA	NA	NA	NA
NC_045512.2	26865	G	T	118271	102147	37	8	8	33	6.76344e-05	118283	1	FALSE	NA	NA	NA	NA	NA	NA
NC_045512.2	26865	G	C	118271	102147	37	1	1	34	8.4543e-06	118283	1	FALSE	NA	NA	NA	NA	NA	NA
NC_045512.2	26865	G	A	118271	102147	37	3	3	31	2.53629e-05	118283	1	FALSE	NA	NA	NA	NA	NA	NA
NC_045512.2	26866	A	T	128952	114705	38	2	1	34	1.55084e-05	128962	1	FALSE	NA	NA	NA	NA	NA	NA
NC_045512.2	26866	A	G	128952	114705	38	5	4	39	3.87711e-05	128962	1	FALSE	NA	NA	NA	NA	NA	NA
NC_045512.2	26866	A	C	128952	114705	38	3	3	34	2.32627e-05	128962	1	FALSE	NA	NA	NA	NA	NA	NA
NC_045512.2	26867	A	T	131174	117306	38	4	4	30	3.04901e-05	131190	1	FALSE	NA	NA	NA	NA	NA	NA
NC_045512.2	26867	A	G	131174	117306	38	8	8	46	6.09803e-05	131190	0.905365	FALSE	NA	NA	NA	NA	NA	NA
NC_045512.2	26867	A	C	131174	117306	38	4	4	34	3.04901e-05	131190	1	FALSE	NA	NA	NA	NA	NA	NA
NC_045512.2	26868	A	T	130939	117327	38	2	2	34	1.52724e-05	130955	1	FALSE	NA	NA	NA	NA	NA	NA
NC_045512.2	26868	A	G	130939	117327	38	7	7	37	5.34535e-05	130955	1	FALSE	NA	NA	NA	NA	NA	NA
NC_045512.2	26868	A	C	130939	117327	38	7	7	32	5.34535e-05	130955	1	FALSE	NA	NA	NA	NA	NA	NA
NC_045512.2	26869	C	T	131701	118373	38	6	6	39	4.5555e-05	131709	1	FALSE	NA	NA	NA	NA	NA	NA
NC_045512.2	26869	C	A	131701	118373	38	2	2	34	1.5185e-05	131709	1	FALSE	NA	NA	NA	NA	NA	NA
NC_045512.2	26869	C	-T	131701	118373	38	1	0	20	7.5925e-06	131709	1	FALSE	NA	NA	NA	NA	NA	NA
NC_045512.2	26870	T	C	132033	118798	38	13	8	36	9.84498e-05	132047	1	FALSE	NA	NA	NA	NA	NA	NA
NC_045512.2	26870	T	A	132033	118798	38	1	1	34	7.57306e-06	132047	1	FALSE	NA	NA	NA	NA	NA	NA
NC_045512.2	26870	T	-A	132033	118798	38	2	0	20	1.5146e-05	132048	1	FALSE	NA	NA	NA	NA	NA	NA
NC_045512.2	26871	A	T	131756	118551	38	1	1	34	7.58812e-06	131785	1	FALSE	NA	NA	NA	NA	NA	NA
NC_045512.2	26871	A	G	131756	118551	38	28	23	37	0.000212467	131785	1	FALSE	NA	NA	NA	NA	NA	NA
NC_045512.2	26872	A	T	134099	121322	38	1	1	34	7.45645e-06	134112	1	FALSE	NA	NA	NA	NA	NA	NA
NC_045512.2	26872	A	G	134099	121322	38	11	9	34	8.2021e-05	134112	1	FALSE	NA	NA	NA	NA	NA	NA
NC_045512.2	26872	A	C	134099	121322	38	1	1	34	7.45645e-06	134112	1	FALSE	NA	NA	NA	NA	NA	NA
NC_045512.2	26873	C	T	134237	121459	38	7	6	37	5.21404e-05	134253	1	FALSE	NA	NA	NA	NA	NA	NA
NC_045512.2	26873	C	A	134237	121459	38	9	9	34	6.70376e-05	134253	1	FALSE	NA	NA	NA	NA	NA	NA
NC_045512.2	26874	A	T	133939	121464	38	2	2	34	1.49312e-05	133948	1	FALSE	NA	NA	NA	NA	NA	NA
NC_045512.2	26874	A	G	133939	121464	38	6	6	34	4.47935e-05	133948	1	FALSE	NA	NA	NA	NA	NA	NA
NC_045512.2	26874	A	C	133939	121464	38	1	1	26	7.46558e-06	133948	1	FALSE	NA	NA	NA	NA	NA	NA
NC_045512.2	26875	T	C	133501	122445	38	12	11	36	8.98775e-05	133515	1	FALSE	NA	NA	NA	NA	NA	NA
NC_045512.2	26875	T	A	133501	122445	38	2	2	34	1.49796e-05	133515	1	FALSE	NA	NA	NA	NA	NA	NA
NC_045512.2	26875	T	+TC	133501	122445	38	1	0	20	7.4898e-06	133515	1	FALSE	NA	NA	NA	NA	NA	NA
NC_045512.2	26876	T	G	130795	119783	37	1	1	34	7.64473e-06	130809	1	FALSE	NA	NA	NA	NA	NA	NA
NC_045512.2	26876	T	C	130795	119783	37	11	11	33	8.40921e-05	130809	1	FALSE	NA	NA	NA	NA	NA	NA
NC_045512.2	26876	T	A	130795	119783	37	2	2	34	1.52895e-05	130809	1	FALSE	NA	NA	NA	NA	NA	NA
NC_045512.2	26877	C	T	131955	120993	38	1	0	34	7.57777e-06	131965	1	FALSE	NA	NA	NA	NA	NA	NA
NC_045512.2	26877	C	G	131955	120993	38	5	4	34	3.78888e-05	131965	1	FALSE	NA	NA	NA	NA	NA	NA
NC_045512.2	26877	C	A	131955	120993	38	4	4	34	3.03111e-05	131965	1	FALSE	NA	NA	NA	NA	NA	NA
NC_045512.2	26878	T	G	105191	94500	39	7	7	34	6.65191e-05	105233	1	FALSE	NA	NA	NA	NA	NA	NA
NC_045512.2	26878	T	C	105191	94500	39	29	28	34	0.000275579	105233	1	FALSE	NA	NA	NA	NA	NA	NA
NC_045512.2	26878	T	A	105191	94500	39	6	6	32	5.70163e-05	105233	1	FALSE	NA	NA	NA	NA	NA	NA
NC_045512.2	26879	T	G	101796	91208	37	2	2	34	1.96442e-05	101811	1	FALSE	NA	NA	NA	NA	NA	NA
NC_045512.2	26879	T	C	101796	91208	37	10	10	33	9.82212e-05	101811	1	FALSE	NA	NA	NA	NA	NA	NA
NC_045512.2	26879	T	A	101796	91208	37	3	2	39	2.94664e-05	101811	1	FALSE	NA	NA	NA	NA	NA	NA
NC_045512.2	26880	C	T	104324	95628	38	5	5	34	4.79235e-05	104333	1	FALSE	NA	NA	NA	NA	NA	NA
NC_045512.2	26880	C	A	104324	95628	38	4	4	34	3.83388e-05	104333	1	FALSE	NA	NA	NA	NA	NA	NA
NC_045512.2	26881	T	C	103677	94969	38	5	5	34	4.82244e-05	103682	1	FALSE	NA	NA	NA	NA	NA	NA
NC_045512.2	26881	T	-C	103677	94969	38	1	0	20	9.64488e-06	103682	1	FALSE	NA	NA	NA	NA	NA	NA
NC_045512.2	26882	C	G	103547	94985	37	1	0	27	9.65717e-06	103550	1	FALSE	NA	NA	NA	NA	NA	NA
NC_045512.2	26882	C	A	103547	94985	37	2	2	34	1.93143e-05	103550	1	FALSE	NA	NA	NA	NA	NA	NA
NC_045512.2	26883	A	T	102804	94229	37	2	2	30	1.94517e-05	102819	1	FALSE	NA	NA	NA	NA	NA	NA
NC_045512.2	26883	A	G	102804	94229	37	11	10	43	0.000106984	102819	0.499973	FALSE	NA	NA	NA	NA	NA	NA
NC_045512.2	26883	A	C	102804	94229	37	2	2	30	1.94517e-05	102819	1	FALSE	NA	NA	NA	NA	NA	NA
NC_045512.2	26884	A	T	102350	93814	37	1	1	26	9.76944e-06	102360	1	FALSE	NA	NA	NA	NA	NA	NA
NC_045512.2	26884	A	G	102350	93814	37	7	6	31	6.83861e-05	102360	1	FALSE	NA	NA	NA	NA	NA	NA
NC_045512.2	26884	A	C	102350	93814	37	2	2	30	1.95389e-05	102360	1	FALSE	NA	NA	NA	NA	NA	NA
NC_045512.2	26884	A	-C	102350	93814	37	3	0	20	2.93083e-05	102360	1	FALSE	NA	NA	NA	NA	NA	NA
NC_045512.2	26885	C	T	102965	94434	37	5	5	34	4.85578e-05	102970	1	FALSE	NA	NA	NA	NA	NA	NA
NC_045512.2	26886	G	C	100548	92047	37	2	2	34	1.98886e-05	100560	1	FALSE	NA	NA	NA	NA	NA	NA
NC_045512.2	26886	G	A	100548	92047	37	10	10	34	9.94431e-05	100560	1	FALSE	NA	NA	NA	NA	NA	NA
NC_045512.2	26887	T	G	94171	85784	38	6	6	34	6.36997e-05	94192	1	FALSE	NA	NA	NA	NA	NA	NA
NC_045512.2	26887	T	C	94171	85784	38	13	12	33	0.000138016	94192	1	FALSE	NA	NA	NA	NA	NA	NA
NC_045512.2	26887	T	A	94171	85784	38	2	2	34	2.12332e-05	94192	1	FALSE	NA	NA	NA	NA	NA	NA
NC_045512.2	26888	G	T	91548	84026	37	1	1	34	1.092e-05	91575	1	FALSE	NA	NA	NA	NA	NA	NA
NC_045512.2	26888	G	C	91548	84026	37	7	7	32	7.64401e-05	91575	1	FALSE	NA	NA	NA	NA	NA	NA
NC_045512.2	26888	G	A	91548	84026	37	19	15	44	0.00020748	91575	0.0435486	FALSE	NA	NA	NA	NA	NA	NA
NC_045512.2	26888	G	-C	91548	84026	37	1	0	20	1.092e-05	91575	1	FALSE	NA	NA	NA	NA	NA	NA
NC_045512.2	26889	C	T	93765	86456	37	29	29	36	0.000309175	93798	1	FALSE	NA	NA	NA	NA	NA	NA
NC_045512.2	26889	C	G	93765	86456	37	2	2	34	2.13224e-05	93798	1	FALSE	NA	NA	NA	NA	NA	NA
NC_045512.2	26889	C	A	93765	86456	37	2	2	34	2.13224e-05	93798	1	FALSE	NA	NA	NA	NA	NA	NA
NC_045512.2	26890	C	T	93786	86497	37	5	5	32	5.331e-05	93791	1	FALSE	NA	NA	NA	NA	NA	NA
NC_045512.2	26890	C	-A	93786	86497	37	1	0	20	1.0662e-05	93791	1	FALSE	NA	NA	NA	NA	NA	NA
NC_045512.2	26891	A	G	93163	85877	37	5	5	40	5.36653e-05	93170	0.910219	FALSE	NA	NA	NA	NA	NA	NA
NC_045512.2	26891	A	C	93163	85877	37	2	2	30	2.14661e-05	93170	1	FALSE	NA	NA	NA	NA	NA	NA
NC_045512.2	26892	C	T	90672	84353	37	2284	2033	38	0.0245708	92956	0	TRUE	NA	NA	NA	NA	NA	NA
NC_045512.2	26893	T	G	92208	85637	37	1	0	27	1.08429e-05	92226	1	FALSE	NA	NA	NA	NA	NA	NA
NC_045512.2	26893	T	C	92208	85637	37	16	15	31	0.000173487	92226	1	FALSE	NA	NA	NA	NA	NA	NA
NC_045512.2	26893	T	A	92208	85637	37	1	1	34	1.08429e-05	92226	1	FALSE	NA	NA	NA	NA	NA	NA
NC_045512.2	26894	C	T	89906	83585	37	2294	2044	38	0.0248804	92201	0	TRUE	NA	NA	NA	NA	NA	NA
NC_045512.2	26894	C	A	89906	83585	37	1	1	34	1.08459e-05	92201	1	FALSE	NA	NA	NA	NA	NA	NA
NC_045512.2	26895	C	T	87177	80909	37	2271	2023	38	0.0253882	89451	0	TRUE	NA	NA	NA	NA	NA	NA
NC_045512.2	26895	C	A	87177	80909	37	3	3	34	3.35379e-05	89451	1	FALSE	NA	NA	NA	NA	NA	NA
NC_045512.2	26896	A	G	88591	82078	37	3	1	31	3.38616e-05	88596	1	FALSE	NA	NA	NA	NA	NA	NA
NC_045512.2	26896	A	C	88591	82078	37	2	2	34	2.25744e-05	88596	1	FALSE	NA	NA	NA	NA	NA	NA
NC_045512.2	26896	A	-T	88591	82078	37	1	0	20	1.12872e-05	88596	1	FALSE	NA	NA	NA	NA	NA	NA
NC_045512.2	26897	T	G	88295	81818	37	3	0	31	3.39712e-05	88310	1	FALSE	NA	NA	NA	NA	NA	NA
NC_045512.2	26897	T	C	88295	81818	37	11	11	34	0.000124561	88310	1	FALSE	NA	NA	NA	NA	NA	NA
NC_045512.2	26897	T	A	88295	81818	37	1	1	34	1.13237e-05	88310	1	FALSE	NA	NA	NA	NA	NA	NA
NC_045512.2	26898	G	T	88155	82150	37	1	1	34	1.13433e-05	88158	1	FALSE	NA	NA	NA	NA	NA	NA
NC_045512.2	26898	G	C	88155	82150	37	1	1	34	1.13433e-05	88158	1	FALSE	NA	NA	NA	NA	NA	NA
NC_045512.2	26898	G	A	88155	82150	37	1	1	34	1.13433e-05	88158	1	FALSE	NA	NA	NA	NA	NA	NA
NC_045512.2	26899	G	T	87771	81846	37	5	5	34	5.69424e-05	87808	1	FALSE	NA	NA	NA	NA	NA	NA
NC_045512.2	26899	G	C	87771	81846	37	2	2	34	2.2777e-05	87808	1	FALSE	NA	NA	NA	NA	NA	NA
NC_045512.2	26899	G	A	87771	81846	37	30	29	35	0.000341655	87808	1	FALSE	NA	NA	NA	NA	NA	NA
NC_045512.2	26900	C	T	94372	81801	36	8	8	34	8.47637e-05	94380	1	FALSE	NA	NA	NA	NA	NA	NA
NC_045512.2	26901	A	T	91677	79101	36	5	5	32	5.45238e-05	91703	1	FALSE	NA	NA	NA	NA	NA	NA
NC_045512.2	26901	A	G	91677	79101	36	16	15	33	0.000174476	91703	1	FALSE	NA	NA	NA	NA	NA	NA
NC_045512.2	26901	A	C	91677	79101	36	5	2	32	5.45238e-05	91703	1	FALSE	NA	NA	NA	NA	NA	NA
NC_045512.2	26902	C	T	92446	79784	36	4	4	40	4.32652e-05	92453	0.953859	FALSE	NA	NA	NA	NA	NA	NA
NC_045512.2	26902	C	G	92446	79784	36	2	0	34	2.16326e-05	92453	1	FALSE	NA	NA	NA	NA	NA	NA
NC_045512.2	26902	C	A	92446	79784	36	1	0	26	1.08163e-05	92453	1	FALSE	NA	NA	NA	NA	NA	NA
NC_045512.2	26903	T	G	89366	76722	36	2	1	30	2.23771e-05	89377	1	FALSE	NA	NA	NA	NA	NA	NA
NC_045512.2	26903	T	C	89366	76722	36	8	8	32	8.95085e-05	89377	1	FALSE	NA	NA	NA	NA	NA	NA
NC_045512.2	26903	T	A	89366	76722	36	1	0	34	1.11886e-05	89377	1	FALSE	NA	NA	NA	NA	NA	NA
NC_045512.2	26904	A	T	92404	77030	36	6	4	31	6.49238e-05	92416	1	FALSE	NA	NA	NA	NA	NA	NA
NC_045512.2	26904	A	G	92404	77030	36	4	3	29	4.32825e-05	92416	1	FALSE	NA	NA	NA	NA	NA	NA
NC_045512.2	26904	A	C	92404	77030	36	2	2	34	2.16413e-05	92416	1	FALSE	NA	NA	NA	NA	NA	NA
NC_045512.2	26905	T	C	92703	77209	36	7	6	32	7.55043e-05	92710	1	FALSE	NA	NA	NA	NA	NA	NA
NC_045512.2	26906	T	C	92165	76678	36	6	5	34	6.50957e-05	92172	1	FALSE	NA	NA	NA	NA	NA	NA
NC_045512.2	26906	T	A	92165	76678	36	1	1	27	1.08493e-05	92172	1	FALSE	NA	NA	NA	NA	NA	NA
NC_045512.2	26907	C	T	92362	77343	36	6	6	31	6.49562e-05	92370	1	FALSE	NA	NA	NA	NA	NA	NA
NC_045512.2	26907	C	G	92362	77343	36	1	1	34	1.0826e-05	92370	1	FALSE	NA	NA	NA	NA	NA	NA
NC_045512.2	26907	C	A	92362	77343	36	1	1	34	1.0826e-05	92370	1	FALSE	NA	NA	NA	NA	NA	NA
NC_045512.2	26908	T	G	81661	66824	36	2	1	30	2.44873e-05	81675	1	FALSE	NA	NA	NA	NA	NA	NA
NC_045512.2	26908	T	C	81661	66824	36	12	12	44	0.000146924	81675	0.2517	FALSE	NA	NA	NA	NA	NA	NA
NC_045512.2	26909	G	T	82486	67266	36	1	1	68	1.21224e-05	82492	0.499988	FALSE	NA	NA	NA	NA	NA	NA
NC_045512.2	26909	G	C	82486	67266	36	1	0	34	1.21224e-05	82492	1	FALSE	NA	NA	NA	NA	NA	NA
NC_045512.2	26909	G	A	82486	67266	36	4	4	32	4.84896e-05	82492	1	FALSE	NA	NA	NA	NA	NA	NA
NC_045512.2	26910	A	T	82220	67008	36	1	1	34	1.21606e-05	82233	1	FALSE	NA	NA	NA	NA	NA	NA
NC_045512.2	26910	A	G	82220	67008	36	12	8	36	0.000145927	82233	1	FALSE	NA	NA	NA	NA	NA	NA
NC_045512.2	26910	A	-C	82220	67008	36	2	0	20	2.43211e-05	82233	1	FALSE	NA	NA	NA	NA	NA	NA
NC_045512.2	26911	C	T	82442	67260	36	5	5	34	6.0645e-05	82447	1	FALSE	NA	NA	NA	NA	NA	NA
NC_045512.2	26912	C	T	81980	66826	36	1	1	34	1.21975e-05	81984	1	FALSE	NA	NA	NA	NA	NA	NA
NC_045512.2	26912	C	G	81980	66826	36	1	1	34	1.21975e-05	81984	1	FALSE	NA	NA	NA	NA	NA	NA
NC_045512.2	26912	C	A	81980	66826	36	2	1	34	2.4395e-05	81984	1	FALSE	NA	NA	NA	NA	NA	NA
NC_045512.2	26913	A	G	67969	53009	36	7	3	31	0.000102967	67983	1	FALSE	NA	NA	NA	NA	NA	NA
NC_045512.2	26913	A	C	67969	53009	36	7	7	34	0.000102967	67983	1	FALSE	NA	NA	NA	NA	NA	NA
NC_045512.2	26914	G	A	68048	53051	36	1	0	34	1.46953e-05	68049	1	FALSE	NA	NA	NA	NA	NA	NA
NC_045512.2	26915	A	G	67801	53106	36	5	5	40	7.37398e-05	67806	0.725603	FALSE	NA	NA	NA	NA	NA	NA
NC_045512.2	26916	C	T	66176	51609	36	1699	1552	37	0.0250306	67877	0	TRUE	NA	NA	NA	NA	NA	NA
NC_045512.2	26916	C	G	66176	51609	36	1	1	34	1.47325e-05	67877	1	FALSE	NA	NA	NA	NA	NA	NA
NC_045512.2	26916	C	A	66176	51609	36	1	1	34	1.47325e-05	67877	1	FALSE	NA	NA	NA	NA	NA	NA
NC_045512.2	26917	C	T	67607	53021	36	5	4	34	7.39503e-05	67613	1	FALSE	NA	NA	NA	NA	NA	NA
NC_045512.2	26917	C	G	67607	53021	36	1	1	34	1.47901e-05	67613	1	FALSE	NA	NA	NA	NA	NA	NA
NC_045512.2	26917	C	-G	67607	53021	36	2	0	20	2.95801e-05	67613	1	FALSE	NA	NA	NA	NA	NA	NA
NC_045512.2	26918	G	T	65397	50774	36	1	1	34	1.52889e-05	65407	1	FALSE	NA	NA	NA	NA	NA	NA
NC_045512.2	26918	G	C	65397	50774	36	1	1	26	1.52889e-05	65407	1	FALSE	NA	NA	NA	NA	NA	NA
NC_045512.2	26918	G	A	65397	50774	36	8	8	37	0.000122311	65407	1	FALSE	NA	NA	NA	NA	NA	NA
NC_045512.2	26919	C	T	65595	51411	35	4	3	42	6.09756e-05	65600	0.828134	FALSE	NA	NA	NA	NA	NA	NA
NC_045512.2	26919	C	G	65595	51411	35	1	0	34	1.52439e-05	65600	1	FALSE	NA	NA	NA	NA	NA	NA
NC_045512.2	26919	C	-T	65595	51411	35	1	0	20	1.52439e-05	65600	1	FALSE	NA	NA	NA	NA	NA	NA
NC_045512.2	26920	T	C	65566	51384	35	11	9	33	0.000167739	65578	1	FALSE	NA	NA	NA	NA	NA	NA
NC_045512.2	26920	T	A	65566	51384	35	1	0	34	1.5249e-05	65578	1	FALSE	NA	NA	NA	NA	NA	NA
NC_045512.2	26921	T	C	64853	50625	35	20	3	34	0.000308295	64873	1	FALSE	NA	NA	NA	NA	NA	NA
NC_045512.2	26922	C	G	65689	51445	35	2	1	30	3.04451e-05	65692	1	FALSE	NA	NA	NA	NA	NA	NA
NC_045512.2	26922	C	A	65689	51445	35	1	1	34	1.52226e-05	65692	1	FALSE	NA	NA	NA	NA	NA	NA
NC_045512.2	26923	T	C	65355	51111	35	5	4	39	7.64994e-05	65360	1	FALSE	NA	NA	NA	NA	NA	NA
NC_045512.2	26924	A	G	65253	51012	35	4	3	34	6.12961e-05	65257	1	FALSE	NA	NA	NA	NA	NA	NA
NC_045512.2	26925	G	T	65187	51003	35	1	0	34	1.53398e-05	65190	1	FALSE	NA	NA	NA	NA	NA	NA
NC_045512.2	26925	G	A	65187	51003	35	2	2	51	3.06796e-05	65190	0.249998	FALSE	NA	NA	NA	NA	NA	NA
NC_045512.2	26926	A	G	64272	50982	35	3	2	34	4.66744e-05	64275	1	FALSE	NA	NA	NA	NA	NA	NA
NC_045512.2	26927	A	G	64880	50856	35	7	7	38	0.00010788	64887	1	FALSE	NA	NA	NA	NA	NA	NA
NC_045512.2	26928	A	G	60545	46638	35	7	4	31	0.000115603	60552	1	FALSE	NA	NA	NA	NA	NA	NA
NC_045512.2	26929	G	T	60389	47112	35	4	4	34	6.62317e-05	60394	1	FALSE	NA	NA	NA	NA	NA	NA
NC_045512.2	26929	G	A	60389	47112	35	1	1	34	1.65579e-05	60394	1	FALSE	NA	NA	NA	NA	NA	NA
NC_045512.2	26930	T	C	59497	46284	35	2	1	34	3.3614e-05	59499	1	FALSE	NA	NA	NA	NA	NA	NA
NC_045512.2	26931	G	C	59396	46241	35	1	0	34	1.68353e-05	59399	1	FALSE	NA	NA	NA	NA	NA	NA
NC_045512.2	26931	G	A	59396	46241	35	2	1	34	3.36706e-05	59399	1	FALSE	NA	NA	NA	NA	NA	NA
NC_045512.2	26932	A	T	59226	46097	35	1	1	26	1.68811e-05	59238	1	FALSE	NA	NA	NA	NA	NA	NA
NC_045512.2	26932	A	G	59226	46097	35	8	8	34	0.000135048	59238	1	FALSE	NA	NA	NA	NA	NA	NA
NC_045512.2	26932	A	C	59226	46097	35	3	3	31	5.06432e-05	59238	1	FALSE	NA	NA	NA	NA	NA	NA
NC_045512.2	26933	A	G	59129	46146	35	9	5	40	0.000152186	59138	0.21197	FALSE	NA	NA	NA	NA	NA	NA
NC_045512.2	26934	C	T	59467	46201	35	2	2	30	3.3631e-05	59469	1	FALSE	NA	NA	NA	NA	NA	NA
NC_045512.2	26935	T	C	59085	45830	35	10	8	33	0.000169219	59095	1	FALSE	NA	NA	NA	NA	NA	NA
NC_045512.2	26936	C	T	59148	45851	35	3	3	34	5.07151e-05	59154	1	FALSE	NA	NA	NA	NA	NA	NA
NC_045512.2	26936	C	G	59148	45851	35	1	1	34	1.6905e-05	59154	1	FALSE	NA	NA	NA	NA	NA	NA
NC_045512.2	26936	C	A	59148	45851	35	2	1	34	3.38101e-05	59154	1	FALSE	NA	NA	NA	NA	NA	NA
NC_045512.2	26937	G	T	59008	45712	35	2	1	34	3.38885e-05	59017	1	FALSE	NA	NA	NA	NA	NA	NA
NC_045512.2	26937	G	A	59008	45712	35	7	4	32	0.00011861	59017	1	FALSE	NA	NA	NA	NA	NA	NA
NC_045512.2	26938	T	C	58570	45467	35	7	3	32	0.000119499	58578	1	FALSE	NA	NA	NA	NA	NA	NA
NC_045512.2	26938	T	A	58570	45467	35	1	1	27	1.70713e-05	58578	1	FALSE	NA	NA	NA	NA	NA	NA
NC_045512.2	26938	T	-A	58570	45467	35	1	0	20	1.70713e-05	58578	1	FALSE	NA	NA	NA	NA	NA	NA
NC_045512.2	26939	A	G	58587	45461	35	2	2	34	3.41355e-05	58590	1	FALSE	NA	NA	NA	NA	NA	NA
NC_045512.2	26939	A	C	58587	45461	35	1	1	34	1.70678e-05	58590	1	FALSE	NA	NA	NA	NA	NA	NA
NC_045512.2	26940	A	G	58497	45387	35	3	2	34	5.12812e-05	58501	1	FALSE	NA	NA	NA	NA	NA	NA
NC_045512.2	26940	A	C	58497	45387	35	1	1	26	1.70937e-05	58501	1	FALSE	NA	NA	NA	NA	NA	NA
NC_045512.2	26941	T	C	58381	45300	35	1	1	34	1.71283e-05	58383	1	FALSE	NA	NA	NA	NA	NA	NA
NC_045512.2	26941	T	A	58381	45300	35	1	0	26	1.71283e-05	58383	1	FALSE	NA	NA	NA	NA	NA	NA
NC_045512.2	26941	T	-C	58381	45300	35	1	0	20	1.71283e-05	58383	1	FALSE	NA	NA	NA	NA	NA	NA
NC_045512.2	26942	C	T	58167	45556	34	7	4	34	0.000120322	58177	1	FALSE	NA	NA	NA	NA	NA	NA
NC_045512.2	26942	C	A	58167	45556	34	3	3	34	5.15668e-05	58177	1	FALSE	NA	NA	NA	NA	NA	NA
NC_045512.2	26943	G	T	55604	42989	34	4	4	32	7.19101e-05	55625	1	FALSE	NA	NA	NA	NA	NA	NA
NC_045512.2	26943	G	C	55604	42989	34	9	9	29	0.000161798	55625	1	FALSE	NA	NA	NA	NA	NA	NA
NC_045512.2	26943	G	A	55604	42989	34	8	7	38	0.00014382	55625	1	FALSE	NA	NA	NA	NA	NA	NA
NC_045512.2	26944	G	T	55608	42906	34	4	4	34	7.19192e-05	55618	1	FALSE	NA	NA	NA	NA	NA	NA
NC_045512.2	26944	G	C	55608	42906	34	3	3	34	5.39394e-05	55618	1	FALSE	NA	NA	NA	NA	NA	NA
NC_045512.2	26944	G	A	55608	42906	34	3	2	34	5.39394e-05	55618	1	FALSE	NA	NA	NA	NA	NA	NA
NC_045512.2	26945	A	T	54815	42125	34	1	1	34	1.82415e-05	54820	1	FALSE	NA	NA	NA	NA	NA	NA
NC_045512.2	26945	A	G	54815	42125	34	4	3	34	7.29661e-05	54820	1	FALSE	NA	NA	NA	NA	NA	NA
NC_045512.2	26946	G	T	54695	42043	34	1	1	34	1.82829e-05	54696	1	FALSE	NA	NA	NA	NA	NA	NA
NC_045512.2	26947	C	T	53566	40797	34	1369	1349	34	0.0249199	54936	0	TRUE	NA	NA	NA	NA	NA	NA
NC_045512.2	26947	C	G	53566	40797	34	1	0	34	1.8203e-05	54936	1	FALSE	NA	NA	NA	NA	NA	NA
NC_045512.2	26947	C	-TG	53566	40797	34	1	0	20	1.8203e-05	54936	1	FALSE	NA	NA	NA	NA	NA	NA
NC_045512.2	26948	T	G	54166	41370	34	3	3	34	5.537e-05	54181	1	FALSE	NA	NA	NA	NA	NA	NA
NC_045512.2	26948	T	C	54166	41370	34	8	6	45	0.000147653	54181	0.290435	FALSE	NA	NA	NA	NA	NA	NA
NC_045512.2	26948	T	A	54166	41370	34	4	4	34	7.38266e-05	54181	1	FALSE	NA	NA	NA	NA	NA	NA
NC_045512.2	26949	G	T	54470	41529	34	1	0	34	1.8357e-05	54475	1	FALSE	NA	NA	NA	NA	NA	NA
NC_045512.2	26949	G	C	54470	41529	34	2	2	34	3.67141e-05	54475	1	FALSE	NA	NA	NA	NA	NA	NA
NC_045512.2	26949	G	A	54470	41529	34	2	2	34	3.67141e-05	54475	1	FALSE	NA	NA	NA	NA	NA	NA
NC_045512.2	26950	T	C	53865	40975	34	11	8	33	0.000204173	53876	1	FALSE	NA	NA	NA	NA	NA	NA
NC_045512.2	26951	G	T	53972	41002	34	2	2	34	3.70521e-05	53978	1	FALSE	NA	NA	NA	NA	NA	NA
NC_045512.2	26951	G	C	53972	41002	34	1	1	34	1.85261e-05	53978	1	FALSE	NA	NA	NA	NA	NA	NA
NC_045512.2	26951	G	A	53972	41002	34	3	3	34	5.55782e-05	53978	1	FALSE	NA	NA	NA	NA	NA	NA
NC_045512.2	26952	A	T	53819	40942	34	1	1	34	1.85794e-05	53823	1	FALSE	NA	NA	NA	NA	NA	NA
NC_045512.2	26952	A	G	53819	40942	34	3	3	34	5.57383e-05	53823	1	FALSE	NA	NA	NA	NA	NA	NA
NC_045512.2	26956	T	C	13252	649	35	1	1	34	7.54546e-05	13253	0.999939	FALSE	NA	NA	NA	NA	NA	NA
NC_045512.2	26957	T	C	13259	654	35	1	0	34	7.54148e-05	13260	0.999939	FALSE	NA	NA	NA	NA	NA	NA
NC_045512.2	26958	C	T	13270	657	35	4	0	34	0.000301341	13274	0.993653	FALSE	NA	NA	NA	NA	NA	NA
NC_045512.2	26959	G	T	13341	655	35	1	0	34	7.49513e-05	13342	0.999939	FALSE	NA	NA	NA	NA	NA	NA
NC_045512.2	26961	G	A	13378	663	35	1	0	34	7.4744e-05	13379	0.999939	FALSE	NA	NA	NA	NA	NA	NA
NC_045512.2	26962	G	A	13378	664	35	4	2	68	0.000298909	13382	0.0624953	FALSE	NA	NA	NA	NA	NA	NA
NC_045512.2	26963	A	T	13368	674	35	1	0	34	7.47831e-05	13372	0.999939	FALSE	NA	NA	NA	NA	NA	NA
NC_045512.2	26963	A	G	13368	674	35	3	0	34	0.000224349	13372	0.997915	FALSE	NA	NA	NA	NA	NA	NA
NC_045512.2	26964	C	A	13411	676	35	1	0	34	7.45601e-05	13412	0.999939	FALSE	NA	NA	NA	NA	NA	NA
NC_045512.2	26965	A	G	13123	677	35	2	0	34	0.000152381	13125	0.999513	FALSE	NA	NA	NA	NA	NA	NA
NC_045512.2	26966	T	C	13567	677	35	3	0	34	0.000221076	13570	0.997916	FALSE	NA	NA	NA	NA	NA	NA
NC_045512.2	26968	T	C	13574	685	35	3	1	45	0.000220962	13577	0.312514	FALSE	NA	NA	NA	NA	NA	NA
NC_045512.2	26969	T	C	13651	700	35	7	0	34	0.00051252	13658	0.942426	FALSE	NA	NA	NA	NA	NA	NA
NC_045512.2	26970	C	T	13667	727	35	1	0	34	7.31636e-05	13668	0.999939	FALSE	NA	NA	NA	NA	NA	NA
NC_045512.2	26971	G	T	13727	726	35	1	0	26	7.28385e-05	13729	1	FALSE	NA	NA	NA	NA	NA	NA
NC_045512.2	26971	G	A	13727	726	35	1	0	34	7.28385e-05	13729	0.999939	FALSE	NA	NA	NA	NA	NA	NA
NC_045512.2	26972	T	C	13698	721	35	1	1	68	7.2998e-05	13699	0.500018	FALSE	NA	NA	NA	NA	NA	NA
NC_045512.2	26973	A	G	13737	730	35	4	0	34	0.0002911	13741	0.993653	FALSE	NA	NA	NA	NA	NA	NA
NC_045512.2	26974	T	A	13850	732	35	1	0	24	7.2197e-05	13851	1	FALSE	NA	NA	NA	NA	NA	NA
NC_045512.2	26975	T	C	13828	759	35	1	0	34	7.23118e-05	13829	0.999939	FALSE	NA	NA	NA	NA	NA	NA
NC_045512.2	26976	G	C	14390	758	35	1	0	34	6.9483e-05	14392	0.99997	FALSE	NA	NA	NA	NA	NA	NA
NC_045512.2	26976	G	A	14390	758	35	1	0	34	6.9483e-05	14392	0.99997	FALSE	NA	NA	NA	NA	NA	NA
NC_045512.2	26977	C	T	14364	817	35	1	0	34	6.96088e-05	14366	0.99997	FALSE	NA	NA	NA	NA	NA	NA
NC_045512.2	26977	C	G	14364	817	35	1	0	34	6.96088e-05	14366	0.99997	FALSE	NA	NA	NA	NA	NA	NA
NC_045512.2	26978	T	G	14417	817	36	3	0	34	0.000208016	14422	0.998828	FALSE	NA	NA	NA	NA	NA	NA
NC_045512.2	26978	T	C	14417	817	36	2	0	34	0.000138677	14422	0.999741	FALSE	NA	NA	NA	NA	NA	NA
NC_045512.2	26979	G	A	14531	817	35	1	0	34	6.88137e-05	14532	0.99997	FALSE	NA	NA	NA	NA	NA	NA
NC_045512.2	26980	G	A	14535	822	35	4	0	34	0.000275122	14539	0.996242	FALSE	NA	NA	NA	NA	NA	NA
NC_045512.2	26982	C	T	14336	860	36	1	0	34	6.97496e-05	14337	0.99997	FALSE	NA	NA	NA	NA	NA	NA
NC_045512.2	26983	A	G	14125	860	35	3	0	28	0.000212344	14128	1	FALSE	NA	NA	NA	NA	NA	NA
NC_045512.2	26984	C	A	14279	876	36	1	0	34	7.0028e-05	14280	0.99997	FALSE	NA	NA	NA	NA	NA	NA
NC_045512.2	26985	C	G	14244	1029	36	1	0	34	7.02001e-05	14245	0.99997	FALSE	NA	NA	NA	NA	NA	NA
NC_045512.2	26986	A	G	15307	1035	36	1	1	34	6.53253e-05	15308	0.999985	FALSE	NA	NA	NA	NA	NA	NA
NC_045512.2	26987	T	G	14029	1193	36	1	0	34	7.12758e-05	14030	0.99997	FALSE	NA	NA	NA	NA	NA	NA
NC_045512.2	26988	C	G	13918	1387	37	3	0	28	0.000215502	13921	1	FALSE	NA	NA	NA	NA	NA	NA
NC_045512.2	26989	T	C	13913	1392	37	4	0	42	0.000287398	13918	0.187478	FALSE	NA	NA	NA	NA	NA	NA
NC_045512.2	26989	T	A	13913	1392	37	1	0	34	7.18494e-05	13918	0.999939	FALSE	NA	NA	NA	NA	NA	NA
NC_045512.2	26990	A	G	13911	1397	37	2	0	34	0.00014375	13913	0.999513	FALSE	NA	NA	NA	NA	NA	NA
NC_045512.2	26993	A	C	13191	1494	37	1	0	34	7.58035e-05	13192	0.999939	FALSE	NA	NA	NA	NA	NA	NA
NC_045512.2	26994	C	T	12320	1561	37	6	3	34	0.000486776	12326	0.951951	FALSE	NA	NA	NA	NA	NA	NA
NC_045512.2	26995	G	T	12308	1564	37	5	0	34	0.000406042	12314	0.975517	FALSE	NA	NA	NA	NA	NA	NA
NC_045512.2	26995	G	A	12308	1564	37	1	0	34	8.12084e-05	12314	0.999878	FALSE	NA	NA	NA	NA	NA	NA
NC_045512.2	26996	C	T	10203	1712	36	1	0	34	9.79624e-05	10208	0.999512	FALSE	NA	NA	NA	NA	NA	NA
NC_045512.2	26996	C	G	10203	1712	36	1	0	34	9.79624e-05	10208	0.999512	FALSE	NA	NA	NA	NA	NA	NA
NC_045512.2	26996	C	A	10203	1712	36	3	0	34	0.000293887	10208	0.988785	FALSE	NA	NA	NA	NA	NA	NA
NC_045512.2	26997	T	G	10197	1702	37	1	0	34	9.80392e-05	10200	0.999513	FALSE	NA	NA	NA	NA	NA	NA
NC_045512.2	26997	T	C	10197	1702	37	2	0	34	0.000196078	10200	0.996833	FALSE	NA	NA	NA	NA	NA	NA
NC_045512.2	26998	G	C	10185	1701	37	1	0	34	9.81451e-05	10189	0.999513	FALSE	NA	NA	NA	NA	NA	NA
NC_045512.2	26998	G	A	10185	1701	37	3	1	34	0.000294435	10189	0.98879	FALSE	NA	NA	NA	NA	NA	NA
NC_045512.2	26999	T	C	10187	1737	36	4	1	34	0.000392465	10192	0.971355	FALSE	NA	NA	NA	NA	NA	NA
NC_045512.2	26999	T	A	10187	1737	36	1	0	26	9.81162e-05	10192	1	FALSE	NA	NA	NA	NA	NA	NA
NC_045512.2	27004	T	G	9951	1854	36	2	0	30	0.000200944	9953	0.994154	FALSE	NA	NA	NA	NA	NA	NA
NC_045512.2	27006	A	T	7494	2043	36	1	1	34	0.000133387	7497	0.996099	FALSE	NA	NA	NA	NA	NA	NA
NC_045512.2	27006	A	G	7494	2043	36	2	0	34	0.000266773	7497	0.980497	FALSE	NA	NA	NA	NA	NA	NA
NC_045512.2	27020	A	G	7463	2590	36	1	0	34	0.000133976	7464	0.996103	FALSE	NA	NA	NA	NA	NA	NA
NC_045512.2	27022	A	G	7467	2653	35	1	1	34	0.000133905	7468	0.996103	FALSE	NA	NA	NA	NA	NA	NA
NC_045512.2	27023	A	G	7406	2527	36	2	2	34	0.000269978	7408	0.980507	FALSE	NA	NA	NA	NA	NA	NA
NC_045512.2	27024	A	G	7627	2797	36	2	0	51	0.000262158	7629	0.250016	FALSE	NA	NA	NA	NA	NA	NA
NC_045512.2	27026	C	A	7598	2801	36	3	3	34	0.000394685	7601	0.945393	FALSE	NA	NA	NA	NA	NA	NA
NC_045512.2	27027	A	G	7566	2779	36	1	1	34	0.000132153	7567	0.996103	FALSE	NA	NA	NA	NA	NA	NA
NC_045512.2	27029	T	C	7725	2884	36	1	1	68	0.000129433	7726	0.500032	FALSE	NA	NA	NA	NA	NA	NA
NC_045512.2	27032	T	C	7782	2886	36	1	0	34	0.000128485	7783	0.996103	FALSE	NA	NA	NA	NA	NA	NA
NC_045512.2	27034	C	T	7695	2922	36	1	1	34	0.000129938	7696	0.996103	FALSE	NA	NA	NA	NA	NA	NA
NC_045512.2	27035	T	C	7684	2911	36	10	0	44	0.00129971	7694	0.000974342	TRUE	NA	NA	NA	NA	NA	NA
NC_045512.2	27036	A	C	7762	2906	36	2	0	34	0.000257599	7764	0.980505	FALSE	NA	NA	NA	NA	NA	NA
NC_045512.2	27037	C	T	7948	2872	36	3	1	34	0.000377216	7953	0.945346	FALSE	NA	NA	NA	NA	NA	NA
NC_045512.2	27037	C	G	7948	2872	36	1	0	68	0.000125739	7953	0.499906	FALSE	NA	NA	NA	NA	NA	NA
NC_045512.2	27037	C	A	7948	2872	36	1	0	26	0.000125739	7953	1	FALSE	NA	NA	NA	NA	NA	NA
NC_045512.2	27038	A	G	7888	2840	36	1	1	34	0.000126759	7889	0.996103	FALSE	NA	NA	NA	NA	NA	NA
NC_045512.2	27039	T	C	7991	2911	36	2	0	34	0.000250219	7993	0.980504	FALSE	NA	NA	NA	NA	NA	NA
NC_045512.2	27040	C	T	7966	2896	36	1	0	34	0.000125518	7967	0.996103	FALSE	NA	NA	NA	NA	NA	NA
NC_045512.2	27044	A	G	7973	2912	36	1	0	34	0.000125408	7974	0.996103	FALSE	NA	NA	NA	NA	NA	NA
NC_045512.2	27046	C	G	7931	3184	36	1	0	34	0.000126072	7932	0.996103	FALSE	NA	NA	NA	NA	NA	NA
NC_045512.2	27047	G	A	7940	3179	37	1	0	34	0.000125929	7941	0.996103	FALSE	NA	NA	NA	NA	NA	NA
NC_045512.2	27048	C	A	7563	3210	36	1	1	34	0.000132205	7564	0.996103	FALSE	NA	NA	NA	NA	NA	NA
NC_045512.2	27049	T	A	7508	3193	36	1	0	34	0.000133174	7509	0.996103	FALSE	NA	NA	NA	NA	NA	NA
NC_045512.2	27050	T	A	7636	3329	36	1	0	34	0.000130941	7637	0.996103	FALSE	NA	NA	NA	NA	NA	NA
NC_045512.2	27051	T	A	7597	3239	36	1	0	34	0.000131614	7598	0.996103	FALSE	NA	NA	NA	NA	NA	NA
NC_045512.2	27053	T	A	7687	3328	37	1	1	34	0.000130073	7688	0.996103	FALSE	NA	NA	NA	NA	NA	NA
NC_045512.2	27055	A	T	8827	4682	37	1	0	46	0.00011325	8830	0.499972	FALSE	NA	NA	NA	NA	NA	NA
NC_045512.2	27055	A	G	8827	4682	37	1	0	26	0.00011325	8830	1	FALSE	NA	NA	NA	NA	NA	NA
NC_045512.2	27055	A	C	8827	4682	37	1	1	34	0.00011325	8830	0.99805	FALSE	NA	NA	NA	NA	NA	NA
NC_045512.2	27057	T	C	8907	5035	37	2	1	34	0.000224492	8909	0.98928	FALSE	NA	NA	NA	NA	NA	NA
NC_045512.2	27059	C	T	8863	5066	37	2	0	34	0.000225606	8865	0.98928	FALSE	NA	NA	NA	NA	NA	NA
NC_045512.2	27064	T	C	9331	5558	37	1	0	34	0.000107147	9333	0.999026	FALSE	NA	NA	NA	NA	NA	NA
NC_045512.2	27064	T	A	9331	5558	37	1	1	34	0.000107147	9333	0.999026	FALSE	NA	NA	NA	NA	NA	NA
NC_045512.2	27065	G	T	9335	5588	37	1	0	34	0.000107101	9337	0.999026	FALSE	NA	NA	NA	NA	NA	NA
NC_045512.2	27065	G	C	9335	5588	37	1	1	68	0.000107101	9337	0.5	FALSE	NA	NA	NA	NA	NA	NA
NC_045512.2	27066	G	T	9351	5610	37	2	0	34	0.000213767	9356	0.994146	FALSE	NA	NA	NA	NA	NA	NA
NC_045512.2	27066	G	C	9351	5610	37	3	3	28	0.00032065	9356	1	FALSE	NA	NA	NA	NA	NA	NA
NC_045512.2	27068	A	T	9269	5664	37	1	0	34	0.000107805	9276	0.999023	FALSE	NA	NA	NA	NA	NA	NA
NC_045512.2	27068	A	G	9269	5664	37	6	5	37	0.000646831	9276	0.84922	FALSE	NA	NA	NA	NA	NA	NA
NC_045512.2	27070	C	T	9311	5741	37	4	4	34	0.000429415	9315	0.953932	FALSE	NA	NA	NA	NA	NA	NA
NC_045512.2	27071	T	G	9242	5662	37	1	1	26	0.00010819	9243	1	FALSE	NA	NA	NA	NA	NA	NA
NC_045512.2	27072	T	A	9379	5825	37	2	0	26	0.000213197	9381	1	FALSE	NA	NA	NA	NA	NA	NA
NC_045512.2	27074	G	A	9353	5800	37	2	2	34	0.000213789	9355	0.994155	FALSE	NA	NA	NA	NA	NA	NA
NC_045512.2	27075	C	T	9282	5829	37	7	6	34	0.00075358	9289	0.772915	FALSE	NA	NA	NA	NA	NA	NA
NC_045512.2	27076	A	G	9238	5786	37	2	2	34	0.000216427	9241	0.994152	FALSE	NA	NA	NA	NA	NA	NA
NC_045512.2	27076	A	C	9238	5786	37	1	1	34	0.000108213	9241	0.999025	FALSE	NA	NA	NA	NA	NA	NA
NC_045512.2	27078	C	T	9555	6503	37	1	1	34	0.000104646	9556	0.999026	FALSE	NA	NA	NA	NA	NA	NA
NC_045512.2	27079	G	T	9831	6532	37	1	1	26	0.000101667	9836	1	FALSE	NA	NA	NA	NA	NA	NA
NC_045512.2	27079	G	C	9831	6532	37	2	2	34	0.000203335	9836	0.994146	FALSE	NA	NA	NA	NA	NA	NA
NC_045512.2	27079	G	A	9831	6532	37	2	1	34	0.000203335	9836	0.994146	FALSE	NA	NA	NA	NA	NA	NA
NC_045512.2	27081	G	A	9763	6519	37	3	3	34	0.000307188	9766	0.98075	FALSE	NA	NA	NA	NA	NA	NA
NC_045512.2	27083	A	G	9801	6620	37	1	0	34	0.00010202	9802	0.999026	FALSE	NA	NA	NA	NA	NA	NA
NC_045512.2	27084	G	C	9816	6598	37	3	3	34	0.00030553	9819	0.98075	FALSE	NA	NA	NA	NA	NA	NA
NC_045512.2	27086	A	G	9362	6352	37	3	2	34	0.000320342	9365	0.980752	FALSE	NA	NA	NA	NA	NA	NA
NC_045512.2	27091	A	T	8897	6846	36	1	1	34	0.000112372	8899	0.998051	FALSE	NA	NA	NA	NA	NA	NA
NC_045512.2	27091	A	G	8897	6846	36	1	1	34	0.000112372	8899	0.998051	FALSE	NA	NA	NA	NA	NA	NA
NC_045512.2	27095	A	G	9051	7063	36	2	2	34	0.000220921	9053	0.994155	FALSE	NA	NA	NA	NA	NA	NA
NC_045512.2	27097	G	T	9655	7758	36	3	2	34	0.000310559	9660	0.980734	FALSE	NA	NA	NA	NA	NA	NA
NC_045512.2	27097	G	A	9655	7758	36	2	2	34	0.000207039	9660	0.994146	FALSE	NA	NA	NA	NA	NA	NA
NC_045512.2	27097	G	-T	9655	7758	36	3	0	20	0.000310559	9660	1	FALSE	NA	NA	NA	NA	NA	NA
NC_045512.2	27098	T	C	9655	7762	36	1	1	34	0.000103563	9656	0.999025	FALSE	NA	NA	NA	NA	NA	NA
NC_045512.2	27099	T	C	9818	7940	36	1	0	26	0.000101833	9820	1	FALSE	NA	NA	NA	NA	NA	NA
NC_045512.2	27099	T	A	9818	7940	36	1	1	34	0.000101833	9820	0.999026	FALSE	NA	NA	NA	NA	NA	NA
NC_045512.2	27101	T	C	10005	8139	36	1	1	34	9.994e-05	10006	0.999513	FALSE	NA	NA	NA	NA	NA	NA
NC_045512.2	27102	G	A	10059	8105	36	2	1	68	0.000198787	10061	0.250012	FALSE	NA	NA	NA	NA	NA	NA
NC_045512.2	27103	C	T	9997	8223	36	2	2	34	0.00020002	9999	0.994154	FALSE	NA	NA	NA	NA	NA	NA
NC_045512.2	27105	G	A	10318	8402	36	5	3	34	0.000484355	10323	0.940854	FALSE	NA	NA	NA	NA	NA	NA
NC_045512.2	27106	C	T	10312	8400	36	1	1	34	9.69462e-05	10315	0.999513	FALSE	NA	NA	NA	NA	NA	NA
NC_045512.2	27106	C	A	10312	8400	36	2	1	30	0.000193892	10315	0.996833	FALSE	NA	NA	NA	NA	NA	NA
NC_045512.2	27107	A	C	10530	8604	36	3	3	31	0.000284819	10533	0.988794	FALSE	NA	NA	NA	NA	NA	NA
NC_045512.2	27109	A	T	10500	8583	36	1	1	34	9.52018e-05	10504	0.999512	FALSE	NA	NA	NA	NA	NA	NA
NC_045512.2	27109	A	G	10500	8583	36	3	1	45	0.000285605	10504	0.312482	FALSE	NA	NA	NA	NA	NA	NA
NC_045512.2	27110	C	T	10492	8588	36	2	2	34	0.000190585	10494	0.996835	FALSE	NA	NA	NA	NA	NA	NA
NC_045512.2	27111	A	C	10255	8350	36	2	2	34	0.000194989	10257	0.996835	FALSE	NA	NA	NA	NA	NA	NA
NC_045512.2	27113	T	C	10613	8774	36	3	3	34	0.000282592	10616	0.988794	FALSE	NA	NA	NA	NA	NA	NA
NC_045512.2	27115	G	A	10241	8537	36	1	1	34	9.76372e-05	10242	0.999513	FALSE	NA	NA	NA	NA	NA	NA
NC_045512.2	27117	T	C	10258	8505	36	1	1	34	9.74659e-05	10260	0.999513	FALSE	NA	NA	NA	NA	NA	NA
NC_045512.2	27117	T	A	10258	8505	36	1	1	34	9.74659e-05	10260	0.999513	FALSE	NA	NA	NA	NA	NA	NA
NC_045512.2	27120	A	G	10165	8441	36	3	2	42	0.000295043	10168	0.312518	FALSE	NA	NA	NA	NA	NA	NA
NC_045512.2	27121	G	T	10021	8344	36	2	2	34	0.000199541	10023	0.996835	FALSE	NA	NA	NA	NA	NA	NA
NC_045512.2	27123	A	G	10163	8525	36	1	1	26	9.83865e-05	10164	1	FALSE	NA	NA	NA	NA	NA	NA
NC_045512.2	27125	T	C	9906	8224	36	3	3	30	0.000302755	9909	0.980749	FALSE	NA	NA	NA	NA	NA	NA
NC_045512.2	27128	C	T	10353	8805	36	3	3	34	0.000289659	10357	0.98879	FALSE	NA	NA	NA	NA	NA	NA
NC_045512.2	27128	C	G	10353	8805	36	1	1	34	9.65531e-05	10357	0.999512	FALSE	NA	NA	NA	NA	NA	NA
NC_045512.2	27130	A	G	10212	8696	36	1	0	26	9.79144e-05	10213	1	FALSE	NA	NA	NA	NA	NA	NA
NC_045512.2	27133	A	T	11169	9724	36	1	1	68	8.95255e-05	11170	0.500022	FALSE	NA	NA	NA	NA	NA	NA
NC_045512.2	27134	T	C	11215	9779	36	2	2	34	0.000178301	11217	0.998296	FALSE	NA	NA	NA	NA	NA	NA
NC_045512.2	27135	A	G	11202	9815	36	1	1	34	8.92618e-05	11203	0.999757	FALSE	NA	NA	NA	NA	NA	NA
NC_045512.2	27136	A	G	11250	9820	36	1	1	34	8.8881e-05	11251	0.999757	FALSE	NA	NA	NA	NA	NA	NA
NC_045512.2	27138	T	C	11025	9895	36	2	2	34	0.000181373	11027	0.998296	FALSE	NA	NA	NA	NA	NA	NA
NC_045512.2	27141	A	G	10880	9749	36	1	1	26	9.18949e-05	10882	1	FALSE	NA	NA	NA	NA	NA	NA
NC_045512.2	27141	A	C	10880	9749	36	1	1	34	9.18949e-05	10882	0.999513	FALSE	NA	NA	NA	NA	NA	NA
NC_045512.2	27146	A	T	10538	9417	36	1	1	26	9.48767e-05	10540	1	FALSE	NA	NA	NA	NA	NA	NA
NC_045512.2	27146	A	G	10538	9417	36	1	1	34	9.48767e-05	10540	0.999513	FALSE	NA	NA	NA	NA	NA	NA
NC_045512.2	27148	A	G	10479	9402	36	2	1	29	0.000190803	10482	1	FALSE	NA	NA	NA	NA	NA	NA
NC_045512.2	27148	A	C	10479	9402	36	1	1	34	9.54016e-05	10482	0.999513	FALSE	NA	NA	NA	NA	NA	NA
NC_045512.2	27152	T	C	10152	9071	36	1	1	34	9.84931e-05	10153	0.999513	FALSE	NA	NA	NA	NA	NA	NA
NC_045512.2	27153	T	C	10264	9176	36	3	3	38	0.00029217	10268	0.98879	FALSE	NA	NA	NA	NA	NA	NA
NC_045512.2	27153	T	A	10264	9176	36	1	1	60	9.73899e-05	10268	0.499951	FALSE	NA	NA	NA	NA	NA	NA
NC_045512.2	27155	C	A	10289	9210	36	1	1	34	9.71817e-05	10290	0.999513	FALSE	NA	NA	NA	NA	NA	NA
NC_045512.2	27156	A	T	8573	7503	36	10	10	34	0.00116414	8590	0.406633	FALSE	NA	NA	NA	NA	NA	NA
NC_045512.2	27156	A	G	8573	7503	36	4	4	34	0.000465658	8590	0.926734	FALSE	NA	NA	NA	NA	NA	NA
NC_045512.2	27156	A	C	8573	7503	36	3	2	31	0.000349243	8590	0.967144	FALSE	NA	NA	NA	NA	NA	NA
NC_045512.2	27157	G	A	8534	7492	36	1	1	34	0.000117165	8535	0.998052	FALSE	NA	NA	NA	NA	NA	NA
NC_045512.2	27158	T	C	8338	7276	36	2	2	34	0.000239808	8340	0.989282	FALSE	NA	NA	NA	NA	NA	NA
NC_045512.2	27160	G	-CAGTGA	8285	7265	36	3	0	20	0.0003621	8285	1	FALSE	NA	NA	NA	NA	NA	NA
NC_045512.2	27161	C	T	7987	6969	36	1	1	34	0.000125188	7988	0.996097	FALSE	NA	NA	NA	NA	NA	NA
NC_045512.2	27162	A	G	7854	6832	36	2	2	34	0.000254582	7856	0.980478	FALSE	NA	NA	NA	NA	NA	NA
NC_045512.2	27165	G	T	7663	6671	36	1	1	34	0.000130429	7667	0.996091	FALSE	NA	NA	NA	NA	NA	NA
NC_045512.2	27165	G	A	7663	6671	36	3	3	34	0.000391287	7667	0.945301	FALSE	NA	NA	NA	NA	NA	NA
NC_045512.2	27168	A	G	7556	6583	36	2	1	51	0.00026462	7558	0.250017	FALSE	NA	NA	NA	NA	NA	NA
NC_045512.2	27170	T	C	7262	6359	35	4	4	34	0.000550509	7266	0.886852	FALSE	NA	NA	NA	NA	NA	NA
NC_045512.2	27171	A	G	7437	6585	36	2	2	34	0.000268817	7440	0.980497	FALSE	NA	NA	NA	NA	NA	NA
NC_045512.2	27171	A	C	7437	6585	36	1	1	34	0.000134409	7440	0.996099	FALSE	NA	NA	NA	NA	NA	NA
NC_045512.2	27171	A	+T	7437	6585	36	2	0	20	0.000268817	7440	1	FALSE	NA	NA	NA	NA	NA	NA
NC_045512.2	27173	T	C	7309	6415	36	2	2	34	0.00027356	7311	0.980507	FALSE	NA	NA	NA	NA	NA	NA
NC_045512.2	27176	T	G	6640	5775	36	2	0	34	0.000301069	6643	0.964885	FALSE	NA	NA	NA	NA	NA	NA
NC_045512.2	27176	T	C	6640	5775	36	1	0	34	0.000150534	6643	0.992196	FALSE	NA	NA	NA	NA	NA	NA
NC_045512.2	27177	T	G	6723	5844	36	1	0	34	0.000148721	6724	0.992204	FALSE	NA	NA	NA	NA	NA	NA
NC_045512.2	27178	T	C	6358	5600	36	3	3	34	0.000471624	6361	0.910272	FALSE	NA	NA	NA	NA	NA	NA
NC_045512.2	27180	C	T	6241	5680	35	1	1	26	0.000160205	6242	1	FALSE	NA	NA	NA	NA	NA	NA
NC_045512.2	27181	T	C	6230	5668	35	2	0	51	0.000320924	6232	0.25002	FALSE	NA	NA	NA	NA	NA	NA
NC_045512.2	27183	G	T	24609	5545	34	1	0	34	4.0619e-05	24619	1	FALSE	NA	NA	NA	NA	NA	NA
NC_045512.2	27183	G	C	24609	5545	34	1	0	34	4.0619e-05	24619	1	FALSE	NA	NA	NA	NA	NA	NA
NC_045512.2	27183	G	A	24609	5545	34	8	2	34	0.000324952	24619	0.998952	FALSE	NA	NA	NA	NA	NA	NA
NC_045512.2	27184	T	G	24997	5556	34	1	0	34	4.00016e-05	24999	1	FALSE	NA	NA	NA	NA	NA	NA
NC_045512.2	27184	T	C	24997	5556	34	1	0	34	4.00016e-05	24999	1	FALSE	NA	NA	NA	NA	NA	NA
NC_045512.2	27185	A	G	25117	5558	34	7	1	32	0.000278618	25124	0.999734	FALSE	NA	NA	NA	NA	NA	NA
NC_045512.2	27186	C	T	25440	5469	34	154	0	34	0.00599595	25684	2.45511e-24	TRUE	NA	NA	NA	NA	NA	NA
NC_045512.2	27186	C	A	25440	5469	34	90	77	41	0.00350413	25684	6.15786e-25	TRUE	NA	NA	NA	NA	NA	NA
NC_045512.2	27187	A	G	25412	5230	34	2	0	34	7.86937e-05	25415	1	FALSE	NA	NA	NA	NA	NA	NA
NC_045512.2	27187	A	C	25412	5230	34	1	0	34	3.93468e-05	25415	1	FALSE	NA	NA	NA	NA	NA	NA
NC_045512.2	27188	G	T	23513	5219	34	3788	1	33	0.138744	27302	0	TRUE	NA	NA	NA	NA	NA	NA
NC_045512.2	27188	G	A	23513	5219	34	1	1	34	3.66274e-05	27302	1	FALSE	NA	NA	NA	NA	NA	NA
NC_045512.2	27189	T	G	26856	4821	34	4	0	34	0.000148909	26862	0.999996	FALSE	NA	NA	NA	NA	NA	NA
NC_045512.2	27189	T	C	26856	4821	34	2	1	34	7.44546e-05	26862	1	FALSE	NA	NA	NA	NA	NA	NA
NC_045512.2	27190	A	G	27061	4832	34	2	0	34	7.39016e-05	27063	1	FALSE	NA	NA	NA	NA	NA	NA
NC_045512.2	27191	A	G	27629	4821	34	3	1	34	0.00010857	27632	1	FALSE	NA	NA	NA	NA	NA	NA
NC_045512.2	27192	G	-TGACAACAGATGTTTCATCTCGTTGAC	28031	4729	34	11	0	20	0.000392423	28031	1	FALSE	NA	NA	NA	NA	NA	NA
NC_045512.2	27193	T	C	27905	4535	34	2	0	34	7.16589e-05	27910	1	FALSE	NA	NA	NA	NA	NA	NA
NC_045512.2	27193	T	A	27905	4535	34	3	0	31	0.000107488	27910	1	FALSE	NA	NA	NA	NA	NA	NA
NC_045512.2	27194	G	T	27963	4497	34	3	0	34	0.000107265	27968	1	FALSE	NA	NA	NA	NA	NA	NA
NC_045512.2	27194	G	C	27963	4497	34	2	1	30	7.15103e-05	27968	1	FALSE	NA	NA	NA	NA	NA	NA
NC_045512.2	27195	A	G	27868	4395	34	3	1	34	0.000107639	27871	1	FALSE	NA	NA	NA	NA	NA	NA
NC_045512.2	27196	C	T	28643	4506	34	6	4	34	0.000209431	28649	0.999981	FALSE	NA	NA	NA	NA	NA	NA
NC_045512.2	27197	A	T	28115	3996	34	1	0	34	3.55631e-05	28119	1	FALSE	NA	NA	NA	NA	NA	NA
NC_045512.2	27197	A	G	28115	3996	34	3	0	34	0.000106689	28119	1	FALSE	NA	NA	NA	NA	NA	NA
NC_045512.2	27198	A	G	28413	3992	34	5	0	34	0.000175945	28418	0.999995	FALSE	NA	NA	NA	NA	NA	NA
NC_045512.2	27199	C	T	28887	3996	34	1	0	34	3.46117e-05	28892	1	FALSE	NA	NA	NA	NA	NA	NA
NC_045512.2	27199	C	A	28887	3996	34	4	0	34	0.000138447	28892	0.999999	FALSE	NA	NA	NA	NA	NA	NA
NC_045512.2	27200	A	G	28524	3641	34	3	0	28	0.00010516	28528	1	FALSE	NA	NA	NA	NA	NA	NA
NC_045512.2	27200	A	C	28524	3641	34	1	0	26	3.50533e-05	28528	1	FALSE	NA	NA	NA	NA	NA	NA
NC_045512.2	27201	G	T	28629	3632	34	1	0	34	3.49284e-05	28630	1	FALSE	NA	NA	NA	NA	NA	NA
NC_045512.2	27202	A	G	28651	3577	34	1	0	26	3.49016e-05	28652	1	FALSE	NA	NA	NA	NA	NA	NA
NC_045512.2	27203	T	G	28962	3738	34	1	0	34	3.45244e-05	28965	1	FALSE	NA	NA	NA	NA	NA	NA
NC_045512.2	27203	T	C	28962	3738	34	1	1	34	3.45244e-05	28965	1	FALSE	NA	NA	NA	NA	NA	NA
NC_045512.2	27203	T	A	28962	3738	34	1	0	26	3.45244e-05	28965	1	FALSE	NA	NA	NA	NA	NA	NA
NC_045512.2	27204	G	T	29676	3747	34	1	0	34	3.36927e-05	29680	1	FALSE	NA	NA	NA	NA	NA	NA
NC_045512.2	27204	G	C	29676	3747	34	2	2	34	6.73854e-05	29680	1	FALSE	NA	NA	NA	NA	NA	NA
NC_045512.2	27204	G	A	29676	3747	34	1	0	34	3.36927e-05	29680	1	FALSE	NA	NA	NA	NA	NA	NA
NC_045512.2	27205	T	C	29715	3864	34	2	0	34	6.73015e-05	29717	1	FALSE	NA	NA	NA	NA	NA	NA
NC_045512.2	27206	T	C	29603	3875	34	4	0	32	0.000135099	29608	0.999999	FALSE	NA	NA	NA	NA	NA	NA
NC_045512.2	27206	T	A	29603	3875	34	1	0	34	3.37747e-05	29608	1	FALSE	NA	NA	NA	NA	NA	NA
NC_045512.2	27206	T	+TCA	29603	3875	34	1	0	20	3.37564e-05	29624	1	FALSE	NA	NA	NA	NA	NA	NA
NC_045512.2	27207	T	C	29578	3836	34	12	1	34	0.000405515	29592	0.997832	FALSE	NA	NA	NA	NA	NA	NA
NC_045512.2	27207	T	A	29578	3836	34	2	0	34	6.75858e-05	29592	1	FALSE	NA	NA	NA	NA	NA	NA
NC_045512.2	27208	C	T	29123	3642	34	287	10	34	0.00975859	29410	4.11372e-55	TRUE	NA	NA	NA	NA	NA	NA
NC_045512.2	27209	A	G	29277	3623	34	2	1	34	6.83083e-05	29279	1	FALSE	NA	NA	NA	NA	NA	NA
NC_045512.2	27211	C	T	29552	3670	34	1	1	34	3.38375e-05	29553	1	FALSE	NA	NA	NA	NA	NA	NA
NC_045512.2	27212	T	C	29458	3541	34	3	0	31	0.00010183	29461	1	FALSE	NA	NA	NA	NA	NA	NA
NC_045512.2	27213	C	G	29261	3302	34	1	0	26	3.41728e-05	29263	1	FALSE	NA	NA	NA	NA	NA	NA
NC_045512.2	27213	C	A	29261	3302	34	1	0	26	3.41728e-05	29263	1	FALSE	NA	NA	NA	NA	NA	NA
NC_045512.2	27214	G	A	29322	3300	34	5	0	34	0.000170491	29327	0.999997	FALSE	NA	NA	NA	NA	NA	NA
NC_045512.2	27215	T	C	26853	1025	34	4	0	34	0.000148937	26857	0.999996	FALSE	NA	NA	NA	NA	NA	NA
NC_045512.2	27216	T	G	26981	1154	34	2	0	30	7.41098e-05	26987	1	FALSE	NA	NA	NA	NA	NA	NA
NC_045512.2	27216	T	C	26981	1154	34	4	0	34	0.00014822	26987	0.999998	FALSE	NA	NA	NA	NA	NA	NA
NC_045512.2	27218	A	G	27879	1216	34	1	0	34	3.5868e-05	27880	1	FALSE	NA	NA	NA	NA	NA	NA
NC_045512.2	27220	T	C	28301	1257	34	1	0	34	3.53332e-05	28302	1	FALSE	NA	NA	NA	NA	NA	NA
NC_045512.2	27221	T	G	28250	1240	34	1	0	26	3.5387e-05	28259	1	FALSE	NA	NA	NA	NA	NA	NA
NC_045512.2	27221	T	C	28250	1240	34	6	1	39	0.000212322	28259	0.999981	FALSE	NA	NA	NA	NA	NA	NA
NC_045512.2	27221	T	A	28250	1240	34	2	0	34	7.07739e-05	28259	1	FALSE	NA	NA	NA	NA	NA	NA
NC_045512.2	27222	T	C	28352	1243	34	1	0	34	3.52684e-05	28354	1	FALSE	NA	NA	NA	NA	NA	NA
NC_045512.2	27222	T	A	28352	1243	34	1	0	34	3.52684e-05	28354	1	FALSE	NA	NA	NA	NA	NA	NA
NC_045512.2	27223	C	T	28325	1238	34	2	0	34	7.06015e-05	28328	1	FALSE	NA	NA	NA	NA	NA	NA
NC_045512.2	27223	C	A	28325	1238	34	1	0	26	3.53008e-05	28328	1	FALSE	NA	NA	NA	NA	NA	NA
NC_045512.2	27224	A	G	28139	1244	34	11	0	34	0.000390764	28150	0.998317	FALSE	NA	NA	NA	NA	NA	NA
NC_045512.2	27225	G	T	29482	1233	34	1	0	34	3.39132e-05	29487	1	FALSE	NA	NA	NA	NA	NA	NA
NC_045512.2	27225	G	A	29482	1233	34	4	0	34	0.000135653	29487	0.999999	FALSE	NA	NA	NA	NA	NA	NA
NC_045512.2	27226	G	C	29538	1284	34	1	0	34	3.38535e-05	29539	1	FALSE	NA	NA	NA	NA	NA	NA
NC_045512.2	27226	G	-T	29538	1284	34	1	0	20	3.38535e-05	29539	1	FALSE	NA	NA	NA	NA	NA	NA
NC_045512.2	27227	T	C	29599	1294	34	5	0	34	0.000168896	29604	0.999997	FALSE	NA	NA	NA	NA	NA	NA
NC_045512.2	27229	A	T	29993	1323	34	1	0	26	3.33333e-05	30000	1	FALSE	NA	NA	NA	NA	NA	NA
NC_045512.2	27229	A	G	29993	1323	34	6	0	34	0.0002	30000	0.999994	FALSE	NA	NA	NA	NA	NA	NA
NC_045512.2	27231	T	G	34425	1445	34	1	0	34	2.90453e-05	34429	1	FALSE	NA	NA	NA	NA	NA	NA
NC_045512.2	27231	T	C	34425	1445	34	3	0	34	8.71358e-05	34429	1	FALSE	NA	NA	NA	NA	NA	NA
NC_045512.2	27232	A	G	34555	1464	34	4	0	34	0.000115744	34559	1	FALSE	NA	NA	NA	NA	NA	NA
NC_045512.2	27233	T	G	34794	1490	34	3	0	31	8.62069e-05	34800	1	FALSE	NA	NA	NA	NA	NA	NA
NC_045512.2	27233	T	C	34794	1490	34	2	0	51	5.74713e-05	34800	0.249975	FALSE	NA	NA	NA	NA	NA	NA
NC_045512.2	27233	T	A	34794	1490	34	1	0	34	2.87356e-05	34800	1	FALSE	NA	NA	NA	NA	NA	NA
NC_045512.2	27238	G	T	35965	1922	35	2	0	34	5.5605e-05	35968	1	FALSE	NA	NA	NA	NA	NA	NA
NC_045512.2	27238	G	C	35965	1922	35	1	0	34	2.78025e-05	35968	1	FALSE	NA	NA	NA	NA	NA	NA
NC_045512.2	27238	G	-AGATATTAC	35965	1922	35	3	0	20	8.34075e-05	35968	1	FALSE	NA	NA	NA	NA	NA	NA
NC_045512.2	27239	A	T	36474	2155	35	5	0	32	0.00013705	36483	1	FALSE	NA	NA	NA	NA	NA	NA
NC_045512.2	27239	A	G	36474	2155	35	4	0	34	0.00010964	36483	1	FALSE	NA	NA	NA	NA	NA	NA
NC_045512.2	27241	A	T	36284	2187	35	1	0	34	2.75573e-05	36288	1	FALSE	NA	NA	NA	NA	NA	NA
NC_045512.2	27241	A	G	36284	2187	35	3	0	34	8.2672e-05	36288	1	FALSE	NA	NA	NA	NA	NA	NA
NC_045512.2	27242	T	G	37766	2170	35	2	0	34	5.29465e-05	37774	1	FALSE	NA	NA	NA	NA	NA	NA
NC_045512.2	27242	T	C	37766	2170	35	6	0	34	0.000158839	37774	1	FALSE	NA	NA	NA	NA	NA	NA
NC_045512.2	27243	A	G	37293	2215	35	1	0	34	2.6814e-05	37294	1	FALSE	NA	NA	NA	NA	NA	NA
NC_045512.2	27244	T	C	38088	2217	35	2	0	30	5.25058e-05	38091	1	FALSE	NA	NA	NA	NA	NA	NA
NC_045512.2	27244	T	A	38088	2217	35	1	0	26	2.62529e-05	38091	1	FALSE	NA	NA	NA	NA	NA	NA
NC_045512.2	27245	T	C	38032	2232	36	3	0	34	7.88726e-05	38036	1	FALSE	NA	NA	NA	NA	NA	NA
NC_045512.2	27245	T	A	38032	2232	36	1	0	34	2.62909e-05	38036	1	FALSE	NA	NA	NA	NA	NA	NA
NC_045512.2	27246	A	G	38460	2242	36	11	0	33	0.00028593	38471	0.999981	FALSE	NA	NA	NA	NA	NA	NA
NC_045512.2	27246	A	+CT	38460	2242	36	1	0	20	2.59916e-05	38474	1	FALSE	NA	NA	NA	NA	NA	NA
NC_045512.2	27247	C	T	38590	2530	36	546	16	35	0.0139513	39136	1.79255e-116	TRUE	NA	NA	NA	NA	NA	NA
NC_045512.2	27247	C	-TAAT	38590	2530	36	1	0	20	2.555e-05	39139	1	FALSE	NA	NA	NA	NA	NA	NA
NC_045512.2	27248	T	G	39311	2604	36	3	0	31	7.6297e-05	39320	1	FALSE	NA	NA	NA	NA	NA	NA
NC_045512.2	27248	T	C	39311	2604	36	5	0	32	0.000127162	39320	1	FALSE	NA	NA	NA	NA	NA	NA
NC_045512.2	27248	T	A	39311	2604	36	1	0	26	2.54323e-05	39320	1	FALSE	NA	NA	NA	NA	NA	NA
NC_045512.2	27248	T	-A	39311	2604	36	1	0	20	2.54317e-05	39321	1	FALSE	NA	NA	NA	NA	NA	NA
NC_045512.2	27249	A	T	42109	2661	36	1	0	34	2.37462e-05	42112	1	FALSE	NA	NA	NA	NA	NA	NA
NC_045512.2	27249	A	G	42109	2661	36	2	0	30	4.74924e-05	42112	1	FALSE	NA	NA	NA	NA	NA	NA
NC_045512.2	27249	A	-ATT	42109	2661	36	1	0	20	2.37451e-05	42114	1	FALSE	NA	NA	NA	NA	NA	NA
NC_045512.2	27250	A	G	41796	3420	36	6	2	34	0.00014353	41803	1	FALSE	NA	NA	NA	NA	NA	NA
NC_045512.2	27250	A	C	41796	3420	36	1	0	26	2.39217e-05	41803	1	FALSE	NA	NA	NA	NA	NA	NA
NC_045512.2	27251	T	C	42613	3435	37	2	0	51	4.69318e-05	42615	0.249991	FALSE	NA	NA	NA	NA	NA	NA
NC_045512.2	27252	T	C	42085	3421	37	5	1	40	0.000118793	42090	0.5	FALSE	NA	NA	NA	NA	NA	NA
NC_045512.2	27253	A	T	42856	3456	37	1	0	34	2.33334e-05	42857	1	FALSE	NA	NA	NA	NA	NA	NA
NC_045512.2	27254	T	C	42774	3436	37	2	1	34	4.67552e-05	42776	1	FALSE	NA	NA	NA	NA	NA	NA
NC_045512.2	27255	T	C	42611	3469	37	2	0	34	4.6934e-05	42613	1	FALSE	NA	NA	NA	NA	NA	NA
NC_045512.2	27256	A	G	42840	3506	37	1	0	34	2.33421e-05	42841	1	FALSE	NA	NA	NA	NA	NA	NA
NC_045512.2	27257	T	C	42894	3500	37	1	1	34	2.33127e-05	42895	1	FALSE	NA	NA	NA	NA	NA	NA
NC_045512.2	27258	G	T	42826	3510	37	1	0	34	2.33487e-05	42829	1	FALSE	NA	NA	NA	NA	NA	NA
NC_045512.2	27258	G	A	42826	3510	37	2	0	34	4.66973e-05	42829	1	FALSE	NA	NA	NA	NA	NA	NA
NC_045512.2	27258	G	-A	42826	3510	37	2	0	20	4.66973e-05	42829	1	FALSE	NA	NA	NA	NA	NA	NA
NC_045512.2	27259	A	T	7	0	34	11	1	34	0.000258083	42622	1.13688e-28	TRUE	NA	NA	NA	NA	NA	NA
NC_045512.2	27259	A	G	7	0	34	1	0	26	2.34621e-05	42622	0.0773821	FALSE	NA	NA	NA	NA	NA	NA
NC_045512.2	27259	A	C	7	0	34	42603	3519	37	0.999554	42622	0	TRUE	NA	NA	NA	NA	NA	NA
NC_045512.2	27260	G	C	42874	3501	37	2	0	34	4.66429e-05	42879	1	FALSE	NA	NA	NA	NA	NA	NA
NC_045512.2	27260	G	A	42874	3501	37	3	1	34	6.99643e-05	42879	1	FALSE	NA	NA	NA	NA	NA	NA
NC_045512.2	27261	G	A	42919	3666	37	1	0	68	2.32992e-05	42920	0.500006	FALSE	NA	NA	NA	NA	NA	NA
NC_045512.2	27262	A	G	42399	3796	37	1	0	34	2.35849e-05	42400	1	FALSE	NA	NA	NA	NA	NA	NA
NC_045512.2	27263	C	T	42206	3977	37	570	30	35	0.0133243	42779	2.27192e-120	TRUE	NA	NA	NA	NA	NA	NA
NC_045512.2	27263	C	G	42206	3977	37	1	0	34	2.3376e-05	42779	1	FALSE	NA	NA	NA	NA	NA	NA
NC_045512.2	27263	C	A	42206	3977	37	2	0	30	4.67519e-05	42779	1	FALSE	NA	NA	NA	NA	NA	NA
NC_045512.2	27264	T	C	42818	4058	37	2	1	29	4.67071e-05	42820	1	FALSE	NA	NA	NA	NA	NA	NA
NC_045512.2	27265	T	G	42647	3992	37	1	0	27	2.3445e-05	42653	1	FALSE	NA	NA	NA	NA	NA	NA
NC_045512.2	27265	T	C	42647	3992	37	5	0	34	0.000117225	42653	1	FALSE	NA	NA	NA	NA	NA	NA
NC_045512.2	27266	T	C	42612	4393	38	4	1	40	9.38593e-05	42617	0.636725	FALSE	NA	NA	NA	NA	NA	NA
NC_045512.2	27266	T	A	42612	4393	38	1	1	24	2.34648e-05	42617	1	FALSE	NA	NA	NA	NA	NA	NA
NC_045512.2	27267	T	G	42378	4428	38	2	0	30	4.71876e-05	42384	1	FALSE	NA	NA	NA	NA	NA	NA
NC_045512.2	27267	T	C	42378	4428	38	4	1	34	9.43752e-05	42384	1	FALSE	NA	NA	NA	NA	NA	NA
NC_045512.2	27268	A	G	38305	4840	37	4	0	34	0.000104414	38309	1	FALSE	NA	NA	NA	NA	NA	NA
NC_045512.2	27269	A	G	38191	4855	37	3	2	34	7.85464e-05	38194	1	FALSE	NA	NA	NA	NA	NA	NA
NC_045512.2	27270	A	G	36085	5059	37	6	1	36	0.000166242	36092	1	FALSE	NA	NA	NA	NA	NA	NA
NC_045512.2	27270	A	C	36085	5059	37	1	0	34	2.7707e-05	36092	1	FALSE	NA	NA	NA	NA	NA	NA
NC_045512.2	27272	T	C	36147	5125	37	1	0	34	2.7664e-05	36148	1	FALSE	NA	NA	NA	NA	NA	NA
NC_045512.2	27273	T	G	36210	5224	37	1	0	34	2.76113e-05	36217	1	FALSE	NA	NA	NA	NA	NA	NA
NC_045512.2	27273	T	C	36210	5224	37	6	0	34	0.000165668	36217	1	FALSE	NA	NA	NA	NA	NA	NA
NC_045512.2	27274	T	C	36134	5274	37	4	1	34	0.000110687	36138	1	FALSE	NA	NA	NA	NA	NA	NA
NC_045512.2	27274	T	-C	36134	5274	37	1	0	20	2.76717e-05	36138	1	FALSE	NA	NA	NA	NA	NA	NA
NC_045512.2	27275	C	T	35560	5324	37	1	0	34	2.81199e-05	35562	1	FALSE	NA	NA	NA	NA	NA	NA
NC_045512.2	27275	C	G	35560	5324	37	1	0	34	2.81199e-05	35562	1	FALSE	NA	NA	NA	NA	NA	NA
NC_045512.2	27276	C	T	35634	5494	37	3	0	45	8.41822e-05	35637	0.65627	FALSE	NA	NA	NA	NA	NA	NA
NC_045512.2	27277	A	G	35399	5543	37	1	0	34	2.82486e-05	35400	1	FALSE	NA	NA	NA	NA	NA	NA
NC_045512.2	27279	T	G	35022	5941	37	1	0	26	2.85486e-05	35028	1	FALSE	NA	NA	NA	NA	NA	NA
NC_045512.2	27279	T	C	35022	5941	37	4	2	42	0.000114194	35028	0.499984	FALSE	NA	NA	NA	NA	NA	NA
NC_045512.2	27279	T	A	35022	5941	37	1	0	34	2.85486e-05	35028	1	FALSE	NA	NA	NA	NA	NA	NA
NC_045512.2	27280	T	C	34098	6115	38	4	1	32	0.000117295	34102	1	FALSE	NA	NA	NA	NA	NA	NA
NC_045512.2	27281	G	T	33616	6194	37	1	0	34	2.97442e-05	33620	1	FALSE	NA	NA	NA	NA	NA	NA
NC_045512.2	27281	G	A	33616	6194	37	3	0	34	8.92326e-05	33620	1	FALSE	NA	NA	NA	NA	NA	NA
NC_045512.2	27282	G	C	34060	6251	37	1	1	34	2.93591e-05	34061	1	FALSE	NA	NA	NA	NA	NA	NA
NC_045512.2	27283	A	G	33983	6507	38	3	0	30	8.82716e-05	33986	1	FALSE	NA	NA	NA	NA	NA	NA
NC_045512.2	27284	A	G	31146	6855	37	2	1	34	6.42096e-05	31148	1	FALSE	NA	NA	NA	NA	NA	NA
NC_045512.2	27285	T	C	30814	6768	37	3	0	34	9.73489e-05	30817	1	FALSE	NA	NA	NA	NA	NA	NA
NC_045512.2	27286	C	T	30706	6978	37	1	0	34	3.25659e-05	30707	1	FALSE	NA	NA	NA	NA	NA	NA
NC_045512.2	27287	T	C	30733	6975	37	4	2	59	0.000130115	30742	0.0624776	FALSE	NA	NA	NA	NA	NA	NA
NC_045512.2	27287	T	A	30733	6975	37	5	0	34	0.000162644	30742	0.999998	FALSE	NA	NA	NA	NA	NA	NA
NC_045512.2	27290	A	G	29879	7649	37	1	0	34	3.34672e-05	29880	1	FALSE	NA	NA	NA	NA	NA	NA
NC_045512.2	27291	T	G	29803	7694	37	1	0	34	3.35503e-05	29806	1	FALSE	NA	NA	NA	NA	NA	NA
NC_045512.2	27291	T	C	29803	7694	37	2	1	51	6.71006e-05	29806	0.249996	FALSE	NA	NA	NA	NA	NA	NA
NC_045512.2	27292	T	A	29369	7820	37	1	0	34	3.40483e-05	29370	1	FALSE	NA	NA	NA	NA	NA	NA
NC_045512.2	27293	A	T	28670	7994	37	1	0	34	3.48772e-05	28672	1	FALSE	NA	NA	NA	NA	NA	NA
NC_045512.2	27293	A	G	28670	7994	37	1	1	34	3.48772e-05	28672	1	FALSE	NA	NA	NA	NA	NA	NA
NC_045512.2	27294	C	T	27973	7972	36	386	63	35	0.0136112	28359	2.00442e-82	TRUE	NA	NA	NA	NA	NA	NA
NC_045512.2	27295	A	G	29268	7947	37	1	1	34	3.41647e-05	29270	1	FALSE	NA	NA	NA	NA	NA	NA
NC_045512.2	27295	A	C	29268	7947	37	1	1	34	3.41647e-05	29270	1	FALSE	NA	NA	NA	NA	NA	NA
NC_045512.2	27296	T	G	30750	7948	37	1	0	26	3.25129e-05	30757	1	FALSE	NA	NA	NA	NA	NA	NA
NC_045512.2	27296	T	C	30750	7948	37	6	0	34	0.000195078	30757	0.999994	FALSE	NA	NA	NA	NA	NA	NA
NC_045512.2	27299	T	C	29869	7912	37	2	0	34	6.69546e-05	29871	1	FALSE	NA	NA	NA	NA	NA	NA
NC_045512.2	27299	T	-A	29869	7912	37	1	0	20	3.34773e-05	29871	1	FALSE	NA	NA	NA	NA	NA	NA
NC_045512.2	27300	A	G	29308	7951	37	1	0	34	3.41192e-05	29309	1	FALSE	NA	NA	NA	NA	NA	NA
NC_045512.2	27302	A	C	23019	8045	34	2	0	26	8.68772e-05	23021	1	FALSE	NA	NA	NA	NA	NA	NA
NC_045512.2	27303	C	T	29153	8066	37	2	0	34	6.85989e-05	29155	1	FALSE	NA	NA	NA	NA	NA	NA
NC_045512.2	27304	C	T	28457	7932	37	1	0	26	3.51383e-05	28459	1	FALSE	NA	NA	NA	NA	NA	NA
NC_045512.2	27304	C	A	28457	7932	37	1	1	34	3.51383e-05	28459	1	FALSE	NA	NA	NA	NA	NA	NA
NC_045512.2	27305	T	C	28013	7427	37	9	0	40	0.000321142	28025	0.0326933	FALSE	NA	NA	NA	NA	NA	NA
NC_045512.2	27305	T	A	28013	7427	37	3	0	34	0.000107047	28025	1	FALSE	NA	NA	NA	NA	NA	NA
NC_045512.2	27306	C	T	28179	7674	37	1	1	34	3.54862e-05	28180	1	FALSE	NA	NA	NA	NA	NA	NA
NC_045512.2	27307	A	C	28278	7712	37	1	0	34	3.53619e-05	28279	1	FALSE	NA	NA	NA	NA	NA	NA
NC_045512.2	27309	A	T	28418	7724	37	1	1	34	3.51865e-05	28420	1	FALSE	NA	NA	NA	NA	NA	NA
NC_045512.2	27309	A	G	28418	7724	37	1	0	34	3.51865e-05	28420	1	FALSE	NA	NA	NA	NA	NA	NA
NC_045512.2	27310	A	G	28732	7873	37	1	0	34	3.48032e-05	28733	1	FALSE	NA	NA	NA	NA	NA	NA
NC_045512.2	27311	T	C	29294	8725	37	3	3	31	0.000102393	29299	1	FALSE	NA	NA	NA	NA	NA	NA
NC_045512.2	27311	T	A	29294	8725	37	2	0	30	6.82617e-05	29299	1	FALSE	NA	NA	NA	NA	NA	NA
NC_045512.2	27312	T	C	29058	8682	37	5	2	32	0.000172034	29064	0.999997	FALSE	NA	NA	NA	NA	NA	NA
NC_045512.2	27312	T	A	29058	8682	37	1	0	26	3.44068e-05	29064	1	FALSE	NA	NA	NA	NA	NA	NA
NC_045512.2	27312	T	-A	29058	8682	37	2	0	20	6.88137e-05	29064	1	FALSE	NA	NA	NA	NA	NA	NA
NC_045512.2	27313	A	T	29088	8668	37	1	1	34	3.43749e-05	29091	1	FALSE	NA	NA	NA	NA	NA	NA
NC_045512.2	27313	A	G	29088	8668	37	2	0	51	6.87498e-05	29091	0.249979	FALSE	NA	NA	NA	NA	NA	NA
NC_045512.2	27314	A	G	28662	8681	37	3	1	34	0.000104657	28665	1	FALSE	NA	NA	NA	NA	NA	NA
NC_045512.2	27315	A	G	29132	8701	37	1	0	34	3.43253e-05	29133	1	FALSE	NA	NA	NA	NA	NA	NA
NC_045512.2	27316	A	G	29214	8782	37	2	1	34	6.84533e-05	29217	1	FALSE	NA	NA	NA	NA	NA	NA
NC_045512.2	27316	A	C	29214	8782	37	1	0	34	3.42266e-05	29217	1	FALSE	NA	NA	NA	NA	NA	NA
NC_045512.2	27317	A	T	28969	8823	37	1	0	34	3.45161e-05	28972	1	FALSE	NA	NA	NA	NA	NA	NA
NC_045512.2	27317	A	G	28969	8823	37	1	0	34	3.45161e-05	28972	1	FALSE	NA	NA	NA	NA	NA	NA
NC_045512.2	27317	A	C	28969	8823	37	1	1	34	3.45161e-05	28972	1	FALSE	NA	NA	NA	NA	NA	NA
NC_045512.2	27317	A	+T	28969	8823	37	1	0	20	3.45161e-05	28972	1	FALSE	NA	NA	NA	NA	NA	NA
NC_045512.2	27318	T	G	29176	9029	37	1	0	38	3.42724e-05	29178	1	FALSE	NA	NA	NA	NA	NA	NA
NC_045512.2	27318	T	A	29176	9029	37	1	0	26	3.42724e-05	29178	1	FALSE	NA	NA	NA	NA	NA	NA
NC_045512.2	27319	T	C	28649	9068	37	1	0	34	3.4904e-05	28650	1	FALSE	NA	NA	NA	NA	NA	NA
NC_045512.2	27321	A	G	28595	9122	37	5	2	54	0.000174825	28600	0.0312473	FALSE	NA	NA	NA	NA	NA	NA
NC_045512.2	27322	T	C	28562	9115	37	1	0	34	3.50079e-05	28565	1	FALSE	NA	NA	NA	NA	NA	NA
NC_045512.2	27322	T	A	28562	9115	37	2	0	30	7.00158e-05	28565	1	FALSE	NA	NA	NA	NA	NA	NA
NC_045512.2	27323	C	T	28307	9258	37	2	0	34	7.06464e-05	28310	1	FALSE	NA	NA	NA	NA	NA	NA
NC_045512.2	27323	C	A	28307	9258	37	1	0	34	3.53232e-05	28310	1	FALSE	NA	NA	NA	NA	NA	NA
NC_045512.2	27324	T	C	28583	9211	37	1	0	34	3.49846e-05	28584	1	FALSE	NA	NA	NA	NA	NA	NA
NC_045512.2	27325	A	G	28730	9322	37	2	0	34	6.96064e-05	28733	1	FALSE	NA	NA	NA	NA	NA	NA
NC_045512.2	27325	A	C	28730	9322	37	1	0	26	3.48032e-05	28733	1	FALSE	NA	NA	NA	NA	NA	NA
NC_045512.2	27326	A	G	27784	9457	37	1	1	60	3.59893e-05	27786	0.5	FALSE	NA	NA	NA	NA	NA	NA
NC_045512.2	27326	A	C	27784	9457	37	1	0	34	3.59893e-05	27786	1	FALSE	NA	NA	NA	NA	NA	NA
NC_045512.2	27327	G	T	28485	9472	37	1	1	26	3.5105e-05	28486	1	FALSE	NA	NA	NA	NA	NA	NA
NC_045512.2	27328	T	G	29523	11179	38	4	0	30	0.000135446	29532	0.999999	FALSE	NA	NA	NA	NA	NA	NA
NC_045512.2	27328	T	C	29523	11179	38	4	2	49	0.000135446	29532	0.343679	FALSE	NA	NA	NA	NA	NA	NA
NC_045512.2	27328	T	A	29523	11179	38	1	0	34	3.38616e-05	29532	1	FALSE	NA	NA	NA	NA	NA	NA
NC_045512.2	27329	C	T	29662	11465	38	2	1	30	6.74218e-05	29664	1	FALSE	NA	NA	NA	NA	NA	NA
NC_045512.2	27330	A	T	29768	11409	38	1	1	34	3.35875e-05	29773	1	FALSE	NA	NA	NA	NA	NA	NA
NC_045512.2	27330	A	G	29768	11409	38	4	0	42	0.00013435	29773	0.343742	FALSE	NA	NA	NA	NA	NA	NA
NC_045512.2	27331	C	T	26448	11991	37	3	1	34	0.000113413	26452	0.999999	FALSE	NA	NA	NA	NA	NA	NA
NC_045512.2	27331	C	G	26448	11991	37	1	0	27	3.78043e-05	26452	1	FALSE	NA	NA	NA	NA	NA	NA
NC_045512.2	27332	T	G	26037	11642	37	3	2	31	0.000115194	26043	0.999999	FALSE	NA	NA	NA	NA	NA	NA
NC_045512.2	27332	T	C	26037	11642	37	2	0	34	7.67961e-05	26043	1	FALSE	NA	NA	NA	NA	NA	NA
NC_045512.2	27332	T	A	26037	11642	37	1	1	26	3.8398e-05	26043	1	FALSE	NA	NA	NA	NA	NA	NA
NC_045512.2	27333	A	T	26445	11900	37	1	1	34	3.78115e-05	26447	1	FALSE	NA	NA	NA	NA	NA	NA
NC_045512.2	27333	A	G	26445	11900	37	1	0	34	3.78115e-05	26447	1	FALSE	NA	NA	NA	NA	NA	NA
NC_045512.2	27334	A	T	26405	11958	37	1	1	34	3.78702e-05	26406	1	FALSE	NA	NA	NA	NA	NA	NA
NC_045512.2	27335	C	T	25997	12173	37	3	3	34	0.000115385	26000	0.999999	FALSE	NA	NA	NA	NA	NA	NA
NC_045512.2	27336	T	C	25078	11169	37	2	0	34	7.97448e-05	25080	1	FALSE	NA	NA	NA	NA	NA	NA
NC_045512.2	27337	G	T	25335	11354	37	1	1	34	3.94664e-05	25338	1	FALSE	NA	NA	NA	NA	NA	NA
NC_045512.2	27337	G	C	25335	11354	37	2	2	34	7.89328e-05	25338	1	FALSE	NA	NA	NA	NA	NA	NA
NC_045512.2	27338	A	T	25525	11493	37	1	1	34	3.91742e-05	25527	1	FALSE	NA	NA	NA	NA	NA	NA
NC_045512.2	27338	A	G	25525	11493	37	1	1	46	3.91742e-05	25527	0.875007	FALSE	NA	NA	NA	NA	NA	NA
NC_045512.2	27339	G	C	26068	11572	37	1	1	27	3.83597e-05	26069	1	FALSE	NA	NA	NA	NA	NA	NA
NC_045512.2	27340	A	T	25751	11971	37	1	0	24	3.88289e-05	25754	1	FALSE	NA	NA	NA	NA	NA	NA
NC_045512.2	27340	A	G	25751	11971	37	2	1	30	7.76578e-05	25754	1	FALSE	NA	NA	NA	NA	NA	NA
NC_045512.2	27341	A	G	25207	12220	37	2	1	51	7.93336e-05	25210	0.249995	FALSE	NA	NA	NA	NA	NA	NA
NC_045512.2	27341	A	C	25207	12220	37	1	1	34	3.96668e-05	25210	1	FALSE	NA	NA	NA	NA	NA	NA
NC_045512.2	27342	T	G	25771	12690	37	1	0	26	3.88018e-05	25772	1	FALSE	NA	NA	NA	NA	NA	NA
NC_045512.2	27343	A	G	25084	12689	37	2	2	34	7.97257e-05	25086	1	FALSE	NA	NA	NA	NA	NA	NA
NC_045512.2	27344	A	G	25532	12709	37	4	3	42	0.000156642	25536	0.343759	FALSE	NA	NA	NA	NA	NA	NA
NC_045512.2	27345	A	T	25210	12729	37	7	0	32	0.000277568	25219	0.999733	FALSE	NA	NA	NA	NA	NA	NA
NC_045512.2	27345	A	G	25210	12729	37	1	1	34	3.96526e-05	25219	1	FALSE	NA	NA	NA	NA	NA	NA
NC_045512.2	27345	A	C	25210	12729	37	1	0	34	3.96526e-05	25219	1	FALSE	NA	NA	NA	NA	NA	NA
NC_045512.2	27346	T	C	25505	12622	37	3	2	35	0.00011761	25508	0.999998	FALSE	NA	NA	NA	NA	NA	NA
NC_045512.2	27347	A	T	24743	12755	37	2	1	30	8.08179e-05	24747	1	FALSE	NA	NA	NA	NA	NA	NA
NC_045512.2	27347	A	C	24743	12755	37	2	2	34	8.08179e-05	24747	1	FALSE	NA	NA	NA	NA	NA	NA
NC_045512.2	27348	T	C	24452	12523	37	2	2	26	8.17862e-05	24454	1	FALSE	NA	NA	NA	NA	NA	NA
NC_045512.2	27349	T	C	24207	12588	36	2	2	34	8.26139e-05	24209	1	FALSE	NA	NA	NA	NA	NA	NA
NC_045512.2	27351	T	C	22344	13531	37	10	4	32	0.000447347	22354	0.989994	FALSE	NA	NA	NA	NA	NA	NA
NC_045512.2	27352	C	T	23044	13560	37	5	1	34	0.000216929	23049	0.99991	FALSE	NA	NA	NA	NA	NA	NA
NC_045512.2	27353	A	T	22931	13509	36	1	0	34	4.36053e-05	22933	1	FALSE	NA	NA	NA	NA	NA	NA
NC_045512.2	27353	A	G	22931	13509	36	1	1	34	4.36053e-05	22933	1	FALSE	NA	NA	NA	NA	NA	NA
NC_045512.2	27354	A	G	23131	13710	37	2	2	47	8.64566e-05	23133	0.687524	FALSE	NA	NA	NA	NA	NA	NA
NC_045512.2	27354	A	-T	23131	13710	37	2	0	20	8.64566e-05	23133	1	FALSE	NA	NA	NA	NA	NA	NA
NC_045512.2	27356	T	C	23334	13801	37	4	1	29	0.000171394	23338	1	FALSE	NA	NA	NA	NA	NA	NA
NC_045512.2	27357	A	G	23278	13744	37	4	2	42	0.000171807	23282	0.34376	FALSE	NA	NA	NA	NA	NA	NA
NC_045512.2	27359	A	T	25983	16171	37	1	0	34	3.84763e-05	25990	1	FALSE	NA	NA	NA	NA	NA	NA
NC_045512.2	27359	A	G	25983	16171	37	6	3	34	0.000230858	25990	0.999904	FALSE	NA	NA	NA	NA	NA	NA
NC_045512.2	27360	T	C	26366	16372	37	2	0	30	7.58495e-05	26368	1	FALSE	NA	NA	NA	NA	NA	NA
NC_045512.2	27361	G	T	26037	16045	37	4	4	34	0.000153598	26042	0.999996	FALSE	NA	NA	NA	NA	NA	NA
NC_045512.2	27361	G	A	26037	16045	37	1	1	34	3.83995e-05	26042	1	FALSE	NA	NA	NA	NA	NA	NA
NC_045512.2	27362	A	T	26192	16249	37	4	0	34	0.000152689	26197	0.999996	FALSE	NA	NA	NA	NA	NA	NA
NC_045512.2	27362	A	C	26192	16249	37	1	1	34	3.81723e-05	26197	1	FALSE	NA	NA	NA	NA	NA	NA
NC_045512.2	27364	G	A	25280	16379	37	1	1	34	3.95554e-05	25281	1	FALSE	NA	NA	NA	NA	NA	NA
NC_045512.2	27365	A	G	25212	16410	37	3	1	34	0.000118977	25215	0.999998	FALSE	NA	NA	NA	NA	NA	NA
NC_045512.2	27366	G	C	25258	16339	37	1	1	34	3.95898e-05	25259	1	FALSE	NA	NA	NA	NA	NA	NA
NC_045512.2	27367	C	T	25833	17066	37	4	4	34	0.000154811	25838	0.999992	FALSE	NA	NA	NA	NA	NA	NA
NC_045512.2	27367	C	G	25833	17066	37	1	0	34	3.87027e-05	25838	1	FALSE	NA	NA	NA	NA	NA	NA
NC_045512.2	27368	A	G	26144	17202	37	2	0	29	7.64935e-05	26146	1	FALSE	NA	NA	NA	NA	NA	NA
NC_045512.2	27370	C	T	28281	19303	37	1	1	34	3.53569e-05	28283	1	FALSE	NA	NA	NA	NA	NA	NA
NC_045512.2	27370	C	A	28281	19303	37	1	0	26	3.53569e-05	28283	1	FALSE	NA	NA	NA	NA	NA	NA
NC_045512.2	27371	C	T	28627	19660	38	2	2	51	6.98568e-05	28630	0.249996	FALSE	NA	NA	NA	NA	NA	NA
NC_045512.2	27371	C	A	28627	19660	38	1	0	26	3.49284e-05	28630	1	FALSE	NA	NA	NA	NA	NA	NA
NC_045512.2	27372	A	T	28548	19513	37	1	1	34	3.50214e-05	28554	1	FALSE	NA	NA	NA	NA	NA	NA
NC_045512.2	27372	A	G	28548	19513	37	5	3	40	0.000175107	28554	0.226548	FALSE	NA	NA	NA	NA	NA	NA
NC_045512.2	27373	A	G	28355	19326	37	3	2	34	0.000105787	28359	1	FALSE	NA	NA	NA	NA	NA	NA
NC_045512.2	27373	A	C	28355	19326	37	1	0	26	3.52622e-05	28359	1	FALSE	NA	NA	NA	NA	NA	NA
NC_045512.2	27374	T	C	28409	19321	37	2	1	34	7.03953e-05	28411	1	FALSE	NA	NA	NA	NA	NA	NA
NC_045512.2	27377	A	T	28243	19224	38	1	0	34	3.54045e-05	28245	1	FALSE	NA	NA	NA	NA	NA	NA
NC_045512.2	27377	A	G	28243	19224	38	1	0	34	3.54045e-05	28245	1	FALSE	NA	NA	NA	NA	NA	NA
NC_045512.2	27379	A	G	27740	18878	37	1	1	34	3.60464e-05	27742	1	FALSE	NA	NA	NA	NA	NA	NA
NC_045512.2	27379	A	C	27740	18878	37	1	1	26	3.60464e-05	27742	1	FALSE	NA	NA	NA	NA	NA	NA
NC_045512.2	27379	A	-T	27740	18878	37	1	0	20	3.60464e-05	27742	1	FALSE	NA	NA	NA	NA	NA	NA
NC_045512.2	27381	T	C	26922	18098	37	6	4	34	0.000222808	26929	0.999944	FALSE	NA	NA	NA	NA	NA	NA
NC_045512.2	27381	T	A	26922	18098	37	1	1	34	3.71347e-05	26929	1	FALSE	NA	NA	NA	NA	NA	NA
NC_045512.2	27382	G	T	1	0	34	2	2	34	7.91734e-05	25261	3.2975e-06	TRUE	NA	NA	NA	NA	NA	NA
NC_045512.2	27382	G	C	1	0	34	25257	17961	37	0.999842	25261	0	TRUE	NA	NA	NA	NA	NA	NA
NC_045512.2	27382	G	A	1	0	34	1	0	34	3.95867e-05	25261	0.00205733	TRUE	NA	NA	NA	NA	NA	NA
NC_045512.2	27383	A	T	1	1	34	24595	17285	36	0.999797	24600	0	TRUE	NA	NA	NA	NA	NA	NA
NC_045512.2	27383	A	C	1	1	34	4	2	30	0.000162602	24600	6.70115e-12	TRUE	NA	NA	NA	NA	NA	NA
NC_045512.2	27384	T	C	2	1	26	25082	17727	37	0.99992	25084	0	TRUE	NA	NA	NA	NA	NA	NA
NC_045512.2	27384	T	+C	2	1	26	1	0	20	3.98661e-05	25084	0.0297186	FALSE	NA	NA	NA	NA	NA	NA
NC_045512.2	27385	T	C	29823	22398	37	2	1	51	6.70578e-05	29825	0.250004	FALSE	NA	NA	NA	NA	NA	NA
NC_045512.2	27386	A	G	29879	22456	37	3	1	45	0.000100395	29882	0.500016	FALSE	NA	NA	NA	NA	NA	NA
NC_045512.2	27387	A	G	29906	22479	37	1	1	34	3.3437e-05	29907	1	FALSE	NA	NA	NA	NA	NA	NA
NC_045512.2	27389	C	T	28106	21101	38	1849	1441	36	0.0617259	29955	0	TRUE	NA	NA	NA	NA	NA	NA
NC_045512.2	27390	G	T	30430	23009	37	1	1	34	3.28612e-05	30431	1	FALSE	NA	NA	NA	NA	NA	NA
NC_045512.2	27391	A	T	30566	23140	38	1	1	34	3.27139e-05	30568	1	FALSE	NA	NA	NA	NA	NA	NA
NC_045512.2	27391	A	G	30566	23140	38	1	0	26	3.27139e-05	30568	1	FALSE	NA	NA	NA	NA	NA	NA
NC_045512.2	27392	A	G	30448	23150	37	3	2	34	9.85189e-05	30451	1	FALSE	NA	NA	NA	NA	NA	NA
NC_045512.2	27394	A	G	30748	23329	38	1	1	34	3.25214e-05	30749	1	FALSE	NA	NA	NA	NA	NA	NA
NC_045512.2	27395	T	C	30591	23384	37	3	3	34	9.80584e-05	30594	1	FALSE	NA	NA	NA	NA	NA	NA
NC_045512.2	27396	G	T	30463	23538	37	1	1	34	3.28202e-05	30469	1	FALSE	NA	NA	NA	NA	NA	NA
NC_045512.2	27396	G	C	30463	23538	37	3	3	34	9.84607e-05	30469	1	FALSE	NA	NA	NA	NA	NA	NA
NC_045512.2	27396	G	A	30463	23538	37	2	0	68	6.56405e-05	30469	0.249971	FALSE	NA	NA	NA	NA	NA	NA
NC_045512.2	27396	G	+A	30463	23538	37	1	0	20	3.28202e-05	30469	1	FALSE	NA	NA	NA	NA	NA	NA
NC_045512.2	27397	A	G	29865	23621	37	4	4	34	0.000133914	29870	0.999999	FALSE	NA	NA	NA	NA	NA	NA
NC_045512.2	27397	A	C	29865	23621	37	1	1	26	3.34784e-05	29870	1	FALSE	NA	NA	NA	NA	NA	NA
NC_045512.2	27398	A	G	30164	23876	37	3	3	34	9.94431e-05	30168	1	FALSE	NA	NA	NA	NA	NA	NA
NC_045512.2	27398	A	C	30164	23876	37	1	1	34	3.31477e-05	30168	1	FALSE	NA	NA	NA	NA	NA	NA
NC_045512.2	27399	A	G	30200	23897	37	2	1	34	6.62186e-05	30203	1	FALSE	NA	NA	NA	NA	NA	NA
NC_045512.2	27399	A	C	30200	23897	37	1	1	34	3.31093e-05	30203	1	FALSE	NA	NA	NA	NA	NA	NA
NC_045512.2	27400	A	G	30770	24560	37	2	1	34	6.49942e-05	30772	1	FALSE	NA	NA	NA	NA	NA	NA
NC_045512.2	27401	T	C	30866	24575	37	4	2	32	0.000129571	30871	1	FALSE	NA	NA	NA	NA	NA	NA
NC_045512.2	27401	T	A	30866	24575	37	1	1	34	3.23929e-05	30871	1	FALSE	NA	NA	NA	NA	NA	NA
NC_045512.2	27402	T	G	30552	24269	37	1	0	34	3.27247e-05	30558	1	FALSE	NA	NA	NA	NA	NA	NA
NC_045512.2	27402	T	C	30552	24269	37	5	5	30	0.000163623	30558	0.999998	FALSE	NA	NA	NA	NA	NA	NA
NC_045512.2	27402	T	-A	30552	24269	37	2965	0	20	0.0970286	30558	0	TRUE	NA	NA	NA	NA	NA	NA
NC_045512.2	27403	A	T	27932	22320	37	17	10	33	0.000608185	27952	0.956336	FALSE	NA	NA	NA	NA	NA	NA
NC_045512.2	27403	A	C	27932	22320	37	3	3	34	0.000107327	27952	1	FALSE	NA	NA	NA	NA	NA	NA
NC_045512.2	27404	T	C	30811	24618	37	1	1	34	3.24538e-05	30813	1	FALSE	NA	NA	NA	NA	NA	NA
NC_045512.2	27404	T	A	30811	24618	37	1	1	34	3.24538e-05	30813	1	FALSE	NA	NA	NA	NA	NA	NA
NC_045512.2	27405	T	C	30730	24553	37	4	3	40	0.000130145	30735	0.5	FALSE	NA	NA	NA	NA	NA	NA
NC_045512.2	27405	T	A	30730	24553	37	1	1	34	3.25362e-05	30735	1	FALSE	NA	NA	NA	NA	NA	NA
NC_045512.2	27406	C	A	30911	24749	37	2	1	34	6.46977e-05	30913	1	FALSE	NA	NA	NA	NA	NA	NA
NC_045512.2	27406	C	-T	30911	24749	37	1	0	20	3.23488e-05	30913	1	FALSE	NA	NA	NA	NA	NA	NA
NC_045512.2	27407	T	G	30612	24424	37	1	0	34	3.26637e-05	30615	1	FALSE	NA	NA	NA	NA	NA	NA
NC_045512.2	27407	T	C	30612	24424	37	2	1	34	6.53275e-05	30615	1	FALSE	NA	NA	NA	NA	NA	NA
NC_045512.2	27408	T	C	32644	26698	37	3	2	45	9.18921e-05	32647	0.656272	FALSE	NA	NA	NA	NA	NA	NA
NC_045512.2	27409	T	C	32690	26840	37	3	1	42	9.176e-05	32694	0.656257	FALSE	NA	NA	NA	NA	NA	NA
NC_045512.2	27409	T	A	32690	26840	37	1	1	26	3.05867e-05	32694	1	FALSE	NA	NA	NA	NA	NA	NA
NC_045512.2	27410	T	C	32108	26131	36	1	1	34	3.11439e-05	32109	1	FALSE	NA	NA	NA	NA	NA	NA
NC_045512.2	27412	T	C	31338	25508	37	1	1	34	3.19091e-05	31339	1	FALSE	NA	NA	NA	NA	NA	NA
NC_045512.2	27413	T	G	31804	26019	37	1	1	68	3.14376e-05	31809	0.499976	FALSE	NA	NA	NA	NA	NA	NA
NC_045512.2	27413	T	C	31804	26019	37	4	3	34	0.000125751	31809	1	FALSE	NA	NA	NA	NA	NA	NA
NC_045512.2	27413	T	-G	31804	26019	37	1	0	20	3.14376e-05	31809	1	FALSE	NA	NA	NA	NA	NA	NA
NC_045512.2	27414	G	T	31768	25955	37	1	0	34	3.14762e-05	31770	1	FALSE	NA	NA	NA	NA	NA	NA
NC_045512.2	27414	G	A	31768	25955	37	1	1	34	3.14762e-05	31770	1	FALSE	NA	NA	NA	NA	NA	NA
NC_045512.2	27415	G	T	33031	27300	37	1	1	34	3.027e-05	33036	1	FALSE	NA	NA	NA	NA	NA	NA
NC_045512.2	27415	G	C	33031	27300	37	1	1	34	3.027e-05	33036	1	FALSE	NA	NA	NA	NA	NA	NA
NC_045512.2	27415	G	A	33031	27300	37	3	1	31	9.081e-05	33036	1	FALSE	NA	NA	NA	NA	NA	NA
NC_045512.2	27416	C	T	33364	27779	37	7	4	38	0.000209763	33371	0.999996	FALSE	NA	NA	NA	NA	NA	NA
NC_045512.2	27417	A	G	33341	27722	37	3	1	56	8.99685e-05	33345	0.124994	FALSE	NA	NA	NA	NA	NA	NA
NC_045512.2	27417	A	C	33341	27722	37	1	1	34	2.99895e-05	33345	1	FALSE	NA	NA	NA	NA	NA	NA
NC_045512.2	27418	C	T	33722	27990	37	6	4	45	0.000177888	33729	0.253892	FALSE	NA	NA	NA	NA	NA	NA
NC_045512.2	27418	C	G	33722	27990	37	1	0	34	2.96481e-05	33729	1	FALSE	NA	NA	NA	NA	NA	NA
NC_045512.2	27419	T	C	34627	28975	38	4	4	42	0.0001155	34632	0.5	FALSE	NA	NA	NA	NA	NA	NA
NC_045512.2	27419	T	A	34627	28975	38	1	1	34	2.8875e-05	34632	1	FALSE	NA	NA	NA	NA	NA	NA
NC_045512.2	27421	A	G	35322	29258	38	5	2	36	0.000141531	35328	1	FALSE	NA	NA	NA	NA	NA	NA
NC_045512.2	27421	A	C	35322	29258	38	1	0	34	2.83062e-05	35328	1	FALSE	NA	NA	NA	NA	NA	NA
NC_045512.2	27422	T	C	34690	28688	37	5	5	34	0.000144109	34696	1	FALSE	NA	NA	NA	NA	NA	NA
NC_045512.2	27422	T	A	34690	28688	37	1	1	26	2.88218e-05	34696	1	FALSE	NA	NA	NA	NA	NA	NA
NC_045512.2	27423	A	G	35152	29250	37	1	1	34	2.84471e-05	35153	1	FALSE	NA	NA	NA	NA	NA	NA
NC_045512.2	27424	A	G	35627	29682	38	1	1	34	2.80678e-05	35628	1	FALSE	NA	NA	NA	NA	NA	NA
NC_045512.2	27425	C	T	35032	29133	38	637	577	37	0.0178586	35669	1.50109e-145	TRUE	NA	NA	NA	NA	NA	NA
NC_045512.2	27426	A	G	35468	29549	38	101	89	37	0.00283947	35570	6.30574e-09	TRUE	NA	NA	NA	NA	NA	NA
NC_045512.2	27426	A	C	35468	29549	38	1	1	34	2.81136e-05	35570	1	FALSE	NA	NA	NA	NA	NA	NA
NC_045512.2	27427	C	T	35744	30409	37	1	1	34	2.79759e-05	35745	1	FALSE	NA	NA	NA	NA	NA	NA
NC_045512.2	27428	T	C	34571	29276	37	5	5	32	0.000144605	34577	1	FALSE	NA	NA	NA	NA	NA	NA
NC_045512.2	27428	T	A	34571	29276	37	1	0	26	2.8921e-05	34577	1	FALSE	NA	NA	NA	NA	NA	NA
NC_045512.2	27429	C	T	34186	29055	37	1	1	34	2.92492e-05	34189	1	FALSE	NA	NA	NA	NA	NA	NA
NC_045512.2	27429	C	A	34186	29055	37	2	2	34	5.84983e-05	34189	1	FALSE	NA	NA	NA	NA	NA	NA
NC_045512.2	27430	G	T	34068	28943	37	1	1	34	2.9347e-05	34075	1	FALSE	NA	NA	NA	NA	NA	NA
NC_045512.2	27430	G	A	34068	28943	37	6	3	39	0.000176082	34075	0.999999	FALSE	NA	NA	NA	NA	NA	NA
NC_045512.2	27431	C	T	34297	29144	37	1	1	34	2.91554e-05	34299	1	FALSE	NA	NA	NA	NA	NA	NA
NC_045512.2	27431	C	A	34297	29144	37	1	0	34	2.91554e-05	34299	1	FALSE	NA	NA	NA	NA	NA	NA
NC_045512.2	27432	T	C	34363	29214	37	3	3	34	8.7293e-05	34367	1	FALSE	NA	NA	NA	NA	NA	NA
NC_045512.2	27432	T	A	34363	29214	37	1	1	34	2.90977e-05	34367	1	FALSE	NA	NA	NA	NA	NA	NA
NC_045512.2	27433	A	T	34255	29105	37	2	2	34	5.83805e-05	34258	1	FALSE	NA	NA	NA	NA	NA	NA
NC_045512.2	27433	A	G	34255	29105	37	1	1	34	2.91903e-05	34258	1	FALSE	NA	NA	NA	NA	NA	NA
NC_045512.2	27434	C	T	33878	28782	37	557	498	35	0.0161754	34435	3.95296e-124	TRUE	NA	NA	NA	NA	NA	NA
NC_045512.2	27435	T	G	34641	29509	37	2	1	34	5.77167e-05	34652	1	FALSE	NA	NA	NA	NA	NA	NA
NC_045512.2	27435	T	C	34641	29509	37	9	8	36	0.000259725	34652	0.999979	FALSE	NA	NA	NA	NA	NA	NA
NC_045512.2	27436	T	C	36679	31849	38	5	5	34	0.000136292	36686	1	FALSE	NA	NA	NA	NA	NA	NA
NC_045512.2	27436	T	A	36679	31849	38	2	2	68	5.45167e-05	36686	0.249969	FALSE	NA	NA	NA	NA	NA	NA
NC_045512.2	27437	G	C	36735	31909	38	1	1	34	2.72205e-05	36737	1	FALSE	NA	NA	NA	NA	NA	NA
NC_045512.2	27437	G	A	36735	31909	38	1	1	34	2.72205e-05	36737	1	FALSE	NA	NA	NA	NA	NA	NA
NC_045512.2	27439	G	T	36459	31777	38	1	1	26	2.74243e-05	36464	1	FALSE	NA	NA	NA	NA	NA	NA
NC_045512.2	27439	G	C	36459	31777	38	2	2	26	5.48486e-05	36464	1	FALSE	NA	NA	NA	NA	NA	NA
NC_045512.2	27439	G	A	36459	31777	38	2	2	34	5.48486e-05	36464	1	FALSE	NA	NA	NA	NA	NA	NA
NC_045512.2	27440	A	T	35896	31784	37	1	1	24	2.78528e-05	35903	1	FALSE	NA	NA	NA	NA	NA	NA
NC_045512.2	27440	A	G	35896	31784	37	5	4	38	0.000139264	35903	1	FALSE	NA	NA	NA	NA	NA	NA
NC_045512.2	27440	A	C	35896	31784	37	1	1	26	2.78528e-05	35903	1	FALSE	NA	NA	NA	NA	NA	NA
NC_045512.2	27442	C	T	37131	33307	37	2	2	34	5.38604e-05	37133	1	FALSE	NA	NA	NA	NA	NA	NA
NC_045512.2	27443	T	G	36517	32736	37	6	4	38	0.000164235	36533	1	FALSE	NA	NA	NA	NA	NA	NA
NC_045512.2	27443	T	C	36517	32736	37	4	4	34	0.00010949	36533	1	FALSE	NA	NA	NA	NA	NA	NA
NC_045512.2	27443	T	A	36517	32736	37	6	6	34	0.000164235	36533	1	FALSE	NA	NA	NA	NA	NA	NA
NC_045512.2	27444	T	C	39227	35682	38	5	5	39	0.000127444	39233	1	FALSE	NA	NA	NA	NA	NA	NA
NC_045512.2	27444	T	A	39227	35682	38	1	1	34	2.54887e-05	39233	1	FALSE	NA	NA	NA	NA	NA	NA
NC_045512.2	27445	T	C	38114	34585	37	4	4	40	0.000104937	38118	0.500014	FALSE	NA	NA	NA	NA	NA	NA
NC_045512.2	27446	A	G	39383	35891	37	3	3	34	7.61692e-05	39386	1	FALSE	NA	NA	NA	NA	NA	NA
NC_045512.2	27447	T	C	39225	35752	37	4	4	34	0.000101965	39229	1	FALSE	NA	NA	NA	NA	NA	NA
NC_045512.2	27448	C	T	39421	35990	37	2	2	34	5.07318e-05	39423	1	FALSE	NA	NA	NA	NA	NA	NA
NC_045512.2	27449	A	T	39647	36278	37	3	3	34	7.56601e-05	39651	1	FALSE	NA	NA	NA	NA	NA	NA
NC_045512.2	27449	A	G	39647	36278	37	1	1	34	2.522e-05	39651	1	FALSE	NA	NA	NA	NA	NA	NA
NC_045512.2	27450	C	T	39432	36069	37	1	1	34	2.53575e-05	39436	1	FALSE	NA	NA	NA	NA	NA	NA
NC_045512.2	27450	C	G	39432	36069	37	2	2	34	5.07151e-05	39436	1	FALSE	NA	NA	NA	NA	NA	NA
NC_045512.2	27450	C	A	39432	36069	37	1	1	34	2.53575e-05	39436	1	FALSE	NA	NA	NA	NA	NA	NA
NC_045512.2	27451	T	C	37287	33964	38	8	8	32	0.0002145	37296	0.999998	FALSE	NA	NA	NA	NA	NA	NA
NC_045512.2	27451	T	A	37287	33964	38	1	1	34	2.68125e-05	37296	1	FALSE	NA	NA	NA	NA	NA	NA
NC_045512.2	27452	A	T	37115	33800	38	1	1	34	2.69368e-05	37124	1	FALSE	NA	NA	NA	NA	NA	NA
NC_045512.2	27452	A	G	37115	33800	38	5	5	32	0.000134684	37124	1	FALSE	NA	NA	NA	NA	NA	NA
NC_045512.2	27452	A	C	37115	33800	38	3	3	31	8.08103e-05	37124	1	FALSE	NA	NA	NA	NA	NA	NA
NC_045512.2	27453	C	G	37052	34119	37	1	1	34	2.69876e-05	37054	1	FALSE	NA	NA	NA	NA	NA	NA
NC_045512.2	27453	C	A	37052	34119	37	1	1	34	2.69876e-05	37054	1	FALSE	NA	NA	NA	NA	NA	NA
NC_045512.2	27454	C	T	36850	33976	37	7	7	37	0.000189913	36859	0.999999	FALSE	NA	NA	NA	NA	NA	NA
NC_045512.2	27454	C	A	36850	33976	37	2	2	34	5.42608e-05	36859	1	FALSE	NA	NA	NA	NA	NA	NA
NC_045512.2	27455	A	G	36718	33844	37	1	1	34	2.72339e-05	36719	1	FALSE	NA	NA	NA	NA	NA	NA
NC_045512.2	27456	A	G	36685	33851	37	1	1	34	2.72576e-05	36687	1	FALSE	NA	NA	NA	NA	NA	NA
NC_045512.2	27456	A	C	36685	33851	37	1	1	34	2.72576e-05	36687	1	FALSE	NA	NA	NA	NA	NA	NA
NC_045512.2	27457	G	C	36723	33882	37	1	1	34	2.72301e-05	36724	1	FALSE	NA	NA	NA	NA	NA	NA
NC_045512.2	27458	A	T	36317	33543	37	1	1	24	2.75292e-05	36325	1	FALSE	NA	NA	NA	NA	NA	NA
NC_045512.2	27458	A	G	36317	33543	37	6	5	32	0.000165175	36325	1	FALSE	NA	NA	NA	NA	NA	NA
NC_045512.2	27458	A	C	36317	33543	37	1	1	34	2.75292e-05	36325	1	FALSE	NA	NA	NA	NA	NA	NA
NC_045512.2	27459	G	A	36317	33834	36	6	6	34	0.000165185	36323	1	FALSE	NA	NA	NA	NA	NA	NA
NC_045512.2	27460	T	C	33955	31537	36	4	2	59	0.000117786	33960	0.0624945	FALSE	NA	NA	NA	NA	NA	NA
NC_045512.2	27460	T	A	33955	31537	36	1	1	34	2.94464e-05	33960	1	FALSE	NA	NA	NA	NA	NA	NA
NC_045512.2	27461	G	T	33727	31304	36	2	2	34	5.92962e-05	33729	1	FALSE	NA	NA	NA	NA	NA	NA
NC_045512.2	27462	T	C	33279	30872	36	8	8	32	0.000240327	33288	0.999987	FALSE	NA	NA	NA	NA	NA	NA
NC_045512.2	27462	T	A	33279	30872	36	1	1	34	3.00409e-05	33288	1	FALSE	NA	NA	NA	NA	NA	NA
NC_045512.2	27463	G	C	33383	30983	36	2	2	34	5.99036e-05	33387	1	FALSE	NA	NA	NA	NA	NA	NA
NC_045512.2	27463	G	A	33383	30983	36	2	2	34	5.99036e-05	33387	1	FALSE	NA	NA	NA	NA	NA	NA
NC_045512.2	27464	T	G	32177	29802	36	1	1	26	3.10742e-05	32181	1	FALSE	NA	NA	NA	NA	NA	NA
NC_045512.2	27464	T	C	32177	29802	36	3	2	45	9.32227e-05	32181	0.656257	FALSE	NA	NA	NA	NA	NA	NA
NC_045512.2	27465	T	C	33303	30989	36	4	4	34	0.000120095	33307	1	FALSE	NA	NA	NA	NA	NA	NA
NC_045512.2	27466	A	T	32677	30388	36	4	4	32	0.00012238	32685	1	FALSE	NA	NA	NA	NA	NA	NA
NC_045512.2	27466	A	G	32677	30388	36	4	4	34	0.00012238	32685	1	FALSE	NA	NA	NA	NA	NA	NA
NC_045512.2	27467	G	T	32664	30379	36	2	2	34	6.12257e-05	32666	1	FALSE	NA	NA	NA	NA	NA	NA
NC_045512.2	27468	A	G	31876	29645	36	2	1	51	6.27392e-05	31878	0.250004	FALSE	NA	NA	NA	NA	NA	NA
NC_045512.2	27469	G	T	31631	29438	36	1	0	26	3.16136e-05	31632	1	FALSE	NA	NA	NA	NA	NA	NA
NC_045512.2	27470	G	T	30060	27958	36	1	1	34	3.32591e-05	30067	1	FALSE	NA	NA	NA	NA	NA	NA
NC_045512.2	27470	G	C	30060	27958	36	3	3	31	9.97772e-05	30067	1	FALSE	NA	NA	NA	NA	NA	NA
NC_045512.2	27470	G	A	30060	27958	36	3	3	34	9.97772e-05	30067	1	FALSE	NA	NA	NA	NA	NA	NA
NC_045512.2	27471	T	C	29225	27255	36	6	4	44	0.000205262	29231	0.144526	FALSE	NA	NA	NA	NA	NA	NA
NC_045512.2	27472	A	G	28770	26844	36	2	2	34	6.9512e-05	28772	1	FALSE	NA	NA	NA	NA	NA	NA
NC_045512.2	27473	C	T	28854	26977	36	4	4	34	0.00013861	28858	0.999999	FALSE	NA	NA	NA	NA	NA	NA
NC_045512.2	27474	A	T	28808	26931	36	1	1	34	3.47102e-05	28810	1	FALSE	NA	NA	NA	NA	NA	NA
NC_045512.2	27474	A	G	28808	26931	36	1	1	34	3.47102e-05	28810	1	FALSE	NA	NA	NA	NA	NA	NA
NC_045512.2	27475	A	T	28734	26883	36	1	0	68	3.47983e-05	28737	0.499991	FALSE	NA	NA	NA	NA	NA	NA
NC_045512.2	27475	A	G	28734	26883	36	1	1	34	3.47983e-05	28737	1	FALSE	NA	NA	NA	NA	NA	NA
NC_045512.2	27475	A	C	28734	26883	36	1	1	26	3.47983e-05	28737	1	FALSE	NA	NA	NA	NA	NA	NA
NC_045512.2	27476	C	T	28235	26444	36	515	486	35	0.0179093	28756	2.67012e-118	TRUE	NA	NA	NA	NA	NA	NA
NC_045512.2	27476	C	A	28235	26444	36	6	6	34	0.000208652	28756	0.999976	FALSE	NA	NA	NA	NA	NA	NA
NC_045512.2	27477	A	T	26175	24380	36	1	1	34	3.82e-05	26178	1	FALSE	NA	NA	NA	NA	NA	NA
NC_045512.2	27477	A	G	26175	24380	36	1	1	34	3.82e-05	26178	1	FALSE	NA	NA	NA	NA	NA	NA
NC_045512.2	27477	A	C	26175	24380	36	1	1	34	3.82e-05	26178	1	FALSE	NA	NA	NA	NA	NA	NA
NC_045512.2	27478	G	T	36577	24421	35	4	3	34	0.000109346	36581	1	FALSE	NA	NA	NA	NA	NA	NA
NC_045512.2	27479	T	G	35011	22931	35	4	4	42	0.000114227	35018	0.499969	FALSE	NA	NA	NA	NA	NA	NA
NC_045512.2	27479	T	C	35011	22931	35	2	0	51	5.71135e-05	35018	0.249968	FALSE	NA	NA	NA	NA	NA	NA
NC_045512.2	27479	T	A	35011	22931	35	1	1	34	2.85567e-05	35018	1	FALSE	NA	NA	NA	NA	NA	NA
NC_045512.2	27480	A	G	34661	22862	35	1	0	34	2.885e-05	34662	1	FALSE	NA	NA	NA	NA	NA	NA
NC_045512.2	27481	C	A	35088	23076	35	2	2	34	5.69963e-05	35090	1	FALSE	NA	NA	NA	NA	NA	NA
NC_045512.2	27481	C	-T	35088	23076	35	3	0	20	8.54944e-05	35090	1	FALSE	NA	NA	NA	NA	NA	NA
NC_045512.2	27482	T	G	34148	22129	35	1	0	34	2.92791e-05	34154	1	FALSE	NA	NA	NA	NA	NA	NA
NC_045512.2	27482	T	C	34148	22129	35	5	3	34	0.000146396	34154	1	FALSE	NA	NA	NA	NA	NA	NA
NC_045512.2	27483	T	G	33915	21887	35	1	0	34	2.9482e-05	33919	1	FALSE	NA	NA	NA	NA	NA	NA
NC_045512.2	27483	T	C	33915	21887	35	2	0	30	5.8964e-05	33919	1	FALSE	NA	NA	NA	NA	NA	NA
NC_045512.2	27483	T	A	33915	21887	35	1	1	34	2.9482e-05	33919	1	FALSE	NA	NA	NA	NA	NA	NA
NC_045512.2	27484	T	C	33926	21911	35	1	1	34	2.9475e-05	33927	1	FALSE	NA	NA	NA	NA	NA	NA
NC_045512.2	27485	T	C	33981	21939	35	1	0	34	2.94247e-05	33985	1	FALSE	NA	NA	NA	NA	NA	NA
NC_045512.2	27485	T	A	33981	21939	35	3	2	45	8.82742e-05	33985	0.656257	FALSE	NA	NA	NA	NA	NA	NA
NC_045512.2	27486	A	T	33978	21902	35	1	1	34	2.94265e-05	33983	1	FALSE	NA	NA	NA	NA	NA	NA
NC_045512.2	27486	A	G	33978	21902	35	4	3	34	0.000117706	33983	1	FALSE	NA	NA	NA	NA	NA	NA
NC_045512.2	27487	A	G	33871	21797	35	3	2	45	8.85635e-05	33874	0.656271	FALSE	NA	NA	NA	NA	NA	NA
NC_045512.2	27488	A	G	33798	21790	35	2	1	30	5.91716e-05	33800	1	FALSE	NA	NA	NA	NA	NA	NA
NC_045512.2	27489	A	G	33829	21744	35	12	7	34	0.000354578	33843	0.999589	FALSE	NA	NA	NA	NA	NA	NA
NC_045512.2	27489	A	C	33829	21744	35	2	2	30	5.90964e-05	33843	1	FALSE	NA	NA	NA	NA	NA	NA
NC_045512.2	27491	A	G	33613	21608	35	2	1	34	5.94972e-05	33615	1	FALSE	NA	NA	NA	NA	NA	NA
NC_045512.2	27492	A	G	34056	21592	35	4	2	34	0.00011744	34060	1	FALSE	NA	NA	NA	NA	NA	NA
NC_045512.2	27493	C	G	34779	21635	35	1	0	26	2.87513e-05	34781	1	FALSE	NA	NA	NA	NA	NA	NA
NC_045512.2	27493	C	A	34779	21635	35	1	0	26	2.87513e-05	34781	1	FALSE	NA	NA	NA	NA	NA	NA
NC_045512.2	27494	C	A	34637	21497	35	3	2	45	8.66051e-05	34640	0.65627	FALSE	NA	NA	NA	NA	NA	NA
NC_045512.2	27495	T	G	34702	21455	35	3	0	34	8.64379e-05	34707	1	FALSE	NA	NA	NA	NA	NA	NA
NC_045512.2	27495	T	C	34702	21455	35	2	2	34	5.76253e-05	34707	1	FALSE	NA	NA	NA	NA	NA	NA
NC_045512.2	27496	T	C	34670	21449	35	2	0	34	5.76801e-05	34674	1	FALSE	NA	NA	NA	NA	NA	NA
NC_045512.2	27496	T	A	34670	21449	35	2	0	34	5.76801e-05	34674	1	FALSE	NA	NA	NA	NA	NA	NA
NC_045512.2	27497	G	A	34698	21426	35	2	0	34	5.76369e-05	34700	1	FALSE	NA	NA	NA	NA	NA	NA
NC_045512.2	27498	C	A	34704	21520	35	3	3	34	8.64379e-05	34707	1	FALSE	NA	NA	NA	NA	NA	NA
NC_045512.2	27499	T	C	34401	21173	35	2	0	34	5.81345e-05	34403	1	FALSE	NA	NA	NA	NA	NA	NA
NC_045512.2	27500	C	T	35521	21367	35	1	0	34	2.81516e-05	35522	1	FALSE	NA	NA	NA	NA	NA	NA
NC_045512.2	27501	T	C	34856	20709	35	5	1	34	0.000143423	34862	1	FALSE	NA	NA	NA	NA	NA	NA
NC_045512.2	27501	T	A	34856	20709	35	1	0	34	2.86845e-05	34862	1	FALSE	NA	NA	NA	NA	NA	NA
NC_045512.2	27502	T	A	32959	18811	33	1	0	34	3.03398e-05	32960	1	FALSE	NA	NA	NA	NA	NA	NA
NC_045512.2	27503	C	T	34464	20360	35	378	353	35	0.0108487	34843	2.98209e-75	TRUE	NA	NA	NA	NA	NA	NA
NC_045512.2	27503	C	G	34464	20360	35	1	0	34	2.87002e-05	34843	1	FALSE	NA	NA	NA	NA	NA	NA
NC_045512.2	27504	T	C	34639	20541	35	13	7	33	0.000375159	34652	0.999458	FALSE	NA	NA	NA	NA	NA	NA
NC_045512.2	27505	G	T	34698	20494	35	2	1	34	5.76352e-05	34701	1	FALSE	NA	NA	NA	NA	NA	NA
NC_045512.2	27505	G	C	34698	20494	35	1	1	34	2.88176e-05	34701	1	FALSE	NA	NA	NA	NA	NA	NA
NC_045512.2	27506	G	T	35044	20396	35	2	2	30	5.70662e-05	35047	1	FALSE	NA	NA	NA	NA	NA	NA
NC_045512.2	27506	G	A	35044	20396	35	1	0	34	2.85331e-05	35047	1	FALSE	NA	NA	NA	NA	NA	NA
NC_045512.2	27507	A	T	35056	20415	35	1	1	34	2.85225e-05	35060	1	FALSE	NA	NA	NA	NA	NA	NA
NC_045512.2	27507	A	G	35056	20415	35	2	1	34	5.70451e-05	35060	1	FALSE	NA	NA	NA	NA	NA	NA
NC_045512.2	27507	A	C	35056	20415	35	1	1	26	2.85225e-05	35060	1	FALSE	NA	NA	NA	NA	NA	NA
NC_045512.2	27508	A	T	35050	20353	35	1	0	26	2.8525e-05	35057	1	FALSE	NA	NA	NA	NA	NA	NA
NC_045512.2	27508	A	G	35050	20353	35	4	2	38	0.0001141	35057	1	FALSE	NA	NA	NA	NA	NA	NA
NC_045512.2	27508	A	C	35050	20353	35	2	0	34	5.70499e-05	35057	1	FALSE	NA	NA	NA	NA	NA	NA
NC_045512.2	27509	C	T	32158	17523	35	305	284	36	0.00939473	32465	1.42185e-57	TRUE	NA	NA	NA	NA	NA	NA
NC_045512.2	27509	C	G	32158	17523	35	1	0	34	3.08024e-05	32465	1	FALSE	NA	NA	NA	NA	NA	NA
NC_045512.2	27509	C	A	32158	17523	35	1	1	34	3.08024e-05	32465	1	FALSE	NA	NA	NA	NA	NA	NA
NC_045512.2	27510	A	G	32442	17813	35	4	2	34	0.000123282	32446	1	FALSE	NA	NA	NA	NA	NA	NA
NC_045512.2	27511	T	G	32537	17673	35	1	1	34	3.07324e-05	32539	1	FALSE	NA	NA	NA	NA	NA	NA
NC_045512.2	27511	T	C	32537	17673	35	1	0	34	3.07324e-05	32539	1	FALSE	NA	NA	NA	NA	NA	NA
NC_045512.2	27512	A	T	32554	17671	35	1	0	26	3.07154e-05	32557	1	FALSE	NA	NA	NA	NA	NA	NA
NC_045512.2	27512	A	G	32554	17671	35	1	0	34	3.07154e-05	32557	1	FALSE	NA	NA	NA	NA	NA	NA
NC_045512.2	27512	A	C	32554	17671	35	1	1	26	3.07154e-05	32557	1	FALSE	NA	NA	NA	NA	NA	NA
NC_045512.2	27513	C	T	32221	17407	35	304	279	36	0.00934666	32525	2.61026e-57	TRUE	NA	NA	NA	NA	NA	NA
NC_045512.2	27515	A	T	30663	15832	35	2	1	34	6.52082e-05	30671	1	FALSE	NA	NA	NA	NA	NA	NA
NC_045512.2	27515	A	G	30663	15832	35	6	3	34	0.000195625	30671	0.999994	FALSE	NA	NA	NA	NA	NA	NA
NC_045512.2	27516	G	T	30705	15782	35	2	0	34	6.51211e-05	30712	1	FALSE	NA	NA	NA	NA	NA	NA
NC_045512.2	27516	G	C	30705	15782	35	4	2	32	0.000130242	30712	1	FALSE	NA	NA	NA	NA	NA	NA
NC_045512.2	27516	G	A	30705	15782	35	1	0	26	3.25606e-05	30712	1	FALSE	NA	NA	NA	NA	NA	NA
NC_045512.2	27518	G	T	30145	15254	35	2	2	34	6.62954e-05	30168	1	FALSE	NA	NA	NA	NA	NA	NA
NC_045512.2	27518	G	A	30145	15254	35	21	8	37	0.000696102	30168	0.919681	FALSE	NA	NA	NA	NA	NA	NA
NC_045512.2	27519	C	T	29937	15211	35	41	35	39	0.0013673	29986	0.093815	FALSE	NA	NA	NA	NA	NA	NA
NC_045512.2	27519	C	A	29937	15211	35	8	0	34	0.000266791	29986	0.999903	FALSE	NA	NA	NA	NA	NA	NA
NC_045512.2	27520	A	G	28406	13581	35	6	1	34	0.000211178	28412	0.999981	FALSE	NA	NA	NA	NA	NA	NA
NC_045512.2	27521	A	G	28253	13740	35	2	1	34	7.07839e-05	28255	1	FALSE	NA	NA	NA	NA	NA	NA
NC_045512.2	27522	T	G	28307	13675	35	1	1	34	3.53245e-05	28309	1	FALSE	NA	NA	NA	NA	NA	NA
NC_045512.2	27522	T	C	28307	13675	35	1	1	24	3.53245e-05	28309	1	FALSE	NA	NA	NA	NA	NA	NA
NC_045512.2	27523	T	C	28335	13713	35	1	0	34	3.52908e-05	28336	1	FALSE	NA	NA	NA	NA	NA	NA
NC_045512.2	27524	C	T	28388	13781	35	1	1	34	3.52249e-05	28389	1	FALSE	NA	NA	NA	NA	NA	NA
NC_045512.2	27525	A	G	27664	13128	35	3	1	34	0.000108432	27667	1	FALSE	NA	NA	NA	NA	NA	NA
NC_045512.2	27526	C	T	27705	13001	35	172	165	34	0.00616974	27878	2.06946e-27	TRUE	NA	NA	NA	NA	NA	NA
NC_045512.2	27526	C	A	27705	13001	35	1	1	68	3.58706e-05	27878	0.498462	FALSE	NA	NA	NA	NA	NA	NA
NC_045512.2	27527	C	T	27612	12982	35	2	2	34	7.2427e-05	27614	1	FALSE	NA	NA	NA	NA	NA	NA
NC_045512.2	27528	A	G	27291	12344	35	3	1	34	0.000109906	27296	1	FALSE	NA	NA	NA	NA	NA	NA
NC_045512.2	27528	A	C	27291	12344	35	2	2	34	7.32708e-05	27296	1	FALSE	NA	NA	NA	NA	NA	NA
NC_045512.2	27529	T	C	27288	12337	35	2	1	34	7.32869e-05	27290	1	FALSE	NA	NA	NA	NA	NA	NA
NC_045512.2	27530	T	C	26154	11313	35	3	2	45	0.000114692	26157	0.500018	FALSE	NA	NA	NA	NA	NA	NA
NC_045512.2	27531	T	A	15920	1283	36	2	0	34	0.000125612	15922	0.999863	FALSE	NA	NA	NA	NA	NA	NA
NC_045512.2	27532	C	T	15904	1286	36	1	0	34	6.28733e-05	15905	0.999985	FALSE	NA	NA	NA	NA	NA	NA
NC_045512.2	27534	T	C	16114	1295	36	2	0	34	0.0001241	16116	0.999928	FALSE	NA	NA	NA	NA	NA	NA
NC_045512.2	27536	C	T	16485	1540	37	1	0	68	6.06575e-05	16486	0.500015	FALSE	NA	NA	NA	NA	NA	NA
NC_045512.2	27537	T	C	16528	1531	37	2	0	34	0.000120992	16530	0.999928	FALSE	NA	NA	NA	NA	NA	NA
NC_045512.2	27539	T	G	16544	1546	37	1	0	34	6.04303e-05	16548	0.999992	FALSE	NA	NA	NA	NA	NA	NA
NC_045512.2	27539	T	C	16544	1546	37	1	0	34	6.04303e-05	16548	0.999992	FALSE	NA	NA	NA	NA	NA	NA
NC_045512.2	27539	T	A	16544	1546	37	2	0	34	0.000120861	16548	0.999928	FALSE	NA	NA	NA	NA	NA	NA
NC_045512.2	27540	A	G	16516	1550	37	3	0	31	0.000181609	16519	0.999637	FALSE	NA	NA	NA	NA	NA	NA
NC_045512.2	27541	G	T	16628	1547	37	2	0	34	0.000120257	16631	0.999928	FALSE	NA	NA	NA	NA	NA	NA
NC_045512.2	27541	G	C	16628	1547	37	1	0	34	6.01287e-05	16631	0.999992	FALSE	NA	NA	NA	NA	NA	NA
NC_045512.2	27542	C	G	16573	1606	37	2	0	30	0.000120656	16576	0.999928	FALSE	NA	NA	NA	NA	NA	NA
NC_045512.2	27542	C	A	16573	1606	37	1	0	27	6.03282e-05	16576	1	FALSE	NA	NA	NA	NA	NA	NA
NC_045512.2	27543	T	C	16636	1612	37	1	0	34	6.01034e-05	16638	0.999992	FALSE	NA	NA	NA	NA	NA	NA
NC_045512.2	27543	T	A	16636	1612	37	1	0	34	6.01034e-05	16638	0.999992	FALSE	NA	NA	NA	NA	NA	NA
NC_045512.2	27544	G	T	16775	1618	37	2	0	34	0.000119211	16777	0.999928	FALSE	NA	NA	NA	NA	NA	NA
NC_045512.2	27546	T	G	16880	1748	38	2	0	34	0.000118462	16883	0.999928	FALSE	NA	NA	NA	NA	NA	NA
NC_045512.2	27546	T	C	16880	1748	38	1	0	34	5.92312e-05	16883	0.999992	FALSE	NA	NA	NA	NA	NA	NA
NC_045512.2	27547	A	G	16616	1744	37	4	0	32	0.000240659	16621	0.998715	FALSE	NA	NA	NA	NA	NA	NA
NC_045512.2	27547	A	C	16616	1744	37	1	0	34	6.01649e-05	16621	0.999992	FALSE	NA	NA	NA	NA	NA	NA
NC_045512.2	27548	A	G	16815	1749	37	7	0	32	0.000416122	16822	0.982692	FALSE	NA	NA	NA	NA	NA	NA
NC_045512.2	27549	C	T	16976	2185	39	1	0	34	5.88963e-05	16979	0.999992	FALSE	NA	NA	NA	NA	NA	NA
NC_045512.2	27549	C	G	16976	2185	39	2	0	30	0.000117793	16979	0.999928	FALSE	NA	NA	NA	NA	NA	NA
NC_045512.2	27551	A	G	17222	2219	39	1	0	34	5.80619e-05	17223	0.999996	FALSE	NA	NA	NA	NA	NA	NA
NC_045512.2	27553	T	G	17210	2188	38	1	0	34	5.81024e-05	17211	0.999996	FALSE	NA	NA	NA	NA	NA	NA
NC_045512.2	27555	T	C	17117	2267	39	2	0	34	0.000116829	17119	0.999962	FALSE	NA	NA	NA	NA	NA	NA
NC_045512.2	27556	G	A	17414	2276	39	1	0	34	5.74218e-05	17415	0.999996	FALSE	NA	NA	NA	NA	NA	NA
NC_045512.2	27557	C	T	17336	2327	39	8	1	38	0.000461255	17344	0.978402	FALSE	NA	NA	NA	NA	NA	NA
NC_045512.2	27558	A	G	17436	2328	39	3	1	45	0.000172018	17440	0.312489	FALSE	NA	NA	NA	NA	NA	NA
NC_045512.2	27558	A	C	17436	2328	39	1	0	34	5.73394e-05	17440	0.999996	FALSE	NA	NA	NA	NA	NA	NA
NC_045512.2	27560	T	G	13854	2871	38	2	0	34	0.000144321	13858	0.999513	FALSE	NA	NA	NA	NA	NA	NA
NC_045512.2	27560	T	C	13854	2871	38	2	0	30	0.000144321	13858	0.999513	FALSE	NA	NA	NA	NA	NA	NA
NC_045512.2	27561	G	C	15277	2905	38	1	0	34	6.54536e-05	15278	0.999985	FALSE	NA	NA	NA	NA	NA	NA
NC_045512.2	27562	A	T	15331	2944	38	2	1	26	0.000130429	15334	1	FALSE	NA	NA	NA	NA	NA	NA
NC_045512.2	27562	A	G	15331	2944	38	1	0	34	6.52146e-05	15334	0.999985	FALSE	NA	NA	NA	NA	NA	NA
NC_045512.2	27564	T	C	14820	3033	38	2	0	34	0.000134935	14822	0.999742	FALSE	NA	NA	NA	NA	NA	NA
NC_045512.2	27565	T	C	14807	3038	38	1	0	34	6.75265e-05	14809	0.99997	FALSE	NA	NA	NA	NA	NA	NA
NC_045512.2	27565	T	A	14807	3038	38	1	0	34	6.75265e-05	14809	0.99997	FALSE	NA	NA	NA	NA	NA	NA
NC_045512.2	27566	G	T	14980	3027	38	1	0	68	6.67423e-05	14983	0.499983	FALSE	NA	NA	NA	NA	NA	NA
NC_045512.2	27566	G	A	14980	3027	38	2	1	51	0.000133485	14983	0.249992	FALSE	NA	NA	NA	NA	NA	NA
NC_045512.2	27568	T	A	13268	3491	38	1	0	34	7.53636e-05	13269	0.999939	FALSE	NA	NA	NA	NA	NA	NA
NC_045512.2	27569	T	C	13274	3492	38	1	1	34	7.53296e-05	13275	0.999939	FALSE	NA	NA	NA	NA	NA	NA
NC_045512.2	27570	T	C	12814	3442	37	2	2	34	0.000156055	12816	0.999087	FALSE	NA	NA	NA	NA	NA	NA
NC_045512.2	27571	A	T	12029	3573	37	1	0	34	8.31117e-05	12032	0.999878	FALSE	NA	NA	NA	NA	NA	NA
NC_045512.2	27571	A	G	12029	3573	37	2	1	34	0.000166223	12032	0.999087	FALSE	NA	NA	NA	NA	NA	NA
NC_045512.2	27573	C	T	11532	3752	37	1	1	34	8.67077e-05	11533	0.999757	FALSE	NA	NA	NA	NA	NA	NA
NC_045512.2	27575	C	T	11287	3757	37	2	1	34	0.000177164	11289	0.998296	FALSE	NA	NA	NA	NA	NA	NA
NC_045512.2	27576	T	A	11322	3655	37	1	0	34	8.83158e-05	11323	0.999757	FALSE	NA	NA	NA	NA	NA	NA
NC_045512.2	27577	C	A	11498	3652	37	1	0	26	8.69641e-05	11499	1	FALSE	NA	NA	NA	NA	NA	NA
NC_045512.2	27578	A	T	11330	3716	36	1	0	34	8.82535e-05	11331	0.999757	FALSE	NA	NA	NA	NA	NA	NA
NC_045512.2	27581	T	C	11535	3850	37	1	0	34	8.66852e-05	11536	0.999757	FALSE	NA	NA	NA	NA	NA	NA
NC_045512.2	27582	T	C	11493	3851	37	2	0	34	0.000173989	11495	0.998296	FALSE	NA	NA	NA	NA	NA	NA
NC_045512.2	27583	G	A	11651	3871	37	1	0	34	8.58222e-05	11652	0.999757	FALSE	NA	NA	NA	NA	NA	NA
NC_045512.2	27585	T	C	11691	4015	37	1	0	34	8.55286e-05	11692	0.999757	FALSE	NA	NA	NA	NA	NA	NA
NC_045512.2	27586	T	G	11581	3966	37	1	0	34	8.63409e-05	11582	0.999757	FALSE	NA	NA	NA	NA	NA	NA
NC_045512.2	27588	T	C	11878	4068	37	3	2	31	0.000252483	11882	0.993543	FALSE	NA	NA	NA	NA	NA	NA
NC_045512.2	27588	T	A	11878	4068	37	1	1	34	8.41609e-05	11882	0.999756	FALSE	NA	NA	NA	NA	NA	NA
NC_045512.2	27591	T	C	11831	4067	37	3	2	34	0.000253485	11835	0.993543	FALSE	NA	NA	NA	NA	NA	NA
NC_045512.2	27591	T	A	11831	4067	37	1	0	34	8.44951e-05	11835	0.999756	FALSE	NA	NA	NA	NA	NA	NA
NC_045512.2	27593	G	C	11714	4047	37	1	1	34	8.53461e-05	11717	0.999756	FALSE	NA	NA	NA	NA	NA	NA
NC_045512.2	27593	G	A	11714	4047	37	2	0	51	0.000170692	11717	0.249989	FALSE	NA	NA	NA	NA	NA	NA
NC_045512.2	27594	T	C	11209	4192	37	2	0	30	0.000178396	11211	0.998296	FALSE	NA	NA	NA	NA	NA	NA
NC_045512.2	27597	T	C	11029	4182	37	1	0	34	9.06618e-05	11030	0.999757	FALSE	NA	NA	NA	NA	NA	NA
NC_045512.2	27598	G	A	11055	4187	37	1	0	34	9.04486e-05	11056	0.999757	FALSE	NA	NA	NA	NA	NA	NA
NC_045512.2	27599	A	G	10913	4192	36	1	0	68	9.16254e-05	10914	0.500023	FALSE	NA	NA	NA	NA	NA	NA
NC_045512.2	27602	G	C	10610	4211	36	1	1	26	9.42329e-05	10612	1	FALSE	NA	NA	NA	NA	NA	NA
NC_045512.2	27602	G	A	10610	4211	36	1	0	34	9.42329e-05	10612	0.999513	FALSE	NA	NA	NA	NA	NA	NA
NC_045512.2	27603	C	T	10681	4350	36	2	0	34	0.000187196	10684	0.996833	FALSE	NA	NA	NA	NA	NA	NA
NC_045512.2	27603	C	A	10681	4350	36	1	0	34	9.35979e-05	10684	0.999513	FALSE	NA	NA	NA	NA	NA	NA
NC_045512.2	27604	G	A	10705	4343	36	8	2	51	0.000746756	10713	0.0039026	TRUE	NA	NA	NA	NA	NA	NA
NC_045512.2	27605	T	C	11212	4969	37	2	2	34	0.000178348	11214	0.998296	FALSE	NA	NA	NA	NA	NA	NA
NC_045512.2	27605	T	-A	11212	4969	37	11	0	20	0.000980917	11214	1	FALSE	NA	NA	NA	NA	NA	NA
NC_045512.2	27607	A	T	10936	5050	37	2	2	34	0.000182849	10938	0.996834	FALSE	NA	NA	NA	NA	NA	NA
NC_045512.2	27609	A	G	10884	5069	37	5	1	47	0.000459053	10892	0.1093	FALSE	NA	NA	NA	NA	NA	NA
NC_045512.2	27609	A	C	10884	5069	37	3	0	34	0.000275432	10892	0.98877	FALSE	NA	NA	NA	NA	NA	NA
NC_045512.2	27611	A	G	10559	4797	37	4	1	34	0.00037868	10563	0.971366	FALSE	NA	NA	NA	NA	NA	NA
NC_045512.2	27612	C	T	10387	4833	36	3	3	34	0.000288739	10390	0.988795	FALSE	NA	NA	NA	NA	NA	NA
NC_045512.2	27614	T	C	10524	4799	36	1	0	34	9.50119e-05	10525	0.999513	FALSE	NA	NA	NA	NA	NA	NA
NC_045512.2	27616	T	C	10754	5095	36	3	0	45	0.000278888	10757	0.312517	FALSE	NA	NA	NA	NA	NA	NA
NC_045512.2	27621	G	A	10947	5389	36	1	1	34	9.13409e-05	10948	0.999513	FALSE	NA	NA	NA	NA	NA	NA
NC_045512.2	27624	A	G	10849	5467	37	3	0	34	0.000276447	10852	0.988794	FALSE	NA	NA	NA	NA	NA	NA
NC_045512.2	27625	C	T	11412	6163	37	3	3	34	0.000262789	11416	0.993543	FALSE	NA	NA	NA	NA	NA	NA
NC_045512.2	27625	C	A	11412	6163	37	1	0	26	8.75964e-05	11416	1	FALSE	NA	NA	NA	NA	NA	NA
NC_045512.2	27626	G	T	11367	6119	37	1	0	34	8.79198e-05	11374	0.999756	FALSE	NA	NA	NA	NA	NA	NA
NC_045512.2	27626	G	A	11367	6119	37	6	5	34	0.000527519	11374	0.928343	FALSE	NA	NA	NA	NA	NA	NA
NC_045512.2	27627	T	C	12223	7059	37	4	2	40	0.000327145	12227	0.1875	FALSE	NA	NA	NA	NA	NA	NA
NC_045512.2	27628	G	C	12338	7134	37	1	1	34	8.10438e-05	12339	0.999878	FALSE	NA	NA	NA	NA	NA	NA
NC_045512.2	27630	C	T	12017	7140	37	1	1	34	8.31878e-05	12021	0.999878	FALSE	NA	NA	NA	NA	NA	NA
NC_045512.2	27630	C	A	12017	7140	37	3	3	34	0.000249563	12021	0.996316	FALSE	NA	NA	NA	NA	NA	NA
NC_045512.2	27631	A	C	11974	7076	37	1	1	34	8.35073e-05	11975	0.999757	FALSE	NA	NA	NA	NA	NA	NA
NC_045512.2	27632	G	T	12062	7072	37	1	1	34	8.28912e-05	12064	0.999878	FALSE	NA	NA	NA	NA	NA	NA
NC_045512.2	27632	G	A	12062	7072	37	1	0	34	8.28912e-05	12064	0.999878	FALSE	NA	NA	NA	NA	NA	NA
NC_045512.2	27633	A	G	12104	7253	37	1	0	34	8.26105e-05	12105	0.999878	FALSE	NA	NA	NA	NA	NA	NA
NC_045512.2	27634	T	C	12205	7275	37	1	0	34	8.19202e-05	12207	0.999878	FALSE	NA	NA	NA	NA	NA	NA
NC_045512.2	27634	T	A	12205	7275	37	1	0	26	8.19202e-05	12207	1	FALSE	NA	NA	NA	NA	NA	NA
NC_045512.2	27635	C	T	12090	7312	37	1	0	34	8.26925e-05	12093	0.999878	FALSE	NA	NA	NA	NA	NA	NA
NC_045512.2	27635	C	A	12090	7312	37	2	0	30	0.000165385	12093	0.999087	FALSE	NA	NA	NA	NA	NA	NA
NC_045512.2	27636	A	G	11720	6905	37	4	3	32	0.00034118	11724	0.982457	FALSE	NA	NA	NA	NA	NA	NA
NC_045512.2	27638	T	C	12266	7184	37	2	0	34	0.000163026	12268	0.999087	FALSE	NA	NA	NA	NA	NA	NA
NC_045512.2	27639	T	C	12519	7493	37	1	0	34	7.98658e-05	12521	0.999878	FALSE	NA	NA	NA	NA	NA	NA
NC_045512.2	27639	T	A	12519	7493	37	1	0	34	7.98658e-05	12521	0.999878	FALSE	NA	NA	NA	NA	NA	NA
NC_045512.2	27640	T	G	12530	7502	37	4	0	32	0.000319081	12536	0.98938	FALSE	NA	NA	NA	NA	NA	NA
NC_045512.2	27640	T	C	12530	7502	37	1	1	34	7.97703e-05	12536	0.999878	FALSE	NA	NA	NA	NA	NA	NA
NC_045512.2	27640	T	A	12530	7502	37	1	0	34	7.97703e-05	12536	0.999878	FALSE	NA	NA	NA	NA	NA	NA
NC_045512.2	27641	C	T	12845	7457	37	1	0	34	7.78392e-05	12847	0.999878	FALSE	NA	NA	NA	NA	NA	NA
NC_045512.2	27641	C	G	12845	7457	37	1	0	34	7.78392e-05	12847	0.999878	FALSE	NA	NA	NA	NA	NA	NA
NC_045512.2	27642	A	G	12839	7460	37	1	1	34	7.78816e-05	12840	0.999878	FALSE	NA	NA	NA	NA	NA	NA
NC_045512.2	27643	C	T	12866	7434	37	1	1	34	7.77182e-05	12867	0.999878	FALSE	NA	NA	NA	NA	NA	NA
NC_045512.2	27645	T	G	12661	7355	37	2	0	30	0.000157916	12665	0.999086	FALSE	NA	NA	NA	NA	NA	NA
NC_045512.2	27645	T	C	12661	7355	37	2	0	34	0.000157916	12665	0.999086	FALSE	NA	NA	NA	NA	NA	NA
NC_045512.2	27646	A	T	12656	7324	37	1	0	68	7.90014e-05	12658	0.5	FALSE	NA	NA	NA	NA	NA	NA
NC_045512.2	27646	A	G	12656	7324	37	1	0	34	7.90014e-05	12658	0.999878	FALSE	NA	NA	NA	NA	NA	NA
NC_045512.2	27648	A	G	12362	7487	36	1	1	24	8.08865e-05	12363	1	FALSE	NA	NA	NA	NA	NA	NA
NC_045512.2	27649	C	G	12743	7617	37	3	0	34	0.000235368	12746	0.996317	FALSE	NA	NA	NA	NA	NA	NA
NC_045512.2	27650	T	G	11953	6855	37	2	0	34	0.000167266	11957	0.998294	FALSE	NA	NA	NA	NA	NA	NA
NC_045512.2	27650	T	A	11953	6855	37	2	0	34	0.000167266	11957	0.998294	FALSE	NA	NA	NA	NA	NA	NA
NC_045512.2	27651	G	T	13010	6868	37	1	0	26	7.6858e-05	13011	1	FALSE	NA	NA	NA	NA	NA	NA
NC_045512.2	27652	T	G	13300	7208	37	1	0	34	7.51484e-05	13307	0.999939	FALSE	NA	NA	NA	NA	NA	NA
NC_045512.2	27652	T	C	13300	7208	37	4	3	42	0.000300594	13307	0.18743	FALSE	NA	NA	NA	NA	NA	NA
NC_045512.2	27652	T	A	13300	7208	37	2	2	34	0.000150297	13307	0.999512	FALSE	NA	NA	NA	NA	NA	NA
NC_045512.2	27653	T	G	13349	7248	37	1	0	26	7.48895e-05	13353	1	FALSE	NA	NA	NA	NA	NA	NA
NC_045512.2	27653	T	C	13349	7248	37	3	0	45	0.000224669	13353	0.312486	FALSE	NA	NA	NA	NA	NA	NA
NC_045512.2	27654	C	T	13405	7300	37	1	0	38	7.45879e-05	13407	0.999939	FALSE	NA	NA	NA	NA	NA	NA
NC_045512.2	27654	C	A	13405	7300	37	1	0	34	7.45879e-05	13407	0.999939	FALSE	NA	NA	NA	NA	NA	NA
NC_045512.2	27655	A	G	13179	7236	37	3	1	31	0.000227583	13182	0.997916	FALSE	NA	NA	NA	NA	NA	NA
NC_045512.2	27656	T	C	13371	7256	38	2	1	43	0.000149555	13373	0.500028	FALSE	NA	NA	NA	NA	NA	NA
NC_045512.2	27657	C	G	13263	7266	37	2	1	30	0.000150773	13265	0.999513	FALSE	NA	NA	NA	NA	NA	NA
NC_045512.2	27659	G	A	13297	7190	37	1	1	34	7.51993e-05	13298	0.999939	FALSE	NA	NA	NA	NA	NA	NA
NC_045512.2	27660	A	G	13285	7305	38	5	3	61	0.000376223	13290	0.0312441	FALSE	NA	NA	NA	NA	NA	NA
NC_045512.2	27661	C	G	12361	7520	37	2	1	30	0.00016176	12364	0.999087	FALSE	NA	NA	NA	NA	NA	NA
NC_045512.2	27661	C	A	12361	7520	37	1	0	26	8.088e-05	12364	1	FALSE	NA	NA	NA	NA	NA	NA
NC_045512.2	27661	C	-A	12361	7520	37	3	0	20	0.00024264	12364	1	FALSE	NA	NA	NA	NA	NA	NA
NC_045512.2	27662	A	T	12501	7672	37	1	1	34	7.99744e-05	12504	0.999878	FALSE	NA	NA	NA	NA	NA	NA
NC_045512.2	27662	A	G	12501	7672	37	2	2	34	0.000159949	12504	0.999086	FALSE	NA	NA	NA	NA	NA	NA
NC_045512.2	27668	A	T	12304	7686	37	2	1	34	0.000162522	12306	0.999087	FALSE	NA	NA	NA	NA	NA	NA
NC_045512.2	27669	A	G	12334	7702	37	3	2	56	0.000243151	12338	0.124985	FALSE	NA	NA	NA	NA	NA	NA
NC_045512.2	27669	A	C	12334	7702	37	1	0	26	8.10504e-05	12338	1	FALSE	NA	NA	NA	NA	NA	NA
NC_045512.2	27670	G	A	12431	7683	37	3	1	34	0.000241274	12434	0.996317	FALSE	NA	NA	NA	NA	NA	NA
NC_045512.2	27672	T	C	12437	7686	37	2	2	34	0.000160785	12439	0.999087	FALSE	NA	NA	NA	NA	NA	NA
NC_045512.2	27673	C	T	12350	7613	37	2	0	68	0.000161917	12352	0.25001	FALSE	NA	NA	NA	NA	NA	NA
NC_045512.2	27674	A	G	12308	7584	37	2	2	30	0.000162456	12311	0.999087	FALSE	NA	NA	NA	NA	NA	NA
NC_045512.2	27674	A	C	12308	7584	37	1	0	34	8.12282e-05	12311	0.999878	FALSE	NA	NA	NA	NA	NA	NA
NC_045512.2	27675	A	G	12310	7596	37	1	0	34	8.12282e-05	12311	0.999878	FALSE	NA	NA	NA	NA	NA	NA
NC_045512.2	27677	A	T	12359	7966	36	2	1	29	0.000161786	12362	1	FALSE	NA	NA	NA	NA	NA	NA
NC_045512.2	27677	A	G	12359	7966	36	1	1	34	8.08931e-05	12362	0.999878	FALSE	NA	NA	NA	NA	NA	NA
NC_045512.2	27678	A	C	12702	8009	37	1	0	34	7.87216e-05	12703	0.999878	FALSE	NA	NA	NA	NA	NA	NA
NC_045512.2	27679	C	A	12694	7967	37	1	1	34	7.87712e-05	12695	0.999878	FALSE	NA	NA	NA	NA	NA	NA
NC_045512.2	27680	T	C	12148	7435	36	2	0	34	0.000164609	12150	0.999087	FALSE	NA	NA	NA	NA	NA	NA
NC_045512.2	27681	T	G	12531	7809	37	2	0	34	0.000159579	12533	0.999087	FALSE	NA	NA	NA	NA	NA	NA
NC_045512.2	27682	T	C	12577	7853	37	1	1	34	7.95039e-05	12578	0.999878	FALSE	NA	NA	NA	NA	NA	NA
NC_045512.2	27685	T	C	12337	7721	36	1	0	68	8.10504e-05	12338	0.50002	FALSE	NA	NA	NA	NA	NA	NA
NC_045512.2	27686	C	A	12528	7896	37	4	3	40	0.000319183	12532	0.1875	FALSE	NA	NA	NA	NA	NA	NA
NC_045512.2	27687	T	C	12485	7875	37	1	1	34	8.00897e-05	12486	0.999878	FALSE	NA	NA	NA	NA	NA	NA
NC_045512.2	27689	C	A	12409	7988	37	1	1	34	8.05802e-05	12410	0.999878	FALSE	NA	NA	NA	NA	NA	NA
NC_045512.2	27690	A	G	12446	8020	37	1	1	34	8.03406e-05	12447	0.999878	FALSE	NA	NA	NA	NA	NA	NA
NC_045512.2	27691	A	T	12787	8417	37	1	1	34	7.81922e-05	12789	0.999878	FALSE	NA	NA	NA	NA	NA	NA
NC_045512.2	27691	A	G	12787	8417	37	1	1	34	7.81922e-05	12789	0.999878	FALSE	NA	NA	NA	NA	NA	NA
NC_045512.2	27691	A	-T	12787	8417	37	1	0	20	7.81922e-05	12789	1	FALSE	NA	NA	NA	NA	NA	NA
NC_045512.2	27691	A	+T	12787	8417	37	1	0	20	7.81922e-05	12789	1	FALSE	NA	NA	NA	NA	NA	NA
NC_045512.2	27692	T	G	12581	8218	37	1	0	34	7.94344e-05	12589	0.999878	FALSE	NA	NA	NA	NA	NA	NA
NC_045512.2	27692	T	C	12581	8218	37	4	3	34	0.000317738	12589	0.989367	FALSE	NA	NA	NA	NA	NA	NA
NC_045512.2	27692	T	A	12581	8218	37	3	3	34	0.000238303	12589	0.996307	FALSE	NA	NA	NA	NA	NA	NA
NC_045512.2	27693	T	C	12635	8407	37	39	28	34	0.00307717	12674	9.7724e-05	TRUE	NA	NA	NA	NA	NA	NA
NC_045512.2	27695	T	C	12557	8377	37	1	1	68	7.96305e-05	12558	0.50002	FALSE	NA	NA	NA	NA	NA	NA
NC_045512.2	27696	T	C	12487	8319	37	2	1	51	0.000160141	12489	0.25001	FALSE	NA	NA	NA	NA	NA	NA
NC_045512.2	27698	T	G	12461	8285	37	1	0	34	8.02439e-05	12462	0.999878	FALSE	NA	NA	NA	NA	NA	NA
NC_045512.2	27699	T	C	12458	8299	37	1	1	34	8.02633e-05	12459	0.999878	FALSE	NA	NA	NA	NA	NA	NA
NC_045512.2	27700	A	C	13138	9061	37	1	1	26	7.61093e-05	13139	1	FALSE	NA	NA	NA	NA	NA	NA
NC_045512.2	27702	T	C	13107	9073	37	1	1	34	7.62893e-05	13108	0.999939	FALSE	NA	NA	NA	NA	NA	NA
NC_045512.2	27703	G	A	12973	9232	37	4	3	34	0.000308238	12977	0.989388	FALSE	NA	NA	NA	NA	NA	NA
NC_045512.2	27704	T	G	12771	9036	37	1	1	34	7.82779e-05	12775	0.999878	FALSE	NA	NA	NA	NA	NA	NA
NC_045512.2	27704	T	C	12771	9036	37	3	1	34	0.000234834	12775	0.996316	FALSE	NA	NA	NA	NA	NA	NA
NC_045512.2	27704	T	-TGCGGCAATAG	12771	9036	37	4	0	20	0.000313112	12775	1	FALSE	NA	NA	NA	NA	NA	NA
NC_045512.2	27705	T	C	12057	8335	37	2	0	34	0.000165851	12059	0.999086	FALSE	NA	NA	NA	NA	NA	NA
NC_045512.2	27707	C	T	12197	8584	37	5	4	34	0.000409769	12202	0.975489	FALSE	NA	NA	NA	NA	NA	NA
NC_045512.2	27708	G	C	12208	8576	37	2	2	34	0.0001638	12210	0.999086	FALSE	NA	NA	NA	NA	NA	NA
NC_045512.2	27709	G	A	12168	8546	37	5	3	34	0.000410745	12173	0.975489	FALSE	NA	NA	NA	NA	NA	NA
NC_045512.2	27711	A	G	12424	8878	37	5	2	29	0.000402285	12429	1	FALSE	NA	NA	NA	NA	NA	NA
NC_045512.2	27712	A	C	14199	10906	38	1	1	34	7.04225e-05	14200	0.99997	FALSE	NA	NA	NA	NA	NA	NA
NC_045512.2	27717	G	-T	13833	10842	37	1	0	20	7.22909e-05	13833	1	FALSE	NA	NA	NA	NA	NA	NA
NC_045512.2	27718	T	C	12138	9180	36	1	1	34	8.23791e-05	12139	0.999878	FALSE	NA	NA	NA	NA	NA	NA
NC_045512.2	27719	T	C	13603	10656	38	1	1	34	7.35078e-05	13604	0.999939	FALSE	NA	NA	NA	NA	NA	NA
NC_045512.2	27721	A	T	13537	10604	38	1	1	34	7.38552e-05	13540	0.999939	FALSE	NA	NA	NA	NA	NA	NA
NC_045512.2	27721	A	G	13537	10604	38	1	1	26	7.38552e-05	13540	1	FALSE	NA	NA	NA	NA	NA	NA
NC_045512.2	27721	A	C	13537	10604	38	1	1	26	7.38552e-05	13540	1	FALSE	NA	NA	NA	NA	NA	NA
NC_045512.2	27723	A	G	13465	10649	37	1	1	34	7.42556e-05	13467	0.999939	FALSE	NA	NA	NA	NA	NA	NA
NC_045512.2	27723	A	C	13465	10649	37	1	1	34	7.42556e-05	13467	0.999939	FALSE	NA	NA	NA	NA	NA	NA
NC_045512.2	27724	A	T	13721	10945	38	1	1	34	7.28651e-05	13724	0.999939	FALSE	NA	NA	NA	NA	NA	NA
NC_045512.2	27724	A	G	13721	10945	38	2	2	34	0.00014573	13724	0.999513	FALSE	NA	NA	NA	NA	NA	NA
NC_045512.2	27726	A	T	13062	10374	38	1	0	60	7.65521e-05	13063	0.500019	FALSE	NA	NA	NA	NA	NA	NA
NC_045512.2	27728	T	G	12146	9700	38	3	1	34	0.000246934	12149	0.996318	FALSE	NA	NA	NA	NA	NA	NA
NC_045512.2	27730	T	C	12315	9894	38	2	2	30	0.000162377	12317	0.999087	FALSE	NA	NA	NA	NA	NA	NA
NC_045512.2	27731	G	T	29586	10609	36	1	1	27	3.37975e-05	29588	1	FALSE	NA	NA	NA	NA	NA	NA
NC_045512.2	27731	G	A	29586	10609	36	1	0	34	3.37975e-05	29588	1	FALSE	NA	NA	NA	NA	NA	NA
NC_045512.2	27732	C	T	29547	10715	35	2	0	34	6.76819e-05	29550	1	FALSE	NA	NA	NA	NA	NA	NA
NC_045512.2	27732	C	A	29547	10715	35	1	0	34	3.38409e-05	29550	1	FALSE	NA	NA	NA	NA	NA	NA
NC_045512.2	27733	T	C	29440	10537	35	4	2	34	0.000135851	29444	0.999999	FALSE	NA	NA	NA	NA	NA	NA
NC_045512.2	27734	T	G	29546	10651	36	1	0	34	3.38387e-05	29552	1	FALSE	NA	NA	NA	NA	NA	NA
NC_045512.2	27734	T	C	29546	10651	36	4	0	34	0.000135355	29552	0.999999	FALSE	NA	NA	NA	NA	NA	NA
NC_045512.2	27734	T	A	29546	10651	36	1	0	34	3.38387e-05	29552	1	FALSE	NA	NA	NA	NA	NA	NA
NC_045512.2	27735	C	T	29944	11145	36	1	1	68	3.33946e-05	29945	0.500008	FALSE	NA	NA	NA	NA	NA	NA
NC_045512.2	27736	A	T	30969	12243	36	2	0	34	6.45724e-05	30973	1	FALSE	NA	NA	NA	NA	NA	NA
NC_045512.2	27736	A	G	30969	12243	36	2	1	34	6.45724e-05	30973	1	FALSE	NA	NA	NA	NA	NA	NA
NC_045512.2	27738	A	G	30919	12511	36	2	0	34	6.4681e-05	30921	1	FALSE	NA	NA	NA	NA	NA	NA
NC_045512.2	27739	C	T	31616	12603	36	1	1	34	3.16286e-05	31617	1	FALSE	NA	NA	NA	NA	NA	NA
NC_045512.2	27740	T	C	31268	12290	36	5	3	34	0.000159882	31273	0.999999	FALSE	NA	NA	NA	NA	NA	NA
NC_045512.2	27741	C	T	31386	12438	35	1	0	34	3.18573e-05	31390	1	FALSE	NA	NA	NA	NA	NA	NA
NC_045512.2	27741	C	A	31386	12438	35	3	0	34	9.55718e-05	31390	1	FALSE	NA	NA	NA	NA	NA	NA
NC_045512.2	27741	C	-A	31386	12438	35	1	0	20	3.18573e-05	31390	1	FALSE	NA	NA	NA	NA	NA	NA
NC_045512.2	27742	A	G	32589	13772	36	2	1	34	6.13648e-05	32592	1	FALSE	NA	NA	NA	NA	NA	NA
NC_045512.2	27742	A	C	32589	13772	36	1	0	34	3.06824e-05	32592	1	FALSE	NA	NA	NA	NA	NA	NA
NC_045512.2	27743	A	T	33396	13885	36	1	1	26	2.99401e-05	33400	1	FALSE	NA	NA	NA	NA	NA	NA
NC_045512.2	27743	A	G	33396	13885	36	2	1	34	5.98802e-05	33400	1	FALSE	NA	NA	NA	NA	NA	NA
NC_045512.2	27743	A	C	33396	13885	36	1	1	34	2.99401e-05	33400	1	FALSE	NA	NA	NA	NA	NA	NA
NC_045512.2	27744	A	G	33207	13900	35	6	1	32	0.000180652	33213	0.999999	FALSE	NA	NA	NA	NA	NA	NA
NC_045512.2	27745	A	G	33524	13884	36	7	4	32	0.000208762	33531	0.999996	FALSE	NA	NA	NA	NA	NA	NA
NC_045512.2	27746	G	T	33669	13859	36	1	0	34	2.97e-05	33670	1	FALSE	NA	NA	NA	NA	NA	NA
NC_045512.2	27747	A	G	33396	13793	35	4	3	34	0.00011976	33400	1	FALSE	NA	NA	NA	NA	NA	NA
NC_045512.2	27748	A	G	33435	13596	36	4	0	51	0.000119621	33439	0.0624981	FALSE	NA	NA	NA	NA	NA	NA
NC_045512.2	27749	A	T	33427	13360	35	1	1	34	2.99124e-05	33431	1	FALSE	NA	NA	NA	NA	NA	NA
NC_045512.2	27749	A	G	33427	13360	35	2	0	34	5.98247e-05	33431	1	FALSE	NA	NA	NA	NA	NA	NA
NC_045512.2	27749	A	C	33427	13360	35	1	1	68	2.99124e-05	33431	0.499985	FALSE	NA	NA	NA	NA	NA	NA
NC_045512.2	27750	G	A	33761	13402	35	2	0	34	5.92364e-05	33763	1	FALSE	NA	NA	NA	NA	NA	NA
NC_045512.2	27751	A	T	33391	13151	35	1	1	38	2.99455e-05	33394	1	FALSE	NA	NA	NA	NA	NA	NA
NC_045512.2	27751	A	G	33391	13151	35	2	0	30	5.9891e-05	33394	1	FALSE	NA	NA	NA	NA	NA	NA
NC_045512.2	27752	C	T	33775	13908	35	1	1	34	2.96042e-05	33779	1	FALSE	NA	NA	NA	NA	NA	NA
NC_045512.2	27752	C	G	33775	13908	35	2	2	34	5.92084e-05	33779	1	FALSE	NA	NA	NA	NA	NA	NA
NC_045512.2	27752	C	A	33775	13908	35	1	1	34	2.96042e-05	33779	1	FALSE	NA	NA	NA	NA	NA	NA
NC_045512.2	27752	C	-A	33775	13908	35	1	0	20	2.96042e-05	33779	1	FALSE	NA	NA	NA	NA	NA	NA
NC_045512.2	27753	A	G	33243	13465	35	5	2	34	0.000150385	33248	1	FALSE	NA	NA	NA	NA	NA	NA
NC_045512.2	27755	A	G	33826	13363	35	3	2	34	8.86813e-05	33829	1	FALSE	NA	NA	NA	NA	NA	NA
NC_045512.2	27756	A	G	33765	13332	34	1	0	34	2.96156e-05	33766	1	FALSE	NA	NA	NA	NA	NA	NA
NC_045512.2	27757	T	C	33811	12960	34	5	3	29	0.000147859	33816	1	FALSE	NA	NA	NA	NA	NA	NA
NC_045512.2	27759	A	G	34278	13163	35	2	0	34	5.83431e-05	34280	1	FALSE	NA	NA	NA	NA	NA	NA
NC_045512.2	27760	T	G	34166	13099	34	1	1	34	2.92654e-05	34170	1	FALSE	NA	NA	NA	NA	NA	NA
NC_045512.2	27760	T	C	34166	13099	34	3	2	34	8.77963e-05	34170	1	FALSE	NA	NA	NA	NA	NA	NA
NC_045512.2	27761	T	G	34094	13127	34	1	0	34	2.93255e-05	34100	1	FALSE	NA	NA	NA	NA	NA	NA
NC_045512.2	27761	T	C	34094	13127	34	4	2	34	0.000117302	34100	1	FALSE	NA	NA	NA	NA	NA	NA
NC_045512.2	27761	T	A	34094	13127	34	1	0	34	2.93255e-05	34100	1	FALSE	NA	NA	NA	NA	NA	NA
NC_045512.2	27762	G	T	34187	13101	34	4	0	34	0.000116983	34193	1	FALSE	NA	NA	NA	NA	NA	NA
NC_045512.2	27762	G	A	34187	13101	34	2	1	30	5.84915e-05	34193	1	FALSE	NA	NA	NA	NA	NA	NA
NC_045512.2	27763	A	G	34006	12989	35	4	1	34	0.000117606	34012	1	FALSE	NA	NA	NA	NA	NA	NA
NC_045512.2	27763	A	C	34006	12989	35	2	2	34	5.88028e-05	34012	1	FALSE	NA	NA	NA	NA	NA	NA
NC_045512.2	27764	A	G	34010	13004	34	3	1	31	8.82016e-05	34013	1	FALSE	NA	NA	NA	NA	NA	NA
NC_045512.2	27765	C	T	34199	13053	35	10	1	34	0.000292321	34209	0.999947	FALSE	NA	NA	NA	NA	NA	NA
NC_045512.2	27766	T	G	34059	12908	35	2	0	34	5.87182e-05	34061	1	FALSE	NA	NA	NA	NA	NA	NA
NC_045512.2	27767	T	G	34214	12796	34	3	1	31	8.76629e-05	34222	1	FALSE	NA	NA	NA	NA	NA	NA
NC_045512.2	27767	T	C	34214	12796	34	5	2	32	0.000146105	34222	1	FALSE	NA	NA	NA	NA	NA	NA
NC_045512.2	27768	T	G	34185	12726	34	1	1	26	2.925e-05	34188	1	FALSE	NA	NA	NA	NA	NA	NA
NC_045512.2	27768	T	C	34185	12726	34	1	0	26	2.925e-05	34188	1	FALSE	NA	NA	NA	NA	NA	NA
NC_045512.2	27768	T	A	34185	12726	34	1	0	34	2.925e-05	34188	1	FALSE	NA	NA	NA	NA	NA	NA
NC_045512.2	27770	A	G	34435	12852	35	1	1	34	2.90394e-05	34436	1	FALSE	NA	NA	NA	NA	NA	NA
NC_045512.2	27772	T	C	34550	12891	35	6	1	34	0.000173631	34556	0.999999	FALSE	NA	NA	NA	NA	NA	NA
NC_045512.2	27773	A	T	34319	12790	34	2	1	30	5.827e-05	34323	1	FALSE	NA	NA	NA	NA	NA	NA
NC_045512.2	27773	A	G	34319	12790	34	2	0	51	5.827e-05	34323	0.249989	FALSE	NA	NA	NA	NA	NA	NA
NC_045512.2	27774	A	G	34059	12968	34	3	1	34	8.80747e-05	34062	1	FALSE	NA	NA	NA	NA	NA	NA
NC_045512.2	27775	T	C	34597	12898	35	3	2	31	8.67052e-05	34600	1	FALSE	NA	NA	NA	NA	NA	NA
NC_045512.2	27776	T	C	34452	12791	35	3	0	34	8.70676e-05	34456	1	FALSE	NA	NA	NA	NA	NA	NA
NC_045512.2	27776	T	A	34452	12791	35	1	1	34	2.90225e-05	34456	1	FALSE	NA	NA	NA	NA	NA	NA
NC_045512.2	27778	A	G	34412	12546	35	3	1	30	8.71713e-05	34415	1	FALSE	NA	NA	NA	NA	NA	NA
NC_045512.2	27780	T	G	34819	12613	35	1	0	34	2.87158e-05	34824	1	FALSE	NA	NA	NA	NA	NA	NA
NC_045512.2	27780	T	C	34819	12613	35	4	2	32	0.000114863	34824	1	FALSE	NA	NA	NA	NA	NA	NA
NC_045512.2	27781	T	G	34669	12460	34	1	0	34	2.88417e-05	34672	1	FALSE	NA	NA	NA	NA	NA	NA
NC_045512.2	27781	T	C	34669	12460	34	2	1	34	5.76834e-05	34672	1	FALSE	NA	NA	NA	NA	NA	NA
NC_045512.2	27782	C	T	35324	12584	35	1	0	34	2.83078e-05	35326	1	FALSE	NA	NA	NA	NA	NA	NA
NC_045512.2	27782	C	G	35324	12584	35	1	0	34	2.83078e-05	35326	1	FALSE	NA	NA	NA	NA	NA	NA
NC_045512.2	27783	T	C	35179	12305	34	6	4	34	0.000170527	35185	1	FALSE	NA	NA	NA	NA	NA	NA
NC_045512.2	27784	A	G	35459	12640	35	1	0	26	2.82008e-05	35460	1	FALSE	NA	NA	NA	NA	NA	NA
NC_045512.2	27785	T	C	34433	11565	34	1	1	68	2.90402e-05	34435	0.5	FALSE	NA	NA	NA	NA	NA	NA
NC_045512.2	27785	T	A	34433	11565	34	1	0	34	2.90402e-05	34435	1	FALSE	NA	NA	NA	NA	NA	NA
NC_045512.2	27786	T	C	35382	12557	35	1	0	34	2.82614e-05	35384	1	FALSE	NA	NA	NA	NA	NA	NA
NC_045512.2	27786	T	A	35382	12557	35	1	0	24	2.82614e-05	35384	1	FALSE	NA	NA	NA	NA	NA	NA
NC_045512.2	27787	T	G	35179	12444	35	2	0	34	5.68408e-05	35186	1	FALSE	NA	NA	NA	NA	NA	NA
NC_045512.2	27787	T	C	35179	12444	35	5	3	34	0.000142102	35186	1	FALSE	NA	NA	NA	NA	NA	NA
NC_045512.2	27789	T	G	35173	12314	35	6	0	34	0.000170551	35180	1	FALSE	NA	NA	NA	NA	NA	NA
NC_045512.2	27789	T	C	35173	12314	35	1	0	34	2.84252e-05	35180	1	FALSE	NA	NA	NA	NA	NA	NA
NC_045512.2	27791	C	-T	35479	12310	35	13	0	20	0.000366414	35479	1	FALSE	NA	NA	NA	NA	NA	NA
NC_045512.2	27792	T	G	35470	11849	35	1	0	26	2.81873e-05	35477	1	FALSE	NA	NA	NA	NA	NA	NA
NC_045512.2	27792	T	C	35470	11849	35	6	1	34	0.000169124	35477	1	FALSE	NA	NA	NA	NA	NA	NA
NC_045512.2	27793	T	C	35641	11898	35	2	0	30	5.61104e-05	35644	1	FALSE	NA	NA	NA	NA	NA	NA
NC_045512.2	27793	T	A	35641	11898	35	1	0	34	2.80552e-05	35644	1	FALSE	NA	NA	NA	NA	NA	NA
NC_045512.2	27794	T	G	35605	11844	35	3	3	34	8.42484e-05	35609	1	FALSE	NA	NA	NA	NA	NA	NA
NC_045512.2	27794	T	C	35605	11844	35	1	0	34	2.80828e-05	35609	1	FALSE	NA	NA	NA	NA	NA	NA
NC_045512.2	27796	T	G	35583	11878	35	5	1	30	0.000140489	35590	1	FALSE	NA	NA	NA	NA	NA	NA
NC_045512.2	27796	T	C	35583	11878	35	2	1	34	5.61956e-05	35590	1	FALSE	NA	NA	NA	NA	NA	NA
NC_045512.2	27797	A	T	35537	11838	35	1	0	34	2.81302e-05	35549	1	FALSE	NA	NA	NA	NA	NA	NA
NC_045512.2	27797	A	G	35537	11838	35	11	2	40	0.000309432	35549	0.0286745	FALSE	NA	NA	NA	NA	NA	NA
NC_045512.2	27798	G	T	35965	11803	35	1	1	34	2.77994e-05	35972	1	FALSE	NA	NA	NA	NA	NA	NA
NC_045512.2	27798	G	C	35965	11803	35	2	1	51	5.55988e-05	35972	0.249969	FALSE	NA	NA	NA	NA	NA	NA
NC_045512.2	27798	G	A	35965	11803	35	4	3	34	0.000111198	35972	1	FALSE	NA	NA	NA	NA	NA	NA
NC_045512.2	27799	C	T	35883	11810	35	2	2	34	5.57305e-05	35887	1	FALSE	NA	NA	NA	NA	NA	NA
NC_045512.2	27799	C	G	35883	11810	35	1	0	34	2.78652e-05	35887	1	FALSE	NA	NA	NA	NA	NA	NA
NC_045512.2	27799	C	A	35883	11810	35	1	0	34	2.78652e-05	35887	1	FALSE	NA	NA	NA	NA	NA	NA
NC_045512.2	27800	C	T	35830	11685	35	1	1	34	2.7908e-05	35832	1	FALSE	NA	NA	NA	NA	NA	NA
NC_045512.2	27800	C	A	35830	11685	35	1	0	34	2.7908e-05	35832	1	FALSE	NA	NA	NA	NA	NA	NA
NC_045512.2	27802	T	C	35319	10932	35	4	2	32	0.000113231	35326	1	FALSE	NA	NA	NA	NA	NA	NA
NC_045512.2	27802	T	A	35319	10932	35	3	1	31	8.49233e-05	35326	1	FALSE	NA	NA	NA	NA	NA	NA
NC_045512.2	27803	T	C	35402	10937	35	3	3	31	8.47314e-05	35406	1	FALSE	NA	NA	NA	NA	NA	NA
NC_045512.2	27803	T	A	35402	10937	35	1	0	34	2.82438e-05	35406	1	FALSE	NA	NA	NA	NA	NA	NA
NC_045512.2	27804	C	T	37406	10886	35	8	8	38	0.000213812	37416	0.999998	FALSE	NA	NA	NA	NA	NA	NA
NC_045512.2	27804	C	A	37406	10886	35	2	0	26	5.34531e-05	37416	1	FALSE	NA	NA	NA	NA	NA	NA
NC_045512.2	27805	T	C	37516	10896	35	7	2	36	0.000186552	37523	1	FALSE	NA	NA	NA	NA	NA	NA
NC_045512.2	27807	C	T	3	1	34	37743	10735	35	0.999921	37746	0	TRUE	NA	NA	NA	NA	NA	NA
NC_045512.2	27808	T	G	37645	10625	35	3	0	34	7.96792e-05	37651	1	FALSE	NA	NA	NA	NA	NA	NA
NC_045512.2	27808	T	C	37645	10625	35	1	1	34	2.65597e-05	37651	1	FALSE	NA	NA	NA	NA	NA	NA
NC_045512.2	27808	T	A	37645	10625	35	2	0	26	5.31194e-05	37651	1	FALSE	NA	NA	NA	NA	NA	NA
NC_045512.2	27809	A	T	37489	10661	35	1	1	34	2.66724e-05	37492	1	FALSE	NA	NA	NA	NA	NA	NA
NC_045512.2	27809	A	G	37489	10661	35	2	1	34	5.33447e-05	37492	1	FALSE	NA	NA	NA	NA	NA	NA
NC_045512.2	27810	T	G	37451	10324	35	1	0	26	2.66973e-05	37457	1	FALSE	NA	NA	NA	NA	NA	NA
NC_045512.2	27810	T	C	37451	10324	35	5	1	32	0.000133486	37457	1	FALSE	NA	NA	NA	NA	NA	NA
NC_045512.2	27811	T	C	37228	10296	35	7	5	32	0.00018799	37236	1	FALSE	NA	NA	NA	NA	NA	NA
NC_045512.2	27811	T	A	37228	10296	35	1	0	34	2.68557e-05	37236	1	FALSE	NA	NA	NA	NA	NA	NA
NC_045512.2	27812	C	G	36529	10313	35	2	0	34	5.4748e-05	36531	1	FALSE	NA	NA	NA	NA	NA	NA
NC_045512.2	27813	C	T	33484	7729	35	9	1	48	0.000268705	33494	0.07298	FALSE	NA	NA	NA	NA	NA	NA
NC_045512.2	27813	C	A	33484	7729	35	1	0	26	2.98561e-05	33494	1	FALSE	NA	NA	NA	NA	NA	NA
NC_045512.2	27814	T	G	33652	7708	35	1	0	26	2.97133e-05	33655	1	FALSE	NA	NA	NA	NA	NA	NA
NC_045512.2	27814	T	C	33652	7708	35	2	2	34	5.94265e-05	33655	1	FALSE	NA	NA	NA	NA	NA	NA
NC_045512.2	27815	T	C	33139	7333	35	6	3	31	0.000181017	33146	0.999999	FALSE	NA	NA	NA	NA	NA	NA
NC_045512.2	27815	T	A	33139	7333	35	1	0	34	3.01696e-05	33146	1	FALSE	NA	NA	NA	NA	NA	NA
NC_045512.2	27816	G	-T	32963	7348	35	4	0	20	0.000121348	32963	1	FALSE	NA	NA	NA	NA	NA	NA
NC_045512.2	27817	T	C	32956	7327	35	2	0	34	6.06833e-05	32958	1	FALSE	NA	NA	NA	NA	NA	NA
NC_045512.2	27818	T	C	28179	7504	35	1	1	34	3.54862e-05	28180	1	FALSE	NA	NA	NA	NA	NA	NA
NC_045512.2	27820	T	A	23931	7655	35	1	0	26	4.17851e-05	23932	1	FALSE	NA	NA	NA	NA	NA	NA
NC_045512.2	27821	A	G	23934	7626	35	3	1	34	0.000125324	23938	0.999995	FALSE	NA	NA	NA	NA	NA	NA
NC_045512.2	27821	A	C	23934	7626	35	1	1	34	4.17746e-05	23938	1	FALSE	NA	NA	NA	NA	NA	NA
NC_045512.2	27822	A	G	23777	7637	34	2	1	34	8.41043e-05	23780	0.999999	FALSE	NA	NA	NA	NA	NA	NA
NC_045512.2	27822	A	C	23777	7637	34	1	1	34	4.20521e-05	23780	1	FALSE	NA	NA	NA	NA	NA	NA
NC_045512.2	27822	A	-T	23777	7637	34	1	0	20	4.20521e-05	23780	1	FALSE	NA	NA	NA	NA	NA	NA
NC_045512.2	27824	T	C	17229	1476	34	3	0	34	0.000174085	17233	0.999799	FALSE	NA	NA	NA	NA	NA	NA
NC_045512.2	27824	T	A	17229	1476	34	1	0	26	5.80282e-05	17233	1	FALSE	NA	NA	NA	NA	NA	NA
NC_045512.2	27825	A	G	16833	1519	34	2	0	30	0.0001188	16835	0.999928	FALSE	NA	NA	NA	NA	NA	NA
NC_045512.2	27826	T	C	16668	1550	34	1	0	34	5.99916e-05	16669	0.999992	FALSE	NA	NA	NA	NA	NA	NA
NC_045512.2	27828	C	T	16843	3267	35	1	1	27	5.93683e-05	16844	1	FALSE	NA	NA	NA	NA	NA	NA
NC_045512.2	27829	T	C	17095	3287	36	2	1	29	0.00011698	17097	1	FALSE	NA	NA	NA	NA	NA	NA
NC_045512.2	27830	T	C	17191	3444	36	2	2	34	0.000116326	17193	0.999962	FALSE	NA	NA	NA	NA	NA	NA
NC_045512.2	27831	A	T	17315	3461	36	1	1	27	5.77467e-05	17317	1	FALSE	NA	NA	NA	NA	NA	NA
NC_045512.2	27831	A	G	17315	3461	36	1	0	34	5.77467e-05	17317	0.999996	FALSE	NA	NA	NA	NA	NA	NA
NC_045512.2	27833	T	C	16310	3695	35	1	0	34	6.13083e-05	16311	0.999992	FALSE	NA	NA	NA	NA	NA	NA
NC_045512.2	27835	T	C	16993	3735	36	1	0	34	5.88443e-05	16994	0.999992	FALSE	NA	NA	NA	NA	NA	NA
NC_045512.2	27836	C	T	17305	4039	36	2	0	34	0.000115554	17308	0.999962	FALSE	NA	NA	NA	NA	NA	NA
NC_045512.2	27836	C	A	17305	4039	36	1	0	34	5.77768e-05	17308	0.999996	FALSE	NA	NA	NA	NA	NA	NA
NC_045512.2	27836	C	-T	17305	4039	36	5	0	20	0.000288884	17308	1	FALSE	NA	NA	NA	NA	NA	NA
NC_045512.2	27837	T	C	17372	4048	36	5	1	32	0.00028772	17378	0.99783	FALSE	NA	NA	NA	NA	NA	NA
NC_045512.2	27837	T	A	17372	4048	36	1	0	34	5.7544e-05	17378	0.999996	FALSE	NA	NA	NA	NA	NA	NA
NC_045512.2	27838	T	C	17363	4062	36	3	0	34	0.000172741	17367	0.999799	FALSE	NA	NA	NA	NA	NA	NA
NC_045512.2	27838	T	A	17363	4062	36	1	0	34	5.75805e-05	17367	0.999996	FALSE	NA	NA	NA	NA	NA	NA
NC_045512.2	27839	T	G	17314	4047	36	1	0	34	5.77401e-05	17319	0.999996	FALSE	NA	NA	NA	NA	NA	NA
NC_045512.2	27839	T	C	17314	4047	36	2	0	29	0.00011548	17319	1	FALSE	NA	NA	NA	NA	NA	NA
NC_045512.2	27839	T	A	17314	4047	36	2	1	34	0.00011548	17319	0.999962	FALSE	NA	NA	NA	NA	NA	NA
NC_045512.2	27840	T	C	16881	4143	36	3	1	34	0.000177641	16888	0.999636	FALSE	NA	NA	NA	NA	NA	NA
NC_045512.2	27840	T	A	16881	4143	36	4	0	34	0.000236855	16888	0.998714	FALSE	NA	NA	NA	NA	NA	NA
NC_045512.2	27842	G	T	17288	4193	36	1	0	34	5.78402e-05	17289	0.999996	FALSE	NA	NA	NA	NA	NA	NA
NC_045512.2	27843	T	C	17296	4200	36	1	0	26	5.78102e-05	17298	1	FALSE	NA	NA	NA	NA	NA	NA
NC_045512.2	27843	T	A	17296	4200	36	1	0	34	5.78102e-05	17298	0.999996	FALSE	NA	NA	NA	NA	NA	NA
NC_045512.2	27844	T	C	16682	4143	35	2	1	51	0.000119875	16684	0.250007	FALSE	NA	NA	NA	NA	NA	NA
NC_045512.2	27845	C	A	16600	4432	36	1	0	34	6.02373e-05	16601	0.999992	FALSE	NA	NA	NA	NA	NA	NA
NC_045512.2	27846	T	G	16647	4442	36	1	0	34	6.00637e-05	16649	0.999992	FALSE	NA	NA	NA	NA	NA	NA
NC_045512.2	27846	T	C	16647	4442	36	1	0	68	6.00637e-05	16649	0.5	FALSE	NA	NA	NA	NA	NA	NA
NC_045512.2	27847	C	A	18412	4491	36	1	0	34	5.43095e-05	18413	0.999998	FALSE	NA	NA	NA	NA	NA	NA
NC_045512.2	27848	A	G	18440	4487	36	1	1	34	5.4227e-05	18441	0.999998	FALSE	NA	NA	NA	NA	NA	NA
NC_045512.2	27850	T	G	18042	4561	36	3	0	34	0.000166233	18047	0.99989	FALSE	NA	NA	NA	NA	NA	NA
NC_045512.2	27850	T	C	18042	4561	36	2	0	30	0.000110822	18047	0.99998	FALSE	NA	NA	NA	NA	NA	NA
NC_045512.2	27851	T	C	18016	4537	36	5	0	34	0.000277408	18024	0.998703	FALSE	NA	NA	NA	NA	NA	NA
NC_045512.2	27851	T	A	18016	4537	36	3	0	34	0.000166445	18024	0.99989	FALSE	NA	NA	NA	NA	NA	NA
NC_045512.2	27851	T	-G	18016	4537	36	1	0	20	5.54816e-05	18024	1	FALSE	NA	NA	NA	NA	NA	NA
NC_045512.2	27852	G	T	18865	4587	36	1	0	34	5.30054e-05	18866	0.999998	FALSE	NA	NA	NA	NA	NA	NA
NC_045512.2	27853	A	G	18957	4631	36	3	1	34	0.000158228	18960	0.99989	FALSE	NA	NA	NA	NA	NA	NA
NC_045512.2	27854	A	G	18155	4640	35	1	0	34	5.50782e-05	18156	0.999998	FALSE	NA	NA	NA	NA	NA	NA
NC_045512.2	27855	C	T	18628	4813	36	1	0	34	5.36797e-05	18629	0.999998	FALSE	NA	NA	NA	NA	NA	NA
NC_045512.2	27856	T	C	18815	4973	36	2	2	51	0.000106287	18817	0.250007	FALSE	NA	NA	NA	NA	NA	NA
NC_045512.2	27857	G	A	18823	4964	36	9	1	41	0.00047791	18832	0.0107364	FALSE	NA	NA	NA	NA	NA	NA
NC_045512.2	27858	C	T	18768	5071	36	2	0	51	0.000106547	18771	0.249993	FALSE	NA	NA	NA	NA	NA	NA
NC_045512.2	27858	C	G	18768	5071	36	1	0	26	5.32737e-05	18771	1	FALSE	NA	NA	NA	NA	NA	NA
NC_045512.2	27859	A	G	18805	5071	36	5	1	34	0.000265816	18810	0.998705	FALSE	NA	NA	NA	NA	NA	NA
NC_045512.2	27860	A	G	18781	5093	36	4	4	34	0.000212936	18785	0.999574	FALSE	NA	NA	NA	NA	NA	NA
NC_045512.2	27861	G	T	18820	5055	36	1	0	34	5.31321e-05	18821	0.999998	FALSE	NA	NA	NA	NA	NA	NA
NC_045512.2	27862	A	G	18614	5280	35	1	0	34	5.37201e-05	18615	0.999998	FALSE	NA	NA	NA	NA	NA	NA
NC_045512.2	27864	C	A	19372	5691	36	1	0	34	5.16182e-05	19373	0.999999	FALSE	NA	NA	NA	NA	NA	NA
NC_045512.2	27865	A	G	19473	5761	36	1	0	34	5.13505e-05	19474	0.999999	FALSE	NA	NA	NA	NA	NA	NA
NC_045512.2	27866	T	C	19965	5754	36	2	0	31	0.000100165	19967	0.99999	FALSE	NA	NA	NA	NA	NA	NA
NC_045512.2	27867	A	C	20043	5789	36	1	1	26	4.98902e-05	20044	1	FALSE	NA	NA	NA	NA	NA	NA
NC_045512.2	27868	A	G	19822	5859	36	2	2	34	0.000100888	19824	0.99999	FALSE	NA	NA	NA	NA	NA	NA
NC_045512.2	27869	T	C	19754	5859	36	2	1	51	0.000101235	19756	0.250006	FALSE	NA	NA	NA	NA	NA	NA
NC_045512.2	27870	G	A	19438	5822	36	1	0	26	5.1443e-05	19439	1	FALSE	NA	NA	NA	NA	NA	NA
NC_045512.2	27871	A	G	19939	6528	37	1	0	26	5.01505e-05	19940	1	FALSE	NA	NA	NA	NA	NA	NA
NC_045512.2	27872	A	T	20257	7038	37	1	1	27	4.93559e-05	20261	1	FALSE	NA	NA	NA	NA	NA	NA
NC_045512.2	27872	A	G	20257	7038	37	3	1	34	0.000148068	20261	0.999967	FALSE	NA	NA	NA	NA	NA	NA
NC_045512.2	27873	A	G	20341	7038	37	1	0	34	4.91594e-05	20342	1	FALSE	NA	NA	NA	NA	NA	NA
NC_045512.2	27876	T	G	20551	7149	37	1	0	34	4.86523e-05	20554	1	FALSE	NA	NA	NA	NA	NA	NA
NC_045512.2	27876	T	C	20551	7149	37	1	1	34	4.86523e-05	20554	1	FALSE	NA	NA	NA	NA	NA	NA
NC_045512.2	27876	T	A	20551	7149	37	1	1	34	4.86523e-05	20554	1	FALSE	NA	NA	NA	NA	NA	NA
NC_045512.2	27878	T	G	21180	8075	38	1	0	34	4.71988e-05	21187	1	FALSE	NA	NA	NA	NA	NA	NA
NC_045512.2	27878	T	C	21180	8075	38	6	0	34	0.000283193	21187	0.999246	FALSE	NA	NA	NA	NA	NA	NA
NC_045512.2	27879	C	G	20827	8133	38	1	0	34	4.80123e-05	20828	1	FALSE	NA	NA	NA	NA	NA	NA
NC_045512.2	27880	A	T	20818	8116	38	2	1	47	9.60476e-05	20823	0.687473	FALSE	NA	NA	NA	NA	NA	NA
NC_045512.2	27880	A	G	20818	8116	38	3	3	34	0.000144071	20823	0.999967	FALSE	NA	NA	NA	NA	NA	NA
NC_045512.2	27881	C	T	21244	8203	38	16	7	34	0.000752587	21260	0.838137	FALSE	NA	NA	NA	NA	NA	NA
NC_045512.2	27882	G	T	21389	8203	38	2	0	34	9.34579e-05	21400	0.999997	FALSE	NA	NA	NA	NA	NA	NA
NC_045512.2	27882	G	A	21389	8203	38	9	2	34	0.000420561	21400	0.991953	FALSE	NA	NA	NA	NA	NA	NA
NC_045512.2	27883	C	T	21258	8680	38	4	0	34	0.000188103	21265	0.999922	FALSE	NA	NA	NA	NA	NA	NA
NC_045512.2	27883	C	G	21258	8680	38	3	0	31	0.000141077	21265	0.999982	FALSE	NA	NA	NA	NA	NA	NA
NC_045512.2	27884	C	A	21206	8693	38	1	0	34	4.71542e-05	21207	1	FALSE	NA	NA	NA	NA	NA	NA
NC_045512.2	27885	T	C	21032	8485	38	10	4	37	0.00047524	21042	0.98531	FALSE	NA	NA	NA	NA	NA	NA
NC_045512.2	27886	A	G	21085	8535	38	2	0	34	9.48407e-05	21088	0.999997	FALSE	NA	NA	NA	NA	NA	NA
NC_045512.2	27886	A	C	21085	8535	38	1	0	34	4.74203e-05	21088	1	FALSE	NA	NA	NA	NA	NA	NA
NC_045512.2	27887	A	G	21117	8577	38	5	2	32	0.00023672	21122	0.999734	FALSE	NA	NA	NA	NA	NA	NA
NC_045512.2	27888	A	G	21429	9423	37	1	0	34	4.66614e-05	21431	1	FALSE	NA	NA	NA	NA	NA	NA
NC_045512.2	27888	A	C	21429	9423	37	1	1	26	4.66614e-05	21431	1	FALSE	NA	NA	NA	NA	NA	NA
NC_045512.2	27889	C	T	21707	9446	38	2	2	51	9.21277e-05	21709	0.250006	FALSE	NA	NA	NA	NA	NA	NA
NC_045512.2	27891	A	G	22011	9882	38	1	0	34	4.54298e-05	22012	1	FALSE	NA	NA	NA	NA	NA	NA
NC_045512.2	27892	A	G	21510	9996	38	1	1	34	4.64857e-05	21512	1	FALSE	NA	NA	NA	NA	NA	NA
NC_045512.2	27892	A	C	21510	9996	38	1	0	34	4.64857e-05	21512	1	FALSE	NA	NA	NA	NA	NA	NA
NC_045512.2	27893	C	T	21711	10330	38	2	1	68	9.21065e-05	21714	0.249994	FALSE	NA	NA	NA	NA	NA	NA
NC_045512.2	27893	C	G	21711	10330	38	1	1	34	4.60532e-05	21714	1	FALSE	NA	NA	NA	NA	NA	NA
NC_045512.2	27896	G	T	21789	10406	38	1	1	34	4.58926e-05	21790	1	FALSE	NA	NA	NA	NA	NA	NA
NC_045512.2	27897	A	T	21782	10438	38	1	0	34	4.5901e-05	21786	1	FALSE	NA	NA	NA	NA	NA	NA
NC_045512.2	27897	A	G	21782	10438	38	2	0	51	9.18021e-05	21786	0.249983	FALSE	NA	NA	NA	NA	NA	NA
NC_045512.2	27897	A	C	21782	10438	38	1	0	34	4.5901e-05	21786	1	FALSE	NA	NA	NA	NA	NA	NA
NC_045512.2	27898	A	T	21815	10504	38	1	1	34	4.58295e-05	21820	1	FALSE	NA	NA	NA	NA	NA	NA
NC_045512.2	27898	A	G	21815	10504	38	3	1	45	0.000137489	21820	0.499979	FALSE	NA	NA	NA	NA	NA	NA
NC_045512.2	27898	A	C	21815	10504	38	1	1	26	4.58295e-05	21820	1	FALSE	NA	NA	NA	NA	NA	NA
NC_045512.2	27899	A	G	22983	12112	38	4	2	40	0.000174011	22987	0.34376	FALSE	NA	NA	NA	NA	NA	NA
NC_045512.2	27900	T	G	23115	12364	39	1	1	26	4.32563e-05	23118	1	FALSE	NA	NA	NA	NA	NA	NA
NC_045512.2	27900	T	C	23115	12364	39	2	1	34	8.65127e-05	23118	0.999999	FALSE	NA	NA	NA	NA	NA	NA
NC_045512.2	27901	T	G	23456	12767	39	1	0	27	4.26294e-05	23458	1	FALSE	NA	NA	NA	NA	NA	NA
NC_045512.2	27901	T	C	23456	12767	39	1	0	34	4.26294e-05	23458	1	FALSE	NA	NA	NA	NA	NA	NA
NC_045512.2	27902	T	C	23043	12540	38	2	0	34	8.67867e-05	23045	0.999999	FALSE	NA	NA	NA	NA	NA	NA
NC_045512.2	27904	T	G	21783	12965	38	1	1	26	4.5901e-05	21786	1	FALSE	NA	NA	NA	NA	NA	NA
NC_045512.2	27904	T	C	21783	12965	38	2	2	34	9.18021e-05	21786	0.999997	FALSE	NA	NA	NA	NA	NA	NA
NC_045512.2	27905	T	G	21918	13117	38	1	1	34	4.56204e-05	21920	1	FALSE	NA	NA	NA	NA	NA	NA
NC_045512.2	27905	T	C	21918	13117	38	1	1	34	4.56204e-05	21920	1	FALSE	NA	NA	NA	NA	NA	NA
NC_045512.2	27906	G	T	21994	13147	38	2	2	34	9.09256e-05	21996	0.999997	FALSE	NA	NA	NA	NA	NA	NA
NC_045512.2	27907	T	C	22485	14138	38	2	2	30	8.89403e-05	22487	0.999999	FALSE	NA	NA	NA	NA	NA	NA
NC_045512.2	27908	T	G	22566	14210	38	1	1	26	4.43105e-05	22568	1	FALSE	NA	NA	NA	NA	NA	NA
NC_045512.2	27908	T	C	22566	14210	38	1	1	34	4.43105e-05	22568	1	FALSE	NA	NA	NA	NA	NA	NA
NC_045512.2	27909	T	G	22721	14374	38	1	1	34	4.39967e-05	22729	1	FALSE	NA	NA	NA	NA	NA	NA
NC_045512.2	27909	T	C	22721	14374	38	6	6	38	0.00026398	22729	0.999545	FALSE	NA	NA	NA	NA	NA	NA
NC_045512.2	27909	T	A	22721	14374	38	1	1	34	4.39967e-05	22729	1	FALSE	NA	NA	NA	NA	NA	NA
NC_045512.2	27911	C	-T	23519	15359	38	2	0	20	8.50376e-05	23519	1	FALSE	NA	NA	NA	NA	NA	NA
NC_045512.2	27913	T	C	23629	15478	38	10	6	33	0.00042303	23639	0.993253	FALSE	NA	NA	NA	NA	NA	NA
NC_045512.2	27914	A	G	23644	15496	38	1	1	26	4.22922e-05	23645	1	FALSE	NA	NA	NA	NA	NA	NA
NC_045512.2	27915	G	A	23651	15424	38	2	2	34	8.45559e-05	23653	0.999999	FALSE	NA	NA	NA	NA	NA	NA
NC_045512.2	27917	A	T	24151	16362	38	1	1	34	4.13993e-05	24155	1	FALSE	NA	NA	NA	NA	NA	NA
NC_045512.2	27917	A	G	24151	16362	38	3	3	31	0.000124198	24155	0.999997	FALSE	NA	NA	NA	NA	NA	NA
NC_045512.2	27919	T	C	24230	16449	38	3	3	31	0.000123798	24233	0.999997	FALSE	NA	NA	NA	NA	NA	NA
NC_045512.2	27920	C	T	24651	16563	38	1	0	34	4.05647e-05	24652	1	FALSE	NA	NA	NA	NA	NA	NA
NC_045512.2	27921	A	G	25592	17617	38	4	1	34	0.000156274	25596	0.999992	FALSE	NA	NA	NA	NA	NA	NA
NC_045512.2	27922	T	A	25673	17633	38	2	2	34	7.78968e-05	25675	1	FALSE	NA	NA	NA	NA	NA	NA
NC_045512.2	27923	C	T	25674	17685	38	1	0	34	3.89469e-05	25676	1	FALSE	NA	NA	NA	NA	NA	NA
NC_045512.2	27923	C	A	25674	17685	38	1	0	34	3.89469e-05	25676	1	FALSE	NA	NA	NA	NA	NA	NA
NC_045512.2	27926	A	G	26335	18272	38	2	0	34	7.59388e-05	26337	1	FALSE	NA	NA	NA	NA	NA	NA
NC_045512.2	27928	C	A	26263	18569	38	2	2	34	7.6147e-05	26265	1	FALSE	NA	NA	NA	NA	NA	NA
NC_045512.2	27929	T	C	23863	16217	38	2	2	34	8.38012e-05	23866	0.999999	FALSE	NA	NA	NA	NA	NA	NA
NC_045512.2	27929	T	A	23863	16217	38	1	0	34	4.19006e-05	23866	1	FALSE	NA	NA	NA	NA	NA	NA
NC_045512.2	27930	G	T	24078	16397	38	2	2	34	8.30358e-05	24086	1	FALSE	NA	NA	NA	NA	NA	NA
NC_045512.2	27930	G	C	24078	16397	38	3	3	26	0.000124554	24086	1	FALSE	NA	NA	NA	NA	NA	NA
NC_045512.2	27930	G	A	24078	16397	38	3	1	34	0.000124554	24086	0.999997	FALSE	NA	NA	NA	NA	NA	NA
NC_045512.2	27931	T	G	24034	16375	38	3	0	34	0.000124792	24040	0.999997	FALSE	NA	NA	NA	NA	NA	NA
NC_045512.2	27931	T	C	24034	16375	38	2	2	30	8.31947e-05	24040	1	FALSE	NA	NA	NA	NA	NA	NA
NC_045512.2	27931	T	A	24034	16375	38	1	1	26	4.15973e-05	24040	1	FALSE	NA	NA	NA	NA	NA	NA
NC_045512.2	27932	A	G	24079	16415	38	2	1	30	8.30427e-05	24084	1	FALSE	NA	NA	NA	NA	NA	NA
NC_045512.2	27932	A	C	24079	16415	38	3	3	31	0.000124564	24084	0.999997	FALSE	NA	NA	NA	NA	NA	NA
NC_045512.2	27933	G	A	24030	16350	38	4	2	34	0.000166431	24034	0.999986	FALSE	NA	NA	NA	NA	NA	NA
NC_045512.2	27934	C	T	23722	16712	38	1	0	34	4.21443e-05	23728	1	FALSE	NA	NA	NA	NA	NA	NA
NC_045512.2	27934	C	G	23722	16712	38	3	2	34	0.000126433	23728	0.999995	FALSE	NA	NA	NA	NA	NA	NA
NC_045512.2	27934	C	A	23722	16712	38	2	1	34	8.42886e-05	23728	0.999999	FALSE	NA	NA	NA	NA	NA	NA
NC_045512.2	27935	T	G	23623	16594	38	1	1	34	4.23155e-05	23632	1	FALSE	NA	NA	NA	NA	NA	NA
NC_045512.2	27935	T	C	23623	16594	38	6	4	45	0.000253893	23632	0.144483	FALSE	NA	NA	NA	NA	NA	NA
NC_045512.2	27935	T	A	23623	16594	38	2	0	34	8.4631e-05	23632	0.999999	FALSE	NA	NA	NA	NA	NA	NA
NC_045512.2	27936	G	A	23593	16478	38	12	7	36	0.000508367	23605	0.979563	FALSE	NA	NA	NA	NA	NA	NA
NC_045512.2	27937	C	T	25210	18366	38	1	1	34	3.96652e-05	25211	1	FALSE	NA	NA	NA	NA	NA	NA
NC_045512.2	27938	A	G	25937	19217	38	1	1	34	3.85535e-05	25938	1	FALSE	NA	NA	NA	NA	NA	NA
NC_045512.2	27938	A	+T	25937	19217	38	1	0	20	3.85535e-05	25938	1	FALSE	NA	NA	NA	NA	NA	NA
NC_045512.2	27939	T	C	26147	19460	38	7	7	38	0.000267645	26154	0.999839	FALSE	NA	NA	NA	NA	NA	NA
NC_045512.2	27940	T	G	26129	19457	38	1	1	34	3.82629e-05	26135	1	FALSE	NA	NA	NA	NA	NA	NA
NC_045512.2	27940	T	C	26129	19457	38	4	2	40	0.000153051	26135	0.343723	FALSE	NA	NA	NA	NA	NA	NA
NC_045512.2	27940	T	A	26129	19457	38	1	0	34	3.82629e-05	26135	1	FALSE	NA	NA	NA	NA	NA	NA
NC_045512.2	27941	T	C	26100	19451	38	6	5	34	0.000229832	26106	0.999944	FALSE	NA	NA	NA	NA	NA	NA
NC_045512.2	27942	C	T	27175	21027	38	1	1	34	3.67958e-05	27177	1	FALSE	NA	NA	NA	NA	NA	NA
NC_045512.2	27942	C	A	27175	21027	38	1	1	34	3.67958e-05	27177	1	FALSE	NA	NA	NA	NA	NA	NA
NC_045512.2	27943	A	G	27194	21028	38	4	4	34	0.00014707	27198	0.999998	FALSE	NA	NA	NA	NA	NA	NA
NC_045512.2	27944	C	A	27804	21754	38	1	1	34	3.59648e-05	27805	1	FALSE	NA	NA	NA	NA	NA	NA
NC_045512.2	27945	C	A	27681	21663	38	1	1	34	3.61246e-05	27682	1	FALSE	NA	NA	NA	NA	NA	NA
NC_045512.2	27946	A	G	27652	21616	38	5	4	34	0.000180786	27657	0.99999	FALSE	NA	NA	NA	NA	NA	NA
NC_045512.2	27947	A	G	27615	21796	38	1	1	34	3.62096e-05	27617	1	FALSE	NA	NA	NA	NA	NA	NA
NC_045512.2	27947	A	C	27615	21796	38	1	1	34	3.62096e-05	27617	1	FALSE	NA	NA	NA	NA	NA	NA
NC_045512.2	27948	G	A	27217	22200	37	3	1	34	0.000110213	27220	1	FALSE	NA	NA	NA	NA	NA	NA
NC_045512.2	27949	A	T	27174	22195	37	1	1	26	3.67972e-05	27176	1	FALSE	NA	NA	NA	NA	NA	NA
NC_045512.2	27949	A	G	27174	22195	37	1	1	34	3.67972e-05	27176	1	FALSE	NA	NA	NA	NA	NA	NA
NC_045512.2	27950	A	G	27333	22391	37	2	0	34	7.31663e-05	27335	1	FALSE	NA	NA	NA	NA	NA	NA
NC_045512.2	27951	T	C	27251	22315	37	2	2	34	7.33864e-05	27253	1	FALSE	NA	NA	NA	NA	NA	NA
NC_045512.2	27952	G	A	27317	22328	37	5	5	34	0.000183003	27322	0.99999	FALSE	NA	NA	NA	NA	NA	NA
NC_045512.2	27953	T	A	27052	22637	37	2	2	34	7.39262e-05	27054	1	FALSE	NA	NA	NA	NA	NA	NA
NC_045512.2	27954	A	T	27061	22682	37	1	1	34	3.69495e-05	27064	1	FALSE	NA	NA	NA	NA	NA	NA
NC_045512.2	27954	A	G	27061	22682	37	2	1	34	7.38989e-05	27064	1	FALSE	NA	NA	NA	NA	NA	NA
NC_045512.2	27955	G	A	27349	22686	37	1	1	34	3.65631e-05	27350	1	FALSE	NA	NA	NA	NA	NA	NA
NC_045512.2	27956	T	C	16992	12722	33	4	3	34	0.000235336	16997	0.998715	FALSE	NA	NA	NA	NA	NA	NA
NC_045512.2	27956	T	A	16992	12722	33	1	1	34	5.88339e-05	16997	0.999992	FALSE	NA	NA	NA	NA	NA	NA
NC_045512.2	27957	T	G	26943	22671	36	1	1	26	3.71044e-05	26951	1	FALSE	NA	NA	NA	NA	NA	NA
NC_045512.2	27957	T	C	26943	22671	36	5	3	39	0.000185522	26951	0.999983	FALSE	NA	NA	NA	NA	NA	NA
NC_045512.2	27957	T	A	26943	22671	36	2	0	68	7.42087e-05	26951	0.249949	FALSE	NA	NA	NA	NA	NA	NA
NC_045512.2	27959	A	T	26838	22569	36	2	2	34	7.45129e-05	26841	1	FALSE	NA	NA	NA	NA	NA	NA
NC_045512.2	27959	A	C	26838	22569	36	1	1	34	3.72564e-05	26841	1	FALSE	NA	NA	NA	NA	NA	NA
NC_045512.2	27960	C	T	26835	22595	36	5	5	32	0.000186254	26845	0.999983	FALSE	NA	NA	NA	NA	NA	NA
NC_045512.2	27960	C	G	26835	22595	36	1	1	34	3.72509e-05	26845	1	FALSE	NA	NA	NA	NA	NA	NA
NC_045512.2	27960	C	A	26835	22595	36	4	1	34	0.000149004	26845	0.999996	FALSE	NA	NA	NA	NA	NA	NA
NC_045512.2	27961	A	G	26707	22466	36	4	3	34	0.000149751	26711	0.999996	FALSE	NA	NA	NA	NA	NA	NA
NC_045512.2	27962	G	T	27216	22540	36	4	4	34	0.00014694	27222	0.999998	FALSE	NA	NA	NA	NA	NA	NA
NC_045512.2	27962	G	C	27216	22540	36	2	2	30	7.347e-05	27222	1	FALSE	NA	NA	NA	NA	NA	NA
NC_045512.2	27963	T	C	27178	22737	36	6	6	34	0.000220718	27184	0.999967	FALSE	NA	NA	NA	NA	NA	NA
NC_045512.2	27965	A	G	26610	22036	36	7	7	34	0.00026299	26617	0.999839	FALSE	NA	NA	NA	NA	NA	NA
NC_045512.2	27966	T	C	26751	22216	36	3	3	34	0.000112129	26755	0.999999	FALSE	NA	NA	NA	NA	NA	NA
NC_045512.2	27966	T	A	26751	22216	36	1	0	24	3.73762e-05	26755	1	FALSE	NA	NA	NA	NA	NA	NA
NC_045512.2	27967	G	T	26582	22334	36	2	2	34	7.52304e-05	26585	1	FALSE	NA	NA	NA	NA	NA	NA
NC_045512.2	27967	G	C	26582	22334	36	1	1	34	3.76152e-05	26585	1	FALSE	NA	NA	NA	NA	NA	NA
NC_045512.2	27968	T	G	27284	23151	36	1	1	26	3.66461e-05	27288	1	FALSE	NA	NA	NA	NA	NA	NA
NC_045512.2	27968	T	C	27284	23151	36	3	3	31	0.000109938	27288	1	FALSE	NA	NA	NA	NA	NA	NA
NC_045512.2	27969	A	G	27266	23038	36	2	1	30	7.3346e-05	27268	1	FALSE	NA	NA	NA	NA	NA	NA
NC_045512.2	27970	C	T	27333	23108	36	3	3	31	0.000109741	27337	1	FALSE	NA	NA	NA	NA	NA	NA
NC_045512.2	27970	C	G	27333	23108	36	1	0	68	3.65805e-05	27337	0.499982	FALSE	NA	NA	NA	NA	NA	NA
NC_045512.2	27971	T	C	26459	22282	36	4	4	32	0.000151154	26463	0.999996	FALSE	NA	NA	NA	NA	NA	NA
NC_045512.2	27972	C	A	26411	22260	36	1	0	26	3.78616e-05	26412	1	FALSE	NA	NA	NA	NA	NA	NA
NC_045512.2	27973	A	G	26487	22397	36	4	3	34	0.000150995	26491	0.999996	FALSE	NA	NA	NA	NA	NA	NA
NC_045512.2	27974	A	G	26618	22404	36	7	5	34	0.000262911	26625	0.999839	FALSE	NA	NA	NA	NA	NA	NA
NC_045512.2	27975	C	T	26630	22424	36	1	1	34	3.75502e-05	26631	1	FALSE	NA	NA	NA	NA	NA	NA
NC_045512.2	27977	T	C	26401	22396	36	1	1	34	3.78759e-05	26402	1	FALSE	NA	NA	NA	NA	NA	NA
NC_045512.2	27978	C	T	25640	21672	36	1	1	34	3.9e-05	25641	1	FALSE	NA	NA	NA	NA	NA	NA
NC_045512.2	27979	A	G	25439	21464	36	2	1	30	7.86133e-05	25441	1	FALSE	NA	NA	NA	NA	NA	NA
NC_045512.2	27980	A	G	25286	21506	36	2	2	34	7.90889e-05	25288	1	FALSE	NA	NA	NA	NA	NA	NA
NC_045512.2	27981	C	T	27407	23719	37	1	0	68	3.64844e-05	27409	0.5	FALSE	NA	NA	NA	NA	NA	NA
NC_045512.2	27981	C	G	27407	23719	37	1	1	34	3.64844e-05	27409	1	FALSE	NA	NA	NA	NA	NA	NA
NC_045512.2	27982	C	T	27308	23711	36	2	2	34	7.32279e-05	27312	1	FALSE	NA	NA	NA	NA	NA	NA
NC_045512.2	27982	C	A	27308	23711	36	2	2	34	7.32279e-05	27312	1	FALSE	NA	NA	NA	NA	NA	NA
NC_045512.2	27983	A	G	27336	23727	36	1	0	34	3.65805e-05	27337	1	FALSE	NA	NA	NA	NA	NA	NA
NC_045512.2	27984	T	C	27093	23515	36	1	1	34	3.69085e-05	27094	1	FALSE	NA	NA	NA	NA	NA	NA
NC_045512.2	27985	A	G	27288	23740	36	3	2	45	0.000109926	27291	0.500017	FALSE	NA	NA	NA	NA	NA	NA
NC_045512.2	27986	T	C	27353	23729	36	2	2	34	7.31101e-05	27356	1	FALSE	NA	NA	NA	NA	NA	NA
NC_045512.2	27986	T	A	27353	23729	36	1	1	34	3.65551e-05	27356	1	FALSE	NA	NA	NA	NA	NA	NA
NC_045512.2	27986	T	+GTA	27353	23729	36	1	0	20	3.65551e-05	27356	1	FALSE	NA	NA	NA	NA	NA	NA
NC_045512.2	27987	G	A	27461	23824	37	3	3	34	0.000109234	27464	1	FALSE	NA	NA	NA	NA	NA	NA
NC_045512.2	27988	T	C	29802	26639	37	1	1	34	3.35537e-05	29803	1	FALSE	NA	NA	NA	NA	NA	NA
NC_045512.2	27989	A	T	29107	25962	38	4	4	34	0.000137367	29119	0.999999	FALSE	NA	NA	NA	NA	NA	NA
NC_045512.2	27989	A	G	29107	25962	38	8	6	50	0.000274735	29119	0.00390276	TRUE	NA	NA	NA	NA	NA	NA
NC_045512.2	27990	G	T	29155	25960	38	1	1	26	3.42971e-05	29157	1	FALSE	NA	NA	NA	NA	NA	NA
NC_045512.2	27990	G	C	29155	25960	38	1	1	26	3.42971e-05	29157	1	FALSE	NA	NA	NA	NA	NA	NA
NC_045512.2	27991	T	G	25620	22429	36	2	2	34	7.80488e-05	25625	1	FALSE	NA	NA	NA	NA	NA	NA
NC_045512.2	27991	T	C	25620	22429	36	3	2	45	0.000117073	25625	0.499982	FALSE	NA	NA	NA	NA	NA	NA
NC_045512.2	27992	T	G	28298	25160	38	1	1	34	3.53344e-05	28301	1	FALSE	NA	NA	NA	NA	NA	NA
NC_045512.2	27992	T	C	28298	25160	38	2	2	34	7.06689e-05	28301	1	FALSE	NA	NA	NA	NA	NA	NA
NC_045512.2	27993	G	C	28334	25208	38	1	1	34	3.52908e-05	28336	1	FALSE	NA	NA	NA	NA	NA	NA
NC_045512.2	27993	G	A	28334	25208	38	1	0	68	3.52908e-05	28336	0.5	FALSE	NA	NA	NA	NA	NA	NA
NC_045512.2	27994	A	G	29280	26291	38	2	1	30	6.83013e-05	29282	1	FALSE	NA	NA	NA	NA	NA	NA
NC_045512.2	27995	T	C	29294	26302	38	1	1	34	3.41355e-05	29295	1	FALSE	NA	NA	NA	NA	NA	NA
NC_045512.2	27997	A	G	30003	27139	38	7	2	48	0.000233256	30010	0.171868	FALSE	NA	NA	NA	NA	NA	NA
NC_045512.2	27998	C	T	30916	28158	38	1	1	34	3.23447e-05	30917	1	FALSE	NA	NA	NA	NA	NA	NA
NC_045512.2	27999	C	T	30843	28090	38	5	5	34	0.000162069	30851	0.999998	FALSE	NA	NA	NA	NA	NA	NA
NC_045512.2	27999	C	G	30843	28090	38	1	1	34	3.24139e-05	30851	1	FALSE	NA	NA	NA	NA	NA	NA
NC_045512.2	27999	C	A	30843	28090	38	2	2	34	6.48277e-05	30851	1	FALSE	NA	NA	NA	NA	NA	NA
NC_045512.2	28000	C	T	29133	26396	38	1	1	34	3.43206e-05	29137	1	FALSE	NA	NA	NA	NA	NA	NA
NC_045512.2	28000	C	A	29133	26396	38	3	3	34	0.000102962	29137	1	FALSE	NA	NA	NA	NA	NA	NA
NC_045512.2	28001	G	A	28808	26071	38	13	12	36	0.00045106	28821	0.994262	FALSE	NA	NA	NA	NA	NA	NA
NC_045512.2	28002	T	G	28314	25588	38	1	0	27	3.53145e-05	28317	1	FALSE	NA	NA	NA	NA	NA	NA
NC_045512.2	28002	T	C	28314	25588	38	2	1	34	7.0629e-05	28317	1	FALSE	NA	NA	NA	NA	NA	NA
NC_045512.2	28003	G	C	28356	25632	38	1	1	34	3.52634e-05	28358	1	FALSE	NA	NA	NA	NA	NA	NA
NC_045512.2	28003	G	A	28356	25632	38	1	1	34	3.52634e-05	28358	1	FALSE	NA	NA	NA	NA	NA	NA
NC_045512.2	28005	C	A	28264	25564	38	1	1	34	3.53794e-05	28265	1	FALSE	NA	NA	NA	NA	NA	NA
NC_045512.2	28006	C	A	28279	25619	38	5	5	34	0.000176778	28284	0.999995	FALSE	NA	NA	NA	NA	NA	NA
NC_045512.2	28008	A	T	27134	24507	38	8	8	38	0.000294714	27145	0.999747	FALSE	NA	NA	NA	NA	NA	NA
NC_045512.2	28008	A	G	27134	24507	38	3	2	45	0.000110518	27145	0.499879	FALSE	NA	NA	NA	NA	NA	NA
NC_045512.2	28009	T	C	27099	24469	38	1	1	26	3.69004e-05	27100	1	FALSE	NA	NA	NA	NA	NA	NA
NC_045512.2	28010	T	C	26950	24333	38	1	1	34	3.71044e-05	26951	1	FALSE	NA	NA	NA	NA	NA	NA
NC_045512.2	28011	C	G	26917	24345	38	1	1	34	3.71499e-05	26918	1	FALSE	NA	NA	NA	NA	NA	NA
NC_045512.2	28012	A	G	25745	23189	38	1	0	34	3.88395e-05	25747	1	FALSE	NA	NA	NA	NA	NA	NA
NC_045512.2	28012	A	C	25745	23189	38	1	1	34	3.88395e-05	25747	1	FALSE	NA	NA	NA	NA	NA	NA
NC_045512.2	28013	C	T	25784	23226	38	1	1	34	3.87822e-05	25785	1	FALSE	NA	NA	NA	NA	NA	NA
NC_045512.2	28014	T	C	25697	23139	38	7	6	29	0.000272321	25705	1	FALSE	NA	NA	NA	NA	NA	NA
NC_045512.2	28014	T	A	25697	23139	38	1	1	34	3.89029e-05	25705	1	FALSE	NA	NA	NA	NA	NA	NA
NC_045512.2	28015	T	C	25491	22948	38	3	3	34	0.00011767	25495	0.999998	FALSE	NA	NA	NA	NA	NA	NA
NC_045512.2	28015	T	A	25491	22948	38	1	1	26	3.92234e-05	25495	1	FALSE	NA	NA	NA	NA	NA	NA
NC_045512.2	28016	C	T	25419	22973	38	5	3	47	0.000196665	25424	0.226562	FALSE	NA	NA	NA	NA	NA	NA
NC_045512.2	28018	A	T	24623	22182	38	1	1	34	4.06108e-05	24624	1	FALSE	NA	NA	NA	NA	NA	NA
NC_045512.2	28019	T	G	24621	22195	38	1	1	34	4.06108e-05	24624	1	FALSE	NA	NA	NA	NA	NA	NA
NC_045512.2	28019	T	C	24621	22195	38	2	2	34	8.12216e-05	24624	1	FALSE	NA	NA	NA	NA	NA	NA
NC_045512.2	28020	T	-C	24572	22155	38	1	0	20	4.06967e-05	24572	1	FALSE	NA	NA	NA	NA	NA	NA
NC_045512.2	28021	C	A	24527	22474	37	1	1	34	4.07697e-05	24528	1	FALSE	NA	NA	NA	NA	NA	NA
NC_045512.2	28022	T	A	23253	21210	37	1	1	34	4.30034e-05	23254	1	FALSE	NA	NA	NA	NA	NA	NA
NC_045512.2	28023	A	G	23323	21282	37	2	1	51	8.57449e-05	23325	0.250005	FALSE	NA	NA	NA	NA	NA	NA
NC_045512.2	28024	A	G	23289	21252	37	1	1	34	4.29369e-05	23290	1	FALSE	NA	NA	NA	NA	NA	NA
NC_045512.2	28025	A	G	23258	21222	37	2	2	34	8.59808e-05	23261	0.999999	FALSE	NA	NA	NA	NA	NA	NA
NC_045512.2	28025	A	C	23258	21222	37	1	1	34	4.29904e-05	23261	1	FALSE	NA	NA	NA	NA	NA	NA
NC_045512.2	28026	T	C	40625	21969	36	4	3	32	9.84494e-05	40630	1	FALSE	NA	NA	NA	NA	NA	NA
NC_045512.2	28026	T	A	40625	21969	36	1	0	34	2.46124e-05	40630	1	FALSE	NA	NA	NA	NA	NA	NA
NC_045512.2	28027	G	T	39648	20884	35	1	0	34	2.52207e-05	39650	1	FALSE	NA	NA	NA	NA	NA	NA
NC_045512.2	28027	G	C	39648	20884	35	1	0	34	2.52207e-05	39650	1	FALSE	NA	NA	NA	NA	NA	NA
NC_045512.2	28028	G	C	46114	21302	35	2	2	34	4.3368e-05	46117	1	FALSE	NA	NA	NA	NA	NA	NA
NC_045512.2	28028	G	A	46114	21302	35	1	0	34	2.1684e-05	46117	1	FALSE	NA	NA	NA	NA	NA	NA
NC_045512.2	28029	T	C	45787	21300	35	3	2	45	6.55151e-05	45791	0.773446	FALSE	NA	NA	NA	NA	NA	NA
NC_045512.2	28029	T	A	45787	21300	35	1	0	34	2.18384e-05	45791	1	FALSE	NA	NA	NA	NA	NA	NA
NC_045512.2	28030	A	T	48071	21392	35	1	0	34	2.08013e-05	48074	1	FALSE	NA	NA	NA	NA	NA	NA
NC_045512.2	28030	A	G	48071	21392	35	2	1	34	4.16025e-05	48074	1	FALSE	NA	NA	NA	NA	NA	NA
NC_045512.2	28031	T	C	47770	20519	35	2	0	34	4.18647e-05	47773	1	FALSE	NA	NA	NA	NA	NA	NA
NC_045512.2	28031	T	A	47770	20519	35	1	1	34	2.09323e-05	47773	1	FALSE	NA	NA	NA	NA	NA	NA
NC_045512.2	28032	A	T	48456	21381	35	1	0	26	2.06347e-05	48462	1	FALSE	NA	NA	NA	NA	NA	NA
NC_045512.2	28032	A	G	48456	21381	35	3	1	34	6.19042e-05	48462	1	FALSE	NA	NA	NA	NA	NA	NA
NC_045512.2	28032	A	C	48456	21381	35	2	2	30	4.12694e-05	48462	1	FALSE	NA	NA	NA	NA	NA	NA
NC_045512.2	28033	T	G	48556	21193	35	4	0	30	8.23689e-05	48562	1	FALSE	NA	NA	NA	NA	NA	NA
NC_045512.2	28033	T	C	48556	21193	35	1	1	34	2.05922e-05	48562	1	FALSE	NA	NA	NA	NA	NA	NA
NC_045512.2	28033	T	A	48556	21193	35	1	0	34	2.05922e-05	48562	1	FALSE	NA	NA	NA	NA	NA	NA
NC_045512.2	28034	T	C	48749	21506	35	4	3	34	8.20462e-05	48753	1	FALSE	NA	NA	NA	NA	NA	NA
NC_045512.2	28034	T	-AG	48749	21506	35	2	0	20	4.10231e-05	48753	1	FALSE	NA	NA	NA	NA	NA	NA
NC_045512.2	28035	A	G	48435	21284	35	4	3	34	8.25764e-05	48440	1	FALSE	NA	NA	NA	NA	NA	NA
NC_045512.2	28035	A	C	48435	21284	35	1	1	26	2.06441e-05	48440	1	FALSE	NA	NA	NA	NA	NA	NA
NC_045512.2	28036	G	T	50191	21223	35	2	0	34	3.98462e-05	50193	1	FALSE	NA	NA	NA	NA	NA	NA
NC_045512.2	28037	A	G	47945	19020	35	1	0	34	2.08568e-05	47946	1	FALSE	NA	NA	NA	NA	NA	NA
NC_045512.2	28038	G	A	48379	18993	35	3	0	34	6.20065e-05	48382	1	FALSE	NA	NA	NA	NA	NA	NA
NC_045512.2	28038	G	-T	48379	18993	35	1	0	20	2.06688e-05	48382	1	FALSE	NA	NA	NA	NA	NA	NA
NC_045512.2	28040	A	G	47275	17832	35	3	2	34	6.34545e-05	47278	1	FALSE	NA	NA	NA	NA	NA	NA
NC_045512.2	28041	G	A	47410	17702	35	1	0	34	2.10922e-05	47411	1	FALSE	NA	NA	NA	NA	NA	NA
NC_045512.2	28042	G	A	47684	17678	35	1	0	34	2.0971e-05	47685	1	FALSE	NA	NA	NA	NA	NA	NA
NC_045512.2	28042	G	-A	47684	17678	35	2	0	20	4.19419e-05	47685	1	FALSE	NA	NA	NA	NA	NA	NA
NC_045512.2	28043	A	G	46459	16319	35	7	2	34	0.000150648	46466	1	FALSE	NA	NA	NA	NA	NA	NA
NC_045512.2	28044	G	T	46621	16234	35	2	1	30	4.28954e-05	46625	1	FALSE	NA	NA	NA	NA	NA	NA
NC_045512.2	28044	G	A	46621	16234	35	2	1	34	4.28954e-05	46625	1	FALSE	NA	NA	NA	NA	NA	NA
NC_045512.2	28045	C	T	45769	15410	35	3	1	31	6.55423e-05	45772	1	FALSE	NA	NA	NA	NA	NA	NA
NC_045512.2	28046	T	C	45857	15434	36	11	4	34	0.000239808	45870	0.999999	FALSE	NA	NA	NA	NA	NA	NA
NC_045512.2	28046	T	A	45857	15434	36	2	0	34	4.36015e-05	45870	1	FALSE	NA	NA	NA	NA	NA	NA
NC_045512.2	28047	A	T	45744	15327	35	1	1	34	2.18579e-05	45750	1	FALSE	NA	NA	NA	NA	NA	NA
NC_045512.2	28047	A	G	45744	15327	35	5	4	34	0.00010929	45750	1	FALSE	NA	NA	NA	NA	NA	NA
NC_045512.2	28048	G	T	45552	15127	35	1	1	26	2.195e-05	45558	1	FALSE	NA	NA	NA	NA	NA	NA
NC_045512.2	28048	G	A	45552	15127	35	5	0	34	0.00010975	45558	1	FALSE	NA	NA	NA	NA	NA	NA
NC_045512.2	28048	G	-A	45552	15127	35	1	0	20	2.195e-05	45558	1	FALSE	NA	NA	NA	NA	NA	NA
NC_045512.2	28049	A	G	45128	15554	35	13	1	33	0.000287987	45141	0.999996	FALSE	NA	NA	NA	NA	NA	NA
NC_045512.2	28050	A	T	45888	15531	35	1	1	34	2.17889e-05	45895	1	FALSE	NA	NA	NA	NA	NA	NA
NC_045512.2	28050	A	G	45888	15531	35	3	1	34	6.53666e-05	45895	1	FALSE	NA	NA	NA	NA	NA	NA
NC_045512.2	28050	A	C	45888	15531	35	3	1	31	6.53666e-05	45895	1	FALSE	NA	NA	NA	NA	NA	NA
NC_045512.2	28051	A	G	45997	15434	35	2	0	29	4.34783e-05	46000	1	FALSE	NA	NA	NA	NA	NA	NA
NC_045512.2	28051	A	C	45997	15434	35	1	0	26	2.17391e-05	46000	1	FALSE	NA	NA	NA	NA	NA	NA
NC_045512.2	28052	A	G	46026	15433	35	4	0	51	8.68998e-05	46030	0.0624986	FALSE	NA	NA	NA	NA	NA	NA
NC_045512.2	28053	T	C	45853	15414	35	5	5	32	0.000109032	45858	1	FALSE	NA	NA	NA	NA	NA	NA
NC_045512.2	28054	C	T	45865	15442	35	1	0	34	2.18022e-05	45867	1	FALSE	NA	NA	NA	NA	NA	NA
NC_045512.2	28054	C	G	45865	15442	35	1	0	34	2.18022e-05	45867	1	FALSE	NA	NA	NA	NA	NA	NA
NC_045512.2	28055	A	T	45753	15293	35	1	1	24	2.18336e-05	45801	1	FALSE	NA	NA	NA	NA	NA	NA
NC_045512.2	28055	A	G	45753	15293	35	46	31	39	0.00100434	45801	0.499958	FALSE	NA	NA	NA	NA	NA	NA
NC_045512.2	28055	A	C	45753	15293	35	1	1	27	2.18336e-05	45801	1	FALSE	NA	NA	NA	NA	NA	NA
NC_045512.2	28056	G	T	45646	15345	35	3	0	34	6.57088e-05	45656	1	FALSE	NA	NA	NA	NA	NA	NA
NC_045512.2	28056	G	C	45646	15345	35	3	0	34	6.57088e-05	45656	1	FALSE	NA	NA	NA	NA	NA	NA
NC_045512.2	28056	G	A	45646	15345	35	4	1	32	8.76117e-05	45656	1	FALSE	NA	NA	NA	NA	NA	NA
NC_045512.2	28057	C	T	45676	15459	35	1	0	34	2.18929e-05	45677	1	FALSE	NA	NA	NA	NA	NA	NA
NC_045512.2	28058	A	G	45819	15435	35	4	0	34	8.72924e-05	45823	1	FALSE	NA	NA	NA	NA	NA	NA
NC_045512.2	28059	C	T	46831	15402	35	1	0	34	2.13529e-05	46832	1	FALSE	NA	NA	NA	NA	NA	NA
NC_045512.2	28060	C	T	46658	15228	35	2	1	34	4.28605e-05	46663	1	FALSE	NA	NA	NA	NA	NA	NA
NC_045512.2	28060	C	G	46658	15228	35	1	0	34	2.14303e-05	46663	1	FALSE	NA	NA	NA	NA	NA	NA
NC_045512.2	28060	C	A	46658	15228	35	2	2	34	4.28605e-05	46663	1	FALSE	NA	NA	NA	NA	NA	NA
NC_045512.2	28061	T	G	46629	15152	35	1	0	34	2.14445e-05	46632	1	FALSE	NA	NA	NA	NA	NA	NA
NC_045512.2	28061	T	C	46629	15152	35	1	0	34	2.14445e-05	46632	1	FALSE	NA	NA	NA	NA	NA	NA
NC_045512.2	28061	T	A	46629	15152	35	1	0	26	2.14445e-05	46632	1	FALSE	NA	NA	NA	NA	NA	NA
NC_045512.2	28062	T	C	46591	15152	35	3	1	31	6.43846e-05	46595	1	FALSE	NA	NA	NA	NA	NA	NA
NC_045512.2	28062	T	A	46591	15152	35	1	1	34	2.14615e-05	46595	1	FALSE	NA	NA	NA	NA	NA	NA
NC_045512.2	28063	T	G	46835	15279	35	1	0	34	2.13475e-05	46844	1	FALSE	NA	NA	NA	NA	NA	NA
NC_045512.2	28063	T	C	46835	15279	35	8	2	32	0.00017078	46844	1	FALSE	NA	NA	NA	NA	NA	NA
NC_045512.2	28064	A	T	46931	15296	35	2	2	34	4.26121e-05	46935	1	FALSE	NA	NA	NA	NA	NA	NA
NC_045512.2	28064	A	G	46931	15296	35	2	0	34	4.26121e-05	46935	1	FALSE	NA	NA	NA	NA	NA	NA
NC_045512.2	28065	A	G	46810	15324	34	4	0	34	8.54445e-05	46814	1	FALSE	NA	NA	NA	NA	NA	NA
NC_045512.2	28066	T	C	47428	15263	35	5	1	32	0.000105412	47433	1	FALSE	NA	NA	NA	NA	NA	NA
NC_045512.2	28067	T	G	45889	13822	34	1	0	34	2.17903e-05	45892	1	FALSE	NA	NA	NA	NA	NA	NA
NC_045512.2	28067	T	C	45889	13822	34	2	1	51	4.35806e-05	45892	0.249997	FALSE	NA	NA	NA	NA	NA	NA
NC_045512.2	28068	G	T	46898	14640	35	2	0	34	4.26439e-05	46900	1	FALSE	NA	NA	NA	NA	NA	NA
NC_045512.2	28069	A	G	46228	14150	35	2	1	34	4.3262e-05	46230	1	FALSE	NA	NA	NA	NA	NA	NA
NC_045512.2	28070	A	G	46189	14170	35	4	2	34	8.65913e-05	46194	1	FALSE	NA	NA	NA	NA	NA	NA
NC_045512.2	28070	A	C	46189	14170	35	1	0	34	2.16478e-05	46194	1	FALSE	NA	NA	NA	NA	NA	NA
NC_045512.2	28071	T	C	46434	14156	35	5	3	32	0.000107668	46439	1	FALSE	NA	NA	NA	NA	NA	NA
NC_045512.2	28072	T	C	46003	13776	35	7	0	38	0.000152141	46010	1	FALSE	NA	NA	NA	NA	NA	NA
NC_045512.2	28073	G	A	47416	13794	35	1	0	34	2.10895e-05	47417	1	FALSE	NA	NA	NA	NA	NA	NA
NC_045512.2	28074	T	C	46547	12941	35	4	0	34	8.59273e-05	46551	1	FALSE	NA	NA	NA	NA	NA	NA
NC_045512.2	28075	G	T	46845	13010	35	1	0	34	2.13465e-05	46846	1	FALSE	NA	NA	NA	NA	NA	NA
NC_045512.2	28076	C	T	46673	13214	35	15	2	38	0.000321282	46688	0.999986	FALSE	NA	NA	NA	NA	NA	NA
NC_045512.2	28077	G	A	46673	12983	35	11	3	34	0.000235627	46684	1	FALSE	NA	NA	NA	NA	NA	NA
NC_045512.2	28078	T	G	46504	12893	35	1	1	34	2.14998e-05	46512	1	FALSE	NA	NA	NA	NA	NA	NA
NC_045512.2	28078	T	C	46504	12893	35	2	2	26	4.29997e-05	46512	1	FALSE	NA	NA	NA	NA	NA	NA
NC_045512.2	28078	T	A	46504	12893	35	5	0	29	0.000107499	46512	1	FALSE	NA	NA	NA	NA	NA	NA
NC_045512.2	28079	G	T	35943	2179	35	1	0	26	2.78195e-05	35946	1	FALSE	NA	NA	NA	NA	NA	NA
NC_045512.2	28079	G	C	35943	2179	35	1	0	34	2.78195e-05	35946	1	FALSE	NA	NA	NA	NA	NA	NA
NC_045512.2	28079	G	A	35943	2179	35	1	0	34	2.78195e-05	35946	1	FALSE	NA	NA	NA	NA	NA	NA
NC_045512.2	28080	G	A	36971	2183	35	2	0	34	5.40935e-05	36973	1	FALSE	NA	NA	NA	NA	NA	NA
NC_045512.2	28081	A	G	37035	2338	35	4	0	34	0.000107994	37039	1	FALSE	NA	NA	NA	NA	NA	NA
NC_045512.2	28082	T	A	37098	2347	35	2	0	34	5.39084e-05	37100	1	FALSE	NA	NA	NA	NA	NA	NA
NC_045512.2	28084	A	T	37081	2369	35	1	0	34	2.69593e-05	37093	1	FALSE	NA	NA	NA	NA	NA	NA
NC_045512.2	28084	A	G	37081	2369	35	11	1	34	0.000296552	37093	0.999969	FALSE	NA	NA	NA	NA	NA	NA
NC_045512.2	28085	G	T	37742	2374	35	9	1	49	0.000238379	37755	0.0729628	FALSE	NA	NA	NA	NA	NA	NA
NC_045512.2	28085	G	A	37742	2374	35	4	0	34	0.000105946	37755	1	FALSE	NA	NA	NA	NA	NA	NA
NC_045512.2	28086	G	C	37705	2373	35	1	0	34	2.65168e-05	37712	1	FALSE	NA	NA	NA	NA	NA	NA
NC_045512.2	28086	G	A	37705	2373	35	6	0	34	0.000159101	37712	1	FALSE	NA	NA	NA	NA	NA	NA
NC_045512.2	28087	C	T	34828	2325	35	2757	176	35	0.073342	37591	0	TRUE	NA	NA	NA	NA	NA	NA
NC_045512.2	28087	C	G	34828	2325	35	2	0	34	5.32042e-05	37591	1	FALSE	NA	NA	NA	NA	NA	NA
NC_045512.2	28087	C	A	34828	2325	35	4	0	47	0.000106408	37591	0.458406	FALSE	NA	NA	NA	NA	NA	NA
NC_045512.2	28088	T	C	37756	2512	35	6	0	34	0.00015889	37762	1	FALSE	NA	NA	NA	NA	NA	NA
NC_045512.2	28089	G	A	45721	2546	35	8	0	34	0.000174944	45729	1	FALSE	NA	NA	NA	NA	NA	NA
NC_045512.2	28091	T	G	47891	4548	37	2	0	30	4.17571e-05	47896	1	FALSE	NA	NA	NA	NA	NA	NA
NC_045512.2	28091	T	C	47891	4548	37	3	0	34	6.26357e-05	47896	1	FALSE	NA	NA	NA	NA	NA	NA
NC_045512.2	28092	T	G	48139	4664	37	6	0	31	0.000124603	48153	1	FALSE	NA	NA	NA	NA	NA	NA
NC_045512.2	28092	T	C	48139	4664	37	5	2	50	0.000103836	48153	0.0312338	FALSE	NA	NA	NA	NA	NA	NA
NC_045512.2	28092	T	A	48139	4664	37	3	1	34	6.23014e-05	48153	1	FALSE	NA	NA	NA	NA	NA	NA
NC_045512.2	28092	T	-C	48139	4664	37	4	0	20	8.30686e-05	48153	1	FALSE	NA	NA	NA	NA	NA	NA
NC_045512.2	28093	C	T	42198	4356	38	3172	319	38	0.065628	48333	0	TRUE	NA	NA	NA	NA	NA	NA
NC_045512.2	28093	C	G	42198	4356	38	2963	313	38	0.0613039	48333	0	TRUE	NA	NA	NA	NA	NA	NA
NC_045512.2	28094	T	G	48420	5078	38	1	1	34	2.06479e-05	48431	1	FALSE	NA	NA	NA	NA	NA	NA
NC_045512.2	28094	T	C	48420	5078	38	9	1	37	0.000185831	48431	1	FALSE	NA	NA	NA	NA	NA	NA
NC_045512.2	28094	T	A	48420	5078	38	1	0	34	2.06479e-05	48431	1	FALSE	NA	NA	NA	NA	NA	NA
NC_045512.2	28095	A	T	48500	5092	38	4	0	34	8.24504e-05	48514	1	FALSE	NA	NA	NA	NA	NA	NA
NC_045512.2	28095	A	G	48500	5092	38	10	0	34	0.000206126	48514	1	FALSE	NA	NA	NA	NA	NA	NA
NC_045512.2	28096	A	G	48570	5393	38	5	1	32	0.000102931	48576	1	FALSE	NA	NA	NA	NA	NA	NA
NC_045512.2	28096	A	C	48570	5393	38	1	0	34	2.05863e-05	48576	1	FALSE	NA	NA	NA	NA	NA	NA
NC_045512.2	28097	A	T	48586	5397	38	6	0	34	0.000123467	48596	1	FALSE	NA	NA	NA	NA	NA	NA
NC_045512.2	28097	A	G	48586	5397	38	4	1	40	8.23113e-05	48596	0.636668	FALSE	NA	NA	NA	NA	NA	NA
NC_045512.2	28098	T	C	48675	5417	38	3	0	34	6.16232e-05	48683	1	FALSE	NA	NA	NA	NA	NA	NA
NC_045512.2	28098	T	A	48675	5417	38	5	0	34	0.000102705	48683	1	FALSE	NA	NA	NA	NA	NA	NA
NC_045512.2	28099	C	T	49029	5470	38	1	0	34	2.03936e-05	49035	1	FALSE	NA	NA	NA	NA	NA	NA
NC_045512.2	28099	C	G	49029	5470	38	3	0	31	6.11808e-05	49035	1	FALSE	NA	NA	NA	NA	NA	NA
NC_045512.2	28099	C	A	49029	5470	38	2	0	30	4.07872e-05	49035	1	FALSE	NA	NA	NA	NA	NA	NA
NC_045512.2	28100	A	T	49208	5493	38	3	1	31	6.09545e-05	49217	1	FALSE	NA	NA	NA	NA	NA	NA
NC_045512.2	28100	A	G	49208	5493	38	6	1	32	0.000121909	49217	1	FALSE	NA	NA	NA	NA	NA	NA
NC_045512.2	28101	C	T	51103	5781	38	10	1	33	0.000195645	51113	1	FALSE	NA	NA	NA	NA	NA	NA
NC_045512.2	28102	C	T	51113	5779	38	2	1	30	3.91244e-05	51119	1	FALSE	NA	NA	NA	NA	NA	NA
NC_045512.2	28102	C	G	51113	5779	38	1	0	26	1.95622e-05	51119	1	FALSE	NA	NA	NA	NA	NA	NA
NC_045512.2	28102	C	A	51113	5779	38	3	0	34	5.86866e-05	51119	1	FALSE	NA	NA	NA	NA	NA	NA
NC_045512.2	28103	C	T	50688	5803	38	3	2	45	5.91821e-05	50691	0.855485	FALSE	NA	NA	NA	NA	NA	NA
NC_045512.2	28104	A	T	52134	5847	38	2	0	34	3.83597e-05	52138	1	FALSE	NA	NA	NA	NA	NA	NA
NC_045512.2	28104	A	G	52134	5847	38	2	0	30	3.83597e-05	52138	1	FALSE	NA	NA	NA	NA	NA	NA
NC_045512.2	28105	T	G	52659	5896	38	1	0	34	1.89872e-05	52667	1	FALSE	NA	NA	NA	NA	NA	NA
NC_045512.2	28105	T	C	52659	5896	38	7	1	31	0.000132911	52667	1	FALSE	NA	NA	NA	NA	NA	NA
NC_045512.2	28106	T	G	52198	6039	38	1	1	34	1.91556e-05	52204	1	FALSE	NA	NA	NA	NA	NA	NA
NC_045512.2	28106	T	C	52198	6039	38	4	0	32	7.66225e-05	52204	1	FALSE	NA	NA	NA	NA	NA	NA
NC_045512.2	28106	T	A	52198	6039	38	1	0	27	1.91556e-05	52204	1	FALSE	NA	NA	NA	NA	NA	NA
NC_045512.2	28107	C	T	51395	6176	38	2	1	51	3.8912e-05	51398	0.249998	FALSE	NA	NA	NA	NA	NA	NA
NC_045512.2	28107	C	A	51395	6176	38	1	0	34	1.9456e-05	51398	1	FALSE	NA	NA	NA	NA	NA	NA
NC_045512.2	28108	A	T	50986	6216	38	5	2	47	9.80411e-05	50999	0.622968	FALSE	NA	NA	NA	NA	NA	NA
NC_045512.2	28108	A	G	50986	6216	38	6	1	49	0.000117649	50999	0.49992	FALSE	NA	NA	NA	NA	NA	NA
NC_045512.2	28108	A	C	50986	6216	38	2	1	51	3.92165e-05	50999	0.249949	FALSE	NA	NA	NA	NA	NA	NA
NC_045512.2	28109	G	T	49159	6637	38	1	0	34	2.03401e-05	49164	1	FALSE	NA	NA	NA	NA	NA	NA
NC_045512.2	28109	G	C	49159	6637	38	1	0	26	2.03401e-05	49164	1	FALSE	NA	NA	NA	NA	NA	NA
NC_045512.2	28109	G	A	49159	6637	38	3	1	31	6.10203e-05	49164	1	FALSE	NA	NA	NA	NA	NA	NA
NC_045512.2	28110	T	G	49108	6780	38	3	0	31	6.10762e-05	49119	1	FALSE	NA	NA	NA	NA	NA	NA
NC_045512.2	28110	T	C	49108	6780	38	8	1	34	0.00016287	49119	1	FALSE	NA	NA	NA	NA	NA	NA
NC_045512.2	28111	A	T	48860	6752	38	1	1	68	2.04645e-05	48865	0.499985	FALSE	NA	NA	NA	NA	NA	NA
NC_045512.2	28111	A	G	48860	6752	38	4	1	32	8.18582e-05	48865	1	FALSE	NA	NA	NA	NA	NA	NA
NC_045512.2	28112	C	T	48613	6809	38	7	0	34	0.000143971	48621	1	FALSE	NA	NA	NA	NA	NA	NA
NC_045512.2	28112	C	G	48613	6809	38	1	0	26	2.05672e-05	48621	1	FALSE	NA	NA	NA	NA	NA	NA
NC_045512.2	28113	A	G	46242	6531	37	2	0	34	4.32489e-05	46244	1	FALSE	NA	NA	NA	NA	NA	NA
NC_045512.2	28114	T	G	44992	7156	38	1	0	34	2.22237e-05	44997	1	FALSE	NA	NA	NA	NA	NA	NA
NC_045512.2	28114	T	C	44992	7156	38	3	0	34	6.66711e-05	44997	1	FALSE	NA	NA	NA	NA	NA	NA
NC_045512.2	28114	T	A	44992	7156	38	1	0	34	2.22237e-05	44997	1	FALSE	NA	NA	NA	NA	NA	NA
NC_045512.2	28115	C	T	44983	7219	38	3	0	34	6.66844e-05	44988	1	FALSE	NA	NA	NA	NA	NA	NA
NC_045512.2	28115	C	G	44983	7219	38	1	0	26	2.22281e-05	44988	1	FALSE	NA	NA	NA	NA	NA	NA
NC_045512.2	28115	C	A	44983	7219	38	1	0	24	2.22281e-05	44988	1	FALSE	NA	NA	NA	NA	NA	NA
NC_045512.2	28117	A	G	44944	7155	38	2	0	34	4.44978e-05	44946	1	FALSE	NA	NA	NA	NA	NA	NA
NC_045512.2	28118	T	C	44646	6929	38	5	0	34	0.00011198	44651	1	FALSE	NA	NA	NA	NA	NA	NA
NC_045512.2	28119	A	T	42080	7297	37	1	0	26	2.37631e-05	42082	1	FALSE	NA	NA	NA	NA	NA	NA
NC_045512.2	28119	A	C	42080	7297	37	1	1	34	2.37631e-05	42082	1	FALSE	NA	NA	NA	NA	NA	NA
NC_045512.2	28120	T	C	42192	7297	37	5	0	40	0.000118492	42197	0.500015	FALSE	NA	NA	NA	NA	NA	NA
NC_045512.2	28121	C	T	42096	7461	37	4	1	34	9.50119e-05	42100	1	FALSE	NA	NA	NA	NA	NA	NA
NC_045512.2	28122	G	C	42096	7450	37	1	1	34	2.3753e-05	42100	1	FALSE	NA	NA	NA	NA	NA	NA
NC_045512.2	28122	G	A	42096	7450	37	3	0	34	7.12589e-05	42100	1	FALSE	NA	NA	NA	NA	NA	NA
NC_045512.2	28124	T	C	41773	7775	37	200	25	36	0.00476497	41973	1.13645e-26	TRUE	NA	NA	NA	NA	NA	NA
NC_045512.2	28125	A	G	42476	7944	38	2	0	34	4.70832e-05	42478	1	FALSE	NA	NA	NA	NA	NA	NA
NC_045512.2	28126	A	T	43262	8018	38	2	1	68	4.62278e-05	43264	0.250003	FALSE	NA	NA	NA	NA	NA	NA
NC_045512.2	28127	T	G	42684	8015	37	1	0	26	2.34269e-05	42686	1	FALSE	NA	NA	NA	NA	NA	NA
NC_045512.2	28127	T	C	42684	8015	37	1	1	34	2.34269e-05	42686	1	FALSE	NA	NA	NA	NA	NA	NA
NC_045512.2	28128	T	A	42243	8102	37	1	0	26	2.3672e-05	42244	1	FALSE	NA	NA	NA	NA	NA	NA
NC_045512.2	28129	A	G	38145	8890	37	1	0	34	2.62151e-05	38146	1	FALSE	NA	NA	NA	NA	NA	NA
NC_045512.2	28130	T	C	38044	8842	37	1	0	34	2.62847e-05	38045	1	FALSE	NA	NA	NA	NA	NA	NA
NC_045512.2	28131	A	T	36469	9134	36	1	0	34	2.74168e-05	36474	1	FALSE	NA	NA	NA	NA	NA	NA
NC_045512.2	28131	A	G	36469	9134	36	4	0	42	0.000109667	36474	0.5	FALSE	NA	NA	NA	NA	NA	NA
NC_045512.2	28132	C	T	36237	9201	36	12	3	32	0.000331044	36249	0.999889	FALSE	NA	NA	NA	NA	NA	NA
NC_045512.2	28133	A	G	36193	9054	37	7	0	43	0.000193359	36202	0.171847	FALSE	NA	NA	NA	NA	NA	NA
NC_045512.2	28133	A	C	36193	9054	37	2	2	34	5.52456e-05	36202	1	FALSE	NA	NA	NA	NA	NA	NA
NC_045512.2	28134	G	A	36510	9053	36	1	1	34	2.7389e-05	36511	1	FALSE	NA	NA	NA	NA	NA	NA
NC_045512.2	28135	T	C	36810	10571	36	4	1	34	0.000108651	36815	1	FALSE	NA	NA	NA	NA	NA	NA
NC_045512.2	28135	T	A	36810	10571	36	1	0	26	2.71628e-05	36815	1	FALSE	NA	NA	NA	NA	NA	NA
NC_045512.2	28136	T	C	37380	10771	37	6	4	45	0.000160484	37387	0.253893	FALSE	NA	NA	NA	NA	NA	NA
NC_045512.2	28136	T	A	37380	10771	37	1	0	46	2.67473e-05	37387	0.937488	FALSE	NA	NA	NA	NA	NA	NA
NC_045512.2	28137	T	C	36378	11004	37	1	1	34	2.74854e-05	36383	1	FALSE	NA	NA	NA	NA	NA	NA
NC_045512.2	28137	T	A	36378	11004	37	4	1	32	0.000109941	36383	1	FALSE	NA	NA	NA	NA	NA	NA
NC_045512.2	28138	C	A	36059	10969	37	1	1	34	2.77316e-05	36060	1	FALSE	NA	NA	NA	NA	NA	NA
NC_045512.2	28139	C	T	35781	11179	37	2	0	34	5.58925e-05	35783	1	FALSE	NA	NA	NA	NA	NA	NA
NC_045512.2	28140	T	C	36009	11333	37	1	1	34	2.77701e-05	36010	1	FALSE	NA	NA	NA	NA	NA	NA
NC_045512.2	28141	G	A	36149	11314	37	1	0	34	2.76625e-05	36150	1	FALSE	NA	NA	NA	NA	NA	NA
NC_045512.2	28141	G	-T	36149	11314	37	1	0	20	2.76625e-05	36150	1	FALSE	NA	NA	NA	NA	NA	NA
NC_045512.2	28142	T	C	34228	9442	36	3	2	45	8.76373e-05	34232	0.656243	FALSE	NA	NA	NA	NA	NA	NA
NC_045512.2	28142	T	A	34228	9442	36	1	0	68	2.92124e-05	34232	0.499978	FALSE	NA	NA	NA	NA	NA	NA
NC_045512.2	28143	T	C	35948	11205	37	1	1	34	2.78156e-05	35951	1	FALSE	NA	NA	NA	NA	NA	NA
NC_045512.2	28143	T	A	35948	11205	37	2	0	30	5.56313e-05	35951	1	FALSE	NA	NA	NA	NA	NA	NA
NC_045512.2	28144	T	A	35780	11256	37	2	0	30	5.5894e-05	35782	1	FALSE	NA	NA	NA	NA	NA	NA
NC_045512.2	28145	A	G	35840	11264	37	2	0	34	5.57973e-05	35844	1	FALSE	NA	NA	NA	NA	NA	NA
NC_045512.2	28145	A	C	35840	11264	37	2	2	26	5.57973e-05	35844	1	FALSE	NA	NA	NA	NA	NA	NA
NC_045512.2	28146	C	A	36177	11291	37	2	0	30	5.52807e-05	36179	1	FALSE	NA	NA	NA	NA	NA	NA
NC_045512.2	28147	C	T	36037	11277	37	1	0	34	2.77477e-05	36039	1	FALSE	NA	NA	NA	NA	NA	NA
NC_045512.2	28147	C	A	36037	11277	37	1	0	34	2.77477e-05	36039	1	FALSE	NA	NA	NA	NA	NA	NA
NC_045512.2	28147	C	-T	36037	11277	37	8	0	20	0.000221982	36039	1	FALSE	NA	NA	NA	NA	NA	NA
NC_045512.2	28148	T	C	36086	11222	37	10	6	33	0.000277039	36096	0.99998	FALSE	NA	NA	NA	NA	NA	NA
NC_045512.2	28149	T	C	35282	10438	36	4	1	32	0.000113359	35286	1	FALSE	NA	NA	NA	NA	NA	NA
NC_045512.2	28150	T	C	36789	12238	38	1	0	34	2.71798e-05	36792	1	FALSE	NA	NA	NA	NA	NA	NA
NC_045512.2	28150	T	A	36789	12238	38	2	1	34	5.43596e-05	36792	1	FALSE	NA	NA	NA	NA	NA	NA
NC_045512.2	28151	T	C	36812	12248	38	2	1	34	5.43272e-05	36814	1	FALSE	NA	NA	NA	NA	NA	NA
NC_045512.2	28152	A	T	36551	12281	37	1	0	34	2.73538e-05	36558	1	FALSE	NA	NA	NA	NA	NA	NA
NC_045512.2	28152	A	G	36551	12281	37	4	1	32	0.000109415	36558	1	FALSE	NA	NA	NA	NA	NA	NA
NC_045512.2	28152	A	C	36551	12281	37	2	2	34	5.47076e-05	36558	1	FALSE	NA	NA	NA	NA	NA	NA
NC_045512.2	28153	C	T	36599	12264	37	5	5	34	0.000136582	36608	1	FALSE	NA	NA	NA	NA	NA	NA
NC_045512.2	28153	C	A	36599	12264	37	4	2	59	0.000109266	36608	0.0624812	FALSE	NA	NA	NA	NA	NA	NA
NC_045512.2	28153	C	+A	36599	12264	37	1	0	20	2.73164e-05	36608	1	FALSE	NA	NA	NA	NA	NA	NA
NC_045512.2	28154	A	G	36451	12189	37	7	1	34	0.000192002	36458	0.999999	FALSE	NA	NA	NA	NA	NA	NA
NC_045512.2	28155	A	G	36572	12227	37	1	1	26	2.73426e-05	36573	1	FALSE	NA	NA	NA	NA	NA	NA
NC_045512.2	28156	T	C	36586	12310	37	2	2	51	5.46627e-05	36588	0.250003	FALSE	NA	NA	NA	NA	NA	NA
NC_045512.2	28157	T	C	36592	12417	37	2	0	30	5.46523e-05	36595	1	FALSE	NA	NA	NA	NA	NA	NA
NC_045512.2	28157	T	A	36592	12417	37	1	1	26	2.73261e-05	36595	1	FALSE	NA	NA	NA	NA	NA	NA
NC_045512.2	28158	A	T	36736	12464	38	2	1	29	5.44292e-05	36745	1	FALSE	NA	NA	NA	NA	NA	NA
NC_045512.2	28158	A	G	36736	12464	38	6	1	34	0.000163288	36745	1	FALSE	NA	NA	NA	NA	NA	NA
NC_045512.2	28158	A	C	36736	12464	38	1	1	34	2.72146e-05	36745	1	FALSE	NA	NA	NA	NA	NA	NA
NC_045512.2	28160	T	C	35954	12646	37	1	1	34	2.78125e-05	35955	1	FALSE	NA	NA	NA	NA	NA	NA
NC_045512.2	28161	T	A	35858	12941	37	1	0	34	2.7887e-05	35859	1	FALSE	NA	NA	NA	NA	NA	NA
NC_045512.2	28162	G	T	36081	12898	37	1	0	24	2.77131e-05	36084	1	FALSE	NA	NA	NA	NA	NA	NA
NC_045512.2	28162	G	C	36081	12898	37	1	0	26	2.77131e-05	36084	1	FALSE	NA	NA	NA	NA	NA	NA
NC_045512.2	28162	G	A	36081	12898	37	1	0	46	2.77131e-05	36084	0.937502	FALSE	NA	NA	NA	NA	NA	NA
NC_045512.2	28162	G	-C	36081	12898	37	1	0	20	2.77131e-05	36084	1	FALSE	NA	NA	NA	NA	NA	NA
NC_045512.2	28163	C	T	35724	12993	37	2	0	30	5.59785e-05	35728	1	FALSE	NA	NA	NA	NA	NA	NA
NC_045512.2	28163	C	G	35724	12993	37	2	1	34	5.59785e-05	35728	1	FALSE	NA	NA	NA	NA	NA	NA
NC_045512.2	28164	C	T	35785	12991	37	6	0	34	0.000167631	35793	1	FALSE	NA	NA	NA	NA	NA	NA
NC_045512.2	28164	C	G	35785	12991	37	2	0	27	5.58768e-05	35793	1	FALSE	NA	NA	NA	NA	NA	NA
NC_045512.2	28165	A	T	35800	12978	37	5	5	36	0.000139622	35811	1	FALSE	NA	NA	NA	NA	NA	NA
NC_045512.2	28165	A	G	35800	12978	37	6	0	34	0.000167546	35811	1	FALSE	NA	NA	NA	NA	NA	NA
NC_045512.2	28165	A	-G	35800	12978	37	1	0	20	2.79244e-05	35811	1	FALSE	NA	NA	NA	NA	NA	NA
NC_045512.2	28166	G	C	35361	13032	37	1	1	26	2.82781e-05	35363	1	FALSE	NA	NA	NA	NA	NA	NA
NC_045512.2	28166	G	A	35361	13032	37	1	0	34	2.82781e-05	35363	1	FALSE	NA	NA	NA	NA	NA	NA
NC_045512.2	28167	G	C	35461	13074	37	1	1	34	2.81984e-05	35463	1	FALSE	NA	NA	NA	NA	NA	NA
NC_045512.2	28167	G	A	35461	13074	37	1	0	34	2.81984e-05	35463	1	FALSE	NA	NA	NA	NA	NA	NA
NC_045512.2	28167	G	-A	35461	13074	37	1	0	20	2.81984e-05	35463	1	FALSE	NA	NA	NA	NA	NA	NA
NC_045512.2	28168	A	G	35631	13071	37	9	1	33	0.000252525	35640	0.999987	FALSE	NA	NA	NA	NA	NA	NA
NC_045512.2	28169	A	G	35502	13118	37	7	1	33	0.000197133	35509	0.999999	FALSE	NA	NA	NA	NA	NA	NA
NC_045512.2	28170	C	T	35797	13193	37	1	0	68	2.79345e-05	35798	0.500007	FALSE	NA	NA	NA	NA	NA	NA
NC_045512.2	28171	C	G	35746	13186	37	2	1	47	5.59472e-05	35748	0.812517	FALSE	NA	NA	NA	NA	NA	NA
NC_045512.2	28172	T	C	35753	13204	37	4	2	42	0.000111866	35757	0.500015	FALSE	NA	NA	NA	NA	NA	NA
NC_045512.2	28173	A	G	35807	13125	37	1	0	26	2.79267e-05	35808	1	FALSE	NA	NA	NA	NA	NA	NA
NC_045512.2	28174	A	T	34772	13368	37	1	1	26	2.87563e-05	34775	1	FALSE	NA	NA	NA	NA	NA	NA
NC_045512.2	28174	A	G	34772	13368	37	1	0	68	2.87563e-05	34775	0.499993	FALSE	NA	NA	NA	NA	NA	NA
NC_045512.2	28174	A	C	34772	13368	37	1	0	26	2.87563e-05	34775	1	FALSE	NA	NA	NA	NA	NA	NA
NC_045512.2	28175	A	G	33921	13516	36	1	0	34	2.94777e-05	33924	1	FALSE	NA	NA	NA	NA	NA	NA
NC_045512.2	28175	A	C	33921	13516	36	2	0	29	5.89553e-05	33924	1	FALSE	NA	NA	NA	NA	NA	NA
NC_045512.2	28176	T	A	35539	14374	37	2	0	30	5.6273e-05	35541	1	FALSE	NA	NA	NA	NA	NA	NA
NC_045512.2	28177	T	C	35119	14076	37	2	1	29	5.6946e-05	35121	1	FALSE	NA	NA	NA	NA	NA	NA
NC_045512.2	28178	G	T	35806	14389	37	3	2	34	8.37731e-05	35811	1	FALSE	NA	NA	NA	NA	NA	NA
NC_045512.2	28178	G	C	35806	14389	37	1	0	26	2.79244e-05	35811	1	FALSE	NA	NA	NA	NA	NA	NA
NC_045512.2	28178	G	A	35806	14389	37	1	0	34	2.79244e-05	35811	1	FALSE	NA	NA	NA	NA	NA	NA
NC_045512.2	28179	G	T	35595	14277	37	1	1	34	2.80923e-05	35597	1	FALSE	NA	NA	NA	NA	NA	NA
NC_045512.2	28179	G	A	35595	14277	37	1	0	34	2.80923e-05	35597	1	FALSE	NA	NA	NA	NA	NA	NA
NC_045512.2	28180	G	A	35403	14452	37	3	1	34	8.47314e-05	35406	1	FALSE	NA	NA	NA	NA	NA	NA
NC_045512.2	28181	T	G	34558	14542	37	1	0	34	2.89335e-05	34562	1	FALSE	NA	NA	NA	NA	NA	NA
NC_045512.2	28181	T	C	34558	14542	37	2	2	34	5.7867e-05	34562	1	FALSE	NA	NA	NA	NA	NA	NA
NC_045512.2	28181	T	A	34558	14542	37	1	1	34	2.89335e-05	34562	1	FALSE	NA	NA	NA	NA	NA	NA
NC_045512.2	28182	A	G	34302	14281	37	8	1	42	0.000233161	34311	0.113262	FALSE	NA	NA	NA	NA	NA	NA
NC_045512.2	28182	A	C	34302	14281	37	1	1	34	2.91452e-05	34311	1	FALSE	NA	NA	NA	NA	NA	NA
NC_045512.2	28183	G	C	37316	14377	37	1	0	34	2.6796e-05	37319	1	FALSE	NA	NA	NA	NA	NA	NA
NC_045512.2	28183	G	A	37316	14377	37	2	0	34	5.3592e-05	37319	1	FALSE	NA	NA	NA	NA	NA	NA
NC_045512.2	28184	T	C	37433	14791	37	2	0	34	5.34231e-05	37437	1	FALSE	NA	NA	NA	NA	NA	NA
NC_045512.2	28184	T	A	37433	14791	37	2	1	30	5.34231e-05	37437	1	FALSE	NA	NA	NA	NA	NA	NA
NC_045512.2	28185	C	T	37540	14983	37	3	0	34	7.9902e-05	37546	1	FALSE	NA	NA	NA	NA	NA	NA
NC_045512.2	28185	C	G	37540	14983	37	1	0	26	2.6634e-05	37546	1	FALSE	NA	NA	NA	NA	NA	NA
NC_045512.2	28185	C	A	37540	14983	37	2	0	34	5.3268e-05	37546	1	FALSE	NA	NA	NA	NA	NA	NA
NC_045512.2	28186	T	G	37654	15085	37	1	1	34	2.65541e-05	37659	1	FALSE	NA	NA	NA	NA	NA	NA
NC_045512.2	28186	T	C	37654	15085	37	2	2	34	5.31082e-05	37659	1	FALSE	NA	NA	NA	NA	NA	NA
NC_045512.2	28186	T	A	37654	15085	37	2	0	30	5.31082e-05	37659	1	FALSE	NA	NA	NA	NA	NA	NA
NC_045512.2	28187	T	C	37539	15084	37	2	1	34	5.32722e-05	37543	1	FALSE	NA	NA	NA	NA	NA	NA
NC_045512.2	28187	T	A	37539	15084	37	2	0	34	5.32722e-05	37543	1	FALSE	NA	NA	NA	NA	NA	NA
NC_045512.2	28188	G	A	37551	15069	37	3	0	31	7.9885e-05	37554	1	FALSE	NA	NA	NA	NA	NA	NA
NC_045512.2	28189	T	A	37678	15284	37	1	0	26	2.654e-05	37679	1	FALSE	NA	NA	NA	NA	NA	NA
NC_045512.2	28190	A	G	31154	16026	36	1	1	34	3.20976e-05	31155	1	FALSE	NA	NA	NA	NA	NA	NA
NC_045512.2	28191	G	C	29718	16212	36	1	1	34	3.36485e-05	29719	1	FALSE	NA	NA	NA	NA	NA	NA
NC_045512.2	28192	T	G	24150	10770	35	3	2	34	0.000124198	24155	0.999997	FALSE	NA	NA	NA	NA	NA	NA
NC_045512.2	28192	T	C	24150	10770	35	2	0	34	8.27986e-05	24155	1	FALSE	NA	NA	NA	NA	NA	NA
NC_045512.2	28193	G	T	25597	12216	36	4	4	34	0.000156244	25601	0.999992	FALSE	NA	NA	NA	NA	NA	NA
NC_045512.2	28194	C	T	24946	11816	36	3	2	31	0.00012024	24950	0.999997	FALSE	NA	NA	NA	NA	NA	NA
NC_045512.2	28194	C	G	24946	11816	36	1	1	34	4.00802e-05	24950	1	FALSE	NA	NA	NA	NA	NA	NA
NC_045512.2	28195	G	A	25084	11757	36	7	3	34	0.000278984	25091	0.999734	FALSE	NA	NA	NA	NA	NA	NA
NC_045512.2	28196	T	C	24953	11844	36	3	1	28	0.000120207	24957	1	FALSE	NA	NA	NA	NA	NA	NA
NC_045512.2	28196	T	A	24953	11844	36	1	0	34	4.00689e-05	24957	1	FALSE	NA	NA	NA	NA	NA	NA
NC_045512.2	28197	T	C	24679	11587	36	1	1	34	4.05186e-05	24680	1	FALSE	NA	NA	NA	NA	NA	NA
NC_045512.2	28199	T	C	24350	11288	35	4	2	34	0.000164244	24354	0.999986	FALSE	NA	NA	NA	NA	NA	NA
NC_045512.2	28200	T	C	24638	11908	36	4	3	40	0.000162324	24642	0.34376	FALSE	NA	NA	NA	NA	NA	NA
NC_045512.2	28201	C	T	22634	12022	35	3	2	34	0.000132521	22638	0.99999	FALSE	NA	NA	NA	NA	NA	NA
NC_045512.2	28201	C	G	22634	12022	35	1	0	26	4.41735e-05	22638	1	FALSE	NA	NA	NA	NA	NA	NA
NC_045512.2	28202	G	A	22184	11569	36	2	2	34	9.01469e-05	22186	0.999999	FALSE	NA	NA	NA	NA	NA	NA
NC_045512.2	28203	T	C	22253	11660	36	2	2	34	8.98674e-05	22255	0.999999	FALSE	NA	NA	NA	NA	NA	NA
NC_045512.2	28204	T	C	21908	11402	35	1	1	34	4.56413e-05	21910	1	FALSE	NA	NA	NA	NA	NA	NA
NC_045512.2	28204	T	A	21908	11402	35	1	0	34	4.56413e-05	21910	1	FALSE	NA	NA	NA	NA	NA	NA
NC_045512.2	28205	C	G	21022	11724	35	1	1	34	4.7567e-05	21023	1	FALSE	NA	NA	NA	NA	NA	NA
NC_045512.2	28206	T	C	20846	11549	35	3	1	34	0.000143892	20849	0.999967	FALSE	NA	NA	NA	NA	NA	NA
NC_045512.2	28207	A	T	20938	11633	35	1	0	26	4.77509e-05	20942	1	FALSE	NA	NA	NA	NA	NA	NA
NC_045512.2	28207	A	G	20938	11633	35	3	2	34	0.000143253	20942	0.999967	FALSE	NA	NA	NA	NA	NA	NA
NC_045512.2	28208	T	G	21104	11991	35	2	1	30	9.47418e-05	21110	0.999997	FALSE	NA	NA	NA	NA	NA	NA
NC_045512.2	28208	T	C	21104	11991	35	3	1	31	0.000142113	21110	0.999982	FALSE	NA	NA	NA	NA	NA	NA
NC_045512.2	28208	T	A	21104	11991	35	1	1	34	4.73709e-05	21110	1	FALSE	NA	NA	NA	NA	NA	NA
NC_045512.2	28209	G	T	21008	11932	35	3	3	34	0.000142782	21011	0.999982	FALSE	NA	NA	NA	NA	NA	NA
NC_045512.2	28210	A	G	21163	12782	35	2	1	34	9.44867e-05	21167	0.999997	FALSE	NA	NA	NA	NA	NA	NA
NC_045512.2	28210	A	C	21163	12782	35	2	2	34	9.44867e-05	21167	0.999997	FALSE	NA	NA	NA	NA	NA	NA
NC_045512.2	28211	A	G	21076	12645	35	1	0	34	4.74451e-05	21077	1	FALSE	NA	NA	NA	NA	NA	NA
NC_045512.2	28212	G	T	20994	12588	35	2	2	34	9.52562e-05	20996	0.999995	FALSE	NA	NA	NA	NA	NA	NA
NC_045512.2	28213	A	T	21135	12995	35	1	0	26	4.73104e-05	21137	1	FALSE	NA	NA	NA	NA	NA	NA
NC_045512.2	28213	A	C	21135	12995	35	1	1	34	4.73104e-05	21137	1	FALSE	NA	NA	NA	NA	NA	NA
NC_045512.2	28214	C	-T	21173	13019	35	14	0	20	0.000661219	21173	1	FALSE	NA	NA	NA	NA	NA	NA
NC_045512.2	28215	T	C	21169	13036	35	4	4	34	0.00018892	21173	0.999922	FALSE	NA	NA	NA	NA	NA	NA
NC_045512.2	28216	T	G	21286	13208	35	1	0	34	4.6966e-05	21292	1	FALSE	NA	NA	NA	NA	NA	NA
NC_045512.2	28216	T	C	21286	13208	35	4	4	32	0.000187864	21292	0.999922	FALSE	NA	NA	NA	NA	NA	NA
NC_045512.2	28216	T	A	21286	13208	35	1	1	34	4.6966e-05	21292	1	FALSE	NA	NA	NA	NA	NA	NA
NC_045512.2	28217	T	A	21266	13222	35	1	1	34	4.70212e-05	21267	1	FALSE	NA	NA	NA	NA	NA	NA
NC_045512.2	28218	T	C	21312	13269	35	1	1	34	4.69197e-05	21313	1	FALSE	NA	NA	NA	NA	NA	NA
NC_045512.2	28219	T	C	39320	14283	34	6	2	31	0.000152571	39326	1	FALSE	NA	NA	NA	NA	NA	NA
NC_045512.2	28220	A	G	39358	14278	35	4	1	34	0.000101621	39362	1	FALSE	NA	NA	NA	NA	NA	NA
NC_045512.2	28221	G	T	40433	14271	34	2	0	34	4.94572e-05	40439	1	FALSE	NA	NA	NA	NA	NA	NA
NC_045512.2	28221	G	C	40433	14271	34	2	2	43	4.94572e-05	40439	0.890616	FALSE	NA	NA	NA	NA	NA	NA
NC_045512.2	28221	G	A	40433	14271	34	2	1	34	4.94572e-05	40439	1	FALSE	NA	NA	NA	NA	NA	NA
NC_045512.2	28222	A	G	41113	15276	35	3	0	34	7.29607e-05	41118	1	FALSE	NA	NA	NA	NA	NA	NA
NC_045512.2	28222	A	C	41113	15276	35	2	0	34	4.86405e-05	41118	1	FALSE	NA	NA	NA	NA	NA	NA
NC_045512.2	28223	G	T	46888	15272	35	1	0	34	2.13251e-05	46893	1	FALSE	NA	NA	NA	NA	NA	NA
NC_045512.2	28223	G	C	46888	15272	35	1	0	34	2.13251e-05	46893	1	FALSE	NA	NA	NA	NA	NA	NA
NC_045512.2	28223	G	A	46888	15272	35	3	0	34	6.39754e-05	46893	1	FALSE	NA	NA	NA	NA	NA	NA
NC_045512.2	28224	T	C	47682	16680	35	6	0	34	0.000125815	47689	1	FALSE	NA	NA	NA	NA	NA	NA
NC_045512.2	28224	T	A	47682	16680	35	1	0	27	2.09692e-05	47689	1	FALSE	NA	NA	NA	NA	NA	NA
NC_045512.2	28225	A	G	55012	17241	35	3	0	34	5.45296e-05	55016	1	FALSE	NA	NA	NA	NA	NA	NA
NC_045512.2	28225	A	C	55012	17241	35	1	1	34	1.81765e-05	55016	1	FALSE	NA	NA	NA	NA	NA	NA
NC_045512.2	28226	T	G	54981	17007	35	1	0	34	1.81841e-05	54993	1	FALSE	NA	NA	NA	NA	NA	NA
NC_045512.2	28226	T	C	54981	17007	35	7	3	34	0.000127289	54993	1	FALSE	NA	NA	NA	NA	NA	NA
NC_045512.2	28226	T	A	54981	17007	35	4	2	34	7.27365e-05	54993	1	FALSE	NA	NA	NA	NA	NA	NA
NC_045512.2	28227	C	T	56160	18559	35	2	0	34	3.561e-05	56164	1	FALSE	NA	NA	NA	NA	NA	NA
NC_045512.2	28227	C	G	56160	18559	35	2	0	34	3.561e-05	56164	1	FALSE	NA	NA	NA	NA	NA	NA
NC_045512.2	28228	A	G	56488	18879	35	3	0	34	5.31058e-05	56491	1	FALSE	NA	NA	NA	NA	NA	NA
NC_045512.2	28229	T	C	56780	19130	35	3	2	56	5.28318e-05	56784	0.124997	FALSE	NA	NA	NA	NA	NA	NA
NC_045512.2	28229	T	A	56780	19130	35	1	1	34	1.76106e-05	56784	1	FALSE	NA	NA	NA	NA	NA	NA
NC_045512.2	28230	G	C	56506	18979	35	1	1	34	1.76969e-05	56507	1	FALSE	NA	NA	NA	NA	NA	NA
NC_045512.2	28231	A	T	57045	19060	35	1	0	26	1.75279e-05	57052	1	FALSE	NA	NA	NA	NA	NA	NA
NC_045512.2	28231	A	G	57045	19060	35	5	3	34	8.76393e-05	57052	1	FALSE	NA	NA	NA	NA	NA	NA
NC_045512.2	28231	A	C	57045	19060	35	1	1	26	1.75279e-05	57052	1	FALSE	NA	NA	NA	NA	NA	NA
NC_045512.2	28232	C	T	56939	18448	35	18	8	34	0.000316017	56959	0.999998	FALSE	NA	NA	NA	NA	NA	NA
NC_045512.2	28232	C	G	56939	18448	35	2	0	34	3.5113e-05	56959	1	FALSE	NA	NA	NA	NA	NA	NA
NC_045512.2	28233	G	T	57038	18408	35	3	3	34	5.25901e-05	57045	1	FALSE	NA	NA	NA	NA	NA	NA
NC_045512.2	28233	G	A	57038	18408	35	4	1	32	7.01201e-05	57045	1	FALSE	NA	NA	NA	NA	NA	NA
NC_045512.2	28234	T	C	54430	15517	35	1	0	34	1.83715e-05	54432	1	FALSE	NA	NA	NA	NA	NA	NA
NC_045512.2	28234	T	A	54430	15517	35	1	0	34	1.83715e-05	54432	1	FALSE	NA	NA	NA	NA	NA	NA
NC_045512.2	28235	T	G	55747	17299	35	5	0	32	8.96781e-05	55755	1	FALSE	NA	NA	NA	NA	NA	NA
NC_045512.2	28235	T	C	55747	17299	35	2	0	34	3.58712e-05	55755	1	FALSE	NA	NA	NA	NA	NA	NA
NC_045512.2	28235	T	A	55747	17299	35	1	0	26	1.79356e-05	55755	1	FALSE	NA	NA	NA	NA	NA	NA
NC_045512.2	28236	C	T	55622	17191	35	9	5	34	0.000161774	55633	1	FALSE	NA	NA	NA	NA	NA	NA
NC_045512.2	28236	C	G	55622	17191	35	1	0	34	1.79749e-05	55633	1	FALSE	NA	NA	NA	NA	NA	NA
NC_045512.2	28236	C	A	55622	17191	35	1	0	34	1.79749e-05	55633	1	FALSE	NA	NA	NA	NA	NA	NA
NC_045512.2	28237	G	T	55879	17238	35	1	0	34	1.78942e-05	55884	1	FALSE	NA	NA	NA	NA	NA	NA
NC_045512.2	28237	G	A	55879	17238	35	4	1	49	7.15768e-05	55884	0.746103	FALSE	NA	NA	NA	NA	NA	NA
NC_045512.2	28238	T	C	55802	17370	35	10	1	33	0.000179173	55812	1	FALSE	NA	NA	NA	NA	NA	NA
NC_045512.2	28239	G	T	55909	17291	35	1	0	34	1.78856e-05	55911	1	FALSE	NA	NA	NA	NA	NA	NA
NC_045512.2	28239	G	A	55909	17291	35	1	1	34	1.78856e-05	55911	1	FALSE	NA	NA	NA	NA	NA	NA
NC_045512.2	28240	T	G	56865	18631	36	1	1	34	1.75843e-05	56869	1	FALSE	NA	NA	NA	NA	NA	NA
NC_045512.2	28240	T	C	56865	18631	36	3	2	34	5.27528e-05	56869	1	FALSE	NA	NA	NA	NA	NA	NA
NC_045512.2	28241	T	C	56855	18813	36	3	2	34	5.27621e-05	56859	1	FALSE	NA	NA	NA	NA	NA	NA
NC_045512.2	28241	T	A	56855	18813	36	1	1	34	1.75874e-05	56859	1	FALSE	NA	NA	NA	NA	NA	NA
NC_045512.2	28242	G	C	61415	18821	36	1	1	34	1.62824e-05	61416	1	FALSE	NA	NA	NA	NA	NA	NA
NC_045512.2	28242	G	-T	61415	18821	36	1	0	20	1.62824e-05	61416	1	FALSE	NA	NA	NA	NA	NA	NA
NC_045512.2	28243	T	C	61258	18678	36	1	0	34	1.63239e-05	61260	1	FALSE	NA	NA	NA	NA	NA	NA
NC_045512.2	28243	T	A	61258	18678	36	1	1	68	1.63239e-05	61260	0.499996	FALSE	NA	NA	NA	NA	NA	NA
NC_045512.2	28244	T	C	61479	18911	36	4	1	42	6.50544e-05	61487	0.828115	FALSE	NA	NA	NA	NA	NA	NA
NC_045512.2	28244	T	A	61479	18911	36	4	0	30	6.50544e-05	61487	1	FALSE	NA	NA	NA	NA	NA	NA
NC_045512.2	28245	T	G	61974	19516	36	3	0	31	4.84011e-05	61982	1	FALSE	NA	NA	NA	NA	NA	NA
NC_045512.2	28245	T	C	61974	19516	36	1	1	34	1.61337e-05	61982	1	FALSE	NA	NA	NA	NA	NA	NA
NC_045512.2	28245	T	A	61974	19516	36	4	0	32	6.45349e-05	61982	1	FALSE	NA	NA	NA	NA	NA	NA
NC_045512.2	28246	T	C	61982	19700	36	5	4	39	8.06569e-05	61991	1	FALSE	NA	NA	NA	NA	NA	NA
NC_045512.2	28246	T	A	61982	19700	36	4	0	32	6.45255e-05	61991	1	FALSE	NA	NA	NA	NA	NA	NA
NC_045512.2	28247	A	G	62045	19743	36	21	12	34	0.000338349	62066	0.999999	FALSE	NA	NA	NA	NA	NA	NA
NC_045512.2	28248	G	T	63481	19722	36	1	0	34	1.57522e-05	63483	1	FALSE	NA	NA	NA	NA	NA	NA
NC_045512.2	28248	G	C	63481	19722	36	1	1	26	1.57522e-05	63483	1	FALSE	NA	NA	NA	NA	NA	NA
NC_045512.2	28249	A	G	62260	19854	35	3	0	34	4.81827e-05	62263	1	FALSE	NA	NA	NA	NA	NA	NA
NC_045512.2	28250	T	C	64327	20223	36	4	1	32	6.21775e-05	64332	1	FALSE	NA	NA	NA	NA	NA	NA
NC_045512.2	28250	T	A	64327	20223	36	1	1	68	1.55444e-05	64332	0.499988	FALSE	NA	NA	NA	NA	NA	NA
NC_045512.2	28251	T	C	62446	18383	36	9	5	32	0.000144099	62457	1	FALSE	NA	NA	NA	NA	NA	NA
NC_045512.2	28251	T	A	62446	18383	36	2	0	30	3.2022e-05	62457	1	FALSE	NA	NA	NA	NA	NA	NA
NC_045512.2	28252	T	C	62858	18725	36	4	1	35	6.36314e-05	62862	1	FALSE	NA	NA	NA	NA	NA	NA
NC_045512.2	28253	C	T	60544	18541	36	3139	311	36	0.049291	63683	0	TRUE	NA	NA	NA	NA	NA	NA
NC_045512.2	28254	A	T	63790	18917	36	1	1	34	1.56759e-05	63792	1	FALSE	NA	NA	NA	NA	NA	NA
NC_045512.2	28254	A	G	63790	18917	36	1	1	34	1.56759e-05	63792	1	FALSE	NA	NA	NA	NA	NA	NA
NC_045512.2	28255	T	G	64829	19981	36	1	0	34	1.54233e-05	64837	1	FALSE	NA	NA	NA	NA	NA	NA
NC_045512.2	28255	T	C	64829	19981	36	6	2	32	9.25398e-05	64837	1	FALSE	NA	NA	NA	NA	NA	NA
NC_045512.2	28255	T	A	64829	19981	36	1	1	34	1.54233e-05	64837	1	FALSE	NA	NA	NA	NA	NA	NA
NC_045512.2	28256	C	T	65103	20441	36	6	4	39	9.21532e-05	65109	1	FALSE	NA	NA	NA	NA	NA	NA
NC_045512.2	28257	T	C	64898	20122	36	6	4	31	9.24442e-05	64904	1	FALSE	NA	NA	NA	NA	NA	NA
NC_045512.2	28257	T	-A	64898	20122	36	1	0	20	1.54074e-05	64904	1	FALSE	NA	NA	NA	NA	NA	NA
NC_045512.2	28258	A	T	64698	20080	36	12	4	34	0.000185426	64716	1	FALSE	NA	NA	NA	NA	NA	NA
NC_045512.2	28258	A	G	64698	20080	36	5	0	34	7.72606e-05	64716	1	FALSE	NA	NA	NA	NA	NA	NA
NC_045512.2	28258	A	C	64698	20080	36	1	1	26	1.54521e-05	64716	1	FALSE	NA	NA	NA	NA	NA	NA
NC_045512.2	28259	A	G	64551	20212	36	3	0	34	4.64727e-05	64554	1	FALSE	NA	NA	NA	NA	NA	NA
NC_045512.2	28260	A	T	61984	22802	35	1	0	34	1.61322e-05	61988	1	FALSE	NA	NA	NA	NA	NA	NA
NC_045512.2	28260	A	G	61984	22802	35	3	1	34	4.83965e-05	61988	1	FALSE	NA	NA	NA	NA	NA	NA
NC_045512.2	28261	C	T	67159	22825	37	3	1	68	4.46681e-05	67162	0.125	FALSE	NA	NA	NA	NA	NA	NA
NC_045512.2	28262	G	T	67022	22390	37	1	1	34	1.49194e-05	67027	1	FALSE	NA	NA	NA	NA	NA	NA
NC_045512.2	28262	G	C	67022	22390	37	1	0	34	1.49194e-05	67027	1	FALSE	NA	NA	NA	NA	NA	NA
NC_045512.2	28262	G	A	67022	22390	37	3	0	34	4.47581e-05	67027	1	FALSE	NA	NA	NA	NA	NA	NA
NC_045512.2	28263	A	T	69231	24905	37	1	1	34	1.44358e-05	69272	1	FALSE	NA	NA	NA	NA	NA	NA
NC_045512.2	28263	A	G	69231	24905	37	38	2	34	0.000548562	69272	0.999083	FALSE	NA	NA	NA	NA	NA	NA
NC_045512.2	28263	A	C	69231	24905	37	2	0	34	2.88717e-05	69272	1	FALSE	NA	NA	NA	NA	NA	NA
NC_045512.2	28264	A	T	68653	25611	36	1	1	34	1.45635e-05	68665	1	FALSE	NA	NA	NA	NA	NA	NA
NC_045512.2	28264	A	G	68653	25611	36	8	2	42	0.000116508	68665	0.395226	FALSE	NA	NA	NA	NA	NA	NA
NC_045512.2	28264	A	C	68653	25611	36	3	0	31	4.36904e-05	68665	1	FALSE	NA	NA	NA	NA	NA	NA
NC_045512.2	28265	C	T	80229	29226	37	3	0	34	3.73911e-05	80233	1	FALSE	NA	NA	NA	NA	NA	NA
NC_045512.2	28265	C	G	80229	29226	37	1	0	34	1.24637e-05	80233	1	FALSE	NA	NA	NA	NA	NA	NA
NC_045512.2	28266	A	T	79525	28663	37	1	1	34	1.25732e-05	79534	1	FALSE	NA	NA	NA	NA	NA	NA
NC_045512.2	28266	A	G	79525	28663	37	7	1	38	8.80127e-05	79534	1	FALSE	NA	NA	NA	NA	NA	NA
NC_045512.2	28266	A	C	79525	28663	37	1	0	68	1.25732e-05	79534	0.499978	FALSE	NA	NA	NA	NA	NA	NA
NC_045512.2	28267	A	G	81998	29707	37	4	1	34	4.87781e-05	82004	1	FALSE	NA	NA	NA	NA	NA	NA
NC_045512.2	28267	A	C	81998	29707	37	2	1	29	2.43891e-05	82004	1	FALSE	NA	NA	NA	NA	NA	NA
NC_045512.2	28268	A	G	76338	29817	36	6	2	34	7.85885e-05	76347	1	FALSE	NA	NA	NA	NA	NA	NA
NC_045512.2	28268	A	C	76338	29817	36	3	2	34	3.92943e-05	76347	1	FALSE	NA	NA	NA	NA	NA	NA
NC_045512.2	28269	C	T	85284	31545	37	1	1	68	1.17254e-05	85285	0.500003	FALSE	NA	NA	NA	NA	NA	NA
NC_045512.2	28270	T	G	85637	31657	37	1	0	34	1.16761e-05	85645	1	FALSE	NA	NA	NA	NA	NA	NA
NC_045512.2	28270	T	C	85637	31657	37	6	1	43	7.00566e-05	85645	0.788028	FALSE	NA	NA	NA	NA	NA	NA
NC_045512.2	28270	T	A	85637	31657	37	1	0	34	1.16761e-05	85645	1	FALSE	NA	NA	NA	NA	NA	NA
NC_045512.2	28271	A	T	7	2	38	85681	31748	37	0.99972	85705	0	TRUE	NA	NA	NA	NA	NA	NA
NC_045512.2	28271	A	G	7	2	38	1	1	34	1.16679e-05	85705	0.00799907	TRUE	NA	NA	NA	NA	NA	NA
NC_045512.2	28271	A	C	7	2	38	16	3	39	0.000186687	85705	9.59077e-43	TRUE	NA	NA	NA	NA	NA	NA
NC_045512.2	28272	A	T	85742	31669	37	1	0	26	1.16611e-05	85755	1	FALSE	NA	NA	NA	NA	NA	NA
NC_045512.2	28272	A	G	85742	31669	37	12	6	39	0.000139934	85755	1	FALSE	NA	NA	NA	NA	NA	NA
NC_045512.2	28273	A	T	85522	31655	37	2	1	34	2.33831e-05	85532	1	FALSE	NA	NA	NA	NA	NA	NA
NC_045512.2	28273	A	G	85522	31655	37	8	6	33	9.35322e-05	85532	1	FALSE	NA	NA	NA	NA	NA	NA
NC_045512.2	28274	A	G	84642	31798	37	8	5	32	9.45068e-05	84650	1	FALSE	NA	NA	NA	NA	NA	NA
NC_045512.2	28275	T	G	85856	31862	37	4	2	38	4.65837e-05	85867	1	FALSE	NA	NA	NA	NA	NA	NA
NC_045512.2	28275	T	C	85856	31862	37	4	2	34	4.65837e-05	85867	1	FALSE	NA	NA	NA	NA	NA	NA
NC_045512.2	28275	T	A	85856	31862	37	3	1	31	3.49378e-05	85867	1	FALSE	NA	NA	NA	NA	NA	NA
NC_045512.2	28276	G	T	86717	31846	37	6	2	39	6.91826e-05	86727	1	FALSE	NA	NA	NA	NA	NA	NA
NC_045512.2	28276	G	A	86717	31846	37	4	3	51	4.61217e-05	86727	0.0624906	FALSE	NA	NA	NA	NA	NA	NA
NC_045512.2	28277	T	G	85721	30610	37	1	0	27	1.16647e-05	85729	1	FALSE	NA	NA	NA	NA	NA	NA
NC_045512.2	28277	T	C	85721	30610	37	4	1	42	4.66587e-05	85729	0.927001	FALSE	NA	NA	NA	NA	NA	NA
NC_045512.2	28277	T	A	85721	30610	37	3	2	28	3.4994e-05	85729	1	FALSE	NA	NA	NA	NA	NA	NA
NC_045512.2	28278	C	T	85753	30628	37	6	2	48	6.99627e-05	85760	0.788035	FALSE	NA	NA	NA	NA	NA	NA
NC_045512.2	28278	C	A	85753	30628	37	1	1	68	1.16604e-05	85760	0.499985	FALSE	NA	NA	NA	NA	NA	NA
NC_045512.2	28279	T	C	87722	32605	37	13	4	41	0.000148173	87735	0.191648	FALSE	NA	NA	NA	NA	NA	NA
NC_045512.2	28280	G	T	88054	32768	37	3	2	31	3.40657e-05	88065	1	FALSE	NA	NA	NA	NA	NA	NA
NC_045512.2	28280	G	C	88054	32768	37	1	1	34	1.13552e-05	88065	1	FALSE	NA	NA	NA	NA	NA	NA
NC_045512.2	28280	G	A	88054	32768	37	7	3	34	7.94867e-05	88065	1	FALSE	NA	NA	NA	NA	NA	NA
NC_045512.2	28281	A	T	88939	33153	37	2	2	30	2.24858e-05	88945	1	FALSE	NA	NA	NA	NA	NA	NA
NC_045512.2	28281	A	G	88939	33153	37	2	0	34	2.24858e-05	88945	1	FALSE	NA	NA	NA	NA	NA	NA
NC_045512.2	28281	A	C	88939	33153	37	2	2	34	2.24858e-05	88945	1	FALSE	NA	NA	NA	NA	NA	NA
NC_045512.2	28282	T	C	88905	33099	37	2	1	34	2.24949e-05	88909	1	FALSE	NA	NA	NA	NA	NA	NA
NC_045512.2	28282	T	A	88905	33099	37	2	1	26	2.24949e-05	88909	1	FALSE	NA	NA	NA	NA	NA	NA
NC_045512.2	28283	A	T	88143	33246	37	6	2	31	6.80573e-05	88161	1	FALSE	NA	NA	NA	NA	NA	NA
NC_045512.2	28283	A	G	88143	33246	37	10	6	40	0.000113429	88161	0.407194	FALSE	NA	NA	NA	NA	NA	NA
NC_045512.2	28283	A	C	88143	33246	37	2	2	30	2.26858e-05	88161	1	FALSE	NA	NA	NA	NA	NA	NA
NC_045512.2	28284	A	T	91693	38461	37	2	1	30	2.18076e-05	91711	1	FALSE	NA	NA	NA	NA	NA	NA
NC_045512.2	28284	A	G	91693	38461	37	14	1	34	0.000152653	91711	1	FALSE	NA	NA	NA	NA	NA	NA
NC_045512.2	28284	A	C	91693	38461	37	2	2	34	2.18076e-05	91711	1	FALSE	NA	NA	NA	NA	NA	NA
NC_045512.2	28285	T	C	91172	37960	37	24	4	34	0.000263167	91197	1	FALSE	NA	NA	NA	NA	NA	NA
NC_045512.2	28285	T	A	91172	37960	37	1	0	34	1.09653e-05	91197	1	FALSE	NA	NA	NA	NA	NA	NA
NC_045512.2	28286	G	T	90861	37849	37	3	3	45	3.30127e-05	90874	0.980708	FALSE	NA	NA	NA	NA	NA	NA
NC_045512.2	28286	G	C	90861	37849	37	7	7	29	7.70297e-05	90874	1	FALSE	NA	NA	NA	NA	NA	NA
NC_045512.2	28286	G	A	90861	37849	37	3	3	42	3.30127e-05	90874	0.980708	FALSE	NA	NA	NA	NA	NA	NA
NC_045512.2	28287	G	T	90837	37864	37	2	1	26	2.20146e-05	90849	1	FALSE	NA	NA	NA	NA	NA	NA
NC_045512.2	28287	G	A	90837	37864	37	10	2	34	0.000110073	90849	1	FALSE	NA	NA	NA	NA	NA	NA
NC_045512.2	28288	A	T	86258	37285	37	3	0	34	3.29942e-05	90925	1	FALSE	NA	NA	NA	NA	NA	NA
NC_045512.2	28288	A	G	86258	37285	37	30	6	34	0.000329942	90925	1	FALSE	NA	NA	NA	NA	NA	NA
NC_045512.2	28288	A	C	86258	37285	37	4634	408	38	0.0509651	90925	0	TRUE	NA	NA	NA	NA	NA	NA
NC_045512.2	28289	C	T	92316	38100	37	15	5	33	0.000162457	92332	1	FALSE	NA	NA	NA	NA	NA	NA
NC_045512.2	28289	C	A	92316	38100	37	1	0	34	1.08305e-05	92332	1	FALSE	NA	NA	NA	NA	NA	NA
NC_045512.2	28290	C	T	91716	38225	37	5	2	46	5.45096e-05	91727	0.910209	FALSE	NA	NA	NA	NA	NA	NA
NC_045512.2	28290	C	G	91716	38225	37	4	1	30	4.36077e-05	91727	1	FALSE	NA	NA	NA	NA	NA	NA
NC_045512.2	28290	C	A	91716	38225	37	2	0	34	2.18038e-05	91727	1	FALSE	NA	NA	NA	NA	NA	NA
NC_045512.2	28291	C	T	92473	38129	37	6	4	34	6.48522e-05	92518	1	FALSE	NA	NA	NA	NA	NA	NA
NC_045512.2	28291	C	A	92473	38129	37	39	34	34	0.00042154	92518	0.999999	FALSE	NA	NA	NA	NA	NA	NA
NC_045512.2	28292	C	T	92531	38159	37	2	0	30	2.16102e-05	92549	1	FALSE	NA	NA	NA	NA	NA	NA
NC_045512.2	28292	C	G	92531	38159	37	1	0	27	1.08051e-05	92549	1	FALSE	NA	NA	NA	NA	NA	NA
NC_045512.2	28292	C	A	92531	38159	37	15	8	36	0.000162076	92549	1	FALSE	NA	NA	NA	NA	NA	NA
NC_045512.2	28292	C	-A	92531	38159	37	54	0	20	0.000583475	92549	1	FALSE	NA	NA	NA	NA	NA	NA
NC_045512.2	28292	C	+A	92531	38159	37	1	0	20	1.08051e-05	92549	1	FALSE	NA	NA	NA	NA	NA	NA
NC_045512.2	28293	A	T	92419	38085	37	2	2	30	2.1613e-05	92537	1	FALSE	NA	NA	NA	NA	NA	NA
NC_045512.2	28293	A	G	92419	38085	37	27	13	33	0.000291775	92537	1	FALSE	NA	NA	NA	NA	NA	NA
NC_045512.2	28293	A	C	92419	38085	37	89	39	36	0.000961777	92537	0.614614	FALSE	NA	NA	NA	NA	NA	NA
NC_045512.2	28294	A	T	92723	38238	37	1	1	34	1.07829e-05	92739	1	FALSE	NA	NA	NA	NA	NA	NA
NC_045512.2	28294	A	G	92723	38238	37	12	8	41	0.000129395	92739	0.331776	FALSE	NA	NA	NA	NA	NA	NA
NC_045512.2	28294	A	C	92723	38238	37	3	2	34	3.23488e-05	92739	1	FALSE	NA	NA	NA	NA	NA	NA
NC_045512.2	28295	A	G	97934	46717	37	8	0	33	8.1681e-05	97942	1	FALSE	NA	NA	NA	NA	NA	NA
NC_045512.2	28296	A	T	102656	49210	37	1	0	34	9.7407e-06	102662	1	FALSE	NA	NA	NA	NA	NA	NA
NC_045512.2	28296	A	G	102656	49210	37	4	1	34	3.89628e-05	102662	1	FALSE	NA	NA	NA	NA	NA	NA
NC_045512.2	28296	A	C	102656	49210	37	1	0	24	9.7407e-06	102662	1	FALSE	NA	NA	NA	NA	NA	NA
NC_045512.2	28297	T	G	103162	49687	38	1	0	27	9.69293e-06	103168	1	FALSE	NA	NA	NA	NA	NA	NA
NC_045512.2	28297	T	C	103162	49687	38	3	2	31	2.90788e-05	103168	1	FALSE	NA	NA	NA	NA	NA	NA
NC_045512.2	28297	T	A	103162	49687	38	2	1	30	1.93859e-05	103168	1	FALSE	NA	NA	NA	NA	NA	NA
NC_045512.2	28298	C	T	102890	49487	38	5	3	40	4.85918e-05	102898	0.940768	FALSE	NA	NA	NA	NA	NA	NA
NC_045512.2	28298	C	G	102890	49487	38	1	0	34	9.71836e-06	102898	1	FALSE	NA	NA	NA	NA	NA	NA
NC_045512.2	28298	C	A	102890	49487	38	2	1	34	1.94367e-05	102898	1	FALSE	NA	NA	NA	NA	NA	NA
NC_045512.2	28298	C	-A	102890	49487	38	1	0	20	9.71836e-06	102898	1	FALSE	NA	NA	NA	NA	NA	NA
NC_045512.2	28299	A	G	101995	48956	38	20	4	45	0.00019603	102025	0.0493288	FALSE	NA	NA	NA	NA	NA	NA
NC_045512.2	28299	A	C	101995	48956	38	10	2	46	9.80152e-05	102025	0.58793	FALSE	NA	NA	NA	NA	NA	NA
NC_045512.2	28300	G	C	103349	48993	38	5	5	31	4.83709e-05	103368	1	FALSE	NA	NA	NA	NA	NA	NA
NC_045512.2	28300	G	A	103349	48993	38	14	7	42	0.000135438	103368	0.270585	FALSE	NA	NA	NA	NA	NA	NA
NC_045512.2	28301	C	T	103773	49810	38	23	7	38	0.000221576	103802	1	FALSE	NA	NA	NA	NA	NA	NA
NC_045512.2	28301	C	G	103773	49810	38	2	0	30	1.92675e-05	103802	1	FALSE	NA	NA	NA	NA	NA	NA
NC_045512.2	28301	C	A	103773	49810	38	4	4	34	3.85349e-05	103802	1	FALSE	NA	NA	NA	NA	NA	NA
NC_045512.2	28302	G	C	104861	49794	38	1	0	34	9.53607e-06	104865	1	FALSE	NA	NA	NA	NA	NA	NA
NC_045512.2	28302	G	A	104861	49794	38	3	3	34	2.86082e-05	104865	1	FALSE	NA	NA	NA	NA	NA	NA
NC_045512.2	28302	G	-A	104861	49794	38	4	0	20	3.81443e-05	104865	1	FALSE	NA	NA	NA	NA	NA	NA
NC_045512.2	28303	A	G	104337	52407	38	9	4	36	8.62507e-05	104347	1	FALSE	NA	NA	NA	NA	NA	NA
NC_045512.2	28303	A	C	104337	52407	38	1	1	26	9.58341e-06	104347	1	FALSE	NA	NA	NA	NA	NA	NA
NC_045512.2	28304	A	T	103260	52295	37	2	2	51	1.9366e-05	103274	0.49996	FALSE	NA	NA	NA	NA	NA	NA
NC_045512.2	28304	A	G	103260	52295	37	12	5	40	0.000116196	103274	0.415893	FALSE	NA	NA	NA	NA	NA	NA
NC_045512.2	28305	A	T	104806	52220	38	7	7	34	6.67805e-05	104821	1	FALSE	NA	NA	NA	NA	NA	NA
NC_045512.2	28305	A	G	104806	52220	38	3	1	34	2.86202e-05	104821	1	FALSE	NA	NA	NA	NA	NA	NA
NC_045512.2	28305	A	C	104806	52220	38	5	5	29	4.77004e-05	104821	1	FALSE	NA	NA	NA	NA	NA	NA
NC_045512.2	28306	T	G	102805	52581	38	2	1	51	1.94522e-05	102816	0.499971	FALSE	NA	NA	NA	NA	NA	NA
NC_045512.2	28306	T	C	102805	52581	38	5	1	38	4.86306e-05	102816	1	FALSE	NA	NA	NA	NA	NA	NA
NC_045512.2	28306	T	A	102805	52581	38	4	0	32	3.89045e-05	102816	1	FALSE	NA	NA	NA	NA	NA	NA
NC_045512.2	28307	G	T	103786	51953	37	2	1	34	1.92663e-05	103808	1	FALSE	NA	NA	NA	NA	NA	NA
NC_045512.2	28307	G	A	103786	51953	37	20	12	35	0.000192663	103808	1	FALSE	NA	NA	NA	NA	NA	NA
NC_045512.2	28308	C	T	104388	53570	37	20	9	35	0.000191551	104411	1	FALSE	NA	NA	NA	NA	NA	NA
NC_045512.2	28308	C	G	104388	53570	37	2	1	27	1.91551e-05	104411	1	FALSE	NA	NA	NA	NA	NA	NA
NC_045512.2	28308	C	A	104388	53570	37	1	1	34	9.57753e-06	104411	1	FALSE	NA	NA	NA	NA	NA	NA
NC_045512.2	28309	A	T	104285	53117	38	1	1	26	9.58856e-06	104291	1	FALSE	NA	NA	NA	NA	NA	NA
NC_045512.2	28309	A	G	104285	53117	38	5	1	40	4.79428e-05	104291	0.940772	FALSE	NA	NA	NA	NA	NA	NA
NC_045512.2	28309	A	-CCCC	104285	53117	38	1	0	20	9.58856e-06	104291	1	FALSE	NA	NA	NA	NA	NA	NA
NC_045512.2	28309	A	-C	104285	53117	38	1	0	20	9.58856e-06	104291	1	FALSE	NA	NA	NA	NA	NA	NA
NC_045512.2	28309	A	+TTTT	104285	53117	38	1	0	20	9.58856e-06	104291	1	FALSE	NA	NA	NA	NA	NA	NA
NC_045512.2	28309	A	+TTT	104285	53117	38	1	0	20	9.58856e-06	104291	1	FALSE	NA	NA	NA	NA	NA	NA
NC_045512.2	28310	C	T	101126	54595	38	3248	488	37	0.0311174	104379	0	TRUE	NA	NA	NA	NA	NA	NA
NC_045512.2	28310	C	A	101126	54595	38	5	3	40	4.79024e-05	104379	0.933178	FALSE	NA	NA	NA	NA	NA	NA
NC_045512.2	28311	C	T	18	8	33	103018	53865	38	0.999816	103037	0	TRUE	NA	NA	NA	NA	NA	NA
NC_045512.2	28311	C	G	18	8	33	1	0	26	9.70525e-06	103037	0.17391	FALSE	NA	NA	NA	NA	NA	NA
NC_045512.2	28312	C	T	100108	54389	38	3249	488	37	0.0314329	103363	0	TRUE	NA	NA	NA	NA	NA	NA
NC_045512.2	28312	C	G	100108	54389	38	2	1	34	1.93493e-05	103363	1	FALSE	NA	NA	NA	NA	NA	NA
NC_045512.2	28312	C	A	100108	54389	38	4	3	30	3.86986e-05	103363	1	FALSE	NA	NA	NA	NA	NA	NA
NC_045512.2	28313	C	T	99194	54347	38	3261	491	37	0.0318283	102456	0	TRUE	NA	NA	NA	NA	NA	NA
NC_045512.2	28313	C	A	99194	54347	38	1	0	34	9.76029e-06	102456	1	FALSE	NA	NA	NA	NA	NA	NA
NC_045512.2	28314	G	A	104536	53802	38	75	43	36	0.000716942	104611	0.987694	FALSE	NA	NA	NA	NA	NA	NA
NC_045512.2	28315	C	T	102973	55236	38	11	4	33	0.000106805	102991	1	FALSE	NA	NA	NA	NA	NA	NA
NC_045512.2	28315	C	G	102973	55236	38	5	2	34	4.85479e-05	102991	1	FALSE	NA	NA	NA	NA	NA	NA
NC_045512.2	28315	C	A	102973	55236	38	2	2	34	1.94192e-05	102991	1	FALSE	NA	NA	NA	NA	NA	NA
NC_045512.2	28316	A	T	102083	54740	38	1	1	34	9.79489e-06	102094	1	FALSE	NA	NA	NA	NA	NA	NA
NC_045512.2	28316	A	G	102083	54740	38	9	7	53	8.81541e-05	102094	0.0107403	FALSE	NA	NA	NA	NA	NA	NA
NC_045512.2	28316	A	C	102083	54740	38	1	1	34	9.79489e-06	102094	1	FALSE	NA	NA	NA	NA	NA	NA
NC_045512.2	28316	A	+T	102083	54740	38	1	0	20	9.79489e-06	102094	1	FALSE	NA	NA	NA	NA	NA	NA
NC_045512.2	28317	T	G	101852	54965	38	1	1	34	9.8174e-06	101860	1	FALSE	NA	NA	NA	NA	NA	NA
NC_045512.2	28317	T	C	101852	54965	38	7	6	32	6.87218e-05	101860	1	FALSE	NA	NA	NA	NA	NA	NA
NC_045512.2	28318	T	G	101713	54862	38	9	0	33	8.84634e-05	101737	1	FALSE	NA	NA	NA	NA	NA	NA
NC_045512.2	28318	T	C	101713	54862	38	14	12	48	0.00013761	101737	0.270544	FALSE	NA	NA	NA	NA	NA	NA
NC_045512.2	28318	T	A	101713	54862	38	1	0	34	9.82927e-06	101737	1	FALSE	NA	NA	NA	NA	NA	NA
NC_045512.2	28319	A	T	102239	54426	38	3	0	34	2.93353e-05	102266	1	FALSE	NA	NA	NA	NA	NA	NA
NC_045512.2	28319	A	G	102239	54426	38	23	7	44	0.000224904	102266	0.0175301	FALSE	NA	NA	NA	NA	NA	NA
NC_045512.2	28319	A	C	102239	54426	38	1	1	34	9.77842e-06	102266	1	FALSE	NA	NA	NA	NA	NA	NA
NC_045512.2	28320	C	T	103173	54793	38	13	6	44	0.000125982	103189	0.338794	FALSE	NA	NA	NA	NA	NA	NA
NC_045512.2	28320	C	A	103173	54793	38	3	3	34	2.90729e-05	103189	1	FALSE	NA	NA	NA	NA	NA	NA
NC_045512.2	28321	G	C	102379	53766	38	1	1	68	9.76601e-06	102396	0.499963	FALSE	NA	NA	NA	NA	NA	NA
NC_045512.2	28321	G	A	102379	53766	38	16	10	42	0.000156256	102396	0.163454	FALSE	NA	NA	NA	NA	NA	NA
NC_045512.2	28322	T	G	100398	52622	37	2	1	26	1.99185e-05	100409	1	FALSE	NA	NA	NA	NA	NA	NA
NC_045512.2	28322	T	C	100398	52622	37	9	5	38	8.96334e-05	100409	1	FALSE	NA	NA	NA	NA	NA	NA
NC_045512.2	28323	T	C	98591	50999	38	13	7	37	0.000131839	98605	1	FALSE	NA	NA	NA	NA	NA	NA
NC_045512.2	28323	T	A	98591	50999	38	1	0	34	1.01415e-05	98605	1	FALSE	NA	NA	NA	NA	NA	NA
NC_045512.2	28324	T	G	95898	52424	37	3	0	31	3.12783e-05	95913	1	FALSE	NA	NA	NA	NA	NA	NA
NC_045512.2	28324	T	C	95898	52424	37	11	8	32	0.000114687	95913	1	FALSE	NA	NA	NA	NA	NA	NA
NC_045512.2	28324	T	A	95898	52424	37	1	0	26	1.04261e-05	95913	1	FALSE	NA	NA	NA	NA	NA	NA
NC_045512.2	28325	G	T	96111	52344	37	4	3	34	4.16159e-05	96117	1	FALSE	NA	NA	NA	NA	NA	NA
NC_045512.2	28325	G	C	96111	52344	37	1	1	34	1.0404e-05	96117	1	FALSE	NA	NA	NA	NA	NA	NA
NC_045512.2	28325	G	A	96111	52344	37	1	1	34	1.0404e-05	96117	1	FALSE	NA	NA	NA	NA	NA	NA
NC_045512.2	28326	G	T	91619	53551	37	1	1	34	1.09142e-05	91624	1	FALSE	NA	NA	NA	NA	NA	NA
NC_045512.2	28326	G	C	91619	53551	37	1	1	26	1.09142e-05	91624	1	FALSE	NA	NA	NA	NA	NA	NA
NC_045512.2	28326	G	A	91619	53551	37	3	0	34	3.27425e-05	91624	1	FALSE	NA	NA	NA	NA	NA	NA
NC_045512.2	28326	G	-T	91619	53551	37	3556	0	20	0.0388108	91624	0	TRUE	NA	NA	NA	NA	NA	NA
NC_045512.2	28327	T	G	87341	52150	37	3	2	30	3.43348e-05	87375	1	FALSE	NA	NA	NA	NA	NA	NA
NC_045512.2	28327	T	C	87341	52150	37	29	26	33	0.000331903	87375	1	FALSE	NA	NA	NA	NA	NA	NA
NC_045512.2	28327	T	A	87341	52150	37	2	2	34	2.28898e-05	87375	1	FALSE	NA	NA	NA	NA	NA	NA
NC_045512.2	28327	T	-GG	87341	52150	37	5	0	20	5.49819e-05	90939	1	FALSE	NA	NA	NA	NA	NA	NA
NC_045512.2	28327	T	-G	87341	52150	37	8	0	20	8.79711e-05	90939	1	FALSE	NA	NA	NA	NA	NA	NA
NC_045512.2	28328	G	T	85830	51301	37	5	4	34	5.58865e-05	89467	1	FALSE	NA	NA	NA	NA	NA	NA
NC_045512.2	28328	G	C	85830	51301	37	3616	1040	38	0.0404171	89467	0	TRUE	NA	NA	NA	NA	NA	NA
NC_045512.2	28328	G	A	85830	51301	37	16	4	33	0.000178837	89467	1	FALSE	NA	NA	NA	NA	NA	NA
NC_045512.2	28329	G	T	91139	52440	37	1	1	34	1.09716e-05	91144	1	FALSE	NA	NA	NA	NA	NA	NA
NC_045512.2	28329	G	C	91139	52440	37	1	0	68	1.09716e-05	91144	0.499978	FALSE	NA	NA	NA	NA	NA	NA
NC_045512.2	28329	G	A	91139	52440	37	3	2	42	3.29149e-05	91144	0.980711	FALSE	NA	NA	NA	NA	NA	NA
NC_045512.2	28330	A	G	90811	52241	37	17	16	32	0.000187165	90829	1	FALSE	NA	NA	NA	NA	NA	NA
NC_045512.2	28330	A	C	90811	52241	37	1	1	34	1.10097e-05	90829	1	FALSE	NA	NA	NA	NA	NA	NA
NC_045512.2	28331	C	T	91277	52373	37	4	0	42	4.38207e-05	91281	0.953865	FALSE	NA	NA	NA	NA	NA	NA
NC_045512.2	28332	C	T	90046	52259	36	3	1	34	3.33141e-05	90052	1	FALSE	NA	NA	NA	NA	NA	NA
NC_045512.2	28332	C	G	90046	52259	36	2	0	30	2.22094e-05	90052	1	FALSE	NA	NA	NA	NA	NA	NA
NC_045512.2	28332	C	A	90046	52259	36	1	1	34	1.11047e-05	90052	1	FALSE	NA	NA	NA	NA	NA	NA
NC_045512.2	28333	C	T	90424	51871	37	11	8	37	0.000121602	90459	1	FALSE	NA	NA	NA	NA	NA	NA
NC_045512.2	28333	C	G	90424	51871	37	1	0	34	1.10547e-05	90459	1	FALSE	NA	NA	NA	NA	NA	NA
NC_045512.2	28333	C	A	90424	51871	37	23	7	35	0.000254259	90459	1	FALSE	NA	NA	NA	NA	NA	NA
NC_045512.2	28334	T	C	90204	51603	37	28	17	35	0.000310301	90235	1	FALSE	NA	NA	NA	NA	NA	NA
NC_045512.2	28334	T	A	90204	51603	37	3	1	34	3.32465e-05	90235	1	FALSE	NA	NA	NA	NA	NA	NA
NC_045512.2	28335	C	T	90255	51579	37	4	2	34	4.43154e-05	90262	1	FALSE	NA	NA	NA	NA	NA	NA
NC_045512.2	28335	C	G	90255	51579	37	1	1	26	1.10789e-05	90262	1	FALSE	NA	NA	NA	NA	NA	NA
NC_045512.2	28335	C	A	90255	51579	37	2	2	34	2.21577e-05	90262	1	FALSE	NA	NA	NA	NA	NA	NA
NC_045512.2	28336	A	T	90140	51479	37	2	2	30	2.21825e-05	90161	1	FALSE	NA	NA	NA	NA	NA	NA
NC_045512.2	28336	A	G	90140	51479	37	19	10	37	0.000210734	90161	1	FALSE	NA	NA	NA	NA	NA	NA
NC_045512.2	28337	G	T	90833	51452	37	2	0	34	2.20179e-05	90835	1	FALSE	NA	NA	NA	NA	NA	NA
NC_045512.2	28338	A	T	91307	52278	37	1	1	34	1.09515e-05	91312	1	FALSE	NA	NA	NA	NA	NA	NA
NC_045512.2	28338	A	G	91307	52278	37	4	3	34	4.38059e-05	91312	1	FALSE	NA	NA	NA	NA	NA	NA
NC_045512.2	28339	T	G	91426	52524	37	5	0	34	5.46843e-05	91434	1	FALSE	NA	NA	NA	NA	NA	NA
NC_045512.2	28339	T	C	91426	52524	37	3	1	34	3.28106e-05	91434	1	FALSE	NA	NA	NA	NA	NA	NA
NC_045512.2	28340	T	C	90529	51937	37	6	4	38	6.62727e-05	90535	1	FALSE	NA	NA	NA	NA	NA	NA
NC_045512.2	28341	C	T	90562	51813	37	4	3	34	4.41667e-05	90566	1	FALSE	NA	NA	NA	NA	NA	NA
NC_045512.2	28342	A	T	90189	51387	37	1	1	26	1.10861e-05	90203	1	FALSE	NA	NA	NA	NA	NA	NA
NC_045512.2	28342	A	G	90189	51387	37	12	6	34	0.000133033	90203	1	FALSE	NA	NA	NA	NA	NA	NA
NC_045512.2	28342	A	C	90189	51387	37	1	1	34	1.10861e-05	90203	1	FALSE	NA	NA	NA	NA	NA	NA
NC_045512.2	28343	A	T	85982	52116	36	2	2	27	2.32464e-05	86035	1	FALSE	NA	NA	NA	NA	NA	NA
NC_045512.2	28343	A	G	85982	52116	36	50	7	37	0.000581159	86035	0.999293	FALSE	NA	NA	NA	NA	NA	NA
NC_045512.2	28343	A	C	85982	52116	36	1	0	34	1.16232e-05	86035	1	FALSE	NA	NA	NA	NA	NA	NA
NC_045512.2	28344	C	T	87809	52864	37	3	2	34	3.41604e-05	87821	1	FALSE	NA	NA	NA	NA	NA	NA
NC_045512.2	28344	C	G	87809	52864	37	4	0	30	4.55472e-05	87821	1	FALSE	NA	NA	NA	NA	NA	NA
NC_045512.2	28344	C	A	87809	52864	37	5	2	34	5.6934e-05	87821	1	FALSE	NA	NA	NA	NA	NA	NA
NC_045512.2	28345	T	G	87411	52319	37	1	0	34	1.14396e-05	87416	1	FALSE	NA	NA	NA	NA	NA	NA
NC_045512.2	28345	T	C	87411	52319	37	4	2	41	4.57582e-05	87416	0.927009	FALSE	NA	NA	NA	NA	NA	NA
NC_045512.2	28346	G	T	87185	51864	37	3	2	31	3.44041e-05	87199	1	FALSE	NA	NA	NA	NA	NA	NA
NC_045512.2	28346	G	A	87185	51864	37	11	8	37	0.000126148	87199	1	FALSE	NA	NA	NA	NA	NA	NA
NC_045512.2	28347	G	T	87834	52031	37	4	4	34	4.55228e-05	87868	1	FALSE	NA	NA	NA	NA	NA	NA
NC_045512.2	28347	G	A	87834	52031	37	30	16	34	0.000341421	87868	1	FALSE	NA	NA	NA	NA	NA	NA
NC_045512.2	28348	C	T	86781	52382	37	22	7	34	0.000253442	86805	1	FALSE	NA	NA	NA	NA	NA	NA
NC_045512.2	28348	C	G	86781	52382	37	2	2	51	2.30401e-05	86805	0.249938	FALSE	NA	NA	NA	NA	NA	NA
NC_045512.2	28349	A	T	86751	52266	37	1	1	34	1.15254e-05	86765	1	FALSE	NA	NA	NA	NA	NA	NA
NC_045512.2	28349	A	G	86751	52266	37	12	8	34	0.000138305	86765	1	FALSE	NA	NA	NA	NA	NA	NA
NC_045512.2	28349	A	C	86751	52266	37	1	0	34	1.15254e-05	86765	1	FALSE	NA	NA	NA	NA	NA	NA
NC_045512.2	28350	G	T	86354	52306	37	1	1	34	1.15776e-05	86374	1	FALSE	NA	NA	NA	NA	NA	NA
NC_045512.2	28350	G	C	86354	52306	37	2	2	34	2.31551e-05	86374	1	FALSE	NA	NA	NA	NA	NA	NA
NC_045512.2	28350	G	A	86354	52306	37	17	9	33	0.000196818	86374	1	FALSE	NA	NA	NA	NA	NA	NA
NC_045512.2	28351	T	G	85422	51797	36	1	0	34	1.17058e-05	85428	1	FALSE	NA	NA	NA	NA	NA	NA
NC_045512.2	28351	T	C	85422	51797	36	5	5	34	5.85288e-05	85428	1	FALSE	NA	NA	NA	NA	NA	NA
NC_045512.2	28351	T	-AACC	85422	51797	36	2	0	20	2.34115e-05	85428	1	FALSE	NA	NA	NA	NA	NA	NA
NC_045512.2	28351	T	-A	85422	51797	36	3	0	20	3.51173e-05	85428	1	FALSE	NA	NA	NA	NA	NA	NA
NC_045512.2	28352	A	T	86460	52752	37	1	1	26	1.15656e-05	86463	1	FALSE	NA	NA	NA	NA	NA	NA
NC_045512.2	28352	A	G	86460	52752	37	2	2	34	2.31313e-05	86463	1	FALSE	NA	NA	NA	NA	NA	NA
NC_045512.2	28353	A	T	86340	52691	37	1	1	34	1.15812e-05	86347	1	FALSE	NA	NA	NA	NA	NA	NA
NC_045512.2	28353	A	G	86340	52691	37	4	2	34	4.63247e-05	86347	1	FALSE	NA	NA	NA	NA	NA	NA
NC_045512.2	28353	A	C	86340	52691	37	2	2	30	2.31624e-05	86347	1	FALSE	NA	NA	NA	NA	NA	NA
NC_045512.2	28354	C	T	85886	52951	37	2	2	34	2.32859e-05	85889	1	FALSE	NA	NA	NA	NA	NA	NA
NC_045512.2	28354	C	G	85886	52951	37	1	0	34	1.16429e-05	85889	1	FALSE	NA	NA	NA	NA	NA	NA
NC_045512.2	28355	C	T	85732	52848	37	3	2	34	3.49915e-05	85735	1	FALSE	NA	NA	NA	NA	NA	NA
NC_045512.2	28356	A	T	82596	50115	36	3	2	28	3.63157e-05	82609	1	FALSE	NA	NA	NA	NA	NA	NA
NC_045512.2	28356	A	G	82596	50115	36	9	7	37	0.000108947	82609	1	FALSE	NA	NA	NA	NA	NA	NA
NC_045512.2	28356	A	C	82596	50115	36	1	1	26	1.21052e-05	82609	1	FALSE	NA	NA	NA	NA	NA	NA
NC_045512.2	28357	G	T	83807	50976	37	1	1	34	1.19318e-05	83810	1	FALSE	NA	NA	NA	NA	NA	NA
NC_045512.2	28357	G	C	83807	50976	37	2	2	34	2.38635e-05	83810	1	FALSE	NA	NA	NA	NA	NA	NA
NC_045512.2	28358	A	G	83540	50876	37	2	2	34	2.39398e-05	83543	1	FALSE	NA	NA	NA	NA	NA	NA
NC_045512.2	28358	A	C	83540	50876	37	1	1	26	1.19699e-05	83543	1	FALSE	NA	NA	NA	NA	NA	NA
NC_045512.2	28359	A	G	83477	50807	37	7	5	34	8.38464e-05	83486	1	FALSE	NA	NA	NA	NA	NA	NA
NC_045512.2	28359	A	C	83477	50807	37	2	2	34	2.39561e-05	83486	1	FALSE	NA	NA	NA	NA	NA	NA
NC_045512.2	28359	A	-TGGAGAACG	83477	50807	37	5	0	20	5.98903e-05	83486	1	FALSE	NA	NA	NA	NA	NA	NA
NC_045512.2	28360	T	G	83388	50701	37	1	0	27	1.19916e-05	83392	1	FALSE	NA	NA	NA	NA	NA	NA
NC_045512.2	28360	T	A	83388	50701	37	3	2	31	3.59747e-05	83392	1	FALSE	NA	NA	NA	NA	NA	NA
NC_045512.2	28360	T	-GGAGAACGC	83388	50701	37	17	0	20	0.000203852	83394	1	FALSE	NA	NA	NA	NA	NA	NA
NC_045512.2	28361	G	-GAGAACGCA	80060	47517	37	59214	0	20	0.739565	80066	0	TRUE	NA	NA	NA	NA	NA	NA
NC_045512.2	28362	G	T	22197	10693	34	1	1	34	4.50491e-05	22198	1	FALSE	NA	NA	NA	NA	NA	NA
NC_045512.2	28362	G	-AGAACGCAGT	22197	10693	34	34	0	20	0.000409673	82993	1	FALSE	NA	NA	NA	NA	NA	NA
NC_045512.2	28363	A	T	2	1	30	1760	1353	34	0.997732	1764	0	TRUE	NA	NA	NA	NA	NA	NA
NC_045512.2	28363	A	G	2	1	30	2	2	34	0.00113379	1764	6.16513e-06	TRUE	NA	NA	NA	NA	NA	NA
NC_045512.2	28363	A	-GAACGCAGT	2	1	30	1	0	20	1.5975e-05	62598	0.0297015	FALSE	NA	NA	NA	NA	NA	NA
NC_045512.2	28365	A	G	0	0	0	3	0	34	1	3	1.05797e-09	TRUE	NA	NA	NA	NA	NA	NA
NC_045512.2	28370	A	T	3	0	34	2	2	34	0.0034965	572	1.03381e-05	TRUE	NA	NA	NA	NA	NA	NA
NC_045512.2	28370	A	G	3	0	34	567	20	35	0.991259	572	0	TRUE	NA	NA	NA	NA	NA	NA
NC_045512.2	28371	G	A	66656	40106	36	3	1	34	4.50052e-05	66659	1	FALSE	NA	NA	NA	NA	NA	NA
NC_045512.2	28372	T	C	66940	40538	36	1	1	34	1.49385e-05	66941	1	FALSE	NA	NA	NA	NA	NA	NA
NC_045512.2	28373	G	T	67005	40532	36	38	29	34	0.000566733	67051	0.998393	FALSE	NA	NA	NA	NA	NA	NA
NC_045512.2	28373	G	A	67005	40532	36	8	3	34	0.000119312	67051	1	FALSE	NA	NA	NA	NA	NA	NA
NC_045512.2	28374	G	T	67004	40517	36	2	2	34	2.98445e-05	67014	1	FALSE	NA	NA	NA	NA	NA	NA
NC_045512.2	28374	G	C	67004	40517	36	1	0	34	1.49223e-05	67014	1	FALSE	NA	NA	NA	NA	NA	NA
NC_045512.2	28374	G	A	67004	40517	36	7	6	38	0.000104456	67014	1	FALSE	NA	NA	NA	NA	NA	NA
NC_045512.2	28375	G	A	67242	40650	36	3	2	34	4.4613e-05	67245	1	FALSE	NA	NA	NA	NA	NA	NA
NC_045512.2	28376	G	A	67218	40634	36	5	1	40	7.43793e-05	67223	0.725603	FALSE	NA	NA	NA	NA	NA	NA
NC_045512.2	28377	C	T	66536	40723	36	17	13	34	0.000255432	66554	1	FALSE	NA	NA	NA	NA	NA	NA
NC_045512.2	28377	C	A	66536	40723	36	1	0	27	1.50254e-05	66554	1	FALSE	NA	NA	NA	NA	NA	NA
NC_045512.2	28378	G	T	67281	40683	36	1	1	34	1.4861e-05	67290	1	FALSE	NA	NA	NA	NA	NA	NA
NC_045512.2	28378	G	A	67281	40683	36	8	5	38	0.000118888	67290	1	FALSE	NA	NA	NA	NA	NA	NA
NC_045512.2	28379	C	T	67336	40843	36	10	9	34	0.00014848	67349	1	FALSE	NA	NA	NA	NA	NA	NA
NC_045512.2	28379	C	G	67336	40843	36	3	3	31	4.45441e-05	67349	1	FALSE	NA	NA	NA	NA	NA	NA
NC_045512.2	28380	G	T	68078	40781	36	3	2	34	4.40445e-05	68113	1	FALSE	NA	NA	NA	NA	NA	NA
NC_045512.2	28380	G	A	68078	40781	36	32	23	34	0.000469808	68113	0.999909	FALSE	NA	NA	NA	NA	NA	NA
NC_045512.2	28381	A	T	69026	41863	36	2	1	30	2.89704e-05	69036	1	FALSE	NA	NA	NA	NA	NA	NA
NC_045512.2	28381	A	G	69026	41863	36	8	5	34	0.000115882	69036	1	FALSE	NA	NA	NA	NA	NA	NA
NC_045512.2	28382	T	G	69029	41854	36	1	0	34	1.44858e-05	69033	1	FALSE	NA	NA	NA	NA	NA	NA
NC_045512.2	28382	T	C	69029	41854	36	3	1	45	4.34575e-05	69033	0.910163	FALSE	NA	NA	NA	NA	NA	NA
NC_045512.2	28383	C	T	69021	41936	36	3	3	35	4.34606e-05	69028	1	FALSE	NA	NA	NA	NA	NA	NA
NC_045512.2	28383	C	G	69021	41936	36	1	0	34	1.44869e-05	69028	1	FALSE	NA	NA	NA	NA	NA	NA
NC_045512.2	28383	C	A	69021	41936	36	3	3	34	4.34606e-05	69028	1	FALSE	NA	NA	NA	NA	NA	NA
NC_045512.2	28383	C	-A	69021	41936	36	13	0	20	0.000188329	69028	1	FALSE	NA	NA	NA	NA	NA	NA
NC_045512.2	28384	A	T	68603	41540	36	1	1	34	1.45739e-05	68616	1	FALSE	NA	NA	NA	NA	NA	NA
NC_045512.2	28384	A	G	68603	41540	36	10	7	37	0.000145739	68616	1	FALSE	NA	NA	NA	NA	NA	NA
NC_045512.2	28384	A	C	68603	41540	36	2	2	30	2.91477e-05	68616	1	FALSE	NA	NA	NA	NA	NA	NA
NC_045512.2	28385	A	G	69894	42048	36	4	2	34	5.72254e-05	69899	1	FALSE	NA	NA	NA	NA	NA	NA
NC_045512.2	28385	A	C	69894	42048	36	1	1	27	1.43064e-05	69899	1	FALSE	NA	NA	NA	NA	NA	NA
NC_045512.2	28386	A	T	70535	43953	36	1	1	34	1.41766e-05	70539	1	FALSE	NA	NA	NA	NA	NA	NA
NC_045512.2	28386	A	G	70535	43953	36	3	3	35	4.25297e-05	70539	1	FALSE	NA	NA	NA	NA	NA	NA
NC_045512.2	28387	A	G	70427	44076	36	6	4	34	8.51873e-05	70433	1	FALSE	NA	NA	NA	NA	NA	NA
NC_045512.2	28388	C	T	70289	44263	36	4	1	32	5.69014e-05	70297	1	FALSE	NA	NA	NA	NA	NA	NA
NC_045512.2	28388	C	G	70289	44263	36	3	0	31	4.26761e-05	70297	1	FALSE	NA	NA	NA	NA	NA	NA
NC_045512.2	28388	C	A	70289	44263	36	1	0	34	1.42254e-05	70297	1	FALSE	NA	NA	NA	NA	NA	NA
NC_045512.2	28389	A	G	67161	41130	36	7	6	34	0.000104216	67168	1	FALSE	NA	NA	NA	NA	NA	NA
NC_045512.2	28390	A	T	66870	41017	36	1	1	34	1.4953e-05	66876	1	FALSE	NA	NA	NA	NA	NA	NA
NC_045512.2	28390	A	G	66870	41017	36	5	2	34	7.47652e-05	66876	1	FALSE	NA	NA	NA	NA	NA	NA
NC_045512.2	28391	C	T	39234	14549	37	2	0	34	5.0971e-05	39238	1	FALSE	NA	NA	NA	NA	NA	NA
NC_045512.2	28391	C	G	39234	14549	37	2	0	34	5.0971e-05	39238	1	FALSE	NA	NA	NA	NA	NA	NA
NC_045512.2	28392	G	A	39237	14559	37	1	0	34	2.54855e-05	39238	1	FALSE	NA	NA	NA	NA	NA	NA
NC_045512.2	28393	T	C	39339	14767	37	1	0	26	2.54194e-05	39340	1	FALSE	NA	NA	NA	NA	NA	NA
NC_045512.2	28395	G	T	39261	14782	37	1	1	26	2.54654e-05	39269	1	FALSE	NA	NA	NA	NA	NA	NA
NC_045512.2	28395	G	A	39261	14782	37	7	1	34	0.000178258	39269	1	FALSE	NA	NA	NA	NA	NA	NA
NC_045512.2	28396	G	T	40343	15104	37	1	1	26	2.47788e-05	40357	1	FALSE	NA	NA	NA	NA	NA	NA
NC_045512.2	28396	G	A	40343	15104	37	13	5	44	0.000322125	40357	0.0245092	FALSE	NA	NA	NA	NA	NA	NA
NC_045512.2	28396	G	-C	40343	15104	37	2	0	20	4.95577e-05	40357	1	FALSE	NA	NA	NA	NA	NA	NA
NC_045512.2	28397	C	T	40686	15291	37	3	1	31	7.37264e-05	40691	1	FALSE	NA	NA	NA	NA	NA	NA
NC_045512.2	28397	C	A	40686	15291	37	2	2	34	4.91509e-05	40691	1	FALSE	NA	NA	NA	NA	NA	NA
NC_045512.2	28398	C	T	40142	15557	37	4	1	32	9.96264e-05	40150	1	FALSE	NA	NA	NA	NA	NA	NA
NC_045512.2	28398	C	G	40142	15557	37	3	0	34	7.47198e-05	40150	1	FALSE	NA	NA	NA	NA	NA	NA
NC_045512.2	28398	C	A	40142	15557	37	1	1	34	2.49066e-05	40150	1	FALSE	NA	NA	NA	NA	NA	NA
NC_045512.2	28398	C	-CCAAGGTTTA	40142	15557	37	2	0	20	4.98132e-05	40150	1	FALSE	NA	NA	NA	NA	NA	NA
NC_045512.2	28399	C	A	39999	15582	37	2	2	34	4.99988e-05	40001	1	FALSE	NA	NA	NA	NA	NA	NA
NC_045512.2	28400	C	G	40978	16786	38	1	0	26	2.44027e-05	40979	1	FALSE	NA	NA	NA	NA	NA	NA
NC_045512.2	28401	A	T	41344	17305	38	2	0	34	4.83629e-05	41354	1	FALSE	NA	NA	NA	NA	NA	NA
NC_045512.2	28401	A	G	41344	17305	38	7	2	32	0.00016927	41354	1	FALSE	NA	NA	NA	NA	NA	NA
NC_045512.2	28401	A	C	41344	17305	38	1	1	27	2.41815e-05	41354	1	FALSE	NA	NA	NA	NA	NA	NA
NC_045512.2	28402	A	G	41522	17410	38	9	0	33	0.00021669	41534	0.999999	FALSE	NA	NA	NA	NA	NA	NA
NC_045512.2	28402	A	C	41522	17410	38	3	2	31	7.223e-05	41534	1	FALSE	NA	NA	NA	NA	NA	NA
NC_045512.2	28403	G	A	42406	17427	38	2	0	34	4.71609e-05	42408	1	FALSE	NA	NA	NA	NA	NA	NA
NC_045512.2	28404	G	T	42458	17459	38	1	0	34	2.3551e-05	42461	1	FALSE	NA	NA	NA	NA	NA	NA
NC_045512.2	28404	G	A	42458	17459	38	2	2	34	4.7102e-05	42461	1	FALSE	NA	NA	NA	NA	NA	NA
NC_045512.2	28404	G	-T	42458	17459	38	1	0	20	2.35499e-05	42463	1	FALSE	NA	NA	NA	NA	NA	NA
NC_045512.2	28405	T	G	41028	16120	37	2	1	25	4.87424e-05	41032	1	FALSE	NA	NA	NA	NA	NA	NA
NC_045512.2	28405	T	C	41028	16120	37	2	2	51	4.87424e-05	41032	0.249973	FALSE	NA	NA	NA	NA	NA	NA
NC_045512.2	28406	T	C	43954	19474	38	4	3	43	9.0996e-05	43958	0.636713	FALSE	NA	NA	NA	NA	NA	NA
NC_045512.2	28407	T	G	45972	22064	39	2	0	30	4.35e-05	45977	1	FALSE	NA	NA	NA	NA	NA	NA
NC_045512.2	28407	T	C	45972	22064	39	2	1	51	4.35e-05	45977	0.249976	FALSE	NA	NA	NA	NA	NA	NA
NC_045512.2	28407	T	A	45972	22064	39	1	1	34	2.175e-05	45977	1	FALSE	NA	NA	NA	NA	NA	NA
NC_045512.2	28408	A	T	46074	22068	39	1	1	34	2.17009e-05	46081	1	FALSE	NA	NA	NA	NA	NA	NA
NC_045512.2	28408	A	G	46074	22068	39	5	0	32	0.000108505	46081	1	FALSE	NA	NA	NA	NA	NA	NA
NC_045512.2	28408	A	C	46074	22068	39	1	0	26	2.17009e-05	46081	1	FALSE	NA	NA	NA	NA	NA	NA
NC_045512.2	28409	C	T	46409	22861	39	5	4	47	0.000107724	46415	0.5	FALSE	NA	NA	NA	NA	NA	NA
NC_045512.2	28409	C	G	46409	22861	39	1	1	34	2.15448e-05	46415	1	FALSE	NA	NA	NA	NA	NA	NA
NC_045512.2	28410	C	G	46275	22846	39	1	0	60	2.16011e-05	46294	0.499908	FALSE	NA	NA	NA	NA	NA	NA
NC_045512.2	28410	C	A	46275	22846	39	18	4	33	0.000388819	46294	0.999887	FALSE	NA	NA	NA	NA	NA	NA
NC_045512.2	28411	C	A	48378	23204	39	2	1	34	4.13394e-05	48380	1	FALSE	NA	NA	NA	NA	NA	NA
NC_045512.2	28412	A	T	49199	24298	39	1	1	34	2.03215e-05	49209	1	FALSE	NA	NA	NA	NA	NA	NA
NC_045512.2	28412	A	G	49199	24298	39	6	2	44	0.000121929	49209	0.376909	FALSE	NA	NA	NA	NA	NA	NA
NC_045512.2	28412	A	C	49199	24298	39	3	2	34	6.09645e-05	49209	1	FALSE	NA	NA	NA	NA	NA	NA
NC_045512.2	28413	A	G	50569	24543	39	1	0	34	1.97746e-05	50570	1	FALSE	NA	NA	NA	NA	NA	NA
NC_045512.2	28414	T	G	50496	24582	39	1	0	34	1.9802e-05	50500	1	FALSE	NA	NA	NA	NA	NA	NA
NC_045512.2	28414	T	C	50496	24582	39	2	2	68	3.9604e-05	50500	0.249993	FALSE	NA	NA	NA	NA	NA	NA
NC_045512.2	28414	T	A	50496	24582	39	1	0	34	1.9802e-05	50500	1	FALSE	NA	NA	NA	NA	NA	NA
NC_045512.2	28414	T	-A	50496	24582	39	1	0	20	1.9802e-05	50500	1	FALSE	NA	NA	NA	NA	NA	NA
NC_045512.2	28415	A	T	51300	26523	39	5	1	32	9.74507e-05	51308	1	FALSE	NA	NA	NA	NA	NA	NA
NC_045512.2	28415	A	G	51300	26523	39	3	0	34	5.84704e-05	51308	1	FALSE	NA	NA	NA	NA	NA	NA
NC_045512.2	28416	A	T	51537	26751	39	1	0	26	1.94017e-05	51542	1	FALSE	NA	NA	NA	NA	NA	NA
NC_045512.2	28416	A	G	51537	26751	39	4	0	51	7.76066e-05	51542	0.0624964	FALSE	NA	NA	NA	NA	NA	NA
NC_045512.2	28417	T	C	52229	30059	39	5	1	34	9.57231e-05	52234	1	FALSE	NA	NA	NA	NA	NA	NA
NC_045512.2	28418	A	T	51560	30345	39	1	0	34	1.9393e-05	51565	1	FALSE	NA	NA	NA	NA	NA	NA
NC_045512.2	28418	A	G	51560	30345	39	4	2	34	7.7572e-05	51565	1	FALSE	NA	NA	NA	NA	NA	NA
NC_045512.2	28419	C	T	50899	30954	39	3	3	34	5.89333e-05	50905	1	FALSE	NA	NA	NA	NA	NA	NA
NC_045512.2	28419	C	G	50899	30954	39	3	0	27	5.89333e-05	50905	1	FALSE	NA	NA	NA	NA	NA	NA
NC_045512.2	28420	T	G	50877	30970	39	2	0	34	3.93035e-05	50886	1	FALSE	NA	NA	NA	NA	NA	NA
NC_045512.2	28420	T	C	50877	30970	39	7	4	46	0.000137562	50886	0.387187	FALSE	NA	NA	NA	NA	NA	NA
NC_045512.2	28421	G	C	50766	30733	39	1	1	26	1.96971e-05	50769	1	FALSE	NA	NA	NA	NA	NA	NA
NC_045512.2	28421	G	A	50766	30733	39	2	0	34	3.93941e-05	50769	1	FALSE	NA	NA	NA	NA	NA	NA
NC_045512.2	28422	C	T	50149	30238	39	10	6	34	0.000199366	50159	1	FALSE	NA	NA	NA	NA	NA	NA
NC_045512.2	28423	G	A	50368	30276	39	5	5	34	9.92595e-05	50373	1	FALSE	NA	NA	NA	NA	NA	NA
NC_045512.2	28424	T	C	48930	30140	37	2	1	34	4.08714e-05	48934	1	FALSE	NA	NA	NA	NA	NA	NA
NC_045512.2	28424	T	A	48930	30140	37	2	1	34	4.08714e-05	48934	1	FALSE	NA	NA	NA	NA	NA	NA
NC_045512.2	28425	C	T	49545	30898	38	2	1	34	4.03657e-05	49547	1	FALSE	NA	NA	NA	NA	NA	NA
NC_045512.2	28426	T	C	49823	31207	38	1	1	34	2.00682e-05	49830	1	FALSE	NA	NA	NA	NA	NA	NA
NC_045512.2	28426	T	A	49823	31207	38	6	6	34	0.000120409	49830	1	FALSE	NA	NA	NA	NA	NA	NA
NC_045512.2	28427	T	C	49874	31298	38	9	2	35	0.000180419	49884	1	FALSE	NA	NA	NA	NA	NA	NA
NC_045512.2	28427	T	A	49874	31298	38	1	1	34	2.00465e-05	49884	1	FALSE	NA	NA	NA	NA	NA	NA
NC_045512.2	28428	G	T	49955	31247	38	1	0	34	2.00164e-05	49959	1	FALSE	NA	NA	NA	NA	NA	NA
NC_045512.2	28428	G	C	49955	31247	38	3	3	31	6.00492e-05	49959	1	FALSE	NA	NA	NA	NA	NA	NA
NC_045512.2	28429	G	T	47836	29912	37	1	1	34	2.09021e-05	47842	1	FALSE	NA	NA	NA	NA	NA	NA
NC_045512.2	28429	G	A	47836	29912	37	5	3	34	0.000104511	47842	1	FALSE	NA	NA	NA	NA	NA	NA
NC_045512.2	28430	T	A	49226	31708	38	2	2	34	4.06273e-05	49228	1	FALSE	NA	NA	NA	NA	NA	NA
NC_045512.2	28431	T	C	49585	32232	38	1	0	34	2.01662e-05	49588	1	FALSE	NA	NA	NA	NA	NA	NA
NC_045512.2	28431	T	A	49585	32232	38	2	1	51	4.03323e-05	49588	0.249997	FALSE	NA	NA	NA	NA	NA	NA
NC_045512.2	28432	C	T	49215	32324	38	10	9	34	0.000203149	49225	1	FALSE	NA	NA	NA	NA	NA	NA
NC_045512.2	28433	A	C	48496	31767	38	1	1	34	2.06198e-05	48497	1	FALSE	NA	NA	NA	NA	NA	NA
NC_045512.2	28434	C	T	49689	34461	38	8	8	34	0.000160976	49697	1	FALSE	NA	NA	NA	NA	NA	NA
NC_045512.2	28435	C	T	49343	34338	38	11	6	34	0.000222875	49355	1	FALSE	NA	NA	NA	NA	NA	NA
NC_045512.2	28435	C	G	49343	34338	38	1	1	34	2.02614e-05	49355	1	FALSE	NA	NA	NA	NA	NA	NA
NC_045512.2	28436	G	T	49330	34144	38	1	1	34	2.02585e-05	49362	1	FALSE	NA	NA	NA	NA	NA	NA
NC_045512.2	28436	G	C	49330	34144	38	1	1	34	2.02585e-05	49362	1	FALSE	NA	NA	NA	NA	NA	NA
NC_045512.2	28436	G	A	49330	34144	38	30	18	40	0.000607755	49362	3.07139e-06	TRUE	NA	NA	NA	NA	NA	NA
NC_045512.2	28437	C	T	49097	34259	38	1	1	34	2.0367e-05	49099	1	FALSE	NA	NA	NA	NA	NA	NA
NC_045512.2	28437	C	A	49097	34259	38	1	0	34	2.0367e-05	49099	1	FALSE	NA	NA	NA	NA	NA	NA
NC_045512.2	28438	T	G	47528	32062	37	1	0	26	2.10362e-05	47537	1	FALSE	NA	NA	NA	NA	NA	NA
NC_045512.2	28438	T	C	47528	32062	37	8	5	46	0.00016829	47537	0.193832	FALSE	NA	NA	NA	NA	NA	NA
NC_045512.2	28439	C	T	50805	37284	38	3	3	34	5.90447e-05	50809	1	FALSE	NA	NA	NA	NA	NA	NA
NC_045512.2	28439	C	A	50805	37284	38	1	0	27	1.96816e-05	50809	1	FALSE	NA	NA	NA	NA	NA	NA
NC_045512.2	28440	T	G	51522	37014	38	2	0	27	3.88101e-05	51533	1	FALSE	NA	NA	NA	NA	NA	NA
NC_045512.2	28440	T	C	51522	37014	38	9	5	41	0.000174645	51533	0.211948	FALSE	NA	NA	NA	NA	NA	NA
NC_045512.2	28441	C	T	54517	40343	39	7	3	34	0.000128384	54524	1	FALSE	NA	NA	NA	NA	NA	NA
NC_045512.2	28442	A	T	54476	40422	39	1	1	26	1.8356e-05	54478	1	FALSE	NA	NA	NA	NA	NA	NA
NC_045512.2	28442	A	G	54476	40422	39	1	0	34	1.8356e-05	54478	1	FALSE	NA	NA	NA	NA	NA	NA
NC_045512.2	28443	C	A	54609	40634	39	1	1	68	1.83117e-05	54610	0.500005	FALSE	NA	NA	NA	NA	NA	NA
NC_045512.2	28444	T	C	54507	40550	39	18	11	36	0.0003301	54529	0.999996	FALSE	NA	NA	NA	NA	NA	NA
NC_045512.2	28444	T	A	54507	40550	39	4	3	59	7.33555e-05	54529	0.0624576	FALSE	NA	NA	NA	NA	NA	NA
NC_045512.2	28445	C	T	54732	40599	39	1	1	34	1.82702e-05	54734	1	FALSE	NA	NA	NA	NA	NA	NA
NC_045512.2	28445	C	A	54732	40599	39	1	0	34	1.82702e-05	54734	1	FALSE	NA	NA	NA	NA	NA	NA
NC_045512.2	28446	A	T	54143	40182	39	1	1	34	1.84676e-05	54149	1	FALSE	NA	NA	NA	NA	NA	NA
NC_045512.2	28446	A	G	54143	40182	39	4	3	32	7.38702e-05	54149	1	FALSE	NA	NA	NA	NA	NA	NA
NC_045512.2	28446	A	C	54143	40182	39	1	1	34	1.84676e-05	54149	1	FALSE	NA	NA	NA	NA	NA	NA
NC_045512.2	28447	A	T	54564	41097	38	2	2	30	3.66482e-05	54573	1	FALSE	NA	NA	NA	NA	NA	NA
NC_045512.2	28447	A	G	54564	41097	38	7	7	34	0.000128269	54573	1	FALSE	NA	NA	NA	NA	NA	NA
NC_045512.2	28448	C	T	54728	41179	39	3	3	34	5.48075e-05	54737	1	FALSE	NA	NA	NA	NA	NA	NA
NC_045512.2	28448	C	A	54728	41179	39	6	4	55	0.000109615	54737	0.0156211	FALSE	NA	NA	NA	NA	NA	NA
NC_045512.2	28449	A	G	54556	41145	39	5	2	61	9.16372e-05	54563	0.0312457	FALSE	NA	NA	NA	NA	NA	NA
NC_045512.2	28449	A	C	54556	41145	39	2	2	30	3.66549e-05	54563	1	FALSE	NA	NA	NA	NA	NA	NA
NC_045512.2	28450	T	G	54340	40888	39	2	0	51	3.68019e-05	54345	0.249988	FALSE	NA	NA	NA	NA	NA	NA
NC_045512.2	28450	T	C	54340	40888	39	3	3	45	5.52029e-05	54345	0.855472	FALSE	NA	NA	NA	NA	NA	NA
NC_045512.2	28451	G	T	54113	40739	39	1	1	34	1.84778e-05	54119	1	FALSE	NA	NA	NA	NA	NA	NA
NC_045512.2	28451	G	A	54113	40739	39	5	3	34	9.2389e-05	54119	1	FALSE	NA	NA	NA	NA	NA	NA
NC_045512.2	28452	G	A	54260	40943	39	13	8	44	0.00023953	54273	0.0481164	FALSE	NA	NA	NA	NA	NA	NA
NC_045512.2	28453	C	T	54549	41268	39	33	27	37	0.000604573	54584	0.991107	FALSE	NA	NA	NA	NA	NA	NA
NC_045512.2	28453	C	G	54549	41268	39	1	0	34	1.83204e-05	54584	1	FALSE	NA	NA	NA	NA	NA	NA
NC_045512.2	28453	C	A	54549	41268	39	1	1	34	1.83204e-05	54584	1	FALSE	NA	NA	NA	NA	NA	NA
NC_045512.2	28453	C	-A	54549	41268	39	1	0	20	1.83204e-05	54584	1	FALSE	NA	NA	NA	NA	NA	NA
NC_045512.2	28454	A	T	53808	40506	39	1	1	34	1.85805e-05	53820	1	FALSE	NA	NA	NA	NA	NA	NA
NC_045512.2	28454	A	G	53808	40506	39	10	7	34	0.000185805	53820	1	FALSE	NA	NA	NA	NA	NA	NA
NC_045512.2	28454	A	C	53808	40506	39	1	1	68	1.85805e-05	53820	0.499949	FALSE	NA	NA	NA	NA	NA	NA
NC_045512.2	28455	A	T	53840	40575	39	1	0	34	1.85708e-05	53848	1	FALSE	NA	NA	NA	NA	NA	NA
NC_045512.2	28455	A	G	53840	40575	39	5	4	34	9.2854e-05	53848	1	FALSE	NA	NA	NA	NA	NA	NA
NC_045512.2	28455	A	C	53840	40575	39	2	2	30	3.71416e-05	53848	1	FALSE	NA	NA	NA	NA	NA	NA
NC_045512.2	28456	G	T	53191	40018	39	1	1	34	1.87991e-05	53194	1	FALSE	NA	NA	NA	NA	NA	NA
NC_045512.2	28456	G	A	53191	40018	39	2	2	34	3.75982e-05	53194	1	FALSE	NA	NA	NA	NA	NA	NA
NC_045512.2	28457	G	T	53966	41475	39	3	0	34	5.55823e-05	53974	1	FALSE	NA	NA	NA	NA	NA	NA
NC_045512.2	28457	G	C	53966	41475	39	1	1	34	1.85274e-05	53974	1	FALSE	NA	NA	NA	NA	NA	NA
NC_045512.2	28457	G	A	53966	41475	39	4	1	51	7.41098e-05	53974	0.0624896	FALSE	NA	NA	NA	NA	NA	NA
NC_045512.2	28458	A	T	53973	41484	39	2	2	34	3.70521e-05	53978	1	FALSE	NA	NA	NA	NA	NA	NA
NC_045512.2	28458	A	G	53973	41484	39	3	2	56	5.55782e-05	53978	0.124993	FALSE	NA	NA	NA	NA	NA	NA
NC_045512.2	28459	A	T	53251	40785	39	2	2	34	3.7553e-05	53258	1	FALSE	NA	NA	NA	NA	NA	NA
NC_045512.2	28459	A	G	53251	40785	39	4	2	32	7.51061e-05	53258	1	FALSE	NA	NA	NA	NA	NA	NA
NC_045512.2	28459	A	C	53251	40785	39	1	1	34	1.87765e-05	53258	1	FALSE	NA	NA	NA	NA	NA	NA
NC_045512.2	28460	G	C	53202	40722	39	1	1	34	1.87956e-05	53204	1	FALSE	NA	NA	NA	NA	NA	NA
NC_045512.2	28460	G	A	53202	40722	39	1	1	34	1.87956e-05	53204	1	FALSE	NA	NA	NA	NA	NA	NA
NC_045512.2	28461	A	G	54260	42237	39	2	2	53	3.68582e-05	54262	0.250002	FALSE	NA	NA	NA	NA	NA	NA
NC_045512.2	28462	C	T	54329	42827	39	3	3	34	5.52161e-05	54332	1	FALSE	NA	NA	NA	NA	NA	NA
NC_045512.2	28463	C	T	54258	43412	38	3	3	34	5.52802e-05	54269	1	FALSE	NA	NA	NA	NA	NA	NA
NC_045512.2	28463	C	A	54258	43412	38	8	4	58	0.000147414	54269	0.00390467	TRUE	NA	NA	NA	NA	NA	NA
NC_045512.2	28463	C	-T	54258	43412	38	6	0	20	0.00011056	54269	1	FALSE	NA	NA	NA	NA	NA	NA
NC_045512.2	28464	T	G	54130	43281	38	5	5	34	9.23378e-05	54149	1	FALSE	NA	NA	NA	NA	NA	NA
NC_045512.2	28464	T	C	54130	43281	38	5	4	47	9.23378e-05	54149	0.622837	FALSE	NA	NA	NA	NA	NA	NA
NC_045512.2	28464	T	A	54130	43281	38	9	7	55	0.000166208	54149	0.00195004	TRUE	NA	NA	NA	NA	NA	NA
NC_045512.2	28465	T	C	54621	43864	38	13	7	41	0.000237934	54637	0.0481048	FALSE	NA	NA	NA	NA	NA	NA
NC_045512.2	28465	T	A	54621	43864	38	3	2	34	5.49078e-05	54637	1	FALSE	NA	NA	NA	NA	NA	NA
NC_045512.2	28465	T	+A	54621	43864	38	1	0	20	1.83026e-05	54637	1	FALSE	NA	NA	NA	NA	NA	NA
NC_045512.2	28466	A	G	54213	43458	38	2	2	34	3.68895e-05	54216	1	FALSE	NA	NA	NA	NA	NA	NA
NC_045512.2	28466	A	C	54213	43458	38	1	0	20	1.84447e-05	54216	1	FALSE	NA	NA	NA	NA	NA	NA
NC_045512.2	28467	A	T	54239	44256	38	3	3	31	5.53026e-05	54247	1	FALSE	NA	NA	NA	NA	NA	NA
NC_045512.2	28467	A	G	54239	44256	38	3	2	45	5.53026e-05	54247	0.855454	FALSE	NA	NA	NA	NA	NA	NA
NC_045512.2	28467	A	C	54239	44256	38	2	2	27	3.68684e-05	54247	1	FALSE	NA	NA	NA	NA	NA	NA
NC_045512.2	28468	A	T	54078	44697	37	1	1	34	1.84894e-05	54085	1	FALSE	NA	NA	NA	NA	NA	NA
NC_045512.2	28468	A	G	54078	44697	37	3	2	42	5.54682e-05	54085	0.85546	FALSE	NA	NA	NA	NA	NA	NA
NC_045512.2	28468	A	C	54078	44697	37	3	2	31	5.54682e-05	54085	1	FALSE	NA	NA	NA	NA	NA	NA
NC_045512.2	28469	T	C	54470	44686	38	6	4	34	0.00011014	54476	1	FALSE	NA	NA	NA	NA	NA	NA
NC_045512.2	28470	T	C	54569	44978	38	7	4	41	0.000128252	54580	0.387164	FALSE	NA	NA	NA	NA	NA	NA
NC_045512.2	28470	T	A	54569	44978	38	4	3	34	7.32869e-05	54580	1	FALSE	NA	NA	NA	NA	NA	NA
NC_045512.2	28471	C	T	53725	44547	38	1	0	34	1.86123e-05	53728	1	FALSE	NA	NA	NA	NA	NA	NA
NC_045512.2	28471	C	A	53725	44547	38	2	2	34	3.72245e-05	53728	1	FALSE	NA	NA	NA	NA	NA	NA
NC_045512.2	28472	C	T	53092	43991	37	6	5	34	0.000112996	53099	1	FALSE	NA	NA	NA	NA	NA	NA
NC_045512.2	28472	C	G	53092	43991	37	1	0	34	1.88327e-05	53099	1	FALSE	NA	NA	NA	NA	NA	NA
NC_045512.2	28473	C	A	53437	44064	38	13	13	34	0.000243218	53450	1	FALSE	NA	NA	NA	NA	NA	NA
NC_045512.2	28474	T	C	53505	44132	38	6	6	39	0.000112126	53511	1	FALSE	NA	NA	NA	NA	NA	NA
NC_045512.2	28475	C	T	55673	46792	38	5	5	34	8.97972e-05	55681	1	FALSE	NA	NA	NA	NA	NA	NA
NC_045512.2	28475	C	A	55673	46792	38	3	3	34	5.38783e-05	55681	1	FALSE	NA	NA	NA	NA	NA	NA
NC_045512.2	28476	G	C	55688	46816	38	1	1	34	1.79562e-05	55691	1	FALSE	NA	NA	NA	NA	NA	NA
NC_045512.2	28476	G	A	55688	46816	38	2	2	34	3.59124e-05	55691	1	FALSE	NA	NA	NA	NA	NA	NA
NC_045512.2	28477	A	G	56160	47313	38	4	4	42	7.122e-05	56164	0.746111	FALSE	NA	NA	NA	NA	NA	NA
NC_045512.2	28478	G	T	56200	47155	38	1	1	34	1.77911e-05	56208	1	FALSE	NA	NA	NA	NA	NA	NA
NC_045512.2	28478	G	A	56200	47155	38	7	7	34	0.000124537	56208	1	FALSE	NA	NA	NA	NA	NA	NA
NC_045512.2	28479	G	T	56525	47519	38	1	1	34	1.769e-05	56529	1	FALSE	NA	NA	NA	NA	NA	NA
NC_045512.2	28479	G	A	56525	47519	38	3	3	34	5.30701e-05	56529	1	FALSE	NA	NA	NA	NA	NA	NA
NC_045512.2	28480	A	G	56894	47989	39	1	1	34	1.75762e-05	56895	1	FALSE	NA	NA	NA	NA	NA	NA
NC_045512.2	28481	C	T	57339	49052	38	5	0	47	8.71885e-05	57347	0.623031	FALSE	NA	NA	NA	NA	NA	NA
NC_045512.2	28481	C	G	57339	49052	38	1	0	27	1.74377e-05	57347	1	FALSE	NA	NA	NA	NA	NA	NA
NC_045512.2	28481	C	A	57339	49052	38	2	2	34	3.48754e-05	57347	1	FALSE	NA	NA	NA	NA	NA	NA
NC_045512.2	28482	A	G	56493	48321	38	5	4	34	8.84987e-05	56498	1	FALSE	NA	NA	NA	NA	NA	NA
NC_045512.2	28483	A	T	56574	48381	38	1	1	26	1.76682e-05	56599	1	FALSE	NA	NA	NA	NA	NA	NA
NC_045512.2	28483	A	G	56574	48381	38	23	19	35	0.000406368	56599	0.999949	FALSE	NA	NA	NA	NA	NA	NA
NC_045512.2	28483	A	C	56574	48381	38	1	1	34	1.76682e-05	56599	1	FALSE	NA	NA	NA	NA	NA	NA
NC_045512.2	28484	G	T	56501	48341	38	15	11	45	0.000265374	56524	0.0206722	FALSE	NA	NA	NA	NA	NA	NA
NC_045512.2	28484	G	C	56501	48341	38	2	2	30	3.53832e-05	56524	1	FALSE	NA	NA	NA	NA	NA	NA
NC_045512.2	28484	G	A	56501	48341	38	6	3	51	0.00010615	56524	0.0156097	FALSE	NA	NA	NA	NA	NA	NA
NC_045512.2	28485	G	C	57050	49039	38	1	1	34	1.75266e-05	57056	1	FALSE	NA	NA	NA	NA	NA	NA
NC_045512.2	28485	G	A	57050	49039	38	5	4	36	8.76332e-05	57056	1	FALSE	NA	NA	NA	NA	NA	NA
NC_045512.2	28486	C	T	57972	50856	38	15	14	32	0.000258679	57987	1	FALSE	NA	NA	NA	NA	NA	NA
NC_045512.2	28487	G	T	55799	48659	39	1	1	27	1.79154e-05	55818	1	FALSE	NA	NA	NA	NA	NA	NA
NC_045512.2	28487	G	A	55799	48659	39	18	15	43	0.000322477	55818	0.00530713	TRUE	NA	NA	NA	NA	NA	NA
NC_045512.2	28488	T	C	56820	49826	38	3	2	34	5.27955e-05	56823	1	FALSE	NA	NA	NA	NA	NA	NA
NC_045512.2	28489	T	C	58921	52292	39	8	7	38	0.000135757	58929	1	FALSE	NA	NA	NA	NA	NA	NA
NC_045512.2	28489	T	-C	58921	52292	39	1	0	20	1.69696e-05	58929	1	FALSE	NA	NA	NA	NA	NA	NA
NC_045512.2	28490	C	T	58771	52194	39	2	0	68	3.40275e-05	58776	0.249985	FALSE	NA	NA	NA	NA	NA	NA
NC_045512.2	28490	C	G	58771	52194	39	2	0	27	3.40275e-05	58776	1	FALSE	NA	NA	NA	NA	NA	NA
NC_045512.2	28490	C	A	58771	52194	39	1	0	27	1.70137e-05	58776	1	FALSE	NA	NA	NA	NA	NA	NA
NC_045512.2	28491	C	T	58749	52212	39	3	3	45	5.10569e-05	58758	0.855449	FALSE	NA	NA	NA	NA	NA	NA
NC_045512.2	28491	C	G	58749	52212	39	3	2	45	5.10569e-05	58758	0.855449	FALSE	NA	NA	NA	NA	NA	NA
NC_045512.2	28491	C	A	58749	52212	39	3	3	31	5.10569e-05	58758	1	FALSE	NA	NA	NA	NA	NA	NA
NC_045512.2	28492	A	T	58010	51462	39	3	3	28	5.17054e-05	58021	1	FALSE	NA	NA	NA	NA	NA	NA
NC_045512.2	28492	A	G	58010	51462	39	8	6	32	0.000137881	58021	1	FALSE	NA	NA	NA	NA	NA	NA
NC_045512.2	28493	A	G	58284	51792	39	7	7	38	0.000120085	58292	1	FALSE	NA	NA	NA	NA	NA	NA
NC_045512.2	28493	A	C	58284	51792	39	1	1	34	1.7155e-05	58292	1	FALSE	NA	NA	NA	NA	NA	NA
NC_045512.2	28494	T	C	57659	51129	39	2	2	51	3.46855e-05	57661	0.250002	FALSE	NA	NA	NA	NA	NA	NA
NC_045512.2	28495	T	G	57370	50847	39	4	4	32	6.97119e-05	57379	1	FALSE	NA	NA	NA	NA	NA	NA
NC_045512.2	28495	T	C	57370	50847	39	4	4	34	6.97119e-05	57379	1	FALSE	NA	NA	NA	NA	NA	NA
NC_045512.2	28495	T	A	57370	50847	39	1	1	34	1.7428e-05	57379	1	FALSE	NA	NA	NA	NA	NA	NA
NC_045512.2	28496	A	G	57542	51045	39	4	4	34	6.9506e-05	57549	1	FALSE	NA	NA	NA	NA	NA	NA
NC_045512.2	28496	A	C	57542	51045	39	3	3	31	5.21295e-05	57549	1	FALSE	NA	NA	NA	NA	NA	NA
NC_045512.2	28497	A	T	57280	51296	38	6	6	34	0.000104734	57288	1	FALSE	NA	NA	NA	NA	NA	NA
NC_045512.2	28497	A	G	57280	51296	38	1	1	34	1.74557e-05	57288	1	FALSE	NA	NA	NA	NA	NA	NA
NC_045512.2	28497	A	C	57280	51296	38	1	1	34	1.74557e-05	57288	1	FALSE	NA	NA	NA	NA	NA	NA
NC_045512.2	28498	C	T	57342	51443	38	2	2	51	3.48766e-05	57345	0.249998	FALSE	NA	NA	NA	NA	NA	NA
NC_045512.2	28498	C	A	57342	51443	38	1	1	34	1.74383e-05	57345	1	FALSE	NA	NA	NA	NA	NA	NA
NC_045512.2	28499	A	T	57012	51104	38	1	0	24	1.75334e-05	57034	1	FALSE	NA	NA	NA	NA	NA	NA
NC_045512.2	28499	A	G	57012	51104	38	21	19	40	0.000368201	57034	0.00124561	TRUE	NA	NA	NA	NA	NA	NA
NC_045512.2	28500	C	A	57107	51201	38	7	6	43	0.000122562	57114	0.387213	FALSE	NA	NA	NA	NA	NA	NA
NC_045512.2	28501	C	T	55549	49698	38	4	4	34	7.19942e-05	55560	1	FALSE	NA	NA	NA	NA	NA	NA
NC_045512.2	28501	C	G	55549	49698	38	1	1	34	1.79986e-05	55560	1	FALSE	NA	NA	NA	NA	NA	NA
NC_045512.2	28501	C	A	55549	49698	38	6	6	39	0.000107991	55560	1	FALSE	NA	NA	NA	NA	NA	NA
NC_045512.2	28501	C	+A	55549	49698	38	1	0	20	1.79986e-05	55560	1	FALSE	NA	NA	NA	NA	NA	NA
NC_045512.2	28502	A	T	54766	48911	38	4	4	34	7.3018e-05	54781	1	FALSE	NA	NA	NA	NA	NA	NA
NC_045512.2	28502	A	G	54766	48911	38	9	7	36	0.000164291	54781	1	FALSE	NA	NA	NA	NA	NA	NA
NC_045512.2	28502	A	C	54766	48911	38	2	2	30	3.6509e-05	54781	1	FALSE	NA	NA	NA	NA	NA	NA
NC_045512.2	28503	A	G	54719	48979	38	2	2	34	3.65484e-05	54722	1	FALSE	NA	NA	NA	NA	NA	NA
NC_045512.2	28503	A	C	54719	48979	38	1	1	34	1.82742e-05	54722	1	FALSE	NA	NA	NA	NA	NA	NA
NC_045512.2	28504	T	C	54200	48869	38	4	4	34	7.37898e-05	54208	1	FALSE	NA	NA	NA	NA	NA	NA
NC_045512.2	28504	T	A	54200	48869	38	4	3	68	7.37898e-05	54208	0.0624896	FALSE	NA	NA	NA	NA	NA	NA
NC_045512.2	28505	A	T	54423	49139	38	3	2	26	5.51116e-05	54435	1	FALSE	NA	NA	NA	NA	NA	NA
NC_045512.2	28505	A	G	54423	49139	38	7	6	53	0.000128594	54435	0.00780898	TRUE	NA	NA	NA	NA	NA	NA
NC_045512.2	28505	A	C	54423	49139	38	2	2	34	3.67411e-05	54435	1	FALSE	NA	NA	NA	NA	NA	NA
NC_045512.2	28506	G	T	54265	48942	38	2	2	34	3.68514e-05	54272	1	FALSE	NA	NA	NA	NA	NA	NA
NC_045512.2	28506	G	C	54265	48942	38	2	2	26	3.68514e-05	54272	1	FALSE	NA	NA	NA	NA	NA	NA
NC_045512.2	28506	G	A	54265	48942	38	3	3	34	5.52771e-05	54272	1	FALSE	NA	NA	NA	NA	NA	NA
NC_045512.2	28507	C	T	52179	46939	38	1	1	34	1.91633e-05	52183	1	FALSE	NA	NA	NA	NA	NA	NA
NC_045512.2	28507	C	G	52179	46939	38	1	1	68	1.91633e-05	52183	0.49999	FALSE	NA	NA	NA	NA	NA	NA
NC_045512.2	28507	C	A	52179	46939	38	2	0	34	3.83267e-05	52183	1	FALSE	NA	NA	NA	NA	NA	NA
NC_045512.2	28508	A	G	48879	43708	38	14	13	40	0.00028634	48893	0.015436	FALSE	NA	NA	NA	NA	NA	NA
NC_045512.2	28509	G	A	48881	43795	38	2	2	34	4.0914e-05	48883	1	FALSE	NA	NA	NA	NA	NA	NA
NC_045512.2	28510	T	C	47966	43140	38	5	5	31	0.000104204	47983	1	FALSE	NA	NA	NA	NA	NA	NA
NC_045512.2	28510	T	A	47966	43140	38	12	11	33	0.000250089	47983	0.999999	FALSE	NA	NA	NA	NA	NA	NA
NC_045512.2	28511	C	G	47497	44027	37	2	2	30	4.21026e-05	47503	1	FALSE	NA	NA	NA	NA	NA	NA
NC_045512.2	28511	C	A	47497	44027	37	4	4	34	8.42052e-05	47503	1	FALSE	NA	NA	NA	NA	NA	NA
NC_045512.2	28512	C	T	47395	43960	37	5	5	34	0.000105483	47401	1	FALSE	NA	NA	NA	NA	NA	NA
NC_045512.2	28512	C	G	47395	43960	37	1	0	27	2.10966e-05	47401	1	FALSE	NA	NA	NA	NA	NA	NA
NC_045512.2	28513	A	T	45874	42464	37	3	3	34	6.53837e-05	45883	1	FALSE	NA	NA	NA	NA	NA	NA
NC_045512.2	28513	A	G	45874	42464	37	4	4	34	8.71783e-05	45883	1	FALSE	NA	NA	NA	NA	NA	NA
NC_045512.2	28513	A	C	45874	42464	37	2	2	34	4.35891e-05	45883	1	FALSE	NA	NA	NA	NA	NA	NA
NC_045512.2	28514	G	T	45562	42812	36	2	2	34	4.38943e-05	45564	1	FALSE	NA	NA	NA	NA	NA	NA
NC_045512.2	28515	A	G	45411	42680	36	3	3	34	6.60589e-05	45414	1	FALSE	NA	NA	NA	NA	NA	NA
NC_045512.2	28516	T	C	43272	40553	36	3	3	34	6.93241e-05	43275	1	FALSE	NA	NA	NA	NA	NA	NA
NC_045512.2	28517	G	T	43160	40517	36	1	1	26	2.31648e-05	43169	1	FALSE	NA	NA	NA	NA	NA	NA
NC_045512.2	28517	G	C	43160	40517	36	3	3	31	6.94943e-05	43169	1	FALSE	NA	NA	NA	NA	NA	NA
NC_045512.2	28517	G	A	43160	40517	36	5	5	40	0.000115824	43169	0.499957	FALSE	NA	NA	NA	NA	NA	NA
NC_045512.2	28518	A	T	39583	36983	36	1	1	34	2.525e-05	39604	1	FALSE	NA	NA	NA	NA	NA	NA
NC_045512.2	28518	A	G	39583	36983	36	18	17	35	0.0004545	39604	0.998404	FALSE	NA	NA	NA	NA	NA	NA
NC_045512.2	28518	A	C	39583	36983	36	2	2	34	5.04999e-05	39604	1	FALSE	NA	NA	NA	NA	NA	NA
NC_045512.2	28519	C	T	39556	36970	36	4	4	34	0.00010111	39561	1	FALSE	NA	NA	NA	NA	NA	NA
NC_045512.2	28519	C	G	39556	36970	36	1	1	34	2.52774e-05	39561	1	FALSE	NA	NA	NA	NA	NA	NA
NC_045512.2	28520	C	T	39277	36695	36	2	2	51	5.09178e-05	39279	0.250003	FALSE	NA	NA	NA	NA	NA	NA
NC_045512.2	28521	A	G	38954	36372	36	5	5	34	0.00012834	38959	1	FALSE	NA	NA	NA	NA	NA	NA
NC_045512.2	28522	A	G	38926	36464	36	2	2	34	5.13769e-05	38928	1	FALSE	NA	NA	NA	NA	NA	NA
NC_045512.2	28523	A	G	38807	36325	36	2	2	34	5.15318e-05	38811	1	FALSE	NA	NA	NA	NA	NA	NA
NC_045512.2	28523	A	C	38807	36325	36	2	2	26	5.15318e-05	38811	1	FALSE	NA	NA	NA	NA	NA	NA
NC_045512.2	28524	T	C	38412	35995	36	3	3	34	7.80945e-05	38415	1	FALSE	NA	NA	NA	NA	NA	NA
NC_045512.2	28525	T	C	38479	36186	36	7	7	34	0.000181884	38486	1	FALSE	NA	NA	NA	NA	NA	NA
NC_045512.2	28526	G	C	38465	36159	36	1	1	34	2.59963e-05	38467	1	FALSE	NA	NA	NA	NA	NA	NA
NC_045512.2	28526	G	A	38465	36159	36	1	1	34	2.59963e-05	38467	1	FALSE	NA	NA	NA	NA	NA	NA
NC_045512.2	28527	G	T	37962	35705	36	2	1	34	5.26746e-05	37969	1	FALSE	NA	NA	NA	NA	NA	NA
NC_045512.2	28527	G	C	37962	35705	36	1	1	34	2.63373e-05	37969	1	FALSE	NA	NA	NA	NA	NA	NA
NC_045512.2	28527	G	A	37962	35705	36	4	3	34	0.000105349	37969	1	FALSE	NA	NA	NA	NA	NA	NA
NC_045512.2	28528	C	T	37879	35767	36	5	5	34	0.000131982	37884	1	FALSE	NA	NA	NA	NA	NA	NA
NC_045512.2	28529	T	C	37682	35572	36	5	5	32	0.000132672	37687	1	FALSE	NA	NA	NA	NA	NA	NA
NC_045512.2	28530	A	T	37162	35064	36	2	1	30	5.38141e-05	37165	1	FALSE	NA	NA	NA	NA	NA	NA
NC_045512.2	28530	A	G	37162	35064	36	1	1	34	2.6907e-05	37165	1	FALSE	NA	NA	NA	NA	NA	NA
NC_045512.2	28532	T	C	36693	34677	36	2	2	34	5.45033e-05	36695	1	FALSE	NA	NA	NA	NA	NA	NA
NC_045512.2	28533	A	T	36685	34664	36	1	1	34	2.72576e-05	36687	1	FALSE	NA	NA	NA	NA	NA	NA
NC_045512.2	28533	A	G	36685	34664	36	1	1	34	2.72576e-05	36687	1	FALSE	NA	NA	NA	NA	NA	NA
NC_045512.2	28534	C	T	36728	34741	36	1	1	34	2.72257e-05	36730	1	FALSE	NA	NA	NA	NA	NA	NA
NC_045512.2	28534	C	A	36728	34741	36	1	1	26	2.72257e-05	36730	1	FALSE	NA	NA	NA	NA	NA	NA
NC_045512.2	28535	C	T	33881	31941	36	3	3	34	8.85374e-05	33884	1	FALSE	NA	NA	NA	NA	NA	NA
NC_045512.2	28536	G	T	33809	31876	36	1	1	34	2.95727e-05	33815	1	FALSE	NA	NA	NA	NA	NA	NA
NC_045512.2	28536	G	C	33809	31876	36	4	4	34	0.000118291	33815	1	FALSE	NA	NA	NA	NA	NA	NA
NC_045512.2	28536	G	A	33809	31876	36	1	1	34	2.95727e-05	33815	1	FALSE	NA	NA	NA	NA	NA	NA
NC_045512.2	28536	G	-A	33809	31876	36	2	0	20	5.91453e-05	33815	1	FALSE	NA	NA	NA	NA	NA	NA
NC_045512.2	28537	A	T	33574	31856	35	1	1	68	2.97761e-05	33584	0.499926	FALSE	NA	NA	NA	NA	NA	NA
NC_045512.2	28537	A	G	33574	31856	35	9	9	34	0.000267985	33584	0.999966	FALSE	NA	NA	NA	NA	NA	NA
NC_045512.2	28538	A	G	33391	32063	35	2	2	34	5.98892e-05	33395	1	FALSE	NA	NA	NA	NA	NA	NA
NC_045512.2	28538	A	C	33391	32063	35	2	1	27	5.98892e-05	33395	1	FALSE	NA	NA	NA	NA	NA	NA
NC_045512.2	28539	G	T	33455	31742	36	3	3	34	8.96593e-05	33460	1	FALSE	NA	NA	NA	NA	NA	NA
NC_045512.2	28539	G	C	33455	31742	36	1	1	26	2.98864e-05	33460	1	FALSE	NA	NA	NA	NA	NA	NA
NC_045512.2	28539	G	A	33455	31742	36	1	1	34	2.98864e-05	33460	1	FALSE	NA	NA	NA	NA	NA	NA
NC_045512.2	28540	A	T	29815	28226	36	1	1	26	3.3539e-05	29816	1	FALSE	NA	NA	NA	NA	NA	NA
NC_045512.2	28541	G	A	72335	28755	34	5	3	34	6.91181e-05	72340	1	FALSE	NA	NA	NA	NA	NA	NA
NC_045512.2	28542	C	T	69624	25423	34	5	3	34	7.18071e-05	69631	1	FALSE	NA	NA	NA	NA	NA	NA
NC_045512.2	28542	C	G	69624	25423	34	2	0	34	2.87228e-05	69631	1	FALSE	NA	NA	NA	NA	NA	NA
NC_045512.2	28543	T	G	69496	25093	34	4	0	34	5.75399e-05	69517	1	FALSE	NA	NA	NA	NA	NA	NA
NC_045512.2	28543	T	C	69496	25093	34	15	9	34	0.000215775	69517	1	FALSE	NA	NA	NA	NA	NA	NA
NC_045512.2	28543	T	A	69496	25093	34	2	1	34	2.87699e-05	69517	1	FALSE	NA	NA	NA	NA	NA	NA
NC_045512.2	28544	A	G	69533	26153	35	8	5	38	0.000115037	69543	1	FALSE	NA	NA	NA	NA	NA	NA
NC_045512.2	28544	A	C	69533	26153	35	2	0	34	2.87592e-05	69543	1	FALSE	NA	NA	NA	NA	NA	NA
NC_045512.2	28545	C	T	69952	26224	35	3	1	45	4.2881e-05	69961	0.910146	FALSE	NA	NA	NA	NA	NA	NA
NC_045512.2	28545	C	G	69952	26224	35	1	0	34	1.42937e-05	69961	1	FALSE	NA	NA	NA	NA	NA	NA
NC_045512.2	28545	C	A	69952	26224	35	5	2	34	7.14684e-05	69961	1	FALSE	NA	NA	NA	NA	NA	NA
NC_045512.2	28546	C	T	69547	26076	35	6	2	34	8.62627e-05	69555	1	FALSE	NA	NA	NA	NA	NA	NA
NC_045512.2	28546	C	G	69547	26076	35	1	0	26	1.43771e-05	69555	1	FALSE	NA	NA	NA	NA	NA	NA
NC_045512.2	28546	C	A	69547	26076	35	1	1	26	1.43771e-05	69555	1	FALSE	NA	NA	NA	NA	NA	NA
NC_045512.2	28547	A	T	68521	25514	35	1	0	34	1.45932e-05	68525	1	FALSE	NA	NA	NA	NA	NA	NA
NC_045512.2	28547	A	G	68521	25514	35	2	1	34	2.91864e-05	68525	1	FALSE	NA	NA	NA	NA	NA	NA
NC_045512.2	28547	A	C	68521	25514	35	1	0	34	1.45932e-05	68525	1	FALSE	NA	NA	NA	NA	NA	NA
NC_045512.2	28548	G	A	70085	24743	35	1	0	34	1.42682e-05	70086	1	FALSE	NA	NA	NA	NA	NA	NA
NC_045512.2	28549	A	T	52888	24755	34	6	0	26	0.000113422	52900	1	FALSE	NA	NA	NA	NA	NA	NA
NC_045512.2	28549	A	G	52888	24755	34	6	1	39	0.000113422	52900	1	FALSE	NA	NA	NA	NA	NA	NA
NC_045512.2	28550	C	T	69305	23990	35	3	1	34	4.32819e-05	69313	1	FALSE	NA	NA	NA	NA	NA	NA
NC_045512.2	28550	C	G	69305	23990	35	1	1	26	1.44273e-05	69313	1	FALSE	NA	NA	NA	NA	NA	NA
NC_045512.2	28550	C	A	69305	23990	35	4	2	34	5.77092e-05	69313	1	FALSE	NA	NA	NA	NA	NA	NA
NC_045512.2	28551	G	A	68477	23231	35	7	4	38	0.000102214	68484	1	FALSE	NA	NA	NA	NA	NA	NA
NC_045512.2	28552	A	T	70289	23159	35	2	2	34	2.84507e-05	70297	1	FALSE	NA	NA	NA	NA	NA	NA
NC_045512.2	28552	A	G	70289	23159	35	5	0	34	7.11268e-05	70297	1	FALSE	NA	NA	NA	NA	NA	NA
NC_045512.2	28552	A	C	70289	23159	35	1	0	34	1.42254e-05	70297	1	FALSE	NA	NA	NA	NA	NA	NA
NC_045512.2	28553	A	G	70200	23105	35	2	1	34	2.84884e-05	70204	1	FALSE	NA	NA	NA	NA	NA	NA
NC_045512.2	28553	A	C	70200	23105	35	2	2	34	2.84884e-05	70204	1	FALSE	NA	NA	NA	NA	NA	NA
NC_045512.2	28554	T	C	69413	22287	35	8	3	33	0.000115236	69423	1	FALSE	NA	NA	NA	NA	NA	NA
NC_045512.2	28554	T	A	69413	22287	35	2	0	34	2.88089e-05	69423	1	FALSE	NA	NA	NA	NA	NA	NA
NC_045512.2	28555	T	C	70441	23011	35	11	2	37	0.00015613	70454	1	FALSE	NA	NA	NA	NA	NA	NA
NC_045512.2	28555	T	A	70441	23011	35	2	2	34	2.83873e-05	70454	1	FALSE	NA	NA	NA	NA	NA	NA
NC_045512.2	28556	C	T	70454	22848	35	9	1	32	0.000127714	70470	1	FALSE	NA	NA	NA	NA	NA	NA
NC_045512.2	28556	C	G	70454	22848	35	7	0	30	9.9333e-05	70470	1	FALSE	NA	NA	NA	NA	NA	NA
NC_045512.2	28557	G	T	69626	21590	35	2	0	34	2.87228e-05	69631	1	FALSE	NA	NA	NA	NA	NA	NA
NC_045512.2	28557	G	C	69626	21590	35	1	1	34	1.43614e-05	69631	1	FALSE	NA	NA	NA	NA	NA	NA
NC_045512.2	28557	G	A	69626	21590	35	2	0	34	2.87228e-05	69631	1	FALSE	NA	NA	NA	NA	NA	NA
NC_045512.2	28558	T	G	69611	21754	35	1	0	34	1.43596e-05	69640	1	FALSE	NA	NA	NA	NA	NA	NA
NC_045512.2	28558	T	C	69611	21754	35	27	5	33	0.000387708	69640	0.999996	FALSE	NA	NA	NA	NA	NA	NA
NC_045512.2	28558	T	A	69611	21754	35	1	0	34	1.43596e-05	69640	1	FALSE	NA	NA	NA	NA	NA	NA
NC_045512.2	28558	T	-G	69611	21754	35	2	0	20	2.87191e-05	69640	1	FALSE	NA	NA	NA	NA	NA	NA
NC_045512.2	28559	G	T	69863	21730	35	1	0	34	1.43111e-05	69876	1	FALSE	NA	NA	NA	NA	NA	NA
NC_045512.2	28559	G	C	69863	21730	35	1	1	26	1.43111e-05	69876	1	FALSE	NA	NA	NA	NA	NA	NA
NC_045512.2	28559	G	A	69863	21730	35	11	1	34	0.000157422	69876	1	FALSE	NA	NA	NA	NA	NA	NA
NC_045512.2	28560	G	T	70072	21705	35	6	5	38	8.56054e-05	70089	1	FALSE	NA	NA	NA	NA	NA	NA
NC_045512.2	28560	G	C	70072	21705	35	2	2	30	2.85351e-05	70089	1	FALSE	NA	NA	NA	NA	NA	NA
NC_045512.2	28560	G	A	70072	21705	35	9	4	60	0.000128408	70089	0.00195175	TRUE	NA	NA	NA	NA	NA	NA
NC_045512.2	28561	T	C	67959	19649	35	9	2	34	0.000132415	67968	1	FALSE	NA	NA	NA	NA	NA	NA
NC_045512.2	28561	T	-G	67959	19649	35	2	0	20	2.94256e-05	67968	1	FALSE	NA	NA	NA	NA	NA	NA
NC_045512.2	28562	G	A	68839	19469	35	1	0	34	1.45264e-05	68840	1	FALSE	NA	NA	NA	NA	NA	NA
NC_045512.2	28563	G	A	68799	19537	35	5	0	54	7.26702e-05	68804	0.0312489	FALSE	NA	NA	NA	NA	NA	NA
NC_045512.2	28564	T	G	68276	19092	35	1	0	34	1.46447e-05	68284	1	FALSE	NA	NA	NA	NA	NA	NA
NC_045512.2	28564	T	C	68276	19092	35	6	1	34	8.78683e-05	68284	1	FALSE	NA	NA	NA	NA	NA	NA
NC_045512.2	28564	T	A	68276	19092	35	1	0	34	1.46447e-05	68284	1	FALSE	NA	NA	NA	NA	NA	NA
NC_045512.2	28564	T	-GA	68276	19092	35	1	0	20	1.46447e-05	68284	1	FALSE	NA	NA	NA	NA	NA	NA
NC_045512.2	28565	G	T	68222	18956	35	1	1	26	1.46576e-05	68224	1	FALSE	NA	NA	NA	NA	NA	NA
NC_045512.2	28565	G	A	68222	18956	35	1	0	34	1.46576e-05	68224	1	FALSE	NA	NA	NA	NA	NA	NA
NC_045512.2	28566	A	T	67447	18340	35	1	1	34	1.48207e-05	67473	1	FALSE	NA	NA	NA	NA	NA	NA
NC_045512.2	28566	A	G	67447	18340	35	25	6	33	0.000370519	67473	0.999998	FALSE	NA	NA	NA	NA	NA	NA
NC_045512.2	28567	C	T	68898	18553	36	22	10	34	0.000319206	68921	1	FALSE	NA	NA	NA	NA	NA	NA
NC_045512.2	28567	C	A	68898	18553	36	1	1	34	1.45094e-05	68921	1	FALSE	NA	NA	NA	NA	NA	NA
NC_045512.2	28568	G	A	68690	18266	36	8	3	34	0.000116452	68698	1	FALSE	NA	NA	NA	NA	NA	NA
NC_045512.2	28569	G	A	53384	3129	36	5	0	34	9.36523e-05	53389	1	FALSE	NA	NA	NA	NA	NA	NA
NC_045512.2	28569	G	-T	53384	3129	36	1	0	20	1.87305e-05	53389	1	FALSE	NA	NA	NA	NA	NA	NA
NC_045512.2	28570	T	C	53380	3397	36	6	0	34	0.000112389	53386	1	FALSE	NA	NA	NA	NA	NA	NA
NC_045512.2	28570	T	-A	53380	3397	36	1	0	20	1.87312e-05	53387	1	FALSE	NA	NA	NA	NA	NA	NA
NC_045512.2	28570	T	+A	53380	3397	36	5	0	20	9.36558e-05	53387	1	FALSE	NA	NA	NA	NA	NA	NA
NC_045512.2	28571	A	T	53601	3606	36	3	0	34	5.59597e-05	53610	1	FALSE	NA	NA	NA	NA	NA	NA
NC_045512.2	28571	A	G	53601	3606	36	6	0	34	0.000111919	53610	1	FALSE	NA	NA	NA	NA	NA	NA
NC_045512.2	28572	A	G	53795	3640	37	4	1	34	7.43508e-05	53799	1	FALSE	NA	NA	NA	NA	NA	NA
NC_045512.2	28573	A	G	36010	3666	33	3	0	34	8.33033e-05	36013	1	FALSE	NA	NA	NA	NA	NA	NA
NC_045512.2	28574	A	G	54378	3671	37	1	0	34	1.83895e-05	54379	1	FALSE	NA	NA	NA	NA	NA	NA
NC_045512.2	28575	T	C	54509	3678	37	4	0	34	7.3377e-05	54513	1	FALSE	NA	NA	NA	NA	NA	NA
NC_045512.2	28576	G	T	54628	3676	36	1	0	34	1.83043e-05	54632	1	FALSE	NA	NA	NA	NA	NA	NA
NC_045512.2	28576	G	C	54628	3676	36	1	0	34	1.83043e-05	54632	1	FALSE	NA	NA	NA	NA	NA	NA
NC_045512.2	28576	G	A	54628	3676	36	2	0	34	3.66086e-05	54632	1	FALSE	NA	NA	NA	NA	NA	NA
NC_045512.2	28576	G	-A	54628	3676	36	1	0	20	1.83043e-05	54632	1	FALSE	NA	NA	NA	NA	NA	NA
NC_045512.2	28577	A	G	54832	4110	37	9	3	49	0.000164111	54841	0.21196	FALSE	NA	NA	NA	NA	NA	NA
NC_045512.2	28578	A	G	54925	4136	37	1	0	34	1.82063e-05	54926	1	FALSE	NA	NA	NA	NA	NA	NA
NC_045512.2	28579	A	T	55020	4143	37	1	0	34	1.81703e-05	55035	1	FALSE	NA	NA	NA	NA	NA	NA
NC_045512.2	28579	A	G	55020	4143	37	8	0	34	0.000145362	55035	1	FALSE	NA	NA	NA	NA	NA	NA
NC_045512.2	28579	A	C	55020	4143	37	6	1	34	0.000109022	55035	1	FALSE	NA	NA	NA	NA	NA	NA
NC_045512.2	28580	G	T	55225	4136	37	3	0	34	5.43173e-05	55231	1	FALSE	NA	NA	NA	NA	NA	NA
NC_045512.2	28580	G	A	55225	4136	37	3	0	34	5.43173e-05	55231	1	FALSE	NA	NA	NA	NA	NA	NA
NC_045512.2	28581	A	G	55546	4274	37	3	0	31	5.40064e-05	55549	1	FALSE	NA	NA	NA	NA	NA	NA
NC_045512.2	28582	T	G	56550	4236	37	1	0	34	1.76807e-05	56559	1	FALSE	NA	NA	NA	NA	NA	NA
NC_045512.2	28582	T	C	56550	4236	37	6	1	38	0.000106084	56559	1	FALSE	NA	NA	NA	NA	NA	NA
NC_045512.2	28582	T	A	56550	4236	37	2	0	34	3.53613e-05	56559	1	FALSE	NA	NA	NA	NA	NA	NA
NC_045512.2	28583	C	T	56669	4549	37	4	0	34	7.05766e-05	56676	1	FALSE	NA	NA	NA	NA	NA	NA
NC_045512.2	28583	C	G	56669	4549	37	1	0	34	1.76442e-05	56676	1	FALSE	NA	NA	NA	NA	NA	NA
NC_045512.2	28583	C	A	56669	4549	37	2	0	34	3.52883e-05	56676	1	FALSE	NA	NA	NA	NA	NA	NA
NC_045512.2	28584	T	G	56698	4586	37	1	0	26	1.7633e-05	56712	1	FALSE	NA	NA	NA	NA	NA	NA
NC_045512.2	28584	T	C	56698	4586	37	10	1	40	0.00017633	56712	0.150839	FALSE	NA	NA	NA	NA	NA	NA
NC_045512.2	28584	T	A	56698	4586	37	3	0	35	5.28989e-05	56712	1	FALSE	NA	NA	NA	NA	NA	NA
NC_045512.2	28585	C	T	57196	4584	37	3	1	35	5.24466e-05	57201	1	FALSE	NA	NA	NA	NA	NA	NA
NC_045512.2	28585	C	A	57196	4584	37	2	0	30	3.49644e-05	57201	1	FALSE	NA	NA	NA	NA	NA	NA
NC_045512.2	28586	A	G	57129	4591	37	7	0	34	0.000122513	57137	1	FALSE	NA	NA	NA	NA	NA	NA
NC_045512.2	28586	A	C	57129	4591	37	1	0	34	1.75018e-05	57137	1	FALSE	NA	NA	NA	NA	NA	NA
NC_045512.2	28587	G	A	63151	4692	37	1	0	34	1.58348e-05	63152	1	FALSE	NA	NA	NA	NA	NA	NA
NC_045512.2	28588	T	C	63116	5194	38	5	1	43	7.92079e-05	63125	0.725568	FALSE	NA	NA	NA	NA	NA	NA
NC_045512.2	28588	T	A	63116	5194	38	4	0	38	6.33663e-05	63125	1	FALSE	NA	NA	NA	NA	NA	NA
NC_045512.2	28589	C	T	63385	5200	38	2	0	51	3.15502e-05	63391	0.249986	FALSE	NA	NA	NA	NA	NA	NA
NC_045512.2	28589	C	G	63385	5200	38	1	0	34	1.57751e-05	63391	1	FALSE	NA	NA	NA	NA	NA	NA
NC_045512.2	28589	C	A	63385	5200	38	3	0	31	4.73253e-05	63391	1	FALSE	NA	NA	NA	NA	NA	NA
NC_045512.2	28590	C	T	63242	5217	38	1	0	68	1.58113e-05	63246	0.499992	FALSE	NA	NA	NA	NA	NA	NA
NC_045512.2	28590	C	G	63242	5217	38	1	0	26	1.58113e-05	63246	1	FALSE	NA	NA	NA	NA	NA	NA
NC_045512.2	28590	C	A	63242	5217	38	2	0	30	3.16226e-05	63246	1	FALSE	NA	NA	NA	NA	NA	NA
NC_045512.2	28591	A	T	63391	5214	38	2	0	34	3.15477e-05	63396	1	FALSE	NA	NA	NA	NA	NA	NA
NC_045512.2	28591	A	G	63391	5214	38	3	0	34	4.73216e-05	63396	1	FALSE	NA	NA	NA	NA	NA	NA
NC_045512.2	28592	A	T	63898	5228	37	5	0	34	7.82338e-05	63911	1	FALSE	NA	NA	NA	NA	NA	NA
NC_045512.2	28592	A	G	63898	5228	37	8	1	33	0.000125174	63911	1	FALSE	NA	NA	NA	NA	NA	NA
NC_045512.2	28593	G	T	64512	5234	38	1	0	34	1.54998e-05	64517	1	FALSE	NA	NA	NA	NA	NA	NA
NC_045512.2	28593	G	A	64512	5234	38	4	0	34	6.19992e-05	64517	1	FALSE	NA	NA	NA	NA	NA	NA
NC_045512.2	28594	A	T	62006	6279	37	4	0	32	6.44808e-05	62034	1	FALSE	NA	NA	NA	NA	NA	NA
NC_045512.2	28594	A	G	62006	6279	37	24	2	34	0.000386885	62034	0.999991	FALSE	NA	NA	NA	NA	NA	NA
NC_045512.2	28595	T	G	66296	6507	39	18	0	33	0.000271403	66322	1	FALSE	NA	NA	NA	NA	NA	NA
NC_045512.2	28595	T	C	66296	6507	39	3	0	30	4.52339e-05	66322	1	FALSE	NA	NA	NA	NA	NA	NA
NC_045512.2	28595	T	A	66296	6507	39	5	0	30	7.53898e-05	66322	1	FALSE	NA	NA	NA	NA	NA	NA
NC_045512.2	28596	G	T	70268	6533	38	5	0	34	7.11308e-05	70293	1	FALSE	NA	NA	NA	NA	NA	NA
NC_045512.2	28596	G	A	70268	6533	38	20	4	42	0.000284523	70293	0.00956924	TRUE	NA	NA	NA	NA	NA	NA
NC_045512.2	28597	G	T	75888	6634	38	2	0	34	2.63525e-05	75894	1	FALSE	NA	NA	NA	NA	NA	NA
NC_045512.2	28597	G	C	75888	6634	38	1	0	34	1.31763e-05	75894	1	FALSE	NA	NA	NA	NA	NA	NA
NC_045512.2	28597	G	A	75888	6634	38	3	0	34	3.95288e-05	75894	1	FALSE	NA	NA	NA	NA	NA	NA
NC_045512.2	28598	T	C	75845	6807	38	15	3	38	0.000197733	75860	1	FALSE	NA	NA	NA	NA	NA	NA
NC_045512.2	28599	A	T	76051	6847	38	4	0	32	5.25866e-05	76065	1	FALSE	NA	NA	NA	NA	NA	NA
NC_045512.2	28599	A	G	76051	6847	38	10	1	36	0.000131467	76065	1	FALSE	NA	NA	NA	NA	NA	NA
NC_045512.2	28599	A	-T	76051	6847	38	1	0	20	1.31467e-05	76065	1	FALSE	NA	NA	NA	NA	NA	NA
NC_045512.2	28599	A	+T	76051	6847	38	1	0	20	1.31467e-05	76065	1	FALSE	NA	NA	NA	NA	NA	NA
NC_045512.2	28600	T	G	76167	6847	38	2	0	30	2.6256e-05	76173	1	FALSE	NA	NA	NA	NA	NA	NA
NC_045512.2	28600	T	C	76167	6847	38	3	0	34	3.9384e-05	76173	1	FALSE	NA	NA	NA	NA	NA	NA
NC_045512.2	28600	T	A	76167	6847	38	1	0	34	1.3128e-05	76173	1	FALSE	NA	NA	NA	NA	NA	NA
NC_045512.2	28601	T	C	77382	6884	38	9	1	33	0.000116291	77392	1	FALSE	NA	NA	NA	NA	NA	NA
NC_045512.2	28601	T	A	77382	6884	38	1	0	34	1.29212e-05	77392	1	FALSE	NA	NA	NA	NA	NA	NA
NC_045512.2	28602	T	G	77555	6880	38	1	0	34	1.28898e-05	77581	1	FALSE	NA	NA	NA	NA	NA	NA
NC_045512.2	28602	T	C	77555	6880	38	22	0	33	0.000283575	77581	1	FALSE	NA	NA	NA	NA	NA	NA
NC_045512.2	28602	T	A	77555	6880	38	3	1	24	3.86693e-05	77581	1	FALSE	NA	NA	NA	NA	NA	NA
NC_045512.2	28603	C	T	78388	7285	38	1	1	68	1.27567e-05	78390	0.5	FALSE	NA	NA	NA	NA	NA	NA
NC_045512.2	28603	C	A	78388	7285	38	1	0	26	1.27567e-05	78390	1	FALSE	NA	NA	NA	NA	NA	NA
NC_045512.2	28604	T	G	78569	7287	38	1	0	34	1.27265e-05	78576	1	FALSE	NA	NA	NA	NA	NA	NA
NC_045512.2	28604	T	C	78569	7287	38	6	1	34	7.63592e-05	78576	1	FALSE	NA	NA	NA	NA	NA	NA
NC_045512.2	28605	A	T	78634	7336	38	4	1	42	5.08602e-05	78647	0.886694	FALSE	NA	NA	NA	NA	NA	NA
NC_045512.2	28605	A	G	78634	7336	38	9	1	34	0.000114435	78647	1	FALSE	NA	NA	NA	NA	NA	NA
NC_045512.2	28606	C	T	78603	7353	38	9	5	52	0.000114478	78618	0.00195212	TRUE	NA	NA	NA	NA	NA	NA
NC_045512.2	28606	C	A	78603	7353	38	6	1	32	7.63184e-05	78618	1	FALSE	NA	NA	NA	NA	NA	NA
NC_045512.2	28607	T	G	78436	7327	38	3	0	31	3.82434e-05	78445	1	FALSE	NA	NA	NA	NA	NA	NA
NC_045512.2	28607	T	C	78436	7327	38	6	1	55	7.64867e-05	78445	0.0156223	FALSE	NA	NA	NA	NA	NA	NA
NC_045512.2	28608	A	T	81548	7440	38	1	1	68	1.22621e-05	81552	0.499994	FALSE	NA	NA	NA	NA	NA	NA
NC_045512.2	28608	A	G	81548	7440	38	3	0	45	3.67863e-05	81552	0.96729	FALSE	NA	NA	NA	NA	NA	NA
NC_045512.2	28609	C	T	85748	7518	38	3	0	34	3.49822e-05	85758	1	FALSE	NA	NA	NA	NA	NA	NA
NC_045512.2	28609	C	G	85748	7518	38	4	0	34	4.66429e-05	85758	1	FALSE	NA	NA	NA	NA	NA	NA
NC_045512.2	28609	C	A	85748	7518	38	3	0	31	3.49822e-05	85758	1	FALSE	NA	NA	NA	NA	NA	NA
NC_045512.2	28610	C	T	85679	7593	38	3	0	42	3.50103e-05	85689	0.967281	FALSE	NA	NA	NA	NA	NA	NA
NC_045512.2	28610	C	G	85679	7593	38	6	0	34	7.00207e-05	85689	1	FALSE	NA	NA	NA	NA	NA	NA
NC_045512.2	28610	C	A	85679	7593	38	1	0	34	1.16701e-05	85689	1	FALSE	NA	NA	NA	NA	NA	NA
NC_045512.2	28611	T	G	85790	7694	38	2	1	30	2.33089e-05	85804	1	FALSE	NA	NA	NA	NA	NA	NA
NC_045512.2	28611	T	C	85790	7694	38	5	1	32	5.82723e-05	85804	1	FALSE	NA	NA	NA	NA	NA	NA
NC_045512.2	28611	T	A	85790	7694	38	7	1	48	8.15813e-05	85804	0.696341	FALSE	NA	NA	NA	NA	NA	NA
NC_045512.2	28612	A	T	85646	7700	38	1	0	34	1.16741e-05	85660	1	FALSE	NA	NA	NA	NA	NA	NA
NC_045512.2	28612	A	G	85646	7700	38	13	0	31	0.000151763	85660	1	FALSE	NA	NA	NA	NA	NA	NA
NC_045512.2	28613	G	T	85998	7697	38	5	0	34	5.81362e-05	86005	1	FALSE	NA	NA	NA	NA	NA	NA
NC_045512.2	28613	G	A	85998	7697	38	2	0	34	2.32545e-05	86005	1	FALSE	NA	NA	NA	NA	NA	NA
NC_045512.2	28614	G	A	86538	7748	38	4	0	34	4.62203e-05	86542	1	FALSE	NA	NA	NA	NA	NA	NA
NC_045512.2	28615	A	T	86714	7800	38	2	0	34	2.30617e-05	86724	1	FALSE	NA	NA	NA	NA	NA	NA
NC_045512.2	28615	A	G	86714	7800	38	8	1	51	9.22467e-05	86724	0.00390544	TRUE	NA	NA	NA	NA	NA	NA
NC_045512.2	28616	A	T	86163	8099	38	1	0	26	1.16044e-05	86174	1	FALSE	NA	NA	NA	NA	NA	NA
NC_045512.2	28616	A	G	86163	8099	38	8	0	34	9.28354e-05	86174	1	FALSE	NA	NA	NA	NA	NA	NA
NC_045512.2	28616	A	C	86163	8099	38	2	1	34	2.32089e-05	86174	1	FALSE	NA	NA	NA	NA	NA	NA
NC_045512.2	28617	C	T	86768	8105	39	5	0	40	5.76196e-05	86776	0.866577	FALSE	NA	NA	NA	NA	NA	NA
NC_045512.2	28617	C	A	86768	8105	39	3	1	45	3.45718e-05	86776	0.967284	FALSE	NA	NA	NA	NA	NA	NA
NC_045512.2	28618	T	G	86619	8039	39	3	0	31	3.46284e-05	86634	1	FALSE	NA	NA	NA	NA	NA	NA
NC_045512.2	28618	T	C	86619	8039	39	11	1	37	0.000126971	86634	1	FALSE	NA	NA	NA	NA	NA	NA
NC_045512.2	28618	T	A	86619	8039	39	1	0	26	1.15428e-05	86634	1	FALSE	NA	NA	NA	NA	NA	NA
NC_045512.2	28618	T	-G	86619	8039	39	1	0	20	1.15428e-05	86634	1	FALSE	NA	NA	NA	NA	NA	NA
NC_045512.2	28619	G	T	87184	8028	39	2	0	51	2.29368e-05	87196	0.24997	FALSE	NA	NA	NA	NA	NA	NA
NC_045512.2	28619	G	C	87184	8028	39	2	1	47	2.29368e-05	87196	0.989255	FALSE	NA	NA	NA	NA	NA	NA
NC_045512.2	28619	G	A	87184	8028	39	8	0	36	9.17473e-05	87196	1	FALSE	NA	NA	NA	NA	NA	NA
NC_045512.2	28620	G	T	87714	8037	39	6	0	34	6.83846e-05	87739	1	FALSE	NA	NA	NA	NA	NA	NA
NC_045512.2	28620	G	C	87714	8037	39	1	0	34	1.13974e-05	87739	1	FALSE	NA	NA	NA	NA	NA	NA
NC_045512.2	28620	G	A	87714	8037	39	18	4	35	0.000205154	87739	1	FALSE	NA	NA	NA	NA	NA	NA
NC_045512.2	28621	G	T	87913	8153	39	3	0	28	3.41173e-05	87932	1	FALSE	NA	NA	NA	NA	NA	NA
NC_045512.2	28621	G	A	87913	8153	39	16	5	51	0.000181959	87932	1.52456e-05	TRUE	NA	NA	NA	NA	NA	NA
NC_045512.2	28622	C	T	84504	8668	38	17	0	33	0.000201124	84525	1	FALSE	NA	NA	NA	NA	NA	NA
NC_045512.2	28622	C	G	84504	8668	38	1	0	34	1.18308e-05	84525	1	FALSE	NA	NA	NA	NA	NA	NA
NC_045512.2	28622	C	A	84504	8668	38	3	0	34	3.54925e-05	84525	1	FALSE	NA	NA	NA	NA	NA	NA
NC_045512.2	28623	C	T	83653	8637	38	4	0	34	4.78137e-05	83658	1	FALSE	NA	NA	NA	NA	NA	NA
NC_045512.2	28623	C	A	83653	8637	38	1	0	34	1.19534e-05	83658	1	FALSE	NA	NA	NA	NA	NA	NA
NC_045512.2	28624	A	T	83776	8607	38	2	0	34	2.38698e-05	83788	1	FALSE	NA	NA	NA	NA	NA	NA
NC_045512.2	28624	A	G	83776	8607	38	6	1	38	7.16093e-05	83788	1	FALSE	NA	NA	NA	NA	NA	NA
NC_045512.2	28624	A	C	83776	8607	38	4	4	28	4.77395e-05	83788	1	FALSE	NA	NA	NA	NA	NA	NA
NC_045512.2	28625	G	T	83857	8608	38	3	0	34	3.57739e-05	83860	1	FALSE	NA	NA	NA	NA	NA	NA
NC_045512.2	28626	A	T	82418	9525	38	1	0	68	1.21324e-05	82424	0.499988	FALSE	NA	NA	NA	NA	NA	NA
NC_045512.2	28626	A	G	82418	9525	38	4	0	34	4.85296e-05	82424	1	FALSE	NA	NA	NA	NA	NA	NA
NC_045512.2	28626	A	C	82418	9525	38	1	0	34	1.21324e-05	82424	1	FALSE	NA	NA	NA	NA	NA	NA
NC_045512.2	28627	A	G	76758	10793	38	5	2	45	6.51355e-05	76763	0.806168	FALSE	NA	NA	NA	NA	NA	NA
NC_045512.2	28628	G	A	76891	10766	38	2	0	34	2.60102e-05	76893	1	FALSE	NA	NA	NA	NA	NA	NA
NC_045512.2	28629	C	G	68276	12059	37	2	0	30	2.92903e-05	68282	1	FALSE	NA	NA	NA	NA	NA	NA
NC_045512.2	28629	C	A	68276	12059	37	4	0	32	5.85806e-05	68282	1	FALSE	NA	NA	NA	NA	NA	NA
NC_045512.2	28630	T	G	68129	12116	37	1	0	34	1.46597e-05	68214	1	FALSE	NA	NA	NA	NA	NA	NA
NC_045512.2	28630	T	C	68129	12116	37	82	4	37	0.0012021	68214	0.144054	FALSE	NA	NA	NA	NA	NA	NA
NC_045512.2	28630	T	A	68129	12116	37	2	0	34	2.93195e-05	68214	1	FALSE	NA	NA	NA	NA	NA	NA
NC_045512.2	28631	G	T	68771	12085	37	2	0	34	2.90778e-05	68781	1	FALSE	NA	NA	NA	NA	NA	NA
NC_045512.2	28631	G	A	68771	12085	37	8	0	34	0.000116311	68781	1	FALSE	NA	NA	NA	NA	NA	NA
NC_045512.2	28632	G	C	68928	12196	37	1	0	34	1.45068e-05	68933	1	FALSE	NA	NA	NA	NA	NA	NA
NC_045512.2	28632	G	A	68928	12196	37	4	2	34	5.80274e-05	68933	1	FALSE	NA	NA	NA	NA	NA	NA
NC_045512.2	28633	A	T	69326	12924	38	2	1	51	2.88455e-05	69335	0.249977	FALSE	NA	NA	NA	NA	NA	NA
NC_045512.2	28633	A	G	69326	12924	38	7	3	36	0.000100959	69335	1	FALSE	NA	NA	NA	NA	NA	NA
NC_045512.2	28634	C	T	62768	14192	37	2	0	34	3.18613e-05	62772	1	FALSE	NA	NA	NA	NA	NA	NA
NC_045512.2	28634	C	A	62768	14192	37	2	0	30	3.18613e-05	62772	1	FALSE	NA	NA	NA	NA	NA	NA
NC_045512.2	28635	T	C	62661	14332	37	12	3	39	0.00019147	62673	1	FALSE	NA	NA	NA	NA	NA	NA
NC_045512.2	28636	T	C	70801	14445	37	5	1	32	7.06145e-05	70807	1	FALSE	NA	NA	NA	NA	NA	NA
NC_045512.2	28636	T	A	70801	14445	37	1	0	34	1.41229e-05	70807	1	FALSE	NA	NA	NA	NA	NA	NA
NC_045512.2	28637	C	T	71128	14771	37	1	0	34	1.40588e-05	71130	1	FALSE	NA	NA	NA	NA	NA	NA
NC_045512.2	28637	C	A	71128	14771	37	1	1	34	1.40588e-05	71130	1	FALSE	NA	NA	NA	NA	NA	NA
NC_045512.2	28638	C	T	70823	14793	37	2	1	51	2.82378e-05	70827	0.249995	FALSE	NA	NA	NA	NA	NA	NA
NC_045512.2	28638	C	G	70823	14793	37	1	0	34	1.41189e-05	70827	1	FALSE	NA	NA	NA	NA	NA	NA
NC_045512.2	28638	C	A	70823	14793	37	1	0	34	1.41189e-05	70827	1	FALSE	NA	NA	NA	NA	NA	NA
NC_045512.2	28639	C	T	69684	15151	37	4	2	32	5.73929e-05	69695	1	FALSE	NA	NA	NA	NA	NA	NA
NC_045512.2	28639	C	G	69684	15151	37	3	0	34	4.30447e-05	69695	1	FALSE	NA	NA	NA	NA	NA	NA
NC_045512.2	28639	C	A	69684	15151	37	4	1	34	5.73929e-05	69695	1	FALSE	NA	NA	NA	NA	NA	NA
NC_045512.2	28640	T	C	69657	15226	37	26	3	35	0.000373113	69684	0.999998	FALSE	NA	NA	NA	NA	NA	NA
NC_045512.2	28640	T	A	69657	15226	37	1	0	34	1.43505e-05	69684	1	FALSE	NA	NA	NA	NA	NA	NA
NC_045512.2	28641	A	T	69674	15258	37	1	0	34	1.43515e-05	69679	1	FALSE	NA	NA	NA	NA	NA	NA
NC_045512.2	28641	A	G	69674	15258	37	4	0	34	5.74061e-05	69679	1	FALSE	NA	NA	NA	NA	NA	NA
NC_045512.2	28642	T	C	69024	15674	37	3	1	34	4.34594e-05	69030	1	FALSE	NA	NA	NA	NA	NA	NA
NC_045512.2	28642	T	A	69024	15674	37	3	1	34	4.34594e-05	69030	1	FALSE	NA	NA	NA	NA	NA	NA
NC_045512.2	28642	T	-G	69024	15674	37	1	0	20	1.44865e-05	69030	1	FALSE	NA	NA	NA	NA	NA	NA
NC_045512.2	28644	G	T	68939	15819	37	3	0	34	4.35129e-05	68945	1	FALSE	NA	NA	NA	NA	NA	NA
NC_045512.2	28644	G	A	68939	15819	37	3	2	34	4.35129e-05	68945	1	FALSE	NA	NA	NA	NA	NA	NA
NC_045512.2	28645	T	C	67057	14394	37	5	0	40	7.45556e-05	67064	0.725586	FALSE	NA	NA	NA	NA	NA	NA
NC_045512.2	28645	T	A	67057	14394	37	2	0	26	2.98223e-05	67064	1	FALSE	NA	NA	NA	NA	NA	NA
NC_045512.2	28646	G	T	67127	14356	37	2	1	30	2.97872e-05	67143	1	FALSE	NA	NA	NA	NA	NA	NA
NC_045512.2	28646	G	C	67127	14356	37	2	2	30	2.97872e-05	67143	1	FALSE	NA	NA	NA	NA	NA	NA
NC_045512.2	28646	G	A	67127	14356	37	12	0	39	0.000178723	67143	1	FALSE	NA	NA	NA	NA	NA	NA
NC_045512.2	28647	C	T	65817	14623	37	2	1	30	3.03864e-05	65819	1	FALSE	NA	NA	NA	NA	NA	NA
NC_045512.2	28648	T	G	65808	14497	37	1	1	60	1.5192e-05	65824	0.499947	FALSE	NA	NA	NA	NA	NA	NA
NC_045512.2	28648	T	C	65808	14497	37	15	2	43	0.00022788	65824	0.0391651	FALSE	NA	NA	NA	NA	NA	NA
NC_045512.2	28648	T	-A	65808	14497	37	4	0	20	6.07681e-05	65824	1	FALSE	NA	NA	NA	NA	NA	NA
NC_045512.2	28649	A	G	66775	14542	37	10	3	34	0.000149734	66785	1	FALSE	NA	NA	NA	NA	NA	NA
NC_045512.2	28650	A	G	66677	14592	37	6	0	32	8.9978e-05	66683	1	FALSE	NA	NA	NA	NA	NA	NA
NC_045512.2	28651	C	T	67125	14630	37	2	0	34	2.97938e-05	67128	1	FALSE	NA	NA	NA	NA	NA	NA
NC_045512.2	28651	C	A	67125	14630	37	1	0	34	1.48969e-05	67128	1	FALSE	NA	NA	NA	NA	NA	NA
NC_045512.2	28652	A	T	66967	14531	37	1	0	34	1.49316e-05	66972	1	FALSE	NA	NA	NA	NA	NA	NA
NC_045512.2	28652	A	G	66967	14531	37	4	0	32	5.97265e-05	66972	1	FALSE	NA	NA	NA	NA	NA	NA
NC_045512.2	28653	A	G	65710	14824	37	10	1	37	0.000152161	65720	1	FALSE	NA	NA	NA	NA	NA	NA
NC_045512.2	28654	A	T	64793	14830	36	4	0	34	6.17236e-05	64805	1	FALSE	NA	NA	NA	NA	NA	NA
NC_045512.2	28654	A	G	64793	14830	36	7	3	32	0.000108016	64805	1	FALSE	NA	NA	NA	NA	NA	NA
NC_045512.2	28654	A	C	64793	14830	36	1	0	34	1.54309e-05	64805	1	FALSE	NA	NA	NA	NA	NA	NA
NC_045512.2	28655	G	T	65585	14837	37	2	0	34	3.04938e-05	65587	1	FALSE	NA	NA	NA	NA	NA	NA
NC_045512.2	28656	A	G	65465	16346	36	4	1	34	6.10976e-05	65469	1	FALSE	NA	NA	NA	NA	NA	NA
NC_045512.2	28656	A	-C	65465	16346	36	2	0	20	3.05488e-05	65469	1	FALSE	NA	NA	NA	NA	NA	NA
NC_045512.2	28657	C	T	66097	16438	37	9	1	34	0.000136131	66113	1	FALSE	NA	NA	NA	NA	NA	NA
NC_045512.2	28657	C	G	66097	16438	37	3	0	34	4.53769e-05	66113	1	FALSE	NA	NA	NA	NA	NA	NA
NC_045512.2	28657	C	A	66097	16438	37	4	2	51	6.05025e-05	66113	0.0624726	FALSE	NA	NA	NA	NA	NA	NA
NC_045512.2	28658	G	A	65674	16054	37	3	2	34	4.56781e-05	65677	1	FALSE	NA	NA	NA	NA	NA	NA
NC_045512.2	28659	G	C	67070	16116	37	2	0	30	2.98094e-05	67093	1	FALSE	NA	NA	NA	NA	NA	NA
NC_045512.2	28659	G	A	67070	16116	37	21	5	37	0.000312998	67093	1	FALSE	NA	NA	NA	NA	NA	NA
NC_045512.2	28660	C	T	60217	16421	36	7	2	48	0.000116231	60225	0.5	FALSE	NA	NA	NA	NA	NA	NA
NC_045512.2	28660	C	G	60217	16421	36	1	0	34	1.66044e-05	60225	1	FALSE	NA	NA	NA	NA	NA	NA
NC_045512.2	28661	A	T	66930	16400	37	4	4	32	5.97532e-05	66942	1	FALSE	NA	NA	NA	NA	NA	NA
NC_045512.2	28661	A	G	66930	16400	37	7	0	34	0.000104568	66942	1	FALSE	NA	NA	NA	NA	NA	NA
NC_045512.2	28661	A	C	66930	16400	37	1	1	34	1.49383e-05	66942	1	FALSE	NA	NA	NA	NA	NA	NA
NC_045512.2	28662	T	G	68398	16452	37	1	0	34	1.46184e-05	68407	1	FALSE	NA	NA	NA	NA	NA	NA
NC_045512.2	28662	T	C	68398	16452	37	8	2	33	0.000116947	68407	1	FALSE	NA	NA	NA	NA	NA	NA
NC_045512.2	28663	C	A	68893	16617	37	5	0	34	7.2571e-05	68898	1	FALSE	NA	NA	NA	NA	NA	NA
NC_045512.2	28664	A	T	68019	16745	37	2	1	30	2.94018e-05	68023	1	FALSE	NA	NA	NA	NA	NA	NA
NC_045512.2	28664	A	G	68019	16745	37	2	0	34	2.94018e-05	68023	1	FALSE	NA	NA	NA	NA	NA	NA
NC_045512.2	28665	T	C	69306	16978	37	12	6	53	0.000173113	69319	0.000244024	TRUE	NA	NA	NA	NA	NA	NA
NC_045512.2	28665	T	A	69306	16978	37	1	1	68	1.44261e-05	69319	0.49996	FALSE	NA	NA	NA	NA	NA	NA
NC_045512.2	28666	A	T	67153	16972	36	1	0	26	1.48874e-05	67171	1	FALSE	NA	NA	NA	NA	NA	NA
NC_045512.2	28666	A	G	67153	16972	36	16	6	36	0.000238198	67171	1	FALSE	NA	NA	NA	NA	NA	NA
NC_045512.2	28666	A	C	67153	16972	36	1	1	34	1.48874e-05	67171	1	FALSE	NA	NA	NA	NA	NA	NA
NC_045512.2	28667	T	A	69306	17057	37	2	1	47	2.88567e-05	69308	0.964849	FALSE	NA	NA	NA	NA	NA	NA
NC_045512.2	28668	G	T	67712	16541	37	8	1	33	0.000118123	67726	1	FALSE	NA	NA	NA	NA	NA	NA
NC_045512.2	28668	G	C	67712	16541	37	1	1	26	1.47654e-05	67726	1	FALSE	NA	NA	NA	NA	NA	NA
NC_045512.2	28668	G	A	67712	16541	37	5	1	30	7.38269e-05	67726	1	FALSE	NA	NA	NA	NA	NA	NA
NC_045512.2	28669	G	T	69640	16541	37	4	1	35	5.74325e-05	69647	1	FALSE	NA	NA	NA	NA	NA	NA
NC_045512.2	28669	G	C	69640	16541	37	1	1	60	1.43581e-05	69647	0.499982	FALSE	NA	NA	NA	NA	NA	NA
NC_045512.2	28669	G	A	69640	16541	37	2	0	34	2.87162e-05	69647	1	FALSE	NA	NA	NA	NA	NA	NA
NC_045512.2	28670	G	C	69362	16257	37	1	0	34	1.44142e-05	69376	1	FALSE	NA	NA	NA	NA	NA	NA
NC_045512.2	28670	G	A	69362	16257	37	13	5	44	0.000187385	69376	0.0835197	FALSE	NA	NA	NA	NA	NA	NA
NC_045512.2	28671	T	G	69904	16938	37	4	0	34	5.72123e-05	69915	1	FALSE	NA	NA	NA	NA	NA	NA
NC_045512.2	28671	T	C	69904	16938	37	6	1	34	8.58185e-05	69915	1	FALSE	NA	NA	NA	NA	NA	NA
NC_045512.2	28671	T	A	69904	16938	37	1	0	68	1.43031e-05	69915	0.499968	FALSE	NA	NA	NA	NA	NA	NA
NC_045512.2	28672	T	G	70273	17905	37	1	0	26	1.42278e-05	70285	1	FALSE	NA	NA	NA	NA	NA	NA
NC_045512.2	28672	T	C	70273	17905	37	10	2	47	0.000142278	70285	0.314508	FALSE	NA	NA	NA	NA	NA	NA
NC_045512.2	28672	T	A	70273	17905	37	1	0	26	1.42278e-05	70285	1	FALSE	NA	NA	NA	NA	NA	NA
NC_045512.2	28673	G	T	70222	17847	37	13	1	39	0.000185067	70245	1	FALSE	NA	NA	NA	NA	NA	NA
NC_045512.2	28673	G	C	70222	17847	37	1	1	34	1.42359e-05	70245	1	FALSE	NA	NA	NA	NA	NA	NA
NC_045512.2	28673	G	A	70222	17847	37	9	4	32	0.000128123	70245	1	FALSE	NA	NA	NA	NA	NA	NA
NC_045512.2	28674	C	T	70181	17950	37	21	5	40	0.00029912	70206	0.00626421	TRUE	NA	NA	NA	NA	NA	NA
NC_045512.2	28674	C	G	70181	17950	37	2	1	34	2.84876e-05	70206	1	FALSE	NA	NA	NA	NA	NA	NA
NC_045512.2	28674	C	A	70181	17950	37	2	1	47	2.84876e-05	70206	0.98045	FALSE	NA	NA	NA	NA	NA	NA
NC_045512.2	28675	A	G	70643	18031	37	22	2	34	0.000311324	70666	1	FALSE	NA	NA	NA	NA	NA	NA
NC_045512.2	28675	A	C	70643	18031	37	1	0	26	1.41511e-05	70666	1	FALSE	NA	NA	NA	NA	NA	NA
NC_045512.2	28676	A	G	70977	18154	37	18	2	32	0.000253539	70995	1	FALSE	NA	NA	NA	NA	NA	NA
NC_045512.2	28677	C	T	72012	18583	37	1	0	34	1.38864e-05	72013	1	FALSE	NA	NA	NA	NA	NA	NA
NC_045512.2	28678	T	G	71184	17549	37	1	1	34	1.40461e-05	71194	1	FALSE	NA	NA	NA	NA	NA	NA
NC_045512.2	28678	T	C	71184	17549	37	8	4	34	0.000112369	71194	1	FALSE	NA	NA	NA	NA	NA	NA
NC_045512.2	28678	T	A	71184	17549	37	1	0	26	1.40461e-05	71194	1	FALSE	NA	NA	NA	NA	NA	NA
NC_045512.2	28679	G	T	71432	17660	37	2	2	64	2.79955e-05	71440	0.249981	FALSE	NA	NA	NA	NA	NA	NA
NC_045512.2	28679	G	C	71432	17660	37	1	0	34	1.39978e-05	71440	1	FALSE	NA	NA	NA	NA	NA	NA
NC_045512.2	28679	G	A	71432	17660	37	5	1	32	6.99888e-05	71440	1	FALSE	NA	NA	NA	NA	NA	NA
NC_045512.2	28680	A	T	71364	17537	37	2	0	34	2.80214e-05	71374	1	FALSE	NA	NA	NA	NA	NA	NA
NC_045512.2	28680	A	G	71364	17537	37	8	1	35	0.000112086	71374	1	FALSE	NA	NA	NA	NA	NA	NA
NC_045512.2	28680	A	-G	71364	17537	37	2	0	20	2.80214e-05	71374	1	FALSE	NA	NA	NA	NA	NA	NA
NC_045512.2	28681	G	T	64455	15989	37	5	1	34	7.02257e-05	71199	1	FALSE	NA	NA	NA	NA	NA	NA
NC_045512.2	28681	G	C	64455	15989	37	1	1	34	1.40451e-05	71199	1	FALSE	NA	NA	NA	NA	NA	NA
NC_045512.2	28681	G	A	64455	15989	37	6738	1505	37	0.0946362	71199	0	TRUE	NA	NA	NA	NA	NA	NA
NC_045512.2	28682	G	T	70802	17580	37	10	1	37	0.000141211	70816	1	FALSE	NA	NA	NA	NA	NA	NA
NC_045512.2	28682	G	A	70802	17580	37	4	1	32	5.64844e-05	70816	1	FALSE	NA	NA	NA	NA	NA	NA
NC_045512.2	28683	G	C	70287	17989	37	4	4	34	5.69031e-05	70295	1	FALSE	NA	NA	NA	NA	NA	NA
NC_045512.2	28683	G	A	70287	17989	37	4	1	34	5.69031e-05	70295	1	FALSE	NA	NA	NA	NA	NA	NA
NC_045512.2	28684	A	T	70354	18118	38	1	1	68	1.42112e-05	70367	0.499961	FALSE	NA	NA	NA	NA	NA	NA
NC_045512.2	28684	A	G	70354	18118	38	12	3	35	0.000170534	70367	1	FALSE	NA	NA	NA	NA	NA	NA
NC_045512.2	28685	G	T	73447	17819	37	2	0	34	2.72298e-05	73449	1	FALSE	NA	NA	NA	NA	NA	NA
NC_045512.2	28686	C	T	72720	17755	37	12	0	34	0.00016498	72736	1	FALSE	NA	NA	NA	NA	NA	NA
NC_045512.2	28686	C	G	72720	17755	37	3	1	34	4.12451e-05	72736	1	FALSE	NA	NA	NA	NA	NA	NA
NC_045512.2	28686	C	A	72720	17755	37	1	0	34	1.37484e-05	72736	1	FALSE	NA	NA	NA	NA	NA	NA
NC_045512.2	28687	C	T	68566	18085	37	14	6	45	0.00020407	68604	0.0575592	FALSE	NA	NA	NA	NA	NA	NA
NC_045512.2	28687	C	A	68566	18085	37	24	6	36	0.000349834	68604	0.999999	FALSE	NA	NA	NA	NA	NA	NA
NC_045512.2	28687	C	-T	68566	18085	37	5	0	20	7.2882e-05	68604	1	FALSE	NA	NA	NA	NA	NA	NA
NC_045512.2	28688	T	G	68416	17961	37	11	4	33	0.000160692	68454	1	FALSE	NA	NA	NA	NA	NA	NA
NC_045512.2	28688	T	C	68416	17961	37	20	7	40	0.000292167	68454	0.00466339	TRUE	NA	NA	NA	NA	NA	NA
NC_045512.2	28688	T	A	68416	17961	37	7	5	37	0.000102258	68454	1	FALSE	NA	NA	NA	NA	NA	NA
NC_045512.2	28689	T	C	68577	18286	37	30	7	45	0.000437229	68614	3.46925e-05	TRUE	NA	NA	NA	NA	NA	NA
NC_045512.2	28689	T	A	68577	18286	37	7	5	34	0.00010202	68614	1	FALSE	NA	NA	NA	NA	NA	NA
NC_045512.2	28689	T	-G	68577	18286	37	2	0	20	2.91486e-05	68614	1	FALSE	NA	NA	NA	NA	NA	NA
NC_045512.2	28690	G	T	69178	18311	37	2	1	34	2.89084e-05	69184	1	FALSE	NA	NA	NA	NA	NA	NA
NC_045512.2	28690	G	A	69178	18311	37	4	0	47	5.78168e-05	69184	0.828116	FALSE	NA	NA	NA	NA	NA	NA
NC_045512.2	28691	A	G	69713	19108	37	10	4	33	0.000143421	69725	1	FALSE	NA	NA	NA	NA	NA	NA
NC_045512.2	28691	A	C	69713	19108	37	2	0	30	2.86841e-05	69725	1	FALSE	NA	NA	NA	NA	NA	NA
NC_045512.2	28692	A	T	69411	19172	37	3	3	31	4.32152e-05	69420	1	FALSE	NA	NA	NA	NA	NA	NA
NC_045512.2	28692	A	G	69411	19172	37	5	0	32	7.20254e-05	69420	1	FALSE	NA	NA	NA	NA	NA	NA
NC_045512.2	28692	A	C	69411	19172	37	1	1	34	1.44051e-05	69420	1	FALSE	NA	NA	NA	NA	NA	NA
NC_045512.2	28693	T	G	69317	19282	37	3	0	31	4.32719e-05	69329	1	FALSE	NA	NA	NA	NA	NA	NA
NC_045512.2	28693	T	C	69317	19282	37	7	2	38	0.000100968	69329	1	FALSE	NA	NA	NA	NA	NA	NA
NC_045512.2	28693	T	A	69317	19282	37	2	0	34	2.8848e-05	69329	1	FALSE	NA	NA	NA	NA	NA	NA
NC_045512.2	28694	A	T	66070	17274	37	5	2	32	7.56601e-05	66085	1	FALSE	NA	NA	NA	NA	NA	NA
NC_045512.2	28694	A	G	66070	17274	37	10	2	37	0.00015132	66085	1	FALSE	NA	NA	NA	NA	NA	NA
NC_045512.2	28694	A	+CAC	66070	17274	37	1	0	20	1.5132e-05	66085	1	FALSE	NA	NA	NA	NA	NA	NA
NC_045512.2	28695	C	T	66356	17520	37	6	5	31	9.04077e-05	66366	1	FALSE	NA	NA	NA	NA	NA	NA
NC_045512.2	28695	C	G	66356	17520	37	2	0	34	3.01359e-05	66366	1	FALSE	NA	NA	NA	NA	NA	NA
NC_045512.2	28695	C	A	66356	17520	37	2	0	34	3.01359e-05	66366	1	FALSE	NA	NA	NA	NA	NA	NA
NC_045512.2	28696	A	T	68009	20236	38	2	2	34	2.94053e-05	68015	1	FALSE	NA	NA	NA	NA	NA	NA
NC_045512.2	28696	A	G	68009	20236	38	3	0	42	4.41079e-05	68015	0.910156	FALSE	NA	NA	NA	NA	NA	NA
NC_045512.2	28696	A	C	68009	20236	38	1	1	34	1.47026e-05	68015	1	FALSE	NA	NA	NA	NA	NA	NA
NC_045512.2	28696	A	-C	68009	20236	38	1	0	20	1.47026e-05	68015	1	FALSE	NA	NA	NA	NA	NA	NA
NC_045512.2	28697	C	T	61226	21317	37	3	2	30	4.89956e-05	61230	1	FALSE	NA	NA	NA	NA	NA	NA
NC_045512.2	28697	C	A	61226	21317	37	1	0	34	1.63319e-05	61230	1	FALSE	NA	NA	NA	NA	NA	NA
NC_045512.2	28698	C	T	61439	21826	37	5	2	32	8.13723e-05	61446	1	FALSE	NA	NA	NA	NA	NA	NA
NC_045512.2	28698	C	A	61439	21826	37	2	0	34	3.25489e-05	61446	1	FALSE	NA	NA	NA	NA	NA	NA
NC_045512.2	28698	C	-A	61439	21826	37	3	0	20	4.88234e-05	61446	1	FALSE	NA	NA	NA	NA	NA	NA
NC_045512.2	28699	A	G	61189	21456	37	9	6	34	0.000147064	61198	1	FALSE	NA	NA	NA	NA	NA	NA
NC_045512.2	28700	A	T	60562	21535	37	3	2	31	4.95287e-05	60571	1	FALSE	NA	NA	NA	NA	NA	NA
NC_045512.2	28700	A	G	60562	21535	37	5	1	32	8.25478e-05	60571	1	FALSE	NA	NA	NA	NA	NA	NA
NC_045512.2	28700	A	C	60562	21535	37	1	1	34	1.65096e-05	60571	1	FALSE	NA	NA	NA	NA	NA	NA
NC_045512.2	28701	A	G	68561	31102	39	11	6	37	0.000160413	68573	1	FALSE	NA	NA	NA	NA	NA	NA
NC_045512.2	28701	A	C	68561	31102	39	1	0	68	1.4583e-05	68573	0.499964	FALSE	NA	NA	NA	NA	NA	NA
NC_045512.2	28702	A	G	68222	31374	39	7	2	32	0.000102596	68229	1	FALSE	NA	NA	NA	NA	NA	NA
NC_045512.2	28703	G	C	68225	31383	39	1	1	26	1.46572e-05	68226	1	FALSE	NA	NA	NA	NA	NA	NA
NC_045512.2	28704	A	G	67301	31655	38	7	3	37	0.000103998	67309	1	FALSE	NA	NA	NA	NA	NA	NA
NC_045512.2	28704	A	C	67301	31655	38	1	1	34	1.48569e-05	67309	1	FALSE	NA	NA	NA	NA	NA	NA
NC_045512.2	28705	T	G	67894	31919	39	3	0	31	4.4182e-05	67901	1	FALSE	NA	NA	NA	NA	NA	NA
NC_045512.2	28705	T	C	67894	31919	39	2	0	51	2.94546e-05	67901	0.249983	FALSE	NA	NA	NA	NA	NA	NA
NC_045512.2	28705	T	A	67894	31919	39	2	1	34	2.94546e-05	67901	1	FALSE	NA	NA	NA	NA	NA	NA
NC_045512.2	28706	C	T	69483	34226	39	1	1	34	1.43912e-05	69487	1	FALSE	NA	NA	NA	NA	NA	NA
NC_045512.2	28706	C	A	69483	34226	39	3	1	54	4.31735e-05	69487	0.124997	FALSE	NA	NA	NA	NA	NA	NA
NC_045512.2	28707	A	G	69555	34185	39	14	5	46	0.000201239	69569	0.0576499	FALSE	NA	NA	NA	NA	NA	NA
NC_045512.2	28708	C	T	68421	34876	39	2	1	36	2.92291e-05	68425	1	FALSE	NA	NA	NA	NA	NA	NA
NC_045512.2	28708	C	A	68421	34876	39	2	2	34	2.92291e-05	68425	1	FALSE	NA	NA	NA	NA	NA	NA
NC_045512.2	28709	A	T	68376	34823	39	1	0	34	1.46244e-05	68379	1	FALSE	NA	NA	NA	NA	NA	NA
NC_045512.2	28709	A	G	68376	34823	39	2	1	34	2.92487e-05	68379	1	FALSE	NA	NA	NA	NA	NA	NA
NC_045512.2	28710	T	C	64775	34662	38	4	3	40	6.17465e-05	64781	0.828128	FALSE	NA	NA	NA	NA	NA	NA
NC_045512.2	28710	T	A	64775	34662	38	2	1	30	3.08732e-05	64781	1	FALSE	NA	NA	NA	NA	NA	NA
NC_045512.2	28711	T	C	65223	35301	38	8	2	30	0.000122639	65232	1	FALSE	NA	NA	NA	NA	NA	NA
NC_045512.2	28711	T	A	65223	35301	38	1	1	68	1.53299e-05	65232	0.499973	FALSE	NA	NA	NA	NA	NA	NA
NC_045512.2	28712	G	T	65377	35210	38	1	1	34	1.52947e-05	65382	1	FALSE	NA	NA	NA	NA	NA	NA
NC_045512.2	28712	G	A	65377	35210	38	4	4	34	6.11789e-05	65382	1	FALSE	NA	NA	NA	NA	NA	NA
NC_045512.2	28713	G	A	65330	35218	38	30	10	35	0.000458996	65360	0.999907	FALSE	NA	NA	NA	NA	NA	NA
NC_045512.2	28714	C	T	65342	35756	38	4	3	42	6.12107e-05	65348	0.828128	FALSE	NA	NA	NA	NA	NA	NA
NC_045512.2	28714	C	G	65342	35756	38	1	0	68	1.53027e-05	65348	0.499985	FALSE	NA	NA	NA	NA	NA	NA
NC_045512.2	28714	C	A	65342	35756	38	1	0	34	1.53027e-05	65348	1	FALSE	NA	NA	NA	NA	NA	NA
NC_045512.2	28715	A	G	65393	35784	38	8	6	34	0.000122317	65404	1	FALSE	NA	NA	NA	NA	NA	NA
NC_045512.2	28715	A	C	65393	35784	38	3	3	31	4.58688e-05	65404	1	FALSE	NA	NA	NA	NA	NA	NA
NC_045512.2	28715	A	+C	65393	35784	38	1	0	20	1.52896e-05	65404	1	FALSE	NA	NA	NA	NA	NA	NA
NC_045512.2	28716	C	T	65546	35698	38	9	6	36	0.000137285	65557	1	FALSE	NA	NA	NA	NA	NA	NA
NC_045512.2	28716	C	A	65546	35698	38	2	2	68	3.05078e-05	65557	0.249968	FALSE	NA	NA	NA	NA	NA	NA
NC_045512.2	28717	C	T	65792	35328	38	4	3	32	6.07875e-05	65803	1	FALSE	NA	NA	NA	NA	NA	NA
NC_045512.2	28717	C	G	65792	35328	38	1	0	34	1.51969e-05	65803	1	FALSE	NA	NA	NA	NA	NA	NA
NC_045512.2	28717	C	A	65792	35328	38	6	0	31	9.11813e-05	65803	1	FALSE	NA	NA	NA	NA	NA	NA
NC_045512.2	28718	C	T	65962	35371	38	6	5	39	9.07839e-05	66091	1	FALSE	NA	NA	NA	NA	NA	NA
NC_045512.2	28718	C	G	65962	35371	38	2	0	51	3.02613e-05	66091	0.249521	FALSE	NA	NA	NA	NA	NA	NA
NC_045512.2	28718	C	A	65962	35371	38	121	75	39	0.00183081	66091	3.46233e-05	TRUE	NA	NA	NA	NA	NA	NA
NC_045512.2	28719	G	C	65909	35291	38	4	2	34	6.06198e-05	65985	1	FALSE	NA	NA	NA	NA	NA	NA
NC_045512.2	28719	G	A	65909	35291	38	72	35	36	0.00109116	65985	0.304005	FALSE	NA	NA	NA	NA	NA	NA
NC_045512.2	28720	C	T	67338	38034	39	4	3	32	5.93974e-05	67343	1	FALSE	NA	NA	NA	NA	NA	NA
NC_045512.2	28720	C	G	67338	38034	39	1	1	26	1.48494e-05	67343	1	FALSE	NA	NA	NA	NA	NA	NA
NC_045512.2	28721	A	T	67250	37972	39	3	3	29	4.4603e-05	67260	1	FALSE	NA	NA	NA	NA	NA	NA
NC_045512.2	28721	A	G	67250	37972	39	7	5	53	0.000104074	67260	0.00781047	TRUE	NA	NA	NA	NA	NA	NA
NC_045512.2	28722	A	T	67365	38131	39	2	2	30	2.96824e-05	67380	1	FALSE	NA	NA	NA	NA	NA	NA
NC_045512.2	28722	A	G	67365	38131	39	4	2	40	5.93648e-05	67380	0.828073	FALSE	NA	NA	NA	NA	NA	NA
NC_045512.2	28722	A	C	67365	38131	39	9	8	29	0.000133571	67380	1	FALSE	NA	NA	NA	NA	NA	NA
NC_045512.2	28723	T	G	67370	38143	39	2	1	26	2.96846e-05	67375	1	FALSE	NA	NA	NA	NA	NA	NA
NC_045512.2	28723	T	C	67370	38143	39	3	2	34	4.45269e-05	67375	1	FALSE	NA	NA	NA	NA	NA	NA
NC_045512.2	28724	C	T	68607	38797	39	4	3	51	5.8298e-05	68613	0.0624954	FALSE	NA	NA	NA	NA	NA	NA
NC_045512.2	28724	C	A	68607	38797	39	2	1	34	2.9149e-05	68613	1	FALSE	NA	NA	NA	NA	NA	NA
NC_045512.2	28725	C	T	67807	39467	38	2	1	68	2.94942e-05	67810	0.249998	FALSE	NA	NA	NA	NA	NA	NA
NC_045512.2	28725	C	A	67807	39467	38	1	0	34	1.47471e-05	67810	1	FALSE	NA	NA	NA	NA	NA	NA
NC_045512.2	28726	T	G	66784	38428	39	1	0	68	1.49707e-05	66797	0.499959	FALSE	NA	NA	NA	NA	NA	NA
NC_045512.2	28726	T	C	66784	38428	39	11	6	34	0.000164678	66797	1	FALSE	NA	NA	NA	NA	NA	NA
NC_045512.2	28726	T	A	66784	38428	39	1	1	34	1.49707e-05	66797	1	FALSE	NA	NA	NA	NA	NA	NA
NC_045512.2	28726	T	-G	66784	38428	39	1	0	20	1.49707e-05	66797	1	FALSE	NA	NA	NA	NA	NA	NA
NC_045512.2	28727	G	T	67035	38327	38	3	2	34	4.47427e-05	67050	1	FALSE	NA	NA	NA	NA	NA	NA
NC_045512.2	28727	G	C	67035	38327	38	1	1	34	1.49142e-05	67050	1	FALSE	NA	NA	NA	NA	NA	NA
NC_045512.2	28727	G	A	67035	38327	38	11	4	34	0.000164057	67050	1	FALSE	NA	NA	NA	NA	NA	NA
NC_045512.2	28728	C	T	67486	38990	39	6	4	32	8.88928e-05	67497	1	FALSE	NA	NA	NA	NA	NA	NA
NC_045512.2	28728	C	G	67486	38990	39	2	0	34	2.96309e-05	67497	1	FALSE	NA	NA	NA	NA	NA	NA
NC_045512.2	28728	C	A	67486	38990	39	3	2	31	4.44464e-05	67497	1	FALSE	NA	NA	NA	NA	NA	NA
NC_045512.2	28729	T	G	67942	39305	39	1	1	34	1.47167e-05	67950	1	FALSE	NA	NA	NA	NA	NA	NA
NC_045512.2	28729	T	C	67942	39305	39	6	5	45	8.83002e-05	67950	0.612788	FALSE	NA	NA	NA	NA	NA	NA
NC_045512.2	28729	T	A	67942	39305	39	1	0	26	1.47167e-05	67950	1	FALSE	NA	NA	NA	NA	NA	NA
NC_045512.2	28729	T	-A	67942	39305	39	1	0	20	1.47167e-05	67950	1	FALSE	NA	NA	NA	NA	NA	NA
NC_045512.2	28730	A	G	68945	40439	39	2	2	34	2.90078e-05	68947	1	FALSE	NA	NA	NA	NA	NA	NA
NC_045512.2	28731	A	T	74038	47083	39	1	1	26	1.35058e-05	74042	1	FALSE	NA	NA	NA	NA	NA	NA
NC_045512.2	28731	A	G	74038	47083	39	1	0	34	1.35058e-05	74042	1	FALSE	NA	NA	NA	NA	NA	NA
NC_045512.2	28731	A	C	74038	47083	39	2	2	34	2.70117e-05	74042	1	FALSE	NA	NA	NA	NA	NA	NA
NC_045512.2	28732	C	T	74621	47489	39	4	1	68	5.36013e-05	74625	0.0624992	FALSE	NA	NA	NA	NA	NA	NA
NC_045512.2	28733	A	G	73584	46618	39	4	4	42	5.43545e-05	73591	0.886719	FALSE	NA	NA	NA	NA	NA	NA
NC_045512.2	28733	A	C	73584	46618	39	3	3	31	4.07659e-05	73591	1	FALSE	NA	NA	NA	NA	NA	NA
NC_045512.2	28734	A	T	73811	46604	39	1	0	68	1.35468e-05	73818	0.499983	FALSE	NA	NA	NA	NA	NA	NA
NC_045512.2	28734	A	G	73811	46604	39	6	5	31	8.1281e-05	73818	1	FALSE	NA	NA	NA	NA	NA	NA
NC_045512.2	28735	T	C	73335	46592	39	4	4	42	5.45405e-05	73340	0.886728	FALSE	NA	NA	NA	NA	NA	NA
NC_045512.2	28735	T	A	73335	46592	39	1	0	34	1.36351e-05	73340	1	FALSE	NA	NA	NA	NA	NA	NA
NC_045512.2	28736	G	C	72699	46077	39	1	0	34	1.37546e-05	72703	1	FALSE	NA	NA	NA	NA	NA	NA
NC_045512.2	28736	G	A	72699	46077	39	3	0	34	4.12638e-05	72703	1	FALSE	NA	NA	NA	NA	NA	NA
NC_045512.2	28737	C	T	68813	48730	38	10	6	43	0.000145296	68825	0.227227	FALSE	NA	NA	NA	NA	NA	NA
NC_045512.2	28737	C	A	68813	48730	38	2	2	34	2.90592e-05	68825	1	FALSE	NA	NA	NA	NA	NA	NA
NC_045512.2	28738	T	C	69501	49494	38	18	14	38	0.000258922	69519	1	FALSE	NA	NA	NA	NA	NA	NA
NC_045512.2	28739	G	T	69486	49451	38	1	1	34	1.4385e-05	69517	1	FALSE	NA	NA	NA	NA	NA	NA
NC_045512.2	28739	G	C	69486	49451	38	1	0	34	1.4385e-05	69517	1	FALSE	NA	NA	NA	NA	NA	NA
NC_045512.2	28739	G	A	69486	49451	38	29	19	35	0.000417164	69517	0.999987	FALSE	NA	NA	NA	NA	NA	NA
NC_045512.2	28740	C	G	70663	50789	38	2	2	34	2.83026e-05	70665	1	FALSE	NA	NA	NA	NA	NA	NA
NC_045512.2	28740	C	-A	70663	50789	38	2	0	20	2.83026e-05	70665	1	FALSE	NA	NA	NA	NA	NA	NA
NC_045512.2	28741	A	G	70411	50571	38	8	5	37	0.000113606	70419	1	FALSE	NA	NA	NA	NA	NA	NA
NC_045512.2	28742	A	G	70550	50792	38	8	7	37	0.00011338	70559	1	FALSE	NA	NA	NA	NA	NA	NA
NC_045512.2	28742	A	C	70550	50792	38	1	0	24	1.41725e-05	70559	1	FALSE	NA	NA	NA	NA	NA	NA
NC_045512.2	28743	T	C	70367	50640	38	5	4	34	7.1049e-05	70374	1	FALSE	NA	NA	NA	NA	NA	NA
NC_045512.2	28743	T	A	70367	50640	38	2	1	26	2.84196e-05	70374	1	FALSE	NA	NA	NA	NA	NA	NA
NC_045512.2	28744	C	T	69789	50745	38	3	3	34	4.29843e-05	69793	1	FALSE	NA	NA	NA	NA	NA	NA
NC_045512.2	28744	C	A	69789	50745	38	1	1	34	1.43281e-05	69793	1	FALSE	NA	NA	NA	NA	NA	NA
NC_045512.2	28745	G	T	69712	50557	38	2	2	34	2.8687e-05	69718	1	FALSE	NA	NA	NA	NA	NA	NA
NC_045512.2	28745	G	C	69712	50557	38	2	1	34	2.8687e-05	69718	1	FALSE	NA	NA	NA	NA	NA	NA
NC_045512.2	28745	G	A	69712	50557	38	2	2	34	2.8687e-05	69718	1	FALSE	NA	NA	NA	NA	NA	NA
NC_045512.2	28746	T	C	70432	50559	38	8	6	42	0.000113567	70443	0.499978	FALSE	NA	NA	NA	NA	NA	NA
NC_045512.2	28746	T	A	70432	50559	38	3	2	28	4.25876e-05	70443	1	FALSE	NA	NA	NA	NA	NA	NA
NC_045512.2	28746	T	-G	70432	50559	38	1	0	20	1.41959e-05	70443	1	FALSE	NA	NA	NA	NA	NA	NA
NC_045512.2	28747	G	C	70246	50452	38	4	0	34	5.69338e-05	70257	1	FALSE	NA	NA	NA	NA	NA	NA
NC_045512.2	28747	G	A	70246	50452	38	7	2	34	9.96342e-05	70257	1	FALSE	NA	NA	NA	NA	NA	NA
NC_045512.2	28748	C	T	69709	50835	38	12	7	34	0.000172112	69722	1	FALSE	NA	NA	NA	NA	NA	NA
NC_045512.2	28748	C	A	69709	50835	38	1	1	34	1.43427e-05	69722	1	FALSE	NA	NA	NA	NA	NA	NA
NC_045512.2	28749	T	G	73680	55325	38	2	1	30	2.71345e-05	73707	1	FALSE	NA	NA	NA	NA	NA	NA
NC_045512.2	28749	T	C	73680	55325	38	22	15	41	0.000298479	73707	0.00406026	TRUE	NA	NA	NA	NA	NA	NA
NC_045512.2	28749	T	A	73680	55325	38	3	1	34	4.07017e-05	73707	1	FALSE	NA	NA	NA	NA	NA	NA
NC_045512.2	28750	A	T	73609	55308	38	3	2	31	4.07454e-05	73628	1	FALSE	NA	NA	NA	NA	NA	NA
NC_045512.2	28750	A	G	73609	55308	38	14	10	40	0.000190145	73628	0.0945867	FALSE	NA	NA	NA	NA	NA	NA
NC_045512.2	28750	A	C	73609	55308	38	2	2	26	2.71636e-05	73628	1	FALSE	NA	NA	NA	NA	NA	NA
NC_045512.2	28752	A	G	74810	56717	38	9	9	33	0.000120282	74824	1	FALSE	NA	NA	NA	NA	NA	NA
NC_045512.2	28752	A	C	74810	56717	38	5	5	29	6.68235e-05	74824	1	FALSE	NA	NA	NA	NA	NA	NA
NC_045512.2	28753	A	G	74801	56649	38	1	0	34	1.33686e-05	74802	1	FALSE	NA	NA	NA	NA	NA	NA
NC_045512.2	28754	C	T	75035	57206	38	1	0	68	1.33268e-05	75037	0.5	FALSE	NA	NA	NA	NA	NA	NA
NC_045512.2	28754	C	G	75035	57206	38	1	0	34	1.33268e-05	75037	1	FALSE	NA	NA	NA	NA	NA	NA
NC_045512.2	28755	T	G	72805	55018	38	1	1	34	1.37319e-05	72823	1	FALSE	NA	NA	NA	NA	NA	NA
NC_045512.2	28755	T	C	72805	55018	38	17	12	36	0.000233443	72823	1	FALSE	NA	NA	NA	NA	NA	NA
NC_045512.2	28756	T	G	72845	55078	38	1	0	27	1.37263e-05	72853	1	FALSE	NA	NA	NA	NA	NA	NA
NC_045512.2	28756	T	C	72845	55078	38	7	5	34	9.60839e-05	72853	1	FALSE	NA	NA	NA	NA	NA	NA
NC_045512.2	28757	C	T	73212	55392	38	4	1	34	5.46306e-05	73219	1	FALSE	NA	NA	NA	NA	NA	NA
NC_045512.2	28757	C	G	73212	55392	38	3	2	34	4.0973e-05	73219	1	FALSE	NA	NA	NA	NA	NA	NA
NC_045512.2	28758	C	G	72677	55948	38	1	0	68	1.37591e-05	72679	0.5	FALSE	NA	NA	NA	NA	NA	NA
NC_045512.2	28758	C	A	72677	55948	38	1	1	34	1.37591e-05	72679	1	FALSE	NA	NA	NA	NA	NA	NA
NC_045512.2	28759	T	C	74406	57909	38	3	3	34	4.03177e-05	74409	1	FALSE	NA	NA	NA	NA	NA	NA
NC_045512.2	28760	C	T	74435	57995	38	1	0	34	1.3434e-05	74438	1	FALSE	NA	NA	NA	NA	NA	NA
NC_045512.2	28760	C	A	74435	57995	38	2	0	47	2.6868e-05	74438	0.980472	FALSE	NA	NA	NA	NA	NA	NA
NC_045512.2	28761	A	T	74211	57785	38	1	1	34	1.34738e-05	74218	1	FALSE	NA	NA	NA	NA	NA	NA
NC_045512.2	28761	A	G	74211	57785	38	4	4	32	5.38953e-05	74218	1	FALSE	NA	NA	NA	NA	NA	NA
NC_045512.2	28761	A	C	74211	57785	38	2	2	34	2.69476e-05	74218	1	FALSE	NA	NA	NA	NA	NA	NA
NC_045512.2	28762	A	G	74119	58083	37	5	3	40	6.74491e-05	74130	0.80613	FALSE	NA	NA	NA	NA	NA	NA
NC_045512.2	28762	A	C	74119	58083	37	6	6	30	8.09389e-05	74130	1	FALSE	NA	NA	NA	NA	NA	NA
NC_045512.2	28763	G	A	73885	58068	37	2	2	34	2.70684e-05	73887	1	FALSE	NA	NA	NA	NA	NA	NA
NC_045512.2	28764	G	T	73894	58676	37	2	2	26	2.70643e-05	73898	1	FALSE	NA	NA	NA	NA	NA	NA
NC_045512.2	28764	G	C	73894	58676	37	1	1	34	1.35322e-05	73898	1	FALSE	NA	NA	NA	NA	NA	NA
NC_045512.2	28764	G	A	73894	58676	37	1	1	34	1.35322e-05	73898	1	FALSE	NA	NA	NA	NA	NA	NA
NC_045512.2	28765	A	T	73642	58508	37	2	2	30	2.71533e-05	73656	1	FALSE	NA	NA	NA	NA	NA	NA
NC_045512.2	28765	A	G	73642	58508	37	12	12	36	0.00016292	73656	1	FALSE	NA	NA	NA	NA	NA	NA
NC_045512.2	28766	A	T	73431	58552	37	4	4	30	5.44625e-05	73445	1	FALSE	NA	NA	NA	NA	NA	NA
NC_045512.2	28766	A	G	73431	58552	37	9	5	40	0.000122541	73445	0.401762	FALSE	NA	NA	NA	NA	NA	NA
NC_045512.2	28766	A	C	73431	58552	37	1	1	34	1.36156e-05	73445	1	FALSE	NA	NA	NA	NA	NA	NA
NC_045512.2	28767	C	T	73790	58711	37	2	2	26	2.71032e-05	73792	1	FALSE	NA	NA	NA	NA	NA	NA
NC_045512.2	28768	A	G	75235	60518	37	7	6	34	9.30319e-05	75243	1	FALSE	NA	NA	NA	NA	NA	NA
NC_045512.2	28768	A	C	75235	60518	37	1	1	34	1.32903e-05	75243	1	FALSE	NA	NA	NA	NA	NA	NA
NC_045512.2	28769	A	T	75432	60741	37	2	2	34	2.65101e-05	75443	1	FALSE	NA	NA	NA	NA	NA	NA
NC_045512.2	28769	A	G	75432	60741	37	8	7	32	0.00010604	75443	1	FALSE	NA	NA	NA	NA	NA	NA
NC_045512.2	28769	A	C	75432	60741	37	1	1	34	1.3255e-05	75443	1	FALSE	NA	NA	NA	NA	NA	NA
NC_045512.2	28770	C	T	74691	61334	37	1	0	34	1.3388e-05	74694	1	FALSE	NA	NA	NA	NA	NA	NA
NC_045512.2	28770	C	G	74691	61334	37	1	1	26	1.3388e-05	74694	1	FALSE	NA	NA	NA	NA	NA	NA
NC_045512.2	28770	C	A	74691	61334	37	1	0	34	1.3388e-05	74694	1	FALSE	NA	NA	NA	NA	NA	NA
NC_045512.2	28771	A	T	73673	60417	37	1	0	26	1.35722e-05	73680	1	FALSE	NA	NA	NA	NA	NA	NA
NC_045512.2	28771	A	G	73673	60417	37	5	2	40	6.7861e-05	73680	0.806156	FALSE	NA	NA	NA	NA	NA	NA
NC_045512.2	28771	A	C	73673	60417	37	1	1	26	1.35722e-05	73680	1	FALSE	NA	NA	NA	NA	NA	NA
NC_045512.2	28772	T	G	72010	58834	36	1	1	34	1.3886e-05	72015	1	FALSE	NA	NA	NA	NA	NA	NA
NC_045512.2	28772	T	C	72010	58834	36	4	4	34	5.5544e-05	72015	1	FALSE	NA	NA	NA	NA	NA	NA
NC_045512.2	28772	T	+C	72010	58834	36	1	0	20	1.3886e-05	72015	1	FALSE	NA	NA	NA	NA	NA	NA
NC_045512.2	28773	T	C	72928	60050	37	13	11	34	0.000178226	72941	1	FALSE	NA	NA	NA	NA	NA	NA
NC_045512.2	28774	G	T	73483	60483	37	2	1	51	2.72127e-05	73495	0.249968	FALSE	NA	NA	NA	NA	NA	NA
NC_045512.2	28774	G	A	73483	60483	37	10	7	48	0.000136064	73495	0.314509	FALSE	NA	NA	NA	NA	NA	NA
NC_045512.2	28775	C	T	73610	61208	37	7	6	38	9.50841e-05	73619	1	FALSE	NA	NA	NA	NA	NA	NA
NC_045512.2	28775	C	G	73610	61208	37	1	0	24	1.35834e-05	73619	1	FALSE	NA	NA	NA	NA	NA	NA
NC_045512.2	28775	C	A	73610	61208	37	1	1	34	1.35834e-05	73619	1	FALSE	NA	NA	NA	NA	NA	NA
NC_045512.2	28776	C	T	73732	61712	37	2	2	34	2.71231e-05	73738	1	FALSE	NA	NA	NA	NA	NA	NA
NC_045512.2	28776	C	G	73732	61712	37	2	1	30	2.71231e-05	73738	1	FALSE	NA	NA	NA	NA	NA	NA
NC_045512.2	28776	C	A	73732	61712	37	2	1	30	2.71231e-05	73738	1	FALSE	NA	NA	NA	NA	NA	NA
NC_045512.2	28776	C	-A	73732	61712	37	71	0	20	0.000962869	73738	1	FALSE	NA	NA	NA	NA	NA	NA
NC_045512.2	28776	C	+A	73732	61712	37	1	0	20	1.35615e-05	73738	1	FALSE	NA	NA	NA	NA	NA	NA
NC_045512.2	28777	A	T	73295	61294	37	2	2	34	2.72818e-05	73309	1	FALSE	NA	NA	NA	NA	NA	NA
NC_045512.2	28777	A	G	73295	61294	37	12	10	36	0.000163691	73309	1	FALSE	NA	NA	NA	NA	NA	NA
NC_045512.2	28778	A	T	73385	62690	36	2	2	34	2.72476e-05	73401	1	FALSE	NA	NA	NA	NA	NA	NA
NC_045512.2	28778	A	G	73385	62690	36	13	12	35	0.000177109	73401	1	FALSE	NA	NA	NA	NA	NA	NA
NC_045512.2	28778	A	C	73385	62690	36	1	1	34	1.36238e-05	73401	1	FALSE	NA	NA	NA	NA	NA	NA
NC_045512.2	28779	A	G	73527	62675	37	2	1	36	2.71994e-05	73531	1	FALSE	NA	NA	NA	NA	NA	NA
NC_045512.2	28779	A	C	73527	62675	37	2	2	26	2.71994e-05	73531	1	FALSE	NA	NA	NA	NA	NA	NA
NC_045512.2	28780	A	T	73532	62833	37	1	1	34	1.35914e-05	73576	1	FALSE	NA	NA	NA	NA	NA	NA
NC_045512.2	28780	A	G	73532	62833	37	38	36	38	0.000516473	73576	0.999716	FALSE	NA	NA	NA	NA	NA	NA
NC_045512.2	28780	A	C	73532	62833	37	5	5	32	6.79569e-05	73576	1	FALSE	NA	NA	NA	NA	NA	NA
NC_045512.2	28781	G	T	73781	62974	37	3	3	34	4.06581e-05	73786	1	FALSE	NA	NA	NA	NA	NA	NA
NC_045512.2	28781	G	C	73781	62974	37	2	2	34	2.71054e-05	73786	1	FALSE	NA	NA	NA	NA	NA	NA
NC_045512.2	28782	G	C	73585	62816	37	1	0	68	1.3589e-05	73589	0.499993	FALSE	NA	NA	NA	NA	NA	NA
NC_045512.2	28782	G	A	73585	62816	37	3	2	31	4.0767e-05	73589	1	FALSE	NA	NA	NA	NA	NA	NA
NC_045512.2	28783	C	T	77182	66725	37	1	0	68	1.29557e-05	77186	0.499994	FALSE	NA	NA	NA	NA	NA	NA
NC_045512.2	28783	C	A	77182	66725	37	3	3	34	3.88672e-05	77186	1	FALSE	NA	NA	NA	NA	NA	NA
NC_045512.2	28784	T	C	76802	66416	37	18	18	34	0.000234302	76824	1	FALSE	NA	NA	NA	NA	NA	NA
NC_045512.2	28784	T	A	76802	66416	37	4	4	34	5.20671e-05	76824	1	FALSE	NA	NA	NA	NA	NA	NA
NC_045512.2	28785	T	C	77177	66899	37	5	4	34	6.47811e-05	77183	1	FALSE	NA	NA	NA	NA	NA	NA
NC_045512.2	28785	T	A	77177	66899	37	1	1	34	1.29562e-05	77183	1	FALSE	NA	NA	NA	NA	NA	NA
NC_045512.2	28786	C	T	76019	68350	36	3	3	31	3.94617e-05	76023	1	FALSE	NA	NA	NA	NA	NA	NA
NC_045512.2	28786	C	A	76019	68350	36	1	1	34	1.31539e-05	76023	1	FALSE	NA	NA	NA	NA	NA	NA
NC_045512.2	28787	T	G	78339	70919	36	2	2	34	2.55271e-05	78348	1	FALSE	NA	NA	NA	NA	NA	NA
NC_045512.2	28787	T	C	78339	70919	36	7	6	38	8.9345e-05	78348	1	FALSE	NA	NA	NA	NA	NA	NA
NC_045512.2	28788	A	T	80019	72089	36	3	2	31	3.74845e-05	80033	1	FALSE	NA	NA	NA	NA	NA	NA
NC_045512.2	28788	A	G	80019	72089	36	10	10	34	0.000124948	80033	1	FALSE	NA	NA	NA	NA	NA	NA
NC_045512.2	28788	A	C	80019	72089	36	1	1	26	1.24948e-05	80033	1	FALSE	NA	NA	NA	NA	NA	NA
NC_045512.2	28789	C	T	80187	72313	36	12	10	31	0.000149622	80202	1	FALSE	NA	NA	NA	NA	NA	NA
NC_045512.2	28789	C	G	80187	72313	36	1	0	27	1.24685e-05	80202	1	FALSE	NA	NA	NA	NA	NA	NA
NC_045512.2	28789	C	A	80187	72313	36	2	2	34	2.4937e-05	80202	1	FALSE	NA	NA	NA	NA	NA	NA
NC_045512.2	28790	G	T	79511	71594	36	1	1	26	1.2575e-05	79523	1	FALSE	NA	NA	NA	NA	NA	NA
NC_045512.2	28790	G	C	79511	71594	36	1	1	34	1.2575e-05	79523	1	FALSE	NA	NA	NA	NA	NA	NA
NC_045512.2	28790	G	A	79511	71594	36	10	4	34	0.00012575	79523	1	FALSE	NA	NA	NA	NA	NA	NA
NC_045512.2	28791	C	T	79770	72254	36	4	4	30	5.0141e-05	79775	1	FALSE	NA	NA	NA	NA	NA	NA
NC_045512.2	28791	C	G	79770	72254	36	1	1	34	1.25353e-05	79775	1	FALSE	NA	NA	NA	NA	NA	NA
NC_045512.2	28792	A	G	78664	71192	36	12	12	34	0.000152517	78680	1	FALSE	NA	NA	NA	NA	NA	NA
NC_045512.2	28792	A	C	78664	71192	36	4	4	34	5.08388e-05	78680	1	FALSE	NA	NA	NA	NA	NA	NA
NC_045512.2	28793	G	T	79206	71321	36	2	2	30	2.52481e-05	79214	1	FALSE	NA	NA	NA	NA	NA	NA
NC_045512.2	28793	G	C	79206	71321	36	3	3	34	3.78721e-05	79214	1	FALSE	NA	NA	NA	NA	NA	NA
NC_045512.2	28793	G	A	79206	71321	36	3	3	34	3.78721e-05	79214	1	FALSE	NA	NA	NA	NA	NA	NA
NC_045512.2	28793	G	-A	79206	71321	36	2	0	20	2.52481e-05	79214	1	FALSE	NA	NA	NA	NA	NA	NA
NC_045512.2	28794	A	T	82057	74525	36	2	2	29	2.43703e-05	82067	1	FALSE	NA	NA	NA	NA	NA	NA
NC_045512.2	28794	A	G	82057	74525	36	3	3	28	3.65555e-05	82067	1	FALSE	NA	NA	NA	NA	NA	NA
NC_045512.2	28794	A	C	82057	74525	36	5	5	34	6.09258e-05	82067	1	FALSE	NA	NA	NA	NA	NA	NA
NC_045512.2	28795	A	T	82138	74579	36	4	4	34	4.86896e-05	82153	1	FALSE	NA	NA	NA	NA	NA	NA
NC_045512.2	28795	A	G	82138	74579	36	8	7	45	9.73793e-05	82153	0.598138	FALSE	NA	NA	NA	NA	NA	NA
NC_045512.2	28795	A	C	82138	74579	36	3	3	34	3.65172e-05	82153	1	FALSE	NA	NA	NA	NA	NA	NA
NC_045512.2	28796	G	C	81888	74881	36	3	3	31	3.66296e-05	81901	1	FALSE	NA	NA	NA	NA	NA	NA
NC_045512.2	28796	G	A	81888	74881	36	10	10	34	0.000122099	81901	1	FALSE	NA	NA	NA	NA	NA	NA
NC_045512.2	28797	G	T	78620	71773	36	1	1	34	1.27186e-05	78625	1	FALSE	NA	NA	NA	NA	NA	NA
NC_045512.2	28797	G	C	78620	71773	36	2	2	26	2.54372e-05	78625	1	FALSE	NA	NA	NA	NA	NA	NA
NC_045512.2	28797	G	A	78620	71773	36	2	0	34	2.54372e-05	78625	1	FALSE	NA	NA	NA	NA	NA	NA
NC_045512.2	28797	G	+GGAAC	78620	71773	36	1	0	20	1.27186e-05	78625	1	FALSE	NA	NA	NA	NA	NA	NA
NC_045512.2	28797	G	+GAAC	78620	71773	36	2	0	20	2.54372e-05	78625	1	FALSE	NA	NA	NA	NA	NA	NA
NC_045512.2	28797	G	+AAC	78620	71773	36	2	0	20	2.54372e-05	78625	1	FALSE	NA	NA	NA	NA	NA	NA
NC_045512.2	28798	G	T	82588	76053	36	4	4	34	4.84267e-05	82599	1	FALSE	NA	NA	NA	NA	NA	NA
NC_045512.2	28798	G	C	82588	76053	36	2	2	34	2.42134e-05	82599	1	FALSE	NA	NA	NA	NA	NA	NA
NC_045512.2	28798	G	A	82588	76053	36	5	5	34	6.05334e-05	82599	1	FALSE	NA	NA	NA	NA	NA	NA
NC_045512.2	28799	A	T	82137	75634	37	3	3	34	3.65195e-05	82148	1	FALSE	NA	NA	NA	NA	NA	NA
NC_045512.2	28799	A	G	82137	75634	37	8	7	32	9.73852e-05	82148	1	FALSE	NA	NA	NA	NA	NA	NA
NC_045512.2	28800	G	T	81605	75088	36	2	2	34	2.45038e-05	81620	1	FALSE	NA	NA	NA	NA	NA	NA
NC_045512.2	28800	G	C	81605	75088	36	1	1	34	1.22519e-05	81620	1	FALSE	NA	NA	NA	NA	NA	NA
NC_045512.2	28800	G	A	81605	75088	36	12	11	34	0.000147023	81620	1	FALSE	NA	NA	NA	NA	NA	NA
NC_045512.2	28801	C	T	82164	75725	36	11	10	36	0.000133848	82183	1	FALSE	NA	NA	NA	NA	NA	NA
NC_045512.2	28801	C	G	82164	75725	36	3	1	31	3.65039e-05	82183	1	FALSE	NA	NA	NA	NA	NA	NA
NC_045512.2	28801	C	A	82164	75725	36	5	5	32	6.08398e-05	82183	1	FALSE	NA	NA	NA	NA	NA	NA
NC_045512.2	28802	A	T	70440	64077	37	15	15	34	0.000212805	70487	1	FALSE	NA	NA	NA	NA	NA	NA
NC_045512.2	28802	A	G	70440	64077	37	13	13	36	0.000184431	70487	1	FALSE	NA	NA	NA	NA	NA	NA
NC_045512.2	28802	A	C	70440	64077	37	19	18	39	0.000269553	70487	1	FALSE	NA	NA	NA	NA	NA	NA
NC_045512.2	28802	A	-G	70440	64077	37	1	0	20	1.4187e-05	70487	1	FALSE	NA	NA	NA	NA	NA	NA
NC_045512.2	28803	G	T	70455	64133	37	1	1	34	1.41922e-05	70461	1	FALSE	NA	NA	NA	NA	NA	NA
NC_045512.2	28803	G	C	70455	64133	37	1	1	26	1.41922e-05	70461	1	FALSE	NA	NA	NA	NA	NA	NA
NC_045512.2	28803	G	A	70455	64133	37	4	3	42	5.6769e-05	70461	0.886719	FALSE	NA	NA	NA	NA	NA	NA
NC_045512.2	28804	A	T	74868	69306	37	6	6	39	8.01143e-05	74893	1	FALSE	NA	NA	NA	NA	NA	NA
NC_045512.2	28804	A	G	74868	69306	37	8	7	33	0.000106819	74893	1	FALSE	NA	NA	NA	NA	NA	NA
NC_045512.2	28804	A	C	74868	69306	37	11	11	33	0.000146876	74893	1	FALSE	NA	NA	NA	NA	NA	NA
NC_045512.2	28805	G	A	74889	69318	37	7	7	34	9.34629e-05	74896	1	FALSE	NA	NA	NA	NA	NA	NA
NC_045512.2	28806	G	T	77070	71900	37	1	1	27	1.29745e-05	77074	1	FALSE	NA	NA	NA	NA	NA	NA
NC_045512.2	28806	G	A	77070	71900	37	3	3	34	3.89236e-05	77074	1	FALSE	NA	NA	NA	NA	NA	NA
NC_045512.2	28807	C	T	75836	70965	38	19	18	45	0.000250475	75856	0.0144729	FALSE	NA	NA	NA	NA	NA	NA
NC_045512.2	28807	C	A	75836	70965	38	1	1	34	1.31829e-05	75856	1	FALSE	NA	NA	NA	NA	NA	NA
NC_045512.2	28808	G	A	75778	70892	38	5	5	34	6.59779e-05	75783	1	FALSE	NA	NA	NA	NA	NA	NA
NC_045512.2	28809	G	T	75535	70899	37	1	1	34	1.32324e-05	75572	1	FALSE	NA	NA	NA	NA	NA	NA
NC_045512.2	28809	G	A	75535	70899	37	36	35	35	0.000476367	75572	0.999938	FALSE	NA	NA	NA	NA	NA	NA
NC_045512.2	28810	C	T	75648	71024	37	38	38	34	0.000502074	75686	0.999846	FALSE	NA	NA	NA	NA	NA	NA
NC_045512.2	28811	A	T	75639	70993	37	1	1	34	1.32182e-05	75653	1	FALSE	NA	NA	NA	NA	NA	NA
NC_045512.2	28811	A	G	75639	70993	37	13	13	33	0.000171837	75653	1	FALSE	NA	NA	NA	NA	NA	NA
NC_045512.2	28812	G	T	75690	71037	37	2	2	34	2.6419e-05	75703	1	FALSE	NA	NA	NA	NA	NA	NA
NC_045512.2	28812	G	A	75690	71037	37	11	11	34	0.000145305	75703	1	FALSE	NA	NA	NA	NA	NA	NA
NC_045512.2	28813	T	G	75462	70879	37	1	0	27	1.32496e-05	75474	1	FALSE	NA	NA	NA	NA	NA	NA
NC_045512.2	28813	T	C	75462	70879	37	9	7	49	0.000119246	75474	0.401784	FALSE	NA	NA	NA	NA	NA	NA
NC_045512.2	28813	T	A	75462	70879	37	2	2	51	2.64992e-05	75474	0.249969	FALSE	NA	NA	NA	NA	NA	NA
NC_045512.2	28813	T	-C	75462	70879	37	1	0	20	1.32496e-05	75474	1	FALSE	NA	NA	NA	NA	NA	NA
NC_045512.2	28813	T	+CAAGC	75462	70879	37	1	0	20	1.32496e-05	75474	1	FALSE	NA	NA	NA	NA	NA	NA
NC_045512.2	28814	C	T	75272	70707	37	4	4	32	5.31378e-05	75276	1	FALSE	NA	NA	NA	NA	NA	NA
NC_045512.2	28815	A	T	74943	70387	37	2	2	30	2.6678e-05	74968	1	FALSE	NA	NA	NA	NA	NA	NA
NC_045512.2	28815	A	G	74943	70387	37	18	18	34	0.000240102	74968	1	FALSE	NA	NA	NA	NA	NA	NA
NC_045512.2	28815	A	C	74943	70387	37	5	5	30	6.66951e-05	74968	1	FALSE	NA	NA	NA	NA	NA	NA
NC_045512.2	28816	A	T	75069	70537	37	4	4	32	5.32744e-05	75083	1	FALSE	NA	NA	NA	NA	NA	NA
NC_045512.2	28816	A	G	75069	70537	37	9	8	37	0.000119867	75083	1	FALSE	NA	NA	NA	NA	NA	NA
NC_045512.2	28816	A	C	75069	70537	37	1	1	34	1.33186e-05	75083	1	FALSE	NA	NA	NA	NA	NA	NA
NC_045512.2	28817	G	C	74983	70594	37	1	1	34	1.33342e-05	74995	1	FALSE	NA	NA	NA	NA	NA	NA
NC_045512.2	28817	G	A	74983	70594	37	11	11	34	0.000146676	74995	1	FALSE	NA	NA	NA	NA	NA	NA
NC_045512.2	28818	C	T	74722	70764	37	5	5	30	6.69093e-05	74728	1	FALSE	NA	NA	NA	NA	NA	NA
NC_045512.2	28818	C	G	74722	70764	37	1	1	34	1.33819e-05	74728	1	FALSE	NA	NA	NA	NA	NA	NA
NC_045512.2	28819	C	T	74657	70713	37	2	2	34	2.6786e-05	74666	1	FALSE	NA	NA	NA	NA	NA	NA
NC_045512.2	28819	C	G	74657	70713	37	1	1	27	1.3393e-05	74666	1	FALSE	NA	NA	NA	NA	NA	NA
NC_045512.2	28819	C	A	74657	70713	37	6	6	34	8.03579e-05	74666	1	FALSE	NA	NA	NA	NA	NA	NA
NC_045512.2	28820	T	G	70614	66709	36	1	1	34	1.41575e-05	70634	1	FALSE	NA	NA	NA	NA	NA	NA
NC_045512.2	28820	T	C	70614	66709	36	17	17	33	0.000240677	70634	1	FALSE	NA	NA	NA	NA	NA	NA
NC_045512.2	28820	T	A	70614	66709	36	2	2	34	2.8315e-05	70634	1	FALSE	NA	NA	NA	NA	NA	NA
NC_045512.2	28821	C	T	71762	67922	37	5	5	29	6.96689e-05	71768	1	FALSE	NA	NA	NA	NA	NA	NA
NC_045512.2	28821	C	A	71762	67922	37	1	1	34	1.39338e-05	71768	1	FALSE	NA	NA	NA	NA	NA	NA
NC_045512.2	28822	T	G	71511	67669	37	2	2	29	2.79638e-05	71521	1	FALSE	NA	NA	NA	NA	NA	NA
NC_045512.2	28822	T	C	71511	67669	37	8	8	38	0.000111855	71521	1	FALSE	NA	NA	NA	NA	NA	NA
NC_045512.2	28823	T	C	65668	61824	34	9	9	36	0.000137034	65677	1	FALSE	NA	NA	NA	NA	NA	NA
NC_045512.2	28824	C	T	71496	68056	36	5	5	34	6.99291e-05	71501	1	FALSE	NA	NA	NA	NA	NA	NA
NC_045512.2	28825	T	C	70540	67108	37	8	8	37	0.000113398	70548	1	FALSE	NA	NA	NA	NA	NA	NA
NC_045512.2	28825	T	+CGTTCC	70540	67108	37	1	0	20	1.41747e-05	70548	1	FALSE	NA	NA	NA	NA	NA	NA
NC_045512.2	28826	C	T	70081	66682	36	3	3	34	4.28052e-05	70085	1	FALSE	NA	NA	NA	NA	NA	NA
NC_045512.2	28826	C	A	70081	66682	36	1	1	34	1.42684e-05	70085	1	FALSE	NA	NA	NA	NA	NA	NA
NC_045512.2	28827	G	T	69742	66348	36	1	1	26	1.43377e-05	69746	1	FALSE	NA	NA	NA	NA	NA	NA
NC_045512.2	28827	G	A	69742	66348	36	3	3	28	4.30132e-05	69746	1	FALSE	NA	NA	NA	NA	NA	NA
NC_045512.2	28828	T	C	68496	65315	36	10	9	36	0.000145973	68506	1	FALSE	NA	NA	NA	NA	NA	NA
NC_045512.2	28829	T	G	69064	65892	36	1	1	26	1.4477e-05	69075	1	FALSE	NA	NA	NA	NA	NA	NA
NC_045512.2	28829	T	C	69064	65892	36	10	10	32	0.00014477	69075	1	FALSE	NA	NA	NA	NA	NA	NA
NC_045512.2	28830	C	T	68582	65520	36	6	5	39	8.74776e-05	68589	1	FALSE	NA	NA	NA	NA	NA	NA
NC_045512.2	28830	C	A	68582	65520	36	1	1	34	1.45796e-05	68589	1	FALSE	NA	NA	NA	NA	NA	NA
NC_045512.2	28831	C	T	66979	64017	36	2	2	34	2.9832e-05	67042	1	FALSE	NA	NA	NA	NA	NA	NA
NC_045512.2	28831	C	A	66979	64017	36	61	60	34	0.000909877	67042	0.731935	FALSE	NA	NA	NA	NA	NA	NA
NC_045512.2	28832	T	G	58907	56024	36	2	2	34	3.38885e-05	59017	1	FALSE	NA	NA	NA	NA	NA	NA
NC_045512.2	28832	T	C	58907	56024	36	104	100	35	0.0017622	59017	0.000261257	TRUE	NA	NA	NA	NA	NA	NA
NC_045512.2	28832	T	A	58907	56024	36	4	1	51	6.77771e-05	59017	0.0622745	FALSE	NA	NA	NA	NA	NA	NA
NC_045512.2	28833	C	T	58848	55963	37	3	3	34	5.09675e-05	58861	1	FALSE	NA	NA	NA	NA	NA	NA
NC_045512.2	28833	C	G	58848	55963	37	9	9	34	0.000152903	58861	1	FALSE	NA	NA	NA	NA	NA	NA
NC_045512.2	28833	C	A	58848	55963	37	1	1	34	1.69892e-05	58861	1	FALSE	NA	NA	NA	NA	NA	NA
NC_045512.2	28834	A	T	58513	55634	37	2	2	34	3.41717e-05	58528	1	FALSE	NA	NA	NA	NA	NA	NA
NC_045512.2	28834	A	G	58513	55634	37	7	7	34	0.000119601	58528	1	FALSE	NA	NA	NA	NA	NA	NA
NC_045512.2	28834	A	C	58513	55634	37	6	6	32	0.000102515	58528	1	FALSE	NA	NA	NA	NA	NA	NA
NC_045512.2	28835	T	G	58461	55687	36	1	1	26	1.71045e-05	58464	1	FALSE	NA	NA	NA	NA	NA	NA
NC_045512.2	28835	T	C	58461	55687	36	2	2	34	3.42091e-05	58464	1	FALSE	NA	NA	NA	NA	NA	NA
NC_045512.2	28836	C	T	58366	55641	36	1	1	34	1.71324e-05	58369	1	FALSE	NA	NA	NA	NA	NA	NA
NC_045512.2	28836	C	A	58366	55641	36	2	2	34	3.42648e-05	58369	1	FALSE	NA	NA	NA	NA	NA	NA
NC_045512.2	28837	A	T	57643	54923	36	1	1	34	1.73461e-05	57650	1	FALSE	NA	NA	NA	NA	NA	NA
NC_045512.2	28837	A	G	57643	54923	36	6	6	34	0.000104076	57650	1	FALSE	NA	NA	NA	NA	NA	NA
NC_045512.2	28838	C	T	57649	55022	36	6	6	34	0.000104067	57655	1	FALSE	NA	NA	NA	NA	NA	NA
NC_045512.2	28839	G	T	56143	53529	36	2	2	34	3.56119e-05	56161	1	FALSE	NA	NA	NA	NA	NA	NA
NC_045512.2	28839	G	C	56143	53529	36	2	2	30	3.56119e-05	56161	1	FALSE	NA	NA	NA	NA	NA	NA
NC_045512.2	28839	G	A	56143	53529	36	14	14	33	0.000249283	56161	1	FALSE	NA	NA	NA	NA	NA	NA
NC_045512.2	28840	T	C	55634	53038	36	10	10	33	0.000179714	55644	1	FALSE	NA	NA	NA	NA	NA	NA
NC_045512.2	28840	T	+A	55634	53038	36	4	0	20	7.18856e-05	55644	1	FALSE	NA	NA	NA	NA	NA	NA
NC_045512.2	28841	A	G	54767	52190	36	2	2	34	3.65163e-05	54770	1	FALSE	NA	NA	NA	NA	NA	NA
NC_045512.2	28841	A	C	54767	52190	36	1	1	26	1.82582e-05	54770	1	FALSE	NA	NA	NA	NA	NA	NA
NC_045512.2	28842	G	C	54521	51948	36	2	2	34	3.66818e-05	54523	1	FALSE	NA	NA	NA	NA	NA	NA
NC_045512.2	28843	T	C	54449	51889	36	3	3	34	5.50944e-05	54452	1	FALSE	NA	NA	NA	NA	NA	NA
NC_045512.2	28844	C	T	54028	51488	36	7	5	48	0.000129538	54038	0.387176	FALSE	NA	NA	NA	NA	NA	NA
NC_045512.2	28844	C	A	54028	51488	36	3	3	34	5.55165e-05	54038	1	FALSE	NA	NA	NA	NA	NA	NA
NC_045512.2	28845	G	T	53589	51047	36	1	1	34	1.86428e-05	53640	1	FALSE	NA	NA	NA	NA	NA	NA
NC_045512.2	28845	G	C	53589	51047	36	2	2	34	3.72856e-05	53640	1	FALSE	NA	NA	NA	NA	NA	NA
NC_045512.2	28845	G	A	53589	51047	36	48	48	34	0.000894855	53640	0.724677	FALSE	NA	NA	NA	NA	NA	NA
NC_045512.2	28846	C	T	53685	51604	36	3	3	31	5.58763e-05	53690	1	FALSE	NA	NA	NA	NA	NA	NA
NC_045512.2	28846	C	A	53685	51604	36	2	2	34	3.72509e-05	53690	1	FALSE	NA	NA	NA	NA	NA	NA
NC_045512.2	28847	A	T	53389	51313	36	2	2	30	3.74336e-05	53428	1	FALSE	NA	NA	NA	NA	NA	NA
NC_045512.2	28847	A	G	53389	51313	36	37	36	37	0.000692521	53428	0.963778	FALSE	NA	NA	NA	NA	NA	NA
NC_045512.2	28848	A	T	53368	51311	36	1	1	26	1.8735e-05	53376	1	FALSE	NA	NA	NA	NA	NA	NA
NC_045512.2	28848	A	G	53368	51311	36	7	7	38	0.000131145	53376	1	FALSE	NA	NA	NA	NA	NA	NA
NC_045512.2	28849	C	T	53381	51350	36	7	7	32	0.000131108	53391	1	FALSE	NA	NA	NA	NA	NA	NA
NC_045512.2	28849	C	A	53381	51350	36	3	3	34	5.61892e-05	53391	1	FALSE	NA	NA	NA	NA	NA	NA
NC_045512.2	28850	A	T	48249	46254	36	6	6	34	0.000124319	48263	1	FALSE	NA	NA	NA	NA	NA	NA
NC_045512.2	28850	A	G	48249	46254	36	7	7	34	0.000145039	48263	1	FALSE	NA	NA	NA	NA	NA	NA
NC_045512.2	28850	A	C	48249	46254	36	1	1	34	2.07198e-05	48263	1	FALSE	NA	NA	NA	NA	NA	NA
NC_045512.2	28851	G	C	48167	46186	36	1	1	34	2.07585e-05	48173	1	FALSE	NA	NA	NA	NA	NA	NA
NC_045512.2	28851	G	A	48167	46186	36	5	5	34	0.000103793	48173	1	FALSE	NA	NA	NA	NA	NA	NA
NC_045512.2	28852	T	C	44277	42327	35	1	1	34	2.25846e-05	44278	1	FALSE	NA	NA	NA	NA	NA	NA
NC_045512.2	28853	T	C	46532	44604	36	5	5	40	0.000107439	46538	0.5	FALSE	NA	NA	NA	NA	NA	NA
NC_045512.2	28853	T	A	46532	44604	36	1	1	34	2.14878e-05	46538	1	FALSE	NA	NA	NA	NA	NA	NA
NC_045512.2	28853	T	-C	46532	44604	36	1	0	20	2.14878e-05	46538	1	FALSE	NA	NA	NA	NA	NA	NA
NC_045512.2	28854	C	T	60170	45009	35	3	2	34	4.98562e-05	60173	1	FALSE	NA	NA	NA	NA	NA	NA
NC_045512.2	28855	A	T	58837	44169	35	2	1	30	3.39887e-05	58843	1	FALSE	NA	NA	NA	NA	NA	NA
NC_045512.2	28855	A	G	58837	44169	35	4	1	32	6.79775e-05	58843	1	FALSE	NA	NA	NA	NA	NA	NA
NC_045512.2	28856	A	G	59484	44275	35	10	8	34	0.000168079	59496	1	FALSE	NA	NA	NA	NA	NA	NA
NC_045512.2	28856	A	C	59484	44275	35	2	1	30	3.36157e-05	59496	1	FALSE	NA	NA	NA	NA	NA	NA
NC_045512.2	28856	A	+G	59484	44275	35	1	0	20	1.68079e-05	59496	1	FALSE	NA	NA	NA	NA	NA	NA
NC_045512.2	28858	A	T	58554	44021	35	1	1	34	1.70771e-05	58558	1	FALSE	NA	NA	NA	NA	NA	NA
NC_045512.2	28858	A	G	58554	44021	35	3	3	34	5.12313e-05	58558	1	FALSE	NA	NA	NA	NA	NA	NA
NC_045512.2	28859	A	G	59119	43786	35	23	22	38	0.000388895	59142	0.999984	FALSE	NA	NA	NA	NA	NA	NA
NC_045512.2	28860	A	T	57756	41482	35	1	0	34	1.73127e-05	57761	1	FALSE	NA	NA	NA	NA	NA	NA
NC_045512.2	28860	A	G	57756	41482	35	4	3	32	6.92509e-05	57761	1	FALSE	NA	NA	NA	NA	NA	NA
NC_045512.2	28861	T	G	57704	41415	35	1	0	26	1.73283e-05	57709	1	FALSE	NA	NA	NA	NA	NA	NA
NC_045512.2	28861	T	C	57704	41415	35	4	4	34	6.93133e-05	57709	1	FALSE	NA	NA	NA	NA	NA	NA
NC_045512.2	28862	T	C	57689	41456	36	2	2	51	3.46669e-05	57692	0.249998	FALSE	NA	NA	NA	NA	NA	NA
NC_045512.2	28862	T	A	57689	41456	36	1	1	34	1.73334e-05	57692	1	FALSE	NA	NA	NA	NA	NA	NA
NC_045512.2	28862	T	-C	57689	41456	36	1	0	20	1.73334e-05	57692	1	FALSE	NA	NA	NA	NA	NA	NA
NC_045512.2	28863	C	T	57610	41512	35	6	3	34	0.000104132	57619	1	FALSE	NA	NA	NA	NA	NA	NA
NC_045512.2	28863	C	G	57610	41512	35	2	0	30	3.47108e-05	57619	1	FALSE	NA	NA	NA	NA	NA	NA
NC_045512.2	28863	C	A	57610	41512	35	1	0	26	1.73554e-05	57619	1	FALSE	NA	NA	NA	NA	NA	NA
NC_045512.2	28864	A	T	57378	41262	35	1	1	34	1.74249e-05	57389	1	FALSE	NA	NA	NA	NA	NA	NA
NC_045512.2	28864	A	G	57378	41262	35	10	8	34	0.000174249	57389	1	FALSE	NA	NA	NA	NA	NA	NA
NC_045512.2	28865	A	T	57188	41361	35	2	2	34	3.49644e-05	57201	1	FALSE	NA	NA	NA	NA	NA	NA
NC_045512.2	28865	A	G	57188	41361	35	10	8	36	0.000174822	57201	1	FALSE	NA	NA	NA	NA	NA	NA
NC_045512.2	28865	A	C	57188	41361	35	1	1	34	1.74822e-05	57201	1	FALSE	NA	NA	NA	NA	NA	NA
NC_045512.2	28866	C	G	58285	41583	35	3	0	34	5.14686e-05	58288	1	FALSE	NA	NA	NA	NA	NA	NA
NC_045512.2	28867	T	G	57603	40840	35	1	0	34	1.73545e-05	57622	1	FALSE	NA	NA	NA	NA	NA	NA
NC_045512.2	28867	T	C	57603	40840	35	17	15	33	0.000295026	57622	1	FALSE	NA	NA	NA	NA	NA	NA
NC_045512.2	28867	T	A	57603	40840	35	1	1	24	1.73545e-05	57622	1	FALSE	NA	NA	NA	NA	NA	NA
NC_045512.2	28868	C	T	57903	41001	35	1	1	34	1.72688e-05	57908	1	FALSE	NA	NA	NA	NA	NA	NA
NC_045512.2	28868	C	A	57903	41001	35	4	3	34	6.90751e-05	57908	1	FALSE	NA	NA	NA	NA	NA	NA
NC_045512.2	28869	C	T	55598	38749	35	4	4	32	7.19386e-05	55603	1	FALSE	NA	NA	NA	NA	NA	NA
NC_045512.2	28869	C	A	55598	38749	35	1	1	34	1.79846e-05	55603	1	FALSE	NA	NA	NA	NA	NA	NA
NC_045512.2	28870	A	T	55793	38519	35	8	5	34	0.000143287	55832	1	FALSE	NA	NA	NA	NA	NA	NA
NC_045512.2	28870	A	G	55793	38519	35	29	20	35	0.000519415	55832	0.998509	FALSE	NA	NA	NA	NA	NA	NA
NC_045512.2	28870	A	C	55793	38519	35	2	2	34	3.58218e-05	55832	1	FALSE	NA	NA	NA	NA	NA	NA
NC_045512.2	28871	G	T	55866	38599	35	7	7	34	0.000125284	55873	1	FALSE	NA	NA	NA	NA	NA	NA
NC_045512.2	28872	G	T	55522	38266	35	2	2	34	3.60172e-05	55529	1	FALSE	NA	NA	NA	NA	NA	NA
NC_045512.2	28872	G	A	55522	38266	35	5	3	32	9.0043e-05	55529	1	FALSE	NA	NA	NA	NA	NA	NA
NC_045512.2	28873	C	T	55699	38414	35	2	1	34	3.59047e-05	55703	1	FALSE	NA	NA	NA	NA	NA	NA
NC_045512.2	28873	C	A	55699	38414	35	2	0	68	3.59047e-05	55703	0.249993	FALSE	NA	NA	NA	NA	NA	NA
NC_045512.2	28874	A	T	53407	36135	35	5	5	32	9.35594e-05	53442	1	FALSE	NA	NA	NA	NA	NA	NA
NC_045512.2	28874	A	G	53407	36135	35	20	16	33	0.000374237	53442	0.999975	FALSE	NA	NA	NA	NA	NA	NA
NC_045512.2	28874	A	C	53407	36135	35	10	10	32	0.000187119	53442	1	FALSE	NA	NA	NA	NA	NA	NA
NC_045512.2	28875	G	A	52651	35473	35	11	2	37	0.000208879	52662	1	FALSE	NA	NA	NA	NA	NA	NA
NC_045512.2	28876	C	T	52868	35692	35	4	4	34	7.5653e-05	52873	1	FALSE	NA	NA	NA	NA	NA	NA
NC_045512.2	28876	C	G	52868	35692	35	1	1	34	1.89132e-05	52873	1	FALSE	NA	NA	NA	NA	NA	NA
NC_045512.2	28876	C	-A	52868	35692	35	1	0	20	1.89132e-05	52873	1	FALSE	NA	NA	NA	NA	NA	NA
NC_045512.2	28877	A	T	51107	35001	35	1108	43	34	0.0212183	52219	2.55117e-261	TRUE	NA	NA	NA	NA	NA	NA
NC_045512.2	28877	A	G	51107	35001	35	4	3	34	7.66005e-05	52219	1	FALSE	NA	NA	NA	NA	NA	NA
NC_045512.2	28878	G	C	50971	34890	35	1113	44	34	0.0213669	52090	9.28674e-263	TRUE	NA	NA	NA	NA	NA	NA
NC_045512.2	28878	G	A	50971	34890	35	6	2	34	0.000115185	52090	1	FALSE	NA	NA	NA	NA	NA	NA
NC_045512.2	28879	T	C	50504	33404	35	2	0	34	3.95985e-05	50507	1	FALSE	NA	NA	NA	NA	NA	NA
NC_045512.2	28879	T	A	50504	33404	35	1	0	26	1.97992e-05	50507	1	FALSE	NA	NA	NA	NA	NA	NA
NC_045512.2	28880	A	G	50249	33255	35	1	1	34	1.99001e-05	50251	1	FALSE	NA	NA	NA	NA	NA	NA
NC_045512.2	28880	A	C	50249	33255	35	1	1	34	1.99001e-05	50251	1	FALSE	NA	NA	NA	NA	NA	NA
NC_045512.2	28881	G	T	2	1	34	2	2	34	5.07679e-05	39395	6.33118e-06	TRUE	NA	NA	NA	NA	NA	NA
NC_045512.2	28881	G	A	2	1	34	39391	22874	34	0.999898	39395	0	TRUE	NA	NA	NA	NA	NA	NA
NC_045512.2	28882	G	C	3	0	31	1	1	26	2.62936e-05	38032	0.0394718	FALSE	NA	NA	NA	NA	NA	NA
NC_045512.2	28882	G	A	3	0	31	38028	22852	34	0.999895	38032	0	TRUE	NA	NA	NA	NA	NA	NA
NC_045512.2	28883	G	C	3	3	34	39406	22979	35	0.999899	39410	0	TRUE	NA	NA	NA	NA	NA	NA
NC_045512.2	28883	G	A	3	3	34	1	0	34	2.53743e-05	39410	0.00405355	TRUE	NA	NA	NA	NA	NA	NA
NC_045512.2	28884	G	T	51669	23103	34	3	2	34	5.80585e-05	51672	1	FALSE	NA	NA	NA	NA	NA	NA
NC_045512.2	28885	A	G	52231	23105	34	4	3	34	7.6577e-05	52235	1	FALSE	NA	NA	NA	NA	NA	NA
NC_045512.2	28887	C	T	52423	23240	35	1	0	34	1.90752e-05	52424	1	FALSE	NA	NA	NA	NA	NA	NA
NC_045512.2	28888	T	C	52358	23196	35	2	0	34	3.81971e-05	52360	1	FALSE	NA	NA	NA	NA	NA	NA
NC_045512.2	28889	T	C	51930	22262	34	2	0	34	3.85119e-05	51932	1	FALSE	NA	NA	NA	NA	NA	NA
NC_045512.2	28890	C	T	30492	1132	35	1	0	34	3.27933e-05	30494	1	FALSE	NA	NA	NA	NA	NA	NA
NC_045512.2	28890	C	A	30492	1132	35	1	0	34	3.27933e-05	30494	1	FALSE	NA	NA	NA	NA	NA	NA
NC_045512.2	28891	T	C	30545	1135	35	2	1	40	6.54707e-05	30548	0.81251	FALSE	NA	NA	NA	NA	NA	NA
NC_045512.2	28891	T	A	30545	1135	35	1	0	34	3.27354e-05	30548	1	FALSE	NA	NA	NA	NA	NA	NA
NC_045512.2	28892	C	A	30539	1133	35	1	0	34	3.27439e-05	30540	1	FALSE	NA	NA	NA	NA	NA	NA
NC_045512.2	28893	C	T	30606	1201	35	1	0	34	3.26712e-05	30608	1	FALSE	NA	NA	NA	NA	NA	NA
NC_045512.2	28893	C	A	30606	1201	35	1	0	34	3.26712e-05	30608	1	FALSE	NA	NA	NA	NA	NA	NA
NC_045512.2	28894	T	C	30886	1261	35	1	0	34	3.2374e-05	30889	1	FALSE	NA	NA	NA	NA	NA	NA
NC_045512.2	28894	T	A	30886	1261	35	2	0	34	6.4748e-05	30889	1	FALSE	NA	NA	NA	NA	NA	NA
NC_045512.2	28895	G	T	31166	1268	35	1	1	68	3.20832e-05	31169	0.499992	FALSE	NA	NA	NA	NA	NA	NA
NC_045512.2	28895	G	A	31166	1268	35	2	0	34	6.41663e-05	31169	1	FALSE	NA	NA	NA	NA	NA	NA
NC_045512.2	28896	C	T	31241	1272	35	7	0	34	0.000224014	31248	0.999988	FALSE	NA	NA	NA	NA	NA	NA
NC_045512.2	28897	T	C	31344	1314	35	8	0	34	0.000255143	31355	0.999965	FALSE	NA	NA	NA	NA	NA	NA
NC_045512.2	28897	T	A	31344	1314	35	3	0	34	9.56785e-05	31355	1	FALSE	NA	NA	NA	NA	NA	NA
NC_045512.2	28898	A	G	31196	1314	35	4	0	32	0.000128205	31200	1	FALSE	NA	NA	NA	NA	NA	NA
NC_045512.2	28900	A	G	30577	1415	35	2	0	34	6.54044e-05	30579	1	FALSE	NA	NA	NA	NA	NA	NA
NC_045512.2	28901	A	G	31463	1423	35	2	0	34	6.35627e-05	31465	1	FALSE	NA	NA	NA	NA	NA	NA
NC_045512.2	28902	T	A	31488	1588	36	2	1	34	6.35122e-05	31490	1	FALSE	NA	NA	NA	NA	NA	NA
NC_045512.2	28903	G	T	31675	1590	35	1	0	34	3.15686e-05	31677	1	FALSE	NA	NA	NA	NA	NA	NA
NC_045512.2	28903	G	A	31675	1590	35	1	0	34	3.15686e-05	31677	1	FALSE	NA	NA	NA	NA	NA	NA
NC_045512.2	28904	G	C	31775	1608	36	8	0	34	0.000251667	31788	0.999965	FALSE	NA	NA	NA	NA	NA	NA
NC_045512.2	28904	G	A	31775	1608	36	5	0	34	0.000157292	31788	0.999999	FALSE	NA	NA	NA	NA	NA	NA
NC_045512.2	28905	C	T	31717	1609	35	2	0	34	6.30517e-05	31720	1	FALSE	NA	NA	NA	NA	NA	NA
NC_045512.2	28905	C	A	31717	1609	35	1	0	34	3.15259e-05	31720	1	FALSE	NA	NA	NA	NA	NA	NA
NC_045512.2	28906	T	G	31820	1610	36	1	0	34	3.14209e-05	31826	1	FALSE	NA	NA	NA	NA	NA	NA
NC_045512.2	28906	T	C	31820	1610	36	5	0	34	0.000157104	31826	0.999999	FALSE	NA	NA	NA	NA	NA	NA
NC_045512.2	28907	G	A	32265	1610	36	3	0	34	9.29714e-05	32268	1	FALSE	NA	NA	NA	NA	NA	NA
NC_045512.2	28908	G	C	32291	1689	36	2	0	51	6.19253e-05	32297	0.249973	FALSE	NA	NA	NA	NA	NA	NA
NC_045512.2	28908	G	A	32291	1689	36	4	1	42	0.000123851	32297	0.499983	FALSE	NA	NA	NA	NA	NA	NA
NC_045512.2	28909	C	T	32515	1829	36	10	0	34	0.000307437	32527	0.999865	FALSE	NA	NA	NA	NA	NA	NA
NC_045512.2	28909	C	G	32515	1829	36	2	0	30	6.14874e-05	32527	1	FALSE	NA	NA	NA	NA	NA	NA
NC_045512.2	28910	A	G	32509	1835	36	1	0	68	3.07598e-05	32510	0.500008	FALSE	NA	NA	NA	NA	NA	NA
NC_045512.2	28912	T	G	33210	1843	36	4	0	34	0.000120428	33215	1	FALSE	NA	NA	NA	NA	NA	NA
NC_045512.2	28912	T	A	33210	1843	36	1	0	34	3.01069e-05	33215	1	FALSE	NA	NA	NA	NA	NA	NA
NC_045512.2	28913	G	C	33994	1859	36	1	0	34	2.94144e-05	33997	1	FALSE	NA	NA	NA	NA	NA	NA
NC_045512.2	28913	G	A	33994	1859	36	2	1	29	5.88287e-05	33997	1	FALSE	NA	NA	NA	NA	NA	NA
NC_045512.2	28914	G	T	34121	1891	36	6	1	32	0.000175809	34128	0.999999	FALSE	NA	NA	NA	NA	NA	NA
NC_045512.2	28914	G	A	34121	1891	36	1	0	34	2.93015e-05	34128	1	FALSE	NA	NA	NA	NA	NA	NA
NC_045512.2	28914	G	-C	34121	1891	36	2	0	20	5.86029e-05	34128	1	FALSE	NA	NA	NA	NA	NA	NA
NC_045512.2	28915	C	T	34525	1922	36	22	0	34	0.000636721	34552	0.959291	FALSE	NA	NA	NA	NA	NA	NA
NC_045512.2	28915	C	G	34525	1922	36	1	0	26	2.89419e-05	34552	1	FALSE	NA	NA	NA	NA	NA	NA
NC_045512.2	28915	C	A	34525	1922	36	4	1	51	0.000115768	34552	0.0624078	FALSE	NA	NA	NA	NA	NA	NA
NC_045512.2	28916	G	T	34730	1925	36	1	0	34	2.87877e-05	34737	1	FALSE	NA	NA	NA	NA	NA	NA
NC_045512.2	28916	G	A	34730	1925	36	6	1	39	0.000172726	34737	0.999999	FALSE	NA	NA	NA	NA	NA	NA
NC_045512.2	28917	G	A	34841	1930	36	8	0	34	0.000229562	34849	0.999992	FALSE	NA	NA	NA	NA	NA	NA
NC_045512.2	28918	T	C	34825	1991	36	8	3	45	0.000229667	34833	0.113272	FALSE	NA	NA	NA	NA	NA	NA
NC_045512.2	28919	G	T	34965	1991	36	2	0	34	5.71951e-05	34968	1	FALSE	NA	NA	NA	NA	NA	NA
NC_045512.2	28919	G	A	34965	1991	36	1	1	38	2.85976e-05	34968	1	FALSE	NA	NA	NA	NA	NA	NA
NC_045512.2	28920	A	G	35351	2010	36	5	2	47	0.000141419	35356	0.363289	FALSE	NA	NA	NA	NA	NA	NA
NC_045512.2	28921	T	G	35505	2018	36	1	0	34	2.81619e-05	35509	1	FALSE	NA	NA	NA	NA	NA	NA
NC_045512.2	28921	T	C	35505	2018	36	3	0	34	8.44856e-05	35509	1	FALSE	NA	NA	NA	NA	NA	NA
NC_045512.2	28922	G	A	35483	2016	36	2	0	34	5.63618e-05	35485	1	FALSE	NA	NA	NA	NA	NA	NA
NC_045512.2	28923	C	T	35476	2077	36	6	0	34	0.000169095	35483	1	FALSE	NA	NA	NA	NA	NA	NA
NC_045512.2	28923	C	G	35476	2077	36	1	0	34	2.81825e-05	35483	1	FALSE	NA	NA	NA	NA	NA	NA
NC_045512.2	28924	T	C	35512	2065	36	8	0	37	0.000225225	35520	0.999996	FALSE	NA	NA	NA	NA	NA	NA
NC_045512.2	28925	G	C	36560	2066	36	2	1	51	5.46941e-05	36567	0.249969	FALSE	NA	NA	NA	NA	NA	NA
NC_045512.2	28925	G	A	36560	2066	36	5	0	34	0.000136735	36567	1	FALSE	NA	NA	NA	NA	NA	NA
NC_045512.2	28927	T	C	36690	2157	36	4	0	34	0.000109007	36695	1	FALSE	NA	NA	NA	NA	NA	NA
NC_045512.2	28927	T	A	36690	2157	36	1	0	34	2.72517e-05	36695	1	FALSE	NA	NA	NA	NA	NA	NA
NC_045512.2	28928	C	T	36800	2266	36	1	0	34	2.71732e-05	36801	1	FALSE	NA	NA	NA	NA	NA	NA
NC_045512.2	28929	T	C	36809	2263	36	4	0	34	0.000108657	36813	1	FALSE	NA	NA	NA	NA	NA	NA
NC_045512.2	28930	T	C	36768	2367	37	4	2	40	0.000108778	36772	0.500015	FALSE	NA	NA	NA	NA	NA	NA
NC_045512.2	28931	G	A	37183	2367	37	4	0	34	0.000107564	37187	1	FALSE	NA	NA	NA	NA	NA	NA
NC_045512.2	28932	C	T	37218	2394	37	4	1	34	0.000107463	37222	1	FALSE	NA	NA	NA	NA	NA	NA
NC_045512.2	28933	T	G	37246	2398	37	1	0	26	2.68478e-05	37247	1	FALSE	NA	NA	NA	NA	NA	NA
NC_045512.2	28934	T	C	37028	2311	37	4	0	32	0.000108015	37032	1	FALSE	NA	NA	NA	NA	NA	NA
NC_045512.2	28935	T	C	36950	2439	37	4	1	34	0.00010824	36955	1	FALSE	NA	NA	NA	NA	NA	NA
NC_045512.2	28935	T	A	36950	2439	37	1	0	24	2.70599e-05	36955	1	FALSE	NA	NA	NA	NA	NA	NA
NC_045512.2	28936	G	T	36730	2489	37	2	0	34	5.44455e-05	36734	1	FALSE	NA	NA	NA	NA	NA	NA
NC_045512.2	28936	G	C	36730	2489	37	1	0	34	2.72227e-05	36734	1	FALSE	NA	NA	NA	NA	NA	NA
NC_045512.2	28936	G	A	36730	2489	37	1	1	68	2.72227e-05	36734	0.499986	FALSE	NA	NA	NA	NA	NA	NA
NC_045512.2	28937	C	T	35687	2571	37	6	0	34	0.000168095	35694	1	FALSE	NA	NA	NA	NA	NA	NA
NC_045512.2	28937	C	A	35687	2571	37	1	0	34	2.80159e-05	35694	1	FALSE	NA	NA	NA	NA	NA	NA
NC_045512.2	28938	T	C	35824	2563	37	4	0	34	0.000111638	35830	1	FALSE	NA	NA	NA	NA	NA	NA
NC_045512.2	28938	T	A	35824	2563	37	2	1	29	5.58191e-05	35830	1	FALSE	NA	NA	NA	NA	NA	NA
NC_045512.2	28939	G	C	36014	2561	37	1	0	26	2.77654e-05	36016	1	FALSE	NA	NA	NA	NA	NA	NA
NC_045512.2	28939	G	A	36014	2561	37	1	0	34	2.77654e-05	36016	1	FALSE	NA	NA	NA	NA	NA	NA
NC_045512.2	28940	C	G	29430	3229	36	2	0	34	6.79463e-05	29435	1	FALSE	NA	NA	NA	NA	NA	NA
NC_045512.2	28940	C	A	29430	3229	36	3	2	68	0.000101919	29435	0.124987	FALSE	NA	NA	NA	NA	NA	NA
NC_045512.2	28941	T	G	29532	3365	36	5	0	34	0.000169256	29541	0.999997	FALSE	NA	NA	NA	NA	NA	NA
NC_045512.2	28941	T	C	29532	3365	36	4	3	32	0.000135405	29541	0.999999	FALSE	NA	NA	NA	NA	NA	NA
NC_045512.2	28943	C	T	30037	3596	37	2	0	34	6.65801e-05	30039	1	FALSE	NA	NA	NA	NA	NA	NA
NC_045512.2	28944	T	C	30151	3618	37	2	0	34	6.63284e-05	30153	1	FALSE	NA	NA	NA	NA	NA	NA
NC_045512.2	28945	T	G	30193	3854	37	2	0	34	6.6223e-05	30201	1	FALSE	NA	NA	NA	NA	NA	NA
NC_045512.2	28945	T	C	30193	3854	37	6	0	34	0.000198669	30201	0.999994	FALSE	NA	NA	NA	NA	NA	NA
NC_045512.2	28946	G	A	30334	3850	37	2	0	34	6.59283e-05	30336	1	FALSE	NA	NA	NA	NA	NA	NA
NC_045512.2	28947	A	G	29701	3902	37	3	0	34	0.000100996	29704	1	FALSE	NA	NA	NA	NA	NA	NA
NC_045512.2	28948	C	T	29688	3904	37	2	1	34	6.73627e-05	29690	1	FALSE	NA	NA	NA	NA	NA	NA
NC_045512.2	28949	A	G	28932	3824	36	2	0	34	6.91228e-05	28934	1	FALSE	NA	NA	NA	NA	NA	NA
NC_045512.2	28950	G	A	30173	3846	37	1	0	34	3.31411e-05	30174	1	FALSE	NA	NA	NA	NA	NA	NA
NC_045512.2	28951	A	T	29962	3924	37	1	0	34	3.33712e-05	29966	1	FALSE	NA	NA	NA	NA	NA	NA
NC_045512.2	28951	A	G	29962	3924	37	3	3	34	0.000100113	29966	1	FALSE	NA	NA	NA	NA	NA	NA
NC_045512.2	28952	T	G	28641	4078	37	1	1	34	3.49077e-05	28647	1	FALSE	NA	NA	NA	NA	NA	NA
NC_045512.2	28952	T	C	28641	4078	37	2	0	34	6.98153e-05	28647	1	FALSE	NA	NA	NA	NA	NA	NA
NC_045512.2	28952	T	A	28641	4078	37	3	0	31	0.000104723	28647	1	FALSE	NA	NA	NA	NA	NA	NA
NC_045512.2	28953	T	C	28526	4059	37	4	1	34	0.000140203	28530	0.999999	FALSE	NA	NA	NA	NA	NA	NA
NC_045512.2	28954	G	C	28890	4057	37	1	0	27	3.46129e-05	28891	1	FALSE	NA	NA	NA	NA	NA	NA
NC_045512.2	28955	A	G	28848	4076	37	3	0	31	0.000103983	28851	1	FALSE	NA	NA	NA	NA	NA	NA
NC_045512.2	28956	A	G	27157	4127	35	2	0	34	7.36404e-05	27159	1	FALSE	NA	NA	NA	NA	NA	NA
NC_045512.2	28957	C	G	28861	4143	37	1	0	34	3.46476e-05	28862	1	FALSE	NA	NA	NA	NA	NA	NA
NC_045512.2	28958	C	A	28603	4151	37	2	0	34	6.99178e-05	28605	1	FALSE	NA	NA	NA	NA	NA	NA
NC_045512.2	28959	A	G	28582	3968	37	3	0	34	0.00010495	28585	1	FALSE	NA	NA	NA	NA	NA	NA
NC_045512.2	28960	G	A	28871	3964	37	2	0	34	6.92689e-05	28873	1	FALSE	NA	NA	NA	NA	NA	NA
NC_045512.2	28962	T	C	28218	4248	37	1	0	68	3.54371e-05	28219	0.500009	FALSE	NA	NA	NA	NA	NA	NA
NC_045512.2	28963	T	C	28134	4221	37	3	0	31	0.000106621	28137	1	FALSE	NA	NA	NA	NA	NA	NA
NC_045512.2	28965	A	G	28393	4518	37	4	1	40	0.00014086	28397	0.343758	FALSE	NA	NA	NA	NA	NA	NA
NC_045512.2	28966	G	T	28059	4587	37	2	1	34	7.12581e-05	28067	1	FALSE	NA	NA	NA	NA	NA	NA
NC_045512.2	28966	G	A	28059	4587	37	6	1	39	0.000213774	28067	0.999981	FALSE	NA	NA	NA	NA	NA	NA
NC_045512.2	28967	A	G	26495	4673	36	2	0	34	7.54774e-05	26498	1	FALSE	NA	NA	NA	NA	NA	NA
NC_045512.2	28967	A	C	26495	4673	36	1	0	68	3.77387e-05	26498	0.499991	FALSE	NA	NA	NA	NA	NA	NA
NC_045512.2	28968	G	A	27944	4645	37	1	1	68	3.57846e-05	27945	0.500009	FALSE	NA	NA	NA	NA	NA	NA
NC_045512.2	28969	C	T	27780	4653	37	1	0	34	3.59958e-05	27781	1	FALSE	NA	NA	NA	NA	NA	NA
NC_045512.2	28969	C	-A	27780	4653	37	23	0	20	0.000827904	27781	1	FALSE	NA	NA	NA	NA	NA	NA
NC_045512.2	28969	C	+A	27780	4653	37	1	0	20	3.59958e-05	27781	1	FALSE	NA	NA	NA	NA	NA	NA
NC_045512.2	28970	A	T	27703	4596	37	1	0	34	3.60907e-05	27708	1	FALSE	NA	NA	NA	NA	NA	NA
NC_045512.2	28970	A	G	27703	4596	37	4	0	34	0.000144363	27708	0.999998	FALSE	NA	NA	NA	NA	NA	NA
NC_045512.2	28971	A	T	27427	4674	37	3	0	34	0.000109345	27436	1	FALSE	NA	NA	NA	NA	NA	NA
NC_045512.2	28971	A	G	27427	4674	37	6	2	45	0.000218691	27436	0.144489	FALSE	NA	NA	NA	NA	NA	NA
NC_045512.2	28972	A	G	23342	4982	35	11	3	35	0.000471011	23354	0.987872	FALSE	NA	NA	NA	NA	NA	NA
NC_045512.2	28972	A	C	23342	4982	35	1	0	24	4.28192e-05	23354	1	FALSE	NA	NA	NA	NA	NA	NA
NC_045512.2	28973	A	T	27757	5134	37	1	0	34	3.60244e-05	27759	1	FALSE	NA	NA	NA	NA	NA	NA
NC_045512.2	28973	A	G	27757	5134	37	1	0	34	3.60244e-05	27759	1	FALSE	NA	NA	NA	NA	NA	NA
NC_045512.2	28976	T	C	18360	5771	37	2	0	34	0.000108921	18362	0.99998	FALSE	NA	NA	NA	NA	NA	NA
NC_045512.2	28977	C	A	18316	6653	37	1	0	26	5.45941e-05	18317	1	FALSE	NA	NA	NA	NA	NA	NA
NC_045512.2	28978	T	C	18351	6651	37	2	1	34	0.000108968	18354	0.99998	FALSE	NA	NA	NA	NA	NA	NA
NC_045512.2	28978	T	A	18351	6651	37	1	0	34	5.4484e-05	18354	0.999998	FALSE	NA	NA	NA	NA	NA	NA
NC_045512.2	28979	G	C	18953	6626	37	3	3	31	0.000158245	18958	0.99989	FALSE	NA	NA	NA	NA	NA	NA
NC_045512.2	28979	G	A	18953	6626	37	2	0	34	0.000105496	18958	0.99998	FALSE	NA	NA	NA	NA	NA	NA
NC_045512.2	28982	A	G	20058	7939	37	1	1	34	4.98504e-05	20060	1	FALSE	NA	NA	NA	NA	NA	NA
NC_045512.2	28982	A	C	20058	7939	37	1	1	26	4.98504e-05	20060	1	FALSE	NA	NA	NA	NA	NA	NA
NC_045512.2	28983	A	T	19979	7937	37	2	1	34	0.00010009	19982	0.99999	FALSE	NA	NA	NA	NA	NA	NA
NC_045512.2	28983	A	G	19979	7937	37	1	1	46	5.0045e-05	19982	0.749994	FALSE	NA	NA	NA	NA	NA	NA
NC_045512.2	28984	A	G	19337	7802	37	3	1	34	0.000155119	19340	0.99994	FALSE	NA	NA	NA	NA	NA	NA
NC_045512.2	28985	G	T	20184	7809	37	1	0	34	4.95295e-05	20190	1	FALSE	NA	NA	NA	NA	NA	NA
NC_045512.2	28985	G	A	20184	7809	37	5	2	34	0.000247647	20190	0.999546	FALSE	NA	NA	NA	NA	NA	NA
NC_045512.2	28986	G	T	20404	8498	37	3	0	34	0.000146958	20414	0.999967	FALSE	NA	NA	NA	NA	NA	NA
NC_045512.2	28986	G	C	20404	8498	37	1	1	34	4.8986e-05	20414	1	FALSE	NA	NA	NA	NA	NA	NA
NC_045512.2	28986	G	A	20404	8498	37	6	3	34	0.000293916	20414	0.998755	FALSE	NA	NA	NA	NA	NA	NA
NC_045512.2	28987	C	T	21901	10464	38	4	2	34	0.00018259	21907	0.999922	FALSE	NA	NA	NA	NA	NA	NA
NC_045512.2	28987	C	A	21901	10464	38	2	0	34	9.1295e-05	21907	0.999997	FALSE	NA	NA	NA	NA	NA	NA
NC_045512.2	28987	C	-CAA	21901	10464	38	61	0	20	0.0027845	21907	1	FALSE	NA	NA	NA	NA	NA	NA
NC_045512.2	28988	C	T	21740	10294	38	2	0	51	9.19836e-05	21743	0.249237	FALSE	NA	NA	NA	NA	NA	NA
NC_045512.2	28988	C	G	21740	10294	38	1	1	34	4.59918e-05	21743	1	FALSE	NA	NA	NA	NA	NA	NA
NC_045512.2	28989	A	T	21778	10215	38	2	2	26	9.18105e-05	21784	1	FALSE	NA	NA	NA	NA	NA	NA
NC_045512.2	28989	A	G	21778	10215	38	4	0	34	0.000183621	21784	0.99992	FALSE	NA	NA	NA	NA	NA	NA
NC_045512.2	28990	A	T	20762	10346	37	2	0	34	9.63066e-05	20767	0.999994	FALSE	NA	NA	NA	NA	NA	NA
NC_045512.2	28990	A	G	20762	10346	37	2	0	34	9.63066e-05	20767	0.999994	FALSE	NA	NA	NA	NA	NA	NA
NC_045512.2	28990	A	C	20762	10346	37	1	0	26	4.81533e-05	20767	1	FALSE	NA	NA	NA	NA	NA	NA
NC_045512.2	28991	C	T	21891	10500	38	2	0	34	9.13534e-05	21893	0.999997	FALSE	NA	NA	NA	NA	NA	NA
NC_045512.2	28992	A	T	21867	10608	38	1	1	26	4.57268e-05	21869	1	FALSE	NA	NA	NA	NA	NA	NA
NC_045512.2	28992	A	C	21867	10608	38	1	1	34	4.57268e-05	21869	1	FALSE	NA	NA	NA	NA	NA	NA
NC_045512.2	28994	C	G	22042	10595	38	1	0	34	4.53638e-05	22044	1	FALSE	NA	NA	NA	NA	NA	NA
NC_045512.2	28994	C	A	22042	10595	38	1	1	34	4.53638e-05	22044	1	FALSE	NA	NA	NA	NA	NA	NA
NC_045512.2	28995	A	G	21946	10469	38	1	1	34	4.55643e-05	21947	1	FALSE	NA	NA	NA	NA	NA	NA
NC_045512.2	28996	A	G	21737	10502	37	3	0	31	0.000137994	21740	0.999982	FALSE	NA	NA	NA	NA	NA	NA
NC_045512.2	28997	C	T	21626	10530	37	1	1	38	4.62385e-05	21627	1	FALSE	NA	NA	NA	NA	NA	NA
NC_045512.2	28998	A	T	21694	10631	37	1	1	34	4.60872e-05	21698	1	FALSE	NA	NA	NA	NA	NA	NA
NC_045512.2	28998	A	G	21694	10631	37	2	1	34	9.21744e-05	21698	0.999997	FALSE	NA	NA	NA	NA	NA	NA
NC_045512.2	28998	A	C	21694	10631	37	1	1	34	4.60872e-05	21698	1	FALSE	NA	NA	NA	NA	NA	NA
NC_045512.2	28999	A	T	21970	10657	37	2	0	34	9.10125e-05	21975	0.999997	FALSE	NA	NA	NA	NA	NA	NA
NC_045512.2	28999	A	G	21970	10657	37	2	0	30	9.10125e-05	21975	0.999997	FALSE	NA	NA	NA	NA	NA	NA
NC_045512.2	28999	A	C	21970	10657	37	1	1	34	4.55063e-05	21975	1	FALSE	NA	NA	NA	NA	NA	NA
NC_045512.2	29000	G	T	22058	10590	37	1	0	34	4.53309e-05	22060	1	FALSE	NA	NA	NA	NA	NA	NA
NC_045512.2	29000	G	C	22058	10590	37	1	1	34	4.53309e-05	22060	1	FALSE	NA	NA	NA	NA	NA	NA
NC_045512.2	29001	G	T	22304	10606	37	2	0	34	8.96419e-05	22311	0.999999	FALSE	NA	NA	NA	NA	NA	NA
NC_045512.2	29001	G	A	22304	10606	37	5	3	34	0.000224105	22311	0.999845	FALSE	NA	NA	NA	NA	NA	NA
NC_045512.2	29002	C	T	22313	10644	37	1	0	34	4.48129e-05	22315	1	FALSE	NA	NA	NA	NA	NA	NA
NC_045512.2	29002	C	A	22313	10644	37	1	0	34	4.48129e-05	22315	1	FALSE	NA	NA	NA	NA	NA	NA
NC_045512.2	29003	C	A	22208	10706	37	2	1	51	9.00495e-05	22210	0.250006	FALSE	NA	NA	NA	NA	NA	NA
NC_045512.2	29003	C	+A	22208	10706	37	1	0	20	4.50248e-05	22210	1	FALSE	NA	NA	NA	NA	NA	NA
NC_045512.2	29004	A	T	22072	10594	37	1	0	34	4.53001e-05	22075	1	FALSE	NA	NA	NA	NA	NA	NA
NC_045512.2	29004	A	G	22072	10594	37	2	2	34	9.06002e-05	22075	0.999999	FALSE	NA	NA	NA	NA	NA	NA
NC_045512.2	29005	A	T	22054	10707	37	1	0	34	4.53391e-05	22056	1	FALSE	NA	NA	NA	NA	NA	NA
NC_045512.2	29005	A	G	22054	10707	37	1	1	34	4.53391e-05	22056	1	FALSE	NA	NA	NA	NA	NA	NA
NC_045512.2	29006	A	G	21322	10697	36	2	2	51	9.3791e-05	21324	0.250006	FALSE	NA	NA	NA	NA	NA	NA
NC_045512.2	29007	C	T	21536	10888	37	1	0	34	4.64317e-05	21537	1	FALSE	NA	NA	NA	NA	NA	NA
NC_045512.2	29008	T	G	21334	10725	37	1	0	68	4.68691e-05	21336	0.5	FALSE	NA	NA	NA	NA	NA	NA
NC_045512.2	29008	T	C	21334	10725	37	1	1	26	4.68691e-05	21336	1	FALSE	NA	NA	NA	NA	NA	NA
NC_045512.2	29010	T	G	21722	10786	37	1	0	26	4.60342e-05	21723	1	FALSE	NA	NA	NA	NA	NA	NA
NC_045512.2	29011	C	A	21778	10824	37	1	1	34	4.59158e-05	21779	1	FALSE	NA	NA	NA	NA	NA	NA
NC_045512.2	29012	A	T	21664	10755	37	1	1	34	4.61553e-05	21666	1	FALSE	NA	NA	NA	NA	NA	NA
NC_045512.2	29012	A	G	21664	10755	37	1	0	34	4.61553e-05	21666	1	FALSE	NA	NA	NA	NA	NA	NA
NC_045512.2	29013	C	G	20944	10961	37	1	0	34	4.77441e-05	20945	1	FALSE	NA	NA	NA	NA	NA	NA
NC_045512.2	29015	A	G	23195	13637	38	2	1	34	8.6218e-05	23197	0.999999	FALSE	NA	NA	NA	NA	NA	NA
NC_045512.2	29016	A	T	22784	13734	38	1	1	26	4.38885e-05	22785	1	FALSE	NA	NA	NA	NA	NA	NA
NC_045512.2	29018	A	G	22524	13627	37	2	0	34	8.87824e-05	22527	0.999999	FALSE	NA	NA	NA	NA	NA	NA
NC_045512.2	29018	A	C	22524	13627	37	1	1	26	4.43912e-05	22527	1	FALSE	NA	NA	NA	NA	NA	NA
NC_045512.2	29019	A	G	23535	14535	38	1	0	34	4.24881e-05	23536	1	FALSE	NA	NA	NA	NA	NA	NA
NC_045512.2	29020	A	G	23614	14585	38	1	1	68	4.2346e-05	23615	0.500011	FALSE	NA	NA	NA	NA	NA	NA
NC_045512.2	29021	T	C	23272	14662	37	1	1	34	4.29682e-05	23273	1	FALSE	NA	NA	NA	NA	NA	NA
NC_045512.2	29023	T	G	23149	14537	37	1	0	34	4.31891e-05	23154	1	FALSE	NA	NA	NA	NA	NA	NA
NC_045512.2	29023	T	C	23149	14537	37	3	1	45	0.000129567	23154	0.49998	FALSE	NA	NA	NA	NA	NA	NA
NC_045512.2	29023	T	A	23149	14537	37	1	0	34	4.31891e-05	23154	1	FALSE	NA	NA	NA	NA	NA	NA
NC_045512.2	29025	C	T	22640	14905	37	1	1	34	4.41657e-05	22642	1	FALSE	NA	NA	NA	NA	NA	NA
NC_045512.2	29025	C	G	22640	14905	37	1	1	34	4.41657e-05	22642	1	FALSE	NA	NA	NA	NA	NA	NA
NC_045512.2	29026	T	C	22530	14780	37	3	3	31	0.000133138	22533	0.99999	FALSE	NA	NA	NA	NA	NA	NA
NC_045512.2	29027	G	T	22719	14786	37	1	1	26	4.40141e-05	22720	1	FALSE	NA	NA	NA	NA	NA	NA
NC_045512.2	29028	C	T	22590	14857	37	1	0	34	4.42654e-05	22591	1	FALSE	NA	NA	NA	NA	NA	NA
NC_045512.2	29029	T	G	22463	14698	37	1	0	34	4.45077e-05	22468	1	FALSE	NA	NA	NA	NA	NA	NA
NC_045512.2	29029	T	C	22463	14698	37	4	0	32	0.000178031	22468	0.999956	FALSE	NA	NA	NA	NA	NA	NA
NC_045512.2	29031	A	T	22270	14484	37	5	5	40	0.000224447	22277	0.226526	FALSE	NA	NA	NA	NA	NA	NA
NC_045512.2	29031	A	G	22270	14484	37	2	2	51	8.97787e-05	22277	0.249949	FALSE	NA	NA	NA	NA	NA	NA
NC_045512.2	29032	G	T	22384	14518	37	2	2	34	8.93416e-05	22386	0.999999	FALSE	NA	NA	NA	NA	NA	NA
NC_045512.2	29033	G	C	22453	14542	37	2	1	34	8.90432e-05	22461	0.999999	FALSE	NA	NA	NA	NA	NA	NA
NC_045512.2	29033	G	A	22453	14542	37	6	5	34	0.00026713	22461	0.999545	FALSE	NA	NA	NA	NA	NA	NA
NC_045512.2	29034	C	T	22730	14538	37	4	1	34	0.000175932	22736	0.999956	FALSE	NA	NA	NA	NA	NA	NA
NC_045512.2	29034	C	A	22730	14538	37	2	1	51	8.79662e-05	22736	0.249962	FALSE	NA	NA	NA	NA	NA	NA
NC_045512.2	29035	T	C	23007	14742	37	3	1	34	0.000130378	23010	0.999995	FALSE	NA	NA	NA	NA	NA	NA
NC_045512.2	29036	T	C	22689	14333	37	1	1	34	4.40723e-05	22690	1	FALSE	NA	NA	NA	NA	NA	NA
NC_045512.2	29038	T	C	24004	15765	37	1	1	34	4.1658e-05	24005	1	FALSE	NA	NA	NA	NA	NA	NA
NC_045512.2	29038	T	-A	24004	15765	37	1	0	20	4.1658e-05	24005	1	FALSE	NA	NA	NA	NA	NA	NA
NC_045512.2	29039	A	T	24078	15862	37	5	2	61	0.000207607	24084	0.0312403	FALSE	NA	NA	NA	NA	NA	NA
NC_045512.2	29039	A	C	24078	15862	37	1	1	34	4.15213e-05	24084	1	FALSE	NA	NA	NA	NA	NA	NA
NC_045512.2	29040	A	G	23940	15910	37	2	0	34	8.35352e-05	23942	0.999999	FALSE	NA	NA	NA	NA	NA	NA
NC_045512.2	29042	A	G	21941	15953	36	2	0	34	9.11452e-05	21943	0.999997	FALSE	NA	NA	NA	NA	NA	NA
NC_045512.2	29043	A	G	22786	15747	37	2	2	34	8.77655e-05	22788	0.999999	FALSE	NA	NA	NA	NA	NA	NA
NC_045512.2	29045	C	T	23289	16268	37	1	1	26	4.29369e-05	23290	1	FALSE	NA	NA	NA	NA	NA	NA
NC_045512.2	29047	T	C	22994	15977	37	3	2	34	0.000130452	22997	0.99999	FALSE	NA	NA	NA	NA	NA	NA
NC_045512.2	29048	C	T	23392	15996	37	2	2	36	8.5492e-05	23394	0.999999	FALSE	NA	NA	NA	NA	NA	NA
NC_045512.2	29049	G	A	23483	15942	37	1	1	34	4.25822e-05	23484	1	FALSE	NA	NA	NA	NA	NA	NA
NC_045512.2	29050	G	C	24761	17332	37	1	1	34	4.03796e-05	24765	1	FALSE	NA	NA	NA	NA	NA	NA
NC_045512.2	29050	G	A	24761	17332	37	3	1	34	0.000121139	24765	0.999997	FALSE	NA	NA	NA	NA	NA	NA
NC_045512.2	29051	C	T	24466	17612	37	3	3	34	0.000122589	24472	0.999997	FALSE	NA	NA	NA	NA	NA	NA
NC_045512.2	29051	C	G	24466	17612	37	1	0	34	4.0863e-05	24472	1	FALSE	NA	NA	NA	NA	NA	NA
NC_045512.2	29051	C	A	24466	17612	37	2	2	34	8.17261e-05	24472	1	FALSE	NA	NA	NA	NA	NA	NA
NC_045512.2	29051	C	-A	24466	17612	37	7	0	20	0.000286041	24472	1	FALSE	NA	NA	NA	NA	NA	NA
NC_045512.2	29051	C	+A	24466	17612	37	1	0	20	4.0863e-05	24472	1	FALSE	NA	NA	NA	NA	NA	NA
NC_045512.2	29052	A	G	24196	17326	36	7	2	32	0.000289208	24204	0.999561	FALSE	NA	NA	NA	NA	NA	NA
NC_045512.2	29052	A	C	24196	17326	36	1	1	34	4.13155e-05	24204	1	FALSE	NA	NA	NA	NA	NA	NA
NC_045512.2	29053	A	G	24704	17808	37	3	3	34	0.000121423	24707	0.999997	FALSE	NA	NA	NA	NA	NA	NA
NC_045512.2	29054	A	T	25162	18458	37	1	1	34	3.97377e-05	25165	1	FALSE	NA	NA	NA	NA	NA	NA
NC_045512.2	29054	A	C	25162	18458	37	2	0	30	7.94755e-05	25165	1	FALSE	NA	NA	NA	NA	NA	NA
NC_045512.2	29056	A	T	25356	18549	37	1	1	34	3.94228e-05	25366	1	FALSE	NA	NA	NA	NA	NA	NA
NC_045512.2	29056	A	G	25356	18549	37	3	2	34	0.000118269	25366	0.999998	FALSE	NA	NA	NA	NA	NA	NA
NC_045512.2	29056	A	C	25356	18549	37	6	6	34	0.000236537	25366	0.999904	FALSE	NA	NA	NA	NA	NA	NA
NC_045512.2	29057	C	T	25354	18499	37	9	7	37	0.000354834	25364	0.998537	FALSE	NA	NA	NA	NA	NA	NA
NC_045512.2	29057	C	A	25354	18499	37	1	1	34	3.9426e-05	25364	1	FALSE	NA	NA	NA	NA	NA	NA
NC_045512.2	29058	G	A	25341	18457	37	4	0	42	0.000157822	25345	0.343759	FALSE	NA	NA	NA	NA	NA	NA
NC_045512.2	29059	T	C	25141	18321	37	6	5	30	0.000238597	25147	0.999904	FALSE	NA	NA	NA	NA	NA	NA
NC_045512.2	29060	A	T	24501	18622	37	1	1	34	3.7294e-05	26814	1	FALSE	NA	NA	NA	NA	NA	NA
NC_045512.2	29060	A	G	24501	18622	37	1	1	34	3.7294e-05	26814	1	FALSE	NA	NA	NA	NA	NA	NA
NC_045512.2	29060	A	C	24501	18622	37	2311	1576	37	0.0861863	26814	0	TRUE	NA	NA	NA	NA	NA	NA
NC_045512.2	29061	C	T	26665	20345	37	3	1	34	0.000112494	26668	0.999999	FALSE	NA	NA	NA	NA	NA	NA
NC_045512.2	29062	T	C	26552	20246	37	3	2	45	0.000112973	26555	0.500018	FALSE	NA	NA	NA	NA	NA	NA
NC_045512.2	29063	G	T	26137	19745	36	1	1	34	3.82555e-05	26140	1	FALSE	NA	NA	NA	NA	NA	NA
NC_045512.2	29063	G	A	26137	19745	36	2	2	34	7.65111e-05	26140	1	FALSE	NA	NA	NA	NA	NA	NA
NC_045512.2	29064	C	T	26922	20444	37	2	1	34	7.42749e-05	26927	1	FALSE	NA	NA	NA	NA	NA	NA
NC_045512.2	29064	C	G	26922	20444	37	1	0	24	3.71374e-05	26927	1	FALSE	NA	NA	NA	NA	NA	NA
NC_045512.2	29064	C	A	26922	20444	37	2	0	34	7.42749e-05	26927	1	FALSE	NA	NA	NA	NA	NA	NA
NC_045512.2	29065	C	T	27307	20831	37	2	0	34	7.32332e-05	27310	1	FALSE	NA	NA	NA	NA	NA	NA
NC_045512.2	29065	C	A	27307	20831	37	1	1	34	3.66166e-05	27310	1	FALSE	NA	NA	NA	NA	NA	NA
NC_045512.2	29066	A	G	27075	20600	37	2	2	34	7.38634e-05	27077	1	FALSE	NA	NA	NA	NA	NA	NA
NC_045512.2	29068	T	G	27151	20854	37	1	1	26	3.6827e-05	27154	1	FALSE	NA	NA	NA	NA	NA	NA
NC_045512.2	29068	T	C	27151	20854	37	1	0	34	3.6827e-05	27154	1	FALSE	NA	NA	NA	NA	NA	NA
NC_045512.2	29068	T	A	27151	20854	37	1	1	34	3.6827e-05	27154	1	FALSE	NA	NA	NA	NA	NA	NA
NC_045512.2	29069	A	G	27511	20859	37	1	1	34	3.63478e-05	27512	1	FALSE	NA	NA	NA	NA	NA	NA
NC_045512.2	29070	A	G	27703	21153	37	1	1	68	3.60959e-05	27704	0.500009	FALSE	NA	NA	NA	NA	NA	NA
NC_045512.2	29071	A	T	27820	21136	37	2	2	34	7.18778e-05	27825	1	FALSE	NA	NA	NA	NA	NA	NA
NC_045512.2	29071	A	G	27820	21136	37	2	2	29	7.18778e-05	27825	1	FALSE	NA	NA	NA	NA	NA	NA
NC_045512.2	29071	A	C	27820	21136	37	1	1	34	3.59389e-05	27825	1	FALSE	NA	NA	NA	NA	NA	NA
NC_045512.2	29072	G	A	27895	21032	37	2	2	34	7.16923e-05	27897	1	FALSE	NA	NA	NA	NA	NA	NA
NC_045512.2	29073	C	T	28943	22320	37	2	2	34	6.90966e-05	28945	1	FALSE	NA	NA	NA	NA	NA	NA
NC_045512.2	29074	A	G	28939	22167	37	2	2	34	6.91037e-05	28942	1	FALSE	NA	NA	NA	NA	NA	NA
NC_045512.2	29074	A	C	28939	22167	37	1	1	34	3.45519e-05	28942	1	FALSE	NA	NA	NA	NA	NA	NA
NC_045512.2	29075	T	C	29090	22375	37	1	1	34	3.43749e-05	29091	1	FALSE	NA	NA	NA	NA	NA	NA
NC_045512.2	29076	A	G	28810	22356	37	11	8	36	0.000381653	28822	0.998316	FALSE	NA	NA	NA	NA	NA	NA
NC_045512.2	29076	A	C	28810	22356	37	1	1	34	3.46957e-05	28822	1	FALSE	NA	NA	NA	NA	NA	NA
NC_045512.2	29077	C	A	29241	22569	37	1	1	34	3.41974e-05	29242	1	FALSE	NA	NA	NA	NA	NA	NA
NC_045512.2	29078	A	T	28156	21497	37	3	3	26	0.000106519	28164	1	FALSE	NA	NA	NA	NA	NA	NA
NC_045512.2	29078	A	G	28156	21497	37	5	5	34	0.000177532	28164	0.999995	FALSE	NA	NA	NA	NA	NA	NA
NC_045512.2	29080	T	G	28222	21432	37	1	1	26	3.54271e-05	28227	1	FALSE	NA	NA	NA	NA	NA	NA
NC_045512.2	29080	T	C	28222	21432	37	2	2	34	7.08541e-05	28227	1	FALSE	NA	NA	NA	NA	NA	NA
NC_045512.2	29080	T	A	28222	21432	37	2	2	34	7.08541e-05	28227	1	FALSE	NA	NA	NA	NA	NA	NA
NC_045512.2	29081	G	C	27842	21135	37	6	6	32	0.000215455	27848	0.999967	FALSE	NA	NA	NA	NA	NA	NA
NC_045512.2	29082	T	A	27196	20497	37	2	1	26	7.35348e-05	27198	1	FALSE	NA	NA	NA	NA	NA	NA
NC_045512.2	29083	A	G	27525	20806	37	1	0	24	3.63293e-05	27526	1	FALSE	NA	NA	NA	NA	NA	NA
NC_045512.2	29084	A	G	27777	21037	37	4	3	34	0.000143983	27781	0.999998	FALSE	NA	NA	NA	NA	NA	NA
NC_045512.2	29085	C	T	27635	21166	37	6	6	32	0.000217053	27643	0.999967	FALSE	NA	NA	NA	NA	NA	NA
NC_045512.2	29085	C	A	27635	21166	37	2	2	34	7.2351e-05	27643	1	FALSE	NA	NA	NA	NA	NA	NA
NC_045512.2	29086	A	T	26792	20335	37	1	1	34	3.73218e-05	26794	1	FALSE	NA	NA	NA	NA	NA	NA
NC_045512.2	29086	A	C	26792	20335	37	1	1	34	3.73218e-05	26794	1	FALSE	NA	NA	NA	NA	NA	NA
NC_045512.2	29087	C	T	26822	20435	37	1	1	34	3.72773e-05	26826	1	FALSE	NA	NA	NA	NA	NA	NA
NC_045512.2	29087	C	G	26822	20435	37	2	1	25	7.45545e-05	26826	1	FALSE	NA	NA	NA	NA	NA	NA
NC_045512.2	29087	C	A	26822	20435	37	1	1	34	3.72773e-05	26826	1	FALSE	NA	NA	NA	NA	NA	NA
NC_045512.2	29087	C	-A	26822	20435	37	1	0	20	3.72773e-05	26826	1	FALSE	NA	NA	NA	NA	NA	NA
NC_045512.2	29088	A	G	24483	18110	37	1	0	34	4.0843e-05	24484	1	FALSE	NA	NA	NA	NA	NA	NA
NC_045512.2	29089	A	T	24535	18169	37	1	0	34	4.07515e-05	24539	1	FALSE	NA	NA	NA	NA	NA	NA
NC_045512.2	29089	A	G	24535	18169	37	2	1	51	8.15029e-05	24539	0.249985	FALSE	NA	NA	NA	NA	NA	NA
NC_045512.2	29089	A	C	24535	18169	37	1	1	26	4.07515e-05	24539	1	FALSE	NA	NA	NA	NA	NA	NA
NC_045512.2	29091	C	T	24881	18841	37	6	6	34	0.00024109	24887	0.999838	FALSE	NA	NA	NA	NA	NA	NA
NC_045512.2	29092	T	C	25197	19235	37	4	1	42	0.000158718	25202	0.343741	FALSE	NA	NA	NA	NA	NA	NA
NC_045512.2	29092	T	A	25197	19235	37	1	1	26	3.96794e-05	25202	1	FALSE	NA	NA	NA	NA	NA	NA
NC_045512.2	29093	T	G	25142	19206	37	1	0	34	3.97693e-05	25145	1	FALSE	NA	NA	NA	NA	NA	NA
NC_045512.2	29093	T	C	25142	19206	37	2	2	34	7.95387e-05	25145	1	FALSE	NA	NA	NA	NA	NA	NA
NC_045512.2	29094	T	C	25466	19574	37	3	3	34	0.00011779	25469	0.999998	FALSE	NA	NA	NA	NA	NA	NA
NC_045512.2	29095	C	T	25372	19667	37	3	3	34	0.000118227	25375	0.999998	FALSE	NA	NA	NA	NA	NA	NA
NC_045512.2	29096	G	C	25320	19618	37	2	2	30	7.89827e-05	25322	1	FALSE	NA	NA	NA	NA	NA	NA
NC_045512.2	29097	G	A	25275	19581	37	15	10	36	0.00059312	25290	0.959725	FALSE	NA	NA	NA	NA	NA	NA
NC_045512.2	29098	C	T	25728	20093	37	1	1	34	3.88651e-05	25730	1	FALSE	NA	NA	NA	NA	NA	NA
NC_045512.2	29098	C	A	25728	20093	37	1	1	34	3.88651e-05	25730	1	FALSE	NA	NA	NA	NA	NA	NA
NC_045512.2	29101	A	G	26705	21518	37	1	1	34	3.74434e-05	26707	1	FALSE	NA	NA	NA	NA	NA	NA
NC_045512.2	29101	A	C	26705	21518	37	1	0	34	3.74434e-05	26707	1	FALSE	NA	NA	NA	NA	NA	NA
NC_045512.2	29102	C	T	26678	21670	37	5	5	34	0.000187385	26683	0.999983	FALSE	NA	NA	NA	NA	NA	NA
NC_045512.2	29103	G	T	26552	21549	37	1	1	34	3.76435e-05	26565	1	FALSE	NA	NA	NA	NA	NA	NA
NC_045512.2	29103	G	A	26552	21549	37	12	8	39	0.000451722	26565	0.99309	FALSE	NA	NA	NA	NA	NA	NA
NC_045512.2	29104	T	C	26663	21718	37	3	2	34	0.000112503	26666	0.999999	FALSE	NA	NA	NA	NA	NA	NA
NC_045512.2	29105	G	T	26518	21570	37	1	1	34	3.7706e-05	26521	1	FALSE	NA	NA	NA	NA	NA	NA
NC_045512.2	29105	G	C	26518	21570	37	2	2	30	7.54119e-05	26521	1	FALSE	NA	NA	NA	NA	NA	NA
NC_045512.2	29106	G	C	27556	22173	37	1	1	68	3.62884e-05	27557	0.500009	FALSE	NA	NA	NA	NA	NA	NA
NC_045512.2	29107	T	C	27686	22299	37	2	2	51	7.22335e-05	27688	0.250005	FALSE	NA	NA	NA	NA	NA	NA
NC_045512.2	29108	C	A	28077	22819	38	2	2	34	7.12276e-05	28079	1	FALSE	NA	NA	NA	NA	NA	NA
NC_045512.2	29109	C	A	27832	22864	37	1	0	60	3.59286e-05	27833	0.500009	FALSE	NA	NA	NA	NA	NA	NA
NC_045512.2	29110	A	G	27487	22532	37	3	3	34	0.000109131	27490	1	FALSE	NA	NA	NA	NA	NA	NA
NC_045512.2	29111	G	T	27582	22454	37	1	0	34	3.62529e-05	27584	1	FALSE	NA	NA	NA	NA	NA	NA
NC_045512.2	29111	G	C	27582	22454	37	1	1	34	3.62529e-05	27584	1	FALSE	NA	NA	NA	NA	NA	NA
NC_045512.2	29112	A	G	30292	25691	38	2	2	34	6.60197e-05	30294	1	FALSE	NA	NA	NA	NA	NA	NA
NC_045512.2	29113	A	G	33359	29307	39	3	2	34	8.99173e-05	33364	1	FALSE	NA	NA	NA	NA	NA	NA
NC_045512.2	29113	A	C	33359	29307	39	2	2	34	5.99449e-05	33364	1	FALSE	NA	NA	NA	NA	NA	NA
NC_045512.2	29115	A	G	30896	27087	39	4	4	42	0.00012945	30900	0.500018	FALSE	NA	NA	NA	NA	NA	NA
NC_045512.2	29116	A	T	30859	27064	39	1	1	34	3.24034e-05	30861	1	FALSE	NA	NA	NA	NA	NA	NA
NC_045512.2	29116	A	G	30859	27064	39	1	0	27	3.24034e-05	30861	1	FALSE	NA	NA	NA	NA	NA	NA
NC_045512.2	29117	A	G	30526	27055	38	1	1	34	3.27579e-05	30527	1	FALSE	NA	NA	NA	NA	NA	NA
NC_045512.2	29118	C	A	31936	28397	39	1	1	34	3.13116e-05	31937	1	FALSE	NA	NA	NA	NA	NA	NA
NC_045512.2	29120	C	T	31757	28448	40	3	3	34	9.44555e-05	31761	1	FALSE	NA	NA	NA	NA	NA	NA
NC_045512.2	29120	C	G	31757	28448	40	1	1	34	3.14852e-05	31761	1	FALSE	NA	NA	NA	NA	NA	NA
NC_045512.2	29120	C	-A	31757	28448	40	1	0	20	3.14852e-05	31761	1	FALSE	NA	NA	NA	NA	NA	NA
NC_045512.2	29121	A	G	31575	28289	40	1	1	26	3.16696e-05	31576	1	FALSE	NA	NA	NA	NA	NA	NA
NC_045512.2	29122	A	T	31586	28301	40	1	1	34	3.16576e-05	31588	1	FALSE	NA	NA	NA	NA	NA	NA
NC_045512.2	29122	A	G	31586	28301	40	1	1	34	3.16576e-05	31588	1	FALSE	NA	NA	NA	NA	NA	NA
NC_045512.2	29123	G	A	31573	28325	40	2	2	34	6.33413e-05	31575	1	FALSE	NA	NA	NA	NA	NA	NA
NC_045512.2	29124	G	C	31629	28376	40	2	2	30	6.32251e-05	31633	1	FALSE	NA	NA	NA	NA	NA	NA
NC_045512.2	29124	G	A	31629	28376	40	2	2	47	6.32251e-05	31633	0.8125	FALSE	NA	NA	NA	NA	NA	NA
NC_045512.2	29124	G	+A	31629	28376	40	1	0	20	3.16126e-05	31633	1	FALSE	NA	NA	NA	NA	NA	NA
NC_045512.2	29125	A	G	31584	28358	40	1	1	34	3.16606e-05	31585	1	FALSE	NA	NA	NA	NA	NA	NA
NC_045512.2	29126	A	G	31496	28315	40	6	5	34	0.000190458	31503	0.999996	FALSE	NA	NA	NA	NA	NA	NA
NC_045512.2	29126	A	C	31496	28315	40	1	1	26	3.1743e-05	31503	1	FALSE	NA	NA	NA	NA	NA	NA
NC_045512.2	29127	A	G	31480	28299	40	3	2	30	9.52895e-05	31483	1	FALSE	NA	NA	NA	NA	NA	NA
NC_045512.2	29127	A	-T	31480	28299	40	19	0	20	0.0006035	31483	1	FALSE	NA	NA	NA	NA	NA	NA
NC_045512.2	29128	T	G	31300	28202	39	1	1	26	3.19479e-05	31301	1	FALSE	NA	NA	NA	NA	NA	NA
NC_045512.2	29129	T	C	30889	27791	39	2	2	26	6.47438e-05	30891	1	FALSE	NA	NA	NA	NA	NA	NA
NC_045512.2	29129	T	-TTGGGGACCAG	30889	27791	39	1	0	20	3.23719e-05	30891	1	FALSE	NA	NA	NA	NA	NA	NA
NC_045512.2	29130	T	C	31330	28233	39	4	4	34	0.000127641	31338	1	FALSE	NA	NA	NA	NA	NA	NA
NC_045512.2	29130	T	A	31330	28233	39	4	4	32	0.000127641	31338	1	FALSE	NA	NA	NA	NA	NA	NA
NC_045512.2	29131	T	G	31080	27998	39	209	193	38	0.00667838	31295	4.96911e-34	TRUE	NA	NA	NA	NA	NA	NA
NC_045512.2	29131	T	C	31080	27998	39	6	6	32	0.000191724	31295	0.999996	FALSE	NA	NA	NA	NA	NA	NA
NC_045512.2	29131	T	-G	31080	27998	39	3	0	20	9.58589e-05	31296	1	FALSE	NA	NA	NA	NA	NA	NA
NC_045512.2	29132	G	T	31401	28307	39	6	6	34	0.00019104	31407	0.999996	FALSE	NA	NA	NA	NA	NA	NA
NC_045512.2	29133	G	T	31269	28330	39	10	10	37	0.000319632	31286	0.999785	FALSE	NA	NA	NA	NA	NA	NA
NC_045512.2	29133	G	C	31269	28330	39	2	2	30	6.39264e-05	31286	1	FALSE	NA	NA	NA	NA	NA	NA
NC_045512.2	29133	G	A	31269	28330	39	5	5	34	0.000159816	31286	0.999999	FALSE	NA	NA	NA	NA	NA	NA
NC_045512.2	29134	G	T	31155	28272	39	2	2	34	6.4191e-05	31157	1	FALSE	NA	NA	NA	NA	NA	NA
NC_045512.2	29135	G	T	31247	28603	39	1	1	34	3.1999e-05	31251	1	FALSE	NA	NA	NA	NA	NA	NA
NC_045512.2	29135	G	C	31247	28603	39	1	1	34	3.1999e-05	31251	1	FALSE	NA	NA	NA	NA	NA	NA
NC_045512.2	29135	G	A	31247	28603	39	2	0	68	6.3998e-05	31251	0.24998	FALSE	NA	NA	NA	NA	NA	NA
NC_045512.2	29136	A	G	30938	28300	39	1	1	34	3.23217e-05	30939	1	FALSE	NA	NA	NA	NA	NA	NA
NC_045512.2	29136	A	-C	30938	28300	39	2	0	20	6.46412e-05	30940	1	FALSE	NA	NA	NA	NA	NA	NA
NC_045512.2	29137	C	G	31000	28455	38	1	1	34	3.2256e-05	31002	1	FALSE	NA	NA	NA	NA	NA	NA
NC_045512.2	29137	C	A	31000	28455	38	1	1	34	3.2256e-05	31002	1	FALSE	NA	NA	NA	NA	NA	NA
NC_045512.2	29138	C	T	30960	28452	38	1	1	34	3.22956e-05	30964	1	FALSE	NA	NA	NA	NA	NA	NA
NC_045512.2	29138	C	G	30960	28452	38	3	3	34	9.68867e-05	30964	1	FALSE	NA	NA	NA	NA	NA	NA
NC_045512.2	29139	A	T	29445	26939	38	5	5	34	0.000169647	29473	0.999997	FALSE	NA	NA	NA	NA	NA	NA
NC_045512.2	29139	A	C	29445	26939	38	23	23	33	0.000780375	29473	0.834079	FALSE	NA	NA	NA	NA	NA	NA
NC_045512.2	29140	G	T	29347	26848	39	4	4	30	0.000136282	29351	0.999999	FALSE	NA	NA	NA	NA	NA	NA
NC_045512.2	29141	G	C	29198	26701	39	1	1	34	3.42477e-05	29199	1	FALSE	NA	NA	NA	NA	NA	NA
NC_045512.2	29142	A	T	29165	26669	39	1	1	34	3.42607e-05	29188	1	FALSE	NA	NA	NA	NA	NA	NA
NC_045512.2	29142	A	G	29165	26669	39	22	22	33	0.000753734	29188	0.868886	FALSE	NA	NA	NA	NA	NA	NA
NC_045512.2	29143	A	G	29174	26692	38	2	2	34	6.85495e-05	29176	1	FALSE	NA	NA	NA	NA	NA	NA
NC_045512.2	29144	C	T	29159	26697	39	3	3	34	0.000102874	29162	1	FALSE	NA	NA	NA	NA	NA	NA
NC_045512.2	29145	T	C	28586	26137	39	2	2	34	6.9957e-05	28589	1	FALSE	NA	NA	NA	NA	NA	NA
NC_045512.2	29145	T	A	28586	26137	39	1	1	34	3.49785e-05	28589	1	FALSE	NA	NA	NA	NA	NA	NA
NC_045512.2	29145	T	-A	28586	26137	39	1	0	20	3.49785e-05	28589	1	FALSE	NA	NA	NA	NA	NA	NA
NC_045512.2	29146	A	G	28344	25895	39	7	7	32	0.000246905	28351	0.999942	FALSE	NA	NA	NA	NA	NA	NA
NC_045512.2	29148	T	A	28236	25796	39	2	1	34	7.08265e-05	28238	1	FALSE	NA	NA	NA	NA	NA	NA
NC_045512.2	29149	C	T	28204	26021	38	2	1	64	7.09044e-05	28207	0.249996	FALSE	NA	NA	NA	NA	NA	NA
NC_045512.2	29149	C	A	28204	26021	38	1	1	68	3.54522e-05	28207	0.499991	FALSE	NA	NA	NA	NA	NA	NA
NC_045512.2	29150	A	T	26549	24398	38	1	1	26	3.76464e-05	26563	1	FALSE	NA	NA	NA	NA	NA	NA
NC_045512.2	29150	A	G	26549	24398	38	11	11	31	0.00041411	26563	0.996192	FALSE	NA	NA	NA	NA	NA	NA
NC_045512.2	29150	A	C	26549	24398	38	2	2	34	7.52927e-05	26563	1	FALSE	NA	NA	NA	NA	NA	NA
NC_045512.2	29151	G	T	26543	24453	38	1	1	26	3.76719e-05	26545	1	FALSE	NA	NA	NA	NA	NA	NA
NC_045512.2	29151	G	C	26543	24453	38	1	1	34	3.76719e-05	26545	1	FALSE	NA	NA	NA	NA	NA	NA
NC_045512.2	29152	A	T	26539	24451	38	1	1	34	3.76733e-05	26544	1	FALSE	NA	NA	NA	NA	NA	NA
NC_045512.2	29152	A	G	26539	24451	38	3	3	34	0.00011302	26544	0.999999	FALSE	NA	NA	NA	NA	NA	NA
NC_045512.2	29152	A	C	26539	24451	38	1	1	34	3.76733e-05	26544	1	FALSE	NA	NA	NA	NA	NA	NA
NC_045512.2	29153	C	-A	26472	24406	38	1	0	20	3.77758e-05	26472	1	FALSE	NA	NA	NA	NA	NA	NA
NC_045512.2	29154	A	G	26144	24087	38	1	1	34	3.82424e-05	26149	1	FALSE	NA	NA	NA	NA	NA	NA
NC_045512.2	29154	A	C	26144	24087	38	4	4	34	0.00015297	26149	0.999996	FALSE	NA	NA	NA	NA	NA	NA
NC_045512.2	29155	A	G	25493	23450	38	4	4	34	0.000156881	25497	0.999992	FALSE	NA	NA	NA	NA	NA	NA
NC_045512.2	29156	G	T	25391	23383	38	2	2	30	7.87557e-05	25395	1	FALSE	NA	NA	NA	NA	NA	NA
NC_045512.2	29156	G	A	25391	23383	38	2	2	34	7.87557e-05	25395	1	FALSE	NA	NA	NA	NA	NA	NA
NC_045512.2	29157	G	T	25433	23541	38	2	2	34	7.86318e-05	25435	1	FALSE	NA	NA	NA	NA	NA	NA
NC_045512.2	29158	A	G	25450	23584	38	3	3	30	0.000117864	25453	0.999998	FALSE	NA	NA	NA	NA	NA	NA
NC_045512.2	29159	A	G	25305	23464	37	1	1	34	3.95163e-05	25306	1	FALSE	NA	NA	NA	NA	NA	NA
NC_045512.2	29160	C	T	25389	23540	38	2	2	34	7.87681e-05	25391	1	FALSE	NA	NA	NA	NA	NA	NA
NC_045512.2	29162	G	C	23273	21473	38	1	0	68	4.29664e-05	23274	0.500011	FALSE	NA	NA	NA	NA	NA	NA
NC_045512.2	29163	A	-T	23174	21376	38	1	0	20	4.31518e-05	23174	1	FALSE	NA	NA	NA	NA	NA	NA
NC_045512.2	29164	T	C	23098	21347	38	1	1	34	4.329e-05	23100	1	FALSE	NA	NA	NA	NA	NA	NA
NC_045512.2	29164	T	A	23098	21347	38	1	1	26	4.329e-05	23100	1	FALSE	NA	NA	NA	NA	NA	NA
NC_045512.2	29165	T	C	22984	21291	38	1	1	34	4.35066e-05	22985	1	FALSE	NA	NA	NA	NA	NA	NA
NC_045512.2	29166	A	T	46288	20120	34	2	2	34	4.32012e-05	46295	1	FALSE	NA	NA	NA	NA	NA	NA
NC_045512.2	29166	A	G	46288	20120	34	4	1	34	8.64024e-05	46295	1	FALSE	NA	NA	NA	NA	NA	NA
NC_045512.2	29166	A	C	46288	20120	34	1	1	34	2.16006e-05	46295	1	FALSE	NA	NA	NA	NA	NA	NA
NC_045512.2	29167	C	T	47662	21053	35	3	1	42	6.29313e-05	47671	0.773403	FALSE	NA	NA	NA	NA	NA	NA
NC_045512.2	29167	C	G	47662	21053	35	3	1	34	6.29313e-05	47671	1	FALSE	NA	NA	NA	NA	NA	NA
NC_045512.2	29167	C	A	47662	21053	35	3	0	34	6.29313e-05	47671	1	FALSE	NA	NA	NA	NA	NA	NA
NC_045512.2	29168	A	T	47674	20964	35	1	1	34	2.09714e-05	47684	1	FALSE	NA	NA	NA	NA	NA	NA
NC_045512.2	29168	A	G	47674	20964	35	8	7	34	0.000167771	47684	1	FALSE	NA	NA	NA	NA	NA	NA
NC_045512.2	29168	A	C	47674	20964	35	1	1	34	2.09714e-05	47684	1	FALSE	NA	NA	NA	NA	NA	NA
NC_045512.2	29169	A	T	48449	21111	36	3	3	28	6.19106e-05	48457	1	FALSE	NA	NA	NA	NA	NA	NA
NC_045512.2	29169	A	G	48449	21111	36	5	1	34	0.000103184	48457	1	FALSE	NA	NA	NA	NA	NA	NA
NC_045512.2	29170	A	G	45655	21227	34	2	1	30	4.38039e-05	45658	1	FALSE	NA	NA	NA	NA	NA	NA
NC_045512.2	29170	A	C	45655	21227	34	1	0	34	2.1902e-05	45658	1	FALSE	NA	NA	NA	NA	NA	NA
NC_045512.2	29171	C	T	48579	20977	35	4	2	34	8.23333e-05	48583	1	FALSE	NA	NA	NA	NA	NA	NA
NC_045512.2	29172	A	T	45864	19759	35	1689	64	34	0.0355138	47559	0	TRUE	NA	NA	NA	NA	NA	NA
NC_045512.2	29172	A	G	45864	19759	35	6	2	31	0.000126159	47559	1	FALSE	NA	NA	NA	NA	NA	NA
NC_045512.2	29172	A	+T	45864	19759	35	1	0	20	2.10265e-05	47559	1	FALSE	NA	NA	NA	NA	NA	NA
NC_045512.2	29173	T	C	46735	19177	35	1	1	34	2.13968e-05	46736	1	FALSE	NA	NA	NA	NA	NA	NA
NC_045512.2	29174	T	G	46595	20034	36	1	0	27	2.14555e-05	46608	1	FALSE	NA	NA	NA	NA	NA	NA
NC_045512.2	29174	T	C	46595	20034	36	12	3	34	0.000257467	46608	0.999999	FALSE	NA	NA	NA	NA	NA	NA
NC_045512.2	29175	G	A	48710	20234	36	2	1	34	4.10576e-05	48712	1	FALSE	NA	NA	NA	NA	NA	NA
NC_045512.2	29176	G	A	49087	19965	36	1	0	68	2.03716e-05	49088	0.500005	FALSE	NA	NA	NA	NA	NA	NA
NC_045512.2	29177	C	T	49009	20216	36	22	13	35	0.000448677	49033	0.999618	FALSE	NA	NA	NA	NA	NA	NA
NC_045512.2	29177	C	G	49009	20216	36	1	0	34	2.03944e-05	49033	1	FALSE	NA	NA	NA	NA	NA	NA
NC_045512.2	29177	C	A	49009	20216	36	1	0	26	2.03944e-05	49033	1	FALSE	NA	NA	NA	NA	NA	NA
NC_045512.2	29178	C	T	48886	19986	36	4	0	34	8.1808e-05	48895	1	FALSE	NA	NA	NA	NA	NA	NA
NC_045512.2	29178	C	G	48886	19986	36	1	0	26	2.0452e-05	48895	1	FALSE	NA	NA	NA	NA	NA	NA
NC_045512.2	29178	C	A	48886	19986	36	4	1	34	8.1808e-05	48895	1	FALSE	NA	NA	NA	NA	NA	NA
NC_045512.2	29178	C	-G	48886	19986	36	1	0	20	2.0452e-05	48895	1	FALSE	NA	NA	NA	NA	NA	NA
NC_045512.2	29179	G	T	45418	19644	36	3293	157	36	0.0675113	48777	0	TRUE	NA	NA	NA	NA	NA	NA
NC_045512.2	29179	G	C	45418	19644	36	2	1	34	4.10029e-05	48777	1	FALSE	NA	NA	NA	NA	NA	NA
NC_045512.2	29179	G	A	45418	19644	36	64	42	35	0.00131209	48777	0.0367294	FALSE	NA	NA	NA	NA	NA	NA
NC_045512.2	29180	C	T	48762	20361	36	9	4	33	0.000184536	48771	1	FALSE	NA	NA	NA	NA	NA	NA
NC_045512.2	29181	A	G	49327	20256	36	5	1	47	0.000101354	49332	0.500012	FALSE	NA	NA	NA	NA	NA	NA
NC_045512.2	29182	A	G	49381	20258	36	3	2	34	6.07484e-05	49384	1	FALSE	NA	NA	NA	NA	NA	NA
NC_045512.2	29183	A	C	48529	20273	35	2	1	34	4.12108e-05	48531	1	FALSE	NA	NA	NA	NA	NA	NA
NC_045512.2	29184	T	C	50161	20298	36	3	2	42	5.98038e-05	50164	0.855485	FALSE	NA	NA	NA	NA	NA	NA
NC_045512.2	29185	T	A	49810	20016	36	2	0	30	4.0151e-05	49812	1	FALSE	NA	NA	NA	NA	NA	NA
NC_045512.2	29186	G	T	50305	19961	36	1	0	34	1.98712e-05	50324	1	FALSE	NA	NA	NA	NA	NA	NA
NC_045512.2	29186	G	A	50305	19961	36	18	5	34	0.000357682	50324	0.999978	FALSE	NA	NA	NA	NA	NA	NA
NC_045512.2	29187	C	T	50324	20039	36	10	7	34	0.000198665	50336	1	FALSE	NA	NA	NA	NA	NA	NA
NC_045512.2	29187	C	A	50324	20039	36	2	1	30	3.9733e-05	50336	1	FALSE	NA	NA	NA	NA	NA	NA
NC_045512.2	29188	A	T	50365	20007	36	1	1	34	1.98539e-05	50368	1	FALSE	NA	NA	NA	NA	NA	NA
NC_045512.2	29188	A	G	50365	20007	36	2	1	34	3.97078e-05	50368	1	FALSE	NA	NA	NA	NA	NA	NA
NC_045512.2	29188	A	-C	50365	20007	36	1	0	20	1.98539e-05	50368	1	FALSE	NA	NA	NA	NA	NA	NA
NC_045512.2	29189	C	T	51436	20131	36	4	1	34	7.77575e-05	51442	1	FALSE	NA	NA	NA	NA	NA	NA
NC_045512.2	29189	C	A	51436	20131	36	2	1	34	3.88787e-05	51442	1	FALSE	NA	NA	NA	NA	NA	NA
NC_045512.2	29190	A	T	50881	19424	36	5	5	28	9.8255e-05	50888	1	FALSE	NA	NA	NA	NA	NA	NA
NC_045512.2	29190	A	G	50881	19424	36	2	1	30	3.9302e-05	50888	1	FALSE	NA	NA	NA	NA	NA	NA
NC_045512.2	29191	A	G	52104	19574	36	4	3	34	7.67636e-05	52108	1	FALSE	NA	NA	NA	NA	NA	NA
NC_045512.2	29191	A	-T	52104	19574	36	5	0	20	9.59546e-05	52108	1	FALSE	NA	NA	NA	NA	NA	NA
NC_045512.2	29192	T	C	51189	18689	36	6	2	34	0.000117199	51195	1	FALSE	NA	NA	NA	NA	NA	NA
NC_045512.2	29193	T	C	51278	18829	36	3	3	31	5.85012e-05	51281	1	FALSE	NA	NA	NA	NA	NA	NA
NC_045512.2	29194	T	G	51125	18801	36	1	0	34	1.95565e-05	51134	1	FALSE	NA	NA	NA	NA	NA	NA
NC_045512.2	29194	T	C	51125	18801	36	7	2	32	0.000136895	51134	1	FALSE	NA	NA	NA	NA	NA	NA
NC_045512.2	29194	T	A	51125	18801	36	1	0	34	1.95565e-05	51134	1	FALSE	NA	NA	NA	NA	NA	NA
NC_045512.2	29195	G	C	51872	18416	36	2	1	30	3.85483e-05	51883	1	FALSE	NA	NA	NA	NA	NA	NA
NC_045512.2	29195	G	A	51872	18416	36	9	5	34	0.000173467	51883	1	FALSE	NA	NA	NA	NA	NA	NA
NC_045512.2	29195	G	-C	51872	18416	36	8	0	20	0.000154193	51883	1	FALSE	NA	NA	NA	NA	NA	NA
NC_045512.2	29195	G	+C	51872	18416	36	2	0	20	3.85483e-05	51883	1	FALSE	NA	NA	NA	NA	NA	NA
NC_045512.2	29196	C	T	52303	18470	36	33	19	33	0.000630517	52338	0.985275	FALSE	NA	NA	NA	NA	NA	NA
NC_045512.2	29196	C	A	52303	18470	36	2	1	34	3.82132e-05	52338	1	FALSE	NA	NA	NA	NA	NA	NA
NC_045512.2	29197	C	T	52718	18484	36	7	2	53	0.000132764	52725	0.00781146	TRUE	NA	NA	NA	NA	NA	NA
NC_045512.2	29198	C	T	52230	18040	36	2	0	51	3.82878e-05	52236	0.249983	FALSE	NA	NA	NA	NA	NA	NA
NC_045512.2	29198	C	G	52230	18040	36	1	0	26	1.91439e-05	52236	1	FALSE	NA	NA	NA	NA	NA	NA
NC_045512.2	29198	C	A	52230	18040	36	3	1	34	5.74317e-05	52236	1	FALSE	NA	NA	NA	NA	NA	NA
NC_045512.2	29199	C	T	51627	17415	36	1	1	68	1.93682e-05	51631	0.49999	FALSE	NA	NA	NA	NA	NA	NA
NC_045512.2	29199	C	G	51627	17415	36	1	0	34	1.93682e-05	51631	1	FALSE	NA	NA	NA	NA	NA	NA
NC_045512.2	29199	C	A	51627	17415	36	2	0	34	3.87364e-05	51631	1	FALSE	NA	NA	NA	NA	NA	NA
NC_045512.2	29200	C	T	51388	16871	36	3	2	34	5.83748e-05	51392	1	FALSE	NA	NA	NA	NA	NA	NA
NC_045512.2	29200	C	G	51388	16871	36	1	0	34	1.94583e-05	51392	1	FALSE	NA	NA	NA	NA	NA	NA
NC_045512.2	29201	A	T	50604	16084	36	2	0	34	3.95148e-05	50614	1	FALSE	NA	NA	NA	NA	NA	NA
NC_045512.2	29201	A	G	50604	16084	36	7	4	34	0.000138302	50614	1	FALSE	NA	NA	NA	NA	NA	NA
NC_045512.2	29201	A	C	50604	16084	36	1	1	34	1.97574e-05	50614	1	FALSE	NA	NA	NA	NA	NA	NA
NC_045512.2	29202	G	T	51639	16114	36	1	0	34	1.93648e-05	51640	1	FALSE	NA	NA	NA	NA	NA	NA
NC_045512.2	29203	C	T	38134	3052	37	3	0	34	7.86617e-05	38138	1	FALSE	NA	NA	NA	NA	NA	NA
NC_045512.2	29203	C	G	38134	3052	37	1	0	34	2.62206e-05	38138	1	FALSE	NA	NA	NA	NA	NA	NA
NC_045512.2	29204	G	A	38619	3049	37	6	0	34	0.00015534	38625	1	FALSE	NA	NA	NA	NA	NA	NA
NC_045512.2	29206	T	G	39813	3068	37	1	1	34	2.51124e-05	39821	1	FALSE	NA	NA	NA	NA	NA	NA
NC_045512.2	29206	T	C	39813	3068	37	5	1	40	0.000125562	39821	0.363247	FALSE	NA	NA	NA	NA	NA	NA
NC_045512.2	29206	T	A	39813	3068	37	2	0	26	5.02248e-05	39821	1	FALSE	NA	NA	NA	NA	NA	NA
NC_045512.2	29207	T	C	40054	3070	37	2	0	29	4.99301e-05	40056	1	FALSE	NA	NA	NA	NA	NA	NA
NC_045512.2	29208	C	T	40118	3081	37	2	1	30	4.98467e-05	40123	1	FALSE	NA	NA	NA	NA	NA	NA
NC_045512.2	29208	C	A	40118	3081	37	3	0	34	7.47701e-05	40123	1	FALSE	NA	NA	NA	NA	NA	NA
NC_045512.2	29209	A	T	40112	3090	37	1	1	26	2.49265e-05	40118	1	FALSE	NA	NA	NA	NA	NA	NA
NC_045512.2	29209	A	G	40112	3090	37	5	0	34	0.000124632	40118	1	FALSE	NA	NA	NA	NA	NA	NA
NC_045512.2	29210	G	T	40474	3041	37	3	1	31	7.41162e-05	40477	1	FALSE	NA	NA	NA	NA	NA	NA
NC_045512.2	29211	C	T	40474	3203	37	12	2	34	0.000296399	40486	0.999982	FALSE	NA	NA	NA	NA	NA	NA
NC_045512.2	29212	G	A	40808	3210	37	14	2	33	0.000342952	40822	0.999913	FALSE	NA	NA	NA	NA	NA	NA
NC_045512.2	29213	T	C	40819	3218	37	2	0	30	4.89944e-05	40821	1	FALSE	NA	NA	NA	NA	NA	NA
NC_045512.2	29214	T	G	40883	3215	37	2	0	34	4.89141e-05	40888	1	FALSE	NA	NA	NA	NA	NA	NA
NC_045512.2	29214	T	C	40883	3215	37	2	0	34	4.89141e-05	40888	1	FALSE	NA	NA	NA	NA	NA	NA
NC_045512.2	29214	T	A	40883	3215	37	1	0	68	2.44571e-05	40888	0.499982	FALSE	NA	NA	NA	NA	NA	NA
NC_045512.2	29216	T	G	42279	3225	37	1	0	34	2.3649e-05	42285	1	FALSE	NA	NA	NA	NA	NA	NA
NC_045512.2	29216	T	C	42279	3225	37	5	0	32	0.000118245	42285	1	FALSE	NA	NA	NA	NA	NA	NA
NC_045512.2	29217	T	C	42874	3257	37	4	0	34	9.32879e-05	42878	1	FALSE	NA	NA	NA	NA	NA	NA
NC_045512.2	29218	C	T	42932	3261	37	9	2	34	0.00020959	42941	1	FALSE	NA	NA	NA	NA	NA	NA
NC_045512.2	29219	G	T	42992	3254	37	2	0	34	4.65116e-05	43000	1	FALSE	NA	NA	NA	NA	NA	NA
NC_045512.2	29219	G	C	42992	3254	37	3	0	34	6.97674e-05	43000	1	FALSE	NA	NA	NA	NA	NA	NA
NC_045512.2	29219	G	A	42992	3254	37	3	0	34	6.97674e-05	43000	1	FALSE	NA	NA	NA	NA	NA	NA
NC_045512.2	29220	G	T	43201	3264	37	3	0	34	6.94316e-05	43208	1	FALSE	NA	NA	NA	NA	NA	NA
NC_045512.2	29220	G	A	43201	3264	37	4	0	42	9.25754e-05	43208	0.6367	FALSE	NA	NA	NA	NA	NA	NA
NC_045512.2	29221	A	T	43195	3256	37	2	0	34	4.62963e-05	43200	1	FALSE	NA	NA	NA	NA	NA	NA
NC_045512.2	29221	A	G	43195	3256	37	3	0	34	6.94444e-05	43200	1	FALSE	NA	NA	NA	NA	NA	NA
NC_045512.2	29222	A	T	43478	3265	37	2	0	30	4.59834e-05	43494	1	FALSE	NA	NA	NA	NA	NA	NA
NC_045512.2	29222	A	G	43478	3265	37	9	1	36	0.000206925	43494	1	FALSE	NA	NA	NA	NA	NA	NA
NC_045512.2	29222	A	C	43478	3265	37	5	0	34	0.000114958	43494	1	FALSE	NA	NA	NA	NA	NA	NA
NC_045512.2	29223	T	G	43698	3436	37	1	0	34	2.28817e-05	43703	1	FALSE	NA	NA	NA	NA	NA	NA
NC_045512.2	29223	T	C	43698	3436	37	3	0	34	6.86452e-05	43703	1	FALSE	NA	NA	NA	NA	NA	NA
NC_045512.2	29223	T	A	43698	3436	37	1	0	34	2.28817e-05	43703	1	FALSE	NA	NA	NA	NA	NA	NA
NC_045512.2	29224	G	A	46283	3486	37	3	0	34	6.48144e-05	46286	1	FALSE	NA	NA	NA	NA	NA	NA
NC_045512.2	29225	T	G	46283	3505	37	2	0	30	4.32059e-05	46290	1	FALSE	NA	NA	NA	NA	NA	NA
NC_045512.2	29225	T	C	46283	3505	37	5	0	40	0.000108015	46290	0.499987	FALSE	NA	NA	NA	NA	NA	NA
NC_045512.2	29226	C	T	46379	3506	37	14	2	40	0.00030177	46393	0.0154357	FALSE	NA	NA	NA	NA	NA	NA
NC_045512.2	29227	G	A	46607	3507	37	17	0	34	0.000364619	46624	0.999942	FALSE	NA	NA	NA	NA	NA	NA
NC_045512.2	29228	C	T	46569	3540	37	8	0	34	0.000171759	46577	1	FALSE	NA	NA	NA	NA	NA	NA
NC_045512.2	29229	G	T	46771	3525	37	1	0	34	2.13735e-05	46787	1	FALSE	NA	NA	NA	NA	NA	NA
NC_045512.2	29229	G	A	46771	3525	37	15	4	52	0.000320602	46787	3.04833e-05	TRUE	NA	NA	NA	NA	NA	NA
NC_045512.2	29230	C	T	47001	3598	37	4	1	42	8.50937e-05	47007	0.636713	FALSE	NA	NA	NA	NA	NA	NA
NC_045512.2	29230	C	G	47001	3598	37	2	0	34	4.25469e-05	47007	1	FALSE	NA	NA	NA	NA	NA	NA
NC_045512.2	29231	A	G	46971	3603	37	2	0	34	4.25767e-05	46974	1	FALSE	NA	NA	NA	NA	NA	NA
NC_045512.2	29231	A	C	46971	3603	37	1	1	34	2.12884e-05	46974	1	FALSE	NA	NA	NA	NA	NA	NA
NC_045512.2	29232	T	C	47038	3640	37	3	0	34	6.37714e-05	47043	1	FALSE	NA	NA	NA	NA	NA	NA
NC_045512.2	29232	T	A	47038	3640	37	2	0	34	4.25143e-05	47043	1	FALSE	NA	NA	NA	NA	NA	NA
NC_045512.2	29233	T	G	46830	3652	37	1	0	34	2.13516e-05	46835	1	FALSE	NA	NA	NA	NA	NA	NA
NC_045512.2	29233	T	C	46830	3652	37	2	0	34	4.27031e-05	46835	1	FALSE	NA	NA	NA	NA	NA	NA
NC_045512.2	29233	T	A	46830	3652	37	2	0	34	4.27031e-05	46835	1	FALSE	NA	NA	NA	NA	NA	NA
NC_045512.2	29234	G	T	48327	3662	37	4	0	32	8.27609e-05	48332	1	FALSE	NA	NA	NA	NA	NA	NA
NC_045512.2	29234	G	A	48327	3662	37	1	0	34	2.06902e-05	48332	1	FALSE	NA	NA	NA	NA	NA	NA
NC_045512.2	29235	G	A	49089	3663	37	7	4	58	0.000142578	49096	0.00781139	TRUE	NA	NA	NA	NA	NA	NA
NC_045512.2	29236	C	T	49126	3700	37	2	0	34	4.07067e-05	49132	1	FALSE	NA	NA	NA	NA	NA	NA
NC_045512.2	29236	C	G	49126	3700	37	4	0	34	8.14133e-05	49132	1	FALSE	NA	NA	NA	NA	NA	NA
NC_045512.2	29237	A	G	49192	3708	37	5	0	40	0.000101632	49197	0.500013	FALSE	NA	NA	NA	NA	NA	NA
NC_045512.2	29238	T	G	49212	3705	37	1	0	34	2.03153e-05	49224	1	FALSE	NA	NA	NA	NA	NA	NA
NC_045512.2	29238	T	C	49212	3705	37	11	0	34	0.000223468	49224	1	FALSE	NA	NA	NA	NA	NA	NA
NC_045512.2	29239	G	C	49303	3703	37	1	0	34	2.02803e-05	49309	1	FALSE	NA	NA	NA	NA	NA	NA
NC_045512.2	29239	G	A	49303	3703	37	5	0	34	0.000101401	49309	1	FALSE	NA	NA	NA	NA	NA	NA
NC_045512.2	29240	G	T	49782	3729	37	2	0	34	4.01727e-05	49785	1	FALSE	NA	NA	NA	NA	NA	NA
NC_045512.2	29240	G	A	49782	3729	37	1	0	34	2.00864e-05	49785	1	FALSE	NA	NA	NA	NA	NA	NA
NC_045512.2	29241	A	G	50432	4205	37	7	2	39	0.000138781	50439	1	FALSE	NA	NA	NA	NA	NA	NA
NC_045512.2	29242	A	T	51254	4217	37	2	0	34	3.9016e-05	51261	1	FALSE	NA	NA	NA	NA	NA	NA
NC_045512.2	29242	A	G	51254	4217	37	5	0	40	9.754e-05	51261	0.623041	FALSE	NA	NA	NA	NA	NA	NA
NC_045512.2	29243	G	T	51427	4214	37	4	0	34	7.77681e-05	51435	1	FALSE	NA	NA	NA	NA	NA	NA
NC_045512.2	29243	G	C	51427	4214	37	1	0	34	1.9442e-05	51435	1	FALSE	NA	NA	NA	NA	NA	NA
NC_045512.2	29243	G	A	51427	4214	37	3	0	31	5.8326e-05	51435	1	FALSE	NA	NA	NA	NA	NA	NA
NC_045512.2	29244	T	C	51312	4259	37	7	1	33	0.000136391	51323	1	FALSE	NA	NA	NA	NA	NA	NA
NC_045512.2	29244	T	A	51312	4259	37	4	1	42	7.79378e-05	51323	0.746046	FALSE	NA	NA	NA	NA	NA	NA
NC_045512.2	29245	C	T	51448	4319	37	1	0	34	1.94356e-05	51452	1	FALSE	NA	NA	NA	NA	NA	NA
NC_045512.2	29245	C	G	51448	4319	37	2	0	34	3.88712e-05	51452	1	FALSE	NA	NA	NA	NA	NA	NA
NC_045512.2	29245	C	A	51448	4319	37	1	0	34	1.94356e-05	51452	1	FALSE	NA	NA	NA	NA	NA	NA
NC_045512.2	29246	A	T	51276	4634	38	2	0	34	3.89985e-05	51284	1	FALSE	NA	NA	NA	NA	NA	NA
NC_045512.2	29246	A	G	51276	4634	38	6	0	34	0.000116996	51284	1	FALSE	NA	NA	NA	NA	NA	NA
NC_045512.2	29247	C	T	48127	5083	38	5	0	34	0.000103881	48132	1	FALSE	NA	NA	NA	NA	NA	NA
NC_045512.2	29248	A	G	48199	5249	38	4	1	42	8.29824e-05	48203	0.636736	FALSE	NA	NA	NA	NA	NA	NA
NC_045512.2	29249	C	T	49001	5340	38	1	0	34	2.04073e-05	49002	1	FALSE	NA	NA	NA	NA	NA	NA
NC_045512.2	29250	C	T	41451	6072	37	3	0	31	7.23676e-05	41455	1	FALSE	NA	NA	NA	NA	NA	NA
NC_045512.2	29250	C	A	41451	6072	37	1	0	34	2.41225e-05	41455	1	FALSE	NA	NA	NA	NA	NA	NA
NC_045512.2	29250	C	-T	41451	6072	37	1	0	20	2.41225e-05	41455	1	FALSE	NA	NA	NA	NA	NA	NA
NC_045512.2	29251	T	C	41461	5930	37	4	0	42	9.64599e-05	41468	0.636686	FALSE	NA	NA	NA	NA	NA	NA
NC_045512.2	29251	T	A	41461	5930	37	3	0	45	7.23449e-05	41468	0.773408	FALSE	NA	NA	NA	NA	NA	NA
NC_045512.2	29252	T	C	41582	5926	37	4	0	34	9.61816e-05	41588	1	FALSE	NA	NA	NA	NA	NA	NA
NC_045512.2	29252	T	A	41582	5926	37	2	0	34	4.80908e-05	41588	1	FALSE	NA	NA	NA	NA	NA	NA
NC_045512.2	29252	T	-C	41582	5926	37	1	0	20	2.40454e-05	41588	1	FALSE	NA	NA	NA	NA	NA	NA
NC_045512.2	29253	C	T	41280	6133	37	1	0	34	2.42242e-05	41281	1	FALSE	NA	NA	NA	NA	NA	NA
NC_045512.2	29254	G	T	41271	6111	37	2	0	34	4.84508e-05	41279	1	FALSE	NA	NA	NA	NA	NA	NA
NC_045512.2	29254	G	C	41271	6111	37	2	2	34	4.84508e-05	41279	1	FALSE	NA	NA	NA	NA	NA	NA
NC_045512.2	29254	G	A	41271	6111	37	4	0	34	9.69016e-05	41279	1	FALSE	NA	NA	NA	NA	NA	NA
NC_045512.2	29255	G	C	41228	6131	37	1	0	34	2.4253e-05	41232	1	FALSE	NA	NA	NA	NA	NA	NA
NC_045512.2	29255	G	A	41228	6131	37	3	0	31	7.2759e-05	41232	1	FALSE	NA	NA	NA	NA	NA	NA
NC_045512.2	29256	G	T	41218	6181	37	1	0	34	2.42601e-05	41220	1	FALSE	NA	NA	NA	NA	NA	NA
NC_045512.2	29256	G	A	41218	6181	37	1	0	34	2.42601e-05	41220	1	FALSE	NA	NA	NA	NA	NA	NA
NC_045512.2	29257	A	T	40791	6158	37	1	0	34	2.45122e-05	40796	1	FALSE	NA	NA	NA	NA	NA	NA
NC_045512.2	29257	A	G	40791	6158	37	4	2	32	9.80488e-05	40796	1	FALSE	NA	NA	NA	NA	NA	NA
NC_045512.2	29258	A	G	38596	7068	37	7	1	34	0.000181333	38603	1	FALSE	NA	NA	NA	NA	NA	NA
NC_045512.2	29259	C	T	38822	7155	37	3	0	34	7.72678e-05	38826	1	FALSE	NA	NA	NA	NA	NA	NA
NC_045512.2	29259	C	A	38822	7155	37	1	0	34	2.57559e-05	38826	1	FALSE	NA	NA	NA	NA	NA	NA
NC_045512.2	29260	G	A	38917	7113	37	7	0	34	0.000179838	38924	1	FALSE	NA	NA	NA	NA	NA	NA
NC_045512.2	29261	T	C	40208	7124	37	1	0	34	2.48701e-05	40209	1	FALSE	NA	NA	NA	NA	NA	NA
NC_045512.2	29262	G	T	40265	7104	37	5	0	34	0.000124156	40272	1	FALSE	NA	NA	NA	NA	NA	NA
NC_045512.2	29262	G	A	40265	7104	37	2	2	34	4.96623e-05	40272	1	FALSE	NA	NA	NA	NA	NA	NA
NC_045512.2	29263	G	T	37378	7603	37	1	0	34	2.6753e-05	37379	1	FALSE	NA	NA	NA	NA	NA	NA
NC_045512.2	29264	T	C	36015	7015	36	1	1	34	2.77654e-05	36016	1	FALSE	NA	NA	NA	NA	NA	NA
NC_045512.2	29264	T	-TGACCTACACAGGTGCCATC	36015	7015	36	1	0	20	2.77654e-05	36016	1	FALSE	NA	NA	NA	NA	NA	NA
NC_045512.2	29264	T	+AAAAAAAAAAAAAAAAAAAA	36015	7015	36	1	0	20	2.77654e-05	36016	1	FALSE	NA	NA	NA	NA	NA	NA
NC_045512.2	29265	T	C	35785	7956	37	6	3	42	0.00016764	35791	0.253892	FALSE	NA	NA	NA	NA	NA	NA
NC_045512.2	29267	A	T	44662	8316	36	2	1	30	4.47758e-05	44667	1	FALSE	NA	NA	NA	NA	NA	NA
NC_045512.2	29267	A	G	44662	8316	36	2	0	34	4.47758e-05	44667	1	FALSE	NA	NA	NA	NA	NA	NA
NC_045512.2	29267	A	C	44662	8316	36	1	1	34	2.23879e-05	44667	1	FALSE	NA	NA	NA	NA	NA	NA
NC_045512.2	29268	C	T	44944	8371	36	2	2	34	4.44939e-05	44950	1	FALSE	NA	NA	NA	NA	NA	NA
NC_045512.2	29268	C	G	44944	8371	36	4	0	28	8.89878e-05	44950	1	FALSE	NA	NA	NA	NA	NA	NA
NC_045512.2	29269	C	T	44706	8463	36	1	0	34	2.23674e-05	44708	1	FALSE	NA	NA	NA	NA	NA	NA
NC_045512.2	29269	C	G	44706	8463	36	1	0	34	2.23674e-05	44708	1	FALSE	NA	NA	NA	NA	NA	NA
NC_045512.2	29270	T	G	44913	8803	36	3	0	27	6.67676e-05	44932	1	FALSE	NA	NA	NA	NA	NA	NA
NC_045512.2	29270	T	C	44913	8803	36	10	1	44	0.000222559	44932	0.0897045	FALSE	NA	NA	NA	NA	NA	NA
NC_045512.2	29270	T	A	44913	8803	36	6	1	34	0.000133535	44932	1	FALSE	NA	NA	NA	NA	NA	NA
NC_045512.2	29271	A	T	47581	8808	36	1	1	26	2.10124e-05	47591	1	FALSE	NA	NA	NA	NA	NA	NA
NC_045512.2	29271	A	G	47581	8808	36	9	5	33	0.000189111	47591	1	FALSE	NA	NA	NA	NA	NA	NA
NC_045512.2	29272	C	T	48230	9997	37	6	5	34	0.000124373	48242	1	FALSE	NA	NA	NA	NA	NA	NA
NC_045512.2	29272	C	G	48230	9997	37	1	0	26	2.07288e-05	48242	1	FALSE	NA	NA	NA	NA	NA	NA
NC_045512.2	29272	C	A	48230	9997	37	5	4	34	0.000103644	48242	1	FALSE	NA	NA	NA	NA	NA	NA
NC_045512.2	29273	A	G	48030	9973	37	4	0	40	8.32743e-05	48034	0.636724	FALSE	NA	NA	NA	NA	NA	NA
NC_045512.2	29274	C	G	48208	9960	37	1	0	34	2.07422e-05	48211	1	FALSE	NA	NA	NA	NA	NA	NA
NC_045512.2	29274	C	A	48208	9960	37	2	0	26	4.14843e-05	48211	1	FALSE	NA	NA	NA	NA	NA	NA
NC_045512.2	29274	C	-A	48208	9960	37	1	0	20	2.07417e-05	48212	1	FALSE	NA	NA	NA	NA	NA	NA
NC_045512.2	29275	A	G	46280	8234	37	7	1	32	0.00015123	46287	1	FALSE	NA	NA	NA	NA	NA	NA
NC_045512.2	29276	G	T	45203	8301	36	1	0	34	2.2121e-05	45206	1	FALSE	NA	NA	NA	NA	NA	NA
NC_045512.2	29276	G	C	45203	8301	36	1	0	26	2.2121e-05	45206	1	FALSE	NA	NA	NA	NA	NA	NA
NC_045512.2	29276	G	A	45203	8301	36	1	0	26	2.2121e-05	45206	1	FALSE	NA	NA	NA	NA	NA	NA
NC_045512.2	29277	G	A	44786	8548	37	1	0	34	2.23279e-05	44787	1	FALSE	NA	NA	NA	NA	NA	NA
NC_045512.2	29278	T	G	44637	8414	37	1	1	34	2.24009e-05	44641	1	FALSE	NA	NA	NA	NA	NA	NA
NC_045512.2	29278	T	C	44637	8414	37	3	1	34	6.72028e-05	44641	1	FALSE	NA	NA	NA	NA	NA	NA
NC_045512.2	29279	G	C	44659	8369	37	1	0	68	2.23874e-05	44668	0.499955	FALSE	NA	NA	NA	NA	NA	NA
NC_045512.2	29279	G	A	44659	8369	37	8	1	34	0.000179099	44668	1	FALSE	NA	NA	NA	NA	NA	NA
NC_045512.2	29279	G	-C	44659	8369	37	1	0	20	2.23869e-05	44669	1	FALSE	NA	NA	NA	NA	NA	NA
NC_045512.2	29280	C	T	43998	7769	37	6	0	34	0.000136339	44008	1	FALSE	NA	NA	NA	NA	NA	NA
NC_045512.2	29280	C	G	43998	7769	37	4	0	34	9.08926e-05	44008	1	FALSE	NA	NA	NA	NA	NA	NA
NC_045512.2	29281	C	T	43803	7937	37	4	1	34	9.12909e-05	43816	1	FALSE	NA	NA	NA	NA	NA	NA
NC_045512.2	29281	C	G	43803	7937	37	5	0	32	0.000114114	43816	1	FALSE	NA	NA	NA	NA	NA	NA
NC_045512.2	29281	C	A	43803	7937	37	4	1	34	9.12909e-05	43816	1	FALSE	NA	NA	NA	NA	NA	NA
NC_045512.2	29282	A	G	44538	8592	37	5	0	34	0.000112251	44543	1	FALSE	NA	NA	NA	NA	NA	NA
NC_045512.2	29283	T	G	44519	8700	37	1	0	34	2.24603e-05	44523	1	FALSE	NA	NA	NA	NA	NA	NA
NC_045512.2	29283	T	C	44519	8700	37	1	1	34	2.24603e-05	44523	1	FALSE	NA	NA	NA	NA	NA	NA
NC_045512.2	29283	T	A	44519	8700	37	2	0	34	4.49206e-05	44523	1	FALSE	NA	NA	NA	NA	NA	NA
NC_045512.2	29284	C	G	43854	8792	37	1	0	26	2.28024e-05	43855	1	FALSE	NA	NA	NA	NA	NA	NA
NC_045512.2	29285	A	T	43916	8642	37	1	1	24	2.27687e-05	43920	1	FALSE	NA	NA	NA	NA	NA	NA
NC_045512.2	29285	A	G	43916	8642	37	3	0	30	6.8306e-05	43920	1	FALSE	NA	NA	NA	NA	NA	NA
NC_045512.2	29286	A	G	43693	8703	37	5	0	32	0.000114422	43698	1	FALSE	NA	NA	NA	NA	NA	NA
NC_045512.2	29287	A	G	43533	8751	37	2	1	47	4.594e-05	43535	0.890638	FALSE	NA	NA	NA	NA	NA	NA
NC_045512.2	29288	T	C	43554	8677	37	2	2	30	4.59168e-05	43557	1	FALSE	NA	NA	NA	NA	NA	NA
NC_045512.2	29288	T	A	43554	8677	37	1	0	26	2.29584e-05	43557	1	FALSE	NA	NA	NA	NA	NA	NA
NC_045512.2	29289	T	C	43393	8596	37	1	0	34	2.30447e-05	43394	1	FALSE	NA	NA	NA	NA	NA	NA
NC_045512.2	29290	G	T	43116	8655	37	1	0	34	2.31922e-05	43118	1	FALSE	NA	NA	NA	NA	NA	NA
NC_045512.2	29290	G	A	43116	8655	37	1	0	34	2.31922e-05	43118	1	FALSE	NA	NA	NA	NA	NA	NA
NC_045512.2	29291	G	A	43153	8694	37	2	2	34	4.63446e-05	43155	1	FALSE	NA	NA	NA	NA	NA	NA
NC_045512.2	29292	A	G	42442	8977	37	2	1	34	4.71209e-05	42444	1	FALSE	NA	NA	NA	NA	NA	NA
NC_045512.2	29293	T	C	42219	8794	37	1	0	34	2.36838e-05	42223	1	FALSE	NA	NA	NA	NA	NA	NA
NC_045512.2	29293	T	A	42219	8794	37	3	0	45	7.10513e-05	42223	0.773447	FALSE	NA	NA	NA	NA	NA	NA
NC_045512.2	29294	G	A	42349	8931	37	1	0	34	2.36128e-05	42350	1	FALSE	NA	NA	NA	NA	NA	NA
NC_045512.2	29295	A	G	42492	9022	37	5	0	40	0.000117655	42497	0.500014	FALSE	NA	NA	NA	NA	NA	NA
NC_045512.2	29296	C	T	41691	9337	37	2	0	34	4.79685e-05	41694	1	FALSE	NA	NA	NA	NA	NA	NA
NC_045512.2	29296	C	G	41691	9337	37	1	0	34	2.39843e-05	41694	1	FALSE	NA	NA	NA	NA	NA	NA
NC_045512.2	29297	A	G	41525	9363	37	4	1	34	9.63182e-05	41529	1	FALSE	NA	NA	NA	NA	NA	NA
NC_045512.2	29298	A	G	41514	9477	37	5	2	34	0.000120427	41519	1	FALSE	NA	NA	NA	NA	NA	NA
NC_045512.2	29299	A	G	39913	9301	36	2	0	34	5.01065e-05	39915	1	FALSE	NA	NA	NA	NA	NA	NA
NC_045512.2	29300	G	A	41525	9274	37	1	0	27	2.40813e-05	41526	1	FALSE	NA	NA	NA	NA	NA	NA
NC_045512.2	29301	A	G	40270	9907	36	1	0	34	2.48318e-05	40271	1	FALSE	NA	NA	NA	NA	NA	NA
NC_045512.2	29302	T	C	41577	9872	37	5	1	34	0.000120241	41583	1	FALSE	NA	NA	NA	NA	NA	NA
NC_045512.2	29302	T	A	41577	9872	37	1	0	34	2.40483e-05	41583	1	FALSE	NA	NA	NA	NA	NA	NA
NC_045512.2	29303	C	T	40746	9955	37	4	4	51	9.81523e-05	40753	0.0624893	FALSE	NA	NA	NA	NA	NA	NA
NC_045512.2	29303	C	G	40746	9955	37	3	0	31	7.36142e-05	40753	1	FALSE	NA	NA	NA	NA	NA	NA
NC_045512.2	29304	C	T	40290	9924	37	2	0	51	4.96327e-05	40296	0.249978	FALSE	NA	NA	NA	NA	NA	NA
NC_045512.2	29304	C	A	40290	9924	37	4	1	34	9.92654e-05	40296	1	FALSE	NA	NA	NA	NA	NA	NA
NC_045512.2	29305	A	G	40341	9957	37	3	2	56	7.43605e-05	40344	0.125	FALSE	NA	NA	NA	NA	NA	NA
NC_045512.2	29306	A	T	39190	10380	36	2	0	34	5.10269e-05	39195	1	FALSE	NA	NA	NA	NA	NA	NA
NC_045512.2	29306	A	G	39190	10380	36	3	1	34	7.65404e-05	39195	1	FALSE	NA	NA	NA	NA	NA	NA
NC_045512.2	29307	A	G	39648	10432	37	2	1	34	5.04414e-05	39650	1	FALSE	NA	NA	NA	NA	NA	NA
NC_045512.2	29308	T	C	39803	10461	37	4	2	42	0.000100482	39808	0.5	FALSE	NA	NA	NA	NA	NA	NA
NC_045512.2	29308	T	A	39803	10461	37	1	1	34	2.51206e-05	39808	1	FALSE	NA	NA	NA	NA	NA	NA
NC_045512.2	29309	T	G	39758	10542	37	1	0	26	2.51509e-05	39760	1	FALSE	NA	NA	NA	NA	NA	NA
NC_045512.2	29309	T	C	39758	10542	37	1	0	34	2.51509e-05	39760	1	FALSE	NA	NA	NA	NA	NA	NA
NC_045512.2	29310	T	C	39927	10779	37	6	3	38	0.000150252	39933	1	FALSE	NA	NA	NA	NA	NA	NA
NC_045512.2	29311	C	T	39746	10995	37	1	1	20	2.51585e-05	39748	1	FALSE	NA	NA	NA	NA	NA	NA
NC_045512.2	29311	C	G	39746	10995	37	1	0	34	2.51585e-05	39748	1	FALSE	NA	NA	NA	NA	NA	NA
NC_045512.2	29312	A	G	39711	10971	37	14	3	35	0.000352423	39725	0.999866	FALSE	NA	NA	NA	NA	NA	NA
NC_045512.2	29313	A	G	39209	11036	37	9	3	49	0.000229481	39219	0.0729826	FALSE	NA	NA	NA	NA	NA	NA
NC_045512.2	29313	A	C	39209	11036	37	1	0	26	2.54978e-05	39219	1	FALSE	NA	NA	NA	NA	NA	NA
NC_045512.2	29314	A	G	38100	11041	36	4	2	32	0.000104976	38104	1	FALSE	NA	NA	NA	NA	NA	NA
NC_045512.2	29315	G	T	40021	11038	37	2	2	30	4.99713e-05	40023	1	FALSE	NA	NA	NA	NA	NA	NA
NC_045512.2	29316	A	T	39903	12707	37	1	0	34	2.50576e-05	39908	1	FALSE	NA	NA	NA	NA	NA	NA
NC_045512.2	29316	A	G	39903	12707	37	4	1	54	0.000100231	39908	0.0624953	FALSE	NA	NA	NA	NA	NA	NA
NC_045512.2	29317	T	A	40264	12740	37	1	0	34	2.48355e-05	40265	1	FALSE	NA	NA	NA	NA	NA	NA
NC_045512.2	29317	T	-C	40264	12740	37	1	0	20	2.48355e-05	40265	1	FALSE	NA	NA	NA	NA	NA	NA
NC_045512.2	29318	C	-A	39758	12838	37	1	0	20	2.51515e-05	39759	1	FALSE	NA	NA	NA	NA	NA	NA
NC_045512.2	29319	A	G	39819	12805	37	1	1	34	2.5113e-05	39820	1	FALSE	NA	NA	NA	NA	NA	NA
NC_045512.2	29320	A	T	39787	12834	37	1	1	68	2.513e-05	39793	0.499975	FALSE	NA	NA	NA	NA	NA	NA
NC_045512.2	29320	A	G	39787	12834	37	4	1	32	0.00010052	39793	1	FALSE	NA	NA	NA	NA	NA	NA
NC_045512.2	29320	A	C	39787	12834	37	1	1	68	2.513e-05	39793	0.499975	FALSE	NA	NA	NA	NA	NA	NA
NC_045512.2	29322	T	C	39805	12995	37	2	1	34	5.02412e-05	39808	1	FALSE	NA	NA	NA	NA	NA	NA
NC_045512.2	29322	T	A	39805	12995	37	1	0	34	2.51206e-05	39808	1	FALSE	NA	NA	NA	NA	NA	NA
NC_045512.2	29323	C	T	40009	13613	37	1	0	68	2.49931e-05	40011	0.5	FALSE	NA	NA	NA	NA	NA	NA
NC_045512.2	29323	C	A	40009	13613	37	1	1	34	2.49931e-05	40011	1	FALSE	NA	NA	NA	NA	NA	NA
NC_045512.2	29324	A	T	39660	13224	37	3	1	31	7.56353e-05	39664	1	FALSE	NA	NA	NA	NA	NA	NA
NC_045512.2	29324	A	C	39660	13224	37	1	0	34	2.52118e-05	39664	1	FALSE	NA	NA	NA	NA	NA	NA
NC_045512.2	29324	A	-T	39660	13224	37	6	0	20	0.000151271	39664	1	FALSE	NA	NA	NA	NA	NA	NA
NC_045512.2	29325	T	G	37906	13817	37	2	0	29	5.2751e-05	37914	1	FALSE	NA	NA	NA	NA	NA	NA
NC_045512.2	29325	T	C	37906	13817	37	3	2	45	7.91264e-05	37914	0.656133	FALSE	NA	NA	NA	NA	NA	NA
NC_045512.2	29325	T	A	37906	13817	37	3	3	34	7.91264e-05	37914	1	FALSE	NA	NA	NA	NA	NA	NA
NC_045512.2	29326	T	C	37386	13350	37	2	0	34	5.34917e-05	37389	1	FALSE	NA	NA	NA	NA	NA	NA
NC_045512.2	29326	T	A	37386	13350	37	1	1	34	2.67458e-05	37389	1	FALSE	NA	NA	NA	NA	NA	NA
NC_045512.2	29327	T	G	37984	13950	37	1	0	26	2.63199e-05	37994	1	FALSE	NA	NA	NA	NA	NA	NA
NC_045512.2	29327	T	C	37984	13950	37	7	1	34	0.00018424	37994	1	FALSE	NA	NA	NA	NA	NA	NA
NC_045512.2	29327	T	A	37984	13950	37	2	1	68	5.26399e-05	37994	0.249951	FALSE	NA	NA	NA	NA	NA	NA
NC_045512.2	29328	T	G	37803	14008	37	1	0	34	2.64403e-05	37821	1	FALSE	NA	NA	NA	NA	NA	NA
NC_045512.2	29328	T	C	37803	14008	37	17	3	43	0.000449486	37821	0.00128683	TRUE	NA	NA	NA	NA	NA	NA
NC_045512.2	29329	G	A	37728	13866	37	2	0	34	5.30082e-05	37730	1	FALSE	NA	NA	NA	NA	NA	NA
NC_045512.2	29330	C	T	37451	14332	37	12	2	45	0.000320316	37463	0.0175715	FALSE	NA	NA	NA	NA	NA	NA
NC_045512.2	29331	T	C	37686	14269	37	1	0	34	2.65343e-05	37687	1	FALSE	NA	NA	NA	NA	NA	NA
NC_045512.2	29332	G	T	38791	14233	37	1	1	34	2.57765e-05	38795	1	FALSE	NA	NA	NA	NA	NA	NA
NC_045512.2	29332	G	A	38791	14233	37	3	1	34	7.73296e-05	38795	1	FALSE	NA	NA	NA	NA	NA	NA
NC_045512.2	29333	A	G	38778	14185	37	5	2	47	0.000128922	38783	0.363288	FALSE	NA	NA	NA	NA	NA	NA
NC_045512.2	29334	A	G	39011	14436	37	2	1	34	5.12636e-05	39014	1	FALSE	NA	NA	NA	NA	NA	NA
NC_045512.2	29334	A	C	39011	14436	37	1	1	26	2.56318e-05	39014	1	FALSE	NA	NA	NA	NA	NA	NA
NC_045512.2	29335	T	G	38316	14842	37	1	0	26	2.60981e-05	38317	1	FALSE	NA	NA	NA	NA	NA	NA
NC_045512.2	29335	T	-A	38316	14842	37	1	0	20	2.60981e-05	38317	1	FALSE	NA	NA	NA	NA	NA	NA
NC_045512.2	29336	A	G	37574	14911	37	3	0	31	7.98361e-05	37577	1	FALSE	NA	NA	NA	NA	NA	NA
NC_045512.2	29337	A	G	37774	14946	37	2	1	34	5.29423e-05	37777	1	FALSE	NA	NA	NA	NA	NA	NA
NC_045512.2	29337	A	C	37774	14946	37	1	1	34	2.64711e-05	37777	1	FALSE	NA	NA	NA	NA	NA	NA
NC_045512.2	29338	G	T	38655	14867	37	3	0	34	7.75896e-05	38665	1	FALSE	NA	NA	NA	NA	NA	NA
NC_045512.2	29338	G	A	38655	14867	37	7	3	34	0.000181042	38665	1	FALSE	NA	NA	NA	NA	NA	NA
NC_045512.2	29339	C	T	38993	15436	37	1	1	34	2.56443e-05	38995	1	FALSE	NA	NA	NA	NA	NA	NA
NC_045512.2	29339	C	A	38993	15436	37	1	0	34	2.56443e-05	38995	1	FALSE	NA	NA	NA	NA	NA	NA
NC_045512.2	29340	A	T	39359	15531	37	1	0	34	2.54039e-05	39364	1	FALSE	NA	NA	NA	NA	NA	NA
NC_045512.2	29340	A	G	39359	15531	37	3	1	31	7.62118e-05	39364	1	FALSE	NA	NA	NA	NA	NA	NA
NC_045512.2	29340	A	C	39359	15531	37	1	0	34	2.54039e-05	39364	1	FALSE	NA	NA	NA	NA	NA	NA
NC_045512.2	29341	T	G	38057	14428	37	1	0	26	2.62695e-05	38067	1	FALSE	NA	NA	NA	NA	NA	NA
NC_045512.2	29341	T	C	38057	14428	37	8	4	46	0.000210156	38067	0.113256	FALSE	NA	NA	NA	NA	NA	NA
NC_045512.2	29341	T	A	38057	14428	37	1	1	34	2.62695e-05	38067	1	FALSE	NA	NA	NA	NA	NA	NA
NC_045512.2	29342	A	G	38006	14973	37	1	1	26	2.63109e-05	38007	1	FALSE	NA	NA	NA	NA	NA	NA
NC_045512.2	29342	A	+TT	38006	14973	37	3	0	20	7.89328e-05	38007	1	FALSE	NA	NA	NA	NA	NA	NA
NC_045512.2	29343	T	G	37163	14752	36	1	0	34	2.69041e-05	37169	1	FALSE	NA	NA	NA	NA	NA	NA
NC_045512.2	29343	T	C	37163	14752	36	3	1	34	8.07124e-05	37169	1	FALSE	NA	NA	NA	NA	NA	NA
NC_045512.2	29343	T	A	37163	14752	36	2	1	34	5.38083e-05	37169	1	FALSE	NA	NA	NA	NA	NA	NA
NC_045512.2	29344	T	C	37377	15187	37	2	1	34	5.3506e-05	37379	1	FALSE	NA	NA	NA	NA	NA	NA
NC_045512.2	29345	G	A	37458	15021	37	8	5	33	0.000213527	37466	0.999998	FALSE	NA	NA	NA	NA	NA	NA
NC_045512.2	29346	A	T	37492	15112	37	1	1	26	2.66688e-05	37497	1	FALSE	NA	NA	NA	NA	NA	NA
NC_045512.2	29346	A	G	37492	15112	37	4	0	34	0.000106675	37497	1	FALSE	NA	NA	NA	NA	NA	NA
NC_045512.2	29347	C	T	37280	15039	37	19	10	38	0.00050937	37301	0.994785	FALSE	NA	NA	NA	NA	NA	NA
NC_045512.2	29347	C	A	37280	15039	37	2	2	34	5.36179e-05	37301	1	FALSE	NA	NA	NA	NA	NA	NA
NC_045512.2	29348	G	C	37043	14826	37	1	0	34	2.69942e-05	37045	1	FALSE	NA	NA	NA	NA	NA	NA
NC_045512.2	29348	G	A	37043	14826	37	1	0	34	2.69942e-05	37045	1	FALSE	NA	NA	NA	NA	NA	NA
NC_045512.2	29349	C	T	36064	14756	37	1	0	34	2.77269e-05	36066	1	FALSE	NA	NA	NA	NA	NA	NA
NC_045512.2	29349	C	A	36064	14756	37	1	0	34	2.77269e-05	36066	1	FALSE	NA	NA	NA	NA	NA	NA
NC_045512.2	29350	A	G	37162	14747	37	2	0	30	5.38141e-05	37165	1	FALSE	NA	NA	NA	NA	NA	NA
NC_045512.2	29350	A	C	37162	14747	37	1	1	34	2.6907e-05	37165	1	FALSE	NA	NA	NA	NA	NA	NA
NC_045512.2	29351	T	G	37552	15178	37	1	0	34	2.66241e-05	37560	1	FALSE	NA	NA	NA	NA	NA	NA
NC_045512.2	29351	T	C	37552	15178	37	7	1	34	0.000186368	37560	1	FALSE	NA	NA	NA	NA	NA	NA
NC_045512.2	29352	A	T	37344	15262	37	3	2	31	8.0317e-05	37352	1	FALSE	NA	NA	NA	NA	NA	NA
NC_045512.2	29352	A	G	37344	15262	37	3	1	34	8.0317e-05	37352	1	FALSE	NA	NA	NA	NA	NA	NA
NC_045512.2	29352	A	C	37344	15262	37	2	1	30	5.35447e-05	37352	1	FALSE	NA	NA	NA	NA	NA	NA
NC_045512.2	29353	C	T	38816	17055	38	3	2	56	7.72798e-05	38820	0.124995	FALSE	NA	NA	NA	NA	NA	NA
NC_045512.2	29353	C	A	38816	17055	38	1	0	34	2.57599e-05	38820	1	FALSE	NA	NA	NA	NA	NA	NA
NC_045512.2	29353	C	-A	38816	17055	38	3	0	20	7.72798e-05	38820	1	FALSE	NA	NA	NA	NA	NA	NA
NC_045512.2	29354	A	G	38770	17049	38	1	0	38	2.57925e-05	38771	1	FALSE	NA	NA	NA	NA	NA	NA
NC_045512.2	29355	A	T	39159	17274	38	3	1	31	7.65951e-05	39167	1	FALSE	NA	NA	NA	NA	NA	NA
NC_045512.2	29355	A	G	39159	17274	38	5	0	39	0.000127658	39167	1	FALSE	NA	NA	NA	NA	NA	NA
NC_045512.2	29356	A	G	39699	20446	37	4	1	34	0.00010074	39706	1	FALSE	NA	NA	NA	NA	NA	NA
NC_045512.2	29356	A	C	39699	20446	37	3	0	31	7.55553e-05	39706	1	FALSE	NA	NA	NA	NA	NA	NA
NC_045512.2	29357	A	T	41597	20536	38	1	1	34	2.40321e-05	41611	1	FALSE	NA	NA	NA	NA	NA	NA
NC_045512.2	29357	A	G	41597	20536	38	4	1	34	9.61284e-05	41611	1	FALSE	NA	NA	NA	NA	NA	NA
NC_045512.2	29357	A	C	41597	20536	38	9	6	34	0.000216289	41611	0.999999	FALSE	NA	NA	NA	NA	NA	NA
NC_045512.2	29358	C	T	41767	20656	38	1	0	34	2.39418e-05	41768	1	FALSE	NA	NA	NA	NA	NA	NA
NC_045512.2	29359	A	G	41249	20275	38	4	0	32	9.69626e-05	41253	1	FALSE	NA	NA	NA	NA	NA	NA
NC_045512.2	29360	T	C	41427	20574	39	2	1	51	4.82754e-05	41429	0.250003	FALSE	NA	NA	NA	NA	NA	NA
NC_045512.2	29361	T	G	41500	21079	39	1	0	34	2.40952e-05	41502	1	FALSE	NA	NA	NA	NA	NA	NA
NC_045512.2	29361	T	C	41500	21079	39	1	0	68	2.40952e-05	41502	0.5	FALSE	NA	NA	NA	NA	NA	NA
NC_045512.2	29361	T	-C	41500	21079	39	1	0	20	2.40952e-05	41502	1	FALSE	NA	NA	NA	NA	NA	NA
NC_045512.2	29362	C	T	41367	21383	38	2	2	34	4.8343e-05	41371	1	FALSE	NA	NA	NA	NA	NA	NA
NC_045512.2	29362	C	G	41367	21383	38	1	1	34	2.41715e-05	41371	1	FALSE	NA	NA	NA	NA	NA	NA
NC_045512.2	29362	C	A	41367	21383	38	1	0	34	2.41715e-05	41371	1	FALSE	NA	NA	NA	NA	NA	NA
NC_045512.2	29363	C	T	41902	22192	39	3	3	31	7.15888e-05	41906	1	FALSE	NA	NA	NA	NA	NA	NA
NC_045512.2	29363	C	A	41902	22192	39	1	1	68	2.38629e-05	41906	0.499988	FALSE	NA	NA	NA	NA	NA	NA
NC_045512.2	29364	C	G	42797	22072	39	1	0	26	2.33656e-05	42798	1	FALSE	NA	NA	NA	NA	NA	NA
NC_045512.2	29365	A	G	42825	22058	39	2	1	29	4.66995e-05	42827	1	FALSE	NA	NA	NA	NA	NA	NA
NC_045512.2	29366	C	T	37483	23586	37	2	0	34	5.33504e-05	37488	1	FALSE	NA	NA	NA	NA	NA	NA
NC_045512.2	29366	C	G	37483	23586	37	2	1	34	5.33504e-05	37488	1	FALSE	NA	NA	NA	NA	NA	NA
NC_045512.2	29366	C	A	37483	23586	37	1	0	68	2.66752e-05	37488	0.49998	FALSE	NA	NA	NA	NA	NA	NA
NC_045512.2	29367	C	T	37185	23510	37	1	1	34	2.68861e-05	37194	1	FALSE	NA	NA	NA	NA	NA	NA
NC_045512.2	29367	C	G	37185	23510	37	2	1	30	5.37721e-05	37194	1	FALSE	NA	NA	NA	NA	NA	NA
NC_045512.2	29367	C	A	37185	23510	37	6	6	34	0.000161316	37194	1	FALSE	NA	NA	NA	NA	NA	NA
NC_045512.2	29368	A	G	37339	23606	37	3	2	34	8.03363e-05	37343	1	FALSE	NA	NA	NA	NA	NA	NA
NC_045512.2	29368	A	C	37339	23606	37	1	1	34	2.67788e-05	37343	1	FALSE	NA	NA	NA	NA	NA	NA
NC_045512.2	29369	A	T	36259	23747	36	1	1	34	2.75778e-05	36261	1	FALSE	NA	NA	NA	NA	NA	NA
NC_045512.2	29369	A	G	36259	23747	36	1	1	34	2.75778e-05	36261	1	FALSE	NA	NA	NA	NA	NA	NA
NC_045512.2	29370	C	T	36533	23838	36	8	3	34	0.000218926	36542	0.999997	FALSE	NA	NA	NA	NA	NA	NA
NC_045512.2	29370	C	G	36533	23838	36	1	0	34	2.73658e-05	36542	1	FALSE	NA	NA	NA	NA	NA	NA
NC_045512.2	29371	A	G	35617	22982	36	12	12	34	0.000336804	35629	0.999828	FALSE	NA	NA	NA	NA	NA	NA
NC_045512.2	29372	G	T	33567	23148	35	1	0	34	2.97903e-05	33568	1	FALSE	NA	NA	NA	NA	NA	NA
NC_045512.2	29373	A	G	32953	22541	36	4	3	32	0.00012137	32957	1	FALSE	NA	NA	NA	NA	NA	NA
NC_045512.2	29374	G	T	33356	22384	36	1	1	26	2.99679e-05	33369	1	FALSE	NA	NA	NA	NA	NA	NA
NC_045512.2	29374	G	C	33356	22384	36	1	1	26	2.99679e-05	33369	1	FALSE	NA	NA	NA	NA	NA	NA
NC_045512.2	29374	G	A	33356	22384	36	11	7	34	0.000329647	33369	0.999807	FALSE	NA	NA	NA	NA	NA	NA
NC_045512.2	29375	C	T	33429	22447	36	4	4	34	0.000119639	33434	1	FALSE	NA	NA	NA	NA	NA	NA
NC_045512.2	29375	C	A	33429	22447	36	1	1	68	2.99097e-05	33434	0.499978	FALSE	NA	NA	NA	NA	NA	NA
NC_045512.2	29376	C	T	33753	23142	36	2	2	34	5.92435e-05	33759	1	FALSE	NA	NA	NA	NA	NA	NA
NC_045512.2	29376	C	A	33753	23142	36	4	2	32	0.000118487	33759	1	FALSE	NA	NA	NA	NA	NA	NA
NC_045512.2	29377	T	C	33887	23291	36	7	3	34	0.000206526	33894	0.999996	FALSE	NA	NA	NA	NA	NA	NA
NC_045512.2	29377	T	-A	33887	23291	36	8	0	20	0.00023603	33894	1	FALSE	NA	NA	NA	NA	NA	NA
NC_045512.2	29378	A	T	33905	23269	36	1	1	34	2.94924e-05	33907	1	FALSE	NA	NA	NA	NA	NA	NA
NC_045512.2	29378	A	G	33905	23269	36	1	1	68	2.94924e-05	33907	0.499941	FALSE	NA	NA	NA	NA	NA	NA
NC_045512.2	29379	A	G	34022	23377	36	3	2	34	8.81705e-05	34025	1	FALSE	NA	NA	NA	NA	NA	NA
NC_045512.2	29380	A	G	33874	23391	36	2	1	47	5.90388e-05	33876	0.812518	FALSE	NA	NA	NA	NA	NA	NA
NC_045512.2	29381	A	G	33808	23365	36	5	3	34	0.000147872	33813	1	FALSE	NA	NA	NA	NA	NA	NA
NC_045512.2	29382	A	G	33468	23256	36	24	20	35	0.000716589	33492	0.907687	FALSE	NA	NA	NA	NA	NA	NA
NC_045512.2	29383	G	T	32581	22311	36	2	1	34	6.13742e-05	32587	1	FALSE	NA	NA	NA	NA	NA	NA
NC_045512.2	29383	G	C	32581	22311	36	1	1	34	3.06871e-05	32587	1	FALSE	NA	NA	NA	NA	NA	NA
NC_045512.2	29383	G	A	32581	22311	36	3	3	34	9.20613e-05	32587	1	FALSE	NA	NA	NA	NA	NA	NA
NC_045512.2	29384	G	C	32667	22435	36	3	3	31	9.18274e-05	32670	1	FALSE	NA	NA	NA	NA	NA	NA
NC_045512.2	29385	A	G	32888	22694	36	4	2	32	0.00012161	32892	1	FALSE	NA	NA	NA	NA	NA	NA
NC_045512.2	29386	C	-A	32802	22724	36	2	0	20	6.09719e-05	32802	1	FALSE	NA	NA	NA	NA	NA	NA
NC_045512.2	29386	C	+AAA	32802	22724	36	1	0	20	3.04859e-05	32802	1	FALSE	NA	NA	NA	NA	NA	NA
NC_045512.2	29387	A	G	32649	22581	36	21	18	38	0.000642792	32670	0.95086	FALSE	NA	NA	NA	NA	NA	NA
NC_045512.2	29388	A	G	32811	22676	36	1	1	34	3.04767e-05	32812	1	FALSE	NA	NA	NA	NA	NA	NA
NC_045512.2	29389	A	C	32829	23307	35	1	1	34	3.04599e-05	32830	1	FALSE	NA	NA	NA	NA	NA	NA
NC_045512.2	29390	A	G	33817	23753	36	5	3	34	0.000147833	33822	1	FALSE	NA	NA	NA	NA	NA	NA
NC_045512.2	29391	A	G	33511	23901	36	3	3	34	8.95148e-05	33514	1	FALSE	NA	NA	NA	NA	NA	NA
NC_045512.2	29392	G	C	33778	23834	36	1	0	26	2.96024e-05	33781	1	FALSE	NA	NA	NA	NA	NA	NA
NC_045512.2	29392	G	A	33778	23834	36	2	1	34	5.92049e-05	33781	1	FALSE	NA	NA	NA	NA	NA	NA
NC_045512.2	29393	A	G	33416	23718	35	1	1	34	2.99249e-05	33417	1	FALSE	NA	NA	NA	NA	NA	NA
NC_045512.2	29394	A	T	33586	23656	36	1	1	34	2.97672e-05	33594	1	FALSE	NA	NA	NA	NA	NA	NA
NC_045512.2	29394	A	G	33586	23656	36	7	4	42	0.000208371	33594	0.171857	FALSE	NA	NA	NA	NA	NA	NA
NC_045512.2	29395	G	A	33551	23672	36	1	1	34	2.98045e-05	33552	1	FALSE	NA	NA	NA	NA	NA	NA
NC_045512.2	29396	A	G	33127	23723	35	3	2	34	9.05524e-05	33130	1	FALSE	NA	NA	NA	NA	NA	NA
NC_045512.2	29397	A	T	33214	23508	36	2	2	34	6.02083e-05	33218	1	FALSE	NA	NA	NA	NA	NA	NA
NC_045512.2	29397	A	G	33214	23508	36	1	0	34	3.01042e-05	33218	1	FALSE	NA	NA	NA	NA	NA	NA
NC_045512.2	29397	A	C	33214	23508	36	1	0	24	3.01042e-05	33218	1	FALSE	NA	NA	NA	NA	NA	NA
NC_045512.2	29398	G	C	33283	23441	36	1	1	34	3.00445e-05	33284	1	FALSE	NA	NA	NA	NA	NA	NA
NC_045512.2	29399	G	A	35039	25387	36	1	1	34	2.85388e-05	35040	1	FALSE	NA	NA	NA	NA	NA	NA
NC_045512.2	29401	T	C	34267	24887	36	5	5	34	0.000145883	34274	1	FALSE	NA	NA	NA	NA	NA	NA
NC_045512.2	29401	T	A	34267	24887	36	2	2	34	5.83533e-05	34274	1	FALSE	NA	NA	NA	NA	NA	NA
NC_045512.2	29402	G	A	34621	24990	36	2	1	51	5.77651e-05	34623	0.250004	FALSE	NA	NA	NA	NA	NA	NA
NC_045512.2	29403	A	T	35555	25964	36	1	1	34	2.81239e-05	35557	1	FALSE	NA	NA	NA	NA	NA	NA
NC_045512.2	29403	A	G	35555	25964	36	1	0	34	2.81239e-05	35557	1	FALSE	NA	NA	NA	NA	NA	NA
NC_045512.2	29404	T	C	35633	26049	36	6	4	32	0.000168355	35639	1	FALSE	NA	NA	NA	NA	NA	NA
NC_045512.2	29405	G	A	35583	26011	36	1	1	34	2.81025e-05	35584	1	FALSE	NA	NA	NA	NA	NA	NA
NC_045512.2	29405	G	-A	35583	26011	36	1	0	20	2.81025e-05	35584	1	FALSE	NA	NA	NA	NA	NA	NA
NC_045512.2	29406	A	G	35825	26318	36	2	2	34	5.58223e-05	35828	1	FALSE	NA	NA	NA	NA	NA	NA
NC_045512.2	29406	A	C	35825	26318	36	1	1	34	2.79111e-05	35828	1	FALSE	NA	NA	NA	NA	NA	NA
NC_045512.2	29407	A	T	35593	26084	36	2	0	34	5.61719e-05	35605	1	FALSE	NA	NA	NA	NA	NA	NA
NC_045512.2	29407	A	G	35593	26084	36	9	7	34	0.000252773	35605	0.999987	FALSE	NA	NA	NA	NA	NA	NA
NC_045512.2	29407	A	C	35593	26084	36	1	1	34	2.80859e-05	35605	1	FALSE	NA	NA	NA	NA	NA	NA
NC_045512.2	29408	A	G	36387	26457	36	6	4	61	0.000164867	36393	0.0156231	FALSE	NA	NA	NA	NA	NA	NA
NC_045512.2	29409	C	T	43251	34146	37	2	2	34	4.62396e-05	43253	1	FALSE	NA	NA	NA	NA	NA	NA
NC_045512.2	29410	T	G	43221	34155	37	1	1	38	2.31337e-05	43227	1	FALSE	NA	NA	NA	NA	NA	NA
NC_045512.2	29410	T	C	43221	34155	37	5	4	38	0.000115668	43227	1	FALSE	NA	NA	NA	NA	NA	NA
NC_045512.2	29411	C	T	43116	34089	37	5	5	32	0.00011595	43122	1	FALSE	NA	NA	NA	NA	NA	NA
NC_045512.2	29411	C	A	43116	34089	37	1	1	34	2.319e-05	43122	1	FALSE	NA	NA	NA	NA	NA	NA
NC_045512.2	29412	A	G	42799	33779	37	5	3	39	0.000116812	42804	1	FALSE	NA	NA	NA	NA	NA	NA
NC_045512.2	29413	A	T	42866	33771	37	2	2	34	4.66396e-05	42882	1	FALSE	NA	NA	NA	NA	NA	NA
NC_045512.2	29413	A	G	42866	33771	37	13	12	41	0.000303158	42882	0.0245044	FALSE	NA	NA	NA	NA	NA	NA
NC_045512.2	29413	A	C	42866	33771	37	1	1	34	2.33198e-05	42882	1	FALSE	NA	NA	NA	NA	NA	NA
NC_045512.2	29414	G	T	42813	33672	37	1	0	68	2.33563e-05	42815	0.5	FALSE	NA	NA	NA	NA	NA	NA
NC_045512.2	29414	G	A	42813	33672	37	1	1	34	2.33563e-05	42815	1	FALSE	NA	NA	NA	NA	NA	NA
NC_045512.2	29415	C	T	44241	35626	37	47	41	34	0.00106121	44289	0.416998	FALSE	NA	NA	NA	NA	NA	NA
NC_045512.2	29415	C	G	44241	35626	37	1	0	68	2.2579e-05	44289	0.49974	FALSE	NA	NA	NA	NA	NA	NA
NC_045512.2	29416	C	T	45074	36577	37	1	1	34	2.21852e-05	45075	1	FALSE	NA	NA	NA	NA	NA	NA
NC_045512.2	29416	C	-T	45074	36577	37	2	0	20	4.43705e-05	45075	1	FALSE	NA	NA	NA	NA	NA	NA
NC_045512.2	29417	T	C	43395	34802	37	2	1	51	4.60861e-05	43397	0.249991	FALSE	NA	NA	NA	NA	NA	NA
NC_045512.2	29418	T	C	43486	34905	37	1	1	34	2.29948e-05	43488	1	FALSE	NA	NA	NA	NA	NA	NA
NC_045512.2	29418	T	A	43486	34905	37	1	1	34	2.29948e-05	43488	1	FALSE	NA	NA	NA	NA	NA	NA
NC_045512.2	29419	A	T	52459	45125	38	2	1	34	3.81214e-05	52464	1	FALSE	NA	NA	NA	NA	NA	NA
NC_045512.2	29419	A	G	52459	45125	38	2	1	30	3.81214e-05	52464	1	FALSE	NA	NA	NA	NA	NA	NA
NC_045512.2	29419	A	C	52459	45125	38	1	1	27	1.90607e-05	52464	1	FALSE	NA	NA	NA	NA	NA	NA
NC_045512.2	29420	C	T	54149	46980	38	4	3	34	7.38634e-05	54154	1	FALSE	NA	NA	NA	NA	NA	NA
NC_045512.2	29420	C	G	54149	46980	38	1	0	68	1.84659e-05	54154	0.499986	FALSE	NA	NA	NA	NA	NA	NA
NC_045512.2	29421	C	T	54158	47029	38	3	3	45	5.53904e-05	54161	0.855484	FALSE	NA	NA	NA	NA	NA	NA
NC_045512.2	29422	G	T	53743	46594	38	1	1	34	1.85995e-05	53765	1	FALSE	NA	NA	NA	NA	NA	NA
NC_045512.2	29422	G	C	53743	46594	38	4	4	34	7.43978e-05	53765	1	FALSE	NA	NA	NA	NA	NA	NA
NC_045512.2	29422	G	A	53743	46594	38	17	17	37	0.000316191	53765	0.999997	FALSE	NA	NA	NA	NA	NA	NA
NC_045512.2	29423	C	A	53762	46660	38	3	3	34	5.57984e-05	53765	1	FALSE	NA	NA	NA	NA	NA	NA
NC_045512.2	29424	A	T	53280	46177	38	1	0	24	1.87663e-05	53287	1	FALSE	NA	NA	NA	NA	NA	NA
NC_045512.2	29424	A	G	53280	46177	38	6	6	32	0.000112598	53287	1	FALSE	NA	NA	NA	NA	NA	NA
NC_045512.2	29425	G	A	53233	46186	38	3	3	45	5.63528e-05	53236	0.855484	FALSE	NA	NA	NA	NA	NA	NA
NC_045512.2	29426	A	G	53267	46253	38	2	1	40	3.75453e-05	53269	0.937509	FALSE	NA	NA	NA	NA	NA	NA
NC_045512.2	29428	A	G	52879	46061	38	4	3	51	7.56387e-05	52883	0.0624988	FALSE	NA	NA	NA	NA	NA	NA
NC_045512.2	29429	C	G	53084	46075	39	4	0	28	7.53438e-05	53090	1	FALSE	NA	NA	NA	NA	NA	NA
NC_045512.2	29429	C	A	53084	46075	39	2	2	34	3.76719e-05	53090	1	FALSE	NA	NA	NA	NA	NA	NA
NC_045512.2	29430	A	G	52662	45667	39	3	3	31	5.6953e-05	52675	1	FALSE	NA	NA	NA	NA	NA	NA
NC_045512.2	29430	A	C	52662	45667	39	10	10	31	0.000189843	52675	1	FALSE	NA	NA	NA	NA	NA	NA
NC_045512.2	29431	G	T	52614	45617	39	1	1	68	1.9006e-05	52615	0.500005	FALSE	NA	NA	NA	NA	NA	NA
NC_045512.2	29431	G	-A	52614	45617	39	1	0	20	1.9006e-05	52615	1	FALSE	NA	NA	NA	NA	NA	NA
NC_045512.2	29432	A	G	52563	45573	39	8	8	34	0.000152169	52573	1	FALSE	NA	NA	NA	NA	NA	NA
NC_045512.2	29432	A	C	52563	45573	39	2	2	30	3.80423e-05	52573	1	FALSE	NA	NA	NA	NA	NA	NA
NC_045512.2	29433	A	T	52292	46035	38	1	1	34	1.91208e-05	52299	1	FALSE	NA	NA	NA	NA	NA	NA
NC_045512.2	29433	A	G	52292	46035	38	6	6	39	0.000114725	52299	1	FALSE	NA	NA	NA	NA	NA	NA
NC_045512.2	29434	G	C	52208	45966	38	1	1	26	1.91538e-05	52209	1	FALSE	NA	NA	NA	NA	NA	NA
NC_045512.2	29435	A	T	51982	45773	38	1	1	34	1.92356e-05	51987	1	FALSE	NA	NA	NA	NA	NA	NA
NC_045512.2	29435	A	G	51982	45773	38	4	4	37	7.69423e-05	51987	1	FALSE	NA	NA	NA	NA	NA	NA
NC_045512.2	29436	A	G	51346	45169	38	3	3	34	5.84237e-05	51349	1	FALSE	NA	NA	NA	NA	NA	NA
NC_045512.2	29437	A	G	51505	45378	38	6	3	44	0.000116475	51513	0.499987	FALSE	NA	NA	NA	NA	NA	NA
NC_045512.2	29437	A	C	51505	45378	38	2	2	30	3.88252e-05	51513	1	FALSE	NA	NA	NA	NA	NA	NA
NC_045512.2	29438	C	T	51332	45813	37	5	5	34	9.73918e-05	51339	1	FALSE	NA	NA	NA	NA	NA	NA
NC_045512.2	29438	C	A	51332	45813	37	2	2	34	3.89567e-05	51339	1	FALSE	NA	NA	NA	NA	NA	NA
NC_045512.2	29439	A	T	50611	45110	37	3	3	28	5.92628e-05	50622	1	FALSE	NA	NA	NA	NA	NA	NA
NC_045512.2	29439	A	G	50611	45110	37	7	7	32	0.00013828	50622	1	FALSE	NA	NA	NA	NA	NA	NA
NC_045512.2	29439	A	C	50611	45110	37	1	1	34	1.97543e-05	50622	1	FALSE	NA	NA	NA	NA	NA	NA
NC_045512.2	29440	G	T	50353	44887	37	4	3	40	7.93966e-05	50380	0.745888	FALSE	NA	NA	NA	NA	NA	NA
NC_045512.2	29440	G	C	50353	44887	37	8	8	30	0.000158793	50380	1	FALSE	NA	NA	NA	NA	NA	NA
NC_045512.2	29440	G	A	50353	44887	37	15	13	35	0.000297737	50380	0.999998	FALSE	NA	NA	NA	NA	NA	NA
NC_045512.2	29441	C	T	50358	45138	37	4	3	32	7.94218e-05	50364	1	FALSE	NA	NA	NA	NA	NA	NA
NC_045512.2	29441	C	G	50358	45138	37	2	2	34	3.97109e-05	50364	1	FALSE	NA	NA	NA	NA	NA	NA
NC_045512.2	29442	A	T	50186	44972	37	2	2	26	3.98486e-05	50190	1	FALSE	NA	NA	NA	NA	NA	NA
NC_045512.2	29442	A	G	50186	44972	37	2	1	51	3.98486e-05	50190	0.249993	FALSE	NA	NA	NA	NA	NA	NA
NC_045512.2	29443	A	T	50108	44893	37	2	2	30	3.99066e-05	50117	1	FALSE	NA	NA	NA	NA	NA	NA
NC_045512.2	29443	A	G	50108	44893	37	6	3	31	0.00011972	50117	1	FALSE	NA	NA	NA	NA	NA	NA
NC_045512.2	29443	A	C	50108	44893	37	1	1	34	1.99533e-05	50117	1	FALSE	NA	NA	NA	NA	NA	NA
NC_045512.2	29444	A	T	48486	44730	35	2	2	30	4.12439e-05	48492	1	FALSE	NA	NA	NA	NA	NA	NA
NC_045512.2	29444	A	G	48486	44730	35	4	4	34	8.24878e-05	48492	1	FALSE	NA	NA	NA	NA	NA	NA
NC_045512.2	29445	C	T	50041	44990	37	2	2	30	3.99656e-05	50043	1	FALSE	NA	NA	NA	NA	NA	NA
NC_045512.2	29445	C	-TG	50041	44990	37	1	0	20	1.99828e-05	50043	1	FALSE	NA	NA	NA	NA	NA	NA
NC_045512.2	29446	T	G	48634	43589	37	1	0	34	2.05588e-05	48641	1	FALSE	NA	NA	NA	NA	NA	NA
NC_045512.2	29446	T	C	48634	43589	37	6	5	34	0.000123353	48641	1	FALSE	NA	NA	NA	NA	NA	NA
NC_045512.2	29447	G	T	49611	44565	37	2	2	34	4.03104e-05	49615	1	FALSE	NA	NA	NA	NA	NA	NA
NC_045512.2	29447	G	A	49611	44565	37	2	2	34	4.03104e-05	49615	1	FALSE	NA	NA	NA	NA	NA	NA
NC_045512.2	29448	T	C	49046	44014	37	4	4	34	8.15478e-05	49051	1	FALSE	NA	NA	NA	NA	NA	NA
NC_045512.2	29448	T	A	49046	44014	37	1	1	34	2.03869e-05	49051	1	FALSE	NA	NA	NA	NA	NA	NA
NC_045512.2	29449	G	C	49193	44152	37	1	1	34	2.03269e-05	49196	1	FALSE	NA	NA	NA	NA	NA	NA
NC_045512.2	29449	G	A	49193	44152	37	2	2	34	4.06537e-05	49196	1	FALSE	NA	NA	NA	NA	NA	NA
NC_045512.2	29450	A	G	48801	43913	37	4	4	34	8.19588e-05	48805	1	FALSE	NA	NA	NA	NA	NA	NA
NC_045512.2	29451	C	G	48748	44626	36	1	0	27	2.05132e-05	48749	1	FALSE	NA	NA	NA	NA	NA	NA
NC_045512.2	29452	T	C	47829	43645	36	6	6	34	0.000125421	47839	1	FALSE	NA	NA	NA	NA	NA	NA
NC_045512.2	29452	T	A	47829	43645	36	4	3	42	8.36138e-05	47839	0.636667	FALSE	NA	NA	NA	NA	NA	NA
NC_045512.2	29453	C	T	48091	43983	37	3	3	34	6.23778e-05	48094	1	FALSE	NA	NA	NA	NA	NA	NA
NC_045512.2	29454	T	G	45957	41883	37	3	3	34	6.52713e-05	45962	1	FALSE	NA	NA	NA	NA	NA	NA
NC_045512.2	29454	T	C	45957	41883	37	2	2	34	4.35142e-05	45962	1	FALSE	NA	NA	NA	NA	NA	NA
NC_045512.2	29455	T	G	44324	40258	35	1	1	34	2.25591e-05	44328	1	FALSE	NA	NA	NA	NA	NA	NA
NC_045512.2	29455	T	C	44324	40258	35	3	3	45	6.76773e-05	44328	0.773447	FALSE	NA	NA	NA	NA	NA	NA
NC_045512.2	29456	C	G	45283	41374	37	3	3	34	6.62442e-05	45287	1	FALSE	NA	NA	NA	NA	NA	NA
NC_045512.2	29456	C	A	45283	41374	37	1	1	34	2.20814e-05	45287	1	FALSE	NA	NA	NA	NA	NA	NA
NC_045512.2	29457	T	G	41396	37526	37	1	1	34	2.41517e-05	41405	1	FALSE	NA	NA	NA	NA	NA	NA
NC_045512.2	29457	T	C	41396	37526	37	5	5	32	0.000120758	41405	1	FALSE	NA	NA	NA	NA	NA	NA
NC_045512.2	29457	T	A	41396	37526	37	3	3	34	7.2455e-05	41405	1	FALSE	NA	NA	NA	NA	NA	NA
NC_045512.2	29458	T	G	40784	36916	36	5	5	34	0.000122552	40799	1	FALSE	NA	NA	NA	NA	NA	NA
NC_045512.2	29458	T	C	40784	36916	36	8	6	42	0.000196083	40799	0.193759	FALSE	NA	NA	NA	NA	NA	NA
NC_045512.2	29458	T	A	40784	36916	36	2	2	51	4.90208e-05	40799	0.249923	FALSE	NA	NA	NA	NA	NA	NA
NC_045512.2	29459	C	T	41092	37303	37	1	1	34	2.43339e-05	41095	1	FALSE	NA	NA	NA	NA	NA	NA
NC_045512.2	29459	C	G	41092	37303	37	2	2	34	4.86677e-05	41095	1	FALSE	NA	NA	NA	NA	NA	NA
NC_045512.2	29460	C	T	39943	36590	36	3	3	34	7.50882e-05	39953	1	FALSE	NA	NA	NA	NA	NA	NA
NC_045512.2	29460	C	A	39943	36590	36	7	7	34	0.000175206	39953	1	FALSE	NA	NA	NA	NA	NA	NA
NC_045512.2	29461	T	C	39476	36128	36	4	3	34	0.000101317	39480	1	FALSE	NA	NA	NA	NA	NA	NA
NC_045512.2	29462	G	A	38827	35487	36	5	3	34	0.00012876	38832	1	FALSE	NA	NA	NA	NA	NA	NA
NC_045512.2	29463	C	T	38595	35925	36	1	1	34	2.59094e-05	38596	1	FALSE	NA	NA	NA	NA	NA	NA
NC_045512.2	29464	T	C	37473	34814	36	10	9	40	0.000266773	37485	0.046124	FALSE	NA	NA	NA	NA	NA	NA
NC_045512.2	29464	T	A	37473	34814	36	2	2	34	5.33547e-05	37485	1	FALSE	NA	NA	NA	NA	NA	NA
NC_045512.2	29465	G	C	37338	34677	36	3	3	34	8.0317e-05	37352	1	FALSE	NA	NA	NA	NA	NA	NA
NC_045512.2	29465	G	A	37338	34677	36	11	9	35	0.000294496	37352	0.999969	FALSE	NA	NA	NA	NA	NA	NA
NC_045512.2	29466	C	T	37339	34722	36	3	3	34	8.03342e-05	37344	1	FALSE	NA	NA	NA	NA	NA	NA
NC_045512.2	29466	C	A	37339	34722	36	2	2	51	5.35561e-05	37344	0.249983	FALSE	NA	NA	NA	NA	NA	NA
NC_045512.2	29467	A	G	37208	34589	36	6	6	32	0.00016123	37214	1	FALSE	NA	NA	NA	NA	NA	NA
NC_045512.2	29469	A	G	36976	34475	36	5	4	34	0.000135205	36981	1	FALSE	NA	NA	NA	NA	NA	NA
NC_045512.2	29470	T	C	36493	34004	35	2	2	34	5.4802e-05	36495	1	FALSE	NA	NA	NA	NA	NA	NA
NC_045512.2	29471	T	C	35964	33472	35	4	4	42	0.00011121	35968	0.500015	FALSE	NA	NA	NA	NA	NA	NA
NC_045512.2	29472	T	C	36100	33614	36	4	4	34	0.000110791	36104	1	FALSE	NA	NA	NA	NA	NA	NA
NC_045512.2	29473	G	T	36215	33763	36	2	2	30	5.52212e-05	36218	1	FALSE	NA	NA	NA	NA	NA	NA
NC_045512.2	29473	G	A	36215	33763	36	1	1	34	2.76106e-05	36218	1	FALSE	NA	NA	NA	NA	NA	NA
NC_045512.2	29474	G	T	36187	33796	36	1	1	34	2.76319e-05	36190	1	FALSE	NA	NA	NA	NA	NA	NA
NC_045512.2	29474	G	C	36187	33796	36	1	1	34	2.76319e-05	36190	1	FALSE	NA	NA	NA	NA	NA	NA
NC_045512.2	29474	G	A	36187	33796	36	1	1	34	2.76319e-05	36190	1	FALSE	NA	NA	NA	NA	NA	NA
NC_045512.2	29475	A	T	36081	34053	35	1	1	26	2.77093e-05	36089	1	FALSE	NA	NA	NA	NA	NA	NA
NC_045512.2	29475	A	G	36081	34053	35	6	6	32	0.000166256	36089	1	FALSE	NA	NA	NA	NA	NA	NA
NC_045512.2	29475	A	C	36081	34053	35	1	1	34	2.77093e-05	36089	1	FALSE	NA	NA	NA	NA	NA	NA
NC_045512.2	29476	T	C	36009	33984	35	2	2	34	5.55386e-05	36011	1	FALSE	NA	NA	NA	NA	NA	NA
NC_045512.2	29477	G	C	35093	33085	35	1	1	68	2.84917e-05	35098	0.499979	FALSE	NA	NA	NA	NA	NA	NA
NC_045512.2	29477	G	A	35093	33085	35	4	1	34	0.000113967	35098	1	FALSE	NA	NA	NA	NA	NA	NA
NC_045512.2	29478	A	G	34936	32942	35	2	2	34	5.72443e-05	34938	1	FALSE	NA	NA	NA	NA	NA	NA
NC_045512.2	29479	T	C	34915	32942	35	2	2	34	5.72787e-05	34917	1	FALSE	NA	NA	NA	NA	NA	NA
NC_045512.2	29480	T	C	41678	33120	35	5	5	34	0.000119953	41683	1	FALSE	NA	NA	NA	NA	NA	NA
NC_045512.2	29481	T	G	41182	32111	34	1	0	27	2.4276e-05	41193	1	FALSE	NA	NA	NA	NA	NA	NA
NC_045512.2	29481	T	C	41182	32111	34	9	8	34	0.000218484	41193	0.999999	FALSE	NA	NA	NA	NA	NA	NA
NC_045512.2	29481	T	A	41182	32111	34	1	1	34	2.4276e-05	41193	1	FALSE	NA	NA	NA	NA	NA	NA
NC_045512.2	29482	C	T	42596	33029	35	4	2	59	9.38967e-05	42600	0.0624985	FALSE	NA	NA	NA	NA	NA	NA
NC_045512.2	29483	T	C	42517	32928	35	9	7	34	0.000211635	42526	1	FALSE	NA	NA	NA	NA	NA	NA
NC_045512.2	29484	C	T	40092	30610	35	2384	2281	35	0.0561258	42476	0	TRUE	NA	NA	NA	NA	NA	NA
NC_045512.2	29485	C	T	42377	32793	35	8	8	34	0.000188746	42385	1	FALSE	NA	NA	NA	NA	NA	NA
NC_045512.2	29486	A	T	42371	32556	35	3	2	34	7.07848e-05	42382	1	FALSE	NA	NA	NA	NA	NA	NA
NC_045512.2	29486	A	G	42371	32556	35	8	6	32	0.000188759	42382	1	FALSE	NA	NA	NA	NA	NA	NA
NC_045512.2	29487	A	G	42356	32581	35	2	2	34	4.72132e-05	42361	1	FALSE	NA	NA	NA	NA	NA	NA
NC_045512.2	29487	A	C	42356	32581	35	3	3	31	7.08199e-05	42361	1	FALSE	NA	NA	NA	NA	NA	NA
NC_045512.2	29488	A	G	42082	32535	34	1	1	68	2.37626e-05	42083	0.500006	FALSE	NA	NA	NA	NA	NA	NA
NC_045512.2	29489	C	T	44271	32602	35	1	0	34	2.25876e-05	44272	1	FALSE	NA	NA	NA	NA	NA	NA
NC_045512.2	29490	A	T	43463	31747	35	1	1	34	2.3007e-05	43465	1	FALSE	NA	NA	NA	NA	NA	NA
NC_045512.2	29490	A	G	43463	31747	35	1	1	34	2.3007e-05	43465	1	FALSE	NA	NA	NA	NA	NA	NA
NC_045512.2	29491	A	G	42953	31254	35	5	2	39	0.000116393	42958	1	FALSE	NA	NA	NA	NA	NA	NA
NC_045512.2	29492	T	G	43028	31272	35	1	1	34	2.32364e-05	43036	1	FALSE	NA	NA	NA	NA	NA	NA
NC_045512.2	29492	T	C	43028	31272	35	5	3	34	0.000116182	43036	1	FALSE	NA	NA	NA	NA	NA	NA
NC_045512.2	29492	T	A	43028	31272	35	2	2	34	4.64727e-05	43036	1	FALSE	NA	NA	NA	NA	NA	NA
NC_045512.2	29493	T	C	42853	31306	35	10	9	34	0.000233301	42863	0.999999	FALSE	NA	NA	NA	NA	NA	NA
NC_045512.2	29494	G	C	42999	31264	35	5	5	32	0.000116244	43013	1	FALSE	NA	NA	NA	NA	NA	NA
NC_045512.2	29494	G	A	42999	31264	35	9	7	34	0.000209239	43013	1	FALSE	NA	NA	NA	NA	NA	NA
NC_045512.2	29495	C	T	43232	31206	35	35	30	36	0.000808912	43268	0.846025	FALSE	NA	NA	NA	NA	NA	NA
NC_045512.2	29495	C	G	43232	31206	35	1	0	34	2.31118e-05	43268	1	FALSE	NA	NA	NA	NA	NA	NA
NC_045512.2	29496	A	G	42912	30865	34	5	3	39	0.000116504	42917	1	FALSE	NA	NA	NA	NA	NA	NA
NC_045512.2	29497	A	G	43631	31053	35	5	4	34	0.000114584	43636	1	FALSE	NA	NA	NA	NA	NA	NA
NC_045512.2	29498	C	T	42990	30318	34	4	1	34	9.30362e-05	42994	1	FALSE	NA	NA	NA	NA	NA	NA
NC_045512.2	29499	A	T	41527	28807	35	1	1	34	2.40749e-05	41537	1	FALSE	NA	NA	NA	NA	NA	NA
NC_045512.2	29499	A	G	41527	28807	35	6	4	31	0.00014445	41537	1	FALSE	NA	NA	NA	NA	NA	NA
NC_045512.2	29499	A	C	41527	28807	35	3	3	26	7.22248e-05	41537	1	FALSE	NA	NA	NA	NA	NA	NA
NC_045512.2	29500	A	G	42098	28795	34	7	1	34	0.000166247	42106	1	FALSE	NA	NA	NA	NA	NA	NA
NC_045512.2	29500	A	C	42098	28795	34	1	1	34	2.37496e-05	42106	1	FALSE	NA	NA	NA	NA	NA	NA
NC_045512.2	29501	T	C	44734	28835	35	3	1	34	6.70571e-05	44738	1	FALSE	NA	NA	NA	NA	NA	NA
NC_045512.2	29501	T	A	44734	28835	35	1	0	26	2.23524e-05	44738	1	FALSE	NA	NA	NA	NA	NA	NA
NC_045512.2	29502	C	T	44892	29006	35	6	3	55	0.000133633	44899	0.0156224	FALSE	NA	NA	NA	NA	NA	NA
NC_045512.2	29502	C	A	44892	29006	35	1	1	34	2.22722e-05	44899	1	FALSE	NA	NA	NA	NA	NA	NA
NC_045512.2	29503	C	T	44610	28681	35	5	1	34	0.000112062	44618	1	FALSE	NA	NA	NA	NA	NA	NA
NC_045512.2	29503	C	G	44610	28681	35	1	0	34	2.24125e-05	44618	1	FALSE	NA	NA	NA	NA	NA	NA
NC_045512.2	29503	C	A	44610	28681	35	2	2	34	4.4825e-05	44618	1	FALSE	NA	NA	NA	NA	NA	NA
NC_045512.2	29504	A	T	43807	27966	35	1	1	26	2.28227e-05	43816	1	FALSE	NA	NA	NA	NA	NA	NA
NC_045512.2	29504	A	G	43807	27966	35	7	6	34	0.000159759	43816	1	FALSE	NA	NA	NA	NA	NA	NA
NC_045512.2	29504	A	C	43807	27966	35	1	1	34	2.28227e-05	43816	1	FALSE	NA	NA	NA	NA	NA	NA
NC_045512.2	29505	T	C	43380	27494	34	3	0	34	6.91499e-05	43384	1	FALSE	NA	NA	NA	NA	NA	NA
NC_045512.2	29505	T	A	43380	27494	34	1	1	34	2.305e-05	43384	1	FALSE	NA	NA	NA	NA	NA	NA
NC_045512.2	29506	G	T	44376	27979	35	2	2	26	4.50653e-05	44380	1	FALSE	NA	NA	NA	NA	NA	NA
NC_045512.2	29506	G	A	44376	27979	35	2	2	34	4.50653e-05	44380	1	FALSE	NA	NA	NA	NA	NA	NA
NC_045512.2	29507	A	G	43803	27542	35	9	5	34	0.0002054	43817	1	FALSE	NA	NA	NA	NA	NA	NA
NC_045512.2	29507	A	C	43803	27542	35	5	3	34	0.000114111	43817	1	FALSE	NA	NA	NA	NA	NA	NA
NC_045512.2	29508	G	T	41849	25148	34	2	1	34	4.77795e-05	41859	1	FALSE	NA	NA	NA	NA	NA	NA
NC_045512.2	29508	G	C	41849	25148	34	4	4	30	9.55589e-05	41859	1	FALSE	NA	NA	NA	NA	NA	NA
NC_045512.2	29508	G	A	41849	25148	34	4	1	34	9.55589e-05	41859	1	FALSE	NA	NA	NA	NA	NA	NA
NC_045512.2	29509	C	T	16675	1144	35	4	0	34	0.000239779	16682	0.998714	FALSE	NA	NA	NA	NA	NA	NA
NC_045512.2	29509	C	G	16675	1144	35	3	0	34	0.000179835	16682	0.999636	FALSE	NA	NA	NA	NA	NA	NA
NC_045512.2	29509	C	-A	16675	1144	35	2	0	20	0.00011989	16682	1	FALSE	NA	NA	NA	NA	NA	NA
NC_045512.2	29510	A	T	0	0	0	1	0	34	5.98337e-05	16713	0.00101705	TRUE	NA	NA	NA	NA	NA	NA
NC_045512.2	29510	A	C	0	0	0	16712	1149	36	0.99994	16713	0	TRUE	NA	NA	NA	NA	NA	NA
NC_045512.2	29511	G	C	19176	1177	35	2	0	34	0.000104281	19179	0.99999	FALSE	NA	NA	NA	NA	NA	NA
NC_045512.2	29511	G	A	19176	1177	35	1	0	34	5.21404e-05	19179	0.999999	FALSE	NA	NA	NA	NA	NA	NA
NC_045512.2	29512	T	C	19390	1240	35	3	0	34	0.000154695	19393	0.99994	FALSE	NA	NA	NA	NA	NA	NA
NC_045512.2	29513	G	T	19385	1231	35	1	0	34	5.15331e-05	19405	0.999999	FALSE	NA	NA	NA	NA	NA	NA
NC_045512.2	29513	G	A	19385	1231	35	19	1	35	0.000979129	19405	0.564324	FALSE	NA	NA	NA	NA	NA	NA
NC_045512.2	29513	G	-CT	19385	1231	35	4	0	20	0.000206132	19405	1	FALSE	NA	NA	NA	NA	NA	NA
NC_045512.2	29514	C	T	9718	1431	33	3	0	34	0.000308388	9728	0.980659	FALSE	NA	NA	NA	NA	NA	NA
NC_045512.2	29514	C	G	9718	1431	33	7	0	28	0.000719572	9728	1	FALSE	NA	NA	NA	NA	NA	NA
NC_045512.2	29515	T	C	19460	1369	36	6	3	32	0.00030823	19466	0.997965	FALSE	NA	NA	NA	NA	NA	NA
NC_045512.2	29516	G	A	20572	1399	36	1	1	46	4.86074e-05	20573	0.875018	FALSE	NA	NA	NA	NA	NA	NA
NC_045512.2	29517	A	T	11746	1554	33	2	0	26	0.000170213	11750	1	FALSE	NA	NA	NA	NA	NA	NA
NC_045512.2	29517	A	G	11746	1554	33	2	0	51	0.000170213	11750	0.249968	FALSE	NA	NA	NA	NA	NA	NA
NC_045512.2	29518	C	G	10915	1609	34	229	0	28	0.0205492	11144	5.3495e-11	TRUE	NA	NA	NA	NA	NA	NA
NC_045512.2	29519	T	C	21271	1483	36	7	3	58	0.000328978	21278	0.00780993	TRUE	NA	NA	NA	NA	NA	NA
NC_045512.2	29520	C	G	21193	1490	35	1	0	26	4.71787e-05	21196	1	FALSE	NA	NA	NA	NA	NA	NA
NC_045512.2	29520	C	A	21193	1490	35	2	0	51	9.43574e-05	21196	0.249994	FALSE	NA	NA	NA	NA	NA	NA
NC_045512.2	29521	A	G	21189	1491	35	2	0	51	9.43797e-05	21191	0.250006	FALSE	NA	NA	NA	NA	NA	NA
NC_045512.2	29524	T	C	22821	1579	36	1	0	26	4.38174e-05	22822	1	FALSE	NA	NA	NA	NA	NA	NA
NC_045512.2	29525	C	T	22036	1572	35	2	0	34	9.07482e-05	22039	0.999999	FALSE	NA	NA	NA	NA	NA	NA
NC_045512.2	29525	C	G	22036	1572	35	1	0	34	4.53741e-05	22039	1	FALSE	NA	NA	NA	NA	NA	NA
NC_045512.2	29526	A	G	22635	1575	35	13	2	41	0.000574002	22648	0.00368895	TRUE	NA	NA	NA	NA	NA	NA
NC_045512.2	29527	G	A	27009	1623	35	2	0	34	7.40439e-05	27011	1	FALSE	NA	NA	NA	NA	NA	NA
NC_045512.2	29528	G	A	27252	1640	36	10	0	32	0.000366811	27262	0.998723	FALSE	NA	NA	NA	NA	NA	NA
NC_045512.2	29529	C	A	27316	1656	36	2	0	34	7.32118e-05	27318	1	FALSE	NA	NA	NA	NA	NA	NA
NC_045512.2	29530	C	T	27394	1658	36	1	0	34	3.6483e-05	27410	1	FALSE	NA	NA	NA	NA	NA	NA
NC_045512.2	29530	C	G	27394	1658	36	12	0	34	0.000437796	27410	0.99527	FALSE	NA	NA	NA	NA	NA	NA
NC_045512.2	29530	C	A	27394	1658	36	3	0	31	0.000109449	27410	1	FALSE	NA	NA	NA	NA	NA	NA
NC_045512.2	29531	T	G	27460	1660	36	4	0	34	0.000145555	27481	0.999998	FALSE	NA	NA	NA	NA	NA	NA
NC_045512.2	29531	T	C	27460	1660	36	15	2	40	0.000545832	27481	0.00117181	TRUE	NA	NA	NA	NA	NA	NA
NC_045512.2	29531	T	A	27460	1660	36	2	0	26	7.27776e-05	27481	1	FALSE	NA	NA	NA	NA	NA	NA
NC_045512.2	29531	T	-A	27460	1660	36	1	0	20	3.63888e-05	27481	1	FALSE	NA	NA	NA	NA	NA	NA
NC_045512.2	29532	A	T	29132	1723	36	1	0	34	3.43218e-05	29136	1	FALSE	NA	NA	NA	NA	NA	NA
NC_045512.2	29532	A	G	29132	1723	36	3	0	31	0.000102965	29136	1	FALSE	NA	NA	NA	NA	NA	NA
NC_045512.2	29533	A	G	29838	1740	36	1	0	34	3.35132e-05	29839	1	FALSE	NA	NA	NA	NA	NA	NA
NC_045512.2	29534	A	G	27565	1736	34	3	0	34	0.000108818	27569	1	FALSE	NA	NA	NA	NA	NA	NA
NC_045512.2	29534	A	C	27565	1736	34	1	0	38	3.62726e-05	27569	1	FALSE	NA	NA	NA	NA	NA	NA
NC_045512.2	29535	C	T	30766	1788	36	1	0	34	3.25024e-05	30767	1	FALSE	NA	NA	NA	NA	NA	NA
NC_045512.2	29536	T	C	30802	1757	35	3	0	34	9.73836e-05	30806	1	FALSE	NA	NA	NA	NA	NA	NA
NC_045512.2	29536	T	A	30802	1757	35	1	0	34	3.24612e-05	30806	1	FALSE	NA	NA	NA	NA	NA	NA
NC_045512.2	29537	C	A	31394	1996	36	1	0	26	3.18522e-05	31395	1	FALSE	NA	NA	NA	NA	NA	NA
NC_045512.2	29538	A	G	31412	1997	36	3	0	34	9.54958e-05	31415	1	FALSE	NA	NA	NA	NA	NA	NA
NC_045512.2	29539	T	C	31463	2013	36	3	1	30	9.5338e-05	31467	1	FALSE	NA	NA	NA	NA	NA	NA
NC_045512.2	29539	T	A	31463	2013	36	1	0	34	3.17793e-05	31467	1	FALSE	NA	NA	NA	NA	NA	NA
NC_045512.2	29540	G	A	31477	2006	36	8	0	33	0.000254089	31485	0.999965	FALSE	NA	NA	NA	NA	NA	NA
NC_045512.2	29541	C	T	31521	2097	36	13	0	36	0.000412214	31537	0.998176	FALSE	NA	NA	NA	NA	NA	NA
NC_045512.2	29541	C	A	31521	2097	36	3	0	31	9.51264e-05	31537	1	FALSE	NA	NA	NA	NA	NA	NA
NC_045512.2	29542	A	G	32109	2100	36	7	0	32	0.00021796	32116	0.999993	FALSE	NA	NA	NA	NA	NA	NA
NC_045512.2	29543	G	A	32720	2116	36	3	0	31	9.16786e-05	32723	1	FALSE	NA	NA	NA	NA	NA	NA
NC_045512.2	29544	A	G	32866	2398	36	1	0	34	3.04257e-05	32867	1	FALSE	NA	NA	NA	NA	NA	NA
NC_045512.2	29545	C	T	33170	2413	36	1	0	34	3.01459e-05	33172	1	FALSE	NA	NA	NA	NA	NA	NA
NC_045512.2	29545	C	G	33170	2413	36	1	0	26	3.01459e-05	33172	1	FALSE	NA	NA	NA	NA	NA	NA
NC_045512.2	29546	C	A	33046	2443	36	1	0	34	3.02599e-05	33047	1	FALSE	NA	NA	NA	NA	NA	NA
NC_045512.2	29547	A	G	35144	2672	37	4	0	34	0.000113804	35148	1	FALSE	NA	NA	NA	NA	NA	NA
NC_045512.2	29548	C	G	35150	2683	36	1	0	34	2.84463e-05	35154	1	FALSE	NA	NA	NA	NA	NA	NA
NC_045512.2	29548	C	A	35150	2683	36	3	0	31	8.53388e-05	35154	1	FALSE	NA	NA	NA	NA	NA	NA
NC_045512.2	29549	A	T	35284	2691	37	1	0	34	2.83382e-05	35288	1	FALSE	NA	NA	NA	NA	NA	NA
NC_045512.2	29549	A	G	35284	2691	37	3	0	34	8.50147e-05	35288	1	FALSE	NA	NA	NA	NA	NA	NA
NC_045512.2	29550	C	T	35355	2785	37	1	0	34	2.82837e-05	35356	1	FALSE	NA	NA	NA	NA	NA	NA
NC_045512.2	29551	A	T	35389	2839	37	2	1	34	5.65036e-05	35396	1	FALSE	NA	NA	NA	NA	NA	NA
NC_045512.2	29551	A	G	35389	2839	37	2	0	34	5.65036e-05	35396	1	FALSE	NA	NA	NA	NA	NA	NA
NC_045512.2	29551	A	C	35389	2839	37	3	0	34	8.47553e-05	35396	1	FALSE	NA	NA	NA	NA	NA	NA
NC_045512.2	29552	A	T	36275	2847	37	2	0	34	5.50721e-05	36316	1	FALSE	NA	NA	NA	NA	NA	NA
NC_045512.2	29552	A	G	36275	2847	37	6	1	34	0.000165216	36316	1	FALSE	NA	NA	NA	NA	NA	NA
NC_045512.2	29552	A	C	36275	2847	37	33	1	34	0.00090869	36316	0.684568	FALSE	NA	NA	NA	NA	NA	NA
NC_045512.2	29553	G	T	36269	2843	37	1	0	34	2.75702e-05	36271	1	FALSE	NA	NA	NA	NA	NA	NA
NC_045512.2	29553	G	A	36269	2843	37	1	1	34	2.75702e-05	36271	1	FALSE	NA	NA	NA	NA	NA	NA
NC_045512.2	29554	G	C	36536	3020	37	1	0	34	2.7368e-05	36539	1	FALSE	NA	NA	NA	NA	NA	NA
NC_045512.2	29554	G	A	36536	3020	37	2	0	34	5.4736e-05	36539	1	FALSE	NA	NA	NA	NA	NA	NA
NC_045512.2	29555	C	T	36729	3086	37	5	0	34	0.000136114	36734	1	FALSE	NA	NA	NA	NA	NA	NA
NC_045512.2	29556	A	T	36727	3072	37	1	0	34	2.72257e-05	36730	1	FALSE	NA	NA	NA	NA	NA	NA
NC_045512.2	29556	A	G	36727	3072	37	1	0	34	2.72257e-05	36730	1	FALSE	NA	NA	NA	NA	NA	NA
NC_045512.2	29556	A	C	36727	3072	37	1	0	34	2.72257e-05	36730	1	FALSE	NA	NA	NA	NA	NA	NA
NC_045512.2	29557	G	-AT	36846	3074	37	1	0	20	2.714e-05	36846	1	FALSE	NA	NA	NA	NA	NA	NA
NC_045512.2	29558	A	G	36804	3119	37	5	0	32	0.000135836	36809	1	FALSE	NA	NA	NA	NA	NA	NA
NC_045512.2	29558	A	-T	36804	3119	37	1	0	20	2.71665e-05	36810	1	FALSE	NA	NA	NA	NA	NA	NA
NC_045512.2	29559	T	C	36879	3163	37	5	1	37	0.000135556	36885	1	FALSE	NA	NA	NA	NA	NA	NA
NC_045512.2	29559	T	A	36879	3163	37	1	0	34	2.71113e-05	36885	1	FALSE	NA	NA	NA	NA	NA	NA
NC_045512.2	29559	T	-G	36879	3163	37	3083	0	20	0.0835796	36887	0	TRUE	NA	NA	NA	NA	NA	NA
NC_045512.2	29560	G	T	34242	2882	37	118	5	34	0.00343393	34363	5.68142e-13	TRUE	NA	NA	NA	NA	NA	NA
NC_045512.2	29560	G	C	34242	2882	37	1	0	26	2.91011e-05	34363	1	FALSE	NA	NA	NA	NA	NA	NA
NC_045512.2	29560	G	A	34242	2882	37	2	1	51	5.82021e-05	34363	0.228138	FALSE	NA	NA	NA	NA	NA	NA
NC_045512.2	29561	G	A	36986	3303	37	1	0	34	2.70365e-05	36987	1	FALSE	NA	NA	NA	NA	NA	NA
NC_045512.2	29562	G	C	36862	3341	37	11	7	34	0.000298289	36877	0.999951	FALSE	NA	NA	NA	NA	NA	NA
NC_045512.2	29562	G	A	36862	3341	37	4	0	32	0.000108469	36877	1	FALSE	NA	NA	NA	NA	NA	NA
NC_045512.2	29563	C	T	35926	3472	37	7	0	34	0.000194802	35934	0.999999	FALSE	NA	NA	NA	NA	NA	NA
NC_045512.2	29563	C	G	35926	3472	37	1	0	26	2.78288e-05	35934	1	FALSE	NA	NA	NA	NA	NA	NA
NC_045512.2	29564	T	C	35936	3451	37	18	1	35	0.000500612	35956	0.993684	FALSE	NA	NA	NA	NA	NA	NA
NC_045512.2	29564	T	A	35936	3451	37	2	0	30	5.56235e-05	35956	1	FALSE	NA	NA	NA	NA	NA	NA
NC_045512.2	29565	A	G	37828	3481	37	1	0	34	2.64347e-05	37829	1	FALSE	NA	NA	NA	NA	NA	NA
NC_045512.2	29566	T	G	37579	3593	37	1	0	26	2.66092e-05	37581	1	FALSE	NA	NA	NA	NA	NA	NA
NC_045512.2	29566	T	C	37579	3593	37	1	0	34	2.66092e-05	37581	1	FALSE	NA	NA	NA	NA	NA	NA
NC_045512.2	29567	A	G	36777	3744	37	1	0	34	2.71902e-05	36778	1	FALSE	NA	NA	NA	NA	NA	NA
NC_045512.2	29568	T	G	37351	3764	37	2	0	34	5.35361e-05	37358	1	FALSE	NA	NA	NA	NA	NA	NA
NC_045512.2	29568	T	C	37351	3764	37	5	1	40	0.00013384	37358	0.363259	FALSE	NA	NA	NA	NA	NA	NA
NC_045512.2	29568	T	-A	37351	3764	37	1	0	20	2.6768e-05	37358	1	FALSE	NA	NA	NA	NA	NA	NA
NC_045512.2	29569	A	G	35374	3968	37	2	0	30	5.65339e-05	35377	1	FALSE	NA	NA	NA	NA	NA	NA
NC_045512.2	29569	A	C	35374	3968	37	1	1	68	2.8267e-05	35377	0.499986	FALSE	NA	NA	NA	NA	NA	NA
NC_045512.2	29570	A	G	35339	3977	37	1	0	34	2.82957e-05	35341	1	FALSE	NA	NA	NA	NA	NA	NA
NC_045512.2	29570	A	C	35339	3977	37	1	0	34	2.82957e-05	35341	1	FALSE	NA	NA	NA	NA	NA	NA
NC_045512.2	29571	A	G	30049	3986	34	2	1	34	6.65535e-05	30051	1	FALSE	NA	NA	NA	NA	NA	NA
NC_045512.2	29572	C	A	35325	4020	37	1	0	26	2.83078e-05	35326	1	FALSE	NA	NA	NA	NA	NA	NA
NC_045512.2	29573	G	A	35325	4020	37	1	0	34	2.83078e-05	35326	1	FALSE	NA	NA	NA	NA	NA	NA
NC_045512.2	29573	G	-T	35325	4020	37	1	0	20	2.83078e-05	35326	1	FALSE	NA	NA	NA	NA	NA	NA
NC_045512.2	29574	T	C	34799	3752	36	1	0	34	2.87348e-05	34801	1	FALSE	NA	NA	NA	NA	NA	NA
NC_045512.2	29574	T	A	34799	3752	36	1	0	26	2.87348e-05	34801	1	FALSE	NA	NA	NA	NA	NA	NA
NC_045512.2	29575	T	G	34730	3947	37	1	0	26	2.87902e-05	34734	1	FALSE	NA	NA	NA	NA	NA	NA
NC_045512.2	29575	T	C	34730	3947	37	3	0	34	8.63707e-05	34734	1	FALSE	NA	NA	NA	NA	NA	NA
NC_045512.2	29576	T	G	34832	3952	37	2	0	34	5.74119e-05	34836	1	FALSE	NA	NA	NA	NA	NA	NA
NC_045512.2	29576	T	C	34832	3952	37	2	1	30	5.74119e-05	34836	1	FALSE	NA	NA	NA	NA	NA	NA
NC_045512.2	29577	T	C	34653	3978	37	2	2	34	5.77117e-05	34655	1	FALSE	NA	NA	NA	NA	NA	NA
NC_045512.2	29578	C	T	34528	4012	37	1	0	34	2.89612e-05	34529	1	FALSE	NA	NA	NA	NA	NA	NA
NC_045512.2	29579	G	C	34589	4012	37	1	0	27	2.89026e-05	34599	1	FALSE	NA	NA	NA	NA	NA	NA
NC_045512.2	29579	G	A	34589	4012	37	9	0	37	0.000260123	34599	0.999979	FALSE	NA	NA	NA	NA	NA	NA
NC_045512.2	29580	C	T	34231	4121	37	10	2	51	0.000292013	34245	0.000975493	TRUE	NA	NA	NA	NA	NA	NA
NC_045512.2	29580	C	G	34231	4121	37	3	0	34	8.7604e-05	34245	1	FALSE	NA	NA	NA	NA	NA	NA
NC_045512.2	29580	C	A	34231	4121	37	1	0	34	2.92013e-05	34245	1	FALSE	NA	NA	NA	NA	NA	NA
NC_045512.2	29580	C	-T	34231	4121	37	24	0	20	0.000700832	34245	1	FALSE	NA	NA	NA	NA	NA	NA
NC_045512.2	29580	C	+T	34231	4121	37	1	0	20	2.92013e-05	34245	1	FALSE	NA	NA	NA	NA	NA	NA
NC_045512.2	29581	T	G	34100	4091	37	1	0	34	2.92946e-05	34136	1	FALSE	NA	NA	NA	NA	NA	NA
NC_045512.2	29581	T	C	34100	4091	37	32	7	43	0.000937427	34136	2.05131e-07	TRUE	NA	NA	NA	NA	NA	NA
NC_045512.2	29581	T	A	34100	4091	37	3	0	34	8.78838e-05	34136	1	FALSE	NA	NA	NA	NA	NA	NA
NC_045512.2	29583	T	C	33823	4234	37	2	0	34	5.91261e-05	33826	1	FALSE	NA	NA	NA	NA	NA	NA
NC_045512.2	29583	T	A	33823	4234	37	1	0	34	2.95631e-05	33826	1	FALSE	NA	NA	NA	NA	NA	NA
NC_045512.2	29584	T	C	33772	4252	37	4	0	34	0.000118427	33776	1	FALSE	NA	NA	NA	NA	NA	NA
NC_045512.2	29585	C	G	33646	4250	37	1	0	34	2.97203e-05	33647	1	FALSE	NA	NA	NA	NA	NA	NA
NC_045512.2	29586	C	T	33745	4974	38	1	0	34	2.96331e-05	33746	1	FALSE	NA	NA	NA	NA	NA	NA
NC_045512.2	29587	G	C	33922	4968	38	1	1	27	2.94724e-05	33930	1	FALSE	NA	NA	NA	NA	NA	NA
NC_045512.2	29587	G	A	33922	4968	38	7	0	34	0.000206307	33930	0.999996	FALSE	NA	NA	NA	NA	NA	NA
NC_045512.2	29588	T	C	32134	3271	36	4	0	34	0.000124463	32138	1	FALSE	NA	NA	NA	NA	NA	NA
NC_045512.2	29589	T	C	33767	5017	38	1	1	34	2.96138e-05	33768	1	FALSE	NA	NA	NA	NA	NA	NA
NC_045512.2	29590	T	G	32497	5168	37	3	0	31	9.22992e-05	32503	1	FALSE	NA	NA	NA	NA	NA	NA
NC_045512.2	29590	T	C	32497	5168	37	1	0	34	3.07664e-05	32503	1	FALSE	NA	NA	NA	NA	NA	NA
NC_045512.2	29590	T	A	32497	5168	37	2	0	30	6.15328e-05	32503	1	FALSE	NA	NA	NA	NA	NA	NA
NC_045512.2	29591	A	G	32948	5208	37	3	1	45	9.10443e-05	32951	0.656271	FALSE	NA	NA	NA	NA	NA	NA
NC_045512.2	29592	C	T	33619	5375	37	4	0	34	0.000118966	33623	1	FALSE	NA	NA	NA	NA	NA	NA
NC_045512.2	29594	A	G	34729	5434	37	4	0	34	0.000115158	34735	1	FALSE	NA	NA	NA	NA	NA	NA
NC_045512.2	29594	A	C	34729	5434	37	2	2	34	5.75788e-05	34735	1	FALSE	NA	NA	NA	NA	NA	NA
NC_045512.2	29595	T	G	34750	5462	37	1	0	34	2.87753e-05	34752	1	FALSE	NA	NA	NA	NA	NA	NA
NC_045512.2	29595	T	C	34750	5462	37	1	0	34	2.87753e-05	34752	1	FALSE	NA	NA	NA	NA	NA	NA
NC_045512.2	29596	A	G	35721	7351	38	6	0	34	0.00016794	35727	1	FALSE	NA	NA	NA	NA	NA	NA
NC_045512.2	29597	T	C	32881	6861	39	3594	626	38	0.0985332	36475	0	TRUE	NA	NA	NA	NA	NA	NA
NC_045512.2	29598	A	G	36583	8583	40	4	0	32	0.000109328	36587	1	FALSE	NA	NA	NA	NA	NA	NA
NC_045512.2	29599	T	G	36682	8645	40	11	1	36	0.000299719	36701	0.999951	FALSE	NA	NA	NA	NA	NA	NA
NC_045512.2	29599	T	C	36682	8645	40	5	1	34	0.000136236	36701	1	FALSE	NA	NA	NA	NA	NA	NA
NC_045512.2	29599	T	A	36682	8645	40	3	1	34	8.17416e-05	36701	1	FALSE	NA	NA	NA	NA	NA	NA
NC_045512.2	29600	A	T	36875	8601	40	1	0	26	2.71135e-05	36882	1	FALSE	NA	NA	NA	NA	NA	NA
NC_045512.2	29600	A	G	36875	8601	40	3	1	56	8.13405e-05	36882	0.12498	FALSE	NA	NA	NA	NA	NA	NA
NC_045512.2	29600	A	C	36875	8601	40	3	0	34	8.13405e-05	36882	1	FALSE	NA	NA	NA	NA	NA	NA
NC_045512.2	29601	G	A	39376	8805	39	1	0	34	2.53955e-05	39377	1	FALSE	NA	NA	NA	NA	NA	NA
NC_045512.2	29602	T	C	37264	8935	39	4	1	34	0.000107328	37269	1	FALSE	NA	NA	NA	NA	NA	NA
NC_045512.2	29602	T	A	37264	8935	39	1	0	26	2.6832e-05	37269	1	FALSE	NA	NA	NA	NA	NA	NA
NC_045512.2	29604	T	G	37774	9992	40	1	0	34	2.64697e-05	37779	1	FALSE	NA	NA	NA	NA	NA	NA
NC_045512.2	29604	T	C	37774	9992	40	3	1	34	7.94092e-05	37779	1	FALSE	NA	NA	NA	NA	NA	NA
NC_045512.2	29604	T	A	37774	9992	40	1	0	34	2.64697e-05	37779	1	FALSE	NA	NA	NA	NA	NA	NA
NC_045512.2	29604	T	-AC	37774	9992	40	4	0	20	0.000105879	37779	1	FALSE	NA	NA	NA	NA	NA	NA
NC_045512.2	29605	A	T	37489	9758	40	1	1	34	2.66709e-05	37494	1	FALSE	NA	NA	NA	NA	NA	NA
NC_045512.2	29605	A	G	37489	9758	40	2	0	30	5.33419e-05	37494	1	FALSE	NA	NA	NA	NA	NA	NA
NC_045512.2	29605	A	C	37489	9758	40	2	2	34	5.33419e-05	37494	1	FALSE	NA	NA	NA	NA	NA	NA
NC_045512.2	29606	C	G	37760	9931	40	7	0	31	0.000185347	37767	1	FALSE	NA	NA	NA	NA	NA	NA
NC_045512.2	29607	T	C	37724	9820	39	5	3	40	0.000132524	37729	0.363288	FALSE	NA	NA	NA	NA	NA	NA
NC_045512.2	29608	C	T	34935	9209	40	2791	757	39	0.073969	37732	0	TRUE	NA	NA	NA	NA	NA	NA
NC_045512.2	29608	C	G	34935	9209	40	5	0	32	0.000132514	37732	1	FALSE	NA	NA	NA	NA	NA	NA
NC_045512.2	29608	C	A	34935	9209	40	1	0	34	2.65027e-05	37732	1	FALSE	NA	NA	NA	NA	NA	NA
NC_045512.2	29609	T	G	37716	9959	40	1	0	34	2.6509e-05	37723	1	FALSE	NA	NA	NA	NA	NA	NA
NC_045512.2	29609	T	C	37716	9959	40	5	1	40	0.000132545	37723	0.36326	FALSE	NA	NA	NA	NA	NA	NA
NC_045512.2	29609	T	A	37716	9959	40	1	0	34	2.6509e-05	37723	1	FALSE	NA	NA	NA	NA	NA	NA
NC_045512.2	29609	T	+C	37716	9959	40	1	0	20	2.6509e-05	37723	1	FALSE	NA	NA	NA	NA	NA	NA
NC_045512.2	29610	T	C	37121	9463	40	2	0	34	5.3875e-05	37123	1	FALSE	NA	NA	NA	NA	NA	NA
NC_045512.2	29611	G	T	37221	9462	40	1	0	26	2.68629e-05	37226	1	FALSE	NA	NA	NA	NA	NA	NA
NC_045512.2	29611	G	A	37221	9462	40	4	1	32	0.000107452	37226	1	FALSE	NA	NA	NA	NA	NA	NA
NC_045512.2	29612	T	G	35579	9720	39	5	0	29	0.000140509	35585	1	FALSE	NA	NA	NA	NA	NA	NA
NC_045512.2	29612	T	C	35579	9720	39	1	0	68	2.81017e-05	35585	0.499972	FALSE	NA	NA	NA	NA	NA	NA
NC_045512.2	29614	C	T	35398	9961	39	7	7	34	0.000197712	35405	0.999999	FALSE	NA	NA	NA	NA	NA	NA
NC_045512.2	29615	A	G	35286	9739	39	2	0	47	5.66749e-05	35289	0.812509	FALSE	NA	NA	NA	NA	NA	NA
NC_045512.2	29615	A	C	35286	9739	39	1	1	26	2.83374e-05	35289	1	FALSE	NA	NA	NA	NA	NA	NA
NC_045512.2	29616	G	A	35612	9734	39	6	2	43	0.000168454	35618	0.253906	FALSE	NA	NA	NA	NA	NA	NA
NC_045512.2	29617	A	T	35127	10272	39	1	1	34	2.84576e-05	35140	1	FALSE	NA	NA	NA	NA	NA	NA
NC_045512.2	29617	A	G	35127	10272	39	10	0	34	0.000284576	35140	0.999967	FALSE	NA	NA	NA	NA	NA	NA
NC_045512.2	29617	A	C	35127	10272	39	2	2	27	5.69152e-05	35140	1	FALSE	NA	NA	NA	NA	NA	NA
NC_045512.2	29618	A	G	34725	10415	39	2	2	47	5.75904e-05	34728	0.812509	FALSE	NA	NA	NA	NA	NA	NA
NC_045512.2	29618	A	C	34725	10415	39	1	0	34	2.87952e-05	34728	1	FALSE	NA	NA	NA	NA	NA	NA
NC_045512.2	29619	T	G	34501	10333	39	1	0	34	2.89763e-05	34511	1	FALSE	NA	NA	NA	NA	NA	NA
NC_045512.2	29619	T	C	34501	10333	39	9	8	38	0.000260786	34511	0.999979	FALSE	NA	NA	NA	NA	NA	NA
NC_045512.2	29620	G	C	34713	10456	39	1	0	34	2.88068e-05	34714	1	FALSE	NA	NA	NA	NA	NA	NA
NC_045512.2	29621	A	G	34420	10470	39	5	0	34	0.000145243	34425	1	FALSE	NA	NA	NA	NA	NA	NA
NC_045512.2	29622	A	G	33915	10489	39	2	1	34	5.89675e-05	33917	1	FALSE	NA	NA	NA	NA	NA	NA
NC_045512.2	29623	T	C	33846	10692	39	8	4	38	0.000236295	33856	0.999987	FALSE	NA	NA	NA	NA	NA	NA
NC_045512.2	29623	T	A	33846	10692	39	2	0	34	5.90737e-05	33856	1	FALSE	NA	NA	NA	NA	NA	NA
NC_045512.2	29624	T	C	33298	10385	38	8	5	31	0.00024019	33307	0.999987	FALSE	NA	NA	NA	NA	NA	NA
NC_045512.2	29624	T	A	33298	10385	38	1	0	34	3.00237e-05	33307	1	FALSE	NA	NA	NA	NA	NA	NA
NC_045512.2	29625	C	G	33653	10773	39	1	0	34	2.97141e-05	33654	1	FALSE	NA	NA	NA	NA	NA	NA
NC_045512.2	29626	T	C	33426	10779	38	1	1	34	2.99159e-05	33427	1	FALSE	NA	NA	NA	NA	NA	NA
NC_045512.2	29627	C	T	31320	11408	38	3	1	34	9.57763e-05	31323	1	FALSE	NA	NA	NA	NA	NA	NA
NC_045512.2	29628	G	T	31306	11420	38	1	1	34	3.19397e-05	31309	1	FALSE	NA	NA	NA	NA	NA	NA
NC_045512.2	29628	G	A	31306	11420	38	2	0	30	6.38794e-05	31309	1	FALSE	NA	NA	NA	NA	NA	NA
NC_045512.2	29629	T	C	31270	11602	38	1	0	34	3.19785e-05	31271	1	FALSE	NA	NA	NA	NA	NA	NA
NC_045512.2	29631	A	T	31512	11629	38	1	1	34	3.17289e-05	31517	1	FALSE	NA	NA	NA	NA	NA	NA
NC_045512.2	29631	A	G	31512	11629	38	3	0	45	9.51867e-05	31517	0.656243	FALSE	NA	NA	NA	NA	NA	NA
NC_045512.2	29631	A	C	31512	11629	38	1	0	34	3.17289e-05	31517	1	FALSE	NA	NA	NA	NA	NA	NA
NC_045512.2	29633	T	G	30065	12079	38	1	0	34	3.32557e-05	30070	1	FALSE	NA	NA	NA	NA	NA	NA
NC_045512.2	29633	T	C	30065	12079	38	4	1	34	0.000133023	30070	1	FALSE	NA	NA	NA	NA	NA	NA
NC_045512.2	29634	A	T	30615	12165	38	1	0	34	3.26541e-05	30624	1	FALSE	NA	NA	NA	NA	NA	NA
NC_045512.2	29634	A	G	30615	12165	38	2	0	34	6.53083e-05	30624	1	FALSE	NA	NA	NA	NA	NA	NA
NC_045512.2	29634	A	C	30615	12165	38	6	6	31	0.000195925	30624	0.999994	FALSE	NA	NA	NA	NA	NA	NA
NC_045512.2	29635	C	T	29906	12293	38	2	0	34	6.68717e-05	29908	1	FALSE	NA	NA	NA	NA	NA	NA
NC_045512.2	29636	A	G	30028	12525	38	2	0	53	6.66001e-05	30030	0.250004	FALSE	NA	NA	NA	NA	NA	NA
NC_045512.2	29637	T	C	29941	12441	38	5	3	34	0.000166967	29946	0.999997	FALSE	NA	NA	NA	NA	NA	NA
NC_045512.2	29638	A	G	29447	12265	38	1	1	34	3.39582e-05	29448	1	FALSE	NA	NA	NA	NA	NA	NA
NC_045512.2	29639	G	T	29847	12233	38	4	1	42	0.00013399	29853	0.343726	FALSE	NA	NA	NA	NA	NA	NA
NC_045512.2	29639	G	A	29847	12233	38	2	2	34	6.69949e-05	29853	1	FALSE	NA	NA	NA	NA	NA	NA
NC_045512.2	29641	A	G	30693	13446	38	5	1	40	0.000162877	30698	0.36329	FALSE	NA	NA	NA	NA	NA	NA
NC_045512.2	29642	C	A	30597	13503	38	1	1	34	3.26819e-05	30598	1	FALSE	NA	NA	NA	NA	NA	NA
NC_045512.2	29643	A	T	30979	14132	39	3	1	34	9.6821e-05	30985	1	FALSE	NA	NA	NA	NA	NA	NA
NC_045512.2	29643	A	G	30979	14132	39	3	1	34	9.6821e-05	30985	1	FALSE	NA	NA	NA	NA	NA	NA
NC_045512.2	29644	A	T	31315	14273	39	1	1	34	3.19275e-05	31321	1	FALSE	NA	NA	NA	NA	NA	NA
NC_045512.2	29644	A	G	31315	14273	39	5	0	34	0.000159637	31321	0.999999	FALSE	NA	NA	NA	NA	NA	NA
NC_045512.2	29645	G	A	31346	14275	38	3	0	51	9.56968e-05	31349	0.125	FALSE	NA	NA	NA	NA	NA	NA
NC_045512.2	29646	T	C	31241	14490	38	5	2	34	0.00016002	31246	0.999999	FALSE	NA	NA	NA	NA	NA	NA
NC_045512.2	29647	A	G	31024	14452	38	1	1	34	3.22321e-05	31025	1	FALSE	NA	NA	NA	NA	NA	NA
NC_045512.2	29649	A	T	30000	15451	38	1	1	34	3.33289e-05	30004	1	FALSE	NA	NA	NA	NA	NA	NA
NC_045512.2	29649	A	G	30000	15451	38	3	2	45	9.99867e-05	30004	0.656258	FALSE	NA	NA	NA	NA	NA	NA
NC_045512.2	29650	T	C	30592	15506	38	1	1	34	3.26872e-05	30593	1	FALSE	NA	NA	NA	NA	NA	NA
NC_045512.2	29651	G	T	30399	15332	38	1	0	34	3.28893e-05	30405	1	FALSE	NA	NA	NA	NA	NA	NA
NC_045512.2	29651	G	A	30399	15332	38	5	5	34	0.000164447	30405	0.999998	FALSE	NA	NA	NA	NA	NA	NA
NC_045512.2	29652	T	G	30455	15375	38	8	4	51	0.000262545	30471	0.00390087	TRUE	NA	NA	NA	NA	NA	NA
NC_045512.2	29652	T	C	30455	15375	38	6	4	32	0.000196909	30471	0.999994	FALSE	NA	NA	NA	NA	NA	NA
NC_045512.2	29652	T	A	30455	15375	38	2	0	34	6.56362e-05	30471	1	FALSE	NA	NA	NA	NA	NA	NA
NC_045512.2	29653	A	G	29648	15201	38	2	0	34	6.74514e-05	29651	1	FALSE	NA	NA	NA	NA	NA	NA
NC_045512.2	29653	A	C	29648	15201	38	1	1	27	3.37257e-05	29651	1	FALSE	NA	NA	NA	NA	NA	NA
NC_045512.2	29654	G	C	30637	15197	38	2	2	34	6.52763e-05	30639	1	FALSE	NA	NA	NA	NA	NA	NA
NC_045512.2	29654	G	-T	30637	15197	38	1	0	20	3.26381e-05	30639	1	FALSE	NA	NA	NA	NA	NA	NA
NC_045512.2	29655	T	G	30089	14881	37	1	1	34	3.32303e-05	30093	1	FALSE	NA	NA	NA	NA	NA	NA
NC_045512.2	29655	T	C	30089	14881	37	3	2	56	9.9691e-05	30093	0.124988	FALSE	NA	NA	NA	NA	NA	NA
NC_045512.2	29656	T	C	30369	15256	38	3	0	34	9.87752e-05	30372	1	FALSE	NA	NA	NA	NA	NA	NA
NC_045512.2	29657	A	T	29818	14762	37	1	1	34	3.35357e-05	29819	1	FALSE	NA	NA	NA	NA	NA	NA
NC_045512.2	29658	A	G	29617	15067	37	1	0	34	3.37633e-05	29618	1	FALSE	NA	NA	NA	NA	NA	NA
NC_045512.2	29659	C	T	29863	15279	38	2	1	34	6.69613e-05	29868	1	FALSE	NA	NA	NA	NA	NA	NA
NC_045512.2	29659	C	A	29863	15279	38	3	2	31	0.000100442	29868	1	FALSE	NA	NA	NA	NA	NA	NA
NC_045512.2	29660	T	C	29777	15207	38	2	1	34	6.71614e-05	29779	1	FALSE	NA	NA	NA	NA	NA	NA
NC_045512.2	29661	T	C	29783	15242	38	1	1	26	3.35751e-05	29784	1	FALSE	NA	NA	NA	NA	NA	NA
NC_045512.2	29662	T	C	29534	15221	38	1	1	34	3.38581e-05	29535	1	FALSE	NA	NA	NA	NA	NA	NA
NC_045512.2	29663	A	G	29725	15424	38	1	1	34	3.36406e-05	29726	1	FALSE	NA	NA	NA	NA	NA	NA
NC_045512.2	29664	A	G	29577	15432	38	3	2	35	0.000101406	29584	1	FALSE	NA	NA	NA	NA	NA	NA
NC_045512.2	29664	A	C	29577	15432	38	4	4	30	0.000135208	29584	0.999999	FALSE	NA	NA	NA	NA	NA	NA
NC_045512.2	29665	T	C	29763	15500	38	2	1	34	6.7193e-05	29765	1	FALSE	NA	NA	NA	NA	NA	NA
NC_045512.2	29666	C	T	28570	15994	37	1	0	34	3.49993e-05	28572	1	FALSE	NA	NA	NA	NA	NA	NA
NC_045512.2	29666	C	G	28570	15994	37	1	1	34	3.49993e-05	28572	1	FALSE	NA	NA	NA	NA	NA	NA
NC_045512.2	29667	T	C	28469	15840	37	2	0	29	7.02469e-05	28471	1	FALSE	NA	NA	NA	NA	NA	NA
NC_045512.2	29668	C	T	29270	16826	38	2	2	34	6.83247e-05	29272	1	FALSE	NA	NA	NA	NA	NA	NA
NC_045512.2	29669	A	G	29427	17055	38	1	0	34	3.39812e-05	29428	1	FALSE	NA	NA	NA	NA	NA	NA
NC_045512.2	29671	A	G	29759	17441	38	4	1	34	0.000134386	29765	0.999999	FALSE	NA	NA	NA	NA	NA	NA
NC_045512.2	29671	A	C	29759	17441	38	2	2	34	6.7193e-05	29765	1	FALSE	NA	NA	NA	NA	NA	NA
NC_045512.2	29673	A	T	31143	19199	38	2	0	34	6.42034e-05	31151	1	FALSE	NA	NA	NA	NA	NA	NA
NC_045512.2	29673	A	G	31143	19199	38	5	1	28	0.000160508	31151	1	FALSE	NA	NA	NA	NA	NA	NA
NC_045512.2	29673	A	C	31143	19199	38	1	1	34	3.21017e-05	31151	1	FALSE	NA	NA	NA	NA	NA	NA
NC_045512.2	29674	G	A	31121	19134	38	7	5	47	0.000224878	31128	0.171868	FALSE	NA	NA	NA	NA	NA	NA
NC_045512.2	29675	C	T	31240	19301	38	3	3	34	9.60215e-05	31243	1	FALSE	NA	NA	NA	NA	NA	NA
NC_045512.2	29677	A	G	32364	20523	39	2	1	29	6.17913e-05	32367	1	FALSE	NA	NA	NA	NA	NA	NA
NC_045512.2	29677	A	C	32364	20523	39	1	1	34	3.08957e-05	32367	1	FALSE	NA	NA	NA	NA	NA	NA
NC_045512.2	29678	T	C	32593	20373	38	1	1	34	3.06805e-05	32594	1	FALSE	NA	NA	NA	NA	NA	NA
NC_045512.2	29680	T	C	32905	20706	39	2	2	30	6.07773e-05	32907	1	FALSE	NA	NA	NA	NA	NA	NA
NC_045512.2	29681	T	G	32693	20519	38	2	2	34	6.11658e-05	32698	1	FALSE	NA	NA	NA	NA	NA	NA
NC_045512.2	29681	T	C	32693	20519	38	3	2	39	9.17487e-05	32698	1	FALSE	NA	NA	NA	NA	NA	NA
NC_045512.2	29682	T	G	35259	23727	39	1	1	34	2.83591e-05	35262	1	FALSE	NA	NA	NA	NA	NA	NA
NC_045512.2	29682	T	C	35259	23727	39	2	1	34	5.67183e-05	35262	1	FALSE	NA	NA	NA	NA	NA	NA
NC_045512.2	29683	A	T	35229	23650	39	1	1	34	2.83809e-05	35235	1	FALSE	NA	NA	NA	NA	NA	NA
NC_045512.2	29683	A	G	35229	23650	39	5	1	40	0.000141904	35235	0.363273	FALSE	NA	NA	NA	NA	NA	NA
NC_045512.2	29684	A	T	35272	23654	39	2	1	30	5.66974e-05	35275	1	FALSE	NA	NA	NA	NA	NA	NA
NC_045512.2	29684	A	G	35272	23654	39	1	0	34	2.83487e-05	35275	1	FALSE	NA	NA	NA	NA	NA	NA
NC_045512.2	29685	T	C	35417	23797	39	5	2	45	0.000141155	35422	0.363289	FALSE	NA	NA	NA	NA	NA	NA
NC_045512.2	29686	C	T	35269	23695	39	1	0	68	2.83527e-05	35270	0.500007	FALSE	NA	NA	NA	NA	NA	NA
NC_045512.2	29687	A	G	34060	22519	39	2	1	51	5.87165e-05	34062	0.250004	FALSE	NA	NA	NA	NA	NA	NA
NC_045512.2	29688	G	T	31674	20767	40	2	0	34	5.78152e-05	34593	1	FALSE	NA	NA	NA	NA	NA	NA
NC_045512.2	29688	G	C	31674	20767	40	2917	1900	39	0.0843234	34593	0	TRUE	NA	NA	NA	NA	NA	NA
NC_045512.2	29689	T	C	34421	22498	39	4	4	34	0.000116185	34428	1	FALSE	NA	NA	NA	NA	NA	NA
NC_045512.2	29689	T	A	34421	22498	39	3	2	28	8.71384e-05	34428	1	FALSE	NA	NA	NA	NA	NA	NA
NC_045512.2	29690	G	A	34816	22622	40	3	3	45	8.61599e-05	34819	0.65627	FALSE	NA	NA	NA	NA	NA	NA
NC_045512.2	29691	T	C	35092	22970	40	5	2	40	0.000142462	35097	0.363289	FALSE	NA	NA	NA	NA	NA	NA
NC_045512.2	29692	G	C	34948	23163	39	2	2	30	5.72181e-05	34954	1	FALSE	NA	NA	NA	NA	NA	NA
NC_045512.2	29692	G	A	34948	23163	39	4	0	34	0.000114436	34954	1	FALSE	NA	NA	NA	NA	NA	NA
NC_045512.2	29693	T	C	34304	23142	39	1	1	34	2.91469e-05	34309	1	FALSE	NA	NA	NA	NA	NA	NA
NC_045512.2	29693	T	A	34304	23142	39	4	2	32	0.000116587	34309	1	FALSE	NA	NA	NA	NA	NA	NA
NC_045512.2	29694	A	T	34105	23255	39	2	1	30	5.86356e-05	34109	1	FALSE	NA	NA	NA	NA	NA	NA
NC_045512.2	29694	A	G	34105	23255	39	2	2	34	5.86356e-05	34109	1	FALSE	NA	NA	NA	NA	NA	NA
NC_045512.2	29695	A	T	34116	23515	39	1	1	34	2.93075e-05	34121	1	FALSE	NA	NA	NA	NA	NA	NA
NC_045512.2	29695	A	G	34116	23515	39	4	3	34	0.00011723	34121	1	FALSE	NA	NA	NA	NA	NA	NA
NC_045512.2	29696	C	T	33670	23737	38	2	2	34	5.93948e-05	33673	1	FALSE	NA	NA	NA	NA	NA	NA
NC_045512.2	29696	C	A	33670	23737	38	1	1	34	2.96974e-05	33673	1	FALSE	NA	NA	NA	NA	NA	NA
NC_045512.2	29697	A	T	30508	20914	38	1	1	34	3.27751e-05	30511	1	FALSE	NA	NA	NA	NA	NA	NA
NC_045512.2	29697	A	G	30508	20914	38	2	2	34	6.55501e-05	30511	1	FALSE	NA	NA	NA	NA	NA	NA
NC_045512.2	29697	A	-T	30508	20914	38	2	0	20	6.55501e-05	30511	1	FALSE	NA	NA	NA	NA	NA	NA
NC_045512.2	29698	T	C	30478	20749	39	2	2	30	6.56146e-05	30481	1	FALSE	NA	NA	NA	NA	NA	NA
NC_045512.2	29698	T	A	30478	20749	39	1	1	34	3.28073e-05	30481	1	FALSE	NA	NA	NA	NA	NA	NA
NC_045512.2	29699	T	C	28926	19296	39	3	3	45	0.000103702	28929	0.500016	FALSE	NA	NA	NA	NA	NA	NA
NC_045512.2	29700	A	T	28823	19290	39	3	0	45	0.000104055	28831	0.499935	FALSE	NA	NA	NA	NA	NA	NA
NC_045512.2	29700	A	G	28823	19290	39	5	3	61	0.000173424	28831	0.0312392	FALSE	NA	NA	NA	NA	NA	NA
NC_045512.2	29700	A	-G	28823	19290	39	1	0	20	3.46849e-05	28831	1	FALSE	NA	NA	NA	NA	NA	NA
NC_045512.2	29701	G	T	28659	19371	39	4	3	34	0.000139543	28665	0.999999	FALSE	NA	NA	NA	NA	NA	NA
NC_045512.2	29701	G	A	28659	19371	39	2	2	34	6.97715e-05	28665	1	FALSE	NA	NA	NA	NA	NA	NA
NC_045512.2	29702	G	A	27294	20028	38	2	2	34	7.32708e-05	27296	1	FALSE	NA	NA	NA	NA	NA	NA
NC_045512.2	29703	G	C	27640	20410	38	3	3	31	0.000108527	27643	1	FALSE	NA	NA	NA	NA	NA	NA
NC_045512.2	29704	A	T	26129	19143	38	5	5	34	0.000191278	26140	0.999983	FALSE	NA	NA	NA	NA	NA	NA
NC_045512.2	29704	A	G	26129	19143	38	6	4	45	0.000229533	26140	0.144462	FALSE	NA	NA	NA	NA	NA	NA
NC_045512.2	29705	G	T	25789	18745	38	1	1	34	3.87747e-05	25790	1	FALSE	NA	NA	NA	NA	NA	NA
NC_045512.2	29707	A	G	27152	20737	38	1	0	68	3.68283e-05	27153	0.500009	FALSE	NA	NA	NA	NA	NA	NA
NC_045512.2	29708	C	T	27121	20823	38	1	0	34	3.68691e-05	27123	1	FALSE	NA	NA	NA	NA	NA	NA
NC_045512.2	29708	C	G	27121	20823	38	1	0	34	3.68691e-05	27123	1	FALSE	NA	NA	NA	NA	NA	NA
NC_045512.2	29708	C	-T	27121	20823	38	1	0	20	3.68691e-05	27123	1	FALSE	NA	NA	NA	NA	NA	NA
NC_045512.2	29709	T	C	26637	20320	37	8	6	42	0.000300244	26645	0.054671	FALSE	NA	NA	NA	NA	NA	NA
NC_045512.2	29710	T	C	31676	26127	39	10	9	34	0.000315597	31686	0.999786	FALSE	NA	NA	NA	NA	NA	NA
NC_045512.2	29711	G	A	31730	26176	39	1	1	34	3.15149e-05	31731	1	FALSE	NA	NA	NA	NA	NA	NA
NC_045512.2	29711	G	-A	31730	26176	39	1	0	20	3.15149e-05	31731	1	FALSE	NA	NA	NA	NA	NA	NA
NC_045512.2	29712	A	T	34211	29127	39	1	1	34	2.92261e-05	34216	1	FALSE	NA	NA	NA	NA	NA	NA
NC_045512.2	29712	A	G	34211	29127	39	4	4	32	0.000116904	34216	1	FALSE	NA	NA	NA	NA	NA	NA
NC_045512.2	29713	A	G	34198	29119	39	4	4	34	0.000116952	34202	1	FALSE	NA	NA	NA	NA	NA	NA
NC_045512.2	29714	A	C	33930	28861	39	1	0	34	2.94716e-05	33931	1	FALSE	NA	NA	NA	NA	NA	NA
NC_045512.2	29715	G	A	33729	28681	39	8	4	34	0.000237128	33737	0.999987	FALSE	NA	NA	NA	NA	NA	NA
NC_045512.2	29717	G	A	32089	27282	39	2	1	34	6.23228e-05	32091	1	FALSE	NA	NA	NA	NA	NA	NA
NC_045512.2	29718	C	T	33036	28278	39	6	0	34	0.000181576	33044	0.999999	FALSE	NA	NA	NA	NA	NA	NA
NC_045512.2	29718	C	A	33036	28278	39	2	2	30	6.05254e-05	33044	1	FALSE	NA	NA	NA	NA	NA	NA
NC_045512.2	29719	C	T	33044	28278	39	1	1	34	3.02618e-05	33045	1	FALSE	NA	NA	NA	NA	NA	NA
NC_045512.2	29720	A	T	32943	28159	39	1	1	34	3.03499e-05	32949	1	FALSE	NA	NA	NA	NA	NA	NA
NC_045512.2	29720	A	G	32943	28159	39	4	3	34	0.0001214	32949	1	FALSE	NA	NA	NA	NA	NA	NA
NC_045512.2	29720	A	C	32943	28159	39	1	1	26	3.03499e-05	32949	1	FALSE	NA	NA	NA	NA	NA	NA
NC_045512.2	29721	C	T	32895	28198	39	1	1	46	3.03988e-05	32896	0.937509	FALSE	NA	NA	NA	NA	NA	NA
NC_045512.2	29722	C	A	32923	28246	39	2	2	34	6.07441e-05	32925	1	FALSE	NA	NA	NA	NA	NA	NA
NC_045512.2	29723	A	G	32838	28155	39	9	6	37	0.000273998	32847	0.999944	FALSE	NA	NA	NA	NA	NA	NA
NC_045512.2	29724	C	T	32866	28186	39	1	1	34	3.04257e-05	32867	1	FALSE	NA	NA	NA	NA	NA	NA
NC_045512.2	29725	A	G	32719	28040	39	2	2	47	6.11228e-05	32721	0.812519	FALSE	NA	NA	NA	NA	NA	NA
NC_045512.2	29725	A	-T	32719	28040	39	5	0	20	0.000152807	32721	1	FALSE	NA	NA	NA	NA	NA	NA
NC_045512.2	29726	T	C	32559	27954	39	3	2	42	9.21291e-05	32563	0.656185	FALSE	NA	NA	NA	NA	NA	NA
NC_045512.2	29726	T	A	32559	27954	39	1	1	34	3.07097e-05	32563	1	FALSE	NA	NA	NA	NA	NA	NA
NC_045512.2	29727	T	C	32572	27978	39	3	3	34	9.20952e-05	32575	1	FALSE	NA	NA	NA	NA	NA	NA
NC_045512.2	29728	T	C	32383	27849	39	1	1	34	3.08785e-05	32385	1	FALSE	NA	NA	NA	NA	NA	NA
NC_045512.2	29728	T	A	32383	27849	39	1	1	34	3.08785e-05	32385	1	FALSE	NA	NA	NA	NA	NA	NA
NC_045512.2	29729	T	C	32298	27797	39	1	1	34	3.09607e-05	32299	1	FALSE	NA	NA	NA	NA	NA	NA
NC_045512.2	29730	C	A	32142	27967	39	1	1	34	3.1111e-05	32143	1	FALSE	NA	NA	NA	NA	NA	NA
NC_045512.2	29731	A	G	32040	27863	39	2	2	34	6.24181e-05	32042	1	FALSE	NA	NA	NA	NA	NA	NA
NC_045512.2	29732	C	-CGAGGCCACGCGGAGTACGATCGAGTG	31994	27978	38	2	0	20	6.25117e-05	31994	1	FALSE	NA	NA	NA	NA	NA	NA
NC_045512.2	29732	C	-CGAGGCCACGCGGAGTACGATCGAGT	31994	27978	38	1473	0	20	0.0460399	31994	2.67382e-170	TRUE	NA	NA	NA	NA	NA	NA
NC_045512.2	29733	C	T	29005	25743	38	3	3	34	0.00010342	29008	1	FALSE	NA	NA	NA	NA	NA	NA
NC_045512.2	29733	C	-GAGGCCACGCGGAGTACGATCGAGTGTACAG	29005	25743	38	2	0	20	6.54857e-05	30541	1	FALSE	NA	NA	NA	NA	NA	NA
NC_045512.2	29733	C	-GAGGCCACGCGGAGTACGATCGAGTG	29005	25743	38	22750	0	20	0.7449	30541	0	TRUE	NA	NA	NA	NA	NA	NA
NC_045512.2	29734	G	T	0	0	0	130	110	34	1	130	0	TRUE	NA	NA	NA	NA	NA	NA
NC_045512.2	29759	G	T	0	0	0	1532	1338	35	1	1532	0	TRUE	NA	NA	NA	NA	NA	NA
NC_045512.2	29760	T	+C	25176	23518	36	1	0	20	3.97172e-05	25178	1	FALSE	NA	NA	NA	NA	NA	NA
NC_045512.2	29762	C	T	25148	23486	36	1	1	34	3.97599e-05	25151	1	FALSE	NA	NA	NA	NA	NA	NA
NC_045512.2	29762	C	A	25148	23486	36	2	1	34	7.95197e-05	25151	1	FALSE	NA	NA	NA	NA	NA	NA
NC_045512.2	29764	G	+TTTTT	25183	23524	36	2	0	20	7.94123e-05	25185	1	FALSE	NA	NA	NA	NA	NA	NA
NC_045512.2	29765	T	C	24342	22682	35	2	2	34	8.21558e-05	24344	1	FALSE	NA	NA	NA	NA	NA	NA
NC_045512.2	29766	G	A	25182	23519	36	1	1	34	3.97093e-05	25183	1	FALSE	NA	NA	NA	NA	NA	NA
NC_045512.2	29767	A	G	25140	23479	36	1	1	34	3.97757e-05	25141	1	FALSE	NA	NA	NA	NA	NA	NA
NC_045512.2	29768	A	T	25040	23421	36	1	1	34	3.99297e-05	25044	1	FALSE	NA	NA	NA	NA	NA	NA
NC_045512.2	29768	A	G	25040	23421	36	3	2	34	0.000119789	25044	0.999998	FALSE	NA	NA	NA	NA	NA	NA
NC_045512.2	29769	C	T	25158	23496	36	2	2	51	7.94881e-05	25161	0.249995	FALSE	NA	NA	NA	NA	NA	NA
NC_045512.2	29769	C	G	25158	23496	36	1	1	34	3.9744e-05	25161	1	FALSE	NA	NA	NA	NA	NA	NA
NC_045512.2	29770	A	G	25130	23468	36	1	0	68	3.97915e-05	25131	0.50001	FALSE	NA	NA	NA	NA	NA	NA
NC_045512.2	29771	A	G	25146	23486	36	1	1	34	3.97599e-05	25151	1	FALSE	NA	NA	NA	NA	NA	NA
NC_045512.2	29771	A	C	25146	23486	36	4	4	34	0.000159039	25151	0.999992	FALSE	NA	NA	NA	NA	NA	NA
NC_045512.2	29772	T	C	25216	23556	36	1	1	34	3.96558e-05	25217	1	FALSE	NA	NA	NA	NA	NA	NA
NC_045512.2	29773	G	A	25142	23483	36	1	1	68	3.97725e-05	25143	0.50001	FALSE	NA	NA	NA	NA	NA	NA
NC_045512.2	29774	C	T	25154	23499	36	4	4	34	0.000158989	25159	0.999992	FALSE	NA	NA	NA	NA	NA	NA
NC_045512.2	29774	C	G	25154	23499	36	1	1	34	3.97472e-05	25159	1	FALSE	NA	NA	NA	NA	NA	NA
NC_045512.2	29776	A	T	25151	23496	36	1	1	34	3.9744e-05	25161	1	FALSE	NA	NA	NA	NA	NA	NA
NC_045512.2	29776	A	G	25151	23496	36	9	4	34	0.000357696	25161	0.998537	FALSE	NA	NA	NA	NA	NA	NA
NC_045512.2	29778	G	T	25124	23465	36	11	11	33	0.00043755	25140	0.994341	FALSE	NA	NA	NA	NA	NA	NA
NC_045512.2	29778	G	C	25124	23465	36	1	1	34	3.97772e-05	25140	1	FALSE	NA	NA	NA	NA	NA	NA
NC_045512.2	29778	G	A	25124	23465	36	4	4	34	0.000159109	25140	0.999992	FALSE	NA	NA	NA	NA	NA	NA
NC_045512.2	29780	A	G	25144	23487	36	5	4	47	0.000198815	25149	0.226562	FALSE	NA	NA	NA	NA	NA	NA
NC_045512.2	29781	G	C	25144	23519	36	1	1	34	3.97693e-05	25145	1	FALSE	NA	NA	NA	NA	NA	NA
NC_045512.2	29782	A	G	25062	23492	36	3	3	34	0.000119689	25065	0.999998	FALSE	NA	NA	NA	NA	NA	NA
NC_045512.2	29783	G	C	25101	23494	36	2	2	34	7.96622e-05	25106	1	FALSE	NA	NA	NA	NA	NA	NA
NC_045512.2	29783	G	A	25101	23494	36	3	3	34	0.000119493	25106	0.999998	FALSE	NA	NA	NA	NA	NA	NA
NC_045512.2	29785	T	C	25095	23506	36	2	2	34	7.96908e-05	25097	1	FALSE	NA	NA	NA	NA	NA	NA
NC_045512.2	29786	G	C	25052	23464	36	2	2	34	7.9818e-05	25057	1	FALSE	NA	NA	NA	NA	NA	NA
NC_045512.2	29786	G	A	25052	23464	36	3	1	68	0.000119727	25057	0.124985	FALSE	NA	NA	NA	NA	NA	NA
NC_045512.2	29787	C	T	24892	23307	36	2	2	34	8.03374e-05	24895	1	FALSE	NA	NA	NA	NA	NA	NA
NC_045512.2	29787	C	A	24892	23307	36	1	1	34	4.01687e-05	24895	1	FALSE	NA	NA	NA	NA	NA	NA
NC_045512.2	29788	C	T	24906	23321	36	1	1	34	4.01494e-05	24907	1	FALSE	NA	NA	NA	NA	NA	NA
NC_045512.2	29791	T	C	24333	22775	36	2	2	34	8.21862e-05	24335	1	FALSE	NA	NA	NA	NA	NA	NA
NC_045512.2	29792	A	G	24397	22844	36	1	1	26	4.09853e-05	24399	1	FALSE	NA	NA	NA	NA	NA	NA
NC_045512.2	29792	A	C	24397	22844	36	1	1	34	4.09853e-05	24399	1	FALSE	NA	NA	NA	NA	NA	NA
NC_045512.2	29793	T	C	24179	22639	36	2	2	34	8.27096e-05	24181	1	FALSE	NA	NA	NA	NA	NA	NA
NC_045512.2	29794	G	T	24124	22603	36	3	3	34	0.000124332	24129	0.999997	FALSE	NA	NA	NA	NA	NA	NA
NC_045512.2	29794	G	A	24124	22603	36	2	2	30	8.28878e-05	24129	1	FALSE	NA	NA	NA	NA	NA	NA
NC_045512.2	29795	G	T	22711	21242	36	1	1	46	4.40296e-05	22712	0.875017	FALSE	NA	NA	NA	NA	NA	NA
NC_045512.2	29796	A	G	22427	20962	36	1	1	26	4.45871e-05	22428	1	FALSE	NA	NA	NA	NA	NA	NA
NC_045512.2	29797	A	G	21925	20490	36	1	1	34	4.56059e-05	21927	1	FALSE	NA	NA	NA	NA	NA	NA
NC_045512.2	29797	A	C	21925	20490	36	1	1	34	4.56059e-05	21927	1	FALSE	NA	NA	NA	NA	NA	NA
NC_045512.2	29798	G	C	21839	20405	36	1	1	34	4.57875e-05	21840	1	FALSE	NA	NA	NA	NA	NA	NA
NC_045512.2	29799	A	G	19661	18335	36	1	1	26	5.08595e-05	19662	1	FALSE	NA	NA	NA	NA	NA	NA
NC_045512.2	29801	C	T	19551	18246	36	1	1	34	5.11404e-05	19554	0.999999	FALSE	NA	NA	NA	NA	NA	NA
NC_045512.2	29801	C	G	19551	18246	36	2	0	30	0.000102281	19554	0.99999	FALSE	NA	NA	NA	NA	NA	NA
NC_045512.2	29802	C	A	19466	18157	36	2	2	34	0.000102733	19468	0.99999	FALSE	NA	NA	NA	NA	NA	NA
NC_045512.2	29803	C	A	19061	18017	36	3	1	56	0.000157365	19064	0.125	FALSE	NA	NA	NA	NA	NA	NA
NC_045512.2	29804	T	C	17875	16832	36	2	2	34	0.000111876	17877	0.999962	FALSE	NA	NA	NA	NA	NA	NA
NC_045512.2	29805	A	G	17800	16758	36	1	1	34	5.61766e-05	17801	0.999996	FALSE	NA	NA	NA	NA	NA	NA
NC_045512.2	29808	G	A	17503	16483	36	4	4	34	0.00022848	17507	0.999258	FALSE	NA	NA	NA	NA	NA	NA
NC_045512.2	29809	T	C	13772	12842	36	4	2	59	0.00029036	13776	0.0624955	FALSE	NA	NA	NA	NA	NA	NA
NC_045512.2	29809	T	+A	13772	12842	36	1	0	20	7.259e-05	13776	1	FALSE	NA	NA	NA	NA	NA	NA
NC_045512.2	29810	G	C	13737	12808	36	1	1	34	7.27855e-05	13739	0.999939	FALSE	NA	NA	NA	NA	NA	NA
NC_045512.2	29810	G	A	13737	12808	36	1	1	34	7.27855e-05	13739	0.999939	FALSE	NA	NA	NA	NA	NA	NA
NC_045512.2	29811	T	C	13735	12852	36	2	2	34	0.000145592	13737	0.999513	FALSE	NA	NA	NA	NA	NA	NA
NC_045512.2	29811	T	-A	13735	12852	36	1	0	20	7.27961e-05	13737	1	FALSE	NA	NA	NA	NA	NA	NA
NC_045512.2	29812	A	G	13592	12713	36	4	4	34	0.000294183	13597	0.993648	FALSE	NA	NA	NA	NA	NA	NA
NC_045512.2	29812	A	C	13592	12713	36	1	1	34	7.35456e-05	13597	0.999939	FALSE	NA	NA	NA	NA	NA	NA
NC_045512.2	29815	A	G	13372	12800	35	1	1	34	7.47775e-05	13373	0.999939	FALSE	NA	NA	NA	NA	NA	NA
NC_045512.2	29817	T	C	12726	12326	35	1	1	34	7.85731e-05	12727	0.999878	FALSE	NA	NA	NA	NA	NA	NA
NC_045512.2	29818	A	G	12689	12288	35	1	1	34	7.88022e-05	12690	0.999878	FALSE	NA	NA	NA	NA	NA	NA
NC_045512.2	29819	A	G	12690	12298	35	1	1	34	7.8796e-05	12691	0.999878	FALSE	NA	NA	NA	NA	NA	NA
NC_045512.2	29819	A	-T	12690	12298	35	2	0	20	0.000157592	12691	1	FALSE	NA	NA	NA	NA	NA	NA
NC_045512.2	29821	T	C	12705	12312	35	1	1	34	7.8703e-05	12706	0.999878	FALSE	NA	NA	NA	NA	NA	NA
NC_045512.2	29822	T	C	12422	12211	34	2	1	51	0.000160979	12424	0.25001	FALSE	NA	NA	NA	NA	NA	NA
NC_045512.2	29823	T	C	12309	12149	34	1	1	34	8.12348e-05	12310	0.999878	FALSE	NA	NA	NA	NA	NA	NA
